3,2
"((3, 1), (0, 0))",0.0,0.0,0.0,0.0,0.0,0.0,0.0,0.0,0.0,0.0,0.0,0.0,0.0,0.0,0.0,0.0,0.0,0.0,0.0,0.0,0.0,0.0,0.0,0.0,0.0,0.0,0.0,0.0,0.0,0.0,0.0,0.0,0.0,0.0,0.0,0.0,0.0,0.0,0.0,0.0,0.0,0.0,0.0,0.0,0.0,0.0,0.0,0.0,0.0,0.0,0.0,0.0,0.0,0.0,0.0,0.0,0.0,0.0,0.0,0.0,0.0,0.0,0.0,0.0,0.0,0.0,0.0,0.0,0.0,0.0,0.0,0.0,0.0,0.0,0.0,0.0,0.0,0.0,0.0,0.0,0.0,0.0,0.0,0.0,0.0,0.0,0.0,0.0,0.0,0.0,0.0,0.0,0.0,0.0,0.0,0.0,0.0,0.0,0.0,0.0,0.0,0.0,0.0,0.0,0.0,0.0,0.0,0.0,0.0,0.0,0.0,0.0,0.0,0.0,0.0,0.0,0.0,0.0,0.0,0.0,0.0,0.0,0.0,0.0,0.0,0.0,0.0,0.0,0.0,0.0,0.0,0.0,0.0,0.0,0.0,0.0,0.0,0.0,0.0,0.0
"((1, 1), (2, 1))",0.0,0.0,0.0,0.0,0.0,0.0,0.0,0.0,0.0,0.0,0.0,0.0,0.0,0.0,0.0,0.0,0.0,0.0,0.0,0.0,0.0,0.0,0.0,0.0,0.0,0.0,0.0,0.0,0.0,0.0,0.0,0.0,0.0,0.0,0.0,0.0,0.0,0.0,0.0,0.0,0.0,0.0,0.0,0.0,0.0,0.0,0.0,0.0,0.0,0.0,0.0,0.0,0.0,0.0,0.0,0.0,0.0,0.0,0.0,0.0,0.0,0.0,0.0,0.0,0.0,0.0,0.0,0.0,0.0,0.0,0.0,0.0,0.0,0.0,0.0,0.0,0.0,0.0,0.0,0.0,0.0,0.0,0.0,0.0,0.0,0.0,0.0,0.0,0.0,0.0,0.0,0.0,0.0,0.0,0.0,0.0,0.0,0.0,0.0,0.0,0.0,0.0,0.0,0.0,0.0,0.0,0.0,0.0,0.0,0.0,0.0,0.0,0.0,0.0,0.0,0.0,0.0,0.0,0.0,0.0,0.0,0.0,0.0,0.0,0.0,0.0,0.0,0.0,0.0,0.0,0.0,0.0,0.0,0.0,0.0,0.0,0.0,0.0,0.0,0.0,0.0,0.0,0.0,0.0,0.0,0.0,0.0,0.0,0.0,0.0,0.0,0.0,0.0,0.0,0.0,0.0,0.0,0.0,0.0,0.0,0.0,0.0,0.0,0.0,0.0,0.0,0.0,0.0,0.0,0.0,0.0,0.0,0.0,0.0,0.0,0.0,0.0,0.0,0.0,0.0,0.0,0.0,0.0,0.0,0.0,0.0,0.0,0.0,0.0,0.0,0.0,0.0,0.0,0.0,0.0,0.0,0.0,0.0,0.0,0.0,0.0,0.0,0.0,0.0,0.0,0.0,0.0,0.0,0.0,0.0,0.0,0.0,0.0,0.0,0.0,0.0,0.0,0.0,0.0,0.0,0.0,0.0,0.0,0.0,0.0,0.0,0.0,0.0,0.0,0.0,0.0,0.0,0.0,0.0,0.0,0.0,0.0,0.0,0.0,0.0,0.0,0.0,0.0,0.0,0.0,0.0,0.0,0.0,0.0,0.0,0.0,0.0,0.0,0.0,0.0,0.0,0.0,0.0,0.0,0.0,0.0,0.0,0.0,0.0,0.0,0.0,0.0,0.0,0.0,0.0,0.0,0.0,0.0,0.0,0.0,0.0,0.0,0.0,0.0,0.0,0.0,0.0,0.0,0.0,0.0,0.0,0.0,0.0,0.0,0.0,0.0,0.0,0.0,0.0,0.0,0.0,0.0,0.0,0.0,0.0,0.0,0.0,0.0,0.0,0.0,0.0,0.0,0.0,0.0,0.0,0.0,0.0,0.0,0.0,0.0,0.0,0.0,0.0,0.0,0.0,0.0,0.0,0.0,0.0,0.0,0.0,0.0,0.0,0.0,0.0,0.0,0.0,0.0,0.0,0.0,0.0,0.0,0.0,0.0,0.0,0.0,0.0,0.0,0.0,0.0,0.0,0.0,0.0,0.0,0.0,0.0,0.0,0.0,0.0,0.0,0.0,0.0,0.0,0.0,0.0,0.0,0.0,0.0,0.0,0.0,0.0,0.0,0.0,0.0,0.0,0.0,0.0,0.0,0.0,0.0,0.0,0.0,0.0,0.0,0.0,0.0,0.0,0.0,0.0,0.0,0.0,0.0,0.0,0.0,0.0,0.0,0.0,0.0,0.0,0.0,0.0,0.0,0.0,0.0,0.0,0.0
"((1, 0), (2, 0))",0.9282197587420637,1.141001739067256,3.0683201541477487,0.06029058569508061,0.5343636718859035,0.19326013260226657,2.01934547195982,0.11093077204047763,1.5616533084152981,0.1407252434514189,0.3987679133933254,0.6395699049451837,1.1606250615064804,0.17352911731144527,0.6430574341914478,0.4052595069317985,0.9188763711513654,2.408791334362396,0.4297441514961644,1.6534515376985763,0.8025880732642638,0.46691346506820663,1.52360135147467,3.1482053888785,0.12749471783881855,0.7003842948357595,3.623283233633916,2.331052640975756,0.9327802288907429,0.02505384629227736,0.46273201901981065,4.946273760559993,1.280971174089456,0.4463850827604161,1.144255838979349,2.1108111677516432,0.03286952765403739,3.228973639217804,0.372310122022698,1.3795470113228572,0.13964593618460955,0.4378339379675521,0.3184458831872723,1.0059151940345985,0.41512453130978066,0.19628728968132014,0.5661798402705982,2.463238041479106,0.7155319989989202,0.2223683141461832,0.030263568102764815,0.5181345825530601,0.3926395483627836,0.15039207116412912,0.15889599343015215,0.2117444068688893,0.7445351361737518,1.01451622413251,0.4126727453451314,0.7815213408693348,0.2566650786959417,0.8312467768015193,0.7147999580991938,2.3124413866790308,0.6771823543212208,0.06378946337168301,1.950753121959441,0.9828916675378928,0.06663524922775377,0.7008121323208261,0.20422154417681693,1.6560470040192763,1.0938032232036654,0.698167165080805,0.21243153196905407,0.6258026971119841,2.258326260625508,2.819792603062919,0.4098182314267971,0.3863159559504987,0.862418029412892,0.22069741409579086,0.05140298369036317,0.3192716965661252,1.076238282422984,0.7698537508631309,1.8032148430588697,0.3453859793420966,0.2144365215461379,0.7713489657642965,0.8917276561436904,0.322680871041792,0.28680150247051706,1.5723053183956848,0.5348795974987178,0.4741152452609201,0.5875615942221808,0.7936276621486655,0.43490840749612575,0.4084418238798271,0.6035137589975194,0.27063432391892633,0.7440989617119254,2.6689299389578336,0.06962287135258238,1.488812139861941,1.7761228909454416,0.415794941016612,0.1940504339715901,0.18632753267922675,0.34959309880923506,1.1894866831464357,2.1818506519613314,0.7780211973637998,0.6159791396265519,1.9118882565912834,0.19489467058335622,0.4035854049856591,1.1039593705563373,1.173950866065888,0.587336581804618,0.2561892295873992,0.10380820529243945,0.6330282389880373,0.6083574371838092,0.6866403628573339,0.035278189361259926,2.627493348889374,0.2631049896199231,0.12717257736227217,1.462937140172054,1.9359359964321377,0.34571719704915704,0.14511865223840104,1.5730706360086504,0.3393641307198366,0.3989977398573941,0.4843453040667983,0.06551393234341796,0.40665687896882674,0.9627108309339478,0.5382549227549509,0.14142304821201995,2.4112866718557187,0.38534420453050944,0.20283242761486053,0.913379907055575,0.13474058741246708,0.7835620210724757,0.08793014883945549,0.783048899129378,1.7977083858407865,1.0176032747529766,0.34063427029925175,2.1795550372323906,0.40386050497245496,1.4948515463172534,0.16584367599569227,0.1204429695735969,0.7301460430678236,0.3622130400215977,0.9298344028603452,0.04462185194368007,1.6408709369742018,0.778773479304428,1.0301780087680044,0.028289050065721577,2.1513639441005963,0.14961162863980415,1.4180623182756453,2.6405580775245614,0.06246820365683914,1.1186663687767164,0.0934826989433365,0.9604941085539787,0.2885799103201099,0.26568602794666407,0.499357217930931,0.03832944190749049,2.019979237819744,1.1399142109704234,0.7091977909761706,0.07441184755856023,0.34912649110651306,0.16982147714897555,0.09658155042730276,1.034283660923459,0.21770660459405883,0.6120779741060338,0.35677247068523155,0.9245348178131508,0.5296463752081197,0.693528712748057,0.3527085086506183,0.6102217686246326,1.0447592035719788,3.735013434702097,1.0128092584269863,0.21354463871736795,0.9218153050399196,1.232953122400628,2.1316886913468727,0.28903272701138916,0.5553826207681718,0.5175925087499091,0.8891961999874917,1.1819779419712022,0.20181625059272235,0.6553752632205752,0.09669947400599471,0.5700084297776605,0.09308619226812176,0.9082041211328649,0.6177115136469404,2.975050540488922,0.1547461015795164,0.13359848664059415,0.18580477976806004,1.3659291511063474,0.12699370332117865,0.7503194387332015,0.5499441457094795,1.5262542184867487,0.42865306158715466,1.7972965400541319,0.11664152464131211,0.747904992866324,0.3838773318017612,0.5807558297694118,0.9616201468264771,1.620814158158309,0.29710685937827197,0.513581177169391,1.0171034749697083,0.3293231742879494,0.11411941096433209,1.2256588718751955,0.9267697503284543,0.044514492419028384,2.096852626545434,2.502623955452018,0.37251691445956103,0.9908990254858265,0.8029983707441725,0.18133220517433668,0.7100398982204661,1.0126824734613153,0.10790883687020036,0.5349827315896595,0.47874171425227874,0.37629524540734405,1.5794987810658045,0.40945738176228164,0.12988256711367185,0.5077629236158396,2.7800380985177635,0.5293750142808591,2.193906169140618,0.27593390077856084,0.16710568974106865,0.20352416313932253,2.973550613404579,0.8832761199042188,3.1695290836390124,1.3384990648408799,0.8251844503605723,0.4322717029547447,0.2553834313905706,0.5528246220988805,0.3390800939351175,0.6170587259946736,0.13409559294994777,0.049905863433927444,0.04013870835882116,1.0986557439825932,0.20093722518759405,0.6651899125221874,0.20776367298366538,3.1145938949642327,0.27486763038996054,0.8188343015926597,0.8116252249200423,0.2303672270372214,0.6163354508498579,1.372779968130191,0.2829255459403335,1.2668455770328872,1.6287552510604415,0.514171393634785,1.0650855797051224,0.10446242619052043,1.4097957422015956,0.10818928628261504,0.11026674425409366,1.3106338824277788,0.17809192523842832,0.47111623723965335,0.09198903348277887,0.04363284340329798,0.17922168522526505,0.10060557083919128,1.0725495349049678,0.3131154611384481,0.194974816230011,0.8299388978410891,0.5214765476172751,0.920889243356018,0.40394997515377695,1.170510262921136,0.8184443455070586,3.7442618041805935,0.05657542800630597,0.15988919156574166,0.04480934007777693,0.3523419506373471,0.048165373066168526,0.5517794473027364,0.4581609877729727,0.4355499850036586,0.7084525461784711,0.196222962053346,0.17634489005028475,0.0929107437990272,0.299647532183862,0.41875968476678,0.7665250461497588,1.2067433930383142,0.15073516435156942,1.1864894708324858,0.3412203250442596,0.6045173547655069,0.0325157585392889,0.29210861657115533,0.3600676832669263,1.1749102393463329,0.12175266611213786,1.0090726687831795,0.44813858059790024,0.09679859204106467,1.2345250152662663,1.1613655334140252,0.1638931702600679,0.07086121846600446,0.5988430338369,0.9094240094965027,1.808086886679979,0.361818438655761,2.224636469934545,0.11048517454502146,0.79785466316965,0.14400584146262574,0.4541554928995475,1.2788710213202263,0.9895265208468349,0.3540289024148806,2.925311593224496,0.3921789813244314,0.9835050094327511,0.15781315798469386,0.31757980160045113,0.43302883325805613,0.32364037029254156,0.34891923002606146,0.491345127079458,0.45478402981566657,0.07347495694083628,1.4892889972611172,1.0578723326212378,0.2703224212797821,0.3910106642530834,0.3977824425564027,0.6292767318139245,0.6483325947284702,0.4185363236012407,0.17658392497996006,1.0097687188446327,0.7145791582700642,1.5564047518121307,0.8529782745967405,0.731842243272961,0.22796007470084637,0.4996459600540549,0.3237932685043627,0.27067650684987166,1.559464889405468,0.3560502801052803,0.45809096252394704,0.8066991610189673,1.6430588135121824,0.1678081805761732,0.18279756259551494,0.391764665432235,2.746103611679932,0.5752616120295779,1.8169654902133794,0.2557659771010977,0.3841888083883416,0.5448510829790928,1.096953991334344,0.8770730427280866,1.3551459030106345,3.0379427407480195,0.664712875424187,4.472283474569784,1.423000558303773,3.2333140767997843,0.9971518244969179,3.1453124061948543,0.02904369538505991,0.6562870526878319,1.784106251024696,0.24969693764775674,0.13550866102891068,0.2729494122933094,1.1174323531754649,0.9747100839050382,1.1681031117685008,0.30431189051200497,0.30778978028033055,0.04778118656464603,0.3349194957598747,0.9054215679456517,0.49697052652113227,0.3029632771551427,1.354780692696221,0.23448698732002393,0.6476218869246405,0.9497972135332632,0.32598587698648496,0.8068170813239977,0.13285096512393713,0.5197654664912459,0.5047480152822029,0.6191235030004687,1.3651412430117946,0.08166368658821044,4.957064999286153,2.2144099975865057,1.610726135643926,2.2012374291802406,0.4490309704233056,0.21258379912898084,2.244514159061146,0.46590570798145414,3.4030929848541334,0.5081565222002566,0.16469526520746902,0.4263942153069116,0.1009280256126921,0.07607282870909876,0.13079794319913063,0.8480572821664865,0.8383216019223532,0.6193718284586378,0.9641976618502827,1.7299118271811396,0.4165570109232844,0.14876744548092324,0.07598715540511769,0.4027008970350975,0.24531394394396489,0.40170262596007694,0.14967037244153203,0.28304010618712544,0.996301466657245,1.1460022317027996,0.05087523744713324,0.281678503355232,1.1505135024795945,1.0914136146678475,0.6175161307280714,0.18030204104423037,0.6793140196635568,0.270141243668396,0.37002258473196525,0.19935563877514162,0.21170598424949544,1.52588121450394,1.3321578131941219,0.5746267002333605,0.3130887579715981,3.852410635466895,0.3464451677127949,0.2759015229971381,0.31630148270631253,0.0635851401810692,0.06463213780358787,1.3026936066963792,0.1952242353826838,0.18055940628125233,0.1587693229290854,1.3933226220835224,0.2888455122565756,2.320393317371777,2.021414577249213,0.4498244489273334,0.3840889539932226,0.4717710770988448,0.1647843938457879,0.22479328113806743,3.3815218665609867,1.2444236465721548,0.4449589810445216,0.6677501591779802,0.059605942678737756,0.5544017414547806,1.005193268748663,0.6210075456737253,0.307112703854179,0.13193376328255935,2.117087352978208,0.6492167560369342,0.11564327472741637,0.04781751180272287,0.11044359563260225,0.9993109496271091,0.8434485046241892,0.15071117271661338,1.3681835727266063,0.5624739616628323,0.6667442530609526,0.3906491176659859,0.6604772408857277,0.385123499911811,0.5590348569171599,0.36459966085604667,1.3894820139415018,2.093915592044051,0.6979614980249489,0.20453818212153907,0.05508328671692975,1.0915825258823806,0.34002650005350155,0.6146565343051744,1.3971096307864626,1.0505737096488843,3.7853810119431843,0.21549865451224548,1.0831289140065772,2.873475348726163,0.10766447584774125,2.065443205773939,0.03984518983453689,1.569621710694827,0.5840070179344029,0.0468743853592207,0.09940268861029189,0.32970011739424426,0.7593680352493415,0.8773284728291506,0.48424471502380567,1.728245404718844,0.7664866707932493,0.7083010119423062,1.0059403265864217,0.14651842470944032,0.2453039953517554,2.2354020646212804,0.19063013588197908,0.15713367265713973,1.329212026105214,1.4189164382367196,2.46619802921491,4.633328944648186,1.2092392371318679,0.29604030883596,0.8700841690812224,0.6349206126506736,0.8069709221001249,0.18261968007739424,0.21833322421836487,0.7979258207739373,0.5132569540047811,0.2788286830358482,1.1461065836786912,0.10093986940004007,0.2655315743722513,0.26711808707492146,0.8092130826625782,2.602593364445878,1.423832484372571,1.275751819429779,0.3127964623268291,0.64161473047189,0.10531480259762427,0.6762333572904686,0.5346518225489562,0.7486420544542529,0.08551950384904317,0.3252848107263049,1.2541275571758068,1.1068136864591764,1.4799531524747627,0.3137477980892578,1.5777438121154765,1.1985276282733666,2.2865818031060177,2.1027032540641866,0.22706788233253244,0.31697466631088655,1.152191066334272,0.09245105984022728,1.5524026918564418,0.07944810498229345,0.4110211176700649,1.3590649747946522,1.0093896711765944,0.4337600745991005,0.0641921813910808,0.19767927940734742,0.5037604225738603,0.12482077989619988,0.8256622069600992,1.7819898864250487,0.5353685027323224,0.9992043512469516,0.4821750129738043,0.5608909274099592,0.4653532367249909,1.9449731653272109,0.267254147227885,0.8054361878428491,0.15272868003577722,3.167990382099236,0.07163845809123803,0.6480897651187192,0.17730645682284674,2.815574574068563,0.5889793633283729,0.17203325058842234,1.8527774528142147,0.31597430120411785,1.0975332197829009,0.7936134748024227,1.5265806949379697,0.334439049953552,0.4568099463391334,0.14282615962413692,0.9203906324769322,0.3038463457209255,0.06618921733144634,0.9333452525246861,0.22461686736367625,0.30255050594464716,0.1019454493694198,1.1252321637869143,1.2823149280241353,0.2749752479237082,1.3640385967340425,0.1849957235649154,0.025726720659101088,2.490268853230953,1.0693590321539062,0.3225757474978104,1.0056941062996574,1.1000035272702013,0.17535174060482284,2.859829204998087,0.9147490910369497,0.38538047937715936,0.1274201460033899,0.48724873252695466,0.2900963364079183,1.0132097072567592,0.29071183738106565,0.10131179594324224,2.7897316257992157,0.14335608811048695,0.6636185854125978,0.16887356017539057,0.2816768142190782,2.2745196311802807,0.3144716121548181,1.0435958097987887,0.9094418164047628,0.21672780118150015,0.51945780534082,0.158761992912265,0.1367877269230659,1.543890301411588,0.1884222512055611,0.6678294381226537,3.2430217680891134,1.3595662380616793,1.7750481962843119,2.137090860373455,1.0953036941123142,0.5713240798347573,1.032054334917134,0.1985021745757612,0.40888615817351015,0.24275638236351615,0.4145392913838504,1.3949163305142014,0.7702423936519172,0.6061235847290638,1.2934513012731146,0.5861289786212086,0.23401397038922744,1.195808866952945,0.5728898206625662,0.9483654429532189,0.4666665955054282,0.635054738142798,0.17122169334674142,1.4852934196699794,0.787607081431447,1.7050651686007965,0.5790959208855587,0.8147409590951112,0.10283815381961026,0.2631727569920463,0.7619322255717328,0.57357852975433,0.7047319494756678,0.6430533381205925,0.4778510792434094,1.3999418431439303,0.21906359354999827,1.7388530323360376,1.3315001794145707,0.46748852053033585,2.26801142605054,0.8146664861359005,2.14419142433309,1.0844068280514407,0.355691164493924,0.35784065922953423,0.5960816842590015,0.2569449374392432,0.13500416555918116,0.38229751716940213,1.9156222831220953,0.06983160471751138,1.6237636808212983,0.21452083600908278,0.4357285964874888,0.5118512699074892,0.8966824574881804,1.2577479369444315,0.14362068125743505,0.7820452179363382,1.2000909674942,0.16381757755757764,1.764383713773822,0.3989900331796343,1.2219117129983548,0.2787670958741165,0.047775891208248544,0.9708833493625895,1.0997050140624354,0.06452989902959505,2.370627719846449,0.42982849940602297,0.2699024455325063,0.631871239470172,0.8828019241624254,0.2062641177131177,1.3921470084331897,1.6190498647975382,1.015152134893024,0.10334281574142412,0.28429016756635384,0.12251816625497702,3.246786374672065,2.128344024909069,0.3105049394631836,0.9633904156592281,0.3885631058459851,2.730315949241963,0.49679248615165383,0.5833553474969273,0.0559542374250559,0.3460769730777373,0.7535434916950525,3.4221970957847967,1.1361477946500254,0.09016170579537341,0.5192598762286815,0.7579241470450184,2.0245070127181393,1.0693418317221521,0.18798121450685457,2.8370464062526226,1.8444955899619595,0.21291293991363947,1.1991927785819376,0.1927473519302949,1.9169971553381424,0.27041313049408455,3.159824835903204,0.16411500260852852,0.9761366788521925,2.450118798447794,0.5887609123587798,0.2032632650562387,0.38019175191389076,1.2144882289353407,1.3970091784438656,1.2528120184113085,3.114895033404939,0.10593523998441073,1.2643534120785,1.1002758393465495,0.0617405459824667,0.8287840299486655,0.6218147571218242,3.3263923084709575,0.5221430797086528,1.060719117341737,0.19373138421606023,1.27323842639671,0.4364082197564658,0.4268259560139205,0.2079263175744807,0.18483908248560388,0.7228471384179913,2.2579418027462985,0.5720468633554775,1.274558867829424,2.3082113959790926,0.16927259580932685,0.024826583805505176,1.1328850919811222,4.614782384613068,2.0568852162734332,0.007131300186263012,2.09871355430589,0.6415752459639834,0.12714172052224382,1.6358777371273512,0.5206819380799248,0.7156655918054646,2.8156512724119684,1.785792948830898,0.7121351460583483,0.9497178074901285,0.5735062186574144,0.3031712178450447,1.4557558601166898,2.0557701314473364,0.8069049764630783,0.9850280674173367,0.1276703874970621,0.44588244038250213,2.0508688326055093,1.2749170413406876,0.047451818677251456,0.5998595761398954,0.09423333538840573,0.4793811185372363,0.07110163694120536,0.5400013026101889,0.4022961425246591,0.3558466040941347,1.8340824621862368,0.20895570394564222,0.04302881386887114,1.898057936495359,0.7300327563172673,1.4883286865418017,0.3965039619761716,0.28520369517659505,0.28278877092606935,0.9007442543281082,0.39303671138573715,1.3088538132626342,0.7402259260397674,3.3994792028338527,0.4274782268459445,0.5560092417121614,0.9179542825085745,1.6352246747039716,0.9041379493546327,0.35899646785427064,0.8937451753500893,0.043316949609059296,0.20979249712567705,0.4003125662964997,0.049454822760174544,0.09838495240705894,0.18736778344103455,0.446960790263878,0.9972450880478752,0.7801136815972974,0.3702299891407127,0.06976965243798722,0.10358749606435574,0.14626651479486885,0.5733847035177233,1.2353287679228793,0.684420655611023,0.5124122884448226,1.5435651901102747,0.31310746028523856,0.745515793833418,0.06538146215465024,0.20128484585939405,0.36861447784630497,0.9958214523692037,0.3824038221694066,0.6424474478932821,0.05734652469498802,0.579380533745466,2.2430616267001295,1.6779851785602171,1.9489642554185937,0.44808114742174765,0.2844026321628254,0.07422572843436598,0.19199694359358976,1.2484983941578833,0.1597730867807754,0.9202792588526874,0.6212359654661411,1.804573184334573,0.5510874952997562,0.676195311487915,2.4816325627585263,1.5692192291135716,0.2500297819725163,0.7257868531670761,1.468442561451199,0.42858791099345717,0.43911685032466774,2.6197125249117574,0.5805620815233518,0.43552111291618695,0.9639829356049909,1.9029892644135455,0.27260366065155794,0.7763415878762407,0.7227428904005496,0.5435064675864114,0.4624867778281304,0.4382531006250284,0.4201798056157353,1.1271957100915055,0.808850051138148,0.08672629864181713,0.3602481676191588,0.029284590311025982,0.34305387820250427,0.9003924654411257,0.11543401189525038,0.5508668640181085,0.21469595606777636,1.1423767889951895,0.197158600262618,0.8678113546238321,0.19422682336413866,1.5612020392072985,1.0825603423848489,2.704831916263834,0.7011341581149253,0.9214738826353819,0.07479589156516986,0.4153740066117293,0.19251744614733995,1.1138400013471896,0.4333719212392031,0.41086983641188723,0.38541104604171184,0.2733884851278332,0.07118101312003045,1.3060001636086005,0.03957633615228162,0.06049767947732032,0.8159089137189472,1.0492382837089376,2.0627437942875355,1.2802520606656627,1.3410722083208424,1.8048892026406373,0.35814805607418077,1.5561418800840885,0.7591283588715505,0.46707283981432485,1.247081488352499,0.43934355339238756,1.1744541947410185,0.4622624380526774,0.3601125673998482,0.3335661091393147,0.7726270123874415,0.10684962683251287,0.7986568839040278,0.20793886557464303,0.6449301101460442,1.8226829493205687,0.31688667997725295,0.13273231064458757,0.44875405221756837,0.38065695503375885,0.10820129704646403,0.05534804672655025,2.3378139089993546,0.860395498676568,0.022168048548707353,0.19700386525122582,0.49770813904327127,1.1038853535033117,0.20034742175545966,0.7539541057228001,0.4646485319110898,0.7266133196448237,0.24744694121401722,0.9631398111955949,0.6596447620695451,1.013849292569726,1.1766758189590494,0.3527522482858068,0.4791799765925403,0.39170323038597193,1.8570871570775112,0.11727256336846259,0.1461218877974147,0.6622704195186604,0.9677151165253612,0.4984778816575137,0.4300650040265759,0.03947676374574277,0.2649454302173049,0.2610095477922009,1.1724927329160835,0.11368051693743986,0.27624312039059185,1.7235093274485782,0.3048843019013684,1.4884554793500935,2.124098506113179,0.1432554412550937,2.7229910489549516,0.0348833508581573,0.5111684078598244,0.09198131198061965,0.3615223310043024,1.714656705796785,1.0677578475358824,1.4530866744990865,0.20552191397761643,0.08324736653817189,1.7879636049478802,0.8616394699787382,2.001131050254677,0.24463260000572717,0.16695398596049144,0.865183036399137,0.9473442896397792,0.3872565528351604,1.6001137111808594,0.16691529909867714,0.5881517774548775,0.4663467780341397,0.05166545800281433,0.9870460114871775,0.021404777993716873,0.7038925450702298,0.6362621675236311,0.45980546645539633,2.2062480554225252,0.2689615376464287,0.4238194197596877,0.3388397052517665,0.15795699940246755,0.033308392659316344,0.08921064674764123,1.7130648524235215,0.3604413040319383,0.3965929650043485,1.582330995640764,1.682139385316031,1.5653754161498348,0.4705213551661207,0.03459385858525227,0.2239055780016691,0.3825697795049293,0.4314813336841342,1.2964234571949051,0.32377718688273543,0.5385793392131544,0.39966116061201173,1.2099042211693267,1.0338492262038361,0.3613065545953893,0.13897936675994293,0.07543738684098311,0.6511954458549216,0.7437653049751265,1.2831485933576112,0.6038145155705669,2.832671576199634,0.623939074544437,0.360043818450261,0.41154723329690235,0.9665674566224658,1.9066034686353641,0.6151820680240038,0.34143081980050277,1.3586235558478474,0.22170218056373003,0.21844813023548948,1.539688342122585,0.5470263350651555,0.31897821259984577,0.9289807258617181,0.10927077077056291,0.4413142492260034,1.9791634224186172,0.17758771844663335,1.3370176285497992,0.4651895680669649,0.42108991644586474,1.1011793499399296,0.11908556920900848,1.715045099656956,2.3426787539769665,0.07711228461222452,1.254607930788065,0.31051474173350563,0.23262367233993259,0.24549477054188484,0.09520834386271337,0.6946070209674424,0.7733191922991312,0.22550500375487365,0.8309103720581539,0.11243006051768711,0.44827269212382803,0.3462227525177828,0.2791269789084847,0.8470847064384693,0.8333679718425006,1.1602564290869408,0.5857033911691489,0.2774697345160877,0.4269458758606254,0.8334285472893808,0.7582411662492935,0.466508566068754,0.09802951014438044,0.32676756515572136,0.8549033541943887,0.12603617612054857,3.2735607551453985,0.8527707927543368,0.19537110350142417,0.6045197213900746,0.3748317832083719,0.6336667494907378,0.5275850786317644,0.4976066474355134,1.6103816262275947,0.5155207884784657,0.505759114625966,1.0285044277528184,0.3605485306891548,0.15778471724908694,0.18225866117837808,0.23664656960806835,1.2226496400640916,4.09897343117539,1.2049869088502865,0.2790000036155086,1.2785589594952318,0.673751066266423,1.718663433190053,0.4477742386811642,0.17457852282577851,0.6528772750890106,0.2911604809303484,0.955376302846171,2.3630058557969296,1.1541037700146823,0.22972037540084067,1.1920759032595258,1.1727145949767146,0.3360844721884374,0.5657590179497058,0.9837438919768084,0.44864668730115675,1.021534045395096,0.09769473053967065,1.074882761513585,0.22976724316021913,0.8073303023058103,0.5463838313667945,1.2056747702096962,2.179060770923285,1.3351349360311635,3.0452943659432044,0.7603111618062135,0.29707301299669214,0.24715619557030188,0.9656725475471042,1.3349551952786802,0.1351845842217233,0.8069577778444209,0.7496656928416168,4.275831640649375,3.8584310414983065,0.5741708227365175,0.16640999816610524,0.5704204205360246,1.6663277470462634,0.5980687883277702,0.05809517183364976,1.2075497426544337,0.9535861490901054,0.834797740639219,0.4829930386181922,0.2554937730130631,0.06276319458892538,0.6265287672419636,0.2371165094076868,0.2168113671908949,0.07169286190838053,0.20485361415264525,0.6597521310989056,0.09420960707442505,2.632781792290269,0.014771209200639457,0.13227807351149456,0.7067439099325473,1.1569089446933136,1.8015399564226835,0.8224681803853384,0.7657974010277866,1.1962640041603667,1.4601916318490722,0.42965674342702864,0.3364328837798707,0.13156735130540875,1.5041827228013611,0.3734785018934541,1.423236139172028,0.6222380771741546,0.10856780750810724,4.267554920900091,0.34350368620770416,0.07110595580670487,1.3430922084122614,0.44307490555739876,0.1675592239920186,0.0597240611203822,1.9792264362029228,0.5963211308549423,0.216866199425511,0.20089971565070264,2.1757094497859826,1.2593087248428088,0.3392530007428609,0.12588580245189185,0.9588483897647455,0.5711493825185249,0.5250472705299565,0.18082921295111065,0.14679241848579583,0.1579671163891132,1.1047704037324118,1.8269057315448205,0.08195464391466323,0.7338338212992029,0.881017805646884,0.6154990995183354,2.013992671849566,0.18991442401577185,0.5475482936988885,0.06312621126757223,0.6054621417706418,0.84157102974237,0.27978386718253456,0.10890512140621672,0.5298492680364544,0.391267926740387,2.0660290031664066,1.5889368525208356,0.8499663564843294,0.08314256070987858,0.28527154421403,0.21255296992226436,1.5536068774347107,0.2365965419775239,0.06847640879442768,0.47436437574157275,0.8861989880491649,1.0070042249298168,2.3154570205236427,0.650116877023215,0.006130006674038513,0.12765214319933071,0.07924839319225524,1.1492031013224397,0.6308754516273031,0.6144414057390566,0.8878903723530577,1.323330610528052,1.8160934646803,0.5501025555859818,0.8387313328830904,1.3709254120708003,0.6819887844690388,0.8473983453967178,0.0769018797209502,2.2583006661294114,0.13613458211098595,0.06907438162532603,1.6606218227499039,2.450886166820302,1.006861045730697,0.24889150269799598,2.6256943617390185,0.03757082066023559,1.1035434063811258,0.42936783946292145,0.22953505747695835,1.9847873691203282,0.22183870040260945,1.8804369149526103,0.49970701924309985,0.44873298538564027,0.37319663310685436,1.2474185080741218,0.2695467473793381,0.6388770741687,1.4500373215446245,0.2163536052105397,0.7605699687849836,1.2683859309519363,1.3570262888136204,0.15753740862060317,1.3734289768090069,0.7442382761344246,0.8049235858789157,0.03446406401472535,3.0059408779453656,1.6692450605334366,1.3183451925702712,1.4903732049874798,0.03986560288055907,1.3891378728147548,0.1408826766840907,0.5096545036360323,0.442439834209537,1.2569011021853465,0.15580892946090175,0.04994602393921033,2.2419477935422267,0.19103348568972597,0.32094741899664014,1.3663342701960968,1.1862367541167667,0.22768376086705258,0.7445836049747632,0.5145463652529315,0.3848662060062302,1.0864993132553211,0.3295439521851566,1.3385231021569461,0.4687481944474603,0.47733549392198543,0.28139808436919245,0.485120706015847,0.4133764816522314,2.5123593607631185,0.6508489649162943,0.15958089956430854,2.2831933311369985,0.4455081168008212,0.14173153994982907,1.2987907588297603,0.193173452973892,0.6632337869635814,1.1598571870060597,0.921873926670925,0.3151333732979057,2.2254785969970223,0.12738560031466536,1.8683268100298973,0.26591387359119323,1.7417047880542074,0.08187099136661974,0.3736804041665741,1.178428425300878,0.26883203842676073,0.9027305551033696,0.009693153161678403,0.8321441605317093,0.10793246948317492,0.47566431579646484,1.7337375657757867,0.06972636830334444,0.7125685755093393,1.8484851208446058,1.60935249201493,0.1225649324822487,0.1323504592139797,0.495554381198108,0.4823057459222037,0.39208673444090425,0.5635489258183768,0.13242752847161277,0.1564550542015048,3.9051142256551294,0.13752719171700636,0.4280884427141236,0.3594058062113751,0.198710223601742,0.8143588080509069,0.20296166704558782,0.2585185964773642,2.7822942015846,0.354274081446342,0.16792191956443003,0.07926597298830962,0.15716387441509216,0.4225058832878875,0.24045713238244926,3.8666193862188147,0.6935960078200288,0.5845861000652175,0.38044147130150396,0.2901913104170557,2.3609489723748225,1.5279320907584084,0.4831824750213518,0.5304570386433455,2.103814981750602,0.2126811472168173,0.19435480936519445,1.3425140895774819,0.07969933717551014,0.27288990639255273,0.634413357395307,0.37774571518898814,1.0958595207838493,0.3213140432832573,2.609204407150239,1.4431624052759935,0.7063152036641981,0.6968214906784905,0.2442630854115424,0.3860463506413012,1.2312792989062202,0.43135293320461254,0.4563847668172458,1.5357945121256542,0.6752953196717913,1.630001966887249,2.208091347980263,0.8712298349431518,0.11826694686729136,0.14346595413958219,1.0972569508983083,3.128583307487104,0.6142064421843196,2.259433326298783,0.7491228863636944,1.776586275223756,0.9539094753790367,0.9936487044827409,1.7135401363736589,0.6728868415352034,1.5271835791174921,0.02223285106763201,1.606424920283486,0.2122010964683514,1.353388647627447,1.2531540120935118,0.20258395867794587,0.790562563747947,0.7124075011582578,0.2949444951891572,0.8060132435015201,0.44426469566675064,0.30863572292691077,0.6004901770032305,0.1809712327861741,0.22150822112475302,1.8009913380649742,1.040175455078344,0.06401695631039916,0.7890814793503084,0.5092454626637626,0.8376606711700331,0.1176962404713423,0.42248304326046404,0.5126063190600065,0.09476709487709342,2.4115683636993857,0.4453659277969907,0.32940491439550135,1.2360936779986025,0.34241019615026236,0.22516905071990534,2.3240818061132087,0.37366932479310355,0.5817359549043764,0.7089313621674234,0.14306028410292324,0.11991486620977865,1.1522532162171992,0.24174364273538085,2.985032401962334,0.45644429650988494,0.388697423112714,0.4861547474771415,0.11768572122474397,0.6853177196616096,1.150482505907545,0.8518774674963395,0.644648740260878,0.3718338040772353,0.477913823067015,0.3901228160589978,0.5440151418155276,0.6284776801691885,0.40082137852724703,0.2399792041420794,2.46511415547401,0.5802359087864483,0.8953018662552397,0.3135531276217082,0.4835747944081381,2.3123635002929954,0.8904646699508554,0.466330466931661,1.3395619319372873,0.5515014561080858,0.25988044551119344,1.046425402744776,0.19406463015774922,1.0769813858874295,0.47892894110635714,2.4582301282831183,0.2635617646432207,2.1662697889932474,0.08292880324199292,0.09263100646502886,2.786633374118391,0.8061478664709477,0.9218818186975942,0.0527231303875344,0.3205565841613865,1.5307630595976085,0.4245769414655872,0.6527123880906648,0.820843461867642,2.863278413363577,0.2200807803005611,1.5441119132708372,0.3672760972748239,0.5829303188263282,0.8440801662607913,0.3022776655691068,0.3265273955918919,2.247622303105874,2.810207497581394,1.0615236163087682,1.1118335584966257,0.08289798366125711,0.3254241391895683,0.06467990075370778,0.38942584033608263,1.9406251981276028,0.4829776320610628,0.7412787559274772,0.6023143775428543,1.0561252259399647,1.7783579735665493,0.5658220565884087,1.6719029626121638,0.9724223385964555,2.5096786488286176,0.4091341425628007,0.20255720297903634,0.16535076804390747,0.63949337264091,5.9545879206332355,0.08017752788736049,0.14537154114632422,0.7769679604220927,0.6433731758885074,0.3155866736768847,0.3953074268599723,0.23301128849129082,0.4915107714319822,0.52227974632905,0.14572521185694742,0.3963626439787842,0.08084253155990045,0.7545156113480149,0.39023492519455544,0.4344784751390448,0.9750464855622707,0.660799034516177,3.0872087901929923,0.1778322700197189,0.5079018604114565,0.17485402608318834,0.13514027171462284,1.8372027579611374,0.8466525569295715,0.06736468160318512,0.465870437030097,1.2307643876846481,0.6759866385241571,0.35844326516788694,1.5835682499352632,1.5880027847122427,1.9418385010101455,0.5535279778096078,1.1788542626489629,0.21248697815333095,0.2794281555170747,1.2165511610495328,0.720397851559046,0.1247102738806829,2.138050267558289,0.5611890774960686,1.2496771499248311,0.09385833266147015,0.18635354459265052,1.6314015964460218,0.8576445485425818,0.7117369784394998,0.5135561275880423,0.3432333317460111,0.059827389869434366,0.5363927148600512,0.6284460557019124,0.7090970964174887,0.47411884651400876,2.496978614796247,1.8254464439385574,1.3360166437982781,0.7459197812306079,0.3112013981515367,1.4962785786946946,0.7410987046631052,0.4475146628017038,0.8098402964791309,1.1619810271718065,0.9935004344055922,1.3555649678709991,0.010693632420962995,0.5186969254679061,0.06485987557730011,1.597139751032167,0.3270547117215482,0.5878169712583162,0.7228997295367969,0.11908015154979446,0.4173103534674034,1.4648143572009127,1.0055867911460716,1.8035628910925272,1.8700281401841936,1.3068627733606897,0.1097931787774411,0.6098450811775539,0.5769416215971055,3.3865391066480663,1.6336765477534154,0.44540104744999315,1.4316114020942805,0.34801388357929786,0.9315149179408837,0.6791007229965008,0.6961502744560131,0.10771516430253714,0.6608695729751065,0.4603717375915479,0.17863679489517714,0.22866076518607975,1.6996852640445348,0.13305732765362474,1.3035011689394798,0.06677745081588216,0.33394692390502934,0.9548315346557569,1.9662042096590893,1.7516421569353104,0.5289650284331651,0.41351919236216217,0.4675617760108166,1.3418409385161203,0.12857305823819143,3.382049801654502,1.453604538743461,0.9558901386033486,0.19135018739293397,1.4152713275492368,1.2650894113886795,1.1579114935939399,0.29209588166577843,1.8619511147352084,0.912457128201245,1.8320153595285844,0.909782003949283,0.2838089093035293,0.6379856669951218,2.513503971786531,0.035877327170779294,0.4142718777516927,0.43934999595451774,3.059257322706381,0.8275918131839987,0.05549666794732522,0.2280884531069881,0.3128176622529666,0.9305771173869446,0.04217210015811623,2.1117382329980283,0.021298245931869242,0.7821739094290353,1.019691562122829,1.0361739203668654,0.2832790712513867,0.5771598427061972,0.6521054510504743,0.10072494072895027,0.38028584148119854,0.3915470928224232,0.2299977901206831,2.45729112616817,0.2620836486568482,0.6463352844174122,0.5222933071996312,0.6339661128121685,0.15972282369618468,3.95133602261094,0.28594135025002937,0.5993103471077608,0.40241507321269476,0.9117684806772823,0.2031216096298163,0.265874353460694,0.33922095046454404,0.9797601299969603,1.3440815091682474,1.8693719216574185,0.04110602266216967,0.689105026592223,0.4785774702578134,2.852474913637355,1.8721290352522977,0.0889530753225414,0.6094373261127528,0.5721800549033083,2.417574433996492,0.250938325050829,0.47143865944191166,0.33764973320487834,1.1942803862764455,0.31343106108486496,0.34970058731725673,0.04037205855679271,1.6123640451670003,0.5754487070625729,0.5033234105761302,2.049264789839086,0.1425773678262433,0.8402095766280888,1.1011902601773738,1.6051511735968407,0.48250248208566165,0.08727748001744884,1.5865474369400436,0.3663296468611119,0.9838902313579412,1.8976392500135917,2.0891528524285214,0.04741788514385936,0.5286102238268373,0.1414178486523287,0.13160646547239113,0.15976925057898006,1.3337133352557016,0.1638173754906354,0.293980767444441,1.5095928133855494,0.17273548687988882,1.4972704541615087,0.06414071187728465,0.14805426354008328,0.7406019996247244,0.0838474362780367,0.8696757382390846,1.6193991444673435,0.21638785903268776,1.6650126667007532,0.2674947020798072,1.0201518943384864,0.5377850653700776,0.22827570986359336,0.7511290850161585,0.21223819116398046,0.9587268740801206,0.8353867589088486,1.7613304082476309,1.1921017741966602,0.7160549840627588,0.4410308516997561,0.3052323661303399,0.022695351467223346,0.5390314369242496,0.10896968022757347,0.29771141834327697,0.8053247962043817,0.380781683750206,0.0768041051591547,0.11488044351300875,2.253678790788868,6.539825978001786,0.2014572338469819,0.3239054392292193,0.08583067517993581,0.13862019587154584,1.481454010265391,1.0700582613378145,1.1770716591356936,0.5962581646698037,0.3185427733632902,1.8362890038928592,0.6669118082872261,0.47026069125206055,0.6460349887082015,0.6575763642491904,0.7939147160315855,0.41447743204758214,0.24544497200385915,1.3330319623203581,0.5341962963574476,0.3307908661286956,0.6307272489529641,2.955248915163572,0.12755383355739847,0.17116881581242027,2.0502307942625895,0.051802668691742826,1.9508771666314062,1.7953730094048774,0.30017018636171405,0.5306377039943511,0.2171632183420229,0.8146178017425442,0.627278842858042,0.1291596498349264,0.09421600303818822,2.8549867394837314,0.215343260792617,0.40968543245429156,1.682270362832837,0.43431457950300445,2.0140597423797897,0.5219143570022627,0.7851741859518024,0.4570974320573936,0.640835137211115,0.8535188636745862,0.11060188997140474,0.1564927476720332,1.2414988294432943,0.6645182675609105,0.7822728265626349,0.42187082490126315,0.3547499123638096,0.23757651840185556,0.9101056674093116,0.9275599947047137,0.30707251126765644,0.9958192485767309,0.03388624526983833,0.6573941803167442,0.10819535869706343,2.009069176153325,0.43681330295293713,0.09465677831939812,0.8550492799456455,0.3756406663093654,0.4994267738062084,0.30725848996107724,1.6474752804613195,1.7097555739585515,0.5921659918660439,0.19562273938453445,2.438991646006605,1.6669391908932198,0.8927273952714014,1.0185774767486913,0.2944485276243878,0.19772787628332833,1.6456458486020813,0.5523121022450598,0.9700599603638057,0.42498462734630965,0.4329246734936222,1.1631787032376288,0.15147993188185,0.13050633331200012,2.7860968106905384,0.5527178634476848,0.9825010624340434,1.0759630497323394,0.5294796601926275,0.46193415407009786,1.6983915552244866,0.6442877021019977,0.11398716290904776,2.1470766579858176,0.25889816684763184,0.1268384586513771,0.13696931534857293,0.07007461286341377,0.18164643774559575,0.2592776309350902,1.1003125240545129,1.1326306910183943,1.4161962263403463,0.7677579202745288,1.4715990474124887,2.0527987023070335,0.3284679403447991,0.5055691963840248,0.5441582350425875,0.12848368017008127,3.389885056571263,0.16721004864828753,0.4612340701717575,1.4012794469183978,0.7382302856702871,0.7258884747141279,0.5693220573760931,0.1784777865209215,0.9400290522566894,0.7788913618476332,1.342928224884263,1.0541405872779204,1.029358654124975,0.7785842040906246,0.22703827616367198,0.12304027880057178,0.7178279758974091,0.21197012676849103,0.012229023302292072,3.1911562124868342,1.5077469027708537,1.116307269631752,0.09050528645231287,0.637315747359025,1.5144571498246593,0.49696209657573764,1.7632806792340525,1.1129613292619815,1.0661835104460846,0.1388192971398598,0.16546306250870346,0.5680119214957879,0.4774138488954507,0.21562658088349745,2.266496140965601,0.2993465975058307,0.12913873970926004,0.1271520125150608,0.29361676600199726,0.22566777887920475,1.6116619792155926,0.6639953658790744,3.3826470104922794,0.4180929866495997,0.18749737593716587,0.4461772613910089,0.10748144700674134,0.1755027153703057,1.2618008262039169,1.560903879990743,0.9189188043409612,0.5194486375742944,0.12273038258656577,1.2160829865197413,0.3969560703931868,1.161473331605335,1.6463470484236125,0.4762166296810867,0.360372041459568,0.9240012689518052,0.541952108374459,0.2642215343660386,0.010106218197295513,1.372581188776112,0.23479956107781152,0.2496335742674663,3.454587864177703,1.1997068069151615,0.4378844787425898,0.6281639857001502,1.5296935871519546,0.16467192344204018,1.025664292246852,0.27598948478844976,0.7119491412808663,1.5589493097724176,0.7003281534770012,0.8162091904274321,1.331328154784006,0.20177673284137354,0.687799232024194,0.2184610150345806,0.061342771429155785,0.9740045406608927,0.45893338428219854,0.17965139881924524,0.8881570420093601,0.23619382735031808,0.37194358365963043,0.3939015300108543,1.5937757859384047,1.317776899055342,0.17470693538502613,0.6613653421857925,0.13345307051579047,0.19467815877040584,1.8124984962828063,1.8230472121344334,0.3799039776094518,0.7856324512985042,0.6241561081427649,1.0759093469419834,0.7256990670699612,1.3382411855836365,0.24717455212509104,0.4309165978970826,0.3867732250872873,0.8176188291818538,0.23921290116350613,3.4780734565377216,1.39163904878725,0.19923196619106665,0.6556113853684075,0.12802546281833926,0.5306843432619125,1.8352246894279223,0.787055956995615,4.3210581415712905,1.0966655272599342,0.829187296700857,0.4991129451341541,0.09167663197103651,0.13854270236206,0.5005792455772313,0.018967808204879477,0.28840745052505345,0.8191924722335354,0.23763079550053567,1.3724300899826705,0.49189787868686025,0.35030288421530087,1.0751897048243901,1.4360332900052923,3.6892938761830885,0.10145888576053252,0.9924036570535646,2.042821570105416,1.425466340150542,0.9832905706500201,2.888923367750717,0.15662854192844855,1.6566912603338988,0.5396794004957782,3.0908229383149104,2.060063882907412,0.772720150362256,1.9210868143909343,0.4082959892611904,0.0708316748669322,0.33646335976734776,0.774238591390575,5.098643056129093,1.0496041824807922,0.6860117542565723,0.05415556689701828,0.6159930773417563,0.08894138977904065,5.026637028277629,0.793350196941266,1.127339717259377,0.0977201314769861,1.3522077856639747,0.16493197425941952,0.06408365719661507,0.9061116900207299,0.49274100461035686,0.1785147447595723,1.0261584476722088,0.15120251932090512,0.27578708092393267,0.05119261237884884,0.3479525784311971,0.07034046136737984,0.2888653203966142,1.2660799945040826,1.1957487988389812,1.5519398670930906,2.760703914356781,0.13116376768562465,1.7478890765241515,0.8553329842552313,0.24293201319360302,0.48595540378234825,0.19007688740644424,1.3531218972267856,0.8306793285373497,0.06172965459475299,0.13003342319791195,1.1683064190627934,1.1581510329574523,0.5662459224278762,0.25303236806963714,2.3477568933152644,0.3283215369553137,0.2427130541426774,0.9102476881906848,1.4293248561151697,0.43715182161992194,0.14248388950468516,1.346636572634028,0.04441295288632571,0.36280769983180816,0.2691131275500389,0.08012574674045081,0.8490117804269555,1.2032778261166341,0.4855832805606729,0.5016832435992182,0.6351641489572066,0.9176644164768737,2.2237897267803124,0.7721326994591851,0.27925222666158733,0.3178079242733266,2.8012985635591816,1.005190314819544,0.40534282457094234,1.7370123233704686,1.2084807585072226,1.448193461864367,0.6874931892237335,0.2732187691656169,0.1384296701594212,0.1885980920316324,0.39615884757816966,0.035037908445066546,1.2539645087782751,0.34034497563181987,0.9878690997243432,0.16909502473833565,0.12087614732555085,1.0424106605005945,0.7505924356358185,0.0965225021472702,1.4302349332671582,0.007247461030874702,0.736852694545729,0.8193481734473658,0.3212648467580106,0.6973871009583401,0.11655015192534846,1.3990579285480629,0.2747084302800736,0.4507965152253503,0.5663551225911762,0.02475584602652181,0.291866523787066,0.6252251679531321,0.0974850475957777,0.5881136033771575,0.7898499658845157,0.1946317333136034,0.4202325043051365,0.9167148663775444,0.755053869441136,0.6910222340705486,0.19590495323354234,1.1878480380860168,0.5254264720101441,2.1095521133048276,3.2684783696132342,0.3013864583407675,0.6129539298101032,0.6263899047826389,0.3713946073284409,0.37307472892129284,0.36505327823488504,1.0675007346061338,0.41029082962132013,0.730071938322095,0.38246658464997024,0.7238214793874497,0.2928594700758923,0.5004879965442712,0.3312913598432473,0.054691603773337316,0.5204491967958597,1.022832036517653,0.2789432605570221,0.6793279996830974,1.4134168900337643,0.2371562635481098,0.10485972253938625,0.408847324895217,0.2745065695998961,1.0693402775432328,2.3069308228089738,0.5342656468748416,1.6413037402809352,0.3352969133677838,1.5507920210132358,0.3361650209687276,2.1519873422053966,0.6226869913753941,0.2943583405165916,3.5015014959614748,0.42364775558619416,0.28647323201421915,1.383460540408246,0.09094450685825894,0.3261529330303389,0.251566715260258,1.0058542410618236,0.21468682182058418,0.931916169800941,0.6039498272602971,0.28411072327905584,2.1924930700367886,0.9978696109735921,0.9158575394391983,0.4040007534547967,3.061199705559592,3.020644338242905,2.133265071719036,0.14693201261550937,0.21851512945978857,0.6725094916855416,0.3989407171264788,1.4860543999103615,1.1295413942183163,1.5589828483661778,1.041442136389092,0.7746702153387941,0.207904909440925,0.8396650069097205,0.7055284135601307,0.5055185971119845,0.2727059596610768,0.07134031126241469,0.9641341087023747,2.591035135821852,1.2165495814513287,0.6191441722529674,0.853712602841608,0.658305923651239,0.30416718760756106,0.2119655920110599,0.5090645465082244,0.774556811465924,0.5815971243180896,0.2956319602005234,1.354907759636699,0.6471487485481887,2.186143273603153,0.3967363085011767,1.0221826922319366,0.29318010225854285,0.1330371158729251,0.5049502788719795,2.014995293630992,0.3628759055070272,0.01095750505829568,0.9981454667314825,1.5578845563731814,3.156981302483232,0.16120867050912557,0.47924183673014586,2.423144956461595,0.8419859358347486,0.11511382247102331,0.4184021462273737,0.17700922517507034,0.9503050325632992,0.048285529086825374,1.2846790016696155,0.5569575748206734,0.9083861514422003,0.41763995931028697,0.2677647034296169,1.8395971591831235,2.5879096103100583,3.1151369485135696,0.12438972518306457,1.1476467375467436,0.8478876507471029,1.2399170574711662,0.5117983207062619,0.39946752105204014,0.18534036367679418,0.09915058122342146,0.8755225322988134,0.09767640788362247,0.7488861462974725,0.21607882353328467,0.6629070577844705,0.8542809648962795,3.2456229311448017,1.2948732583861662,0.2199885673464882,0.399848580125666,0.4672101486046929,0.2577613868350669,0.18422093395117356,0.06393621109841507,0.3438873943201217,0.7715063079612927,0.54987711723595,0.3755376213547441,0.8089887557620872,0.756108053040979,1.4226001770125478,0.5322591299809178,1.5973473642785376,0.13562516286967818,1.223792961166494,0.3555706507232792,0.6006438587767633,0.7796922679583969,0.8998825751956022,3.0984711594569556,0.14210033175644954,0.37467918623979124,0.42381294919043266,0.35402979230363507,0.5946545384217877,0.6794427329928436,0.32865018747793484,0.28727427199720945,0.08320190644804382,0.6075323976475042,0.09309091237003309,0.01170530195163888,0.19032826372538592,0.02409663758380609,0.9754465079952634,0.6870430788188608,0.8279072035040317,0.6033458786479806,0.7316900413474614,0.3769358174326517,0.907269199776576,0.3627968193301022,3.8084681569378684,0.4646953059060438,0.2557910202732867,0.1832997670542289,0.4626819934282048,1.2429573100729172,2.8706732188743076,0.3909691195613057,0.9719564797797223,0.02738042161548293,0.48163263877629253,0.9853285068571737,0.6470630418709226,0.32464368784324116,0.6682219488729791,0.02185237680334673,0.22070065650980597,0.5555343043831806,0.21428946816509806,0.35539632635139273,1.9746980207734846,0.3437128097406509,1.241503733491688,0.5748947269519022,1.2116626613882786,0.1845846288527545,0.9123008340660699,0.16340516248547843,0.013895704991165547,1.031400420886575,0.9049897117982137,0.15679145170512282,0.2287017038152179,1.1763316152137187,1.3706131748513812,2.6114776302358638,0.424979297490794,0.1794212881097076,0.24575886334729963,0.193206389039553,1.7967095214367874,0.9491095038448529,1.964411667026507,0.27227806632477447,0.4235424170212289,1.145614725756966,0.2151217177253133,0.37900650942964487,0.5207891868636502,0.5370208478985896,0.7739461845816705,0.7836454310305743,0.23601863038310333,0.12802569705677333,0.12980585431577762,0.22645575072279767,0.5058891788369159,0.029144625222275344,1.0198895925526894,0.2859853242075966,0.44648233029657003,2.1660788325100313,2.1333390266195877,0.5640493587672182,2.4378617091163775,1.6251198686364048,0.12333308763736839,0.23605923577582666,0.15766502575048835,0.10441111382781984,0.2773279050328634,0.1727033012115261,0.03736642868040396,0.3504244178502122,0.05522503106490273,0.22201136685908252,0.8412328622214189,0.2790212840410954,1.2517017647630402,0.4309361534099898,0.5764473447882228,0.3872901137693099,0.6527152260809439,0.10403517094880535,0.35233267107203264,1.5669948995158802,1.074585512774699,1.363736213563931,0.9060470692680016,0.015486763404821857,0.23854755839544506,0.23702005592007558,0.3279966594229895,1.3228651227605412,0.09551129177100015,0.03329678829556393,0.09452967489677047,1.6955636829881156,1.5464859721752173,0.7444193076739879,0.3360844844625275,0.5218959142855674,0.35181407674014054,0.20216108562225818,0.6435178280712415,0.9270453320920404,0.8962946696082891,0.050917511662310955,0.07399677643013386,1.9942784309107353,1.1178385622635092,1.639725902028278,0.02809720194637244,0.3648541277202355,1.2311002246333778,0.07837687928068582,1.1491146354287993,0.2409359931211379,0.4219508352757039,0.32161632816044405,0.49486625264836326,0.5925098173157786,0.08579145680017204,0.6985792893488345,0.05423299008855914,0.6445161652578395,0.2967949282495208,0.14699362583584097,0.05906965259245167,2.106406276918234,0.33086418045349686,0.8050038416737817,2.4651976205945987,0.5881556796429839,0.3052551168082802,1.7172536556241502,0.20588397157297655,0.13213551372587945,0.15343128247941418,0.5502417473993224,0.7866089394012794,1.0427736094936642,1.8101727869248032,0.7723477734445225,0.8916036591843808,0.6773686853025993,0.45269368141286215,0.16858612685139285,0.24887240464274152,1.6975623980697898,0.2671308581458407,0.10388183083388969,0.36847029045848634,0.8543751607155562,0.9474645834962517,0.1257237403406236,1.6535823912696062,1.0681681046107412,0.4762626199811816,0.15772055636377127,0.2559771219287075,0.4865708289310888,0.7659564070640803,0.10396680747544884,0.7301380915568761,0.6604598647612503,0.2693748628510997,0.7953926205633933,0.24729897603416218,0.40087139175421693,0.6327747649631562,0.516834583710735,0.9483969500545211,0.03589686967022204,0.49279766006951053,0.411286140715382,0.21541655989780706,1.2632333777786862,0.1418993981236671,0.47810396935030075,0.41813202750513245,0.23254691880248446,0.3305105027959968,1.0042639304976608,0.36069688378080744,0.4416871137717278,1.6059623384081316,0.34256742114846517,0.23592551478567747,0.7949559584761691,0.9575290860262102,1.121771567617761,0.37631012227098815,0.15140362087719716,0.6914304632311463,0.25347091819247225,0.14426025302042023,0.06752727111885787,0.25269288742049556,0.313977757099162,0.0338837929583764,1.4213791136246958,0.3653582114852745,1.204979860629139,0.21855021955101994,0.4225670953696054,2.525985324372731,0.4513822487028901,0.27335128964991573,1.8550186738927206,0.7584237000913263,0.2762772722005373,1.6619673369409045,0.1036647088604987,0.43267710682920846,0.9546906952706096,0.5121563931037695,0.07719732751360575,2.389734641805802,0.6088504448003275,0.23350996788894007,0.3639488137626815,0.40291886460104576,1.0387518853309776,2.7769012509611484,2.146250433522736,0.3049737038520973,0.2427089377208942,1.1474204687240075,0.7401790559887894,0.4943236671661366,0.3947495584240971,0.27456631552451904,0.17542347438046635,1.3016544962796561,0.824025388212027,1.0027183008449145,0.33684096214067605,1.207216980860142,0.3504254830531388,0.6194200863990021,0.5051281809060815,0.38271280416467346,0.2426936125386352,0.28441178627944297,0.9530452058824881,3.328814296216799,0.9040326501344913,0.40899383351552215,3.7481502838944545,1.3123294832635082,0.8712051586496823,0.23726498543428556,2.491672547848373,0.3741358711919126,0.298822184966902,0.1934958992816439,0.3890818228430707,1.6786770678077634,0.28515531273658734,3.587252222560342,0.9581653060996909,3.282053840250197,0.38564447441998295,0.710705991839334,0.5656040829918528,0.6022973004856089,0.5408436079299528,2.046932035128133,0.3434870071494416,1.9089177723094304,0.40369496132623683,0.37692561637187166,4.190446809267038,3.6097234677420342,1.1556716084867125,0.9412078098414494,0.36498136655564906,0.6113839651418985,0.11680754255352727,0.9903802907144457,0.16355496161729344,1.4941729241110424,2.9293177939424306,0.09306994453732031,0.36996684810221825,0.6831808534138624,0.06353559532872632,0.055945442557296554,0.5598130590861652,0.20785799463714483,0.8233048842395831,0.2804940475436202,0.6063346974568664,2.500058555908239,3.699629544619279,0.8084728317229117,0.17105257646911864,0.2840688088964863,0.8293457492415179,1.7436249890559938,0.47479680215427267,0.0398870780818146,0.3762220230894523,0.5947889231142977,0.33170568200405137,0.2018971590462616,0.32059586221664726,1.9216084588530693,0.5764505430319182,1.1647341133639455,2.2892247607630516,0.9965051181157716,0.5032258820406652,0.23409941227470832,0.1939522750094368,0.3944556982939643,0.6275756363998612,0.3210645087560304,0.437322670753876,0.15629720334073943,0.1159628955754552,0.910761826753733,0.24208696938188223,1.0692882591051338,0.16316822550802335,0.11054253614079212,0.10051844853703984,1.0962591173268135,0.2409710105122329,0.5675773116761536,0.4732697800349044,0.18923908203909953,0.7350639903181629,0.3117955483877164,0.18943196325522083,1.3382034218978576,0.1438330116901525,0.3455390118848335,0.2824684341827096,0.6645169001702911,1.8147236188574645,2.267292645894977,1.0530244459214202,0.6822065409121449,1.3955807767548545,1.301410085328381,0.42399121180742394,0.21553930025705226,0.2992251706649214,2.8024223445611205,0.4590463277808396,0.20709639273091307,0.9897754024789809,1.1912185288376647,1.2660853249730064,2.3705284542069007,2.047363316035659,0.7640437269757573,2.137612794526504,0.23686572040641568,0.5594080831075111,0.1307788255180667,4.346790465884874,0.10412083015873064,0.6927762421873545,0.6684886054840472,0.16129249829294579,0.4753657981075673,2.4120314490974044,0.17431180446240296,1.8059964529466719,0.6085395835079896,1.3973884110643389,0.46791190805332583,0.28144664587629603,1.478820885153497,2.732210992258772,0.5812729499189213,0.5456369405682411,0.07741277436039806,0.7678678144927269,0.13598590978278519,0.6527200972787424,0.44141351724702993,0.9437672852505375,1.0515016927802003,0.05502073833600524,0.8524600607122874,0.5100873367480794,0.10000557447823599,0.6509397152713244,0.9989102608430047,0.6373292201411593,0.18916716925071567,0.4204325672722663,0.24225952046124197,1.0179041374263536,1.0007722967106132,1.7007800506035438,0.5242687745162132,2.559203136075403,0.25814163960839764,0.6844490527309595,0.16570588537076048,0.6358755398999925,0.25140891160783996,0.4097455759322083,0.718055163159904,1.2612223267773008,0.05742459884046358,0.24893585045964145,0.06442845965114702,0.9581769740638082,0.5201508227684715,0.6255503953204882,0.12286548397097952,0.5006632630876837,0.054318967943500995,0.6055494162239097,1.3206094485356992,0.39364552145724035,0.4868008497490469,0.8119983503933348,1.2688495874610135,0.9054971388770462,0.33794734178140123,1.7116232535816365,1.6153361578113887,2.1896928498325363,0.5529903247459763,0.07339511793280729,1.1784976357594945,0.39854394832527473,0.8310194673298064,1.4410332522289098,1.0908906731957981,0.30301055991260295,0.5120622591123523,2.894445883312137,2.216200593512438,0.5247479291495054,0.49027196406124196,0.06074410065816466,0.08202463250595082,3.5320162860284285,0.9490877851085393,0.26896858735674867,1.4916806064646282,2.380459045432202,1.1218795832540558,0.2478020835071131,0.3288531666144646,0.26172778696948695,0.42803337539111463,1.265619146115205,0.48438126489332856,1.7918396206719636,1.1326538324413407,1.2601823652827886,0.4025273463106572,0.5001424588832906,0.04632654137899961,1.7758947618257208,1.3802550701772947,0.034961164067980444,0.17215266210970603,0.6887094737081293,0.574585325602823,2.158325687541881,0.2536909742561472,0.9070493861026009,0.1148359292035539,0.8187320687507607,0.24892032169002043,0.8890291993723088,0.5859610846790941,0.17877612031057621,0.37722100630217165,0.4008597875871467,1.7793703481089744,0.19721938046876442,0.49191364595216225,1.7520303565097106,0.4206138205077675,3.0547521152463917,0.1822372610055838,3.7805074080580967,1.9496512358225857,2.336664940277088,1.1863412016975687,1.0964754814116724,1.1163037177731265,0.32314537888601524,0.5537473515396384,1.3547637817113252,0.8297917837326261,1.5085537940306033,3.9709997786526348,1.8743239297513674,0.6525890113566237,0.7158685384420396,0.1014047936776421,0.12279573285043321,0.2659367585711543,2.508820116976968,0.06478818843887857,0.04810339736130742,0.12971417670757535,0.44079578922786733,0.028069691845431066,0.49332814241991074,0.7783621509512808,1.7040981678762384,1.726065278009313,0.46994492275523625,0.7604235239127071,0.49133852386181154,0.5204329852935243,0.34055056334607847,0.7528672366818021,1.8593542918502062,0.3186206333499687,0.3915492221159589,1.3100380612111642,0.12746332818235484,0.04339691810581714,0.5104163900861576,0.15627287055984673,0.15859866618851282,1.9586967107438054,2.0720329442059016,0.11142643120425788,0.26895020744012876,0.7312477992050921,0.10040191146098154,0.22227122054281134,0.09505279486682916,0.7339044988637684,3.315509727729917,0.859663622776752,0.42993101118847327,0.4018710361111657,0.4684375738232548,2.515039486218082,0.656215571517032,0.6373114752246081,0.18659304218470785,1.354642629486488,0.4149316686401723,2.3514835086274273,0.3624490579721219,0.7858845944267834,2.1078179837403113,0.3011360929929321,0.6741663250615704,1.323526394960446,0.9293458640104939,0.6276073032656211,0.8752871711632246,1.989924065780051,1.7360702624456106,2.162174928286047,0.8070294100933448,0.23642706348193565,0.9679084382214495,2.061471145750407,0.4918009036114004,1.618073137555414,1.3620118096154719,0.07338568577638094,1.391494792940406,0.16229765424567483,0.29055689280499747,0.6011576673384597,0.6454016618676273,2.4586025197908277,2.448877249507974,0.7877571395701133,2.1092834726849388,0.13670160319717928,0.24475480857107257,0.17162525502093812,2.3298158979230417,1.2134457599710191,4.724690525430936,0.7585442532471611,4.794866961369485,0.12986829351404366,0.9424805030840404,0.04715262295248257,0.19488086884911804,0.10056607280360552,0.28009028824839655,0.6577668443557758,0.7450500910575399,0.07779049660021142,0.689293424531618,0.4118065283568771,0.07611233887027424,0.47388655366452015,0.19272454501904424,1.9398046372658841,0.6192091081647263,0.29095913182054145,2.2812462651944907,0.20645259410865413,0.11757800247976824,1.34011172565528,0.2890150926018318,0.950707233847311,1.0640456496121218,0.17115757044618718,0.7935184605110333,1.215972234027758,0.7051370615491195,0.07954182455997105,0.18364174780285528,0.6027127107265591,0.4914732002077231,2.180264191099468,0.6662408404211941,0.4327323892696189,0.99584093237568,0.10905893411366774,0.5041191289632255,0.42680803126578715,0.7874860603999585,0.7777808556065052,0.5373772951388973,0.5486385886255698,0.5486428056807375,0.14471048311134194,1.2126753552942426,0.6376938358873576,0.8459016354766274,0.4563630140590156,0.549643773543545,0.7117268141196358,2.3176024044276384,0.6712906320300523,0.18872067680657034,0.43846471031048684,1.1227853296637624,2.2511053034318618,0.11221781971663375,0.8170023153835981,0.9443952161319668,0.056843525957697594,1.1015935874712115,0.6728236701265796,0.05884500978392804,0.43633969978598497,0.7585403449863741,2.435906302548153,0.1597704849822248,0.6123349758204271,1.7729018085572175,0.15209722880294552,0.37395098361297335,0.10286293721197837,0.581073636933989,0.22852842787060457,0.3158049910084568,0.7673864667505306,1.4694182964758544,0.034381887222295016,0.04323776988412037,0.4040154409764438,0.38619741684387565,0.5362119226311919,0.09384471742264205,0.27980873257378447,1.2077894198348438,0.280784360280104,0.2238114281111678,0.4357260422258627,0.029157927420500274,1.4457663313964129,1.6200935889314332,0.036872008740466644,0.62987710557547,0.4835542282586913,0.5484043089445877,0.22272779372175056,0.22493110616257728,0.23239275319312425,1.3257817811865724,1.4850416409552945,0.35899683390935855,1.0249077632717005,0.7867106875893447,1.0968423426932943,0.12284018996450824,1.6117706015252116,0.7526647093692385,0.1392756723580908,1.3672974169918324,0.03813950862263392,0.8393143100502047,0.25005699284479255,0.23739841686679974,0.08130608157473551,1.2082689276227032,0.3283422581916686,1.0426815084865566,0.10755277215057668,0.253953764068378,0.8881573299188957,0.16341015688586,0.07118635538664231,0.5784543174639835,1.076581623669807,0.14764784999637223,0.673546531859069,0.1601279390565966,0.6538798458724515,1.2318828240275812,0.5080971418307868,0.5203456673845492,1.9281861273879668,0.38775737517601516,0.15043634958490726,0.22714936373881617,0.4024105577133352,1.090871257603038,0.3842588444656305,0.9048029383847211,0.18090970658203576,0.13446227395432042,0.6280832350685728,0.4059730356920198,0.472860541763882,0.10406069238360383,0.1465007431995653,0.10171950321092768,2.396485797700845,0.23008473500523846,2.1754455822566663,0.05798648367421477,0.3075924973799015,0.25737024498355776,1.176003714089299,0.16552011039861692,0.11823614416613903,0.6458366079903852,0.8185072263019628,0.08745163123292543,2.9263757196053035,0.6993036286425791,1.284297268796632,0.30361941673514736,0.7918450484663486,0.09533873516666294,1.100346747241324,1.9133836075741144,1.1111783827973514,0.15583604517490757,0.17192660688751824,0.4062926147352978,0.13750364794532377,0.9926427402130231,1.5526815299368932,0.2585570552990577,1.0465897740279897,0.33414723769921606,0.9153427000435137,1.06506371870922,0.3921989003444091,0.621659890191494,1.8846986008359394,4.176281162098231,0.15661757581745606,0.44570898727038166,0.4629073443714783,1.4372432843766767,0.48385569135296125,0.9218024223928319,0.9507812783990817,0.3545200977189181,0.5011621583630063,0.4894741689504408,0.2522957165159886,2.1484692847211706,0.2558037098280429,0.16404501274729566,0.322907017691201,1.7344016634259072,0.4533728531560619,0.9990580513385388,0.3377277438469507,2.821006535991831,1.49401643067305,0.7727774792592661,0.6334728598039692,0.057299205000447384,0.6398972135132875,0.27108361595426783,1.3395438966881117,0.03371645101011629,1.3112800293690774,1.4251495106958114,0.40523752276176506,1.0431356726899803,0.40579731366059635,0.1884392379219389,0.13655001035275283,0.22066070264893264,0.9410043391005632,1.7118847873149348,0.6342728837799461,0.3194555010334695,0.6807764027529557,1.231357584025577,0.20131246526872304,1.9141821328564876,0.6740036893861698,0.3292496200176127,2.0439055384494873,0.16345275009725752,0.31225708591864887,0.15472341335227136,0.04620359753962644,0.13719354346686508,0.44144031983814225,3.6040492424443107,0.7312313206188924,0.38365626382577844,1.3170003315402128,0.3759004548923357,0.8284630591849327,0.4912533402971576,0.5844070380484852,0.42531245935967626,1.3312287991454865,1.0167865907724691,1.1844305604635308,1.5669318708942308,0.9441223316593302,0.3658130063108962,0.05711812544352146,0.4453356531121534,1.140735948747079,4.247562125972417,0.431121563406655,0.5996110619486515,1.1871913352330778,3.873929832325789,0.6945184261771408,0.6622849303513059,2.087583010232165,0.049169103395179686,0.18676230632922458,0.2126805415766131,0.15353888375083202,1.5066442911549753,0.6893698275987743,1.5517563477806928,1.2338732455033254,0.19367879242234326,2.733164039734077,1.1408062318559749,0.2476637711185771,0.21120577652115835,1.506342807736734,0.1474025901539493,0.7072189811846504,0.09437560374316889,1.212692264615352,0.31753735513687553,0.13219365221933327,0.2974278508896459,1.643910834805695,0.025226585172312688,0.3219553438526351,0.6658138737228929,0.27778154021766543,1.2317727052068719,0.8522625963957533,1.8864265906769624,1.208337436626962,0.7524914539243237,0.18603086843859146,2.1322906808744806,0.7837407832023388,0.2208202771326151,2.1323870541970575,0.10873794568874161,0.5052832193368855,2.8842015476348495,0.5535746409923543,1.013727308668202,0.4668766138819547,0.32048025298641514,0.3207954762649392,1.5536427210989059,1.192216998111529,0.3653823538648888,0.10020275972648396,1.103018085331906,0.43314101600409394,0.9472540338125732,0.2078975693845148,0.6938848428954258,1.8830553804104602,2.08057098906474,0.6539330473946108,0.057541476221796506,0.2784214859228811,0.193867319315423,0.30927489970350086,0.6854514682905507,0.640306613695864,0.1983133424978935,0.16798114965851837,0.06812836137428868,0.691817745137227,0.5990141056915215,1.2369913570079907,0.8715737178561167,0.41266255598797685,0.10620235716916465,1.0864394742913928,0.08881060028789223,0.07341152857393363,0.1339868103660402,0.7543046461342593,0.6322597002643167,1.3326044035984455,0.9551373921487334,0.5448713735566967,0.45378292034213086,0.2076554857965155,0.5337396472123834,0.7242134720417761,0.845637377035001,0.5126798360294349,0.35145869672178154,0.17836483902976352,0.08806227377441467,1.7440755129860879,0.4147596337333258,1.0737641490777095,0.8254896814580179,0.32211579684158287,0.10730491771421469,0.24172954430495563,0.734576480269138,0.3093802628846201,0.25530937293045475,0.12109087971571864,0.6149043476535307,1.2090027034399684,0.5476116853626558,0.31086964015181234,0.3316738576052741,0.3103316851321367,0.8609838680136287,0.10686753432696527,1.1514150635123157,0.10790318735710636,0.39324973593578727,1.1556199306190118,0.7139673649124461,0.3390321991951285,0.2948450422074582,2.2934469372000175,0.7701670177207665,0.057871239275774644,3.111757906729026,0.25183826157155464,0.02339841787676844,0.18862272771826782,0.6036032185975619,0.529307724665838,0.22249741902192777,0.7365434871577956,3.264755854032684,0.7191051841785794,5.012291644117708,0.09483394002813444,0.37525234205372016,0.21706240201376614,1.6259482351893761,0.2685143993333021,0.572867679642537,0.6490057108976514,0.803135284842037,0.3455220157195601,0.4057400492155778,0.5927273349099309,0.38215703524476063,0.784447089384228,0.5813971729241016,0.967308495262056,0.5577541876341776,0.3888623020972688,0.7528086659629056,1.6099209742268816,0.32679158473782155,0.7714358215383788,1.1854371827127679,0.7936509413831565,0.41393141235609127,0.9951129189000535,0.35243797032604063,1.385272773359522,0.971992699247499,4.061143868487345,0.8226223200862359,0.2939063131642407,0.2632066619242739,0.3303117819029677,1.0927585825288322,0.41153474770006904,2.519397604672953,1.6254439280924382,1.3943799447106944,1.4832137256603815,1.3363590127970566,0.11668353978400547,0.0393796389860519,0.5362889768755839,0.20310322736779715,0.5820006902548325,2.352356879243961,1.76656295028483,1.5747097581930218,0.5291754040174207,0.45520875359851837,0.4382855054308141,0.7391642333931252,1.3401856269712682,0.2569524336264622,0.7278994397573386,0.5536314191030938,0.725364994498829,0.19196882797222087,0.37605733116135254,0.35445596975057314,0.640815720781907,0.16397481719367657,0.7476765982599608,1.1197153225037366,0.3050862261618881,2.3711949578221545,0.6482389912047914,0.6922134480443276,0.7243310071418073,1.3779349461168855,0.29004695931242785,0.17517307821792294,1.0184928488870824,1.069871767241002,0.2033255889446398,2.061018971399071,0.36752777231014266,0.3467829856697964,0.8544478846613165,0.7504761411575803,1.7947256855909512,0.49745901971951306,0.3832715269514675,0.6088925927929503,0.32185361322944317,0.1471746240674346,0.2994421565596982,0.6247191573141819,0.2323965328570624,1.5390110370494918,0.2961242636885615,0.6027995037843912,1.072084396694013,0.30467648990513696,0.12584899490094759,0.4080212739636765,0.7992546895139676,1.6394913621074059,0.2983398635516977,0.6800901065786564,0.47985077471441406,1.7097973842637706,3.388641524330344,0.3434894238923989,0.6913606155296226,0.8976578480434814,0.4397408873671017,1.2114827725388393,0.8794444214418455,0.38750185249446095,0.4559749847120653,0.22846290860301677,0.3079624675321816,0.6485284640623084,0.04651561341554622,0.03189576109072867,0.6819290401329456,4.325846522412084,0.8948767528823122,0.6692177741540366,1.2015574897800294,0.7184262950215318,0.3925462691933733,0.16352379278334328,0.7596218577757043,0.06522231660230632,0.2435269071252812,0.057008257317434696,0.3872241937679466,0.40857701776543376,0.07783457113967712,0.7757835417633038,0.07895367722365382,0.016771748499511352,0.7083004666614368,0.0895813044297882,1.1134317008645538,3.515871445929131,0.452980418985365,0.39157212027430066,1.3502624845813194,0.1788491483273369,2.9092713250489926,0.5523580969818,2.243739196434049,0.27400510126543365,0.579427624256001,2.1171160570368484,0.8559815425221348,0.10586959628300696,0.10790381526488421,0.9663588709739468,1.93064504514574,0.951319796722736,0.2840901901982288,0.3929934474296274,0.21551309743759384,0.14426533740983138,1.7863447953669687,0.20383818835716516,0.34481377679096303,0.08004857098412133,0.08486455055199676,2.4019185051759564,3.215329867142171,0.2473601487891558,0.588240245639625,0.25360371189306474,1.6757394921134952,3.514386106960705,1.3388055223272468,0.4741909054483564,1.1091560616546228,0.1855119548787978,0.3560556818454561,0.07640034910172935,0.19023173591494436,0.11653824890509118,1.2560089031504684,0.6583776491916751,1.6300582964582095,0.5233600616853411,0.39062504844116264,0.36362380636514346,1.330153258613331,0.8591915290894391,0.22334321134636292,0.25303026339770396,0.31974102445210983,1.6615481797626623,0.2842235062745584,0.30873157491510417,1.085032467121062,0.2755054719517718,0.3743626469002847,0.42815029761116147,0.15955835025751447,0.18126607312972132,1.102497228753292,0.6584872573942488,0.17272789815663958,0.4370376416777142,0.1231229105723568,0.6756251315111137,1.0360419538935801,0.09172666597274515,0.14645463820460491,4.786739534039187,1.0067934121381747,0.6059247795586749,2.3499878589288388,0.9742889996589579,0.03465263985712641,0.6141898933743023,0.17295204930902186,0.4165229984885902,2.4117597206539885,0.13416978164298482,0.18852757034253143,0.2365778750217,0.40576659285710936,2.0424277899076073,0.4185066877733742,1.2599751100348358,1.3247170609849854,0.4719189417920975,0.029675324132513725,1.8084091959091757,1.5265669198309886,0.22844088575532018,0.35945895369173453,0.18052750429836406,0.2884413480014823,0.6206782505169319,1.5436638491231185,0.3411940128385492,2.222001606030261,0.8653619727651056,0.21465506389387168,0.3942767905040878,0.5639547016091304,0.20708759449300945,1.3205432358178082,0.37453443804932723,0.20535976358214159,0.1455805132690593,0.8415614470557752,1.5854908734479962,0.9029906488586953,2.4329894545006003,1.7761259221492445,0.10697469403387638,0.2354439540773412,1.7098445031588096,0.19200987188958235,1.5666735935274072,0.6372181127568982,0.6700174143670972,0.09192929224261265,0.18691663253212232,1.3606016897723714,0.232585288129043,1.1137078231125748,1.3903126621344604,0.7801401125283113,0.4356618742719509,1.2834054978781495,0.32237543105207644,0.29125212015043966,0.4477083016548571,0.6861580923389963,0.6842919956676374,0.07121769498886481,0.3940944309649954,0.5123860253898145,0.8395096117383429,0.28575263836911957,1.0881058147980582,0.7791790879127717,0.6023982213623331,1.454119823235272,0.8088979182459244,0.5466881708442575,1.521669778547822,0.6736075389150379,0.8522444814749812,0.1891268714986038,0.4532028168884321,0.7052718127017142,0.5462258656042709,0.1117995906591237,1.875331562578839,0.925327623821302,1.3459854379819602,1.091662994238289,0.6932699134136837,0.12347213358314532,1.5555313459972704,0.7419417692813756,1.039728066100498,0.5542176680790567,0.0872010185829386,0.36540619814482206,0.18353681099201896,0.23855807689861197,0.18944957957599523,0.28882396540634286,0.6955649825262484,3.632155065491128,0.46408249400916557,0.16007524295249154,0.7731368174030302,0.1531401816652359,0.1687691133708712,1.3638308073186718,0.6685444662869993,1.9663695872531626,1.6397094545003241,0.21319273713048442,0.714207189241634,0.7307442292161774,0.37385442683528536,0.48907150043532105,0.337419999041342,1.0399367749780561,1.1286795032153156,1.8358090929006106,0.2752768698314251,1.9308120307360115,1.2931693824434538,0.7922654434862866,0.10166050107214308,1.5931218515681742,0.3164698679978888,0.6766128516752543,3.0080236967877294,0.5744274479292772,0.48743592996022156,1.0368401955032756,0.8932514470989297,0.24435053692581044,1.8887036776194894,0.14102075490596033,0.08686853831109975,0.7017748064697462,3.416758688850101,0.2549753611656983,0.5343700220090812,0.9108983102093957,2.411516442951341,0.23868149176061015,0.5953368301459712,0.8919913192310974,3.535763203163936,0.6329140018245911,1.1494010519946476,1.009283125251678,0.6204811258704767,2.125089138661438,0.16868675215022522,0.6115231058066475,0.0765333200611098,0.15890069447240018,0.4370311061126804,0.2596554791065333,0.03600537046394886,0.10122230429806867,0.028741274373437098,2.543186017216286,0.2635774140592476,0.21493153594496842,0.8784754042556937,0.4096460232024794,1.541957157803136,0.676081767704211,0.17364350996399935,0.8965935961065326,1.9548392926568388,0.6560735409908469,0.2836281988361832,0.2993983205223133,2.4754899482329336,0.36153767871106435,0.15976393670873645,0.5740401497352162,0.6945234020356768,0.33254744399238567,0.218865751420402,0.1713617611725362,0.06303535854362563,0.6154701445283787,1.0042244471723716,2.2937291574998713,0.3609064257545188,1.5230306296941438,0.47558599705735377,0.43291380443967525,0.22484360235352874,0.3872421676561827,0.39402524567216146,0.32160981420984935,0.7012648896167302,0.5507341083358385,0.48938386016897145,0.2807812257555984,0.5614500613979111,0.48196709487395356,0.48936156381507,0.4069021462428636,0.07285302492578527,2.2487633829547455,0.3413868807761402,1.106278974124689,0.22691789080821012,0.20127329844800124,0.47088998203680865,0.9303830876828063,1.2487787127573986,0.20505579449559275,2.5609669420403414,0.16478970630813577,1.1416623206459522,0.1402156244667449,2.110128501820753,0.36180226069960175,0.23560182639188965,0.9053348024858615,2.1735780985238096,0.6857626843481321,1.5989946820541816,0.1087363130810926,1.5861980537513523,2.724487254504809,1.7596054776741754,0.3446090321264481,0.08988987490110467,0.38944266305646114,0.06303194641550014,1.2618433027457783,0.6108315793805205,0.8058500747649329,0.4007985599684487,0.3823622587818502,0.3115099065683393,0.2139549430137806,0.19036053324450541,0.2218392608896239,0.7454783085496892,0.5275714809357752,0.3086436473221399,0.09587753309019309,0.13200013468127914,0.9831154268494671,2.5106277296855435,0.10972147318513525,1.1246097770205334,0.12148518148440213,0.44983783574460723,0.2261168651419793,0.17744460869380285,1.7228334491793258,0.43287427404899,0.37320106225364136,1.5233663540867488,0.5053053431377986,2.8614842500043522,0.23076006841672414,0.5491449435399187,1.295885765542285,0.20106538233409504,0.912233890667496,0.7573727737187034,0.8764779406490382,1.1753269573346714,1.6427362694758811,0.7040425685948168,0.4829259574840057,0.9655480094460127,0.7055064672930528,0.44029403160433506,0.13265562910371442,2.200732585836457,1.6169392096139767,0.3890370899628349,1.4353625087043667,1.1315080747910666,0.21656796879811158,0.26574640409712974,0.5096609197624202,0.9582744990721763,0.6017152188457204,0.09131832057611017,0.293221323087721,0.1773298183828198,0.08241472595142763,0.631850409313869,0.09845918338678777,0.15831987772659306,0.313563397337451,0.7738963092767838,1.5187869444576811,2.121498086837246,0.15592404793620218,0.06037248042540572,1.0942299668895727,0.02372854155047588,0.48531680978551106,0.3291605012292253,1.2883279794439337,0.1783839457948504,1.7712500317924493,1.6385743397655081,0.8248064197439388,0.1213167947392314,0.8310105344568322,0.23845008509545407,0.5661626595596676,3.7125044564815464,1.0314315162301784,0.5562804632277256,0.29124444425464235,0.42345823636990154,1.4156442143567212,0.09412676907416735,0.7330107696203001,0.20063021041148332,0.4564391853750269,0.942610784806627,0.2570847390141028,2.2561246088981757,0.2268575402644642,0.07620759654851772,0.8607330681762826,0.21670488871047944,0.9103714388173807,0.32432354355288195,0.4045103469104352,0.9458618336967587,0.5848277004819241,0.35601727922773163,1.397082563127244,4.0417475665234495,0.8730387800615098,2.3638262985069414,0.43173069788500684,0.5287889406314727,0.30836969966492567,0.4845745087075024,1.1497751873938191,1.3936097195267219,0.6819458952413393,1.5568654719807973,0.48148341427432667,3.8923800731790936,0.1622005945956514,0.6273246752281993,0.26807279346246093,0.32216741523291215,0.1982652590983972,0.5468743071290771,1.116608070952609,0.6272574003910794,0.3829454532582277,0.7337191669372582,0.6463525604863496,1.1830059731080347,0.1766080285408309,1.1127248383842172,0.40439648617573976,0.4644929647394117,0.3477915057760143,1.7697154134329403,1.0801712834509005,1.490190820843812,0.37404410318605996,0.438839330470193,0.13827486347281615,0.13705613503951558,0.09029791159330977,0.15535984959283644,0.034334925436936836,0.31857040147685045,0.25756239607182047,0.7618861516110622,0.8387245215835955,0.14039326944827285,0.8896526757176169,0.9322868700542206,0.7270075168965382,0.33287682146680353,2.5178952021726895,2.0029771720195426,0.15442292685743297,0.7207716680853387,1.0783792663930014,0.858127924443043,0.9211311915029426,0.7751701798499089,0.17295184516864037,1.2943795665341646,0.13634101230162587,0.15733234569741994,0.4078635730571858,0.6216494505014045,0.1836197742624669,0.41154230642713807,1.8388326105346746,1.705593788502843,0.8404623223866816,0.7353794089054106,0.4628709708306469,1.2414899048568926,1.3643629920401659,0.2780614165272419,0.3790857241662302,0.5385664434858926,1.6837573724279236,0.4233742643983456,1.4672817153535263,1.0432438564283724,0.6670897315775206,2.070982109967204,0.24846461854960455,0.5192098636308305,0.04929113229442594,0.5128677674585473,1.1002073320489507,0.07175920941343988,0.189115593911638,0.5401043682160593,1.4316450080414715,0.32552279403864537,1.2899358709116628,0.39919103367537817,0.11200312651098565,1.0446970460473954,0.26420054983505525,0.20059160902372242,0.6512459208909818,0.42338321220473407,0.4441887159239153,0.9279318708706329,2.4491249365260925,0.49864355000183136,0.3729930699208803,0.8034218810018248,0.34176157758470826,0.4225522828188739,0.19830196618242146,0.15251709962853954,0.03578513163622832,0.4689784785423665,0.9415456448104194,0.38247658178093036,0.01618227010490672,1.3113116191188139,0.7757963341471219,1.9573891528035463,0.28855292836315993,0.3030076014241261,0.1584164780912496,1.044562565107539,0.5195496287052339,0.6841055998534687,0.9854537058493704,0.3041072735352049,0.13443907241276487,0.16394749188452795,1.0545023905814275,0.18079604768523705,0.35942931268370937,0.25524777750115357,0.5305113407586994,1.2463537265233597,0.7069449351445534,1.4309071631416592,0.35474053513688164,1.3864838474878538,0.289061248584932,0.3685984978175345,2.120082295051567,2.4595109671371116,0.7261657128730341,1.1620490683384945,0.22284507787287644,0.634516317475402,1.0067349162516304,0.9844873897210773,0.7408036670157614,1.8376162359778583,1.2430422024033674,0.32802372482200853,0.3804087299450747,0.24634061621298808,0.649324683370085,0.49016891041096877,0.4735345372710069,0.2711599328428913,2.804338054115215,0.7128591254462548,0.20452857896612664,1.6846320499368332,0.030424877675853335,0.4470517864439163,0.8355252529241106,0.25324736112493507,0.15924879795128477,0.26962823565351957,1.8768235396791197,1.200249749247173,0.6834445626494183,0.7641440329433393,0.2957383837181584,0.310754430057039,2.698562608209481,0.20127750245907,0.4406927019408353,1.1455782931143248,1.0354654343118894,0.09740455572756423,1.8405244147822457,1.2167455897213286,1.108835904450011,0.11932816552098213,0.684754137829853,0.1803761511463552,0.037867570727055155,1.1315268723282628,0.41073550806976983,0.8554893266747647,1.3341016607008678,0.8939780305516628,1.296084451881817,0.8147085733826415,2.413817645129452,0.7441866278908048,0.035425644310024706,0.2033857115199993,0.6748611279770736,0.6906367118807553,0.46973523330803246,1.9528600997831773,0.14683568435949587,1.8669672342557593,1.074276504622068,0.3402080833779968,0.43906634911887776,2.1322870781470695,1.082268925475368,1.1128717137402837,1.0911776368114319,1.1732538843047113,0.5740131106794794,2.571292760112987,1.045291832729662,2.839918258804382,0.8788406687402168,1.89483103886458,0.09124047911010946,0.47837595494307533,0.23478243799921905,0.8248725041978726,0.6995679966925527,0.7034321555561671,0.41957854280332374,1.005758492244289,0.02108753486649717,0.8427455419151815,0.9776251807435896,0.7895621198134573,3.9156648643833307,1.1219749241917336,0.1359058985440333,0.7925976153067141,0.662163283635165,0.8397281416278509,1.4145916782454724,0.4323256393121685,1.001823857345948,0.4316771366905724,0.2870652741874978,0.28926571027655945,1.103043152364594,0.3312518588118215,1.0222430803852858,0.8427582864029808,0.7201712997847277,0.22979218261467327,0.30836976440129715,0.3959593853337602,0.31416952086255706,0.894207844572723,0.2949788308426632,0.30820466100013844,1.005983943219165,0.449407466582438,0.18708443403809683,0.4753469987036396,3.3267430340472774,0.10573022910847851,0.7571302000328599,1.1983380857819625,0.27582285024210007,0.29596937894689246,0.33984345740775923,0.0658658373859945,0.30110921588755357,0.19109721326818752,0.5825553557614397,0.13804939112684994,0.5471942508881853,0.07036779590950293,0.4280877546830868,0.5017802317609699,0.15595468642787114,0.08154681287235988,0.23601808217504527,0.23369743203489612,3.702140484980081,0.09175927896358382,0.3662311514286374,1.149574337972624,0.8308474111973234,0.07438627689144811,0.06967808673874043,0.7297759290197203,3.012189471243617,0.2627726806208389,0.2683238357639126,0.7168962597159381,0.51437597523617,0.5060840048513386,0.22684510405780617,0.8454364179073492,0.4721310382704398,0.11489033868958315,1.3674784685459915,3.091365217447934,1.1117485919755525,0.4122312976211081,6.354653838264237,0.2861950951810839,0.7287077719712793,0.8778673393207739,0.4073553534276614,0.13515172932736697,2.3328827168743316,0.1174738578039064,0.07143132664525931,0.37398174772431425,1.336283942945549,0.45486201934594495,1.7511653426431062,1.2631557024999036,0.35164130232630086,1.402146572361935,0.9859151410531624,0.21362878295368493,0.4094462298724818,2.17280970614822,0.32430955760347,0.5315625421819953,0.4315484342188941,0.4551695214685081,0.6615880125476865,1.5682163197471524,0.14080858099177196,0.26581874811427686,0.6576111178650961,1.3312809976639264,0.18695488225922818,0.709893229020149,0.39155127280165525,1.052585116111672,0.05195294266437289,0.062243287873619435,0.19706297910444365,0.316047861828052,0.4755557225271638,0.13990404349313545,0.16012047326852208,0.34228853414596816,1.525599567803004,0.5497359639558832,0.022905662620507083,1.0985486477100734,0.32833857754565154,1.448124595016777,1.935470266196599,0.8321109943723269,0.6388162411464751,0.6767480226539615,0.07717618638693469,1.482888930569647,0.9008420331848208,0.14926064019281804,0.12811735125132795,1.9306051022029895,0.7477199438429359,1.016891504042149,0.12613485321192375,0.2853830967302593,0.3796784137981988,0.812998879802773,1.0704963881370935,0.8508122506219138,0.88431860060377,0.3386836013413692,0.7369211459196299,0.12879670879339744,0.2538952329915777,0.08537438671515374,0.7347437036309395,0.6328828341007716,1.1607678662746808,1.3111622729323151,0.525729023855807,0.19444089415083,1.0310249051350624,0.08586821899757813,0.9185010806587235,0.2363996051709294,0.24755114190884375,0.29076689512699017,0.905834894992632,3.3606076273090046,0.036369246705374114,0.11585941688059603,1.2926969520579292,1.4190241788863112,1.936279079852278,0.31435750387593275,0.07834287289002845,3.35035646570258,1.691154379586619,0.17804850227518276,0.4125029146859721,1.9851823408540574,0.43674568328509533,0.2585532696509093,0.6609673370597415,0.04078753485692188,0.14679543634533465,3.959196120792341,0.17081188934050284,0.03537859236555552,0.011693181352858906,2.460286792145199,0.9242817862118546,1.2612256119540606,1.575859667448479,0.7076430871459696,0.7058552268945251,0.16886311976039342,0.4457764766915666,0.35320680161468787,0.777731724904449,0.3398592188692313,1.7337553589620436,0.3000516326829993,0.18565402984520651,0.6893128329339593,0.17552596679358312,1.4087952377212476,0.20150789798893887,0.18380919489175918,0.559219221535262,0.49335182940113265,1.55367635953659,0.03845238730721834,2.192744868901425,0.32722866539024653,0.1797679013998017,1.1411239635831891,0.5681679672194434,0.15071759766795667,0.24249147780689684,2.323310016981845,0.528645022701353,0.22502596263026592,0.43551271520183354,0.3516493137424941,0.5539420315153812,0.07877405379048857,0.9998368044489645,0.0875106908258112,0.4629388088477021,0.470743384767663,0.8096622024265656,0.1928144560062277,0.4007001089652008,0.2879415299870697,1.0425992218801519,1.7828522269125167,1.4877044849138383,0.732986767753019,0.21712397579143417,0.10819958563839438,0.5800495809594014,0.008358866837924195,0.054601198002276086,2.4211388222286963,0.08749353159223117,0.08670539265906929,2.1567915737434684,0.5153365816093475,0.2633468060820502,0.5336673075834615,0.29114503154711124,0.43548944811309986,0.35304949902272664,1.004071722734694,0.18986069731984045,0.2933129629136,1.1404122691752652,0.7151388393703935,0.7415969215892879,1.2434435501070376,0.11840564393664094,1.3490461140824581,1.7307581989109673,1.3736057455251351,2.585383672452142,2.4868484600995426,1.1569897773645612,0.1886545890779575,1.0137526605537115,1.032522462554509,0.7532504705837166,3.5652146955874726,1.2382479996984797,0.7748257547747597,2.0293271101178756,0.4624863173821484,1.6305060390552526,0.3461020114636967,0.882241780212276,0.8751000817567698,1.0746096663585887,0.04870608915876984,0.43447389836522476,0.35543764654023946,0.37916184341288633,0.12276611247690872,0.056253106822786225,1.5484596858196635,0.26436399326299964,0.9182527002049141,1.1456456314312948,0.174741519909839,0.45389919941277546,0.25807075293771375,2.828461312428553,0.625622347565066,0.5138281245691128,0.7275294175754942,2.402485998857401,0.7450192661997667,0.17069847555301487,2.152442668399055,0.07581946986149346,2.390660582421815,4.672026909821731,0.9559883955334723,3.0586041938057145,0.01401878223491937,0.7682633376066696,1.7414132321722784,0.05659782221104703,0.4573598875218934,1.301975865195776,0.49800982995751464,0.6867836113760433,0.30563884509573813,0.4546975995675876,2.1858542200043916,0.5298877600412679,0.11946291841263257,1.3233809127614047,0.24856547312757205,1.1914437047278919,0.31311860113307355,0.7780641911303272,0.3917263292033666,1.805736366216524,0.17816348794420056,0.2075191743946604,1.1549989450188556,0.06033367841087989,0.5069593239409076,1.432054983974211,0.8679766245205677,3.1922325254438464,0.008313965618419905,0.1779052905347281,0.1049361024950525,1.1922976339812785,0.04906341526186153,0.13509712078705471,0.3121914084570898,0.7802673388292669,0.1056658434310769,1.3326635295740337,0.8299008076659058,0.3946691198370563,0.3162942123102668,2.4050560726830126,0.20815353050173435,1.2274427946441988,1.6103062725651047,0.3618263407488935,0.47085979423627644,0.5827713621560081,0.17318922676745663,0.7634456103117238,0.10948927630986205,1.7553587224189329,0.20025216580942773,1.810545592989107,0.22303237248144134,0.6415988035878702,0.6134242626901278,0.09692854026396502,0.4373010089103234,0.1657378987682866,0.5627730526295938,0.5067489766684201,0.35493324725128683,0.4865803933700885,1.2614671881853083,0.3123180414283231,0.22224549565731455,0.40608410792170657,0.22006496241934803,0.623579957091432,0.15660020831801613,1.165472333427839,0.8279043818888545,0.10409294824980364,1.906318932720622,0.26853606956814735,0.04218642832696495,0.5801759904319408,0.5173111900008,0.9412464829248407,0.27501847224756765,1.2241756434878732,1.054846235387021,2.301138823684486,1.503261098176415,0.03815446548336299,0.08389776399572568,0.3459165778625731,0.1866488257856289,1.899261866090395,0.5925538313645087,1.2989342704243256,1.3039419620264685,0.341246716612444,0.8093212989289662,0.42438012790458646,0.9367037899049111,0.4570385356496978,0.5737639284208204,0.330255600806888,0.2623799333578342,1.7968586351023033,0.07185922136860412,0.9086660225566529,0.05773434558781809,2.1267294806635118,0.39269201153924604,1.075677747917699,0.3411205040875064,1.426572181836844,2.930528422442423,0.13785154290048132,0.9199984956391052,0.5681851406364447,0.5042247934507789,1.2565267663438278,2.3921502254723395,2.2437529062488992,0.05261645120469813,0.2511257950506046,1.4779934788876397,1.5133909181239011,1.2953663360343555,0.27262679178551696,1.3876043092908148,0.5217858641341062,0.46260312346145493,1.6797017596718535,0.106693904531724,0.2735646984020861,1.2509913842984592,0.46068849322367866,0.7189748503261704,0.583214854241417,0.37196825550188073,1.427096626337229,0.20728376212270694,0.13566548568686287,1.1342688975054969,1.4257462214683152,2.3584249618398863,0.3023808935559946,0.9967684847599646,0.7762419895054449,0.7050815675300746,1.0706273834729356,1.5024547767515777,0.3471291064451555,0.7530303274789263,0.18301071854299056,0.7267988618826217,0.10649883438276955,1.0345935995941773,0.14407054545976541,0.14175753456875023,0.19849158510295783,0.995148820659663,0.2609409054334606,0.502397930933284,0.16907614827492795,0.911912979759605,1.148595711405461,0.3648548674058405,0.8603618925624701,0.1488161821841235,0.15684560396758518,1.096473469925094,0.7962280718754222,0.7109761279181923,0.7056136315209901,0.13417292320716667,0.5827777869962258,0.15290011175356066,0.5090690474194791,0.02547746783850391,0.49648271903815555,0.44226539625895567,0.7470782222331271,0.1257905910520154,0.5834809257189449,1.3872214462640367,0.8528286462492485,0.8562328427409339,1.3326547419995802,1.868116734883452,0.16236292222936632,0.1213121926313182,0.06829410725456175,0.5437723663891753,0.2194360514554835,0.1441261043931532,1.3936017980298132,1.4156942785996152,0.6238594117632923,0.7072310354613343,0.12388397695418452,0.42806428139217545,2.9761798304763705,1.2826239378200774,2.1488613274929613,1.6156177767036184,0.47763585994919133,0.16780959549576263,1.393774333179027,0.9219110757207312,0.3108620637154933,0.6764040245916962,0.08857218593941685,0.6880680298035284,0.4489034975591155,0.13013796437841363,0.09826472227463387,0.12773618908142814,1.478542791357305,0.4057436607650904,2.5190652227074555,0.4880848596725269,0.6698602649016556,0.02056389401475725,0.8922065295198116,0.44820666245903173,0.8071299267530722,1.7106799078957864,0.657670440229706,0.1818023631661445,1.7020890201625676,1.4729002157044662,0.1749778094243628,0.7206351903343535,0.22727228821299866,2.442401640886835,0.2174764901200501,0.100610852009308,0.1871847796324327,1.2419448465054355,0.24384619213942127,0.15754728023900366,0.6827216193155267,0.10712867449004793,0.6484179662321621,0.17752411303293747,1.045117995917483,0.06406890599835857,0.1411422325656413,3.2826523562128607,0.45854954685766514,2.3873505061780653,1.047139215087301,1.8593093459777197,0.18653354612732664,0.4085061513439805,0.5138166400236533,0.3778134568653668,0.4887924331241506,1.8879529591621649,1.0747347561039748,1.208085497742968,0.7573057559265792,0.10522619287910884,0.46200063330951774,0.31978386689353655,0.2069005088429593,0.5159616054388584,3.0814196420084596,0.20090170137120622,0.09591437269754594,0.19558979016886996,0.4158512267905421,1.528889077489524,2.351287558203744,2.465722236937436,0.36178431177595904,1.0033881025961553,0.3423392848247063,2.6642039324966555,0.6431064332044829,0.43152493725650676,4.039668290558298,0.9580283142832272,0.31599296280984546,1.7457558356604523,0.08093532304359341,0.6738892791445398,1.5093128966206197,2.517315964900566,0.4188391511507721,1.0506021061061581,0.0050961078687404016,1.1197473113100573,0.8629841601830086,1.154417548967498,0.2672552730954887,1.3763932893958433,0.34178138057558205,0.7244428881162939,0.06855768039740096,0.8754772878916262,0.4460569008953143,0.45828675568751465,0.10259221278244146,0.16550361520658702,1.8774761160898452,0.21838628225346943,1.077975479847439,0.10852047909281493,0.9922678803749477,1.6778311969060664,2.0351412642767217,0.1470537426572192,0.5470306285836923,2.0780716870729723,1.8470600077277457,0.5792162117391908,0.5659675156456838,0.09996007966209736,1.2336487590924898,1.2139084863747636,0.4550532182111312,0.7061749036162049,0.8244635651304315,0.5797761306659349,0.28763894568930115,0.15798102564250704,1.3612837323656173,0.25664784581708516,0.7198351146767622,1.5125025463121964,0.23860959019766115,0.744546761288146,0.6400665658871008,0.5306537953523308,0.6126721156648444,2.156556421873953,1.5327967933374966,0.681189107928055,0.3561747004312388,0.18015925627086304,1.3006457713690056,0.4300655877529337,1.1404739890240916,0.3026389378817532,1.295986421769741,1.1172397767064426,0.2670130282341605,2.935245843104158,0.07228471829118266,0.31471872768964054,1.1167678428457406,0.17828447455187765,0.39039861808121473,0.4653702263001317,0.2874206994445062,0.7418598419688167,0.5208333447924292,0.3046872131778919,0.6594711558089923,0.5876199917951872,0.5370086278150606,2.0460312041507285,1.099937197313465,1.7962786784644709,3.0181864020509375,0.6065990928285814,0.8686379891607654,0.2151210155156965,0.6161027388534521,0.07740656978053634,1.0748886235762778,1.0171654722650159,0.4983936357769939,0.057483596823765026,0.09134398923819842,0.6167603365701353,2.4267851710790884,0.8079694045316264,0.3800927438026353,0.07692916682699913,1.0243575283608428,1.0522379265536554,0.035478579847686986,0.241307013820908,0.3087750748154884,0.26628592843221344,1.0458468240722856,0.4580485326127597,1.2710788274806055,0.25015694566333885,0.30823764258504416,0.7169390382124724,1.072405206578817,0.5047655324949933,0.6227788880803307,0.635203923386032,0.4054377287362718,0.0828257278720963,0.4604110008849811,0.4572177237807301,0.982846344128893,0.6097597329449996,0.14972289604719058,0.4787520630516495,5.247570368071335,2.4124291446670316,0.017990435785978587,1.6116072921089557,1.238419485078575,0.46658965401684294,1.0109501816657702,0.5685095110674475,0.3107804980609237,0.10959951045757232,0.4315220712146348,1.9581793218195218,1.6457233410978498,2.593852062303437,0.10853761734915723,0.5377129140842472,0.09425001184957815,0.44372195419231025,0.40403869457583297,4.158808171884835,0.42327926786443204,0.07509111742487654,0.17306144247888638,0.6172476266708249,0.13580985505050985,1.7432620611012561,2.036106440116131,0.9312018316468866,0.6123684265881217,1.3122501207994746,1.2540546154307426,0.8578040506367117,0.056750227436824174,0.33877356560051863,2.135956029928157,0.6320631157721819,0.149269544882697,0.4892770102858536,1.1911534061583942,0.2718524902641366,1.1399534364993376,0.20704348018616148,0.07737933185416829,0.3537405338395408,0.22399594429003256,0.7371167983864177,0.3734605921537931,2.1997620400797313,0.3715597991557916,0.6476028361031487,0.3938580222430742,0.05852098600680043,0.0546744118424326,2.189728561067211,0.25996996782763393,0.3105227945566684,2.5472481955250332,0.35118062356698865,0.060665723311382536,0.22576853211987627,0.6933634138081026,2.4283698553020585,1.3511341583623047,1.5448907151337743,0.6140028220161052,0.12567854133191636,0.8893473714051551,0.03946008093619474,1.099556939555152,5.182358029868328,0.9638724761098467,0.17612049887385617,0.7060965481856684,0.8304735720978413,0.4355950822209862,0.4836312556860975,1.7210403719132898,0.19130463267817843,0.20971485985948446,0.3071314447442963,1.0087395137035806,0.21320946072993974,1.19023776190205,0.203928668825486,1.1303885361334198,0.47827806190657585,1.6397903496117596,0.5488610818654225,1.4308929571794158,1.5708184206459328,1.323740850362399,0.30469683980759565,0.5756579486542295,0.8178168303067257,2.0652644343656905,0.7585173124139142,0.5156901376103582,0.9667483944084893,0.17435745507929046,0.0622259275226551,0.459956581595515,1.8675803178602943,0.12412517589462257,0.19241265503580385,0.47593225268465644,2.586584244216879,1.3745954230692239,1.3816145273304952,0.6901203627840906,2.0332854891670284,1.8508383310473198,3.54288810720063,0.07229731289050906,1.4541675450888218,0.1744748345478684,0.3270031402693672,1.0711452026604018,5.16300336965523,0.6206235893474599,0.38678461328119185,0.2964171930894902,3.0429854227016135,0.45415465645004893,0.05386399682179355,1.7384539763519182,0.8427834630939102,0.6687133400839801,2.4571898256139226,0.585446091444437,0.44969959781607693,1.6213516656025257,0.9078552020155033,1.3114441391991645,1.200897162857916,0.594060267428888,0.2387639052790308,0.34105632767082283,1.4135779097778234,1.9141395033746527,0.9106207155920645,0.6837264652639479,0.2120767356944323,0.9099853553094546,0.5915921291702598,1.0066947945063267,0.9804144529774108,1.691651915069731,0.19904661393624434,0.34507677691836414,0.19802866627085208,0.2488466345340407,0.23394877312185614,0.8652918846792349,0.30599097208143033,1.0428119656497044,0.6661417965163414,0.6546789192882102,0.2572161985357172,0.2705812340461349,0.004956834685609257,2.844829066121281,0.5696939302297592,0.19545792822549357,2.780396133440821,1.3273428292045377,0.29807483453471206,0.6888910918359971,0.09115780963416786,0.8632713741774761,2.119181767568293,0.9295498272462495,0.8985817891906012,0.4240345914066287,1.076216164889756,0.22500802008868476,1.2696557554513688,1.4324943041896554,0.4801179179068453,0.2643643466474875,0.20056383092943234,1.3470521823493762,0.37596556366891143,1.955743667663505,0.5181625366579452,0.46082450379796946,0.20052222225135152,0.92734048291188,1.5067337419572011,1.3057831959639679,0.22806556733837002,2.5091229947420333,0.35203649253746994,0.4878228026112901,0.06670180300866435,1.638902267103107,1.281968436880456,0.30496328481123036,0.07295457651395304,5.504400690073987,1.351105549483734,0.6176115636002151,0.5143805776109382,0.17274026147420085,0.8692991983269029,0.6248445721999012,0.587832760374373,0.21821989337246994,0.4551681289046353,0.5183156285662809,0.5377183611952407,0.5553982181417592,0.7326961579237945,2.18276184699746,1.5073009989999944,0.4766703167500135,0.6097340133100567,0.3243807968263335,0.026747348712252095,0.6324010907554668,0.37884009650754535,0.8884103182539858,1.2850041803896195,0.36397147634242943,0.13643426392324376,0.7806987995542523,1.7406347212131037,0.2525904694875837,0.22833145259594412,0.14008733912714016,0.7635193770083846,0.7769341643371501,0.5101349460347537,0.16548777786184254,0.09292515212012237,0.30522902173686195,0.07211668706525909,0.42087321127574895,0.7311740410675659,1.2630819118365522,0.784851113232644,0.2838745408040162,0.5275250765309906,1.7073961211803306,0.05834439883567977,0.4048605641116825,1.832832267805447,0.2108091744417504,0.9982336469337413,0.685024617741822,0.14122677043824583,0.7093092251426142,0.5258302312900102,2.7020345782641515,0.1586050341178411,0.29546815491690903,0.32229112011305106,1.4376917129464304,1.277632592911807,0.23390134022006082,0.033686058324803536,0.13602850121819376,2.3772446853109575,0.7085326777878733,0.1635985954207922,0.36876075926737295,0.43798550829660243,0.46394913807061255,0.6597320093631458,0.574642554198865,0.6748418354593534,1.2997720719647103,0.1856248417375706,0.16107398376558918,0.5913672212866229,2.144956374077496,1.4255791721571303,0.765485149527194,0.9916313239410013,0.5913997452842191,0.3118178272173273,2.9621316240045177,0.26177984485363026,0.12755788407596602,2.2200158206325744,1.504329260361653,0.5323627614418085,0.2752817203343981,0.15863620011693474,0.2662077487134502,0.9721902506865264,0.6612329662229146,0.15428809021281847,0.1291762238451707,1.4540335096308281,0.1718569690873757,0.13364353364389814,0.2283090731382199,0.18506154584335782,0.47973487686076055,1.4672557539640907,0.38996423859343343,1.3829604856106839,0.20552245245237205,0.35768281913983013,0.6339410960349776,0.5845345665772501,0.4646736607589241,0.9446909296730652,0.329454414549101,1.4961059474059748,0.029770363117388732,0.17132996114431065,0.09674964114567286,0.16175760197296452,0.9384545715845378,2.4129312787327653,1.9244937945695442,0.19115525690055335,0.2347011747923049,0.39773384974005543,0.4058909980662746,0.7566645126467524,1.071661852676255,0.6362146899258868,0.32746795121547834,2.127929136477266,0.41913108126023485,0.3301169737142847,0.9519111324593402,0.9355877297401198,0.4957126349869226,0.035539663072743144,2.452953423872026,0.6289997960092093,0.3506577480979819,0.43852955733128873,0.9492936225864621,1.0928392569086531,0.0695797386884125,1.4795270504154987,0.059214062498270104,0.4799092535472571,1.639235030603896,0.2853975851814303,1.4028538467789797,2.0716884333545793,1.3093388666807018,0.24291206520586434,0.28718829329953827,0.9153226334893753,0.6324203497879506,0.08674406828370795,0.2860537750755062,0.9299307487528792,0.041527601954592375,2.1964102303607063,2.259128619672508,0.41776629187149994,0.198444616076901,1.6830168316221266,0.36967936022827597,0.9979339779153572,1.2704266266177244,0.9461019162151273,1.419680689349183,0.07699088561848155,1.1178806259525644,0.16845530667657083,0.39680292758032,3.302379729607568,0.6474011637975761,0.3197650709786719,0.4200930898171491,1.8406966231459014,1.0242373573947252,1.2256563064165755,0.4434697044134243,1.490674799954543,0.19597966838145076,2.3734838132013865,0.6854305353125686,1.7587912950043134,0.3453188840246999,0.9308441611510577,0.4152147509390476,0.5193487885614118,1.6105239452919147,0.6833419720399074,0.4095491377391196,0.21167591784876594,0.38576465411054084,0.20846781210203907,1.3675185396959755,0.7326088315794375,2.288401715738308,0.9378880235762341,0.9254674331570605,0.37313303583556745,1.6310357897175247,0.3764822154175628,0.7940907648915503,1.7919157920825526,0.20397147229343077,0.6689935196693395,0.3295000800622101,0.9384000135930761,0.2525674216880147,1.2427764670264316,0.12775450797153942,0.46632307590209643,0.4979537460048098,0.7892499909095054,0.13150427845698953,1.5783598894694832,0.6108907313251449,1.9180393184189741,0.07474891936568362,0.30257280155296307,4.2672823059582,1.157113460149545,0.9472938722734506,2.70540383409877,0.6936021908579169,0.9984523535991987,3.0143223887999486,0.8484409276161835,0.9480638523158389,3.0555767353053116,2.034819696220087,1.3790070876871967,1.4954873412892347,1.0837242164114773,0.07460343992911816,0.31953541086026194,0.43152062333567764,1.5915082895582806,0.700892761321186,0.37330918111725425,1.3434553517995926,0.16754033678425162,0.6563960346341895,0.0228077015599758,0.1406565838191371,1.2929146908536004,3.1769820360790626,0.54525065389062,0.31688465741525307,1.0288287717721953,0.1907186961065877,0.8096080710865535,0.4164816672293659,0.38481862363760744,0.36274910887595496,0.4351831453423951,0.37132981994367564,0.11832532818470642,1.892329275090426,0.5212009212391641,0.6014710208477949,0.9327826485430574,1.3348362576092947,0.3773785530205471,0.7788325812894058,0.6466225307704998,0.27016622497415144,0.08536804936341563,0.6087494166306084,0.2978325559055799,1.9112152120478498,0.7544024476779391,1.1961244293274125,1.6839551693968302,1.3600282517497144,0.3524120409601427,0.29062780045002023,0.21846771855481295,0.263662353230558,1.1960247961812351,0.6786634105730689,1.3292742231887735,1.2309183500753498,0.7188703919153472,0.9810468535710561,0.7117019905224964,1.7922530816837332,0.10542891733684023,1.087280226984648,0.4465364074687719,0.4666727897111226,0.18366853079529588,0.3085771478025959,0.27267833334952796,0.06953356058018867,0.13070515833154783,0.604502160082526,0.14880697889627104,0.54839688861423,0.7961613642892116,0.09858373250595565,0.692038579094575,0.04582281552472112,0.0620909658722924,1.6511621907727432,1.522282398830309,0.5639613568568496,0.33154937341347845,2.7543240731059986,0.2396144439640755,0.18991987698394575,0.884050481136761,0.7573516897089831,0.984905347193967,3.662321449167903,0.4626173230929982,0.17337022970210153,0.20752915242316192,0.12193835683360232,0.21719775757388193,1.1719027525087096,0.1364759325617113,0.705774066656825,3.8336807841822025,0.3624857851230989,0.5671447496332528,1.338184323469461,0.6236911410669832,1.0841173726455267,1.9800042983329038,1.4633993347147576,0.6470749728883134,0.9811420278723304,0.4604714378745177,0.7587374901426206,1.4398298539794092,3.550365235545204,0.3117500050741466,0.038087191755640015,0.6535216052152468,0.5833672860212339,0.1191100179201991,2.1076409891002794,0.29923821588722255,0.6700149934878001,2.3654701454675515,0.5754505156020124,1.0671456537705521,1.2215733306126881,0.5654279571003753,0.8663267626904387,0.6026157541111901,1.326327394965976,0.2594946821879729,1.419685917862509,3.423360504738639,0.3149988521884075,0.03886305996574002,0.36740953118343755,0.8331310724826485,1.0380876973779993,0.16928529402754483,1.5518192081766935,0.19555880178906074,1.0477656123800274,1.9805630321954095,0.011185867155703133,2.2500424375505585,0.16860190772673583,0.3751367010939656,0.22521843305660907,1.8435615847561682,0.29388782425033755,0.01903162355321336,1.511211078735271,0.6037005673087728,1.5223615695110722,0.44457139442032556,0.564890639283236,0.9107643560464188,0.5123440726929398,0.9851816438412079,0.12810887987930564,0.2727842526312695,0.07859951691451034,0.07235474526391139,0.6020659847881986,2.201668212904744,0.08236187549728169,0.221779161802253,0.574886129191335,0.9075849736867904,0.3292580672716944,2.4737501309500267,0.5099201695114721,0.542607795868669,2.6431021510619663,2.09787812907373,0.7958568651352323,1.1814449687065944,0.39925832194497957,0.15766048931565257,1.5846577647018383,1.3510299215480648,1.0390763174358582,0.3294149936686108,0.2159534407273187,0.7857050087540951,0.0236364306042251,0.5947948662400402,2.35465020801206,1.0937749658438873,1.0702632057989496,0.7395250590177338,0.22867149311103027,3.6918022224111757,0.39114845731358705,0.0665834440609509,0.3007298085571164,0.7955301526496417,4.153105247632658,1.1619593416842091,0.35629976421340864,0.3461263778941871,0.5974220525769858,0.1672124533863828,1.0393951429387855,0.3918824812049726,0.6691911126911827,1.0006950181119376,0.851020316498609,1.5801118150112274,1.45428971858235,0.9482065511167337,0.3753343645790803,0.775616008649602,0.26075375741551277,0.27934863551174105,0.3220085244277362,2.4538112891286157,2.959188933975299,1.031131799357149,0.2822713400102814,0.22910114619482924,2.4193408387241906,1.227678866403059,0.35657573677642723,0.37392422664030667,0.9927098569077908,0.5382267555802811,0.5536037133807079,0.880514096958013,0.4414213162884324,0.6699603435367538,0.8844864372081412,1.187249201459909,0.04352085406346934,1.4959369982922033,0.6019684754155716,0.23150866724432506,0.17544276862051444,2.2969944403133122,0.8837886632612183,0.4865462152418168,0.7820851501278562,0.7215583889110722,1.6070313583363611,0.7247017905749723,0.45220939349436706,0.2538900751271831,1.0802471557586897,0.4429338331914402,3.2096856879925517,0.440696883383792,1.3228968022143934,0.20397045411059345,1.2661126627431059,1.1667828212742872,0.1809025239760199,0.3029127990909117,0.14356270988395192,2.574272296135615,1.2052496325081008,0.32531503991990607,0.7503612302449923,2.1695954408709897,2.348578038552792,2.1162077516507063,1.0435889093353676,0.45696110031308335,0.44343856767623147,0.2650406335222412,0.21927382077283836,1.921215784490984,1.1977240851656878,0.08009526633455677,2.0081319745293214,2.059967776666395,0.7474194572944459,0.5784143761988547,1.8692726129366584,0.4056696449428916,0.08826524048683337,0.45313007009853545,0.6310387451365662,1.597345672271529,0.6141861128130441,2.287572514022875,0.5751000391871208,0.0871759819854557,0.8144149722783783,0.7834186696102587,1.1684700740108784,0.7919176628388517,1.8605082586208457,1.410730042942061,2.0247096643969824,0.8881903853049204,1.0636360436266852,0.07393336020114788,0.07874433975066458,0.25341876257940116,0.3423498138410629,0.544148058633924,3.1078507908886115,0.1987529392454741,0.30215307575421235,0.744278609669548,0.08673290242846277,0.4951875533961212,0.4962210228215783,2.4345114907552325,1.0804379503301607,0.16622590239177404,2.199536422794111,0.5940931658282895,0.25848939936894844,0.47619054184319687,1.3357460365294118,0.48029045873728404,0.5185972858048026,0.20692255559533,0.8826255425353825,0.12361800486526975,0.37210880756979686,0.17752350364505476,0.42678572317201824,0.19274250336900733,0.8428995198797972,0.28820223579119963,0.9674852067585744,0.25121971273938737,1.2973549551131107,0.6595893399743642,1.2155852123916069,0.6360682799643761,0.5028937969922367,0.34307887486258476,0.5174530376572918,1.0261274953359019,0.3920936074197734,0.1874545209736841,0.2633457143574731,0.38719442314273833,0.09410990951163067,3.454551624855435,3.730380598776113,0.42499282134924155,0.2111918842794137,0.28743872977187446,0.4769902740482205,0.33184130887520147,0.21011864422155324,0.22881452716580408,0.5983396306442083,0.4134705035987163,0.09826378411203462,0.49923378004575186,3.5447844523581864,0.5895894951334635,0.019549028530635892,0.1615678005970706,1.0106524916726545,0.24644378154455826,0.5775402464134876,0.24330330072743855,0.047315353978911734,0.7625615904185987,1.6647812861826783,0.24508719324252703,2.742356652648883,0.33915947766134735,2.1135173262169316,2.618944867391157,0.4842198906787788,0.5069783652157251,0.28666797051597837,0.359418350724762,0.12159711946672802,0.8295008655035065,0.9466457207076059,0.09496275113565522,0.8761839923660434,0.13940927915015605,1.4293302312534688,0.20489318517824961,0.039354880418918256,0.8559103160628554,0.27995013204764574,0.828627593754366,0.8483332380113011,0.38098992806990384,0.6716316294065448,0.7313412038198739,0.9963543996074551,0.12309151067707691,1.308864530410974,1.1762022306003652,0.921630862580866,0.20611375346722202,2.1914323890248184,0.08937711239166096,1.3447904783962414,1.3285491623376098,0.5970752552596038,0.5741495015929059,0.4871483127037195,0.3481225980761278,0.027405479662132526,0.09896934558399956,1.3323814733695767,3.4790467767861295,0.383175879211924,1.2259260589724101,0.5138894364732116,0.7318588064848308,0.15738223068866575,0.4847175869019862,0.10966740816453141,1.2186813268399193,0.14307272671456017,0.39310087817611783,0.08773363190979927,0.9627124647518623,0.6759091389820512,0.1419095034348523,0.16751776617286085,0.5615286008715037,0.8023487763674275,0.9164367856761082,0.6000213640651217,0.46888373671540085,0.1749287243543607,0.21821449796292114,0.27496569523534586,0.3617687841067959,1.9494799456837388,2.2722185934291668,0.4849374654987748,0.47053564974739404,0.12604324529829153,1.7897972253289216,0.47488641187108527,3.081963138743359,2.5276282095646314,0.07527791825525043,0.26219935486077933,0.7861093969069373,3.003495944550527,1.8952671912344545,0.37574803097155607,0.6612152570224938,2.4196026104882873,0.8655645538957448,0.09566015947298145,0.46757415041709116,0.502771928513736,0.6790282264247627,1.5008457280398706,0.5452724374988619,0.7960264192757645,0.1727084300761783,0.6568756180117725,0.5750277573622767,0.25491029005694504,0.13188165656467354,0.6886986175788811,0.2620727461109654,1.742642911466433,0.2234384912994518,1.6965706820145345,0.560120766969841,1.2399695308391863,0.1054512156478952,1.5118240972083012,0.35140388384184207,0.8326086682935974,0.4875139389316887,0.30815315977816826,0.4943074298138386,0.8172405372874827,0.8336250904521112,0.43645784982508906,0.16443414173103954,0.5101166840638911,0.6908200623176415,0.33684937125403813,0.5583727379122803,0.5092090773755926,0.171880846371963,1.1022083387158346,0.031016200206393285,0.5093983939123343,0.043357237055680065,0.5218665406016737,0.03737825960004543,0.1608527566059702,0.12034472696567267,1.089513218376121,1.8205299010785552,0.24322720475722748,1.1379527214390432,0.33644006602675003,0.19971543464555486,1.1860937436387942,0.9616589958957587,0.20891238883212498,0.30369989230436234,0.20932297565711624,0.3538926052896629,0.5833196361921122,0.1376853561839798,0.9994384898416393,0.37980980326229946,1.8491415668127025,1.1593132778581026,0.0910004205452083,0.4101530355437295,0.28318257956060444,2.9962834974414103,0.910628544548395,0.20018465534124696,0.5762150389286406,0.33021879621682704,0.16454002408915663,0.8928675060110582,0.4908695660278444,0.23676852152382555,0.3549222253522205,2.1767143883133064,0.4036297414587571,1.2833064400918968,0.07330471513866543,2.0414117414048913,0.648666498577762,0.07510925978817495,0.19523931997234956,0.24770328673544273,0.9740575749579239,0.14728449710900704,0.0943608945921558,0.92354022845195,0.632746100142121,0.2210840989189906,0.9686139767862367,1.2694269016083324,0.44318210725968765,0.09358016323885338,0.7273549439958293,0.12812020418203152,1.1150614365555287,0.2302571591644207,0.6208848177395264,1.504501044064858,0.6930438779752484,0.46637241413630826,2.234187869103028,0.04499025145053917,1.7848350668918516,0.14044693301198186,0.8185260417729678,0.4753292325835844,1.1279025916995058,0.14662057578097099,0.4869669394647537,0.7253123488386335,0.5907026636551629,2.5035910582554006,0.04948652138348397,0.515259773021389,0.6567525961946017,1.042452002788972,2.285488222314426,0.9820869123132943,2.801908512608656,0.16335594086227223,0.10958530329547511,2.084046421253716,0.02973638481472346,0.12455965249622292,0.30011499325074475,0.6602317926459655,0.7961504371369778,0.6556575432168765,0.42322555441077536,0.28969570009458534,0.8121136090163854,0.6440350845837712,1.094659216019119,0.13947752061823993,0.1954789866309642,0.2464449464022591,1.7554998372137123,0.2927107706662318,1.159123508153688,2.1864618029477016,2.556785977533135,0.06056529352775497,0.9997883790444471,1.6685460526735456,0.059165674585682504,1.8270465601052004,0.24301649732074176,1.2202976560209016,0.5774840497926479,0.4901826734205569,0.6390753103961389,0.2132152267433104,0.4520424740341762,0.7986767678512949,0.10763875062724249,0.16801234520855357,0.3399447250477448,1.4963124148437652,1.8080207721679318,0.9802062874656141,0.143148447592227,0.8727792231187778,1.212745026000452,1.0754152950844684,0.026278324861056634,0.5741019422909092,0.39211181974663195,0.780356719969612,0.9858918507074176,0.08491503402338002,0.09530943378797652,2.3222229245536505,1.61380729463522,0.08344243826749448,1.1906320872590088,0.1760766548070326,2.418057211879411,0.09589862768551449,1.1835132419842644,0.08649370981273452,0.4133470890657166,0.8535108670971141,0.5146490515970116,0.5337910882580161,0.013483798680583803,0.6920217669930497,3.938875867693876,0.22131919922934803,0.08698954016624688,0.4238413143261097,2.2317606700412718,0.22577547344772353,0.03532021361206639,1.5899139140206926,1.580701115244389,0.49389247403945735,0.23417780593900717,0.6303848795919145,0.5183416675393328,2.2144896861412846,0.27924950979672747,5.745513710853226,0.37545323852675605,1.1679654184945933,0.8714324689028138,0.6058363914843491,0.25134566421884696,1.4760115138751266,0.9484435220221867,0.09197558731084302,0.33397019053924293,1.4020317470305474,4.110740489023534,0.30529269096044964,0.6117253791225594,0.13856514877407672,1.1328401128120649,1.2469455168540189,0.04423131842654726,0.3398561552976357,1.7069293271995334,0.8243221952793931,0.20137369406329853,0.9870832754944001,0.5609306718229689,0.4075767459244324,0.8575677796126644,1.5049385093947343,0.9097929030604103,1.2543168161044302,0.47275788636233845,0.1480980490361653,0.7656126928441866,2.186597834468855,0.2624949858799168,3.314390398297233,0.3650689910317271,0.33654481839383477,0.6906824029200554,0.05408897914836017,4.735577268824853,2.433708046398798,0.9584781931805089,0.028213715420208563,0.5406798956124724,1.359772041814528,0.3909919835064012,1.1040485523134096,0.782033014743351,0.31280469440644054,0.8307879960356561,1.1363631917157098,1.3474418391083827,1.904003393798806,0.07712548575139483,0.284404797730746,1.75063504460108,0.4851540519933615,0.1794478529327922,0.6833778268313215,2.1303794501695226,0.36540247417424065,0.799004733927045,1.6330466597582718,0.3030995048124032,0.25176427561157577,1.918524979425924,0.33559754772664707,0.8066270835130548,1.423579711858992,0.5333668936979987,0.33562978489833306,0.06348523376505,0.1123999984953904,0.9054025523456362,0.47331022734359784,0.823749341661248,0.5003071870836482,0.02922005452158638,0.09524675094513124,3.0271102865374737,0.2842321070962176,0.1922578814717928,0.4178627244524711,0.2536430110029493,0.3449707239627846,0.12591204629763128,1.0817777493061602,0.9982237256058435,0.23459309632363545,0.36994035340940545,0.15225758639693965,0.29016679809267343,0.4997811784451067,0.14172750059394645,1.5212824344309333,3.6087847717132653,0.20140159880747666,0.228608779001308,1.497314026656495,1.711043567431663,0.32316681664668206,0.20480152677276028,0.648159107554706,1.1814239131761433,0.09203020308393228,0.6246080575273061,0.269916181090055,0.8733112515215071,1.493960438876655,1.498431568489385,0.09262250225038404,0.06431591516552848,0.1976104711634139,1.0282316653958745,0.5065621626072748,4.6798946159078,0.31767495961745423,0.03761558431821077,0.5223085739595282,0.5872606271698925,0.19361331668806064,0.31192678422983944,0.6711993042242521,1.1158639366834706,0.10147995155589745,0.797591516944071,0.09356132288267727,0.2545970790099652,0.334401296985563,0.594466963804585,0.2590076825992731,0.09695823029325099,0.2450101040893653,0.03585389441300535,0.12354935681387064,0.7124044761632786,0.06808383996223355,3.026065098588238,0.8082617206172247,0.6786957935415521,1.5951530168357224,2.0986184286535576,0.6454374758774393,2.5117678015822626,1.5588663965138694,0.04051010675087563,0.9035160585830962,0.16238452962731686,2.616349599936398,1.4167322975593666,0.3149513111852794,1.3202453016344484,0.4998418955952799,0.17643096621870158,2.0617197533735694,0.5614768427178303,1.043153373181686,0.593642425107775,0.5226436126524017,0.10380703229274402,0.31374670854996345,0.9853188330971546,1.0080788208999523,0.4696372956986239,0.07443382654247643,1.2508063908078935,0.056125644299853006,0.13332196844582578,0.28315715322340235,0.10830481709654749,0.4577396450015875,0.11832802229312844,1.3215552391195349,1.5147914822399229,0.11624845288124208,0.29898871894870704,0.4179761420849275,0.15257129473902975,0.24858606871816452,2.2173446183671954,0.3387810656046981,0.24276040996632486,0.07339839902580236,1.8357264804252478,0.3810367053467637,0.029414438586798264,0.5422754600416426,0.987620457453943,0.3604760407393829,0.9399018696324801,0.24401037188183133,0.24045282610378452,0.30001174098933897,2.797570001510869,1.0303949638199028,0.16639358225377066,0.12919990809914456,0.42893129602995267,0.4623176399400655,0.11314968995181873,1.503430330403577,0.2992369795832119,0.5693914756609383,0.9854105455606265,0.540983859882793,0.9972914507565407,0.16331369963469222,0.1883813910196772,0.07931489899186961,1.0646232229285424,0.8741588145433381,2.509086465949118,1.0195025659357864,0.7927444746102053,0.6686482216051024,0.020468417374728876,1.9387055881285116,1.6861662835286908,0.11517766751163322,0.4440123217791534,0.4056213400673039,0.3228298815900699,0.6062088782029432,0.6145359275122787,0.2086523613212104,1.0033961048377034,0.791821915138482,0.3867326098321684,1.0995160755200597,1.1518762784854482,0.41834123066767614,0.5148617322711491,0.12630896653793544,0.06394098989481478,0.43965600054970055,0.7709432177725055,1.044745215463922,0.03306659350033703,0.4587541183408933,0.5084523917938726,0.18442501727958238,1.618667701595692,0.3810078692703945,0.3842342029207513,2.0193372754510794,0.4659638623873039,0.5863557120313436,0.7307676656932045,0.11619107903953557,3.202468900817552,2.6641555169371127,0.43143065403489045,1.9530454999139044,0.9077175190451591,1.5134501255652,1.6664496850718473,0.8076337698630547,0.2271260104911731,0.24427958151040374,0.31200987217183906,0.034622008537740445,0.19919307792525065,2.1341320375821256,1.287228072555324,0.2658357000120354,0.1748232531286653,0.05461129606023807,0.39250910835783553,1.7183398169134625,1.03944286857493,1.7122220831508197,0.19349120161201372,0.41637303582134666,0.6310912339826582,0.7493993592846648,0.542225601315025,0.8086807383418805,0.4830459737619106,0.10919468303015356,1.054576068750419,0.01663608935690264,0.19259977235045328,0.05681369999057298,0.8607234514064603,0.6042455585841796,0.10348725704923842,0.13958716522146625,0.8518002795228548,0.26755891892868156,0.22730856861939458,0.8658396761930065,0.558430446215022,0.07574903916928576,0.7551863987435692,0.7874876764091764,2.010639247480392,0.3211537036174834,0.051355720546924,0.24256640255064,1.2887085662132522,0.053616747208101834,0.33448964682837856,2.153314855731491,0.4599383972132755,0.07709355124864625,1.2085355813345438,1.338648312509076,1.4291028642198171,1.4833027787894184,0.4062833004636459,0.6381278824525414,0.2922821514717485,1.7130750945715998,0.56227633419495,0.5004911358946745,0.2182688658525671,0.31235860125205805,0.5723406200735177,0.3884664994021165,0.6035065761964654,0.17013310604114318,1.089654769586269,1.2586428042819757,0.6427277072097315,0.1911729519894234,0.6524165721130998,0.3033763383879006,0.19028959877695645,0.9581957509545593,2.184310532350162,0.7639417027302182,0.2713867661331287,0.8731590427301548,0.9261653916278743,0.04723631646847337,1.9722262309668899,0.7116461012446627,0.38390749130718627,0.08210319936686306,0.7599240217038965,0.3465130531622585,0.86497246077125,0.6888328606343177,0.3573122626730688,0.21140823287129806,0.7839528598747576,0.28819680448282714,0.23171959798024733,0.8265967146959733,0.8445470380187455,0.4117624093971881,0.36471314533769017,0.12107887640986315,0.6576901666457502,0.6534973501965464,0.0842686063211473,0.846116412241974,0.09420054936376071,0.2230327819133485,0.6666728005016311,2.0225274187417073,0.2490061043013269,0.3128630251817858,0.25627130400299936,0.9236315173479495,0.5911802701372674,0.17689544234829635,0.4939701058103695,0.07680882366458386,0.15749849691396178,0.5624284642802309,0.72052569187112,0.08422209258803715,1.1316100797248962,0.23431662092147698,0.4097655625370624,0.13898933106384642,0.7916798444506379,0.2064998811401253,0.12347937979415477,0.9317178390914287,0.1584679635302227,0.28172613953990155,0.5185684164596484,0.40664864333664874,0.19799444690437173,0.7752449836292609,0.3018865458577529,0.6567748208126022,1.5444786561072017,0.3223082455984947,0.20872362713684778,0.14521601323061673,0.6349228535786288,0.18332464925149855,4.582657113414394,0.17734430289641334,0.3918570410340212,0.3274056785845477,0.6825527615751154,0.8370282010462409,0.06666521535776437,0.27561138027717835,1.5206996535176134,0.25411681534634817,0.771140658953844,0.26538337376141924,0.5583020367511043,0.09764215261519793,0.08504049957579041,2.6585946063873065,0.2590194541502767,2.963943042989846,0.4496945620482853,0.4633466336675254,0.48718683096683346,0.5870949786605971,0.7084929655901464,1.0530919150927407,0.47566403110846234,0.08642789195097997,1.4959789666306458,0.0956475811712183,0.3144312509181852,0.1583646882639811,0.029804521757332558,2.2540019578118775,0.7470684885435116,0.26339021266138124,2.7542380221894374,0.11727424299843547,0.30139287546708227,0.19754719800205756,2.5545787207934385,1.7943656456119803,0.37184441280142166,1.4853857032323319,2.1200550907860354,0.3852765437657435,0.30997761457258477,0.9746393885608511,1.4633558689136743,0.03601132029354048,0.18708149924585993,1.8365877370760333,1.6565179698617685,0.30099345724633386,0.8523353053285636,1.1260448217811487,0.09364174504691503,1.2272398345078055,0.34289473057497233,0.8858532300488344,2.299246616035861,0.06923183644739417,1.1663012642214512,0.2091458578581918,0.3038625402805213,2.2641336366491465,0.3005884775396622,0.41543841938685866,0.6114888772857396,1.1326537151512575,0.4306497764071489,1.6038675374738547,1.7534880227000416,0.6309334108766552,1.4271596917011498,0.20319533931640876,0.2502168824582053,0.6499827736636035,0.13301060846517943,0.6456564800415114,0.16909202509725685,0.35629573175640505,0.2286693492650989,0.8163339782436752,0.21943445621315139,1.9641357363179672,0.039139551896912955,0.05347580825030207,0.23321196062783978,0.588556118732007,1.3421469509081687,0.85332328301019,0.2813987720103277,0.0018566210887003276,0.6815847229506906,0.21852839839751115,0.4023826354482894,0.20872707618641584,0.5846435205568873,0.5721717666643713,0.5366316855540736,0.32938751516356635,1.655652404059646,0.9786852973506833,2.9888557690664994,1.3990610935052543,0.15793205385142894,2.5137837855912433,0.6179380374758109,0.009238273756260407,0.07927246909624663,0.7502907261326468,0.29528393496171723,0.7030707199217249,2.1957467934229022,0.5470243296420483,0.44016535189812944,2.542445344694781,0.18889235007787986,0.06582291021825237,0.4945411044080976,0.3815736489867293,0.4159839973993501,0.28475972730737054,0.3728351941792882,0.9973600830525093,2.2258060379046016,0.17114387815928112,2.9711911716001804,0.10563618788501034,0.23262131194891392,0.4116366083399372,1.0252861160011078,0.39169948168254953,0.8658561898163541,0.4573097772428093,0.4018904967356999,0.5358064046138357,0.6566537266443889,1.8890617795867302,2.1409345527433583,0.3534954633947023,0.4408047812408453,0.24458385668278532,0.1575978204092951,0.4197478468982965,0.51745864811151,0.6545883487266303,1.3174515837649363,0.3517597291564134,0.028792197157349875,0.37228383238199203,2.259331135784743,0.5881796488374924,0.8687751640676846,1.1782551474636105,1.7104255424141475,0.7294432680539675,0.7219205092347967,2.2615842463479825,0.24589551137566323,0.5932525735753986,1.4002382159742783,1.17137451989052,0.16734851979234522,0.8022683545463671,0.13224374251051407,3.4231363577566793,0.2825363627638397,0.3169692235248231,0.5032437015225313,1.633304639774348,0.27855470631525225,1.960245881212852,0.28239071812999705,1.2885076643899913,3.5346805726158026,0.05722311488442322,0.44493345977163123,0.7326923388266111,0.2575346136180875,0.8399601410499489,0.26826885584919613,2.140316988019557,0.22304849367937152,0.9772247552349387,1.0913122118771077,0.20600775653419667,0.18350966674123181,1.6097955277800038,0.691199070205026,0.5556815212576274,3.6706272535652427,0.6144497727644822,0.3222173384853019,0.2471749188338465,0.674813889876706,1.1268982763894368,0.14240082237148155,0.16932509658622164,1.6827253179143324,0.10173717808263877,1.1936073100491096,0.21128578173186108,0.39625865789748416,0.4309837956388478,2.1521690610984936,0.14868941659597074,0.18783803092089058,0.5175217068685813,0.4141404768239785,1.431877395236242,1.0794319489933055,0.03947165694243426,1.6511159310897348,0.01878676419477443,0.15407804028956512,0.2596058328694138,0.24832519920937135,0.565479237831215,0.16386810856623113,0.9658158234010767,1.0561694746246673,0.16129860011488506,0.31929716119589224,1.4675705389649365,0.15050144474234406,0.7831353893362816,0.23696299357508466,1.2310867730015875,1.3856857550150146,0.773692814229123,0.20688469275817878,0.757005873973218,0.544492761260021,1.3236932421792993,1.0524485579532759,0.5212748543895938,0.7934730267491481,0.12301246368962143,0.07991118305258249,0.22859439200304132,0.14606587897608503,0.1309524493901238,0.5451272781653622,0.4466725223176057,0.2864921149173303,0.5860977137996951,0.04615985488629237,0.1542873156000686,0.13050107176948422,1.7791354019744152,0.5046931655350044,0.9090534040975236,0.10922214351446491,4.150824559556906,1.4530539833639429,0.006386596249080334,0.8714254649783577,0.47979624965648376,1.8233025714313729,0.5282803058433206,1.814565734213728,0.06569701416668405,0.5691639907810153,0.5575346579706877,1.1395862198569202,0.30370439733171406,0.7768979535955192,1.0273867098709415,0.4057533841608983,0.11761275865626863,1.2531270407101867,0.9581538363488328,0.5901639520871673,1.2190684696784218,0.9238079799093935,0.22985068025181787,0.0821038347809967,0.20279382537482205,0.6562755972555613,2.028100011627769,0.7597276643662687,0.7478835600141898,3.122232413111182,0.07650078647689085,0.1273049377844676,0.7902625288112268,0.59845946203572,1.485032155801527,1.221257162107166,0.9192562566224549,0.30779998894849914,1.1662404952476608,0.8569816218102035,1.7909053197916291,0.19525223879818587,1.0215186081524723,0.08643040636017729,0.35411354548676954,0.1274699686101813,1.451938053292247,1.629566676946744,0.10188967459827736,0.37936357362354933,1.1932050090760251,0.8479001205711565,0.02677980456026241,1.7316548320690253,0.2658761355368236,2.1327692408414674,0.8181171980152901,1.0569620879758497,0.17945805714979501,0.35385996091598865,2.259018168836504,0.29201209627617164,3.79649074298673,0.20224503818669126,0.454334974462149,0.22651095887416728,0.06346175512452923,0.045588626590878034,1.2199164530406184,1.1285825687857285,0.926867728478958,1.797436962223113,0.10765856560701526,0.7662504550232067,1.3396992067346492,0.16451493044473398,2.1348490650013887,0.5377382312459542,0.08070606188472429,0.5003236442900607,1.6882529627799996,2.598639892888748,0.2745277022757213,0.6553020839643703,1.127308721714912,0.00888737277698215,1.2796464444093405,2.2996325712021735,0.032616524643479805,0.5724927030854832,0.6724695568923826,0.47699497998758134,0.07401127633407523,0.22810942429979497,0.07202160382354106,0.30810062713516795,0.6419071935773497,0.36285760701333314,0.5337357065374734,0.7564419032375831,0.07543862951426772,1.2292584054069282,1.1444442106474801,0.08039617010459388,0.39940945634310865,0.42739367083330326,0.15117696874516673,0.8209832254424714,0.6601767492857413,0.0948849597905278,0.9844619526351392,0.12563613892751285,1.323155386117607,0.36554256599781326,0.3473269024557848,1.2287212577410402,2.828845079170542,0.11795741173317542,1.3653389092628585,1.1339369725263264,0.31997744544151996,0.40519140930102393,0.3546785416850433,2.442354359951572,0.2395063888499247,1.2080452870212508,3.5851440813294144,0.5268801063721986,0.3781673359500153,0.3461073926383283,0.2564903214667098,0.11885875587875683,0.6038044849163644,0.4156391960001451,0.2806508462099797,0.16911012365752842,1.3576592787137793,0.08837560645408393,0.013302236144092427,0.7622013605576379,1.5754484928434696,1.6170381232557345,1.3326627274046978,1.0253033061617334,0.5034612252758615,1.3885832778434795,1.4417873294710306,0.44762643917523515,0.8183225760603108,0.345115012786648,0.6883518143212727,0.286073589750965,2.88251296496131,0.1942297955518537,2.004534039888165,0.18321696739118792,1.30913657971354,0.655141821864412,0.4895252418795354,0.18325352374465864,2.8440004966735017,2.780726290100843,0.2844760544331629,5.945158830823391,0.4304411558421455,0.1440938843522413,1.2211315917357233,0.12995375440673024,0.08932904429762539,0.09136654761802054,0.24396643825472641,0.7610911860880566,0.29484451294355163,1.7139999334360094,0.14768159650809043,0.17349512441960735,0.4794667334242052,3.752227066820143,0.3527597930743781,0.20452424690332394,0.588080319472252,0.18031913114979115,0.7950194419813278,0.7916749025475618,0.22774009715076377,0.29554124036722706,0.1605916097670319,0.1620768489049219,2.5150781141416005,0.23020127657950296,0.1774276817543332,0.8966464545370798,0.16859952669764589,0.1151511279679156,0.6353822662775989,0.3838228702410481,0.6425690495303455,2.923606543177089,0.36116161604870367,0.8482680305090655,0.5587216227788787,0.6277604187357584,0.7346118263548946,2.211992127775843,0.23642745642933782,2.2382718398837422,0.6691395265448417,0.25419627827198743,1.0331886484778516,0.37359586465543526,0.3652842697349704,0.10911593174108125,3.7184197191013224,0.616151877735302,0.3657935264711464,0.17209616393256993,0.08383945805159215,1.7582550377765322,2.1566032773063113,0.4756879729551331,0.5130319090299419,2.5091972580322865,0.47997384657699516,1.4082174390159474,2.485757448297436,0.08722171061933479,0.4564236100045189,0.6755407833503424,1.296525046366062,1.4752484627800666,1.7042343148471306,0.6708445009348557,0.2080449932367795,0.07302484959631411,0.0812093352728418,0.6684358866562234,0.06796150118624245,1.2502760865154252,0.6329004404611085,0.15845053796355302,3.1340704315922348,0.7314695903168832,0.6476844784673108,0.2746304229772804,0.1900426617560188,0.27504290251055463,0.21880971654306514,0.9530862994266488,0.22498584008749867,1.452375191320061,0.2404422977348678,0.5903198938878309,0.705218526047768,0.35650992853884894,0.5106952487857646,0.44232171277518795,4.0733683387950785,0.9108653751224247,2.6896347550328703,2.9809049862028707,0.17743523127745853,0.056045850206652204,3.0903120251794487,0.7455591901831248,0.3335992802262915,0.3548691573160663,0.6069775231445207,0.7852987898622803,0.7415214863416189,3.1524977844031232,1.1159973159223011,0.20909250721675157,0.24585060217738897,0.502258044208714,0.2765707027218476,1.3820958546216937,0.35970440162326506,0.6711485991679601,0.32786317803125703,0.6017883825695791,0.3287652502732249,0.08544593150075147,0.6270378563298195,0.2362862504492308,1.0593475354892197,1.4930707865225143,0.11683658214646842,0.571004025366719,1.3992988586697799,0.15355717459337692,1.5479155032981968,0.03950439386191151,1.6787096881924328,0.4965909512683169,0.04487840529063376,0.3590663910596992,0.3029383516030766,1.925608925485741,1.299295141898931,1.1151016012512058,0.8054312294336268,1.5717016040223237,0.5700125169444998,3.301740889597315,0.2518476727712855,0.17234942363877614,0.0967053500788797,0.9890490145906579,0.16520435612058632,0.6924565678539807,0.33980270267633517,1.0403738206296376,0.3781138721748848,1.389587848797397,1.9163213770786973,0.6370265479902885,0.2080143330748021,2.098052545113867,0.6537934763268626,0.44068209407726366,0.5720716378635646,0.15734080750775192,0.04870700119032434,2.264305958151456,0.6430650594192946,0.14902936226759755,1.2647260975190666,0.547185175809051,0.25622251457691836,0.3050882579818164,1.7676543108299465,0.18747525461563114,0.9397784760683379,1.161135119803462,0.6468471819485009,2.2431501472376505,0.48852264868110123,1.7557929294398804,1.4848003636749556,0.28584935452702875,0.4942053648324394,0.8040612771919808,0.2947396149113009,2.354505112825557,0.14244842796714408,1.2997304677194284,0.3583953003544693,0.05027096456000607,1.1603080410894777,0.06916739957565377,0.020414882040514254,2.0054485264012794,0.5338221361543855,0.9431015303340027,0.45664925574005083,0.41763000877111145,1.1965124928292028,0.8375827718971596,1.1651360680589642,0.17889098762007105,0.2179810147169024,0.29927389217611916,0.21121563655485365,0.17626677486240494,0.9289618698019048,0.33799046508424885,0.15090203665245894,0.23127587815109668,0.26159532260494806,1.3677304207162164,0.2413406520914825,1.5500472244221863,0.6822945812173354,0.13188782004462896,1.6999276191835362,0.2349979729420757,0.19121533242223498,1.1116792528333928,0.2344419866408496,1.3415069923903242,0.4754860635485798,0.32275978806223515,1.477785952046706,2.516717899379434,0.04256916725886373,0.3475477381473817,0.4552530713310978,0.0927824657767995,0.020203220977712377,0.49787592105230605,0.3588865914152328,0.36383792782081137,0.6396198522630177,0.2942638383537556,0.19985448881919843,2.440973959264105,0.2794847634945871,0.11395421428985042,0.27185556310775205,1.4928812754719734,0.49677238369096477,0.12824377678797047,0.43512242250562727,1.7370938413149806,0.01900149084947403,0.41202878440071766,0.25486154361902136,0.1651980861345843,0.14016814706341663,0.8120830843265219,0.9362613102209641,1.4606131431200449,1.6170298438256026,0.40440647081389913,1.4748594668583694,0.19633262995775283,0.09463214055724001,1.3561103073370637,1.0283777437605235,0.863342144068966,1.023091139260048,1.05389940772529,0.8244291191819552,1.3756079178989438,0.331303224280588,0.22468013515463403,3.435996101169654,0.05647117749977881,1.8374114539708781,0.944597121551951,0.7340636388412741,0.16662820664599987,0.847991466531197,2.0852962303333307,1.0010915790916757,0.3727826953878943,0.9240811448417554,0.2539084528849629,0.9214945695710333,2.6978853365745024,0.5007167946392725,0.3248066939453208,0.2154924910410232,0.23768578516564143,1.4372565975229241,0.04770231700651539,1.5216367096916048,0.8849685692866013,0.4094865297479928,0.5327668829740595,0.08224220456669773,0.9402900004406398,1.033037299976455,0.6619459866078201,3.0712130708291654,3.3518232815109363,0.5333861399002539,0.11136516316909162,1.1550550844040428,0.2712864025837531,0.0759173218641655,0.7566276741281781,0.044927665924879734,0.15272749407673747,0.41359293524020824,0.5395042742672406,1.6486475249850914,0.5375804151314132,0.12950659102048345,1.345816224910148,0.09307326796931095,0.31906023282998347,0.5013692289422005,0.6125913992721843,0.3072338854725166,1.398959878282961,0.12310591573142626,0.1980480493333235,0.4498305041063516,0.4301416717051225,0.5874897351399944,0.5409358991279034,1.158767052633369,0.18135680723745812,0.42078427168420196,2.870474588938614,0.17125539257809275,1.9938722303086482,0.6402731092977276,1.5878391560827307,0.30702876061671946,0.5386733603622421,0.40951843019934797,0.6883107177815444,0.06619520723450545,0.166744269246751,0.5593567643037491,0.8276260532184021,0.08008664078185218,1.2399904467653124,0.27238443522682343,1.492131406691849,0.13298728665902326,1.2581207000931673,2.1162131788486116,0.10145244170064338,0.6926492732751038,0.917076100889843,1.4520063615730021,0.3315606423124837,0.36800950621673545,1.7908313703190462,0.03738930855745448,0.3803239000055574,0.870896450116939,0.2965955550086232,0.10272459362233,0.7833573962177038,0.5419805883355282,1.2506343497807348,0.12511565562862947,0.41331947117463746,0.2549860296711848,0.30865324294410723,0.2881981993892938,0.8398035489803891,1.2658905934830744,0.4562686382205573,0.23660960192738006,0.15820591617354185,1.6682939616419086,0.19855969649545913,0.45330151493150217,0.3105918736953618,2.4898404191241545,0.15108632678505624,0.272986889575104,0.5636614969027993,1.0141874305371192,0.8717554575527624,0.526173491489622,1.1710037606678734,1.4524097765850006,0.4719260288279583,0.0589072057907612,0.6472518437127257,0.32073206395777143,0.38654162620846966,1.601439835858159,0.16704311589191334,0.4386288022922018,1.544279517714146,0.09324035721409213,2.2445716022188265,0.31298874819648215,0.7851629995200334,0.41110627930234034,0.8580525695142502,0.7474473026200593,0.28101903968406694,0.7957518019005324,0.5364057086763592,0.17290057781049617,0.4141853760804989,1.2704521236384636,0.9948500358304322,0.31204787398793576,0.18591640922604072,0.21067493641593127,0.9536963061379933,0.5470136089682897,0.1112601301994806,0.7339863803063463,1.1410704872878346,0.6489320125098277,0.06182703445798765,1.1201216291804308,1.0546263596122967,0.39382025097009554,0.9362352237703475,0.33326981421098806,2.8472587473955917,0.6142259711783096,1.0070845029175906,0.5545004226863877,0.08400709754018099,0.6175175538710345,0.8191696029187909,0.9427412582077902,1.5278273088495136,0.47519502841055594,0.08331260556284437,0.29885729404267036,0.17540696458475302,0.20731110241071826,0.1488004969482144,1.4468056846476307,0.28791236192931324,1.34215474501654,0.18457481467357778,0.6768644494086348,0.34828434823165566,0.6817744303557434,0.10117978919487491,0.8346946526537675,0.39502366957009266,0.47723371660818026,1.3601647725510377,0.4390762424418706,0.24384251037932692,0.49873052052086164,3.8315071340690046,2.225508428850208,0.5427785581699411,0.21116202609591062,2.513896191219758,0.08120410430422131,0.4437795947014035,0.2152084927112733,0.6280616131520415,1.7359228141438352,0.9829912997398074,1.2407550492060062,0.9077174414055967,0.16990657381065855,0.24065920021099518,0.5865909898753258,0.825424131758372,1.2876582210089387,0.6859163696979076,0.9390741406408026,0.7274899446133388,2.6986832233265097,0.5383448390649681,0.20958617955487568,0.4141702392250697,0.32424107804699537,0.6740959637161327,0.14059615799927294,0.4462246937665334,0.8274336293338143,0.32417918972383897,0.14925439060089318,0.21422067042131943,0.957183794600584,0.09047143065714408,1.6003959521128435,0.6711025045334678,0.5194680995504639,0.4564111484208336,0.15457409166106895,0.10432560935452817,0.4753254627338872,0.511085891488034,1.615285005501443,0.02507457801317252,0.8761614183330564,0.4913221714495204,0.38173152906388275,0.5723237091900055,0.8168106316026699,0.6635655098494813,0.5209115831118165,0.4245166103828386,0.13933561622858603,0.4708956846302503,0.812878036960331,0.49709074851952684,0.42965377697662455,1.1866019054272627,0.0869054761482082,0.4955372228003375,0.25357223378631044,0.1956712933805464,0.3590736601700071,0.4983187737618542,1.1052718293260384,0.17856069224826576,0.479820218471648,0.23083406861294797,1.376298768736026,0.1581159641862635,0.1145114465576158,0.45344414459733207,0.19876082393865335,2.507061439838119,0.3355743635036752,1.038049625703549,0.46434638951227253,0.18647291040840686,0.5872621017389947,0.4159867191765776,0.33094740612198703,2.227841415904315,0.3447830291425643,0.97711119762665,0.6789643271578367,1.312140713606992,1.7742691239232913,2.294862242054446,0.0649960350961078,0.9875901176254186,0.3508943513216539,1.9942737932662322,0.20534219198833065,0.03438427529131449,0.7092398354409499,0.36898225241982974,0.32668795895280045,1.3614290667286033,0.2673092376484669,1.1036413985723346,2.141025164543468,0.11199213828276999,0.268816946188815,0.3076557016630752,1.0628824824882568,0.6399714296146639,0.5738133242761679,1.3764314880256452,1.6397108500980486,0.6718164255488552,0.25307072003613534,1.28366979697776,1.371299908688905,2.657404705318772,0.2375827641195476,1.2332850650624456,0.7312690310599046,0.5898481016434838,0.21405112352492706,0.6702724167226104,1.4268734011525708,0.47190334713212667,1.478106623666296,1.4273637277046753,0.7249321247759197,0.2668497788482683,0.0613230453203677,0.37451772338000405,0.804439978329116,0.4847579355735611,0.20025947308353126,0.21316168682600967,0.2898052987761801,1.3946179465951012,3.3452118950202205,0.6020053918194748,1.26858677403822,0.26128283951236647,0.17480888933907907,2.3355159340353877,0.19113411011291714,1.7120738930546961,1.1651229480040755,0.7618673951474699,0.2835482619104427,0.9126980058622938,0.5724334848530748,1.0659956453205701,0.29187963519515003,0.12607431637293337,1.5775317185393565,0.5383405418795139,0.7786976914328345,1.0545492099476061,0.04155579965085243,0.1871824632136101,3.2398292752537525,0.3901612461231706,0.3758823864738125,0.1076846755821188,1.232294596875712,1.0993723402268174,1.3071161225420358,0.7123600454122712,0.2833610143962826,0.4508510083683277,0.047426301937961685,0.3263985082917872,0.5859137058347046,1.850077396837718,1.1813935743653392,0.9456064637216284,2.0225943146648078,0.10596809537918328,0.2417168254605786,0.9798060431868549,0.20830586332303813,0.5900629408311557,0.29535954795985564,0.40720524892842713,1.002065189910045,0.4253603232773727,0.6572140061996763,0.13588603838192737,0.18782981011942668,0.47842043762827036,3.899485561376785,1.324222310910687,0.10725337965116274,0.11069793698673269,0.11440952465401971,0.044684339277165586,0.39234964870005884,0.2570143790445035,2.492016886305696,1.0861912582302864,0.21049090872298903,0.34900739020187077,0.5475813248422073,0.0995312782528398,1.1083784149158258,0.28651252714955766,0.18136253620632325,1.862480735186892,0.7291969417456803,0.08069560809022555,3.203060938620733,0.40344834942714103,1.533775177339559,2.1000101523512624,0.7568982218530764,0.38544429424964277,0.8001844994809448,0.13271669908394002,0.3159511178194293,0.11583476244433422,0.6563129078704717,0.62182809780412,0.938805171461316,0.17140586416291215,0.3244233538149852,1.68043157207755,1.4439628399767077,0.26432256820744743,1.0883821995755392,0.8416176536970956,1.0316616091069588,0.32915442379861787,0.0992129805993891,0.01017068817902178,0.23206136871649877,0.9873865996961514,0.1793144849913647,1.072961830969273,0.547153265201541,0.19230125946823784,0.8086152122917715,0.2811028041044955,1.8655070149782582,2.1671451740211425,0.3472314856536909,0.1150088061860115,2.1282252193434683,0.06378467396477305,1.7970318797522649,2.1870902205559517,0.8535244175832521,0.16912688943201437,0.0900816588350406,0.355869578364666,0.10574342275034487,0.03539900361183901,0.48438219025991724,0.043205148411850414,2.190175058345622,0.15944373087447616,0.49962142927547104,0.37140531807908383,0.10629812079518264,0.9240391151128664,0.6658317894222286,2.8344165376664003,1.5104454192290417,0.866933240886993,0.8675842625986796,2.7584220930735017,0.4893561050944154,2.1665877874003394,0.3763023069116667,1.6943335259577232,0.0597699082869837,0.24797892513507347,0.7162253255098099,0.4816651930385557,0.22705133629121887,0.06325926112886504,0.9850563846191198,0.5908951592869156,0.583207145689762,1.5078258938117446,0.13803442299091184
"((2, 0), (1, 0))",0.7208111831980051,1.0119654268480953,1.018797297647227,0.35001615740638575,3.0318988463217265,1.0608265870145068,0.5335277196533558,1.105153802226669,0.5097781393377971,2.04154812262852,0.1494364176425853,0.2815692837531504,0.7328555420548876,1.0777709573340173,4.671327611202964,0.3374692584157817,0.6441195038881459,0.8952929600573178,0.20960824019043267,3.6532226198319675,2.4679217744119257,0.08271286912949372,0.33466220620324494,5.1794382214642605,0.8850763985538326,0.6947969756762622,0.46907078154906356,0.06877876626082446,3.235655939736552,0.49420743507865394,0.8456764891753072,1.3086166208239194,0.4351928368227864,1.571799466999844,0.7317263065203454,0.43018401922466254,0.27610814935323913,0.5680529006956039,2.1745072756261474,0.4476737253349804,0.7868025450018623,0.20981270264496393,0.9641274123021734,1.1548895096374807,0.43971099436694927,0.37816043339579786,1.1937862607835776,0.4806818260434619,0.4512052761789007,2.3863795932985052,0.5606067516150008,0.6766990045159762,0.08619383174879669,0.8759133940430006,0.940026896932021,2.068751737070246,2.8334821043807716,0.2181897761537419,1.4297315126048975,1.0656162023823985,0.5258194870558999,1.926866797726644,0.41393515938594083,0.35365517515795586,1.148421315223159,2.685913650052064,0.2343204000232726,0.5294376206735115,0.42047522418096306,0.6685138966205266,0.3683395367860921,2.6165329284619596,2.5280633906331187,1.7165497223824122,0.29382821374673007,1.167270825440786,1.7210040758229224,2.115520701927416,1.987658061175304,0.3302191356172902,0.9172158061616489,1.2302291130332477,0.24769957531534642,1.5060353369916706,0.5912042705423763,0.3827621836826308,0.29769099092368845,0.8630697816981833,0.14353210673712058,0.13097021342364168,2.5553292274536243,1.3708632451052645,2.015255991048922,1.680327928789895,0.4442125743271266,2.4049847267711995,0.7473935950217991,1.4196526035971642,0.41181768324579116,1.9372017547145632,0.493978130902204,3.093693446250964,0.3079220267872709,0.830742048058636,0.7837295412661274,1.8430142432399852,0.9525199580943825,0.18742227611939333,2.7555163421169744,0.274757766976256,0.7949499226208689,0.6799145305894949,0.1692148179822297,0.714542978594318,0.25884971619329195,0.39198013914398555,1.7828583025321092,2.292730089118836,0.4158503899397002,0.3162114142626854,0.4405731155862525,2.1762685725803816,0.8375593815107486,0.10374516277657109,1.1527845192168984,1.036847010984303,1.1055920487672026,2.143378450772335,0.536737585784893,0.42338450772535163,0.5494873774021718,3.667625019299248,1.2990643572527136,0.7621099071022621,0.7975523253311059,0.9776631465267605,1.045354018269479,0.8107457759428505,0.7707421982417983,2.97091540158589,0.6168135102395169,0.8464220976742689,0.7912363447502007,1.6264658299867065,0.5554281165719834,0.8892257604303211,0.6472877089124635,1.0366970576864207,1.7824999920202897,0.20421284858506564,1.618163770588394,0.43778922001013937,0.33051151797788547,0.5391032346120271,2.3173958489125046,0.21430187008348867,0.8895559384163239,1.1901461632353436,1.1081010352457679,0.09373342350026681,1.7217981224163175,1.46032681650144,1.4879074655983553,0.16431013337864797,0.8210753435226797,1.0248791300633768,0.781019679338051,0.43063800249676043,0.3937949264842535,1.5668703947541138,0.45554694895333525,0.49074001255509636,0.25912728956837017,1.9333164865399894,2.0710826165392935,0.6388223288897439,0.4055095396366506,1.0855933584133348,0.040934167218761974,0.2355590605144718,0.7148214659518897,3.2310772697052297,1.396628523636888,1.733956883957239,0.232744687235648,0.32259219061139843,0.2518415796261701,1.8374292699484505,0.3819764572304334,0.28572501333431943,0.9374158381252264,0.8148219589420417,0.7352028590395938,2.507343830400628,0.677278742060734,0.8473242661125195,0.286417628092908,0.4211342033261144,0.9005414743528705,1.7853336627845113,1.3929625835460502,1.6014175657757186,0.6337062436119099,0.2261834805525278,0.1464333672514126,0.7144481441691035,0.5106234503391086,0.7929243045597212,0.5477881548156667,0.7764869093434346,0.46968855700789625,1.8702991078656155,3.2272133358790294,1.7410646439195638,0.07209904459409572,0.4990367091350288,1.4397249588812542,0.9831837219510462,0.11261366759260949,0.20706787166764296,1.0826710939729038,0.221631894934414,1.6386002773690183,0.7482705251704149,0.8368315671333126,0.564329750634509,0.1090329495338504,0.18676129562792199,0.22521902874890454,1.1229081314922358,0.589912660076149,0.917485435583623,1.5776946337284583,0.5687360161144888,1.432094792997268,0.1488413393906578,1.083479537607168,1.6453373448367872,2.6435206253840904,1.013724853015095,0.8611578571519932,0.48015131964076413,0.3386927841157603,0.5381215923500775,0.17652843824232678,0.5219816508318905,1.4749808736691823,0.9562305948474504,1.1073493857693837,0.2342138085248453,0.6481201095909365,0.8279270345442358,0.4955840628402289,0.42301671002755437,1.5951979541670742,0.2512477758872071,0.09974961111778208,2.718634611299948,0.2207834264800863,2.0417183823168887,0.7295922217977938,0.6715829147250499,0.12978821812621388,1.06617329996355,1.1813584559212327,0.2565867245180281,0.9738232553261366,4.43066518257155,0.9435934567264558,0.717907853263958,3.632803952277459,0.9667776846208389,3.2533820400605458,0.6175245452392775,2.2206191408567895,0.12133624818214389,0.8218880125274639,0.7426824727062533,0.4013605453523621,1.7806396275290144,0.5219422832840471,0.3924732622203171,0.07472959399593915,0.15571485778683553,0.773175179807787,0.6705620810011466,1.3597850866608037,0.1902148795773444,4.887377184253683,0.25640885247258105,2.0779943710040705,1.8651876962650134,0.43052091639767365,0.6507320333533998,0.41988050815365907,1.886431796615506,0.4924051418971229,3.4259874016463057,0.6435925291070246,0.41932428080121636,0.2896087623556881,0.2606683315033983,0.8704221406880795,0.46285879204396985,0.6355454478953464,0.6840080698824429,0.14080078620247283,0.3026494127927659,0.5572718837638087,0.42190376517635286,0.3643618644976995,0.22948318488270136,1.0528054011223056,0.36340076038943686,0.25277462453930993,1.4793763280271777,1.1211306102681222,0.25203992736100117,0.9295288400936527,2.1643270982501885,1.009226656406273,0.3243448667678427,3.804955036907464,0.39289024434618747,0.1197657006059466,0.678548519140154,0.2887276669010953,1.7763574848549075,2.08831788426499,2.045804786414065,0.5474226104652344,3.4250165419686427,1.2980104891634803,0.4691566197630237,0.7244281096581853,0.6550997309784377,0.21980949688852114,0.3495618793199836,0.947424343027963,1.9064972722788516,0.5343238269191615,1.437873552523088,0.6256596838802445,0.9681050696247636,0.900074551810589,1.6397849004402922,0.9049665965257678,0.8314491817213793,0.8165297831434315,0.42392132875117516,0.5152474062470896,1.4423301579670302,0.28735134073194873,1.499388271968862,0.11132823461670527,1.1512800555019722,0.7255001485968625,1.3723148155503124,0.8409242411795153,0.42421361602479113,3.374873116412596,1.0387947423029262,0.815855932403692,0.41403550884023654,0.13133755903613242,0.3833738091699992,0.32313469372982784,1.6724094128246976,0.9422264040985442,0.8414626393377937,2.5720426425488756,0.18887446015499443,1.623385345775124,1.4512138085863378,2.277953326627718,4.266122376572881,1.331001999045792,0.5415632484240933,0.06465985988734152,0.8968404539586203,0.8654775464018817,0.7065172093710511,0.14615147655477378,0.9227971635246932,1.6115069539456235,0.3535463176762198,1.0016297155635774,1.110883416266232,0.25230443325960805,0.36965972814561143,0.8373717844736399,1.857536360060121,0.878130671123091,1.1605956254714365,1.1570817861406137,0.15268114412221023,1.187253466422106,0.4628646174406399,0.4808414149046396,0.8831408534666958,0.5950968202921763,0.3405304123718972,1.521183133969974,0.8605476994663568,2.291834433779976,1.169397947250897,0.49276942954681524,0.8975229965644267,0.21584924094947278,1.551613201595572,0.46359787254058293,0.2790458165697077,0.586696629959434,0.522707491728623,1.7250533559911199,1.6227931302515302,0.40509131519337616,0.5659592155149058,0.21541743029292693,1.282966819284114,0.21394148680038316,1.536930704468781,0.4337678150910831,3.368143325458638,1.6184655113413668,0.4476167094130892,0.5767212029794515,2.419698767397449,0.45845916383223423,1.017584178397827,0.6825016784994183,0.4592490986064401,1.1787121708501163,0.4387568801578043,1.2639587172834248,1.2726698131707463,1.4849713444456565,0.966918453484098,1.688081029886817,2.1186798642568885,0.7471744743623767,0.8401296521784559,1.007818951896401,2.541264227895395,0.9363354064864846,0.4136779674178198,0.44677887045615444,0.6180753018089673,0.07916927130156581,1.7591886483470467,2.8081027144900803,0.5661970478818562,0.4094216378409299,0.4440589898202548,1.9964980599480928,0.636932646072828,2.2482840816922622,2.0802654305865222,2.2494873359435608,1.1429566321178126,0.6816845352331691,0.4867984016851086,0.221208749897998,0.4611612154362035,1.9722390800370533,0.6519480468132882,1.8690500956194864,0.329126018157629,0.9727596993911682,0.5818831831957396,0.33590919604854497,0.7704058985912839,0.9994006395919461,0.6656348430616711,0.8359525678153172,1.8167628549710937,0.5859011690272921,0.3106965721254617,0.4531472220066618,0.2879074086977359,0.8892106502133892,0.2489793487232207,0.9110833696319233,0.27751559676866266,0.8964746904896028,1.4843853384888779,0.9316982380196587,0.48257809155883624,1.594444223774244,1.078510294784801,0.2526228032108506,0.39015282563336284,0.2840469838719043,0.41573641687916796,1.9477102100399497,0.21745143268918515,2.3593957997153807,0.4521918166501019,0.7007706990558735,0.7893226376699696,0.2724581897415458,1.310283286785856,0.3476496537608019,1.0259215575817435,0.5766593077568911,0.49829894892636595,1.121282095302382,1.1711536520383339,0.3397644414765455,1.6698017570632069,1.0818638174193018,2.0757916471342157,1.1182764691357725,0.920511964829517,0.20477411765039988,0.5821238502123027,0.8074907547842274,1.4765810825013472,2.457643324331014,0.9383044712145877,0.2893504574626066,0.8223604102486963,1.2725261256865277,3.1220047893727747,1.4988558648898564,1.249024402143669,0.36705502971183235,1.692860698438536,0.8103517613202049,2.4192399137092186,0.34512715247674386,1.1057628523310248,1.1335154650165054,0.1781637794231754,2.2181950830393706,1.1336192847422741,0.17480869031645763,2.8115353823755425,1.695801273728755,0.47690938966358365,2.050494043841882,2.4392340810788777,0.3998604593347381,2.1027299571608524,0.7390632414936553,0.5701381840960874,0.20430528037980578,1.250504639700725,1.5132063402513836,2.771301670357283,0.7712771271769538,1.4935936253683884,0.5284842401206085,3.1971133847693247,0.9561819828392932,1.131952708759578,0.236742926087269,1.5788330963321608,0.6149561078901098,0.6225004316989996,0.3406203059979643,1.7129305343354888,1.38472706667952,1.814336300603484,3.431895027070735,1.583882186219996,0.898020414930911,0.062467782335921984,0.7240309208171227,4.6331433648129465,1.9946883117401075,1.535493120510093,0.7102426054355511,0.9570379672520126,1.1832403376089884,0.1727659173816264,2.6927258899822935,1.5428486439450442,0.720412458178586,0.8410175351251448,0.4086900629018979,1.0775655345881745,1.6161330175237225,1.4675769617686476,0.4297109505609253,0.595423306611683,0.33979245105769107,1.93587417575461,1.1492510409301,0.6341661110540051,0.46368321651579714,0.20321628521457413,0.5895338096953587,0.5862329071638739,0.5559905456584936,0.7298119962737127,0.34777193863011235,1.4328824051106546,0.27872819593856074,0.3990401969547942,1.0368197986480583,0.8931395820523516,0.4874793768717119,0.8564585810925092,0.9343086743592544,1.2496484645031423,0.656650535918055,1.3296388839597877,1.3291613076338327,1.2386018698939418,0.9247208828602016,3.1250460122674553,0.46943644579740784,0.8914383536069849,0.4817974708648122,0.488708813059197,1.2836288268681892,0.8008993875061328,0.71073501012232,1.049014141062718,0.4207388271863861,1.6105220026843865,1.5893692256914287,1.0445427065914716,0.1276068685987244,2.6442217439904123,0.7792633370281654,2.093429109761982,0.38915213193072024,0.3390571750329051,1.8705211318418271,0.5817817336101758,2.4814689911506003,1.9249087791691355,0.18832586992249062,1.3637393129155893,0.5184044919101154,2.343869417310669,0.5581273888954175,0.35880071633354227,0.7269500370334787,0.6445347361861945,0.5036603554592176,0.3761554874088342,0.3826457029153443,0.3604914781571045,0.9595570354738346,0.19542316273645732,0.9342654381131246,0.4583270655533569,1.15035843985265,0.9556928347725449,0.7047897517882202,0.2655837421073863,0.362673847976268,1.34617819909979,0.4812236603091671,2.6138759059316135,0.4862345182423464,0.2478602034707788,0.7619102776476853,0.462198424851813,0.22403668950404737,1.320765237422138,0.778155722366487,1.103578510059202,1.5927064910154307,1.0730749060022893,2.001189416721911,0.3376320444472243,0.7702024365946629,0.6036641606104652,1.7385950944415853,0.6813662974737709,0.7636122865203642,0.6878141524366645,0.5091350926624498,1.0339000918707129,0.7066341180495173,1.8345006499472096,0.17506717043977127,0.4778963287678563,0.2885884468930756,2.3093188442395163,0.038714851275646056,0.3466432118369367,1.111432356848445,1.0778003907529916,0.07286145433250074,0.3517549517208082,1.4091435407020951,0.07239609819205162,0.3241763085887006,0.49308795124099425,0.38722024924454646,0.9900914560362659,0.37524608676677484,0.37382000891859746,0.31103218485661405,0.8227269759218545,0.20980492696667766,0.36509074409597303,2.2998270712127304,1.4753997419639997,0.28951560843366764,2.683355370565743,0.20799576325695368,0.12482914875307949,1.1696358443627686,1.4949274382777116,1.1532116931033052,0.3479331533085648,0.8628839193409266,1.262364730130146,1.1211778724150645,2.3626309665540015,0.5033887315648884,0.17827823647053906,0.542604999778878,0.872076612333639,0.4842670499822881,0.5997909829431738,0.5063691636348474,1.0103291886028591,0.5641524352430874,0.02645591026537253,0.504819880670831,0.4326269273019544,0.9905434944720412,0.2615717456786567,0.4682413067741122,1.0111793886031621,0.15335794789612892,1.6370674231377136,0.21446847545226055,0.06859733127800038,1.0989120270478878,1.3143733344635056,1.6823909950707734,0.9271652395081276,1.4354389884684569,0.4518230047224807,1.4547163980199849,0.5171137660248696,0.7348832989162911,0.5883440252381325,1.0444117656937326,0.9396336205472102,1.4973072667067766,0.7014419356601962,0.10700520956166204,0.5455976442119611,0.8946018778564342,1.3233788186693332,3.0404435064763113,0.8049796674579762,0.39877997319463765,0.8406283714086252,0.6087384266446152,2.146657938891581,0.20380373286231268,1.4604920369677743,1.876511789852475,0.5047034652258252,0.29432587282309586,0.4763050907639951,1.1185892242524484,0.6364357224083479,0.4194943051334751,0.9979737499594855,0.1255474958256958,3.1018543347328253,0.4844879634860231,2.2635378195298155,0.4428807793152622,1.4251466481238413,0.902252470102413,1.395905426154881,0.9040268903487524,0.3590978019956915,1.3850534587098444,0.8501193874083128,0.7186179002568562,0.8871539327619489,1.3225613542701005,0.13385020597750963,3.410445357119218,0.6576685488759524,0.2635187640019252,0.5245397766924109,1.0619825110414778,1.7292633070550911,1.6186431677183855,0.8721349660387311,0.701303910452193,0.7488527278557154,1.6025371064837586,1.1894195425438392,3.735976744235572,0.3488722477319235,0.5952691280936377,1.1482245845584707,0.4582432721470977,1.0136971763215108,0.6854276089677288,2.74195653375091,1.0600774064456977,0.3744264957849682,1.2674032903675467,0.4722143175772926,0.39817987285474976,1.0694185195828259,0.6941714685700527,2.7323357885713895,0.05609749439055495,0.296728028716285,0.7215537714684653,0.5321693255971169,0.5229131233049318,2.1489808019440475,3.023856377699328,0.3574406138977507,0.6552978878588209,1.1347061924884816,0.2258980041340809,4.2373587645529955,2.717789995005942,0.1991304995257024,1.6371991220084787,0.8498466358879316,1.3112806320295272,0.844828863732709,1.8959807455342101,0.3927776364470713,0.7607331111843498,0.5446870146479681,0.20345050184320645,0.3947173234147139,0.22422997910963388,0.34434544977860737,1.1773157133881733,1.0361198207228157,1.0153787882542402,1.3253679370003992,1.0255859385762205,0.7766382624477717,1.9573960932805892,0.3158038820625444,0.35899237064590145,0.22957830961103864,1.172176216800425,1.7480810410665728,0.6611967304617843,4.854427614026038,0.1214468067432104,0.341980922273658,0.6899627433051173,0.4519292712964051,0.689691599995075,2.532756718737007,0.45702087983888784,1.1645576841002097,0.8524149909063108,0.18201896057621714,1.684661604381339,1.2566076778303046,0.3153423595526784,0.8600126062652762,0.942838096772392,2.259506020747646,0.7681310834356482,0.37336704108047236,1.3461841458196835,0.6819944139507618,0.7746123926528216,0.3734109803857132,2.0468084257803705,0.1999115598454898,0.993380498373873,0.8807076001865877,0.2639003978422024,0.39662790103863,0.9998520778144024,2.04537203795107,1.9750634488971666,0.7468518501241594,0.8458791921941637,0.30508002251041544,1.5164713345030587,0.5315800787417007,0.6385946121592152,0.8860553528384296,0.8251985100981575,0.42747293007610854,1.4600970929724606,0.5219206658703697,0.24595027083841225,0.869033929529704,0.6767524420405371,1.2214198583316682,2.047418549781902,0.8482081276218023,1.5945538422345222,0.320662235344672,0.8101864855732919,0.8269192173649155,1.91665007974713,2.1205760617256244,2.4738422135197395,0.35827000860852554,2.1969347928449685,0.042380061132886115,0.40733786763763447,1.6577089316135116,0.07176786347392117,0.6123472568630133,1.317180043040955,0.407701284888802,0.2690508834336063,0.6188881287254455,0.2136512939312163,0.967005444560901,0.3072851494897035,1.116860753969025,0.4919612562552489,0.7036086476287671,0.6311113793408707,0.7222348699050378,1.8155025350789467,1.7530127960483526,0.30982743139416824,1.5217115507334658,0.14948718641015413,1.5176158858222328,2.6486533711468367,0.3029427538214718,0.25283719017701045,0.8769775928525085,2.1692083923816736,0.17028248937575258,1.8037263301692092,1.674355907117389,1.0635227542129957,0.4700934769055472,0.9144890157806221,1.9848300537709684,2.8800365360221143,0.5528833775095476,0.6439433956768683,0.2895753696905755,0.42690930395651744,1.514512166320117,1.2825863813039446,0.5087154831775358,1.177076341125162,0.9167973364201374,2.7647273835395074,1.7699190288634894,1.0739270973704227,0.7699863091053376,0.3655569930011622,1.3518810903979572,0.7029826718416178,0.32950378829161364,1.0912261195944042,0.865069426497671,2.3221650574599324,0.6283185440052004,1.4684900421827356,0.210433367163037,1.8043349848353203,0.19565970446762526,1.522932367106152,0.8003531982248722,0.2442116945681303,1.829595089341233,0.16554403197385115,0.5475493057461154,0.32680305223990747,0.9005225633337726,0.32427486919691106,1.8975988800554495,0.1646053933068981,0.12563686030191806,3.968426525072439,0.6911499823255004,1.2146048895920736,0.7035031967469964,2.3068921629566628,1.3473206693487718,0.7605147172439191,1.398687619104962,1.1174484964802454,0.5885696290049607,0.6464265502522722,1.039223692323708,0.4973836344782352,1.7083218462073855,1.626808209401566,1.5401019769963629,0.8745888819289287,0.6679369284383126,0.6449114870909503,0.6506654063733786,2.3002958531219564,0.659997845270149,0.9003486160096275,1.6634504788244233,0.883301220977766,0.3654157052977177,0.7916132447963989,3.186215476349544,1.4809289449929102,0.4264269682268157,3.156488731894128,1.7543064077089485,0.5571871534841922,0.6823357898903437,1.5873528143715452,1.9036806111071187,1.141155259561628,0.26281329412397936,1.1459903389327177,0.5420231447626449,0.8467160015479098,1.0892163381412119,0.67122507907713,0.3505203470593766,0.4598701566659121,0.4025372131710445,0.8543054687133598,1.4832365445010194,0.4180382748153524,0.1485273185189695,0.5787576030428138,2.178340941218431,0.8569258332214227,0.253230464786631,0.8728861133483332,0.9403863641794237,1.2263396585890909,0.7090924400215401,0.1286539809120602,0.4560312335200085,1.5619791359227058,0.2621449697218956,2.353999574328202,0.11758914537121945,0.3671558759797853,0.7184082733708439,0.21183515497330585,1.095382911732321,1.3549257467721778,0.9541634577641653,0.19779153594407106,0.7173931392500659,1.386180067456038,0.7095390288518372,0.2585753860032047,0.7156679929898111,0.2562734141149134,0.43739229888268283,1.4711882115472419,0.6287857220401399,0.8618003091962447,0.8250258533475745,0.4986902309743626,0.4864085400241899,1.0276645013372314,2.1454961148984046,2.1333387707930602,2.62352395576868,0.46826268540873217,0.7673695624829684,0.2845321942983009,1.814895934876617,0.3016259044217001,0.8390711812665156,0.33094718505800363,1.4130961518656133,0.5927206955517472,0.413430905150892,0.5225015909781536,1.2853077367660173,1.6164687989608122,0.43597364466146793,1.1401232965324073,1.0951707959297627,0.3109051230097262,0.4202631324360495,0.5623020730975705,0.5663534618972861,1.9393892649307871,0.9468730880761644,1.6446189015337018,1.1541692791572502,1.5854523616453045,0.6172485153610383,0.7563567993801055,0.16434523392935407,0.2693795655230041,4.185899879354585,0.1745828122439867,0.3425236373977689,0.21786671061302554,0.3417867449338815,1.5403684228154209,0.14381526825991053,1.0242943439198928,0.5426464268558611,0.7421657372633448,0.2524685331326253,0.10838535434697816,0.8388999149594415,0.12266383577394796,1.8645776711428366,1.612722551880188,1.3620388671820252,1.9513392101246412,1.3395241365121884,0.543136779333647,0.7791318756742841,0.8541980161274124,1.1890705775109953,0.7111488259145824,0.33382172748296435,0.3880097140404404,0.8923295385941326,1.3378799842727744,0.811870680230621,0.9119323202801859,0.26207646040521937,0.14197240029755365,2.0857129071172467,1.159421495375735,0.2988369586218741,0.28377470300695995,0.646726242232507,1.8266753851922513,0.6709603661768297,2.2286779350243835,0.827053237101378,1.693697889137782,2.91694995492752,0.7458788118530475,0.14649638554482858,0.8302974471388,1.0312008221129738,0.42985472748237297,1.1315460544270803,0.6037535856237985,0.1380184504165085,1.3070033363109201,0.6161433572152453,0.5901689555419574,0.6964966629007849,0.9637510270179533,0.7711039030564275,1.8795712495623833,0.33742058473954306,0.8694793589031784,1.984736720961842,0.8791419650326424,1.0281674198249406,3.160551705931664,2.3592597384833933,1.5183616856799114,1.1144916287383329,0.7150242182892801,0.9824898411100387,0.3102829783563964,0.0584760214560483,0.09570977350920318,0.40057496809360454,1.0002200374479062,1.1227311432013627,0.19988264490707053,0.2387309725894231,2.337454977485087,1.3130490806503325,0.818662132716893,0.2575444499374281,1.5076722848167716,2.1807587040775047,1.4435395208970103,0.9910536455175096,1.7968776895799334,0.43658614202753254,0.6430240271551593,0.2708667474801283,0.5033735575251572,2.3652322476087577,0.05684059124623653,0.660846100315224,0.3766189948027563,1.0537026549505835,0.2897901275707604,0.13735257449222538,0.4193131215391721,0.30610455218201077,0.553710983290628,0.7380491338580916,0.15638095255856763,2.4737164855145,0.6958211214342334,0.8671889771043135,0.35660032483191284,0.5676745420198959,3.770770828075534,0.2257484684620487,1.0065057275561533,0.7378148154355566,0.5163207895963118,0.6326296210497219,0.47595926830648416,0.9973369122822526,0.7126323127569945,0.9977504403300652,0.6300098217357917,0.49846417075883953,2.843551633693395,0.5563835628988933,2.222578735626829,0.21032122840257672,0.6450615613919675,2.6326502585981895,0.5822381692228811,1.1840852046782535,0.2005596023551337,1.16987027408737,0.9637010062334903,0.4596780777232743,0.5102825253449597,2.0386011288795243,0.2822969712175316,0.9039691690403536,0.8855689232759243,0.8440858601296638,0.5921919924812891,2.3716592616406285,2.4806709465159926,0.2192120372748949,1.093397712981294,1.0100177741445293,0.40122661025790984,0.32196902655211457,0.998270719689938,0.7860054338810056,1.4331115688858134,0.22435732871336012,2.6796828789691616,0.7829283547452918,0.5731400365028334,0.08582981718031191,0.601530139431319,1.2884156594658958,2.2213735401607115,0.8984586997436393,0.778153475770744,0.8304374900600225,3.034842302694371,6.312981044878135,0.308391141604031,1.372976082255824,1.1717477116602066,1.3640200123971202,0.49193809194060556,1.1972328634033573,0.26341969573801327,0.07300913824965716,0.6582141585382174,0.5356483511840368,2.975632050990641,0.7717207198698924,3.1763698591926866,0.06271534626159225,1.3803175609446656,1.0011122607216993,0.45254345255597883,0.6170179935320594,0.6337399255176228,2.7581301073447695,0.5124026621049736,1.6172243295127144,0.44598132299994164,1.6959413744897809,0.1819450721635198,1.0972769314707282,1.1991070077581645,0.37662734646750706,0.8763360054400704,1.5547489607246758,0.16132597287753675,1.2219913652216883,0.5518615959759203,0.41116810576175067,1.2103452628716733,0.14167298691026486,0.7545211459169531,1.4100384995992938,0.7499743547142338,0.5935476605098198,1.001459961941967,1.1867451040329746,0.4023936882484741,0.508286886504751,0.5221784186307898,1.747396262370646,0.2732661725380019,1.2767656900017632,2.1770398092959287,1.383288321927426,1.2592550206233026,0.39251185365280306,0.9696257743234018,0.5482781915361546,0.05896833724036443,0.9909161329732645,0.1346992028162143,1.0754591353176521,0.9297005092064398,0.5205138011552828,1.2508312420083298,0.8719787361756585,2.001828022022729,0.5561340952079736,0.8999889071710931,1.848281365496664,2.224363733082096,0.38665921140615345,1.0871779486009219,1.0729964196822164,0.33227334355144755,0.9746943382355222,1.5241647675354186,1.975662015366296,0.1683096424519932,0.7508026332126024,0.22100485086625643,0.21455377570034417,1.0187201268581076,0.7731036429899112,1.0468180075784086,1.1034847429472456,0.8063779604572834,1.0224958549199377,0.09087475498202646,0.08405295465572094,1.5978170074678482,0.48576167989255165,0.8767807120921287,1.3155743844281547,3.1583151611418936,1.1777532822402728,0.042647361167008624,0.3042775540868534,1.331125543275575,1.1246696772285973,0.9333102891576084,1.0845893858461848,1.2667574180053793,0.5133389230241652,0.7601714279956666,1.7953420464985277,0.11447790098271327,2.257167314925773,1.9792532286821862,0.2421492318597861,0.4696875845188684,1.7585090478409096,0.7513179292535692,3.2691425434074066,0.277083558823048,2.5495412421034542,0.6048306588432143,0.7570903237130711,0.9939472714078754,0.8536498282632329,0.13108218375304614,0.6882149436337524,1.2118273191072,0.48164726061363394,0.9544722468553181,0.8197899308217127,0.3463214663784881,0.5662364569716789,3.471956999324682,0.8157980133973625,0.4375965108461427,0.35540065476053806,0.2401801067396443,0.8270626171311527,0.36517975399295266,1.6060202178984726,2.320229439899588,0.6737997627857645,0.3384531026506315,0.508908554151842,0.6271139578194461,0.7209973394358618,0.230694124458095,0.24392762413417785,0.2903566983168112,1.6233516611782535,1.1556387426991643,1.1242518263477843,1.1918640681894876,0.3910987968174844,0.6185146041775009,0.5509208108275558,1.144037772316171,0.25590856603311085,0.4970097233372366,1.0568195001337355,0.27745695267749637,0.6768583193461749,1.9938897568674765,0.13249449357799492,1.282120414198161,0.04044423860749036,0.969949495625006,1.7184438097321308,3.496680553267485,0.5725419072629538,0.804728535607264,1.3198527705121368,0.5371229349014804,0.5014960448052614,0.8662275339669021,0.8010642713970165,0.8046069563213085,0.419580042677383,0.20433563825007117,1.451375182399806,2.6676994274912977,0.665049568951176,0.5614418222475828,2.048944308187161,0.9410405620071738,0.4352666941582559,2.7682473651151405,1.1724315824613678,3.2706693654568344,1.641767056381837,0.5431756722799381,1.2357306815999258,0.4098456352946114,1.0024309317314621,0.7466191814258969,4.339059495859707,0.18302338183127143,0.6540438932768761,3.4460028537221894,0.8123766047751657,1.9716126944236303,0.25751753078131123,1.344136162416845,1.084310696823032,1.0329035352963551,1.1553952109018768,0.7312867888876962,0.0691105257851001,1.0569128585120744,0.7872285363838425,1.5354780784745878,2.910637807416844,0.07567901365550145,0.6532348558001939,0.27803422305445924,0.5080777190008157,0.9305084502820692,0.1641364118428434,0.6703260591657587,1.1900788018456898,1.6653212980437417,1.495121226891192,0.31293544809402646,0.878160322530907,0.022950314553179252,0.39325554048775635,1.3727948590390986,1.323808226965735,1.0675748442467154,0.46235200936749954,1.1417290414899894,1.129409936071846,1.5108564251212488,2.0072830178599217,0.264290598132633,0.2188193871419885,2.507876441545653,0.8741359640116969,1.3160831862115692,2.2031420588492208,0.6449764710315198,1.8586140033596845,0.315770866824876,0.3486968940055628,0.24118149357406715,0.3256494638542302,1.0143345820998255,0.21792201686419904,0.481503380552767,1.9793474469151535,0.20627204996941517,1.0785264787071531,0.47004606945484545,0.38994689081178824,0.6865580274243173,0.7258358315794811,1.6864739258563202,0.9534292371348836,0.7917380885173544,1.4107115678963504,0.5112026850884093,0.25480565058069704,0.17747303548375826,1.541772310722267,1.6000682619620883,0.4796797222287616,0.5965855310156964,0.3111504426828494,2.6947863430170957,3.986715886546727,0.5636737247561827,0.4227119628301899,0.6819912329100939,0.8077011528602933,0.5371968857491599,0.3234649886575278,0.38608736584938974,0.09600592394273566,0.19318078687878215,0.44297831440064117,1.432483701874265,0.5831072560400592,0.13772839527019232,0.19439378141802344,2.5108867150313614,1.6716766419504787,1.8085793755631165,0.3020769492526421,2.2073498992318425,0.3138810922005686,4.35691603886311,0.9070065025711007,0.43011152311237766,0.957078974629537,0.17319154411135507,0.8802450571689924,0.34185216017680764,0.7491680681054991,0.5730843203149134,1.337121765308361,0.39590270896931745,0.926249437309778,2.45510923853563,1.5811252304807808,0.21859612017378316,0.3886268349204691,1.6078393658498813,0.39459156039356386,2.4001549984251507,3.1022020568509228,1.2856820814513916,0.1221976352415457,0.6905054591615312,0.9732434695434686,0.3293492479095787,0.6950029747060706,0.5778518964895474,2.2662757681872705,1.9598361101739148,1.6180856289327363,0.33379667173773475,0.773295031291675,0.16146276060512887,0.34831881421621613,2.872543766666698,1.115557511268123,0.4522479895501601,2.0134419254283253,0.8596896466888163,0.596725919840319,0.9433402423570934,3.2723636870005803,0.236340914669732,2.346496426819619,0.728833930685161,0.1876268961373131,1.1296306786216195,1.0089744203508724,0.8696464172546129,2.235246087528597,0.40539247706282205,0.13250190845982113,2.729122498627301,2.247307739913904,1.283374216721068,2.7124453740635586,0.21656777552198592,0.4925484598515019,0.3476231643539308,0.7137717166627044,0.8503110934152853,3.097063657385182,1.120551811975817,0.8158771348348275,0.3091144972901103,1.6361141925441136,1.1302039930955725,1.4341471299964745,0.7671864666891635,0.7615088540869194,0.43634273052571393,0.596550439834137,0.2690933579584369,0.24528094142828472,1.3170350409873528,1.1086947691869793,1.7322264821681643,3.2603476173951855,0.15267039141104055,0.5112379982508413,0.584332677603159,1.2618377608896978,0.4049211006182429,0.36345529119169084,0.36410823395373315,1.406145426449298,0.7641898787443977,0.7819510984995368,0.6777520240352196,3.7482707095915546,0.373884744772627,0.4832023343546028,0.5549623577764522,2.9063745514121764,0.2456588274759825,0.8090401565445451,0.26332987521485873,0.570062430902695,0.9253174643397446,1.1450675531918924,0.7810033191528671,2.412360956086134,0.29868312768972216,1.2121128221319515,0.9134509520113687,0.4047379730241081,1.3273985364643752,2.543439803961663,0.2308549304200449,1.122630175547291,0.9693453651899051,0.25153990221386646,0.21312847820199754,0.7670392777687338,1.961577388267179,0.6190501919576091,0.26600102932473724,0.6010273574128404,1.6449183396947782,0.07708365659908645,0.6679184624967646,1.0897344639699786,0.397470455214493,0.276794803102949,0.41526103968383443,2.590753260536254,2.2225267025902156,0.4806518296671215,2.550968602197586,1.17151551606148,0.4174067073202421,0.537355545806872,0.3345346179912342,0.2463921063670036,0.21511175950986705,0.10774193028062792,0.389245742616013,0.545583967627795,0.4848621081132775,0.2992738773864685,0.35895998671680995,1.3114835176490125,0.9849847015397666,1.081470217933299,0.2983072457391329,0.5407478860448874,1.5486720938019998,0.4580178131389496,0.36350067155225346,0.5848189424382999,0.6628114849699452,0.1393245917017285,0.44218375783860475,0.9398985297633164,1.7666205939779975,0.4115686946973497,0.05600309791061481,0.1999021565619431,0.7173399873151638,1.2359272037064248,0.5722514692418978,0.6852237232893286,0.29706643073087924,0.07428522093866485,0.4641200421892741,2.335945036810112,0.9848651156812106,2.4487886660798206,0.4931050784737734,0.4452583421832661,0.6559703998592014,0.6222999776664979,1.7043601262809362,0.16314735666274482,0.5775747725194348,0.3297545390078134,0.8211619373066201,0.5818521065497209,1.7186019781318072,1.3145961908948631,0.403441025930354,0.31729222094089593,0.8480700546265368,3.088263997628959,0.9744477558611961,0.6477060637337315,0.8183497241804414,0.4254960208792,1.575412063709181,2.04088605620414,0.12117973612640914,0.3232120290693249,0.37600587516677636,1.1209910739575473,1.5837091119565487,1.195672300145638,0.8686521014107105,1.7821648949242088,0.48432610396051756,0.34721459827969686,0.19661803452633408,0.0650743290177413,0.39095981456265266,1.4368414630959558,0.6523925418037329,0.35512033503696216,0.36118632400634765,1.4001098444579991,0.7748129156036174,0.904452416279421,0.2462342005159206,2.0941044472521293,0.9098143551332292,2.92176224612584,0.6596488590372669,1.0277802017986866,0.8804861156313559,0.4293796045305256,0.17722838933016694,0.21768709279696197,1.9524908312240332,0.6228801560430616,1.0240990384726207,1.4397394532696557,1.079293652486248,0.7685882368584518,1.3175168230921412,0.6946945654410972,0.3978004419050899,0.8118070273228795,0.17743785341705937,0.28394574609601075,0.5085759842915815,0.08977133780760216,3.2449949487151963,0.464124673888185,0.9730949221769847,1.1744568618863442,1.0339804716479144,2.1413056257903627,0.22579585286356452,1.7973563380590385,0.3801161371985513,0.3658442753129313,3.5073472435661484,0.7725546536271732,3.54853415344156,1.253473715400754,1.0340230217908122,0.47537904117625107,0.28152432930985816,1.8828352897072038,0.4236588625363501,4.30853887016973,0.5414501629302542,0.4155927355844122,0.11973063898169012,0.32980018948631207,2.951173677293917,0.21817652982053293,0.29993832530739895,0.9302003479256241,0.4289976588823958,1.0497986289595804,0.1904476229173776,0.07421656709717028,0.613921472614746,0.3786427152480086,2.6197083316713656,1.4020055609635256,3.72625874645368,0.4012114241382393,0.8103793484160511,0.7528119781210513,1.5537673277196122,0.5148158115607622,0.8411490208977153,0.7379357033866161,0.9335511107941824,0.2823272580822656,0.8714830849840629,1.4365345150739395,0.9530831830165636,0.395436552958369,0.9239043971912906,0.6174611173946372,0.8873983245915322,0.4032638828763624,0.1375936229497095,0.36842633082832477,0.8537109203827183,1.752748831518263,0.1663521988112523,0.5873017951978968,0.0334854188622038,0.0928312234380051,1.3233994212631672,0.4347176213169029,0.4942044035659623,0.5403905724509377,0.30159241647347645,0.2876044207223734,1.4852832877882503,0.05198433815461123,0.2408881515728747,0.14594343875289872,0.28514051981337935,0.8410622353337522,1.894732891385368,1.3970475627293402,2.2294700442233997,0.5084347394799629,0.9354726146163368,0.4109536186246241,2.8289852572437253,0.10649462663728304,0.9925651762596035,1.2303256216612026,0.19365975623359732,2.5638575769280894,0.5813773818915869,0.09936957230538868,0.8677423253757345,1.913909894202305,0.15801947302540043,1.899416751930863,0.6966919686812405,0.41164680457237135,0.08383992276790259,2.5740887763476,1.5734930449661326,0.2948127878963114,1.2416978807679082,0.37951225504328584,1.5355586287166436,2.7572461702838873,0.12806161711098363,0.6530502654667381,1.2471977430250214,0.34864497100692177,1.0820287201608987,0.7818900440927861,1.1006892809635644,0.871361959161145,0.5843264981772457,0.5811529954046186,0.3973284416537771,0.10521103813239861,0.19747828546877058,0.2767826753803647,0.2434195647362722,1.2924729496628804,1.4605170712728535,1.3814637186110534,0.6102953690459191,2.5268456937048174,0.2568596692450475,0.9067290313722186,0.2656210269857554,0.7210066473188723,0.33569323587805655,0.6242995395519795,0.3428902340901927,0.5297983932351422,0.3910590360453942,1.1041147725857101,0.6746501484368674,1.438904531193996,0.48640665728503096,0.2086076558139076,0.3275786042102806,1.0808580346921044,0.3880153778159732,0.3011218342470021,1.4004146835658624,0.2512486339812807,1.5819869384121406,0.5628259680547874,2.2052624163900125,0.3133089185026846,0.1314463864949904,0.7938223230167414,0.6834629872565368,0.4532990098101942,1.176751620799526,1.281959221799876,0.5021227942517839,0.5925503711577508,2.4961924354906935,1.8172160032556492,0.892330714400638,0.679656591383019,0.4261633571107821,0.31596115152678556,2.9662860998550036,0.21825614712188568,0.8195551568856667,1.2811763656640216,1.9800411266644031,0.25618947379024537,0.8408135601738664,1.2169709093627823,0.8846477658135901,0.4645684918776588,0.41283620376393815,1.5410605616673583,1.226721546387285,1.9834908823705786,0.6444596525565183,0.896730175010187,0.8137053593566008,0.9856515162075424,2.203786362117693,0.30970130176546035,2.2167973206711333,0.7119148535672424,1.2630594725109572,3.6807284565591942,0.2670549068414313,4.974965232098659,0.16628330839171657,1.1564190860940062,1.9322341501384013,2.2397867555396322,0.6397712817656013,0.2646273324584927,0.8508079143143054,0.9282499005392963,0.5606561836153459,0.42358511265236914,0.7866401067265967,1.5823458463977045,1.6870750697380439,0.7973443404112374,0.23287272847642382,0.9001322804246683,0.4909302992430117,1.4546192643626359,1.8110373068616483,0.2589158165438207,0.5935503211367306,0.5428444875590026,1.7351506351848212,2.0161919642370005,0.25389721225569684,1.5712251673546682,0.5904508422875817,0.9432945608265545,1.8848914950643456,0.7237756496391736,0.12654174068949514,0.3483507236945125,2.0510267912128324,1.492147804012669,0.3243373996480268,0.6150057281259237,2.5110440586301888,0.5629640348043807,0.5964802398630356,0.20166835909359027,1.241175279916201,0.4794952438944978,1.3440031095902985,2.429242909592702,2.3422805905264847,2.0833818381267473,0.11581339013152903,1.9741915955556222,2.0477712757979205,0.024962446040669328,0.36438611522412334,1.4802546902727385,2.048891271991801,1.1264252777291266,1.6103872079050436,1.5197754300438147,0.5159499061264425,0.544928718141632,0.579610207275582,2.089905973007151,2.6126262742119444,1.005445880578688,1.5776313259405519,1.1383204549768733,2.3330943182146724,0.2831498116125267,1.032814476107708,5.126367656822166,1.0844593042826278,0.5688546573275329,4.0405603383254505,0.5035610304713711,0.1458591811431612,1.149344347240514,0.9344099853164878,0.48480387125241386,0.6495330794140448,1.4125869340305377,0.44470425085899634,2.2389895557357167,2.0747918842535795,1.5099577145411585,1.3823697604903051,0.4089684817845023,0.2065024263357395,0.562047833648625,0.21553321831312178,1.0784595928009968,0.15424014153912563,0.5152673282159037,0.31404584674476743,0.1254944665811587,0.22397449973120875,1.3318478928625548,0.7802128886101742,0.9075908290002275,0.6942533662990691,0.36606022697810925,1.4842809924842684,2.44226162087011,0.5037121150695778,0.9130007008274126,0.5384443224514365,1.5736227132838287,0.39030838151627967,0.39652475133662424,0.9416776100691711,0.43219212000603197,0.4238026565957216,2.3130331510919424,0.9334345680009496,0.5079842922201901,0.18981799809972988,1.5555023645748371,0.30575109536864975,0.9232133828502845,2.315696966866241,1.8463900471072525,0.4977170589053832,0.5279763021048882,0.7185835321600872,0.3799286794909028,0.5519985055423655,0.20141810594234327,1.3106642136895372,0.5634553223205643,0.22945143996902562,1.0230473045909907,0.31186651761571194,0.6906946213756711,1.6832108798210457,0.45000710194854454,1.0484234469117413,1.7000684880469756,0.4333021629840479,0.5993019817155056,0.42018426062029834,0.3112081219034526,0.2530781185390556,1.2717921715605462,1.0143981385877576,0.2568007512668307,0.7800684842187119,0.248110519541082,0.1326180260706591,1.5081365104351945,1.2985953466095361,0.27015191562194896,0.9380234801357448,1.308333243149075,0.28561672459406984,0.6331603494217353,0.1427893524634155,1.2015795780445764,0.6427076377736654,1.4267959030881454,1.9732648817194864,0.6437119957768089,0.9540202193632347,0.24225453735651428,0.07636126384391168,0.28928777306452647,0.464170562283859,0.30868236759983597,0.9797419708335432,1.1233800251251558,0.17366595792471307,1.7822942199103342,0.8696364953361145,2.5274431949336735,2.2508428063600254,0.58080177663105,0.5423079434437099,0.0807118679111114,1.1164002790726308,0.1534155815053162,0.9510493300266434,1.8691588959882532,1.8040778252389904,1.1567412296243456,1.1339710988632905,1.075082439312955,0.337442340612635,0.31328761015279194,2.7544936103171263,0.9530172680606838,0.9229666830976113,1.1456031006351326,0.43536139575940686,1.8059482442363843,4.164203718825398,0.14147301505227938,1.3127712889206011,0.604078310560556,0.1881549156089557,0.4192879207391682,0.8473373800706732,1.9568042804070733,0.18331553354221514,1.665011223288103,0.618986813582482,1.0657512354616994,4.311257642154837,0.16170106811158558,0.3232021751322909,1.2946503427294724,0.5258812567787676,1.328203404533037,1.003934262690208,0.3138627960527196,2.0167551458872306,0.7408347735453212,1.6718827393867186,1.264426613146028,0.6633829636529931,0.172782604961637,2.2246510627128537,0.6928112923205233,0.8014995988911189,1.8330120284658977,3.6451639077786027,0.7297862894109135,1.0601018629269947,1.1611478686510304,0.6293600686826782,0.5288943965804334,0.46745022310641643,1.3137767802693832,1.7643583607157576,2.4105545459904603,0.6263393289272274,1.035653018299366,0.4933369048179004,1.0673342425025916,0.1682276257790667,4.154433615982269,0.6253989683959913,0.6320198754966917,1.2892592715984483,0.761444225279555,1.8371648311762168,0.673749069652968,0.8463349259572637,0.26646162445553123,1.4024718889290928,0.5558840281046976,1.5299967065696423,1.5723202171011068,1.0423482009389389,2.029621153488762,0.6777522856328858,1.6569498849541577,0.6702004327873751,0.9356008191023893,0.22900557710804015,1.2090802842269528,0.3329843743742551,0.38725306846902774,1.2197548650884036,0.22207245522063745,1.315133161941093,0.5056188922624256,0.730301854206144,1.6559125243818478,1.556030050513504,2.110041908852996,0.4816019798995945,0.9051012013936748,1.1791249055827424,0.24516875432530982,1.3217578569886712,0.9780736042502198,0.7524974616813478,0.3210155937626186,0.31338455563575207,1.035085630895054,0.7941885959710927,0.4819485138483506,0.4995213126810951,0.8993364848009936,0.2220588965587022,2.176299628284999,0.6546985562895569,0.3213414524208482,0.3192757301040263,0.25731042247744795,0.22306923833168746,1.3029144974893756,1.0317813243999518,0.833218863266016,0.9881906893847296,0.39991274992459114,2.3477867585117123,0.49190828801125464,1.799501414158255,0.4264360646771298,0.40159969491701775,0.7104306335768906,0.4615744948451389,0.10725611271003577,0.634731301707022,1.1403506894755926,0.5245096935375385,0.40066002636946985,1.2509600518187884,0.4659212781434007,1.0232725093681727,0.6416842910939546,0.6030706055138138,0.7877651029257255,0.348758111215726,1.022655381020494,0.2947452549117161,0.9255971191439984,0.4350010535335356,1.0221996046161754,1.2259013304567223,0.2681796913332666,0.16342472111103812,0.22983036067686508,0.737736174657839,0.1650077461034002,0.6800421283635166,0.5436253045818589,0.15056046334436535,0.7472161799314675,2.652584875933238,0.7272918926016659,0.6887834400813826,0.7132089630982339,0.6281603483217155,0.6582976908156171,0.387209624790924,0.8303556072369944,0.6889864418697587,4.372128091341321,2.689526268434993,1.6114934939981387,3.1280609418573624,0.7428501384207111,0.7065850131308847,0.5007030231283467,0.9755039355282688,0.7100452329569884,0.23914789962697391,0.8795311447115275,0.6922603175955608,1.3547205100328277,1.463727195533886,0.2115195954665523,1.206535300995327,0.5781884633239022,0.0919257426523758,0.12071406857092115,2.4342402588159353,0.3668249518644169,0.44169251234407203,3.2616821785819052,0.3423783262507083,0.9633450832439474,0.7682025217044062,1.9803355449322726,1.0296995422053814,0.5930695874681131,0.17689131722271356,2.341088995906556,0.7325112681370616,1.7042692799919457,0.7792878689799512,0.3550101375279602,0.43585745734926956,1.6434066020489162,0.6874649140548398,0.7720356114083269,0.26378906017337245,2.0186823948383212,0.6483781779710855,0.7124908960923068,2.0331083349596204,0.46361768682857324,0.21166266164084324,1.5519155587415625,0.4459040430244772,0.5122224613330405,0.35869590345801794,0.35990963533548403,0.30695467867941395,0.09051488137365671,1.3841428231983586,0.5789384214384237,0.5471491636000294,0.7158201433581471,1.0269725999409425,1.6387493688076407,0.9810811060610687,0.9167106186343585,3.284118328584494,0.9045414997514792,0.5729553856815086,0.8073130217963662,0.2554662369299838,0.3469265153510494,1.178309444468744,0.6971743353897192,0.7244948777116316,0.30943608869362005,0.18495310598015957,0.6389514294693521,1.8195832011990596,0.549275531905203,4.5814948931916035,2.275525024802451,0.7783069658652352,1.23895176500131,1.2409924225686388,0.6900595738514861,0.12241347239912323,0.10663538384007065,0.07947981921897235,1.692818330140525,0.7596707465192409,0.44222517362996294,1.0716257819247645,0.7409933505746655,2.9074817546885448,2.3983499201472798,0.7294848549612661,0.3267207919481335,0.17436109337468753,0.5287709973179046,0.1407156712774687,0.7293592740834639,0.43255919660374365,0.5633969698528141,1.312234175101877,0.6117602304024057,0.3143930807177202,0.26853879381866774,0.6164586237809195,1.8900871573347657,0.324775235379819,0.5542743079719074,2.4765372822751726,0.3727908905038775,0.7738021238943205,0.6783521889135322,2.378814177651148,3.881717947850913,1.6880235097051062,1.8002694775526045,0.4952131792753909,0.23957511195637768,1.935938326884713,0.2669001387272659,1.296296798767094,0.9496224817955747,1.572832980082586,0.5023721762773252,0.3787118291911721,1.7294416131006953,0.974210581855971,0.18302942016874713,1.4311425542372116,0.47429837706490696,0.13247084131764164,1.8137078694614244,0.9107659505415302,0.28073012126503294,0.802513486628152,0.3541319238473959,0.5658619228088791,0.6505338002707107,0.8906109307591953,0.38886727096400187,0.24273568912633514,0.07311579258276035,0.3473597637885594,5.725889733056197,1.0462638937596134,0.469226113832522,0.2855753473375018,1.518089172391584,2.1577507117105963,0.5626610290664775,0.37809529935202113,0.8962587522406458,1.0225258957582677,0.4664513754432571,0.4981674079817314,1.3545888902549583,1.0466484841470867,0.5194025988871027,0.7933043287809648,1.0874227300323869,0.177998460564193,0.9074007550322212,1.9858776986485072,1.0661264967068949,0.3318067215510807,0.4252469919566099,0.3487812921352484,0.6301664347901941,0.8281041027765957,0.31654909843323387,4.65233255569167,0.8559408835874325,0.7144154770013618,0.4432164254398395,2.6515462447925557,1.1525866420238666,0.5757767999625466,0.16205453963110145,1.5687776818783876,0.8148843691145904,3.116530424757662,1.7733585028600554,0.1472783810639703,1.7339741545720122,0.09841262067236967,0.27545528583369916,0.3231280647893297,0.15857297703870904,0.40691418653264605,0.7643319958750467,2.0301280624357045,0.7219918457463275,0.8252558870526756,0.7200856749443951,0.6877764960840744,0.40247846230838236,0.576669230824209,0.5638741770340043,0.8259377126177099,0.5247043595088199,1.135295122458274,0.8784114804147642,1.2353309289468786,0.526817965945225,0.40888124317651103,0.7405900251005,0.7176032217228439,0.585929767294529,1.712451067970115,0.8434917307150638,0.5340125387260877,0.9540155893807934,0.9098094902903053,0.6765221597015454,0.46755653468729363,0.9991720697861088,0.6116195877662356,0.562399562968585,1.1843312084111894,0.9190937415397115,1.0215474761689252,0.09896911782183232,0.27393370543106577,0.1509267211819434,0.7482754724764895,3.185405001948744,0.4641924622675032,0.7801913152888962,0.22806635037868972,0.18084608870444896,1.5676146110550364,1.0620606732884177,1.2877225491490427,0.6587630734915726,0.6228229938799993,0.6570640426798888,0.4609991974585115,0.6522287121451595,0.3287883005075519,1.413894256131763,1.548021032840854,0.2894990774062991,1.964591921178614,1.2703363517913877,0.972719860492798,0.8825557674779916,1.6663706350276315,2.4856029427558743,0.8171619043414868,0.4802096669400836,1.1876274910679296,0.18351515863057988,1.6482857945261793,0.18620073294897332,0.5121887724853701,0.10560749201290731,0.9015420595799895,0.368719260883663,0.2885351158932865,2.6989622237329254,0.48409314436248696,0.4242339621900424,0.8810220814279118,1.3050688869181097,1.0209375503410465,3.3159230861305535,1.2677719963938616,0.15126825320054083,2.5130717342460125,0.5696427452274377,0.5456765837430473,0.6885711340696123,0.2339852674774352,0.0969942315921069,1.057725323515976,0.9302349574422404,0.3313489628548084,1.6800476432149822,3.0868952531680227,2.0192488801536594,0.9720308758096694,0.3591259202176612,0.4420167770380927,2.4843665995616755,0.5455196489883531,0.2347781291289568,0.6195352942119178,0.8275726078068681,0.4416462661183662,1.5261845065501682,1.0212422948418918,0.7268185594832515,1.0128770671542522,0.743070015879294,0.7199511309267206,0.5872887566579672,0.711450436599989,0.26975379226355445,0.24134342294262356,0.49713378524619095,0.4250689724209973,0.39697738252524584,1.4487680485888252,1.2246575767900412,1.4190528747567572,0.32295584834926017,0.5943836170076956,0.6831815766835785,2.0742513552817443,0.21498961600877442,0.5781677822214566,1.5000926757926982,0.3814374062746059,2.471459999099812,0.42449016812244944,1.5136478361619727,1.0412711164558108,0.8614924392530632,0.10489469774582424,1.0887277649175857,1.9220570086649613,1.7748120710586004,1.336056457610395,1.006839446287848,0.11762296394728466,1.2229920355289785,1.6489836690079236,0.5830201998513846,0.8550091995377702,0.33156260877013444,0.3360675674471606,0.837914583060564,0.560098422913808,2.622194806300155,1.3843360762865013,0.18995139548404366,0.5668703040057339,1.5373875695762638,0.9394320354881394,0.45236472160957925,1.0595914989237332,0.42271195422802454,2.579773696133228,0.5755089390827163,0.304323989803136,0.8670348797334393,0.567502202742106,0.6702780521971947,0.5876408930053008,1.1802624096228271,1.013415759147298,0.3929015245109624,0.48255183339928787,0.8268165210071978,0.7023047584861828,0.15801104384404066,1.0606124276107565,1.5403358224719628,0.2595928297229986,1.3290661669023458,1.205190199766297,0.09677370184744993,0.5157491641926533,0.9164855662766476,0.850045674643878,0.3773248513511487,1.509376659607668,0.08942339900857901,0.25200912393899594,1.2130927451578506,0.49612459852518764,0.3954588930138627,1.6650985317085887,2.221288380841931,0.1791412485112548,1.0724989950551693,0.41388986788130977,1.3807630080160525,0.5661476292904057,0.25064237662384403,2.178982358351252,1.2142208798302447,1.3194881846785909,0.4461232129118715,1.1234096206086075,1.200761321050924,0.4373817034924641,0.22774614219196734,3.637268394785665,1.0709382100315867,0.6467206388694957,1.4590064691664328,0.575316457255011,0.623053114939998,2.3526355412801117,0.46313422908549073,0.40273066737668595,1.0856011436380544,0.16728945237492576,2.23249303823695,3.4770132883632554,0.38425795912962146,2.2212906218784747,0.37108282109189317,1.4530245347368909,0.9159356269281543,1.8382752745432271,0.8711233325404137,1.0398682894170852,0.1822989575557975,3.7986504509216568,0.5591751531889733,0.9859149881741593,0.29723160631176193,0.3341234818064402,0.5395639091940145,1.168801160147407,0.6648298986826805,0.6448122287006726,0.44997064198141,0.8868965448176589,0.9890708888211592,0.9203749213799035,0.6200997204688881,0.44758729404014386,1.450434838082005,1.1995201807338232,0.20347402165394923,0.6128625870008695,0.8359643435599199,0.9120367180107531,0.23185046878131518,0.3289803020567663,1.2762333455288644,0.36554759413478444,2.4977592949271346,2.0525962197237817,0.15919126253063087,1.0628826226712433,0.9616976295320336,0.35519443940364914,0.3674354233043684,0.7739191678881854,0.5032710560773406,0.3038698406976895,1.3217030855032956,0.9355259327680882,1.2014015073518345,1.309513577253639,0.19114243787089102,0.7515745169697481,2.0528164799650557,0.36783712295951076,0.8160188877394935,1.3609929199801838,1.0934002125706417,0.5021525046505966,0.7480306398392689,0.5607612722359643,1.6982221782142406,0.5792459050570383,1.3619562617745036,0.7093516932200863,0.4022661067366844,2.5565514156599427,0.049376963909139815,0.8739177493678759,0.3243006425811392,0.1027160870267399,1.252120212972005,1.4254398246580804,0.332571115369924,0.3446520364436265,2.1143245276056404,0.6388068494327674,1.2456104398598336,0.4734510874612228,0.32062885316828116,0.42922031803223704,0.19903809276822748,1.3291744020275904,0.7798889608490049,0.16092288762127782,2.1614785290406786,0.7657037581590714,0.522934286633387,1.0197563386273696,2.0908507334973194,0.2549817255228114,0.39281191624134215,0.7917881509485976,0.469309450382013,0.7334571408983657,0.1844199917168785,0.16342569214494895,0.49369030642517764,3.84934391163395,1.4945473615159393,0.2916566460319078,2.097973392942139,1.1806550300453549,0.7495358160429305,1.6504337074743631,0.8592687030957163,1.5115678773749726,0.268470245078961,0.6765349148563338,0.6815033432327162,0.7805575991880576,0.20681724901858112,0.682813965346067,0.05098139027446247,0.34096933973728294,1.6554159372620403,0.3639681277708804,1.0412936818823253,1.8671128211921666,1.083500217550894,0.804729975014166,0.20621321847747232,2.2297850097737255,0.27622587408320876,0.8160931432163125,0.6850760434188982,2.1780235530566374,2.891300056456668,0.8928550943590129,0.3225811603573127,0.5739302172687589,0.3457330125700203,1.2847545951589294,0.9989774942431413,0.814333213301836,1.0615564218727869,1.2488037497934208,1.1796469762630977,2.529669926357537,0.15587482167423494,0.7078906696634983,0.6820979382115686,0.5216609885686018,2.7128249190574443,1.2738446487308663,1.973775627995226,0.4847888766167232,1.038011084030127,1.2087335224186924,0.4879672268742545,0.49922332636531563,1.173888245220694,3.095162762029651,3.4492007007585292,0.2554022555017945,0.31222466268048465,0.43993956863493383,1.4068442144860842,1.5059198399393112,3.8777172448376707,1.2516446372783332,1.0016649781551352,0.672169554846764,0.36153872282571453,1.1893471189442153,0.47619842368065096,0.9634511792047742,0.9009376466985527,0.6409048817834804,0.6576973536905149,0.30338432820923183,1.1890589631557762,0.8192019927196286,1.0566549607982596,0.7475217984002123,0.5270371727386255,3.2134192493084037,0.5036647218806838,0.269734083009015,1.3110049329557447,0.6020557604986538,0.3200851835671603,0.18779139473579687,0.3189298595798805,0.14914449342774722,0.866787473891888,0.11804950601039832,0.39480463502387986,0.45303654781460045,0.2838350661745999,4.861561814316819,1.2312310946002025,1.2447122043924193,0.09434228205117628,2.7642723484247003,0.6001934095124286,0.4667776274477473,0.15776639855443544,0.97805936332656,3.5570763804322647,0.9117621379922329,5.922477056081865,2.2593139917358864,1.8413882848801457,0.8358931981548312,1.0634764429298402,1.309692344136114,0.4691784046190583,1.7618836867838956,0.5299620023740628,1.5395824789939176,0.5358830648419715,1.0730270402908086,2.133057977058338,0.6427411126719298,0.7782144996474426,0.5478853512532744,0.7685883862966065,1.2542511917681785,1.0489624874382089,1.522716904651713,0.8650002153030828,2.2122373915564326,1.621464575508191,1.5676966287222558,0.7298236654807926,0.4888181271552357,0.5643899977879561,0.13223478165756253,1.232338270521181,0.3732998722771427,0.434689351782643,0.23101004581056594,1.1186984861542402,0.8871330494314966,0.29570847930455024,0.991077700337452,1.984688405594555,0.29449101046033654,2.022814418318315,0.5541947648181103,2.2965018636290786,0.4700679995273659,1.0359450577391447,0.2799019823899722,0.7148196596884262,1.137656501402053,0.7374867626016464,0.15408834841667218,0.2907872962199596,0.20322308918937712,0.7647585681797413,0.8432644812710037,0.4427264573846562,0.9930027205727118,0.7376652227480323,1.1227832564830242,0.46699893462097264,0.18793762062734243,1.0880949153325368,3.5132572703730314,1.8135351529039376,1.4477024260108884,1.2008292579338278,1.9576549199939355,1.0420224190395875,0.49642372210883956,3.254458157559812,3.4850835146901145,0.9556690037919868,0.32334475862548445,1.4836139281296659,0.42826068278425466,0.055039745838288856,3.5435348600106185,0.7563664821729736,0.7968544938558528,0.9990744044012059,3.3871443275352404,0.38325169346077603,0.28370874509366517,0.6384911155225743,0.08388561371694142,0.6816001167077905,0.5972474147974673,1.7468978225739178,0.4707486296868415,0.9705034363667961,0.4218505601978674,0.6471883342084971,0.5033578134482639,0.9733229060043311,0.13801288799962386,1.0525259445423933,1.1677472765609127,0.7361265394141449,0.577885049537607,2.257979327855498,0.22152235596658532,0.7398592219096537,0.5284169409121116,1.0252828514837549,0.39579023634848903,1.3631626956481095,0.46430964833218147,0.521301278611873,0.7705526320093186,1.3107194120366223,1.1250284024967085,0.4578632033731373,0.13210031468886807,0.14768671657168736,0.1824060897815143,0.85301554411231,0.7173503464404976,0.08274496559011801,2.1978284647725186,0.25443721453701484,0.5692832772811902,1.321325410447203,0.15459056171400726,0.6714128440108307,1.1810461355512638,0.1993183710900277,0.4016555835118132,0.21113641204519115,0.6366393305099597,1.7425062794694315,0.11764805628056352,2.6992044379520914,3.041314031585169,0.8859430714291892,1.2496949220769462,0.9938302643177366,0.7477195833625491,3.1731646901137838,1.085452925707732,0.9315960599007198,1.5631302329510408,0.023776312250004095,0.4294789143120229,0.4614426581965938,0.7490989265782242,0.8694514755786172,0.9006336638261936,0.468243228061699,0.5952444273188392,0.1459516840513655,0.7248118428840054,0.8310286580131643,0.3401904065498019,0.5430548962306453,1.5790445229149659,2.8004300422774655,0.5133903510055096,0.24958322946574796,2.2355458340483,0.12561153249353452,0.597465747775892,5.231889844415009,0.5219147769650732,3.852765117233493,0.7931886854286092,1.7613242948523262,0.11233725132664757,0.4244935706917141,0.3652873171095412,0.15494610259698072,2.195370443225079,0.26492926118995974,0.40613257816124043,1.7104159866334152,0.4699573435798777,1.5056177444948264,1.5896240136158417,0.773531027225671,0.787812929687163,0.5457965231774755,0.5213236774979054,0.22487128680095197,0.7761673374338043,0.4069118716625544,0.8762202236906671,0.9101951197992328,2.2135540519997443,0.04830813073678286,0.4049062125891655,0.4599837313318421,0.42152485651209803,0.6787131667994799,0.6843826074341232,2.9420689940946785,1.0379110224434516,0.313156215908353,2.3040841273491037,1.0456159041561484,0.3364832112520355,0.4581187955763797,0.5753421069073138,0.4752103606605378,0.5845291988212864,0.9488726405119281,1.1067001162625192,0.45346600636946977,0.17420124755274827,0.6092845973484992,1.6453939282915662,0.5064649799978337,0.5213845296527162,2.391355288390855,0.9935178837614375,0.25263794049950267,0.3423236150840232,1.2662505315848374,0.2014304970970659,0.7230454796948329,0.14662029898781836,0.9699328049064354,1.512427565225898,0.8806760038393444,0.27745102634318375,0.4026034056798453,0.3927255612104741,0.26756742039746223,0.789575899704281,2.2542810608004586,0.6444450656773624,0.30022159723392833,0.13765134123783884,1.112690233333746,0.7953973864995603,0.6232106265434421,1.1936329761220803,2.2379607146768854,0.33644364843057883,0.9940873136958863,1.08430656421507,0.10919507303539466,0.5081796747056235,0.40733356272958954,1.784428219693688,0.46392394930396685,0.10411826165597549,0.840373215160942,0.7192229736739741,1.1434180361188755,0.48419210253334877,1.9204117904692675,3.18510383094265,1.0485442131879075,0.5500192547146557,0.6126983947135156,2.3419176455361193,2.138928115115053,1.5047439011092978,1.3109485054506964,0.6028484975606515,1.1658936349104225,1.6293819623101458,1.7558733441980379,0.9128679501707904,1.3602606319916524,0.5593888492793577,2.067258815994112,1.386847936645248,1.5648844223028462,0.19237883293265667,1.087825595548087,1.1268008804847056,1.2951105005576782,0.8039355668748404,1.2499537964601182,0.6963137699799735,0.39464795059231406,0.20945570744634012,0.12698494786383713,0.6030456610783413,0.44415523525169043,0.6117665521205304,1.2277966498152464,0.22224034075595722,0.5334845369965733,1.3723465375992205,1.1888794546173542,0.5260828139699083,0.304724990568491,0.4541878132229039,0.09176869704459756,0.820705315590145,0.4284553590751262,0.20093135918334426,0.1585756973276613,1.174670310537487,0.813118308667607,0.5573394247255468,1.3447792678854649,2.207878074698762,0.33411749187847073,0.9031869897297045,0.29210078909874837,0.3426407045503471,0.8745535637024682,0.9696286078104296,0.4030624782926897,1.2504097017001572,1.2198194680909464,2.9197249798828695,1.0375444018735689,1.5331386574373598,1.262815095139391,1.827369051073418,0.5820801424967619,1.2182529806020366,2.110290302747156,0.17241419207606232,0.5358878820880105,0.8096219202692959,0.8670975287472253,0.39403465556017125,0.6794923619233085,0.5897342297655813,0.06270457150692699,1.3226442066227806,0.2224909647656904,0.4835567335653319,1.8384870817261465,0.25597442334152115,1.5693860294550317,0.6446959654872362,1.220321013263054,0.4786702031971966,0.3790584545383566,1.1084027685522304,1.2093094817391314,3.2818579280374327,2.600364738960449,1.5974907296541716,0.4772361021895277,1.3549565282329963,0.5423928611913691,0.49051010511234794,1.8960206631323742,0.44930667341735964,1.1458022453234018,0.6646905382311661,0.44722828465124576,0.07473670148734768,0.9229860890136761,1.3417931040502151,0.20685558092907394,0.47703109081224115,1.4993050171757887,0.300750016071071,2.129702585690457,0.9118379977632918,2.7639727675449475,0.39806056382802524,0.377769347377767,4.008434400395471,1.0332509556571416,0.19832193118321617,2.2520394267496724,0.6307417484389842,1.4152107504560762,0.5857408250848355,0.3069547256278051,1.0728769991514424,1.2201139467836644,0.28524581149853023,1.4763440080933146,0.2915439483410367,1.011176858277698,0.24763542042582976,0.3472288355714971,0.3322616563461145,0.3289835311228013,1.411798026739139,0.4400928114162148,1.051183596157184,0.4571346045576784,0.04941843023782955,2.689677487769329,1.99451790626319,0.5925833571152577,2.3776722016071905,1.5051167945975708,1.3251833092793253,0.5377651873697803,0.11220133747327388,1.1132292039848841,0.9360794962466139,0.8748857454035219,1.6639267658628722,0.9458592363784966,0.14995445118396744,0.31450474070552903,0.9620377701919303,0.13552349839521616,0.6748896774031503,0.20900125148491827,0.6152751988399442,0.43353887702298516,2.1120316553036846,1.4296097574747164,0.8401555602611491,1.6499352171102522,0.389645328914407,1.8928761082944205,1.2258915024443657,2.879295827280804,0.44647954260974343,0.9143955815826019,0.685526123747537,0.9794378884007011,0.8311890342863719,0.2030266136972816,0.9247901896649005,0.1304800958949362,1.3769064432386413,1.4927597785545135,2.908284768116292,2.069697150932061,1.0690760033373232,0.3448211119575074,1.5228774923991697,1.3537972243013514,0.6177890518320435,2.5328992239502277,0.38556197504255835,1.0956734734587097,0.758969539679126,0.7626352725164391,0.15895008208390932,0.16458818457276525,1.677216290730081,0.6220638769708267,0.5522590592594934,0.2159353280215186,0.3639430511011721,4.504713510165694,1.2072066833912793,2.3949429444728687,0.8252335037547358,1.2190941064429828,2.2534979510041246,0.4437276581963159,0.16962521759426052,0.3514096698678574,0.7761385904901364,0.21620867361030494,0.306943248599843,0.4864344587794214,1.8460845685592826,1.9094290796616022,3.4028817517282026,0.16316995562325387,0.24552048061370813,0.31945726061697455,0.5539711933334908,3.6992190851533335,0.807584041649453,0.9219981698321513,0.6948017491782678,1.922472893482067,1.9694550318035744,0.9251885565943712,1.7062607133496437,1.0888328521326076,0.4692083928338108,0.4065862256940065,1.3585910296394221,1.5118106953853618,0.5859233695003196,1.9877692601768315,0.23170786508272811,0.08764576548784742,2.331347566469597,1.9236182015173238,0.41541621619554703,2.3595746321906885,1.330366300536795,0.9056780973718692,0.4213239581906618,1.8754250133033141,1.021774136503327,0.554148478255744,5.557594182417689,1.5786865295136385,0.22896200811761824,0.6691626683341979,1.0483054610530678,0.4550674622586829,2.611249290383201,1.184629462833998,0.5550114816043068,0.7579593082435463,1.6269072016081974,0.5024911984200993,0.19462937357469112,0.1775943601845072,0.2672187869342404,2.012876573402569,0.0666344642600496,1.430643992118558,1.3718309644564566,0.9889417558304147,0.08974526889302548,1.8434037322668198,0.18978865023246094,2.8653067862540404,1.94880166996311,1.823005498017056,0.5218034434735285,3.5413195242217106,5.758153841227011,1.5648626916043735,0.2951859245404044,3.252493961396459,0.131375672192107,2.024194645008819,1.0901314576210006,0.22388030131939207,0.5513333740078513,1.8795963698464575,2.6713331232400694,0.6608540888564471,1.0583949999047177,0.2329106867861629,0.15191482745349677,1.3777157795267319,1.0508248113961889,0.9128536252251952,0.21060107354689406,0.7899705360007582,0.19295084299887244,0.4662384188742727,1.0938063695951914,1.7888871236283268,0.5001323740587806,0.6093588008359199,0.517987411654814,1.0316810718666132,1.0464843847835805,0.76689479797782,0.1262153463747483,2.8317140970421026,0.47747074772797243,0.563060556499468,1.1805524099887756,0.30276244903785265,0.6393972089856617,0.5975394606690964,0.5381666579265936,0.4908939421072305,2.185757924906965,0.8245569806518049,0.09363944007642161,0.46350969238828466,0.22656787128009032,0.8699490101414945,1.3036464094040354,0.45746795871764134,0.3048662682013927,0.17767244356508027,1.4750075111831422,0.5563284687943516,0.4578661125688771,1.1974813412223302,0.9456031581467907,0.4911549088956948,0.6943645984462601,1.4423072767552039,1.2430972222627514,0.05973895062944479,5.398940214523804,1.7455339566819683,0.7822067293537944,1.3932299612919332,0.8197277289135823,0.27396015102306126,0.7786700280376829,0.45990088211809677,0.5502495812252257,1.1851410577908412,0.7078550866908686,4.2948152122825505,0.09895748462722409,0.6121094731183747,0.9834943569018559,0.8493473327819939,1.3420229484428816,0.4062049441862944,1.8073281213510481,2.6765274536393657,0.31515181817570626,1.415686464439816,0.49053615184528,0.2422205819170563,1.4091095171354804,0.49029378362347764,0.2933189052101885,0.21357299286024167,0.137430330781377,0.13511208382442969,0.8077833282973061,1.5386075383874422,0.7985739658604205,0.8522362641560116,1.251646821019322,0.6281778406255263,1.0244746697020548,0.8592773539291929,1.474866239496997,0.9876724551413398,0.5083605534973503,0.5177968389741107,1.2338538379781463,1.9760944273025849,0.786686029093012,1.7001318652575814,0.10725980171486038,1.4389331676050379,2.520727659094063,0.3221640830603678,0.44432362774219814,0.3789992208456051,1.3905362786813646,0.20525748427715687,0.48965582900432525,2.230245371157582,1.4137592616939985,0.7029199478327384,0.20191639253057642,1.4262732589818519,0.13445632170170174,2.2164084966055273,0.7600459436764776,0.5996520985513023,0.28746397792745537,0.7273282812133248,1.4135584003871882,0.5778455653218943,0.31674918154713005,0.11915652681933814,0.43301550484542717,0.6829323362189486,0.46729076834575256,0.09461885340973053,1.4639973244766296,0.03523534355667263,0.4424579582446829,0.3853962599873775,0.6402471808365376,0.8235396665497412,0.31846420971140105,1.451870425979763,1.2971045260944196,0.8411072869352064,3.2838230494831504,1.0883917047051672,0.35991286412684564,0.607248945299734,0.3101988736500634,1.4459284726363253,0.8547516640936782,1.8465738077559972,0.5850756189058941,0.5663370069983189,0.6328906627869244,2.1626305494165496,0.2176122065628247,1.2399622471450793,1.124564012725402,0.6667901042122684,0.4484069210502294,0.7002298423512738,0.26804878408079036,2.463499053772292,0.44997697167779194,1.762832478833881,0.2666865667552094,1.2505851221590132,1.0014544517985868,0.896038654704814,2.336091061893651,0.8386186444013061,0.9790970199696692,0.3270282108522393,4.042432197860438,0.623338634845211,0.5583852908504148,1.8390483732096514,0.6179475224954906,1.0143091854193877,0.2507273036743547,0.10730656419847107,2.3381670763062283,1.8526978393689713,0.10150466729634855,1.0483339695268494,0.9888959363303012,1.162528819704833,0.5427023152723616,0.9630813031071669,0.15321921690469442,0.4871164020032423,0.6359896289755627,0.42951453774681814,0.9697513652488619,1.4860516768926866,2.0325243372952,0.6191172013296333,0.4695259599895345,0.6271401791053666,0.9843016730714658,0.3829524859551411,1.6368382163765796,1.7812558915473573,0.35628830237416376,0.2464779446757323,0.918762903985554,0.3548241307777407,0.18691960460513668,0.4101945202731948,2.082438166327636,1.4768034296735193,4.1396478514141,1.6679179983418944,0.39820418777609135,0.6354559634606165,2.6626731317508794,0.9890687195724734,1.483587696856071,0.2706673287062715,2.875404028126238,1.7124125760808417,0.9648242380120189,2.8509300206346246,3.775251628346012,2.366791887881887,2.681871204004201,0.977954479572688,1.264648138550343,0.15458773922243318,0.3892013318910297,1.6542868393953762,0.2604450989112675,0.36594565493901776,0.13476248603258645,1.6733248762564135,0.2035879113248283,1.0398061315010987,1.6456218756316021,0.9943127969269541,0.6087704471380577,0.8603193192376024,0.2530035156249415,1.8868965960848723,0.7602335719049866,0.8187230115311771,0.3016968049455607,0.35686542693324674,0.6500397003809099,1.9929728137583629,0.6904696020782078,0.2311545964642241,1.717797631811561,0.8816745109246287,0.4455424433379637,1.4812295299861669,0.9359752531456904,1.0403007573776888,0.7897135608217273,1.4048862835490579,0.42752067721597253,0.6289765189157279,0.3397744281549335,1.4421563032102902,0.8169026122070228,1.2479457162485539,1.2623072403068014,0.21497314344142082,0.2303773469139268,0.9481443931564876,0.1371383626252347,0.43344191949946,1.0266231561345138,0.5048283948990098,0.3700551017135705,0.2951569602723498,0.7620960189230168,0.6328187937708618,2.6620700770350285,0.9108905260200754,1.286269260980066,0.9797559436898913,0.8588637851551146,0.9620548088174907,1.3937426383236304,0.17552324860848945,0.15639671867550492,3.7310212017553637,0.25738234840155116,0.4880242670227847,1.9546685394206134,1.5067589988971772,1.0961664479265851,0.5208638565683686,1.260691969064918,3.4934987118248575,0.23736867455646293,0.43395344837127037,0.11801299574423435,1.616690852709728,0.48975704976702455,0.5009166401840901,2.51065284639373,0.38376961664837556,1.1992773968589407,0.7726471129901944,3.4718936479498037,0.5673944421561241,0.36368815714249214,0.49899881524891754,0.9621260320667151,0.6827872950520495,1.2258388180511133,1.0200160158257046,0.9144867476165369,0.281065864840794,2.0088392465079177,0.2456310222821621,2.4240332721817928,0.3525235986311082,0.8521805902205699,1.2868391826757812,2.1821924888499993,1.6099255442402733,1.6036311662178009,1.4922719553831159,0.48516288074899117,0.8215535659563785,0.43946437265600924,1.4480800444503128,0.27197587938998624,2.1725793256804784,0.8108563954992625,0.8120681428130694,0.7174976869743799,2.29668223688026,0.7967618577906267,0.531944824759544,0.28928990021972173,2.259551383095455,1.5010150120513437,0.6906896512973053,1.2115218147738926,0.16104576633333267,2.495124155185792,1.0990218150915898,0.6735942498044687,0.03767780666004206,0.84697633358922,0.33899341099060987,3.708595680115144,0.9004318468357917,2.107328001567821,0.769275463053041,0.7608221124115615,0.74078786095465,0.49482390805666887,1.580963969236747,2.160099146517499,0.9708862979727741,0.7304040172893427,0.3887253560126134,0.7735331476496279,4.040181024728186,1.003639392079327,0.30438807925977396,1.1533823105174128,0.5205111280737534,2.305530595124475,1.1197124500434392,0.7287852283969636,0.3012092681138048,0.5229959255951664,2.021917200734088,0.6579226886953664,1.0351663348667297,0.5957821659291761,0.7026981893743462,1.1659475772748156,1.3426534411460675,0.5104304405071596,0.20399011504769743,2.2939612294964125,0.7951442821182956,0.5007859025606747,1.2957571941156487,1.3111897889605353,1.4059207209518947,0.10696533217913773,0.8958102775383461,1.0711229919467682,0.49626355631005625,1.358294614128361,0.38405802497102015,1.5657915730545682,1.213611859609693,0.6908309115599606,0.558201811359468,3.4869455485729848,0.7758131895747356,1.8818661878676157,0.8155072628441551,2.1368365895340404,0.14733441109657935,0.4687000137395809,1.2903266315260709,0.9401685766115156,1.5410146929368214,1.590746525957498,0.9079279199572361,0.526738970759293,1.692022247565975,1.7769269067702824,0.5786540703120802,0.5175409035368261,0.20418286199603947,0.10953250233434031,1.6685430067198623,0.5372237797487576,2.0126997138824567,0.5385485656067188,1.0504748962114185,0.8608040330968378,1.5865789021568253,0.17173050723051198,0.6365052384077998,1.5627489645165396,0.8481834727280172,1.0073183958828826,0.0825255834056125,0.5346781789025261,0.08540644933742098,2.5847800739271296,0.9704768979482019,0.3981677474472718,0.10135408255252293,0.5061454263654488,0.17472268560895426,0.4473407807678197,1.912822002671146,0.22493740221952185,2.233301952133286,0.39539698213390473,0.7008119666778337,1.2492101881696702,0.7226938793103498,0.8645467805469454,0.13579325563044403,0.40845522485330643,0.23374609111271316,1.0995279603229848,0.5030944613050764,0.096889371064111,0.2537174900618667,0.8887408698348218,1.62738664091824,0.7816336257212624,0.7630786995030402,0.7172636282121106,0.15276502602627906,0.3984161300819244,1.2381538154096559,0.5471871060913807,0.08066812883383645,3.403479185758219,3.6105243253113857,0.5573415720744171,0.24488238685764752,0.21537771288776786,0.17419282980360373,0.17599105930199022,0.9305835237656805,0.3082936286788618,0.35764583524511334,3.7368862989929736,0.9349371842114489,0.972128964514646,0.9027610735259372,0.8521223110472813,0.6234339539796808,0.4936547311491546,1.7686976381487123,0.08947838705484251,3.189351722666454,1.833951046366764,2.6529112349123514,0.5891618753579438,0.6388429830290635,1.4033699083053928,0.9885118674681992,0.4797111787436361,0.40116194245158393,0.7126833387757743,0.9573009628301522,0.5410757319871933,0.18324255741169693,0.4508998917815499,1.0308673861355522,2.2523959034480443,0.2031905103086642,0.1646396748918611,1.1472336612982177,1.3128227816622347,0.7003188672762872,1.0430963282563022,0.7866482824705536,0.07235965950906603,2.3810193446000216,1.2457335763706692,1.684145323769483,0.3899119525243312,1.6336768446707524,1.2733716150022112,0.5406638439992866,0.11359248821781343,0.8130102507629784,0.21748126260934852,0.19404329311654667,0.5170737080269028,0.31633274491862284,0.6908081011677714,2.1484556577978298,0.18824161986967916,1.2293877059326248,1.033397977184011,3.6889222586214085,2.9392913378052805,0.1158317870466879,0.31362776245122315,0.19424079840491915,2.79214535724119,0.19336972458752621,1.1663347440151681,3.893534914400816,0.6714931450180366,1.7673005769530639,0.656608340334248,0.7359519148734444,0.6001006520205265,1.1171931692645078,0.4460424801888684,0.5263538082550766,0.43687427321929295,0.8139702795026746,0.20657352801321438,0.35069059448332157,0.6594053094581669,0.5223532205239714,0.35500220041503827,1.0758030973182928,1.5373113169127293,0.5500318589006599,0.700305631255441,1.2388492153307848,0.225198051970935,0.4436316548006035,1.160717063395471,2.484557127127121,0.5123521758856162,0.8042179800627287,0.22395208761773588,2.2281740906482077,1.4318823946755699,1.5504051344849743,0.6269555511598918,0.6395280157830145,1.472203418766756,0.2651859069330298,0.25081011297430233,2.04922230610253,0.4327976553498645,1.0462625348133032,0.4250309010383205,2.308505542660395,0.526151399598666,0.06612539662953054,0.20893015959757705,0.3528249419763889,0.3082717606320946,2.4858916833834583,1.4255920709513452,1.330984726161779,1.7123618702121284,2.1033700626634992,1.022670764004165,0.6751012774635381,0.197341655488954,0.22096330405638132,0.24186581317253308,0.7248045136852839,0.5087343762738763,0.520220593015322,1.2637790645810296,1.2212468094486049,0.25695004975941427,1.3658584166473664,0.09937384384011755,0.3837538868861783,0.29053562155795043,0.816061855178681,2.799812327590744,0.9673246380198669,0.5813659832100775,1.8685956462841484,1.077948153932333,0.5856676699991511,1.0602974946537753,0.7288614188365129,0.6441716907861339,2.3990503348504015,1.5435986868297338,2.9862706711842097,0.23860934683477208,2.9841759897917544,0.19963999745126532,0.730116068183629,0.4759047413987196,0.1511575740844765,1.9195171618090954,0.42804422669235054,0.8980565712853754,1.002770182454995,0.24726172123113743,0.23109749009134334,0.8252147910538813,1.478798451026735,1.3233507627087058,2.5629094819618823,0.3105276052314751,1.348902854328422,3.015240112648304,0.8907116136160422,1.2204158079954945,1.2147036343082225,1.1853439970117075,0.5933672313933884,0.2688238612814513,0.988922239934406,0.9102387458059048,1.4355133194964134,1.4871669085904342,0.5792869392798721,0.7107192015861166,1.062542094136476,1.301034675263546,0.37625165265997174,1.266112194227384,0.2267630121236076,0.48251949831498897,0.7144573164236128,0.14131107020746728,2.2377238360870444,0.22396069709688327,0.2718677787280993,2.2221482583398537,1.590948585762908,1.0163846977406248,4.182887838113491,0.5080251032550274,0.433248401579826,1.5502135491233984,0.33880101540053853,1.7845241074001632,1.3379269136938343,1.2489548041278637,0.5566046350854059,0.5620060263050817,3.1580151162578334,5.113217414291318,0.7988839555756859,0.23925140177162751,0.46007546810577277,0.9227926970169007,0.8642410987248208,1.9910925084500692,1.3639001063857301,3.502232510304739,0.3592072981363132,1.309146435685433,0.44115635826925437,2.116589541009213,0.8899936282140386,1.6077816480907463,1.0588915363788334,0.39644364924208153,0.9781768708849841,0.3919291530899355,0.8719379013687667,0.9287969165109777,0.6770204199314332,0.37794663373108417,3.0822478798774773,0.5413600563990513,0.6909840113376199,2.0410116693545217,2.9414316568702246,0.7369286943073057,3.6091274744395805,0.15596293263532024,1.0363457673206578,2.293026451652895,1.0632809280505204,0.5973463485271692,0.895413595283375,0.7599785885579463,2.245246802286636,1.7272622607628145,0.43085263915344674,0.48705968014923223,0.26294635066595734,0.2771965260358177,0.26060560768642416,1.5078267006094974,0.3412667297467138,1.6128208790483827,0.3104165317535092,2.165908214550427,0.8754992769577812,2.314408963366398,0.6728713730049352,0.13696476162754317,0.16727996492743297,1.1450922748009718,0.5809984226828635,0.7871451957836336,0.05147749799962159,1.1165743571158793,2.461547313082331,0.34942853007379293,0.7189608363684643,0.45706233857824363,0.05312554514122672,1.3274829205354388,1.0165493895591797,0.7073879730587614,0.30623394677158233,0.9801938024538482,0.6759433513358994,1.306894685477347,2.525846971926329,1.0292498798077678,0.9319525763967275,1.167342013691652,0.4369824593814805,0.17727982742475168,0.9335350141211108,0.954531046718926,0.7929139282730515,1.9651351798754921,1.439638757061957,0.7164512108321516,0.10354748914279444,4.308718929701566,0.19933823973187803,0.48093218844588603,0.4413769165226967,0.11822718133738741,0.8342346866076128,1.0633347473330301,0.2300956361178232,0.8923510895083352,1.2335202710863429,0.2608642158510204,0.47557841698214864,0.9440349893302005,1.2277528451870878,1.0346244529699375,3.0948170689638124,1.012820562089586,1.1807555710135293,2.241967758001969,0.6251645733533777,2.9200684236121206,1.818049549680283,0.1904593348157253,2.5832392784943305,0.9735234375891758,0.32519777988866394,0.39564355060149975,1.7506292808209385,0.27813954408655506,1.8795985853740391,1.115720940302292,0.9208876937128839,0.7269904875012465,0.11032360041616651,0.3725624505401536,0.9930678278226752,0.06046381141519627,1.2516862947458745,0.5849700622683863,1.3337535016995106,0.4591054734240232,0.13747581719961055,0.17547459024660447,0.5258354941974512,0.28041741359068795,3.412001740171357,2.336902414089252,0.7832927846556809,0.5194043931660948,1.2659046879201665,0.40949344445745794,0.3292605820559955,1.3357001176001635,0.6142198281417641,0.46727882708576396,0.39345364592738297,0.2215193989969978,0.29884620478288004,0.06054321022069986,0.24658568748193965,0.5258225875457959,1.76261491562784,2.5572346586326207,1.1743493780350356,0.2648989665900383,0.5508033560184202,1.5545682806585135,0.8037782531089843,1.0405017945057857,0.518530436985835,0.5067727809773466,1.3435040544806722,0.5275952887562492,0.3845434935295326,1.014270140431312,0.5046502325009672,0.31129869371718444,1.2152038050915253,1.7826147350485955,0.6281108606798029,0.9149336871349837,1.2163487412628307,0.6663035181038213,0.5368994984004871,0.41272961070189673,3.183610334536047,0.2065275857644524,3.3172937991512828,0.1204408215910977,0.22056547313479302,1.6203505641079057,1.819692247310185,0.27186154825286657,0.04184815533052322,0.26126122557550224,2.107924131671068,0.43297169915789757,0.29163049604012814,0.8248521570176299,1.0641989788321133,0.8912639585052233,0.7533899846492951,0.2421517574329749,0.7022629195578896,0.7791207204137489,0.7254354465145235,0.6914599672475417,2.2060553961203686,0.954776725975807,0.07713276678022973,0.3020550426042812,0.14150046997864418,0.456414439935907,0.5670015512793665,1.3422436644198588,0.7518897702963737,0.7649142516019172,1.1522991869153325,0.39888250230085354,0.46644088642299664,1.0577329897991836,0.4356905626153935,2.0880311898461246,1.3346674278956114,1.2522865636574527,1.128143010862838,0.39512331427719705,0.5135453922853661,1.0221787987292388,0.7980601464914636,0.8682258002793029,0.45982645830308533,1.1696976828966839,0.5016676473112072,0.27838955366258267,0.10501938788394788,0.11554403281543923,0.9872355684638798,0.44402492185974957,0.07883680062942067,3.5730690870039297,1.995666260052238,0.1305651966011555,0.9619315174874614,1.6170213074035293,0.6988603641191865,0.4314983105428371,1.473563972814282,0.5285024565628125,0.700882053722985,0.23785783625561513,0.782553713811972,0.35771959370714923,0.49527442640609665,0.8497615882145741,1.2568832319598005,0.33377019038330097,0.5783900037193629,0.4808870525441187,0.2094975581990821,0.08354612231210751,0.8852644294600265,0.16716908871133795,0.3656954810619218,0.17471263194138764,0.6988720572481965,2.025421501608812,0.1807533688404572,0.4104126864563473,1.1258370490519987,1.9361431683946593,0.4451696370889747,0.43699776775408006,0.6549016514258426,0.1391362944259081,1.0462229862527082,0.6395321686210265,0.10481964010015132,0.7852484993387822,0.3119530489659578,0.44631049943351253,0.2329016133615034,0.6988519744003556,0.44082878023333527,1.2201892829875494,0.6225120106999863,0.6262585255570784,4.610422082322721,0.5954052009587594,0.03147452432511244,0.28183171543755625,0.3889895515839084,0.9814523050873034,0.21864731792922648,0.24700463095126782,0.6146962277152859,0.5319699931615536,0.20157291667408828,0.4348393544172019,1.7504508805416692,0.3997601591513668,2.723258270303871,0.6830834185756622,0.7435471801217017,0.3229861387969932,1.1508702264599897,0.4976411574193005,0.1826719728951527,1.554910558264369,1.0001780579903907,1.0231068717415186,1.063746745489528,0.43359460261336047,0.36612043490305246,0.22202599966569392,2.3569368283601517,1.7742107936828613,1.4847073461449427,1.2202494520479397,0.6379182077843608,1.489194349504785,0.6346073987664719,1.4336118096405506,1.019692828917953,1.512293648633036,0.13315233732217496,0.1982674673815436,1.9085163213160083,1.6714234921728677,0.8229496937572798,0.20059250297371012,0.5040367826803667,1.1666391350314633,2.136501649772952,1.1311900885745922,1.8395973498246574,0.18578762137360538,0.6004898663077232,1.1577798442482283,1.8084368176828274,2.051740813171033,0.41219675836968306,1.7284840451528822,1.3072137739228866,1.8149911342919005,1.2736028035774611,0.15740587807382966,0.21467237642742276,0.14692245953973873,0.6458923933672227,0.12779806305638797,0.6194338836461588,0.6877367378679049,1.1244006042211654,1.2488812568342738,1.6539563156530002,1.5059741944389458,0.73518126073066,1.6282256946351856,1.637864169270217,0.04942258562277524,0.06973029826527055,0.39497051644191605,0.05260329681008363,0.29173162148041865,0.5787691296085486,0.5578004723098796,1.641962721636856,0.7467128380172064,2.872954808732286,1.482789881137912,2.5143812562174355,0.629402409645392,0.9643778132762579,0.13569525048763043,1.1083843287116242,0.6658110649697078,0.3861643494766828,2.091883085369715,0.1768668387667339,0.5750208453961104,0.8863419170651192,0.5229699802516342,3.0434904853589915,0.5356312757954542,0.7077776902938158,0.33991758544782985,0.3769443086895481,0.8546541899557489,2.0607600147687792,3.321518844787666,1.7904672418276755,1.2405005939434595,0.16042394661479098,0.6087282929394278,1.3806443548153335,0.1326953094294292,0.4796016477443299,0.3378254036411712,0.5213574296230115,1.879743636828126,1.7686923672829442,0.22399956077095345,0.6931955562999519,0.2023052114631489,1.2180975027469143,0.4585769842627886,0.22606194559136406,1.68903998354,0.9087648383163616,0.8817246316051055,0.7290717984439287,0.5071138178818027,2.6331902102834728,0.300853103433562,0.5952976008751355,1.5536132750622635,0.21449096476686136,1.275645021978166,0.7490543878419149,2.8563308419217472,0.7867945440632313,1.697211559286997,1.5758983670547104,1.0078173395793515,3.306942609103174,1.1044336215634618,0.7236066608779943,0.8331128974079781,2.065705787028796,0.5395208320334628,0.6608725611757347,1.6349752347037099,1.0990735883402016,0.453335527447598,3.380466138435854,0.47175107164009666,0.27754863738838664,1.2832790084566033,0.7212877353147139,1.4698984866874656,0.5505863795823467,0.4163807918919563,0.21711784052224892,0.6231415441458159,2.1455638424861134,0.4965718893627431,1.410848381481706,0.33987238792176017,1.969993108062661,0.27285100677492746,0.415002689462376,0.032382538344099876,0.2799272265721405,0.4457665604610872,0.10863220871228446,0.36357939771709624,0.508009716266617,0.654667572940052,0.15683987917447118,0.44563306746532905,2.288061973241503,0.5266878136731388,1.3024181669045616,1.3454267153416706,0.7137066637060554,0.8340635672696005,1.042763852803696,1.3078905685425997,0.3056629057239736,0.32447563161122117,0.3157171405695415,0.19136098701207566,0.40308081868743906,0.3962748001546843,0.35991902451372126,1.8242387211012598,0.4948553601950372,1.1953123552187281,3.999571838325537,0.7439852703585359,0.3523335924986416,0.5112616261447881,0.4384950639480166,0.5861542006252285,0.5479379639037019,0.5937906212073025,0.8559446677769269,0.3216925327454352,0.8221255179173288,1.177023755328476,0.3923205134686505,1.116325293758224,0.43308929585843525,0.2758370254486988,1.2410921675313609,1.846001403076906,0.6789349922605346,2.2797111945750768,0.399832996998718,1.0104751100601683,0.40950080821845414,0.7437176758821025,1.0017454829522872,0.2521466389204155,0.5599178023454249,0.13263380205630237,0.6847037748385609,3.4548674724868063,0.7891591114806006,0.15221902282239208,0.8020515571379304,1.461831693435221,1.7726854804482572,1.591313521943316,1.3581895207213983,0.5727389221207447,0.42356871188674505,2.189818449372434,1.68411783905125,1.668842311595006,0.808085115812019,0.19980572030660282,0.7895080023212387,2.019220804719917,1.0969263357383163,1.274925443003129,0.24523688083014883,1.8547054459657075,2.257728446934433,3.1457123241222327,0.23637555000761679,0.749032951037456,0.16239452188014336,0.4234699213890382,2.5375403898933317,0.08822876427766313,0.5662578738211357,1.1084311075111222,0.28780059564533156,0.3443987027006326,0.7855973652472605,0.6063790896495744,0.13939892003911147,1.0334773826685388,1.1412935300089722,0.43190959181524324,0.23767301077439518,1.0284698352075217,0.5481576917980528,0.5106238530821483,0.3891818289330964,0.3132141716612384,0.4483168160806753,0.8621525513734248,3.339250147198902,0.8888542404458653,0.3357412753364458,2.3929383284112093,0.35758203729653726,1.1808623241998977,1.5786258449834012,0.41872013634944394,0.9077090506291705,0.6101502641339773,0.30247944428011075,0.7103324785256736,0.8734999213991584,0.17977541220727833,0.2919172195835005,0.5083301543268786,0.8182170959265083,0.761131510482493,1.3453785787514114,1.254759715907011,1.2674820633526092,1.456606194231167,0.03955544685931267,0.935266204458806,0.5450675286489987,1.3562607328400644,0.9764189606190211,0.872827396121582,0.9179106686393481,2.93599055117689,0.4854038694570142,0.5829729924822846,1.8891531179669143,0.6441395434636397,2.2538064018339554,0.4521053529516834,0.8679167326980757,3.4546470854800826,3.9200751016127082,5.841361867135712,1.0294615374365945,1.7680128512315116,0.5441438015208524,0.3335439157440423,0.15915811442696015,0.6300424371386653,0.26424446200796436,3.691807364594701,0.40481542525178155,0.40178367451891006,1.4729688669727539,0.9121769317575303,1.2027948458290805,0.7606824045517211,1.215780337555302,0.2161649778037109,0.8924013767158898,0.23433229671010747,0.8061828745285934,2.226853803216663,0.3952230858809367,1.1643333463688201,0.8339732280299827,0.3059265023440766,0.9228590297321058,0.4030308542993726,0.6979983437025954,1.157486112224115,0.778817230839491,3.2762723080571123,1.5949102615843633,2.487126521793554,4.450047789105398,0.662597771436659,0.8481668281314317,1.2775623454717815,1.5609118834363032,2.130805142285665,0.6111362726242371,1.6493875197261751,2.088443312054984,1.6632036996261004,0.7508437617874457,0.5226894439685694,0.8826127949258826,1.2078882204324732,3.1185379119995202,0.8453725259397916,0.4672873164897663,1.1528183250690098,0.16944301946904727,1.4449383702476544,0.27308685579912884,0.5421809190107667,0.5976016116813752,2.484732109618881,0.9924001503831218,4.044450724282185,0.9632426003697511,2.357219673368423,1.7558335133373122,2.43078155821983,0.11347386294151207,2.795760328085522,1.3940111392037182,0.4040307125155922,1.381802655204236,0.6280587515435125,0.7919797736538903,0.20137869773620032,0.8945005027020382,0.9694733182773145,0.35042622256919953,1.8798473673329696,0.5412864989926298,0.21813395473481145,1.8421673767510627,0.4025055217888618,2.5449074275006778,1.5471240816829148,0.2848832249423816,0.9780153631090892,0.5905352814420195,3.260159159721527,0.4127242635055843,3.8909288314588,0.6659402295158201,0.7203115257728498,1.11646018686356,0.7576339222189032,2.409276052647085,0.6415167391529013,0.3771597282401558,2.793662278805126,2.546170851688011,0.5383033229679106,0.6623793549973892,1.2557585726629947,0.13641589044434255,2.0813801116484223,0.3692130483062934,1.4633115533794523,0.40395780776835866,0.665905152509577,0.7173692809574606,1.177381380837625,0.40113676863464054,0.7405654596554685,0.31748167082237133,0.16800665955143101,0.6738789234179017,0.09663682061979792,2.9090141852544047,2.197290887897596,0.43567407796427504,1.2185708341142059,0.589192270995896,0.5122032855681675,0.9799927837497652,0.39131815441031725,0.26737520691451905,1.7936799682479323,1.6722688154810985,1.0032435836074094,0.08869047412965848,1.4281180887862184,1.076267983360193,0.23153437761121554,1.110967258083753,0.3726276400442039,6.797243149281773,1.2388811886403357,0.24287547654545644,1.0243650876308579,0.28873130278354786,0.5481155880119667,0.25791373382673755,0.5817178163355496,1.9006457794870508,1.209852691967587,0.08218205040704596,3.1685397726602296,1.1892688666563762,0.18105104403969985,0.6942563027886333,0.947058631181734,1.3646177893027835,1.05288949772014,0.49559148618339943,2.132004760680454,1.0165799132132143,0.053660761507314136,1.0138591104390202,3.5367366201994845,1.6181368732636878,0.36745719787311715,1.2047607757524414,2.8813569552161877,0.33080086378810336,1.311070030881901,0.30253759745503483,0.14017595990003096,0.8750115933390339,0.5053975222800481,2.26479584999703,0.8193609254504639,1.5630663491483547,0.036911262827926006,0.8645541939420587,2.015425962919391,0.3936141743959305,0.22839132292494946,0.11286594834743197,0.41854303522179137,1.682693900954816,0.9104452150852935,0.48193625824685016,1.1630241317098235,0.9900177238175326,0.9089677239834049,0.7128124885549326,1.0377450060217392,3.0719542367701527,0.9496953061618494,0.7223831450168315,0.8433624976451761,0.05159751653310585,0.4865350715533663,0.9316599292470473,0.5368039706533424,0.42939216137861647,0.44958405627046544,1.3222181464772251,1.0116441584644331,0.6667550639720716,2.0286751528031597,0.42444165208228046,0.9670544652156597,0.6138293621899661,1.3367004246494458,0.35325718719308763,0.14328698184729094,1.492397681403809,0.9625774020540743,1.7373713857936668,1.8252168450915511,0.7563286891879181,0.4913780336216278,0.18994166703973636,1.6529335836738337,0.5074519147862393,0.008056891898875207,1.1197930066605113,0.41908297508451886,1.4982577530304366,1.2348673281393414,1.8212931402689612,0.804730137999317,1.1388798041985746,0.062450730843687685,0.7836408911179227,2.151261422260281,1.330694990564071,2.10619599575388,1.2036444312202954,0.10712091883923835,2.2419135433407025,0.3755653408540025,0.25962631611551545,1.269650324482529,0.7753734363583518,0.5140139565347054,0.41621689471360923,1.502999765017237,0.36108659526372555,1.7042353989400065,1.0269695696286578,1.0572271106490665,0.9749641723240157,0.8983854208313593,0.5515855597383458,0.8660286098532926,0.6362935092787381,2.6102585330714385,0.3825756243699391,0.22766913923726625,0.6378969234878364,0.22584083129152055,0.5667601632594315,0.18673282484773063,0.5038334709658305,1.4356732522307951,0.6718150937490303,0.33823225742259067,0.3522609887235033,0.9071620186253148,1.2712689073282424,0.7103719283869556,0.669433041319636,0.9364323065928257,0.2161365683947567,1.1830337654617993,0.6165677906432341,1.1557706624619977,0.11398385422945356,1.474156150924196,2.659316986805411,0.4248961477876883,2.8161944101991594,3.096504084494735,0.6911143193846903,0.8930211914390065,0.3274996980144107,0.46825598028284565,1.8603191219995205,0.3971312947340575,1.2896304073580223,1.310834024369545,0.4199924022776411,0.1183941565957689,0.12848410920048825,1.6546271017289935,1.0796865645076208,0.28702129683997546,0.41551746994354444,0.4340496680166107,1.327040715381036,1.5388703930077277,0.3091067761022591,0.19525564602921525,0.3560434606409672,0.5846869675239903,1.5437317390391705,0.5478401744835947,1.212614530605329,1.239008511628916,0.9303991911503648,0.3912098805565133,0.44300217846328627,1.2538277536372464,0.937852474874495,0.6679255372210128,0.29269845185098253,0.46651668341725094,0.6986216168260452,0.601588329005312,0.24405783848620627,0.5652136259154474,0.42825128431684834,0.37891665948460895,0.17003832606968516,0.7165768771526584,0.12183970069618985,1.5529799647158071,1.6928475950380582,0.7347287350769833,0.5403807349635456,0.803328443003007,0.49068697828628394,0.4566721199749597,1.9165304465626423,0.5921699095342801,1.1359045302038377,1.3946608300279388,0.3679456086821665,0.34930269703918254,0.4461343404696516,0.5208949767152313,1.4497035169410457,0.22248964886100409,1.116567607347878,1.0344028459298682,0.4307846871661403,0.4986361608677109,0.2262551804320585,1.040657523095582,0.3273792083296919,0.10871454175082332,0.1547128579303454,1.332816321951952,1.224175334046835,0.5220307632452801,1.1376886441932799,0.22516337218277038,0.43235494003588915,0.8858644061839587,0.13090119654711743,2.8376119920032363,1.074245680129882,0.12278013406883947,0.5219974741216782,0.8973367598697621,1.6100341994701464,2.1853004003726224,1.2310720220369433,0.33359664529710265,1.907762785705297,0.14948228714524858,1.182561369480409,0.15086361886084532,0.366220272443851,0.33523849147859053,1.8046120857447554,0.1796930859976994,1.0599788053620154,0.4160419173940566,0.3908013744941762,0.3582688904508986,0.34839031718906904,1.4672217678322794,1.932612209362627,0.20214467075685305,2.4176407431089872,1.268083221449066,2.7393704933763128,1.5479275166400135,1.722667187396521,1.6446077696241068,0.0761437607657039,0.5853157419144561,0.42265057563920855,0.3570439014495621,0.4818830348175946,0.7040773956534769,0.35500767423802326,0.47134579576652547,1.7073651139098707,3.0205685564516926,0.4090265327463851,1.014301247132284,1.188619923822228,0.36762374245014484,3.0468999651123068,0.5930572455922936,2.423938172761382,0.6227586667317547,0.2850860580364972,0.4180604457020738,0.7739121536312528,1.2288845594487388,0.2685507425869704,0.5455620585296502,0.7702804724074177,0.3293572278797042,0.8328024048257272,0.5124042221079315,0.5258953799820177,2.9805205124005227,0.4937856196452648,1.8032851166237338,1.0956894538529394,0.9485881758601121,0.5480638707748023,1.1342888146498384,0.6855458459740789,3.9853425893736105,0.45871100739729903,0.2712243407381194,0.1865615732038108,0.7607159360479288,2.165653096696257,1.5988590207500974,1.0021634313306291,0.6987322631594,0.19929456868855921,0.9762062627903907,0.1757729896240191,2.258968440978633,1.3013378840416334,2.459372097489525,1.0502907757535676,2.0505805723744874,0.8190820709569981,0.7524853111280287,0.14890548922910107,0.3209284622240185,0.31979812573107014,0.42421164307988135,0.12020155142749944,0.5322211955731905,0.3077655996031625,1.5558238764712822,0.7396555218779236,1.2020576063583028,1.386238804503415,2.1277523391146165,0.09569937505239604,0.6546663265129895,0.8075778296458298,0.24335455666319916,0.6506787809479527,0.6777866761724862,2.210740573542018,0.4213611267149405,1.9747725782981846,1.7613939636732048,1.7931292970766992,0.5710073670216692,0.2993928329036868,0.5542882308888322,0.965151060213499,0.33343393500165097,0.7138358963590294,0.7646104508137079,1.3761982114956188,1.5666043709599171,1.7107142177129282,1.3270375150313996,0.8277444923165513,1.0079682927164475,2.7227659834133764,0.10713318621922266,0.5871826375467963,1.8058203007090357,1.3055739393984631,0.7587869069179995,0.23512628772312294,0.43455726597812316,1.6133277860118878,0.5072765250520835,0.5293407263019649,0.32254457796639446
"((4, 0), (0, 0))",0.4175501715375916,2.756807241242694,2.707642733949659,1.1694645923659253,0.5309522233940513,0.36262770435057323,0.2818926482367716,0.3488625148631195,0.7043181569762242,2.048058688714186,0.7188774772318545,0.593634848277914,0.36752510670693916,1.2956876852091797,0.6370170995566076,0.5670974640525042,0.6647035132620953,0.3975175116012819,2.9955399162547254,2.495954934020148,0.398861341087287,0.5691665742659286,0.20811597116638303,1.4823802422593757,0.4016858671783578,1.607209287629312,0.623111643157934,0.6290766165148668,0.32462627720111814,0.7130920021269406,0.0653778647753902,1.0131671460034306,0.3249610775160585,0.6071897790836539,2.2549153797303667,0.3074782906637128,0.09813843851766646,0.3605568758168676,1.6413201453399564,1.773254979917784,0.8447066359836924,0.02463545929212546,0.5971228991421584,0.7547679889471474,0.44953100684202063,1.5299718834702816,0.44515310437326705,0.7810466227272357,0.2156804534368053,1.4352323680303878,1.3677002796788091,1.024088275349962,0.05732343726176753,0.9359047419310885,1.7748512388622844,2.4349311195396592,0.7578936635609559,0.2909215323384422,1.5747307738026906,0.04844799972894476,0.6942400972552297,1.081592669559301,2.1997073836572536,2.0996835793274427,3.8458226603456813,1.7255087250284924,0.24427903545448065,0.5902926395868215,0.3206522447024993,0.1776408018201343,0.7848585709039726,0.42140290744624487,0.13008159663309038,0.012352487943319668,0.14136295723271086,0.7334205265979161,0.6570200647580242,1.2232684592348253,0.6151370821563202,0.5376128689202533,0.9061110680228799,0.07282750889078327,0.797115364880147,1.481330251700475,0.33515984055784953,0.7146379351175627,1.1107465335989297,0.4998951903197577,0.8416755099035571,2.404229231601822,0.08704022526062316,0.278555323343875,0.7862016870238149,0.7479933261803685,0.44596206239175573,1.5944761550482438,2.288826819968718,1.5599487642778294,0.0065360079891503275,0.8487249935417949,2.189715722957999,1.9340517463091715,0.30226591494911437,0.45059338029264273,1.3268969714276433,0.10011247526004763,0.6258468071124814,0.525216858230551,2.4511408738879754,0.6436393119770005,0.6894613124773682,0.28305836272740825,0.7430856447387422,0.9745254629371517,0.23684297242428798,0.6511405990670267,0.39548542212149074,0.950921787621675,1.413552635784626,0.5488695151306211,1.4399793539340524,1.5495345998879497,2.610017392265027,0.4787060502382663,0.5613985880319914,0.06224366967158568,0.20866382468505829,0.4149457313128879,1.5683537765815052,0.6837249158921899,1.108930585301104,0.6191649793335098,2.4124134303449116,0.49689926535505635,0.11587341404405582,0.45151626306467274,0.4527517413785218,0.35731152221761875,1.021922639696792,0.1555258551653731,0.7392666160415691,0.3270516155884571,0.05713096948879631,0.8100474348802584,0.49281765421018375,0.40918251160320174,1.2884231783444646,0.5412495934978565,1.3288158116362099,0.7850891342042224,0.037012850943752174,0.8888139599604714,0.6273791031059271,0.3073478527152531,0.5307124733996387,0.5324710356708202,0.0032926628836947303,0.6022980794342268,0.1973693457035406,0.38764461087584934,0.2500425789801948,0.4813648071750892,0.616491695867736,0.607837638925384,0.5990631440206747,1.3281222330690468,2.1183794127367226,0.7884634704805862,0.08747905186431104,0.5097108400073243,1.1200916176550852,0.3881675574715708,0.35882460227088564,0.35961900733916796,0.660897359265521,3.058369147591663,0.2579537987407461,0.5541179038658081,1.2218290932008609,0.07099280477485115,1.3878902064515004,1.0226540966337025,2.684906682498028,0.5783392602045259,0.02271393196782498,1.7993367296780791,0.03817001100097017,0.4527115243142317,1.8739108203216097,0.007458194507752092,0.8086771964959251,0.6752132636958309,1.1512339577371025,1.1299051223860401,0.566972432619367,1.5511990762018448,1.474377863572605,0.6872114638341948,0.8462007503335625,0.253585343970846,0.00942082843217873,0.7568810621392856,1.1565081290477126,0.4763053202063692,1.2451335472879657,0.322227651893926,0.21604726758245907,0.03487103785120693,0.38924035957726744,1.5127973782311854,1.3990088095374948,0.31927775741095166,1.027706948338516,0.15975747418296282,1.1611960194402577,0.5738579628525646,0.09742311545587756,1.8997415811274823,1.7281807774111293,0.7886216016701912,2.2184887115115175,0.24220361355978248,0.00439039202633229,0.34937462468526836,0.6528751870878671,3.0462654230798054,0.5375082752758118,1.220775825651473,0.9593203929395357,3.8389225639457187,0.15878772302938465,0.7908608207638329,0.5706161920555984,1.4741808468753708,0.4673351811204385,1.910372658381304,0.677296788939864,1.459447699197991,3.0416803032113684,0.20900927670950065,0.45119407686066776,0.5989123013000297,1.1015050249291856,0.48962692868792534,0.6447551687660001,0.182723255376958,0.6658819246891337,0.3131162807278103,0.6896923121187615,1.3736452003245785,0.21784140967458088,0.013824911900763182,0.28172826308912535,0.2032887985594407,0.9993108354816054,3.3976598788240664,0.5486590055161282,0.9207572687937734,1.1276035733478373,0.11869370050496153,0.34034678758168724,0.3982340220951195,0.7269499260097356,0.24584802847458176,0.2172199219734774,0.5307551156233867,2.290308845480603,1.4781420520024404,0.4903313411887056,0.6434022248894178,0.49138292659141114,1.1817826875334145,0.45017803366627596,2.4543241706789685,0.17357130505546536,1.297491223965611,0.22781603129237848,1.9075052232355942,1.0103435203853177,0.6273059405512649,1.2191074241288573,0.28424501212346853,0.25363534229256013,0.7344347643109956,0.889821783695967,0.6852090247994824,2.7635961701956733,0.42830245286356616,1.0385114690836974,1.1539276584852742,0.6375865815085799,0.328220464006441,0.2670448934549092,2.5776959462065814,0.013841658786163946,2.2039443546812083,0.4690314176390724,0.9071147186173878,0.49290369417888513,0.5995755679091673,1.4011165265079981,0.9231768924780308,0.3688010200828451,0.8983984458236594,2.84378015302863,0.6504436605217128,0.5085232457492896,1.107873995409343,0.8069117205430835,1.2718709526767389,0.562028041502741,1.597925440836228,0.19834435050812926,1.8930470556427517,0.14995472254007858,0.022622899403098473,0.22592269350339067,1.6119738718069492,0.69433427147701,2.050037616139757,0.8939311056480388,0.5170916943869963,0.4595471605741528,2.111840569800592,0.35108153790913077,0.6864719519764739,0.39250692204840454,1.9737950285554553,0.8281279513421103,3.9081334778369037,0.6115634015501712,1.497112977844611,0.7327765068432082,1.0991429584502193,0.004750761780027368,0.46261925230913037,0.6873046383581369,0.02757770332882925,0.8094239772061895,0.7416345252638685,0.021258363974152927,0.8808585027546079,2.156921366688237,0.47444626458609596,0.1516182766137919,1.1106606336300926,0.611501110097795,1.0836213762513767,0.22235907443126512,0.40563101487549535,1.5785130238887977,0.7512286614703974,0.08931806469546827,0.7430170698913989,0.2241429729248433,2.424116144435331,0.43782700646296113,0.1699663930173797,0.5509498748250858,2.046699134555631,0.20951120852362198,0.7798315823490631,0.4013517516038574,0.27275975965874144,1.3965111453952868,0.6407144592046659,1.1689823610149448,1.3441881188356037,2.834095697513819,0.11472712724329931,0.44581819836335446,0.007937182715460178,2.125650033469241,0.5409256362096683,1.571484264946676,0.22189176499036334,1.3952100529368936,0.7502837876774715,1.4290190222618688,1.0513105837166068,0.2552643598407176,1.0762531568467364,0.7854120407845125,1.5619954132695613,3.1666246913387486,0.7185050125505111,1.6594234594327155,0.936275649271979,0.1715584508720447,1.0488505091478428,0.9937035304656534,2.5067147414321567,0.5240132173797891,0.2508055521304936,0.45912587385027515,0.8210921285226871,0.4694036837835398,0.2714304521242814,0.7225367280377886,0.5697231014271407,0.4009423203134145,0.6593039378010424,1.1378387295948846,0.427510043449306,1.149051174584086,0.4660687103423953,0.569561100152256,0.038303279908942556,0.2456818153975262,0.3304566204717926,0.19889975999614795,0.04459495946399472,0.4802231336928551,1.537088229469938,0.8334858213862653,0.00046804146842160943,1.3068009578965722,0.8773672234380268,0.7947829387279768,0.5233855463226877,0.6826010236755322,0.7336950732396337,1.0343979477257483,2.0745535386685936,0.9832563104997778,1.9337209336692243,2.908087933642645,1.1630472239999918,1.1542445051013588,3.3150909938882234,0.529365992598672,0.04794240548016315,0.5850939704222309,1.972528421233923,0.7543091173326734,0.7082558044605731,3.466718879446305,1.8937790339847513,1.0253769684571874,0.6499863465403344,1.9145794041946775,1.933759644825724,0.4985379673799175,0.3644271760776626,0.034632802153014786,1.4348459397081608,0.4287540708586288,0.9513342599453715,0.5130880212654894,2.3976873946993784,0.14254965606845382,1.2901619295718125,0.11796454286712943,0.43127344762746406,1.0421177771708399,0.5490815341450458,1.6353723616033937,0.3807910369658667,0.6289581185776112,2.61069093245337,0.6505904064607722,0.6058034958025091,0.794730283066719,1.1401830173993233,0.879649884322363,0.3565313698011858,0.12810487101057366,0.3926641048819498,0.7510597145564142,2.157561170550772,1.0604747118796811,3.1991031607004516,2.7236245642667805,0.23629270017790976,0.6340465206670765,0.7342060645906155,1.5670383582523058,0.0412029172120576,0.5820463799040996,1.3514495444371728,0.41916144536122024,0.34800553272419654,0.17427044981441764,1.5141240273759506,0.12253482068069027,2.240889063948375,2.1590389049976486,1.5103389806893879,1.3408030512933187,1.3616642304237696,1.7632481569846479,0.464364476143184,0.5958407705064412,0.9300747155757101,0.5208561891487957,1.3014186858206254,0.09032995013976663,0.36436309615427764,0.5371995259908615,0.4818932763732221,0.24047035802570904,1.8119787215930787,0.755863524031319,0.7856287595693536,1.2387194279763396,0.09574129155862465,0.6578493541020833,0.6348036508992857,1.655578581204017,0.1991614151478036,0.632908558172633,0.026221953535512155,0.6965361032619648,0.7123211144956718,0.8337302466612098,0.27916529651748423,0.9396792305459489,0.03069800996824057,1.6960225335964592,0.1860125999405644,1.4675716571990531,0.045638193399531346,0.17853057438041864,2.204242017810992,0.9326195564238148,0.3169811715230306,0.45788996243008695,0.6811438368014602,0.5933738298586695,3.38988761361042,0.21845700606293006,0.1048856911309688,0.45651333920724224,0.4489263768173346,1.5819722574052182,0.45736681998217543,1.04917755162683,0.9144932326512811,1.1810379377501892,0.3014422168109095,0.8917987070356876,1.9593482607013444,0.004359356077669463,1.2540349161011313,1.5465335736131554,1.4820284481644332,2.004729952465607,0.9887402214714768,1.464023482212697,0.6857061988258459,0.20333441581699252,0.4043428646710516,0.3951034470110708,0.6139696220921871,0.1225968317160957,1.3766937127423713,0.6681769927528992,0.20799879850916358,1.4677495857664902,0.3496115132345936,0.4009465923100035,0.848951793002819,0.5020234309080016,1.1192603921140516,0.5809711090326988,2.0565162724284125,0.2023659929407221,1.129555391158036,4.41817938020744,0.7876360886150161,0.1668686247474358,0.4607529425004312,0.30212732938446674,0.6919777746652884,1.2135211466293425,1.6054355596995291,0.8916574852193526,1.6120205014988533,0.9158672797075473,0.6406366448618062,2.686094571007647,1.1626989624820712,2.0584997307184754,4.005849718396794,0.3259516668877347,0.4695272387514348,1.4327173940938243,0.6782912497852926,0.07984867775817417,0.3254482910965536,0.693863633042141,0.23730287426047497,0.3177754651914164,5.595576280765504,0.699313799126295,0.5179042789012851,1.2569237494306567,0.5050377894266119,0.6762878689756393,0.3688786456249995,0.7124834523230488,1.6458882876284804,1.766985924353694,0.2251926262456893,0.4923123877407618,0.6152490226543694,0.7758574483498345,0.4959922092891107,0.5952881656669091,0.7826525443592712,0.3602360120205219,0.552489037716646,1.2158159761489495,0.30785728535770235,0.22404035595528016,0.36469873252722596,1.1886473384881786,0.5238529445459559,0.9850650870512012,0.518242311264172,2.58056015281639,1.2676517491961916,2.3357580399012488,0.04782076411772418,0.278422298477129,0.2644190251307139,0.2315646928304722,0.9146698922799943,0.7954284042578431,0.6714747038731805,0.6108029549308658,0.3980532720748503,0.11934230168291737,0.03673755586582894,0.9193832747730424,1.3305969416020191,0.19298605953622938,0.6153309114608756,0.3222789609495784,0.04136621731154802,0.30968576477114285,0.5519258985387268,0.989210930453539,1.3579424159685827,2.0056459054210434,1.5085971230923902,1.1766709888071132,0.18452534756416628,0.19335904818094574,0.377674293609367,0.020867954647926013,0.3065719148998936,0.3780328081786608,0.6238188069159458,0.3467472960755239,0.6620270601812515,1.4045265351317018,0.5092707875545249,1.1381678574914706,0.601152899349449,1.3019195594070188,0.05530019900594807,0.26977434597747385,1.2639700354884114,3.756759194784797,0.34893633877732,0.7125971021649222,1.3675192902784197,1.1986040064995367,0.4084488190385954,0.3314714114473335,0.42187569889851584,0.49555980784964015,1.670948985172695,0.9132190515621277,1.1755079220144689,0.2631367237712834,0.6579342361462205,0.31530720055258765,1.5454895289706156,0.20607022446783185,0.0007176134601603046,0.9599157539434937,1.3577232648174626,0.30698135815064287,1.0006279600484573,0.3991659583381537,1.0068006395746003,1.425049283808138,0.5308289672931359,2.472634367801835,1.622391126829434,0.2625326696710261,0.806710801836232,0.9971885869816843,0.6437922360702111,0.6641750063483499,1.3609036959602951,1.0802905306572526,0.962270994308013,0.4221110375032795,1.0191448382427586,0.7034451735486649,1.5956350083958375,0.23252706068284335,0.3957823561087036,1.0707182577982701,0.3497578669978977,0.09899081695647238,3.4080886156053145,1.1495625881440126,0.21581128360879487,1.657475339011051,5.286465526122442,0.5573459146809614,0.9024734334692168,1.2088352595237877,1.2539230970338555,0.48806013818107674,0.6729137158517056,1.904125810704567,1.4894265220140444,0.5596099353117869,1.302787219623944,0.3931252521334938,0.43451715518620476,0.5054809295900733,2.3016198270415176,0.47308121740280884,0.3914016166775447,2.0323149647571963,0.7061608435450986,0.12973155700110528,0.02845961973824651,2.1918867040390624,0.6203902460596584,0.7150886109017421,3.169031731467027,1.91853509673559,0.045363081903187,0.17009817633486662,0.22623506592942189,0.8245578789451397,1.7447202566534643,0.44961108758215895,1.1687307723224531,0.9553815175850993,0.5625017876890952,0.3670982158906845,0.35806669813511205,0.0019422556723514006,1.0742145125717633,1.1879627981093215,0.9355110861686633,0.5689282821000692,0.15706050316754894,0.5338273322882853,1.4320864889056164,0.5163455588427133,0.856014416101512,0.6293754330828771,4.931568260825637,1.220784798517836,1.3568288632296808,0.3564338079845685,0.9320666444676271,1.1123529862511734,0.27452714743129314,0.5825344309634677,0.37849751509520446,0.47257192726598074,0.8466631307756791,0.5678536221218466,0.5908654182941582,0.9809972355105918,0.009292022027471147,0.5380726680265357,1.4332001007380135,0.017633537032005986,0.9046606692468502,0.9715022323585809,1.1036998864421224,1.4137943493617962,0.32643639382851375,1.0664822943127272,0.6288008574995457,0.12553165580149006,0.5281633084217636,0.38334218886550464,0.4828143651566118,0.3309712859825703,0.779618498282455,2.7804494139216707,0.35228096316493906,0.30306242722977705,1.1163231247904941,0.9644047856597715,0.5643122290620495,0.4785732304700038,1.0816119893911789,0.512314527229421,2.993379430300046,1.5394140653256112,0.04645522187911433,1.0092806482716705,0.21054004062901066,3.782474913942754,1.218318763207943,0.047012078522123635,0.5808019019841799,0.39488727915059774,0.5257909554335247,0.39206653140359515,0.7730571915195785,0.64858607691363,1.7726500064800077,0.8779545936528663,1.2271681504746228,0.1511835162201169,0.6769110503902502,0.09967044149207593,0.8205891228183768,0.09339116956323629,2.1537953444017877,1.8777980894765216,1.4259248700241889,1.6973927453583917,0.9814550887488307,0.021092065780694003,1.6992944606368097,1.3945708834678063,0.15794785256923927,2.314720131360817,0.7597398748203632,3.1341046068746397,0.45563256615701225,3.094579169903867,0.746467549535555,0.8569607600207609,1.68165699287322,1.0814258276535105,0.40986070392616725,0.7212621153658807,4.9882140088547775,1.524084510150172,0.980499327110553,0.6811251039601445,0.29199025418014,0.7471307062347959,0.8952503636434572,1.1661484037243128,1.6034064935938728,0.4435378300324314,0.5881422457535672,4.681082070732409,1.5274802390580708,0.9782506070964367,0.832706181785545,0.3483980725423246,0.05375735097638068,2.2367788369208936,0.6832660027946003,1.8582245893718883,0.50424242556725,0.019025962075783998,2.5972821013431497,0.33460886303769977,0.5933430536010333,0.5512492423377631,1.3721616971659474,0.5607213836022402,0.26888145198181845,1.275894345092127,0.5970067727719368,0.4357637443305018,1.3791684077319153,0.26640599419195243,1.1684308445839684,0.44369269754311036,0.005441657697965452,0.6950124532986548,1.2030540401974457,0.1323515066265104,0.43160274278330196,0.9906748303172708,0.5487344587493568,1.689737341324538,2.127654373860719,0.3003694689058988,0.3150329835947703,0.4330210236057548,0.49450686527203347,0.8389099178413395,0.2909128501693269,0.025326776286068164,0.45793151116131736,1.1469206698187233,0.8146429298134195,0.3728004333376388,0.060114269476969184,1.1806424736596475,3.927706290874865,0.289108547317628,1.3278270174243225,3.068046374434547,0.5787099631182966,2.550832240986109,1.551901996513245,1.0191213845586673,0.01799191605891723,0.9005421341942341,0.9964502524354912,0.03451871565343273,1.3648898223685055,0.09695200556714789,0.4770048607604073,0.24466187454252775,0.9051574021793103,1.2821610734201077,0.3543053294963887,0.7554705883457434,1.2184936044183408,1.5732056060810298,1.5745403962762137,0.9722404412916956,0.3272173608726636,0.7609356904570186,2.5990970386949694,0.32398512129995427,0.6086892987790131,1.3350111807888196,0.6459996741741059,0.5800270481153258,0.9484693186458062,2.2454884919147484,0.19320770318402924,0.35983765240595034,0.7176396290622222,1.311826543317694,0.11512303951713271,3.917442503357728,0.9454368885860385,0.9801446479996843,0.45434423108425137,0.9747067250405228,0.03347738225348107,1.0911475612399744,1.45370428238491,0.8092718973348226,1.5375882094069633,1.1244390871342074,0.854379168834252,0.8746240785601118,0.08913262701003882,0.5814818584927273,1.3104031583084916,0.03231206010987053,0.20005128531060312,0.1893885945157172,0.3810050731222664,2.0289684052348926,0.6343431837317395,0.14215112160662613,0.11775402361524079,1.3283676035539134,0.40932859218325823,0.5926331808493477,0.5729660299489903,1.2038798817264982,0.8197085908440267,0.4077789896704366,0.2944011993755262,0.44463754329029914,0.7336752839166363,0.4238096542649099,0.26355792747371753,0.5943032501903599,2.1254344600586053,0.5015314386729799,1.9815447368546089,0.5001606247200797,0.16333978791348078,2.129374558021593,0.7536188641896019,3.651330954105413,1.127199102889001,0.6417673928383549,1.4124662368698815,0.14390343894719682,2.32118476717502,0.46656133386310994,0.6956888596078517,2.0293361904478515,0.38853918445517754,1.8615823429459968,1.1532550435140374,0.0653419632600426,0.28207385801660934,0.035120637006337385,0.6180175674693766,2.960823285056732,1.052658459552186,1.5131107865126951,1.6136757944866467,0.5247425283213807,1.0111139697862868,0.09913888735370291,0.7635997891800905,1.629466625459237,0.46629977621345375,0.767648053657654,0.9915143109732826,0.2180421865557538,0.6069634604874943,0.0600006492495484,1.222639130996499,0.34155123826476974,0.796879529753747,0.5777809895681892,0.0782242656391175,1.7162599757851345,1.4407749057260317,0.777078745805083,0.1739957250026687,2.880206747454291,0.7340975120163314,0.8070195499083197,0.41238902402674715,0.16037289800873605,1.1414836037818046,0.15886333554187693,2.318002074565481,0.20968715025566154,1.2172772763526405,2.4176437483184943,1.9827953081595304,0.5971520095886172,0.9542692731823631,0.03354272467375541,0.437147250675027,0.5457028849242587,0.9359443260785144,0.7580312533789549,0.5829609300724266,0.9801511480091615,0.5729878242344486,1.425882866336562,0.6671031378429891,0.12200909334582499,0.07902584987244154,0.07448743725902546,3.333302906505195,1.0643494524906518,0.23325595114932418,0.0062487209661761245,0.4245346567636641,1.2701169935716927,2.455780274584245,0.7842803076003537,0.4832109439084131,1.9038895835338836,0.7320897727407709,0.517387486394,0.9451444050671394,0.28489737728047504,0.6325729209104842,0.372470513326552,0.8767641724703543,0.18933231989643917,1.7562046047197004,2.8147312081627813,0.049416796604194735,1.1457463292070864,0.3164795270544212,0.870976973487714,0.29563557516093497,2.0874990454603517,0.6244820245860546,0.06950957505282052,2.2999061079997922,1.8451464979977388,0.5830049384960807,0.25922081462942737,1.7272295803982374,0.5932002202763237,0.2195552048516778,0.17270993821202058,2.2388992002742287,0.015845709668996566,1.3218698652890388,0.3976575626802421,0.9249105478608188,0.5323458794768006,1.3531049126308292,0.6230759931530976,1.0098898479502227,2.0752193309982574,0.43384450084377085,2.02150045967291,0.3356136499185962,3.2334861333053624,0.5709613540788525,1.6403099363042135,1.4155702267697832,1.1720963616329678,0.013326275118859199,0.8763003673196019,0.2609074961153832,0.09596239253450917,0.6387374556355601,0.920995219790306,0.4150996825283555,0.3721575104106236,0.9382312604919965,0.5767985712396646,1.1919825132307684,1.4084696194884732,0.38708486186673297,1.1892112775386965,0.12330868646703785,1.1276795284527703,3.856383243650364,0.6417950742068135,0.4123484663662107,0.3236829045552947,0.6362548459291173,0.5480083512410405,0.4775894935432645,1.4816200299711442,0.5094573518983041,0.894721189747639,1.6784186392496272,0.7551654544490604,0.41884251327975064,0.5742577211164783,0.7124189428723532,1.582551323700077,1.9746078033393746,0.2967517785368794,0.780781086785314,0.4310256937983603,1.511254927575525,0.7574972330971386,1.4166130556012342,2.1593697258693405,1.457670487902735,6.256901732518082,0.26619904456673416,0.36143797908000086,0.07365274956155443,0.14541975359689419,0.461893784378109,1.014508797894257,0.43581631212637983,2.5925330384285568,1.3666767934793453,2.7290950016583153,1.1721457144029919,0.01844293730921487,1.408111033339326,1.2560590757634449,0.7716469026108999,0.6368332413899045,0.035425560112359644,2.1288449358906143,0.7431343196031408,0.13539139658872357,0.04320046418865553,0.907432953904059,1.2978585487926542,0.9089712471818711,1.974678281833821,0.2131746887752306,0.5841633167612085,0.5281083958779007,0.07911143083121397,0.6006716025847775,1.6973169180751715,0.2575325358991408,0.5385773286789223,0.7766575826017066,0.4230217152755533,0.19317927349476538,0.0559550127475279,6.537787664626097,1.3900078811209453,0.8501357477004361,1.7588647098016041,1.1142182113314343,0.6328912496795487,0.5064476178655304,0.45255507355505553,0.5951992500273067,0.06203267002713664,0.9745472743638477,0.5139747755570361,2.0133610183246744,1.781492499322157,0.7294547877642701,0.5033591256704184,1.7479544087056946,0.5684624200707917,0.3509690426723011,0.6642766889823948,0.040486523571180544,0.7789393418068905,0.5831253909033971,1.2479655981794457,0.5435769334312921,0.763347051605424,1.550841908482646,0.8482781310234027,0.17037789604120368,0.6596945720581844,1.2234952649636202,0.0523607597462189,2.0972644034445382,1.0522550792928271,0.0603276369966983,0.050234510180100944,1.2558473529882197,1.4590822939001016,0.4168138270520302,0.7292547143677031,0.6894129696700192,0.9156705196668866,0.191275651453642,0.3364967453278162,0.014570981630230073,1.056582208414212,0.9555486541961828,1.1831893849092505,2.6598896439678987,0.7932661991047198,0.0682254559146882,0.22034723358375657,2.2165115429798643,0.3937769488347058,1.0538206431102104,0.4596230704142069,1.529953819071505,0.13842563730081403,1.3922890793245999,0.04896968977906013,0.4717108079506731,1.2910524834959038,0.5960313887251618,0.548287177341064,0.19137111967992926,2.790071471619526,0.3279469337862988,0.5938697668869881,0.04873514514833077,0.5400038266176492,0.6130652424496658,2.187028497863583,0.32305572429786755,0.024163174387942243,0.35022158104248,1.484497797972718,0.39582390586207494,0.6335926475689787,1.4094930583075649,1.3014577955022515,0.11073185972392241,0.654358888173896,0.37376927330208387,0.48727956094882474
"((2, 0), (2, 1))",0.0,0.0,0.0,0.0,0.0,0.0,0.0,0.0,0.0,0.0,0.0,0.0,0.0,0.0,0.0,0.0,0.0,0.0,0.0,0.0,0.0,0.0,0.0,0.0,0.0,0.0,0.0,0.0,0.0,0.0,0.0,0.0,0.0,0.0,0.0,0.0,0.0,0.0,0.0,0.0,0.0,0.0,0.0,0.0,0.0,0.0,0.0,0.0,0.0,0.0,0.0,0.0,0.0,0.0,0.0,0.0,0.0,0.0,0.0,0.0,0.0,0.0,0.0,0.0,0.0,0.0,0.0,0.0,0.0,0.0,0.0,0.0,0.0,0.0,0.0,0.0,0.0,0.0,0.0,0.0,0.0,0.0,0.0,0.0,0.0,0.0,0.0,0.0,0.0,0.0,0.0,0.0,0.0,0.0,0.0,0.0,0.0,0.0,0.0,0.0,0.0,0.0,0.0,0.0,0.0,0.0,0.0,0.0,0.0,0.0,0.0,0.0,0.0,0.0,0.0,0.0,0.0,0.0,0.0,0.0,0.0,0.0,0.0,0.0,0.0,0.0,0.0,0.0,0.0,0.0,0.0,0.0,0.0,0.0,0.0,0.0,0.0,0.0,0.0,0.0,0.0,0.0,0.0,0.0,0.0,0.0,0.0,0.0,0.0,0.0,0.0,0.0,0.0,0.0,0.0,0.0,0.0,0.0,0.0,0.0,0.0,0.0,0.0,0.0,0.0,0.0,0.0,0.0,0.0,0.0,0.0,0.0,0.0,0.0,0.0,0.0,0.0,0.0,0.0,0.0,0.0,0.0,0.0,0.0,0.0,0.0,0.0,0.0,0.0,0.0,0.0,0.0,0.0,0.0,0.0,0.0,0.0,0.0,0.0,0.0,0.0,0.0,0.0,0.0,0.0,0.0,0.0,0.0,0.0,0.0,0.0,0.0,0.0,0.0,0.0,0.0,0.0,0.0,0.0,0.0,0.0,0.0,0.0,0.0,0.0,0.0,0.0,0.0,0.0,0.0,0.0,0.0,0.0,0.0,0.0,0.0,0.0,0.0,0.0,0.0,0.0,0.0,0.0,0.0,0.0,0.0,0.0,0.0,0.0,0.0,0.0,0.0,0.0,0.0,0.0,0.0,0.0,0.0,0.0,0.0,0.0,0.0,0.0,0.0,0.0,0.0,0.0,0.0,0.0,0.0,0.0,0.0,0.0,0.0,0.0,0.0,0.0,0.0,0.0,0.0,0.0,0.0,0.0,0.0,0.0,0.0,0.0,0.0,0.0,0.0,0.0,0.0,0.0,0.0,0.0,0.0,0.0,0.0,0.0,0.0,0.0,0.0,0.0,0.0,0.0,0.0,0.0,0.0,0.0,0.0,0.0,0.0,0.0,0.0,0.0,0.0,0.0,0.0,0.0,0.0,0.0,0.0,0.0,0.0,0.0,0.0,0.0,0.0,0.0,0.0,0.0,0.0,0.0,0.0,0.0,0.0,0.0,0.0,0.0,0.0,0.0,0.0,0.0,0.0,0.0,0.0,0.0,0.0,0.0,0.0,0.0,0.0,0.0,0.0,0.0,0.0,0.0,0.0,0.0,0.0,0.0,0.0,0.0,0.0,0.0,0.0,0.0,0.0,0.0,0.0,0.0,0.0,0.0,0.0,0.0,0.0,0.0,0.0,0.0,0.0,0.0,0.0,0.0,0.0,0.0,0.0,0.0,0.0,0.0,0.0,0.0,0.0,0.0,0.0,0.0,0.0,0.0,0.0,0.0,0.0,0.0,0.0,0.0,0.0,0.0,0.0,0.0,0.0,0.0,0.0,0.0,0.0,0.0,0.0,0.0,0.0,0.0,0.0,0.0,0.0,0.0,0.0,0.0,0.0,0.0,0.0,0.0,0.0,0.0,0.0,0.0,0.0,0.0,0.0,0.0,0.0,0.0,0.0,0.0,0.0,0.0,0.0,0.0,0.0,0.0,0.0,0.0,0.0,0.0,0.0,0.0,0.0,0.0,0.0,0.0,0.0,0.0,0.0,0.0,0.0,0.0,0.0,0.0,0.0,0.0,0.0,0.0,0.0,0.0,0.0,0.0,0.0,0.0,0.0,0.0,0.0,0.0,0.0,0.0,0.0,0.0,0.0,0.0,0.0,0.0,0.0,0.0,0.0,0.0,0.0,0.0,0.0,0.0,0.0,0.0,0.0,0.0,0.0,0.0,0.0,0.0,0.0,0.0,0.0,0.0,0.0,0.0,0.0,0.0,0.0,0.0,0.0,0.0,0.0,0.0,0.0,0.0,0.0,0.0,0.0,0.0,0.0,0.0,0.0,0.0,0.0,0.0,0.0,0.0,0.0,0.0,0.0,0.0,0.0,0.0,0.0,0.0,0.0,0.0,0.0,0.0,0.0,0.0,0.0,0.0,0.0,0.0,0.0,0.0,0.0,0.0,0.0,0.0,0.0,0.0,0.0,0.0,0.0,0.0,0.0,0.0,0.0,0.0,0.0,0.0,0.0,0.0,0.0,0.0,0.0,0.0,0.0,0.0,0.0,0.0,0.0,0.0,0.0,0.0,0.0,0.0,0.0,0.0,0.0,0.0,0.0,0.0,0.0,0.0,0.0,0.0,0.0,0.0,0.0,0.0,0.0,0.0,0.0,0.0,0.0,0.0,0.0,0.0,0.0,0.0,0.0,0.0,0.0,0.0,0.0,0.0,0.0,0.0,0.0,0.0,0.0,0.0,0.0,0.0,0.0,0.0,0.0,0.0,0.0,0.0,0.0,0.0,0.0,0.0,0.0,0.0,0.0,0.0,0.0,0.0,0.0,0.0,0.0,0.0,0.0,0.0,0.0,0.0,0.0,0.0,0.0,0.0,0.0,0.0,0.0,0.0,0.0,0.0,0.0,0.0,0.0,0.0,0.0,0.0,0.0,0.0,0.0,0.0,0.0,0.0,0.0,0.0,0.0,0.0,0.0,0.0,0.0,0.0,0.0,0.0,0.0,0.0,0.0,0.0,0.0,0.0,0.0,0.0,0.0,0.0,0.0,0.0,0.0,0.0,0.0,0.0,0.0,0.0,0.0,0.0,0.0,0.0,0.0,0.0,0.0,0.0,0.0,0.0,0.0,0.0,0.0,0.0,0.0,0.0,0.0,0.0,0.0,0.0,0.0,0.0,0.0,0.0,0.0,0.0,0.0,0.0,0.0,0.0,0.0,0.0,0.0,0.0,0.0,0.0,0.0,0.0,0.0,0.0,0.0,0.0,0.0,0.0,0.0,0.0,0.0,0.0,0.0,0.0,0.0,0.0,0.0,0.0,0.0,0.0,0.0,0.0,0.0,0.0,0.0,0.0,0.0,0.0,0.0,0.0,0.0,0.0,0.0,0.0,0.0,0.0,0.0,0.0,0.0,0.0,0.0,0.0,0.0,0.0,0.0,0.0,0.0,0.0,0.0,0.0,0.0,0.0,0.0,0.0,0.0,0.0,0.0,0.0,0.0,0.0,0.0,0.0,0.0,0.0,0.0,0.0,0.0,0.0,0.0,0.0,0.0,0.0,0.0,0.0,0.0,0.0,0.0,0.0,0.0,0.0,0.0,0.0,0.0,0.0,0.0,0.0,0.0,0.0,0.0,0.0,0.0,0.0,0.0,0.0,0.0,0.0,0.0,0.0,0.0,0.0,0.0,0.0,0.0,0.0,0.0,0.0,0.0,0.0,0.0,0.0,0.0,0.0,0.0,0.0,0.0,0.0,0.0,0.0,0.0,0.0,0.0,0.0,0.0,0.0,0.0,0.0,0.0,0.0,0.0,0.0,0.0,0.0,0.0,0.0,0.0,0.0,0.0,0.0,0.0,0.0,0.0,0.0,0.0,0.0,0.0,0.0,0.0,0.0,0.0,0.0,0.0,0.0,0.0,0.0,0.0,0.0,0.0,0.0,0.0,0.0,0.0,0.0,0.0,0.0,0.0,0.0,0.0,0.0,0.0,0.0,0.0,0.0,0.0,0.0,0.0,0.0,0.0,0.0,0.0,0.0,0.0,0.0,0.0,0.0,0.0,0.0,0.0,0.0,0.0,0.0,0.0,0.0,0.0,0.0,0.0,0.0,0.0,0.0,0.0,0.0,0.0,0.0,0.0,0.0,0.0,0.0,0.0,0.0,0.0,0.0,0.0,0.0,0.0,0.0,0.0,0.0,0.0,0.0,0.0,0.0,0.0,0.0,0.0,0.0,0.0,0.0,0.0,0.0,0.0,0.0,0.0,0.0,0.0,0.0,0.0,0.0,0.0,0.0,0.0,0.0,0.0,0.0,0.0,0.0,0.0,0.0,0.0,0.0,0.0,0.0,0.0,0.0,0.0,0.0,0.0,0.0,0.0,0.0,0.0,0.0,0.0,0.0,0.0,0.0,0.0,0.0,0.0,0.0,0.0,0.0,0.0,0.0,0.0,0.0,0.0,0.0,0.0,0.0,0.0,0.0,0.0,0.0,0.0,0.0,0.0,0.0,0.0,0.0,0.0,0.0,0.0,0.0,0.0,0.0,0.0,0.0,0.0,0.0,0.0,0.0,0.0,0.0,0.0,0.0,0.0,0.0,0.0,0.0,0.0,0.0,0.0,0.0,0.0,0.0,0.0,0.0,0.0,0.0,0.0,0.0,0.0,0.0,0.0,0.0,0.0,0.0,0.0,0.0,0.0,0.0,0.0,0.0,0.0,0.0,0.0,0.0,0.0,0.0,0.0,0.0,0.0,0.0,0.0,0.0,0.0,0.0,0.0,0.0,0.0,0.0,0.0,0.0,0.0,0.0,0.0,0.0,0.0,0.0,0.0,0.0,0.0,0.0,0.0,0.0,0.0,0.0,0.0,0.0,0.0,0.0,0.0,0.0,0.0,0.0,0.0,0.0,0.0,0.0,0.0,0.0,0.0,0.0,0.0,0.0,0.0,0.0,0.0,0.0,0.0,0.0,0.0,0.0,0.0,0.0,0.0,0.0,0.0,0.0,0.0,0.0
"((3, 0), (1, 0))",0.7198767409650331,1.3662934979193997,1.0202044256904585,0.5145402394884779,0.4441031625135556,1.0235906669169224,3.2807660429203107,0.3125877649810638,0.8091321115936919,1.109137349502519,0.13021841245941213,0.11435643822259267,4.634244912828988,0.5410461812235805,3.1901245631446775,0.48626506985891066,1.3001439080328654,0.25889500277983474,0.4176082100364231,0.2726801756122669,2.1954580059478994,0.29770897664321283,0.7652490015874949,0.5112886144045707,0.41705038397820005,0.6065672606840491,0.5340311288468762,0.2730822964126802,1.331153939454014,0.6749560485700692,1.9563578158081936,0.1419432372230815,0.48700624592756914,0.3321110399654025,1.296825032458138,1.4926192787341193,0.8035155189677832,1.7080667638313418,1.3523241724518527,1.7647875290704294,1.2282614093359638,1.0015897743885283,0.5818424388131125,1.3542180454970225,1.5532729821069584,0.9668626499588058,1.6337721131048955,1.4074392026865379,0.736607058519454,3.0210557004594563,0.28487559868374146,1.6313509442000176,0.559397820869355,2.6884406782715877,0.8308102461493703,0.3031395376930852,0.29787804387360783,1.5437674109818724,0.24317646263849713,2.055950920879853,2.6960115842842662,0.12521413682179738,0.35047921560448536,0.5324345697916315,0.4206734842352765,0.45409247865183344,1.2490931571744621,0.45799693153236776,0.93623406834681,0.8211079077828047,1.3505503131392107,1.1939255921111296,1.5921781746775698,0.7086708929058325,2.314579794598119,0.3575999761415134,0.6808694959160119,1.093318698046076,0.3656666434181597,3.2073123616221912,0.8239476851354564,0.20145413970137893,0.7717124950364913,0.09252656588394392,0.6781615459144608,0.2272119880253486,2.2805177169448987,0.18571757707299286,0.2144040704360819,0.38639997048414404,0.7952504374235638,0.03246461633550696,0.39175627509964484,2.1920087407690483,1.3869468289443245,1.8255980597041956,0.11060380069517217,1.833930098945608,0.3526872833726721,0.8475623197121636,2.622921027025852,0.6608037952849657,0.24690056422838985,0.6385129233160562,0.4743135596942316,1.6002369886801207,0.5255951078577175,0.7025519060366974,0.374748349168196,0.5433618439640451,1.8210197358249867,1.7286973190767767,0.47564227407606763,1.4343523734238812,0.9515502837980041,1.1165848350590504,1.6371001481697605,0.7081921248405076,0.6710575617300577,0.5668126586698239,0.08832676802619238,0.22044322149503615,0.974208873190336,0.2701999946241861,1.0104398713008658,1.5226301611190314,2.4998612779792317,0.7911328781636254,0.48738770205218407,0.40381482859405804,0.21909589805948615,0.605821480418931,0.22280477361272277,0.22027157885314835,0.7039071959561027,0.5356988857923088,0.5298390293056753,1.1265019791874256,2.218683835612461,2.8986341608280926,0.5961766343309538,0.8323271265278236,1.5355475190074792,0.503150277982111,0.0912489398625893,3.8935295174345255,1.9032994028441308,0.03716703527123566,0.32263894489800593,0.10853407262325099,0.24942583360807058,0.6608055954031313,0.2994138715944669,0.11604933307127108,0.4000853683267298,1.0289353812272033,0.27060505591926676,0.43828872046130685,0.9801373344524689,0.8588436670211297,0.5326374767698148,0.9795600076335046,0.39018162439119286,0.5476285808040688,1.6229084265868998,1.1257782688331373,0.5383061237641256,3.850335455301477,0.0876536653939074,0.575137360309453,1.2067099622748616,0.4404312144363409,1.2413872147342009,0.606594825314104,0.7197834044467479,0.6288606714213456,1.530405743733172,0.46817213804387514,0.7930628550803019,0.49193227847841076,1.357143859487135,1.2730050152938825,0.23784107355501916,0.744053666864761,0.2956930380228061,3.3526922516474453,0.9465819436210414,1.2769086571068566,0.913336422009344,0.7102407369655841,1.5481359733440636,4.698377725223928,0.3785290168314739,0.44915552029305933,0.0641610704469956,0.8509792604425842,0.8173100555522749,1.5934119549431178,1.928158380626241,0.4232501875838033,0.6752172892099688,0.8713602558544276,1.1553780228429118,0.22449600024206307,0.7060573395103275,0.2467843746610331,0.35958413782268095,1.2152651264533412,0.8351783644609005,1.081508942211984,1.1269852195107626,0.8516702044256736,0.3412550486946493,0.2742696071725532,0.38198729354070954,0.05876373250195277,1.7342943729290925,1.4808953057191392,0.4009459328915854,0.08780769356756357,1.037651989808289,0.34226021792013006,2.6553866403776483,1.6498369458851854,0.43275565113626224,0.3007084199562897,2.1726776131423957,0.5458194002463064,1.4998888152969498,2.301795875735068,2.5127689762920813,0.36422504891533214,0.29308732997526454,0.4262281878987697,0.4521904821292182,1.925752307218855,1.9816453418318414,0.4733550242231379,1.183932365398239,0.5108566423140866,0.2318030915048741,0.24025147051679552,1.8706649300461917,0.43831859781302795,1.8452168005372502,0.7570909767153925,0.8959504309201333,1.3733710445356333,0.5099354703943917,0.3908640825662928,0.22577744087307489,0.19743500817791482,0.1333681417366246,0.8922259562498627,0.5730584814325119,0.6516448598696996,1.3018474739927355,1.2213770477000934,0.14537100867866037,0.34827579444161716,0.8863580958057946,0.6460105717456319,0.510532428300563,0.7286297855055753,0.25646127113613804,0.5622441495931199,0.5016322516141247,0.9065604180539805,0.6826351696155926,1.462907022418864,1.0669231859257924,0.3930928145870549,0.3191920823582832,0.1790167564731816,0.3840544855620708,2.4112981366781887,0.9839689160579709,0.20048362905462058,1.2789533776399797,1.0571096852701243,2.383875543341992,1.2767278297059612,0.17976745509583703,1.7372774970605582,0.5093363307225471,0.6160770503087898,0.33900446034949816,1.1544241185299087,2.712287795161089,1.7334898892876367,0.2330391008186392,1.5602391106141107,2.450344366211687,0.2654598384599831,0.2991190247978922,0.8264071730447277,1.4959018233958419,2.7533775846075077,0.788147792790588,0.4997876324670343,0.4092770035794693,1.0449610163629393,0.5577417902781117,1.2100210215487281,0.3409090836587946,0.2811861520365555,1.6993712358685036,0.5028172894126683,0.8694239303012261,1.5779621645880133,0.7211176171017812,1.6908345764107775,0.7256598210787477,0.9081773496448988,1.279641673727928,2.6140410351003895,1.1588872248120714,0.8666921766317199,0.3216805719513893,1.1278331297237199,0.577763225393824,0.34069712698044113,0.5532126726305978,0.22981011424478948,0.27563039944115175,0.27376757457855216,1.3150777482062803,0.06790511982445213,0.9731738971472212,0.4565151968681704,0.1073550351277357,0.8278829495572044,0.9803386863089683,1.2085378494081538,1.2198488628189188,0.43013985801278487,0.5020690034353289,0.7054940364043416,0.8295925904547353,0.4328100583773188,0.9987768982883867,1.098756973595885,0.36836999915367274,0.30935798495864275,0.49604150054414964,1.015419979833632,0.42931362925667105,1.223146450517108,0.3217235835628145,0.5226262607448051,0.2674869073098187,0.5923261123405121,0.44828039255044183,0.37087643635355383,1.2524331942792777,0.8264221881590375,0.4602063821635516,1.0624853622574695,0.850772977942592,0.2780578227454921,1.2517058292726198,2.6186384763248336,0.38248886852015596,1.369141242417306,0.6040547264643261,0.8887522853049685,0.6435602692575044,0.6378050467896015,1.9051978910059204,0.970327777487735,1.7066276365722848,0.6725347708358446,0.4457844286459962,0.14630960367864598,1.8178609904180085,0.1428049624292117,0.31352272232930023,0.582849175539629,0.9974344761322023,0.06177478187013641,0.3496968090355048,0.8721482695646754,0.2916375267412479,0.6471982069328015,0.8672115918327057,0.8310093197448216,2.199393027006457,2.5393821451179885,0.1789315225460682,0.7906255071725743,1.3834242172345437,1.0999544754115598,0.20444452278935488,0.47644238716456566,0.3097253698509399,0.26724355103439446,0.39490981948673964,0.9855648264854152,1.7507007127646688,0.649555042436009,0.8023622675831819,0.44728183168972596,1.3524196662613237,0.689802259662428,0.3235654142325042,0.8190190374507401,1.4921260212522784,0.699124214719965,0.4956065790327373,0.4698597855014208,2.801396851663157,0.18907032331790408,1.0030813989571483,1.9971553686958898,1.2637245506361008,1.5224636133486145,0.43210511069560953,0.30048139268418184,0.38026293568102965,0.3187840563077995,0.3481143682857569,0.17183833927758907,1.63015540382011,3.067166935524214,0.47740709422862704,0.595935461600274,1.2648306289528441,0.31013474414076003,0.21992224303386498,0.3100448019132711,0.4432698509605719,0.6372274557116515,0.7041551375999003,1.270358761154159,2.069136738068244,0.24304290656363392,0.10294992088240895,0.05861878924554864,1.6511384160957991,0.8196357775149492,0.637423735120297,0.641032969680942,1.4003214351607483,3.845984907325989,0.4265873974574359,0.6797081951449655,0.8505889547174768,1.198455364812581,0.6567867033348147,0.496506424465137,0.4546647264452668,2.2615485118470224,0.5682947459081645,0.47957719959341577,0.41497920016009293,2.0976637258414454,2.8258171210386296,0.4835743451295701,0.9324490934149623,3.6224316626146944,1.9937071308509724,0.8311395512797201,0.8767527567474203,0.4162539739462435,0.6421179243016978,0.1826101528557934,0.415132267666082,0.8572810011034439,0.11794315696016516,0.23947275932337764,0.6742405938468786,1.3017114911551944,0.16208285209595985,0.5520845496164108,0.3918529559043487,0.10638058448811005,0.6107174569263696,0.41958129538933103,0.25208449656719567,2.147874069043451,0.506957372621098,0.4199635196241207,1.5023878079433537,0.6402133050043847,0.5924517953660933,0.32478892098959133,0.5586121583618306,0.08139673095201005,0.050234027307226814,0.8682682959339201,0.26205959912944154,0.21189581395409446,0.39142357764689273,1.9285429664224356,0.5614013204635224,0.1942784213053219,1.1727254902961926,0.2155324793886092,0.8177967235205438,1.4489459829211997,0.4866054373510311,0.35175730472229727,0.2178804275742231,1.0896704394760515,1.9877210637907534,0.3145879655022236,1.4482938538250574,0.1957942137024482,1.9162924833765853,0.2498541044119364,1.3373585407936104,0.28292876269522016,0.03526727742180635,1.553291276796527,0.06961216689159766,1.0344628057650482,1.1378747690227269,0.3626963051427139,0.4801276668956853,1.1632669196855052,0.589408344783664,1.069054933841314,1.1527926584898096,0.23213121969218253,0.7994302596050554,1.314648472381446,0.11396196335036402,1.8024322204841439,0.8231073142166019,1.216612834897652,2.436416438923872,0.6292423373255382,0.06521836339970066,1.7198840217579496,1.281724484087296,0.48546901710562207,0.33485251877836053,1.4805605492920981,0.3394916485127967,2.990309194031293,1.046145106756744,0.5071329437280834,2.2365535545663344,0.6195386488646233,1.3410676496274272,0.7949906972405816,3.872494281955408,0.06753906780902971,0.13255582574004654,0.8150060480221485,0.10615179937359148,0.5411448465876751,1.3384087757933256,0.963464556619849,1.3394934176963653,0.23208159523365435,1.0258058502062266,0.3352646260652269,0.5876247530975909,1.5948328254486452,0.6036550417669088,1.0813524709340994,0.44496490918359277,0.4650367395779077,1.9582032566235479,1.1467841698349777,1.4545056611913076,0.7057777149214461,0.6574737689118946,1.3836509323101296,1.9716619339413677,1.47473104062125,0.2661404717605871,0.28358482079645575,0.7055310246237864,0.5915616343851866,0.8446677755023893,0.6222631072997509,0.3335911965780971,0.5734703378406487,0.24779257605482624,0.6274119759930659,1.2218782683494358,0.1031622905843006,0.47023068252667766,0.2882760533200781,0.06547748823920696,0.6000516386255829,0.6391480167025791,0.12206429831911025,0.10720814183872698,0.5751438216460845,0.06857261840397055,0.31942963481587827,0.3984563782497256,0.7674502977440429,0.6337434333548359,0.603972333873183,1.3077443773777309,0.37975176548653844,0.3954050716192422,0.6900162477130198,0.18850873027367065,0.3174451987665732,1.7235579758218127,0.8906840780540785,1.6535083535933108,0.7365013895551265,4.07810867659121,0.2220941983931659,0.32669345891178425,1.0458126478092609,0.566388519564823,0.6853281624576489,0.3631330411997369,1.5697040045428476,0.05925178230497252,0.40562957409690137,0.288848792634951,0.9720749775540911,0.6976825314754175,0.25414023003207487,0.7870792341107771,0.4912884280059029,0.06654723077831481,2.116859649794248,0.6115110830209856,1.5591869865525148,1.519040540706703,0.6188095989786974,2.234284521821138,0.689984286427882,2.821702172519001,0.33069169135006193,0.5728406473525136,0.3441475715112653,0.6796897974204783,0.21841494102181636,1.5543585898915813,0.2630501348312606,0.8567143661297503,0.7732488912187732,0.5386695512413004,3.1540652938504605,1.2394743678061437,0.14942095733937677,0.6851283001367848,0.062496047274739785,0.5448662020141382,1.4983556478303268,0.2803859813652617,0.2606729068369766,2.0241377951950845,1.276803026352978,0.5083887779856221,1.1702823771425475,1.2339443524088458,0.4209869681602538,1.6743366020771662,0.7612806980764613,0.7578000397431466,1.1661243491997466,0.25939712228577827,0.2549043863349142,0.3760840717066001,0.14277804822675955,0.36667356596584155,0.7465614606262296,0.2928327523118075,0.5238280952531656,3.421769059508377,0.21220198187430778,0.5992202671399391,0.7347279523134903,0.9134443686003098,0.7074271121818008,2.6107450645798096,0.43313560783567895,2.0168149534055972,0.44717891491587425,1.158204872228296,0.8441838308043943,0.05549858515005393,0.4601618447545519,1.6877033444718321,0.3567852002916786,0.8674468853462045,0.7857877231649046,0.7208990944567515,2.478448288296364,2.769516324719679,0.526374057325083,0.24337511636089104,0.7470215514788161,2.3316638406998185,0.6645816731650043,0.47436589336948154,2.2116903683040903,0.7088856808959421,0.2940694228199714,6.294062768724406,0.11207854642674804,2.685873061110244,0.47326773343003037,0.4126081611756246,0.598937479700334,0.1726930007774956,0.034770131599728415,0.4291297575389409,0.2520977872051857,0.11879270576082601,1.750140361396058,0.3680846480402199,0.20118903442417424,1.086078711246374,0.6681713352464625,1.1853126022245382,0.6081012197958068,1.5432569259544644,0.23695306521632298,0.4443871164064941,1.3785226299515645,0.9539232071002934,0.11035820007418891,0.40141390380969444,0.5023845246428138,0.32221414141877514,0.2211824720650588,1.8836516430751546,0.8399471789320205,0.9141827807223502,2.806027644508912,0.4050704637038567,0.6967960706050706,0.5226372752447125,0.24580326925063778,0.1482738678618365,0.5961478130451556,0.11697077382474541,3.411423702759364,0.7421146233176252,0.6498996409629924,0.5966207429932207,0.07715236545923598,1.390437782624462,0.3466348787471447,0.8070629155039808,0.9005211747434698,0.03815431967479155,0.9954320208543244,0.9683582309697338,1.6437946531822543,1.697452961815943,1.7838343951438458,0.3049632970266738,1.6918469837491417,3.3388003514534095,1.86787935050562,0.7633447664402965,0.12213355882076887,0.23348771485672581,1.0127518591637164,0.43001841066994606,0.17314884059474367,3.041407928480322,0.27480462884460655,0.7033219266840438,0.3426607124766361,0.13920815250240953,2.189225562190375,0.7401789213007042,0.6173643975239091,1.0147965194537174,0.6134157733104628,0.4881703592593366,2.708624339132855,0.0941517876739646,0.8633164116676995,4.36185638031604,1.269951452231288,0.4541362849000168,0.9527415066100822,0.6423838855418273,0.6486562246674717,1.7496173846107441,0.576948619353272,0.8277239008527731,2.5583952872256663,2.0783038920732846,0.8564489398309734,0.07617252032860011,3.912954219083119,0.11603475496520443,3.0456030639767113,1.477224753117448,0.7701525410883225,0.9104577855054777,1.0321627453658062,1.1122200355142793,0.5965685737845952,2.9117785100996905,0.02938343990565806,0.9934415346817536,1.58666241625322,0.5978836072170702,0.5127958725263511,0.7687655204597377,0.016678059574529183,0.7877577736908967,0.692400670392364,1.802638384155507,0.5978383309357023,0.764081083137472,1.109386056616143,2.1332110085483116,0.22885459194337932,1.1827191399287713,0.586257740915489,0.20389923711114077,0.9864544746046413,0.7901861094092687,1.1253118684846912,0.4414412462820295,2.003728623739902,0.18354448218017794,1.0889767736500835,0.436224519230745,0.5400948622188977,0.6819820375080875,1.6660760797275687,0.5205559827763084,0.7517238888562248,0.3511422906450351,0.14832149422370555,0.6305211294164978,0.5814231812818381,0.14175841576375536,1.658116042800589,3.773678328864413,0.5475324125189003,0.3953536606431425,0.10999890563552517,0.18811802420325563,0.1976178121842232,0.2890350155244169,0.28296590047641046,0.3252050688247152,0.567913551730709,2.0907907964397543,1.7716471210420655,0.21002925763832314,0.6329507475578717,0.17339293422456759,2.682521345429075,0.8343660611987813,0.43721131854942286,0.6675759442375226,1.5474021333064876,1.5131582880717775,1.5836432286554802,1.9737097267767054,2.9833484997316395,0.12198086094237251,0.3768858404508322,0.4881775692781948,1.516142830883453,0.6315436346725949,0.2538807785356376,0.41872531821818715,3.01963708592845,1.3703331454360363,0.8762749441387057,2.162452361792469,1.6787176273635953,0.9113017706306776,0.8028384711671959,1.6012192995044794,0.13101587562011074,2.6539396950228413,0.713798011072649,2.6870346532669176,0.6120584157843967,0.8258625670534856,1.781696426392071,1.1460083682983533,0.8138155613156179,0.1013231197831056,1.5505061628464527,1.100341360640841,0.6358029251517745,1.3643611283131292,1.3163906909573093,1.0754838911701996,0.8165510481604805,2.8862481719045348,0.16686960226945058,0.39507943419932395,0.33655925684305293,0.4850144370601994,0.21413773742660114,0.7456385649678641,2.929450860366426,0.5453235272904469,1.1216814141654279,3.3917463326948427,0.5995914773681744,0.176212879928058,0.5118215607996145,0.8906067748451769,1.1023945570519313,0.7387286032453302,0.2910587019028661,0.15700333911954312,0.18505005458459034,1.066699327255343,0.3345326763917047,1.9138997642325404,0.20957099384970163,0.9405285404112056,0.19209031590450493,0.9738460415779935,1.7290200974203207,0.5592627747047294,0.21234334091954843,2.5502828595223415,2.822087949132017,2.401897582932367,1.0821172774487648,0.4839004413943816,0.5387464700905655,0.3582470943168736,0.8219425943282295,0.3634833865071118,0.42817903657867307,0.45104944176874096,0.9417719742568581,0.7400901193522496,0.2971184413334501,0.4567264011610417,0.5845556457892862,0.7506638292329566,0.23768573963441364,0.13988748280212704,0.41156613029713673,0.7439189883331385,1.2121114632358385,0.29275937758874715,0.3738560637978807,0.40620845888840973,0.6936944672098775,1.0988683833819854,0.26218243414803655,0.07507914824749595,0.09832718672738106,0.43272693139066737,2.2576993799186185,0.5389019517205877,0.6093822676474272,0.5248095392340819,0.04077944213693718,0.234855275430899,0.1496914123805278,0.19279229425409972,0.06036837371574966,0.22898075361886272,0.4726234277466103,0.3802597307273632,1.2108338541502155,0.3729216288181456,2.924852711044873,0.6127816723997951,0.11219706891788683,0.12164066544569674,0.12102735215776739,0.3121473277027418,0.5496065269984252,1.8058918307622231,0.21666527226932453,0.20965244736849725,0.4235175219746652,1.0482341881631998,1.1195459621269563,0.7164332738504745,1.3474394375633103,0.8838674263500684,3.032573737098476,0.9067120366146368,0.16335068522314283,1.1197782785009722,0.5541257921875565,0.6728011847690016,1.1094329750742078,0.5654572271156253,0.7759720958460612,3.23456080233841,0.4687419370816686,1.053375255147444,2.138300697599355,1.5587444952317386,0.3032143934269792,0.35960809913336234,2.2722127489901247,3.470996920156099,1.2370915386897738,0.4820267426190359,0.8496289721824688,0.05033891437659843,1.232214230037342,0.1329887882014037,2.8559425479037537,1.2258748930200083,0.39959772859051007,0.28868975408431985,0.19269509653099615,0.16844625894984422,0.38243176698857206,1.8302957012324308,1.2825248128029394,3.584079075231489,0.44801288401916073,1.3616770029162484,0.35314558535284346,0.38469420408441934,0.16278172147932923,1.6825204952372816,0.5631236827873779,0.10821695772561468,1.1632001551182616,0.37661605160378836,0.5222648557137854,0.2892914062197112,1.0320943400404783,1.1308499725311278,0.5584048550965102,0.039737812559943464,0.12249299008046044,0.4082069263197923,2.071972229295294,2.00814940890318,0.46455230781007917,0.7468524828830344,0.23574762630404833,1.0923649508601923,0.8275337481870224,0.2523146804037295,0.09617270530053523,1.8886802715672322,0.3803214825636342,2.1215360993769328,1.504637067464281,0.2060183926221666,0.9987789358322718,0.3869325076860621,0.396014855854838,2.3549937893550665,0.07119444022500443,1.2193253043694399,1.2092562947574355,0.16265998645206792,0.481418431000769,0.3554125942545254,0.2408519066484045,0.5226959161290383,2.445104716855178,0.8320086589481572,0.1705676632347649,1.4317098185687671,0.11584498515713881,0.29663514302059113,0.35912813075911876,0.46835929539515825,0.24530122078362337,1.1168944515007075,2.10411283843506,0.6772299803950454,0.581031708939304,1.1271190409447296,0.5635553589743577,2.7758790369538833,1.7855151328757064,0.6293232510501867,0.2429549672734772,2.8558856769943963,0.15822921189394562,1.3841167595316042,1.930920526792429,0.5471058036534436,0.31734690500624274,0.9312571696780589,0.45202909453773216,0.3975864564767009,1.1783014518894137,0.5199814410310339,0.10267734206437784,0.38975276998076924,2.1921141906757944,0.0966356295445675,0.35202312610324293,1.1412202068504889,3.153317881536148,2.3354630463383317,2.6186833447158753,0.9176480362798803,0.7597622519274374,1.672959828951258,0.7180758452148308,0.2496131471685108,0.8829555596518112,0.16405277875183022,0.32209245958489174,1.7717314867841893,0.2212370466525096,0.26428588952694576,0.2373345741995201,0.13755849701538786,2.067105161796178,1.4608235931104263,0.3147073660226102,0.16187973387357169,0.47240046762731636,2.017824859344762,0.46027977989543944,0.4800040088140834,0.13151627012207284,1.9726201742318978,0.9417576799233662,2.1692394509282966,2.21626934804306,1.9540757399898636,2.2870614723322586,0.03452705503100839,1.2801234596865787,1.592362041121242,1.4596218697066925,0.7028258555922187,0.47870288620869744,0.5271203005693411,0.38181351809591124,1.4633736456443405,1.3629790170215537,1.8341892584227235,0.2821129952387571,1.137343305542507,0.6156697729652081,4.215341935566693,0.6824749672377565,0.9439705174332806,0.7848397862073158,0.18882800796464327,2.142789264807885,1.9432370486099848,1.4858030533816864,1.3196480503850598,0.8376640148214689,0.2669165899720892,0.2979503306961382,0.4195470421298877,1.3164076743850983,0.5107906697349656,0.32855304210554026,1.6296683824074611,0.09835155283630082,0.9336083850414663,1.0808241784981576,0.863450704773711,0.5420988057101777,0.29482097849197286,0.8515126234287351,1.4278328104201639,0.17449618653679821,0.6288541954686231,1.2093914292275025,0.8759415193354234,0.2929946145810514,0.65843079474281,1.0427963062274905,0.42524804749018164,0.867780573871566,0.6365827663009365,1.474147584033244,0.7152168074376799,0.9358753153139695,0.23786215770984664,0.629683838987446,0.1029168364044595,0.8392599041567899,0.053345069007540324,0.9478071861850917,0.023429503569205312,0.1241660399537805,0.6892026386698369,0.17803118835395315,1.6778571367417259,0.6085788036209921,1.8853884784805564,2.0003767314349075,0.39513181773213935,0.5817833328567332,0.7455829665576348,0.2514462849239587,1.4811284856851756,1.5535306395316235,0.09888912641004621,0.4013928264891875,0.20114266974967232,0.3676342182190465,0.27367085282578996,3.4219697697241034,0.10496909154352241,0.94579254680539,0.23488287310207068,0.4257478808784856,0.05037299386751393,1.92440349742524,0.6239733065554482,0.6058477711168905,0.34337406135854653,3.0434545724187547,0.15702298941775528,0.17397490694352236,0.298813886236855,0.39339945363543505,0.782484448235521,0.24306633740428552,0.3169923910367066,2.2914964132556808,0.7626864158514943,1.7752817383490491,0.7676986950360734,1.2260001010339927,0.4752512396373134,1.0970875946541627,0.1814504510546764,1.9922767836022823,0.5066719274469527,1.1409557612410286,0.2250829117306684,0.7041091620923787,0.4229474489289456,4.062189665389354,0.9137081949676027,0.26472934648445073,1.3938180315234698,0.9385895840133218,0.16984644954858308,0.9844989255768342,0.24895073238894208,0.28296852481330614,1.0754623416573965,0.21270898642791825,1.1589984808776117,0.6566416469064167,1.5859636660371592,1.533617367843544,2.038628384337104,0.487606276898374,1.1560920059033815,0.17552240170604128,0.7450126843993243,0.45427588082850956,0.3158340358071209,0.6735972692613512,0.8289435084240468,0.7186804320578173,1.7199084065281853,0.36963223892260466,0.3358180317648878,0.08218833800232339,0.8261640248748954,0.8969968687372964,0.7306091472947571,2.401197516707986,0.44900263012425756,0.04533465613200294,1.7204355652662953,0.42386529794333816,0.07779340389060119,0.5901577965249114,1.3702374890254472,0.3771324289850168,1.1705626409146657,0.31178098591426817,0.5531607255947969,0.8056256552844911,0.2567247223591217,0.3787206256586477,0.9897417396312236,0.07204699871811626,0.11743699342083458,0.6150702975237217,0.5410939295716446,0.3189635915098413,0.7154198860437575,2.4386908069962283,0.3950931544864621,0.2809521279424214,0.14978669544372547,2.6971649055306255,0.09759739155386032,0.6808436389704124,3.6618864850648096,0.8818475983242511,0.1504153241117031,3.1151173554684144,0.41115712144033323,0.19853621776285135,0.7847800089938421,1.1398055669223601,1.4490332976363731,0.6776971229167716,0.9313100464092945,0.8904085242628086,2.1281072791124376,1.209740549759948,0.30019917390131456,0.09121125869844526,0.23082544846607966,0.5299539827149832,0.16413757062303502,0.706641801162369,0.7368559092037814,0.35129282175469756,0.3329786069733015,1.200154088927296,0.30112524899424686,0.7150308690773493,0.19890087682507862,1.9899743302097312,0.5634503284227519,0.33653018659660744,1.2699531508082575,0.23980808407402687,1.3082088976550708,0.6066650844253288,0.333877157679751,0.263990739864588,0.22083620318953834,0.637977861680383,0.4774242248446803,0.25927769323572714,3.155231276366176,0.7798377889348932,0.9444417926080162,0.30169455157318825,0.5310771459260678,4.4783558388593105,2.1719059251622763,0.05331469855796389,0.17350296473585047,1.1074994846373933,0.6872759758138682,0.22992333417555466,1.8396818346413215,2.8236347977856875,0.6944333329034662,0.3215245826985542,0.1675806348463521,0.4194939304680154,0.88037168485318,0.477590012671709,1.4911411229690208,0.6700071242851018,2.0933434257425914,3.8903142317438815,0.648905620836068,1.90800850170453,1.0034671032995668,1.2692122579103502,0.7620288889919766,0.2664122168248515,0.8288032391246427,1.3198438414166476,0.8307030735767444,0.7779142634391898,1.420346753557203,0.3352543739904746,0.3260206712353557,0.5837359359405961,0.5622901477481805,0.8216551236935166,0.31588260024590187,0.318731889986955,5.294144033329995,0.4877436585276489,0.23033426752853597,2.0459183785594925,0.24154147324708874,0.9589674172046652,0.4657762295000568,0.7844056670254715,0.7185304798991592,0.5989940870633996,1.3628075523406429,0.3516663234639399,0.2309589311431629,0.7464311537441553,4.639352310137439,0.8376107826051361,0.14875820875699564,0.2587192896998318,2.5897485443138444,1.0528868943778664,0.6034668125377372,0.49564565443545683,0.7342147584566766,2.966278391007978,0.753879582114902,0.08741363867330137,0.25804393689350436,0.1428453100950701,1.8727942614264368,0.5715740674753775,0.7503716120732874,0.9092424132465649,0.25592722999153894,0.724590947320989,0.592337227593475,0.5261684858604954,0.9057775933264801,0.6982662361063943,0.5053028434311355,0.9261502489353538,0.490005789348422,1.396998588531342,0.7425091982557993,0.13860361175019792,0.6576459675174993,1.2289421078105784,1.1468802684586046,0.5880963757324862,0.55547249300707,0.3334796461235003,0.5616899996746724,0.2612108517971983,0.885805347641412,1.5400126726797287,0.6715420973369859,0.738496500996064,2.7089396208556815,0.12780839253396814,0.5305455488294583,0.09239586060461458,0.26642404613733506,0.20289363239538846,2.6251529022959366,0.4103923264511704,0.8785797058447555,1.291490294934098,2.9371845464123214,0.35033555954801265,0.2397759812515422,1.3622533694096124,0.5171068084638247,0.48261141309823363,0.27693089949259164,0.6130124996619424,0.9849573299671008,0.9438990845911297,2.558040103592768,0.2669207709136223,0.5366085871654157,0.2798244613199987,1.0007765425515918,0.7261019451868399,0.8861418765442136,0.7299881290230923,0.24861135617538932,1.1996688141534932,0.9599522811810024,1.2928664557818506,0.20031637764736132,0.2975346023905717,0.48598837315877463,1.8266929277354453,0.32259137370583907,2.384298872029926,0.3398153851639154,1.3644018976503973,0.689791386061227,0.6890678907605885,0.08990745552037285,1.6776374480167122,2.4503128815638053,0.48552226942037113,0.9532113712607835,0.7757535448451567,1.6042605685585318,0.3479661556947353,0.22697760803622385,0.9472698076706585,0.16999856428226573,0.395307960109442,0.538636441362152,2.1985741201577635,1.4020191562905837,1.2524243903923327,0.38086402710347655,0.8163413681373173,0.3571777377639556,0.7574314220225911,0.6066476251998754,0.2603288280225311,0.5843924865331263,0.41295407527752515,0.1678240928984921,0.28727449988193343,0.21705179174113431,0.04190046132036185,0.8606661606755066,0.7265700961032928,0.3731873623526335,1.5294381876926275,1.1655802941754474,0.7971045261424887,0.5147332395086253,0.37648924885722357,0.9041474463471658,2.1434374917610675,0.9565399092222291,1.3878268692163152,0.1711429400910321,1.9942368590556696,0.5047614012877584,1.2823633979148206,0.33375788805969286,0.64043876624884,0.7318991046246817,0.8967612751842343,1.2725035948027155,0.5365077987308364,1.3404277207570758,1.032862744163668,0.6417984519279394,1.921287865858796,0.5981744510499734,2.3314640513753373,4.0352652717747866,0.3102935456757395,0.9452977414178602,1.346384573289733,3.528825335197093,0.31747694882715116,0.8100690129933408,0.4876561295976384,0.5498555944809308,0.40682048068187737,0.35483968447825687,0.7280491263964658,0.5084565548020668,0.962554161981879,2.435612716707511,1.2628037571733046,0.5692082934121017,0.9065632415351158,0.34755363883437124,0.14104488878426968,0.8334289350189463,0.4715244014359388,0.362492219209566,0.4785293230115628,0.928334256693088,1.2794126218442277,1.4323247974796411,0.37322363820882565,0.79484013941494,0.5409265494198658,0.6960479464429248,0.22131800764456389,0.5490678531161672,1.132209589689209,0.4972080904576881,1.3549066497764568,0.8236960938443553,0.29917733228917065,0.7495694494677617,0.6221747744826336,0.38715149897097445,0.37400861193345547,0.6839336233591662,0.11136636318863047,1.7987322241715522,0.4326748743430475,0.9412930531470385,1.3554031993693567,0.383375957235473,0.38636493359210533,0.14585656392521623,0.14345779877622536,3.7549336369893602,1.2096977237485484,1.3503113137988503,0.861931424330634,1.344621795591701,0.18181000653575619,0.2598117814907601,0.8014459249783601,0.47020087226194573,0.6631621751812872,0.6829600788429762,0.5587407054014513,0.956386641395866,1.0396373490210689,0.17448939807394842,2.172954870421722,0.22319830583294964,0.9588542079340665,0.32425333222840713,2.4429073877947967,0.011445596472013486,0.3755322828767802,0.2746780457469988,0.9068311252548503,0.5632614165433858,0.20472501732566295,0.6646890958511369,0.6734687935579624,2.6475225700218914,1.2053997803187362,1.3224577561299955,0.24350426958981486,0.5828606653625763,0.19051757540305614,1.0901286504763927,3.025615041255371,0.4316307275820627,0.47054125934624436,1.204912601894831,0.992833944048664,0.5562880450419837,1.093702594070355,0.0650177357969357,0.8638802794890176,0.6122072819013491,0.9226150211854566,3.262645509444309,0.2965302062259225,0.5818308114760148,0.18033454366246515,0.7400893058905753,3.8286990939348344,0.37653140579444083,1.2569629798631081,0.9672642975879321,0.5364061522390076,0.2598868419585365,0.13553955875971968,3.4960723515898438,3.205517775026366,1.4275615890706614,1.0011602219079014,1.1410155154795443,1.8969205861510494,0.5994319548494079,0.6859542699316232,0.8454932398611529,1.1068418499842037,0.19763547381854907,2.1690483084127807,1.5904861830591495,0.35181900293540136,0.5410955602987878,0.5766744871210927,1.013476290413692,0.3986876515762803,0.451874441581783,0.3345106125773575,0.23755882252701932,1.410749552438283,1.213193357445224,0.5801251732459655,0.9847745621691264,2.2448287225709724,0.2880743995475631,1.5516095596666062,0.38960538192360805,1.7436881394993116,0.8020624077167609,0.3248412169149564,0.9575862011362593,0.8411146725075562,0.8005645137100462,0.4706664554129455,0.21272857473653894,0.10726037028250524,0.24521807727080436,1.5965976716297154,0.7637211381491422,1.9582423257485186,1.036586289504249,0.9028685037602675,1.4783491136806268,0.771712325817848,3.399296025141549,2.053231114940745,1.187261931701185,2.609121459771938,0.0699452648513273,0.20705008163624866,0.16250760163355027,0.7463387916097015,0.2670371834663767,0.3135010042954012,0.5962063875092145,1.315647444976212,0.11524383942381322,1.113665859769195,1.7816684086898196,0.15768534627241315,0.4733865234309472,0.7148471856099925,1.3503675737305019,0.6818470732548976,0.984035002052263,0.6515083960154835,0.37859977614666895,0.15593523056854997,0.34036578575975496,0.138339146795728,0.9771791069535029,0.12948916749512124,1.131526475307005,0.22332627843735287,0.4545589357640909,0.6841340921314566,2.4853797472959753,0.9052783120062049,0.8688438189619458,3.1612372911006266,0.6330828397509105,0.6236822506451241,0.01832714165088989,0.2641692024587792,0.4046741829678976,1.4050320396455704,0.47580664341189927,0.2365702651536148,0.7506149081689659,0.7805193546180522,0.12066478395039981,0.34553755689335064,2.794630399203083,0.6124365823003003,0.31615479891542686,0.2307113496308652,0.3750763521661601,4.929240328043422,3.5489193963325176,0.24502704300071687,2.107106391940736,0.3014836367905924,1.4957786960934456,1.5786779515491538,0.6715121136340947,0.06530335306153301,0.5421712949384202,0.7127756398128395,0.43631312667104116,0.9868702344274811,0.57854065027633,0.5030421591375225,0.3839468156288748,0.6184126035763196,0.3335415727614579,0.5920927169955097,1.6287724752479036,0.1285958101886704,1.724743111270814,0.825138040214598,0.17337710800922995,0.8615118969297657,0.19635907286674842,0.2731332557464593,0.2693238622571468,0.9622807341126296,0.6360452459361561,0.5823526545006534,0.4804997481581763,2.2654218083036395,0.5682641996909048,0.46869822865969835,0.40554938822602077,1.6997573936669246,0.39405699298769437,0.7245659764645609,0.6473864620164558,1.8968075669318731,2.0725832156389936,1.1265472072617284,2.2334595427150084,0.3108428033761741,0.2644388101953903,0.3210963374870971,1.0084996978141563,0.1537410305821003,2.081598103742352,0.7582485309771823,0.6032614825151458,0.8512453121199675,0.3990609517020097,0.4163058628069288,0.5286837013598142,0.85825946350535,0.6798328957535974,1.3611579628530672,1.186567500038342,0.497952462415546,0.27066030616613546,0.301871602705748,0.35037120520938836,0.7698782080227873,0.641667507355383,1.159802736974452,2.177845700821322,0.3271769713386471,0.55973201982588,0.26603298943828596,0.8605160660063078,0.3888189509552329,1.0200515934414882,0.33670410358152314,0.7024931511812362,2.7991105116854307,1.4027633109206739,2.065793692099576,0.49284892350704634,1.130212533357432,0.2275909586480731,0.9696187183964424,0.689086506553774,1.291716287043333,0.6934714859602352,0.3549143625572315,1.0253471966290657,0.40900445351433257,0.2377163723000707,0.18300375338506447,0.49856381114046044,3.00424161157502,1.4522002118791737,1.5683279785914324,0.26860807856487834,0.48130841295460003,0.7054548070119553,0.31566011686990136,0.07394367906366162,2.9415005002906085,1.1850441917028625,0.28583630530277215,0.4380936603531076,0.3190843398395853,0.06334991062432294,2.7707075509915535,0.5376551636632965,0.361059738034063,0.1997950394759963,3.9866412382406993,0.1476087015816575,1.4558371172173499,0.6542327052331238,0.2711457432463785,0.649377263701473,0.39881293050667455,0.4795021780682507,0.9992382221636262,0.26317284911341454,2.648387564804394,0.3939014267102574,0.4724236339223515,1.881437553012983,1.0807765156143048,1.2634000482170147,0.14078273749147885,0.6076809069126945,0.7056590150968591,0.520779187106826,0.21259929043931058,0.8947777783965566,0.7108930335786403,0.24194031041696362,1.2191333347809952,0.8318036336127274,0.12465992369325929,2.521076651630988,1.734606498748236,0.333604999222593,1.1706661904295044,1.5429841336353785,1.9560204508872105,0.7469653968379815,0.05160799759678336,1.4045361261114557,0.8073131553785001,0.16270379070048696,1.6790166822310508,0.23882715701048252,0.31974284869520275,4.955212393700125,2.2877955645444525,0.12164021333609581,0.6709225401754816,0.10183487020255388,0.7274234257224264,2.835319320352314,3.731613916930689,0.4293226042404499,0.35213162916250956,0.9207714062046533,0.5100800398627989,1.0357539949867458,0.925034067427533,1.7014279946902948,0.4012572813093027,0.14942797082071335,1.1371111223099872,1.385403834971482,0.8322187891761944,1.8862472418425738,1.8152341886906695,1.0906816009641591,0.15898713238557027,0.8898629211992009,0.32391714510143577,5.021090761918461,1.3211683406428174,0.24090873216991981,0.3874493775337179,0.7223009590153845,0.9023593643069596,0.10742631100304223,0.18846138670636026,0.682202230091236,1.0622442157588519,0.47501785219936865,0.40593969268540997,0.20323273722014568,0.9718621480307684,0.26772870769987345,1.700910823482033,2.6682236568570237,1.23480981404787,0.20379782110511568,0.34838367818151583,1.8595050858716162,0.21939737785009616,3.5395859975880226,5.04834243132154,1.56308290403854,0.3337130525624701,0.9299663132632938,0.29246916227596276,1.1426979238546233,0.21380477661926967,2.3421921935176258,0.6198979018113907,0.24046932487706835,1.881391245715606,0.7120829578519201,1.0852204304304536,0.8383582095492639,0.1561934150413895,0.12437540562129756,0.4034894250343073,0.32524998393401083,0.5617306392355617,0.9049373438619772,0.5858014915354461,0.5938251294738612,1.1313518587922184,0.39408009785330206,0.4912469280437173,2.3096674144491507,0.4813251469116908,1.2874900390187478,0.4100232971388549,0.11917210495935088,0.5908389809455679,1.2427862813292727,0.6244075077979894,0.3660116710568899,5.377006109168466,1.3456389301986604,0.5157203690763293,0.7739193951217835,0.24535273077949327,0.21821968638663042,0.3565878300758639,1.1451909855658196,2.0639377076469003,0.4131447823915806,2.5722197876488693,0.25480036268049655,1.2224479129949808,1.0555830295254576,0.18752924825925366,1.4222469545024463,1.0304547225946887,1.123702595538807,0.21594312703030982,1.0271707273576527,0.8486053699871532,0.7363487970307667,0.5034476600726672,0.7665185173545881,0.17396069276515957,1.379277243748176,0.3199159606849743,0.3706688046679862,0.1002650842305765,0.6227414756743581,0.9450185098562838,0.6360954098457638,0.34187918819351965,1.2237274977963541,0.5519239410896013,0.07733833259452427,0.3965942700299422,0.4604971642307232,0.018292917570370104,1.282731863488501,0.09734968535136201,0.3988619961408144,0.344432130369559,0.6331978358774113,0.27096970724353664,0.5297866304590064,0.3441114446670943,1.205266008647208,0.356610652493234,0.5516980368142268,0.2630293206099874,0.11423027722642864,0.849651486383307,0.5587626398780798,0.4832176360332594,0.915272781327418,0.15034129368657811,0.583825606370959,1.062155326908976,0.6617379854082116,0.7364470357928069,1.5464200883038448,0.18934709340308342,0.3424640141746238,1.8772420560606953,0.28118677972558054,0.5368094553002891,0.22973744480162872,2.4967157322897995,0.6461491443929788,0.7850126376534818,0.19220537982002717,0.29917229005390134,2.00830226754782,0.830102237158687,0.4544113467619463,0.6420271046244476,1.3403521665550953,0.19787198710912512,0.30822437912697914,1.2872393460494025,0.331710280497723,0.13017404762543683,0.9529640945663813,0.1808183387871627,2.02797185084326,1.749075982210058,4.01343147592941,0.46732348044124294,0.24003430162134087,0.5327406928941061,0.979320147906637,0.21070065585154607,0.24136393621493668,0.3582626832292881,1.5729707412959333,0.9717721549305204,2.147093474757714,3.4534189184405655,2.2742428140612843,2.5250574435011823,0.47759611947445235,1.28957021564349,0.10007819704565368,0.16167658245286454,1.208169107100007,1.613877775225895,0.7842051647684656,0.5215421050567733,0.4440900828518255,0.34149325209617554,0.321296410548807,1.0048709321318212,1.9197017107350018,0.5307269379482866,1.3819098022901897,1.3636668779893326,0.5017049051399829,1.4672135197156826,0.7384024413201127,0.1584226471147665,0.26029410545137643,0.7589876279380307,0.14122655295100683,0.540238297080856,0.4091807807441779,0.8074604582017136,1.1214394693073602,0.4123182374510929,0.9255014790648005,0.48553574455932724,0.09027741392270405,1.8427296394011417,0.6720285267002306,0.8872527008459472,0.942835510922439,1.4197434597612153,0.41484638278404873,0.22746011182608783,0.7980178776559466,1.7462018153810723,1.3890934331136142,1.2700249269227457,1.8345134581660827,0.2394020477031612,1.5985206294600307,0.46812945223083324,2.4678606490924473,0.27169669524893625,0.34615255681731094,0.7671738907178576,2.1757697112262777,0.16151746503331954,0.1431929917568231,0.705533542403134,0.24261431278261059,0.1922390195895407,0.797959223967317,0.18836092901476892,2.493179574839138,2.1695805280809286,0.5192701176011116,0.4497920823753476,0.5283953395123806,0.5974162687879652,0.11822091424137138,1.1915166577387382,2.093053219003587,0.3096305211275001,0.7421940984286919,0.19565213799296366,0.5540527546746492,0.1510180935751152,2.2066602758323937,1.9493671645904385,0.2977657589827855,2.423757921526905,1.0791594841821872,0.6361898163642197,0.5656975591444725,0.7322947123817591,0.4744716039734789,0.09421748577099409,0.9388227679818024,2.0192745867925064,1.2982277863598704,3.831328291102488,0.9769157626140377,0.33521928192641604,2.2870271330706986,1.1171135730182793,1.0214054298449058,0.8105720632999904,1.017316230379744,1.3683971903097876,0.32841745809233047,2.1596017247871826,0.7768561642101652,1.155091017155246,1.5208577697135766,0.11266330248048051,0.9301892889510827,2.0174146880726505,1.4520208681723241,1.2369798127998262,0.791584987831056,0.9949394113934469,0.9315105186951886,0.0928918307963969,0.46096513766655534,0.8061519240510964,1.7200762627521666,0.5717299056959435,0.7494369431111978,1.6601790326327301,0.5168627440593677,0.20872656924535882,0.37021341763911586,0.3727998280826965,1.1262977079287675,0.8051544829930029,0.4348065464630839,0.13555570631633362,2.5740695375562375,0.9416017076566754,0.6778927419239884,0.3814291326973147,0.7153595835721442,2.011480356672791,0.38037478053412077,0.3908968470491794,0.3347239748688152,1.3581057986679126,0.46889082099282636,0.885106663362803,1.5650631344987795,1.2016120821455962,0.7297504463883794,0.06793750179163693,1.2288826171786082,0.07731363498150279,3.0885985298645813,3.693731618667453,0.22347214395271142,0.04096051896580866,0.8877420541340857,0.27134220910421236,1.1034410270697261,0.1360892686319528,0.9545894161794135,0.9907795998072481,0.5501447068482493,0.5420419927121782,0.28120414788087467,3.2038435588694796,1.8263492572284945,0.8470874924357265,0.3648938842728693,0.5644216657163873,0.44640001642590565,0.524218225432779,0.9081519086605052,0.6461625921342796,0.3115075903433342,0.7189539446344175,2.212644843544002,1.4483816890888275,0.3495884470442785,1.3973519820023583,0.44327408567996573,0.4812375664545336,0.6856566666916368,0.5184732726304946,1.321470867982319,0.23969746654953128,2.03639201433943,0.192667672125265,2.1938080578175363,0.18941674083919346,1.2068528044080375,3.8278080854435186,0.25214025609710067,0.2290825893801911,0.742801209180963,0.3285083025180682,1.2275634043329617,0.19986592305931317,0.3332080498891813,0.7266624069779075,0.29697941769605685,0.7836877949963151,1.5170670874570649,0.5727941071296311,0.7070682518379442,0.48690728218356283,0.7318205089978786,0.2928329691064291,2.3467348549761926,2.2096223876676158,1.2043747587156213,0.5064660165578188,0.23224676669662409,2.067600286263283,0.9273350741967319,0.4192924206146387,1.0161642381711364,0.9102138127108916,0.49256696465188665,2.3392318857463934,1.4883495178416046,1.2592438280574794,2.101762805805128,0.8057599036062291,0.3280906990963687,0.24769546689601518,0.11449997193324546,0.9921055255860844,0.7069526491980541,3.078917191158151,1.1302002887217748,1.0729029555582508,0.9161683482323639,1.0588823090263744,0.29750141022248533,1.4470636615637893,2.9763608571424953,3.0352111083452638,0.4081115226289498,0.37994340309044516,0.7417480136453727,0.9279854057646083,0.22906828897908182,0.07542164857102479,1.0826650213675642,1.6647654103492322,1.2399998595150366,0.7646249867908781,1.1903806443047615,0.22868414195814257,0.6105177524576544,0.5050434426770615,1.3957468694530104,1.4392982194148554,0.6351780828483008,1.0782870667461775,0.5691364393654859,0.2803381870433348,0.25176521658229645,0.6742617893975995,1.6927746999959985,0.1408753501088469,0.07886785257994267,1.5446649490166569,1.5623400960587026,1.0233596669354998,3.348749226957951,0.796107363081316,0.6156260534814011,1.3319610317809638,2.9555266457112426,2.708324399997126,0.3023158959237885,0.8755860727296819,0.2956428220028939,0.47442592002261647,0.8083512654689164,0.2496009064070711,0.4294884646557282,1.0810991959586584,0.7644196316440426,1.2663703262412767,0.2999484793277888,0.4999112290313903,0.2610174301980065,0.1239307471306601,0.13097479766066655,0.8582120491949206,2.3695580130799923,0.455031351511472,0.6885366525444788,0.10988583343373226,0.8226151934235935,2.0175132399560294,0.1752918852950021,0.22376266737705608,0.03946179806372657,1.045969940467447,2.2884479387236025,0.3901112570788272,0.8764770943166929,2.2145057167333095,0.3937692235729192,0.162225832750993,0.2615796876272438,0.2888674210559614,2.204221964370118,0.8079242405465492,2.0730535664725482,0.5582818093754798,0.15397222963705753,0.6073422257230664,0.3769159872196861,0.4573768519654089,0.5159748009426801,0.15583405852124166,1.5543305029410308,0.4152801676245772,0.8563372954289856,0.1176648461536337,0.8957026012870118,1.037092474969257,0.9265227063631225,1.0191697344300104,0.9136351013822757,0.5675125095119137,0.2352657041248829,4.281713741623142,0.3841185738975399,0.06644361732895565,0.8347764533839253,1.1026644545458277,0.23252596599503428,0.7335803038474106,0.8134642091742792,1.1849828140015553,2.9547223649543963,0.5770229205121107,0.37326895531123583,1.177361907321786,1.7550801601462793,0.829459222677273,1.272300200580839,0.38926445251639086,1.1410881474099535,0.07780698250790752,1.832283995977847,0.16771318910692457,0.8997482752612455,0.43773532040708596,0.40524737840301656,0.09777774910550108,3.3755622001388836,1.8048920405415814,0.2600523455469921,0.5288024515118603,0.15475674882405377,0.09253972086073503,0.42069525717419,0.9205780051767846,0.4733233524731102,0.1681193436052748,0.35595375050555966,1.3131803603108751,0.42248134219980504,0.3816231468380541,0.2423824990620831,0.43646421286602277,1.239272803165529,0.482453207625023,0.8380935128113618,1.143027592383597,0.2533999747704345,1.8603773766458267,2.4923253180386284,0.13995051741417627,0.3224096686025577,0.2526176819544449,0.04320706462766488,0.7571428973523933,0.12995138898699832,1.1125627807622482,0.07962489785244542,0.7661367043188549,0.705357012952844,2.206709236577335,0.8789078493023588,0.39906210156540634,1.1662543189406527,0.5733258425365919,0.9697952052004902,0.44839695640191995,0.2589121300566871,0.34226736577577777,0.17326634550437325,0.7522819153904807,0.730513126003894,0.5070010205104676,0.2366976099852357,0.8615880925686591,1.0708624800623285,0.41343883841370554,0.24612709443205005,0.3100719835711565,0.9941997635115214,1.814830199645145,0.408998973707689,3.381020978749394,1.7572390737945396,0.05962803386077925,1.5847975515589217,1.1898702554144067,0.7064552560815628,0.544440398141298,0.673418758535483,0.650087510377357,0.9763771258938053,0.31383893222587106,0.4487191408527861,0.05543823455126862,0.1558778267372276,0.3651307940378625,0.25956422599702034,1.001280880182665,1.67203169470141,0.056030025482259105,0.716741485476576,0.3413093121319881,1.1611233957259306,3.6926115778119453,0.16019661516858774,0.15222210898915473,0.7579341867986185,0.47554112466189946,0.713529736342748,0.3356385102088006,2.527096625476946,0.6755882529485693,1.0960247577676512,0.6551300276965393,0.31922581863564714,0.7153651076192515,1.1037483510583486,0.27453722046898793,0.43816337810758943,1.5228469495884545,1.7530175508105192,0.39447759735347,0.6137499517525979,0.3555847648304318,0.2504113534043553,0.25550247453022656,2.064998166520197,2.1471809625438025,0.10773002589995362,0.5783220462428434,0.16715511007997863,1.3495645903932187,1.0433542649476433,1.4827834444222094,0.10050412289730709,0.42405240484451456,0.525027811408759,0.9861137177525048,0.9478495258696418,0.06516948956680135,0.3925225874563203,0.3342516765262331,0.13550559229212905,0.5748733852743808,1.343105722617136,0.5853123459987846,1.2641093904009146,1.5373141516933944,2.4357197344492114,0.5766683920828114,0.8830786577102332,0.35584685136589833,0.5081641110529781,0.5221998349298433,0.8362272956192536,1.8896695759584476,0.1822148614411051,3.3117294963274326,0.3813255238378339,0.6627589705598602,0.3712708415992624,0.21628840038276487,0.491311817746126,1.419292530773647,1.7687767378552148,0.21344633957839587,1.027101250070292,0.9824443807548504,0.8703501433008247,0.5122022607756282,0.08617553920226362,1.2390257497472388,0.3285483310111047,1.5331976949723465,0.20468178844104612,0.2117593175471167,1.0787963242049177,0.6613118217271317,0.7744044510743946,0.7231522481444772,0.994884991228219,0.007007961937606444,0.2717000584496314,2.064449822065308,0.5364617798795708,0.6576051663991971,1.0953712200511616,0.1296830195094335,1.8759809841790926,0.5956988141020698,0.6010111316333113,0.5151705002718365,0.5913651100642539,0.9907372949200977,0.43224336096320937,1.2940871619334369,0.3152666847885104,1.8632272866205208,0.022443144816460592,0.04534671096535581,0.43997699764804155,0.06238442700266211,0.298749596507613,0.5079350062966376,1.275763770674129,0.4104315656085249,0.4746110330118165,0.22986886452113775,0.18540552974229074,0.178313963720525,0.3137032870557004,0.36693252704197254,0.3297492950161347,0.13667122646700158,3.962296310181046,0.08502225147821219,0.18595718511818982,1.4024984385169028,0.5708538952965415,0.6339380442604416,0.9567618459753044,0.7524369292536195,0.18873842060867418,1.1164368875541324,0.8543762553416849,0.5262680997360965,0.5922936500688312,0.4798026542036709,0.516384944867635,0.6970348777911607,0.7367653991945962,0.5824259591862728,2.8235048805188265,0.7841666494199792,1.4016270318127728,1.642112196399622,1.1970406369009718,1.3488906243928285,0.19054586115440553,0.11216807113772587,0.3798776882603039,0.7200404667592974,1.9996740498490189,0.9810277627031193,1.8524161890442,2.2903237409664117,0.7915762751507003,0.22187601688318914,2.5312789985902815,0.35046572339051674,1.0113494732209312,0.9603363293492897,0.5454980059915129,0.46525145965362924,0.21481439536762942,0.41663570870882083,0.7553468629662197,0.7634874391511577,0.4301510353082755,1.2199962392051749,0.8324706485501809,0.6209116351620352,1.158036378304189,1.836042014613116,0.8851778046195121,0.2904712796922143,0.5962357197305892,0.228009832168027,0.8183744339509524,0.28298006960765254,0.4643704266410119,1.4919975998109607,0.946374714798338,0.44912709957167407,0.8161745197912162,0.37992663266244553,0.4913938831137534,1.591596764057179,2.20018362611179,0.5449062907237334,1.6546390301318148,2.7112183249031476,6.49893817463365,0.2678062511001935,0.946328371189662,1.2124643567474465,0.536901128511456,0.3474549413373376,0.18955172982858226,0.26484395604670075,2.8237099274081325,0.30944842314692567,0.3844807079904471,0.4266262538378247,0.3754589663197503,0.9086534749838171,0.7591341746439761,0.3536058587109161,2.593683472279586,1.0586305308608763,0.09261185379904036,0.4169745975397139,0.6768185389586515,0.9388392372323366,0.5249055122787649,3.2055911134643793,0.23001990291052454,0.17348100535473254,0.7989502136964,4.396025491345689,0.3936612995527021,0.7774490654506474,1.2721906387156645,0.8225982395687015,1.149031767971124,0.12125650353708295,0.6819490987126371,1.8912335868514718,2.0425508888439583,0.34530065441543567,0.9560661327294195,0.24663965209946204,0.21546982101394563,0.8265822084453806,0.31211412278268746,0.4297653581326051,0.049969309535235595,3.957138605196968,1.35593821283,0.9995777124547199,1.3456055718372153,0.5437505905582865,0.9772712834085193,0.3661698350200434,0.5182004646950185,1.3245556597359522,1.2546844092108098,0.25521223451187824,0.7924310509194907,0.34569584315595336,2.810599086061229,1.090127978947219,2.3125338986570303,0.5113135499053514,0.6129186587719682,1.112559141316318,0.8548822669442515,0.14409312851851475,1.1841548848503345,0.398575233151928,0.7645274930517427,0.556197812821229,1.5911780332571264,2.171973448948736,0.41032028829829603,1.1748931121133934,1.158727842640717,0.8908296121333816,0.26339615771977476,1.0428363822288422,1.050033898164617,0.09352169598769655,6.750278446865833,0.19776675792010034,0.7584769990023319,1.5254600227654942,0.3045313731557948,3.147069294683312,1.1966993954091298,0.791259069933965,0.6460608990802855,1.1391984449155017,1.9438970812886243,0.052585022576874696,0.962970883593567,1.6692407602016905,1.2729091494712752,0.5067743691024021,0.28795954040823313,0.5882307235827882,2.4266384294016476,0.21324120016831538,1.4764462475290288,0.3243448879254097,0.9815045656279575,0.5972221585007205,1.5594843059885073,0.8387081545995374,1.9782422622947446,0.3977092861324534,0.16809572895042735,0.9997208048080335,0.9958862956451755,2.785185888340051,0.8138489995730089,0.580649132907479,1.340498666916691,1.008565665347391,0.6370370258042268,0.38174864483555593,1.0425830491515278,0.532275451126289,0.38361017549759135,0.3995352431118331,0.5044533999837091,0.3118055611064251,1.157759402028435,1.781653976026594,0.33175580922155556,1.9176057762557273,0.49556628353526255,1.1880368890769235,2.224595038289185,0.22348256387685866,0.2661831946604982,0.6200014562891845,0.812738995145652,0.6665647251311919,0.19900683082893145,1.1322112806901488,0.5301340214207166,0.9113380743417553,0.7069793406765219,0.7115395163402904,0.608987022122083,0.22110243094837617,0.4031459169214031,0.6673843904937027,0.6851177149117593,0.9084714456089384,1.2646372029043016,0.6497048563291858,0.054475034678318934,0.7142117155177289,0.48672722999591533,0.49683796597256347,1.4571477112758495,2.324295346521544,2.594621419070921,0.7756271615313544,0.4236869273772811,0.4237132657481337,0.127180222179071,1.2323052281692943,1.294378003807163,0.28499822821947307,0.46658221781990816,0.2646174543268063,1.4666255725724142,0.5080218897654025,1.4904195701587568,0.16158227236738887,0.14662502379126546,1.4855148484604452,0.4382809437519328,0.5041156616528286,0.68161288016851,0.9179574962514148,0.7054503498311597,0.7344444538746356,0.13644169453289934,0.21475178760227243,0.34136179105658715,0.5613137567022013,0.16163708260990223,0.6979460890986648,0.11658526908901168,1.1214519761686015,0.5142536106153062,0.7800735813034876,0.2716825758585383,0.41350625776105,0.19005331633388556,1.1127484383014932,0.5424873423847978,0.11997783273424845,0.07611329232537078,0.37181622223863053,0.2606952207890639,1.433110062288828,0.16808397154778043,1.2204511648922178,0.958617588068471,2.500365674104148,0.11703412503863306,2.825980070384561,0.9185313939213091,0.416888115833034,1.7155196170453788,0.9523086879877771,0.28170654303997705,0.15722305690662175,0.2624158561287424,1.2815921117406601,0.20270838891804394,0.7397986897465562,0.36901652343180347,0.1985211657791417,0.15497364561701293,1.5507088677346137,0.13111575519870283,2.370341967987199,1.3208651482126699,0.25942402855163293,1.4270034548550665,1.2033885984465484,0.0663537457168302,0.6803416998129213,0.2477277250510702,0.3457536825247587,1.6212029118090145,0.6391461082979832,0.337114807866854,0.2911007514765176,0.34891217515005557,1.4169376541169758,0.5840435756699391,0.06024719379881649,0.2971191105132389,0.22548068613045233,0.25689149859855276,1.2678933424667962,0.40141247307090167,0.17311008862607657,0.2891925038873801,0.27013158317602626,0.3438229423438298,2.9179319871625466,0.9874481240906048,0.20000604987821302,0.16993760921383982,0.7538285198081527,1.0718724268557955,0.3179933898587801,1.0309878437293107,3.9370498987568423,0.719911129898206,0.9680671166559811,0.6446393325428172,0.18490631319208273,0.3168407119471348,2.2573192108669904,1.1033882934327042,2.290352899618933,0.8238854754128444,0.3190991981860487,0.20607822100781858,0.3403223741819372,0.2142513303743201,0.37664441820228106,0.5196230574971041,0.8424866074114701,0.4634018559154126,1.2948292930772753,0.6081691984380216,0.6340659755334849,1.4182948881059017,1.7320632067358432,1.6365193846519581,0.3655175361814075,1.3252148651515436,2.790902760126916,0.7826338225996823,2.636763218097799,0.2659410603340314,0.0658834075091762,0.7208470638610895,0.4348021579620094,0.43265756400392674,0.136611061000524,0.9063361272466618
"((3, 0), (2, 1))",0.0,0.0,0.0,0.0,0.0,0.0,0.0,0.0,0.0,0.0,0.0,0.0,0.0,0.0,0.0,0.0,0.0,0.0,0.0,0.0,0.0,0.0,0.0,0.0,0.0,0.0,0.0,0.0,0.0,0.0,0.0,0.0,0.0,0.0,0.0,0.0,0.0,0.0,0.0,0.0,0.0,0.0,0.0,0.0,0.0,0.0,0.0,0.0,0.0,0.0,0.0,0.0,0.0,0.0,0.0,0.0,0.0,0.0,0.0,0.0,0.0,0.0,0.0,0.0,0.0,0.0,0.0,0.0,0.0,0.0,0.0,0.0,0.0,0.0,0.0,0.0,0.0,0.0,0.0,0.0,0.0,0.0,0.0,0.0,0.0,0.0,0.0,0.0,0.0,0.0,0.0,0.0,0.0,0.0,0.0,0.0,0.0,0.0,0.0,0.0,0.0,0.0,0.0,0.0,0.0,0.0,0.0,0.0,0.0,0.0,0.0,0.0,0.0,0.0,0.0,0.0,0.0,0.0,0.0,0.0,0.0,0.0,0.0,0.0,0.0,0.0,0.0,0.0,0.0,0.0,0.0,0.0,0.0,0.0,0.0,0.0,0.0,0.0,0.0,0.0,0.0,0.0,0.0,0.0,0.0,0.0,0.0,0.0,0.0,0.0,0.0,0.0,0.0,0.0,0.0,0.0,0.0,0.0,0.0,0.0,0.0,0.0,0.0,0.0,0.0,0.0,0.0,0.0,0.0,0.0,0.0,0.0,0.0,0.0,0.0,0.0,0.0,0.0,0.0,0.0,0.0,0.0,0.0,0.0,0.0,0.0,0.0,0.0,0.0,0.0,0.0,0.0,0.0,0.0,0.0,0.0,0.0,0.0,0.0,0.0,0.0,0.0,0.0,0.0,0.0,0.0,0.0,0.0,0.0,0.0,0.0,0.0,0.0,0.0,0.0,0.0,0.0,0.0,0.0,0.0,0.0,0.0,0.0,0.0,0.0,0.0,0.0,0.0,0.0,0.0,0.0,0.0,0.0,0.0,0.0,0.0,0.0,0.0,0.0,0.0,0.0,0.0,0.0,0.0,0.0,0.0,0.0,0.0,0.0,0.0,0.0,0.0,0.0,0.0,0.0,0.0,0.0,0.0,0.0,0.0,0.0,0.0,0.0,0.0,0.0,0.0,0.0,0.0,0.0,0.0,0.0,0.0,0.0,0.0,0.0,0.0,0.0,0.0,0.0,0.0,0.0,0.0,0.0,0.0,0.0,0.0,0.0,0.0,0.0,0.0,0.0,0.0,0.0,0.0,0.0,0.0,0.0,0.0,0.0,0.0,0.0,0.0,0.0,0.0,0.0,0.0,0.0,0.0,0.0,0.0,0.0,0.0,0.0,0.0,0.0,0.0,0.0,0.0,0.0,0.0,0.0,0.0,0.0,0.0,0.0,0.0,0.0,0.0,0.0,0.0,0.0,0.0,0.0,0.0,0.0,0.0,0.0,0.0,0.0,0.0,0.0,0.0,0.0,0.0,0.0,0.0,0.0,0.0,0.0,0.0,0.0,0.0,0.0,0.0,0.0,0.0,0.0,0.0,0.0,0.0,0.0,0.0,0.0,0.0,0.0,0.0,0.0,0.0,0.0,0.0,0.0,0.0,0.0,0.0,0.0,0.0,0.0,0.0,0.0,0.0,0.0,0.0,0.0,0.0,0.0,0.0,0.0,0.0,0.0,0.0,0.0,0.0,0.0,0.0,0.0,0.0,0.0,0.0,0.0,0.0,0.0,0.0,0.0,0.0,0.0,0.0,0.0,0.0,0.0,0.0,0.0,0.0,0.0,0.0,0.0,0.0,0.0,0.0,0.0,0.0,0.0,0.0,0.0,0.0,0.0,0.0,0.0,0.0,0.0,0.0,0.0,0.0,0.0,0.0,0.0,0.0,0.0,0.0,0.0,0.0,0.0,0.0,0.0,0.0,0.0,0.0,0.0,0.0,0.0,0.0,0.0,0.0,0.0,0.0,0.0,0.0,0.0,0.0,0.0,0.0,0.0,0.0,0.0,0.0,0.0,0.0,0.0,0.0,0.0,0.0,0.0,0.0,0.0,0.0,0.0,0.0,0.0,0.0,0.0,0.0,0.0,0.0,0.0,0.0,0.0,0.0,0.0,0.0,0.0,0.0,0.0,0.0,0.0,0.0,0.0,0.0,0.0,0.0,0.0,0.0,0.0,0.0,0.0,0.0,0.0,0.0,0.0,0.0,0.0,0.0,0.0,0.0,0.0,0.0,0.0,0.0,0.0,0.0,0.0,0.0,0.0,0.0,0.0,0.0,0.0,0.0,0.0,0.0,0.0,0.0,0.0,0.0,0.0,0.0,0.0,0.0,0.0,0.0,0.0,0.0,0.0,0.0,0.0,0.0,0.0,0.0,0.0,0.0,0.0,0.0,0.0,0.0,0.0,0.0,0.0,0.0,0.0,0.0,0.0,0.0,0.0,0.0,0.0,0.0,0.0,0.0,0.0,0.0,0.0,0.0,0.0,0.0,0.0,0.0,0.0,0.0,0.0,0.0,0.0,0.0,0.0,0.0,0.0,0.0,0.0,0.0,0.0,0.0,0.0,0.0,0.0,0.0,0.0,0.0,0.0,0.0
"((3, 0), (0, 0))",0.5588470549060237,1.614485352186882,0.4375798150623934,1.0580916620119079,0.3317234877521019,2.7996596125468542,0.33295076732724493,3.1888291539850844,1.1813833875088438,0.6258081455840796,0.4680196284844311,2.169116660829843,0.4024297166319889,0.32090461667965264,0.2775152841363241,0.1952611402092399,0.41251063566049595,0.6024017774280948,0.22699791105394407,0.5881064760476975,0.3329178815607037,0.665157659505565,0.8322115638553348,1.2306713322424234,2.2473610538314266,0.8322075819484238,0.6460907543059096,0.2793287306083232,0.41470605218321915,0.7441169035034925,1.2467806221828481,0.706233957468972,0.9922486160341304,1.7694211000406632,0.9127753016634755,1.1855996679008545,0.8604747890079198,1.019818693811148,0.6472434234363171,1.9344871381903301,2.7314661340370283,1.9070770484110977,2.597989147577087,0.8914829210502591,0.6977813855720347,0.31003222020077637,2.0540948029341237,2.7121531362761404,0.12646634025037184,0.41276633056474255,1.1549286010749031,1.0945839651913287,1.6142629542314775,0.8509136513016216,0.9508300419353746,1.855769084438474,0.8200570612025024,1.2002817337398968,0.2683961208326545,0.6007205536643138,0.7242917477343072,0.7566450290380664,1.0969615543215627,0.5037102665239248,1.0362019432556546,0.7993136954535163,1.0115484432303137,0.35255374925728966,3.2844555949061727,1.4471389733986184,0.6353267995248193,0.39866288847477044,2.2453365168671198,2.0467067218954447,0.5259120880854543,0.4447911849575914,0.12607277226763047,0.7001819682365489,0.39494630316848456,1.8381648408803044,0.13055754934654273,0.9944433916362698,0.6250630619300519,0.23448189283727952,2.45176655206843,0.6621690561340896,0.26058238655186505,0.8723510789752232,0.48490700700918943,1.6010440686880565,1.1512548180921942,0.8883171301499848,0.46442094135245476,1.4449523298827753,1.399059499199268,1.0017934170119256,1.6902942239017742,0.702721844762514,1.1186189014998265,1.4886273733209143,0.7087263445008755,0.7311902676660968,0.07758553097378848,1.0269593035492068,1.476361608540369,1.3074920703983337,0.9214599597041939,1.8308534505792715,2.3799703217833574,0.5989987351606377,0.3814546358418586,0.8969567202337578,1.2236022873942904,0.45667835756989006,0.18235375106359858,0.66664876296274,1.5839963532105863,0.7229238221382004,0.05524267097192859,0.7914164929138349,1.1391567455713538,1.1145468809022994,2.198558493465278,0.5883419836010348,0.3001418703192207,0.9356908907631287,2.1046424009289657,1.566149556895486,3.727624208645959,0.2543918899638956,1.6768016721866945,1.666978438543484,0.6740753724747617,1.6375822401919455,0.37645510945215155,0.21039287421039243,0.28102120862536706,0.8524940132757779,0.5660689228015534,0.3774826462312526,0.8220640250341051,2.1589855442651817,0.40134295111483675,1.1337904851779312,3.869109310230048,0.4778477910658344,0.3865869505111773,1.6447284202947317,1.0956827870032133,0.89876816257181,1.5133353318807352,0.8275631590322108,1.2600076276991523,0.6300203693390934,0.19247880718483712,2.6057244698529,1.0229077637214288,0.7059617948133577,0.0784451017035539,0.429029717148651,2.0789686642006715,0.31911472714529726,0.6197185871863455,4.701948729946412,0.47473582943859927,0.7926816763791456,0.911508806978544,1.6945659724802957,0.34100208561598083,2.021901682919969,1.076468826957726,0.572932266471704,0.3103569902065919,0.9676955684611769,1.075134790343884,0.25340183921296777,0.8689564830837377,0.8325466331183283,1.2222698386756112,1.0402856882116092,0.48692814717529376,2.4443026294415,1.4549859094411282,0.5665631911654256,1.138672956688847,0.5317074496297534,0.787286052673686,0.7700445386591119,0.2625369195540248,1.050513200960271,2.7137506783672474,0.5100365026740459,0.8592073821299064,1.6165186879620912,2.1973354028834966,0.5414396642137729,1.5728596749998565,0.41022669576880677,0.02275433310764563,1.5224970924782093,1.0065861349971348,0.6240901851503968,2.2436590476522804,1.313250847373765,1.419376174524848,0.30017113487690383,1.9343842756195544,0.6179170970091197,1.8470883083599852,0.3377145762586753,0.9496773107568219,1.047197037983676,0.16295591263397669,0.19297044875033986,1.5328996535180675,0.9036499306863173,0.5270671655646779,2.5921942789165433,0.9372849082460415,1.3121694985606078,0.5928634234325207,0.919638133461,1.0763260587105308,0.8757706824635876,1.0975461525964283,0.3177468827964831,0.6121002572951739,0.3544324159922905,2.412862989607507,0.5189773278492186,0.16337128329635564,1.3264549782071748,1.2519381820844626,1.4307661588591452,1.0024652269945111,2.2743178514764177,0.3865604986298803,2.200571027679848,1.881093410849262,1.2709460694963317,0.4309414211013687,2.449877894117887,2.6600663607538872,0.7489708650093961,0.5588737222396336,0.9448264845614331,1.505456741159078,2.478964637782305,0.7226273071890625,0.09233282092277809,2.724417547565837,1.5225292680089595,1.6678490033271895,1.544005715330484,1.0704122492675925,1.99081169196453,1.4278794072309222,0.6272082234244617,2.656088733576819,0.47302955313903694,0.12934129736445543,0.7559152470490835,0.4893027519489771,1.9214376872011267,0.5615115856179015,0.5635011625729489,0.494347612610467,0.3755393652798724,0.42481497687113556,0.36804890529249773,1.0562067922262712,0.8370827611919803,3.0673687602510578,0.417411282078192,0.7995283280848842,1.0795531853686064,0.07735660249141066,0.9894342262618793,0.8460669869271151,0.18795054407544654,1.048210415947337,0.28076205298059176,1.8329601992142197,0.3908415078923497,1.4517764426294915,0.40073954719161164,0.5009749917629416,0.2661835614827164,1.4694025683719611,1.081556866208264,0.9105698352674156,0.7938930322850928,0.17095711659464308,0.8028055181568701,0.6702538871759853,0.43732638723002804,1.4070521175202462,1.0273953893669547,0.31184729258715294,0.6622333266324993,0.5369076735281726,1.3022313847020721,0.34973058606111174,0.7410974016133093,1.1572158505483865,1.7764921314294693,0.5867562405546235,0.9966242128306982,1.431290064983936,0.5739649214049132,1.0105944429247207,1.1559541023865727,2.4511318471602754,0.2462297423657725,0.788133308122442,0.776465031172282,1.3907207804443489,1.181938195706418,2.5637838208978794,0.2996195154837141,0.4928895000029474,0.9992579833126849,0.6100045246461379,1.0652335958419508,1.8779399399229955,0.8945766950660506,1.0286540670712334,0.5363476903567319,0.6670900918236335,1.3422142189659394,0.4980057415236818,3.0970468670194076,1.1306903503666634,0.17708795579921255,1.0955132072786162,0.7542869501059617,1.4098371144649462,0.17286589138264752,0.3871462238775234,0.38601956956813055,0.3673365846019717,3.0089891288895956,0.25784072022826887,1.2197758751236836,1.036739172247572,1.461293046152788,1.3179430791444564,1.2004609789055123,0.6940627796903749,1.414918273372737,2.02568248086025,0.6135042753922133,1.0448281705611477,2.741617231797834,0.608999740545251,0.5114708984435461,0.0689366932948867,0.4911899757276146,2.2838063278328566,0.42950465255490355,3.9083922395469903,0.20370191331366105,0.4987163093102531,0.5926827702369355,2.95025907333023,1.0094010089015066,0.6011573318787033,0.7693773700624111,1.1720371174469133,0.45440520036299153,1.1558156573335787,0.1934699090369626,1.05956732278441,1.6140181648684904,0.4919554617750932,1.9461260778070604,0.5493479984873457,0.9024724190348241,0.6665974494947615,4.840583115275268,0.404720312293508,0.45937872913667216,0.31954660845346805,2.1271136630825156,0.5189534560904698,1.1955930227692186,0.5481900347814874,0.7695375642040667,1.2750218798675355,1.4794963982205345,0.655999606759744,0.09954956852949659,0.6641183456424864,0.18624784706523934,0.33833221796071367,0.374602353428147,0.22650727102412146,1.9270081556758178,1.8811810685682486,0.6978056866171991,0.8387918314170054,1.0876144346830596,0.3050480394689011,0.6151763950472907,1.3928035482422514,0.36782951534348096,0.45002962910664746,1.122914217952303,1.5397412879390266,1.3212598789317054,0.3680370442336567,0.7685927688080365,1.9798185409464202,0.35281372177787396,1.5530504465167057,0.916162624958576,0.4756708595000861,1.0478643803476881,0.6316183158633455,0.6191472282226913,0.6150536875585548,1.8245686695132193,0.38016927418870616,1.1024408431630248,0.16329651988073213,1.117109018151444,2.321133965784877,1.6644525491424977,1.538949923171216,0.6768786006237177,2.277916638052221,1.7452759271406095,0.3885746574454455,1.5597079766766242,3.295425244216717,0.86897685048211,0.6271987898429627,1.0685483960916087,2.124199650542582,0.5263665639923687,1.594966277794001,1.1670343411036623,0.4880090967627333,1.2014445653644426,0.7812324994354034,0.16475242687201427,0.8746113967074337,0.1195737914574973,1.0404645146035238,0.5305593905692603,0.9039463687606648,0.27618044847916523,1.688070717031756,1.519027924439984,0.6089338757484597,0.6258812934109883,2.0510094639852774,0.7499309585149703,1.455897871113573,0.6895137892635648,1.4728065547746154,3.1396225165262477,1.6038318272671035,1.9838345408701539,0.4417206467698567,0.4728941025427435,1.033143682828754,0.5327909763807174,0.7569793230579596,0.6224457568114816,0.8183605530173397,0.7631061989001882,2.6152846388458344,0.9146980385274284,0.5766804837802444,1.130978977723998,0.4735329394341615,0.5088685612445365,0.6541717545866702,0.7822288267293177,0.5643886563791476,0.10879907365961072,0.41996533901660515,0.5241110404725309,0.7503785186371539,0.7723254895371465,2.129241656265829,0.4835830584417722,1.813772754929726,0.6494660213151917,0.44936005712079463,2.7502436641777397,1.4866473740696793,0.07715180131506694,0.3379467098611498,0.34908433039992337,1.0886571725448921,0.9336514622315008,1.6415630309931566,1.7612278255681912,0.2688869963754372,3.380695596429909,1.5979721032557173,1.0601111554272946,0.668192869444169,0.6741974903910206,0.9324321772122086,1.1589627871056114,0.2666019481890496,0.35286393245247716,0.5550719739857644,1.0450890979764589,0.2909565668279488,0.27346934591984007,0.8453089602237147,0.6712360158407935,2.2908932593954647,1.685906559583191,2.749930542477806,0.6948336690679466,1.7171664742742476,2.907903922456677,0.6812282434524062,0.8389610535002581,0.45685377825830287,1.143273639119593,0.4659529790076506,0.7212157108174349,1.2937180022793775,0.9694341897928276,3.1198008340714156,1.4459329423387242,1.2433618627925571,0.48425505277475933,0.7086481333753418,0.681133130621685,0.2752490252448584,0.3868801678872853,2.4165921396515233,0.08177230581792017,0.24319144007291854,2.7204547515726745,0.7728938245576751,1.7540723806966774,1.9031529514433763,1.4781526950196513,0.34753338366009534,0.6344126399697676,1.7154533547217037,0.7994867514306141,0.5969783596281792,1.2616837211079905,0.35206355442801884,0.3572707265477999,3.3361306487114026,0.9208204580184554,0.6118724588781012,0.31426250915499176,2.767268845699935,2.63425281153979,0.37027212289912637,1.9931108331533136,0.8118031751135271,0.8424706462870211,0.09305896080723913,0.559335832903652,0.337024627916358,1.1460445787006706,0.6480962851116422,1.0038955614309346,0.20465298301896984,2.5098607055532693,0.5277550344009421,2.156938426578938,2.586166202980453,0.07847885049743508,0.5366652484102435,2.1120024631052257,5.595852435369009,0.6119883279279166,0.13586207030009273,1.989230162006683,0.48452325413156816,3.158818703798355,0.8434385656376844,2.742060140451926,1.5246560225208619,0.6868834330963698,1.8100947604539,0.5662977169411982,0.6852290018658264,0.7326117043126408,1.5319077035641697,1.0953312916029125,1.1402286130601436,1.0454023552829925,1.2922828613562403,1.1851166232606967,0.8988809844225671,0.7093499854156834,0.405695206698774,0.3746383891974865,1.3684858611002677,2.9150284387298084,0.7577018671079522,2.0411266146869753,1.1940188201326416,0.421058932011833,0.5792199125715682,3.1204255342726466,0.7586667547957843,3.4339842333693102,1.9393383317055093,0.8458664235071096,0.5588226909481844,1.418804407102844,0.9007866920802696,0.7455760137635853,1.3692769341685338,0.56715739361482,1.474867291912663,1.326270877181409,1.638396121873934,2.108114333916403,0.30592558372853157,0.6893769367686149,1.4397135482619932,2.486424803898408,0.8625288717095428,0.06018134940212655,0.463740202350577,0.24741470631237839,2.9134449668584375,0.31179354287177374,1.6308109011919711,0.19733265330776079,2.270777528244953,0.33408697884436744,0.6957902928726374,0.25356735995594504,1.0663656329669275,1.0545840885380509,1.0815788378952997,1.3556470133403367,0.2591242561228402,0.6016051873869149,2.3778119181413073,0.7223024042710544,0.9630068548393065,4.49503525564374,1.2664458690650076,0.4645907869013306,0.9785751062262231,0.6918764444688196,1.220360894616233,0.5659079723283393,2.550887064458541,1.8363936733597892,0.4431152777221421,0.8346744112738722,1.349040767154058,2.9149016926287588,0.7855876249351998,3.4636647371299496,1.4969639443544194,1.3323165421449417,1.0507073971744545,1.0630497505738319,1.0929052785880868,1.486110007606651,3.0166457834603926,0.037953895999681964,1.6919370222555121,0.4554010494583587,2.057296864811707,1.4183564190513807,0.9707515148876447,1.9229569691129764,0.10447985207255261,1.1585378732159588,2.4654274223762713,0.8730558075548073,0.07065508506027574,1.123075895420898,2.1791660289251857,1.5430786494839048,0.499728966389308,0.1786411704544233,1.1330665249867813,0.8482354373822972,0.36031992242527405,1.1827407242554548,0.9353117935751023,2.0439359849146443,0.3868598146353491,1.0506524449023227,0.6796347584087594,0.37786420763290285,0.7156456006420612,1.501004518627626,0.6729383688780155,0.6205955783280974,1.39515186805692,0.6318210125281447,0.30037727507118306,2.431295940455236,0.293375727461753,0.46699832977668176,0.3985164810092139,0.2150290090143243,1.1460557348493852,0.37840404878847234,1.7964338432887395,0.48312226716045803,0.17454603299205296,0.7361682164741996,0.901031137780773,0.9409862216765079,0.7444829722872626,1.582551313868347,1.846628632311881,0.7744530095472659,2.248391309213015,1.4710542667798459,1.3659431918418394,3.060415165303832,0.1388328586993305,1.250950512603952,0.49162227787892754,0.8724105405080012,0.3692285816146081,0.5142281103620837,0.0548881491885313,1.5951963312069,1.5382392429861353,0.7860866507538504,3.0700217615969985,2.1405734665086578,0.574189983180685,0.5588612020279875,1.4747017508681004,2.693447672460445,2.6851983312522183,0.23612844961966406,1.6997526351267496,0.8631877763814285,0.323177531394235,1.280031453832696,1.0824860096064632,0.5567498435973663,1.0578689250605011,2.4460673713326724,1.192404202045444,0.9930336766787946,1.4410992289588387,2.5074748932475686,0.2864573100527874,1.33952207066316,0.5116035476723186,1.668122689623888,3.3949331569337513,0.6675282390556433,0.6879812077986602,0.8763230794568182,0.945783618488621,0.6410451220381683,0.3125432384166619,2.3483203467849645,0.8430378239573046,2.268858741551237,1.0771144717181156,0.19780542486841113,1.0527669452336674,1.055448576019711,1.5375637537109523,0.6718403130507774,0.2866176727856906,2.5654974129309176,2.8726207127762784,0.6751827021953296,0.5342745146308705,0.6095549513786811,0.5277863390039129,0.791055576423803,0.5425559466815087,0.24806473402113172,0.49623260840485883,0.7659160981687698,0.6738621407995973,0.4007004977492168,0.5707649556159945,0.6337918764142294,0.3563327760042114,0.9981519308424229,0.38224704885929917,1.3203904739032142,0.6868346005388271,1.1669538616055277,0.12167679749238669,0.5895623334043707,0.24174563984476138,1.4134630512798556,0.43327819127404776,0.4891273836501391,0.3490719771269848,0.2493359075079653,0.3411455016490281,0.4672695036259138,0.15052453483269768,0.199580673639411,0.10006219992904106,0.5617143318104463,0.9492478872269928,0.6486577872674424,0.8081600515381833,0.39853790513810194,0.7506194988972839,0.25493604673484876,0.6440971906440853,2.4380827001426915,0.31297205904007996,0.44895917666184343,0.9953684052523949,0.6252919295744316,0.09350095160479555,2.1053152916080182,0.8158145190681796,3.0234079438425825,0.6247508461791869,0.8455146710718499,0.16419427266454195,1.1153354056844855,0.541408143023722,0.754313696779968,1.177522204410646,0.6450855917670455,0.6698329042184241,3.1253133043800085,0.491209613273918,0.9940425111435425,2.0416024206810177,1.4299726388100842,1.5939765461938569,1.0769652461726742,2.661072227417228,1.053822154250377,0.47205400506292294,1.8372346836941271,3.4903302132070717,1.3340418888605807,0.06278981568862163,0.8180455283219608,0.616515852783314,0.17952913312701624,0.3919781451369849,1.9768579710551677,1.1153963045998303,3.5529191442405375,0.8739902946959786,0.7317494092760173,0.3704396895650919,3.56206736937334,0.39506050856048935,0.5229512662991901,0.17030824804043565,2.0194893227010984,0.6580345157227486,0.5056246152222372,0.11109534864747439,1.2995967258798633,0.32043338925835885,1.0500518440000053,0.6843668963377294,1.0060132021434427,1.4303498969281065,1.9444484461409095,1.9893688438404438,1.2092474108607805,0.6248363516228275,0.5107296457425069,0.423134228119303,2.6560708405052265,1.4926941686108095,0.9327454655995762,0.39658505296009794,0.5991046998193266,2.3870332522688917,0.9621999234926814,1.3130349578206624,1.3870872331389261,0.8415928955738927,0.18190013207454925,1.2756861783952442,2.27640337555962,0.9154893375341325,0.38663168032051215,1.1816715548694825,1.379146209116651,1.2015278540673142,1.0880623833183376,0.5516502110679642,1.2815021517490828,0.9159681934704258,1.3997289371704797,0.6576926578012903,0.6724948720515631,4.166541985210496,1.9323967903253974,0.8356767605745739,1.3087414029905253,1.139537166542088,0.49804871568902953,0.8894773633564563,0.4338070335680604,0.3341357280797754,0.530569007584161,0.6422097330808265,1.188569034133777,2.1781686428968987,0.5326046751871105,1.0323699681200849,3.2022399938446813,2.4291179100687907,2.753558963952615,0.24128656860369008,0.7003398265998859,0.9133825486637366,0.4320902727731887,0.6828134159176977,1.1955534129468668,0.8841621429320171,0.5302158334515944,0.5906018217946407,0.25697650016799056,1.5307095678270675,1.795855007708179,0.5061289398116005,2.084726793250094,1.5041834012773183,0.3757351495169272,0.171719947083539,1.702790919129539,0.5552665585792473,1.0275424323195013,2.6410616011290147,2.3270700809913722,0.30281450890641237,1.4338432443532776,2.3296646578208007,0.7242631104654169,0.043912706538750124,0.3468249008106079,0.13525905534135374,1.4805065753731466,1.4683243798753758,2.18610411513407,1.4034626947290696,0.9490253072557904,1.8324593153430022,1.094478030738669,3.6070580504203313,0.6608256722613879,4.215359350695946,0.5952784727608117,0.9385557548227419,0.9720308548452745,0.49544882529961454,0.8597583583132656,2.1851962668749865,0.5408005429680338,1.5007504301351215,0.9119931907863976,0.28864241913452415,0.2800996975013079,1.1591992826213984,2.453911228513266,0.24541825599443448,0.9274794274539759,1.5365012212449123,0.13040113492241956,0.3371443469285623,0.5148743622409617,0.2936036990391559,0.5887929383245449,0.9563995211073019,2.2708375080249033,0.5054531586731241,0.17594419393176075,1.3054927969409977,0.10343740639185806,0.3582046616864878,0.6212580845708255,1.6657063706532733,1.7485800244020284,0.40605655165356486,0.7388666783154337,1.0093798763881519,0.24373523680486264,0.48470241044207707,0.1413445919820301,1.398533360683344,0.6551950376864708,0.9423632283705843,0.41168888747309695,1.0644829112799616,0.0742159441568151,0.5178404010506124,0.6343289186303811,0.25952543125481237,1.0198646572023902,0.32998135878782975,0.5449409550929967,0.08969362106948875,0.878148599012504,0.5119992663691286,0.7492734995328176,0.3834889018183061,1.6315986309977992,1.5232721810869596,0.4581227787822182,0.2815954878984783,1.9209708085394122,0.8334066338290957,0.13253686980858936,0.6474876053545484,0.378104800989743,0.9031115869225855,0.45236993511028256,0.4628131404928921,0.5084614692867112,1.7582459455825252,0.5146936888416866,0.7030626814768586,4.2920746932992015,0.17132116344819726,0.4406122911624295,0.5137855643183102,0.33353519503835605,2.3173526547909375,1.5479896448006611,1.3602632757773128,0.5331163762537959,1.3301827557047172,1.2320474530327319,1.442015324148116,2.3514237052296787,0.24578816745554138,0.30377993795410874,0.9240250770589766,0.36314893437147855,4.004446335187902,0.6964196823446933,0.9481905585466758,1.2521679703609707,1.5448906489024445,0.17719881605321097,1.1868917531399124,0.44066410543525164,1.7445502070398096,1.540915243810013,1.6551263775545526,2.070154709016246,0.5212993066739879,1.179854139666233,1.5266565322382326,0.6850399760605841,0.40251021720026237,2.132807315475631,0.37133493794914174,0.3740170501306187,0.4236949754044185,1.0114884873042027,0.9283215707807948,0.6894107085704432,2.530998179647721,1.0545584076566517,1.819984306613053,0.691198380470984,0.2264016427933515,1.4964942396967404,0.5631579219649708,0.9820071468267813,0.8179965429198206,0.865190968138714,0.9737588807914382,0.5649769584340475,0.5440050986851767,0.30634612983265574,0.5918705733374587,2.663970042754267,0.5832924514828468,1.9985063500504423,0.7021200444904888,0.23716521592062056,3.3620627386642417,0.7630851634884377,3.6502333038775108,1.2415245480252532,1.5317232326303727,4.526792297848564,0.7340427252177515,0.37709002195423946,0.6063271151275401,1.2453310548370637,1.2168073750849309,0.8646645431773952,0.7070692010300021,2.466732512470749,0.7968966137558633,3.2740586705588663,1.9359132459176838,0.3724376786040653,1.2112550914101108,0.5640519046527952,0.25637875202354354,1.5184840656140903,0.6846129128873397,0.6146810580034987,1.2144620723297934,1.6937113180262782,1.486551101536895,0.6000957054431,0.992097465596153,0.2387226058309102,0.9918454130703537,0.530271587184094,0.6298967540564826,3.2777616763537565,1.0444143142508882,0.9131142454520276,1.8575347860130438,1.069910466169158,0.4641430208701003,0.19774275292937404,0.24681167225736345,1.179606573592546,0.6113226167260015,1.8080687974048866,1.5055571192471335,0.7372586210993597,2.0637428048897353,0.8313626972037911,1.3991212429484923,0.8935334794028207,1.5035852953187487,1.5093247419495655,1.8122996691374107,0.35475824434165437,1.9089459295421813,2.638159334625376,2.5717578568004855,4.0754398299564825,1.3089621259842235,1.7111243804791607,1.0197430724700107,0.8993096253833994,0.2535282482201009,0.47941961370298153,1.4713047040839238,0.8537285220707977,0.12433241406738646,0.4532892805345953,0.12391603973358434,0.7548843968871796,0.38602714195487997,0.21734764543936325,0.5525981478116055,0.6867155548184578,0.24425291866330678,5.689401085656007,0.3846329829721108,1.9363925000443476,0.4776181510293356,0.9532772774708599,0.539184867720361,0.6306157658378676,0.934331332214096,1.216649312303176,0.5605364848010571,0.5985658425703859,1.0047852302559108,1.658853770835531,0.9767600606771176,2.9317788641793396,0.5934859541523652,0.42765493372731567,3.082895649613813,1.5442621595198855,0.35936138325211,1.7997380483671035,0.6209753243094727,0.27002980827674006,0.7419677815298162,0.9842981414858133,0.511342533579973,1.2261122609049946,0.5017128632774819,0.5933431761522648,0.7728173913725664,0.6377696222652149,1.433345952342091,0.8764448338203892,0.14507718016185625,3.0579699812887324,0.5030051373695172,0.9188555023420231,0.2638456281212944,1.5660817665094215,0.9982626087065785,1.0897629700868934,0.4213653518734326,0.3151988682678388,0.8570024848580964,2.1579226036965555,2.1816894170984087,0.7259949013379267,1.1404116807551647,0.5597992800252054,0.9605817499179794,0.8653064053492199,2.562423697821437,0.2668946005322308,1.1532148960014053,1.2036849739281976,2.9878709220253223,0.7655035346422923,0.43958403871482543,0.7679249772129402,1.1460777714167674,0.5117632542915598,0.5685982532884907,3.060703686867406,1.245213458841493,2.5878118046883607,0.747532556724047,0.7898244738308632,0.3966844707777183,1.0948725420635592,0.73328893207778,0.681225883110762,0.22848150028053282,0.1909156241405785,0.5093936732849255,1.2215673470262867,0.8569549393298859,1.3810350368360667,0.3928720495686239,0.6629283492567231,1.3434210179514077,0.45752028078402956,1.3903353381700576,0.6867809301236536,0.3512022319599899,1.680483229920049,2.420758100801591,0.574443169517479,0.9905873773883995,1.026221692518261,1.5912996600643081,0.32063400814973086,0.9780038463642238,2.0122045448223984,2.7011111731736492,1.5437469326453666,1.266715150407652,0.29970981942071817,0.5297830004818725,0.6735009888339099,0.4200350811941105,0.19424144684068612,1.6746315747446836,0.925012053544005,0.5172609402550705,1.9306460976993378,1.0718785691903672,1.3955544145365704,0.5629929401951087,2.164191404604141,0.415695870870591,0.6307747736417555,0.47791971189469584,0.7818181947751287,1.4183303313668834,0.5424944484657072,1.1561188721669553,1.8776244057419205,0.8607330886844116,0.6114577864075925,1.0968884858860413,2.3802132533904756,1.3903339772902719,0.24365991419750227,0.7324489851622112,1.4268809742734978,1.166386573475084,0.45188080422173327,3.798076205638267,0.47660564839845854,0.5858587016178061,0.4495706422425636,0.8528680338604132,0.5914501376188492,0.9702849428227455,1.208257246768679,1.8342018454965026,1.4185431794322487,1.3119271280955807,0.3635905639138195,0.7762876248705997,0.15383500108893666,0.6726242845460026,0.514931285613931,1.6789598237459096,0.8869653209574243,2.0994263125527297,1.0658871837483002,0.7509756193330404,0.45732982024876456,0.38843415662124225,0.5946742144872084,1.5463106892191902,0.8243767839669606,0.6524791841101016,0.7955958879494957,1.2322742690818393,1.1684629387834442,0.40004523696364547,0.9798470641337721,0.5708272469207754,1.022304481275652,2.0880003665011255,0.4168840138414298,0.36602971917942995,1.4025530577515144,0.8582237608207995,1.2655290217796107,1.612451876223386,0.6695826585947657,0.38206466779692927,0.5915970624686819,0.2637627674009916,0.9130937876922404,1.6388027018031825,1.6351474233010677,1.9700561843024698,0.837062254089129,0.5080205814554253,2.508165020616772,1.626158814660733,0.21932637785278175,0.640298868176624,0.7662721932433099,0.5999029864286376,1.016735770695859,1.3225501545344467,0.8082575855219689,0.2933316681947449,0.6944986920846491,2.4252060189345057,1.1575330741427534,1.3722786848072543,1.1039581298914742,3.0321829002816427,1.3400341658442305,3.422045365648935,0.5165695484364985,1.3354018196354551,1.2017457477123568,0.8850484641286844,0.8038872234102131,1.673358714888142,0.535272571899746,0.2945091664476863,1.0212559373558734,3.176016769873681,0.4979640174296148,1.334067851159444,0.6188577037773859,0.4185876055287488,0.4705142924521988,0.8205287195709788,4.853443722668351,0.40319368430903413,1.551288439664111,0.6637121742461998,1.2287141966380126,1.3430593703707427,0.24100732570055938,1.5621510023747325,5.764491154188201,1.24946869887621,0.8296540467561464,1.0143086097916614,1.2638834256848415,1.7960944144886022,0.6731104070866194,0.4365129689949705,3.4728929480329014,1.0745452871499235,0.9019258410831394,0.2514731022261363,1.8423861182711294,1.4306221279420215,0.5672330900844498,0.6560749015001083,1.3508938570248739,0.4724753124742699,0.5002796710175346,1.0897198382643287,0.9185459844348821,2.494901398349654,0.5046216005497858,1.5356508044769415,0.3474330145133253,0.39311268284895307,2.0376220122622404,0.6537419849842997,0.5906138972787222,0.37230912867532573,0.6780045428690753,0.21570685431919379,1.084146566973751,0.07740820109534444,2.2407754494153367,0.6158859753074256,3.2246020751764517,2.8208815483650995,0.4189496114750233,0.8599904973155066,3.159776160996431,3.2429736307242494,0.42012678361958544,0.8471268335107844,0.36158074546199626,0.531640338250217,0.14449192967398417,0.9870870656514668,0.9938908231526608,0.8169130866207475,0.16751253142080558,0.5060315549445409,0.8690301297479965,0.3221410667445208,1.3854985418607517,0.5639733162370315,0.9619330545614075,1.014585006209154,0.4214415583483034,0.6933574029929153,0.2915507495447762,0.691224882796234,0.35315186432526846,0.677198495402956,1.1907001646577764,1.03494186485797,1.0648387198704166,1.0818010246151204,0.4790741684130415,0.18315994651458412,0.12933675221468977,0.5583471253080108,1.7132602143169426,0.6259121402349112,0.9296402844457275,0.3233161914607263,1.0685071829471593,1.5965918506726235,0.6891030893078648,0.43067801441476783,0.19759602076331706,0.4668380443973311,1.0275590437917876,5.02924279698027,3.79879622700391,1.8741030559932481,1.3483955230269784,0.4655580118470811,0.49207863515929595,0.7600714234920005,0.38923468387838683,1.2191606236304022,1.1419175525530498,1.4562578444609724,0.45495768181765106,0.3604395337057079,0.5880185634082457,0.784328379989014,0.45314113182477955,0.5408533462919923,1.4349724426153472,0.8499146099800641,0.38887609287153024,1.6021103327032664,2.4578515433763175,0.2394782906216329,0.9590176333358735,2.660363467690736,0.6186207576848154,0.6134063438355137,0.07724207409569728,2.3332612275732196,0.39865818471926096,1.3179306578350931,1.8129897977038125,1.4165924264435656,0.49021564065783885,0.8987105191673619,0.8350974067118178,1.5112807974239315,1.2530638919514834,1.1244404158326455,0.6191058732297586,0.3794925912890741,0.6093856992174931,0.5087950860210562,0.9217111354933476,0.4943413198492054,0.14886602817323047,0.778352270267616,0.23733972472691334,1.1402440938292522,0.7623107721291341,0.32019901267373857,0.781330967385619,1.7995812739163137,0.3959830206712185,0.7909498404198623,1.5893720152357436,0.8235374648492731,2.8297339014257803,1.4183894401864585,1.0030960580234867,0.8498674077539983,0.3188233589270564,1.133740940518949,1.54102010851851,0.7201896929085301,0.6101579830478798,0.5589313759513309,1.0074683115799443,0.809358975086994,0.2611808884481783,0.3194417528711939,2.7631968653431236,1.5047991651263428,1.3320026218633347,2.120881623447754,1.8018057359141495,0.3820601652087214,2.2961882480073803,2.126549573896453,0.09089675980182521,2.861837480137306,0.5562111567471626,4.003894545211662,4.4531802634257,1.2325341583538365,0.30160922841856763,0.37033360163483975,0.2027154205352073,0.9953262366010536,0.875062521766292,0.4911456091328953,0.5778398022262556,0.4098859356836754,0.7627147439858102,0.7010815345666419,1.3142255225486708,1.1246164421285858,0.2012483244778251,0.6563761034767428,0.6292954907580972,0.5991583063995556,1.9822371843251623,0.6334961607627578,0.8244413316984363,0.10439593370868744,0.4738451857557032,2.3750307070117715,2.018846942506579,1.501574860551635,1.7559034209825721,1.9412984714906294,0.6860415585849727,1.442076839958272,1.0645923725082191,1.7240827187144518,4.895671650832791,0.1608205440805277,2.4411919747289836,0.3198373130580882,0.7700158486719376,3.398296178433002,0.6273107816092909,3.0950972296676538,0.7869008012783915,0.3809646843578111,0.9052091252640162,0.5239570681030836,1.6469575020960177,0.9028481435093411,1.5112340282929515,1.1834904867845022,0.43755692223042003,1.474077658023115,0.8458128823226383,1.9664979686771784,1.0796730021109318,1.109408560595205,5.057790090207781,1.5324427753256433,0.7818052462250535,0.5700396255564608,1.0095822695821262,0.26906751626820746,0.5312027671889104,0.4844931196237745,1.6245313404720088,0.6621002940325735,0.3173943515143982,0.9402025727176688,0.30048667509217825,1.1920233535393128,0.8925011792700905,0.42693671671768785,1.8490420665866898,0.44389451690306503,2.3036816445015096,4.412446592604868,1.5176530632302918,0.6360102153255873,1.0696620722708685,0.9027095825836051,0.3891528098213672,1.2119423203946207,0.21572784446318705,2.2504366364393023,0.2654565361822703,0.5907500499478622,0.830419972309143,1.9119914304410468,1.1034416814947163,0.16170800888977832,0.23337041442995776,1.4064488568247233,0.4942127105563926,0.7556822365434228,0.10966048028334596,0.6154315564251855,0.39527996321266606,2.7050047047163184,0.7930166802476575,0.49252188506567196,1.2901437177807862,1.4213750046696019,0.7699982537954904,1.249273244945495,0.6395640399717133,1.0337395315444786,2.2351432664537025,0.3894358414310586,1.0369100224486567,1.1729054580296483,1.340262467819471,1.4634968985909125,0.9601494676201755,0.3147082102143042,1.4129201699112706,0.7531755669855031,0.6006587617726917,0.3319094865740021,2.0436516505223876,0.5819358421900707,0.40235511653164036,1.2454818588461118,0.4387426113326822,0.7681273368623969,0.09299107462677303,0.16006297724246665,0.7345751599231893,0.3522497451299871,1.1042184928870562,0.6243534261610388,0.2222350479637134,0.7860301889607693,0.5535651147855853,0.46865948587045797,0.15316845089635128,0.6972817645215086,0.6645151323894019,0.5834221454784667,2.1284151042564226,1.7368296365584166,0.5518529002676866,2.211361066085818,0.3823019768599627,0.3259040595815488,3.9831267206925323,0.5166337582487847,1.797846444068279,2.5052739233679056,0.9054048927701102,0.2931590536034784,0.11995541340712312,0.6104668828075416,0.4695532926600061,0.9693894739127438,1.4805335624440374,0.15038584844238523,1.7016727115808723,4.10452328968397,0.25165592487779986,0.32513182848237354,0.8112425972301172,0.29575806148846934,2.629013131906648,1.0372974458369104,2.842362335123906,3.588737583369606,2.2689198007565494,2.6568284468047185,1.4300827876075939,1.6166339399823952,0.33565388359231896,1.0114346007743165,0.2919557370049703,1.6154429151426184,0.045306202254708494,1.85898339877067,0.5720309121254559,1.2593017367126358,1.2811727191711748,1.0381754516666324,1.9589994944214038,0.04854550499427113,1.3239914088159095,1.0862266817953343,0.5874433574248091,0.9277500616887245,1.0572558905990355,0.5327529637558522,1.0714785083474485,1.032782564920977,0.3715337125328203,1.285405891144233,1.2068845627115947,0.3543590643158425,0.7244802355716446,2.0425409957164113,1.099778946794528,0.9767643456575166,0.6192724767713655,1.0144636640322924,0.3329187392741588,0.7254502033909734,1.2970316489590306,1.4674268574900728,1.5774034096165739,1.4842240155342727,0.35439813411344384,1.5322028336263214,0.39185505076446936,3.486490352727519,0.32551552626253677,0.6949369984290794,0.3073729385905467,0.7926152004412856,0.5558883238075347,2.642527368044522,0.3385259839869755,0.47080259464740803,0.629747579967749,0.35071529552145453,1.521182155471816,1.8922888414970158,0.4956761130093444,0.8358896545276615,0.620351271927299,1.9088593523725859,0.34471603919317667,2.1996491258843593,0.20370059486575057,0.5776707541041534,0.7459565952002016,0.8640740949938385,0.4345003008786179,0.13676793638311802,0.6481990546646692,1.4356024191615355,0.11875998061976661,4.014707254166816,0.9090890706247481,0.9077774403163299,0.9001355017673489,2.015395987862035,0.755494413878436,0.09926380951751734,1.2142019202125338,0.4565526628731934,2.14396270530776,1.115885373945121,0.8253015752064826,1.420515278265598,0.44634794929361155,1.258304296950961,0.8008916437983369,0.9033622269843383,0.917876135201404,0.6956745101718087,0.44414018927629806,0.584056693356668,1.3627290751072576,0.07509056786734547,0.2120743833806884,0.5073522184639733,0.15935107018604278,0.31629056605283157,0.6719359498990518,0.5145400469221664,1.4625147519223978,0.5342475729799138,0.8007985277388117,1.0104225988177107,1.6876752863210875,0.5807537508013207,2.895790551870679,2.0403766127143212,0.7551353102955228,0.32105363024793465,1.3745695117783208,0.43865876026385336,0.5966836233932775,0.2842289714994326,0.37571420219718576,3.0662046756783865,0.5915788555674497,0.44532947975593923,0.2988149532401118,0.23439848483514392,0.6077457622782225,0.3252653081693616,1.4143547565075885,0.903821160705547,0.5843110768721338,0.09779362203275438,0.4998504191165143,3.3053420025174107,0.7305839473782552,0.6850257266493076,0.5661219953827241,0.14782344012877524,0.8562240828879204,1.0156731592891717,0.2915155134835688,1.087896575688299,0.289662942597537,0.8290724909494868,2.097895772207721,1.3708416357405853,0.478831824656488,0.7866551439529734,0.5597955590262893,0.3398672333077616,0.717694926881246,0.4670929986383512,1.2560713654499194,0.2807301774231661,0.5241373972719452,2.679278475841303,0.795555318731939,3.6881388593032165,1.170463559652804,0.919407362175681,1.2075159222736387,1.1973684781804044,0.68963110272055,0.21665202242048465,1.1078539770457807,0.4920875029997209,0.4370443402685976,0.18761229416557712,1.1063255346020409,1.7679830432536412,0.4920525163602038,0.7334085286413092,1.9998126368482685,1.3078625329398479,1.530276671976898,2.0904539667666784,0.38630155699674296,0.5655596996942518,1.5280582027149543,2.348924534376235,1.1234837173212993,1.267916006305638,1.7175116355692297,0.7796475446415829,0.1297729629352733,0.29196080634282406,1.407319849651409,0.5451052647249819,0.05648730329204532,0.9974750157722341,0.6208257246038216,3.1139680084637678,1.7788203922519998,1.0206987071703204,0.8206274219316264,1.0594952063124707,0.37802976664534493,2.1798530994481204,0.5100993095788557,1.502035355823407,3.095374849418305,1.8288290700209064,1.0361532504633342,0.7925256327963731,0.8064063674024975,0.6077153151428833,0.6258219931510038,1.4893456651256427,0.499129020036744,1.4382365000642963,0.8057160863458386,1.1028766335003701,0.6045745819174396,1.0026491095986885,0.25859401536890836,0.8093600392006433,0.34811279833391195,0.680890720556448,1.0292471307307247,0.32601736216921456,0.37842652411741373,0.11198730225519563,1.892331930524753,1.6178423763306138,1.1605325004486775,1.0453243749608387,0.6011550931238934,0.4602508672994561,0.17946546403093366,2.7500419549927844,2.7574629993324895,0.7215761854615212,0.4747575765039256,0.8064850469427653,0.49554123649341375,0.270752637177254,1.1879839601559987,0.2512505317029804,1.694576995505087,1.0139334631142805,0.9980934533273578,3.0639080004100148,0.252055387257835,1.0984127482163035,2.6780217372653157,0.18666370382643735,1.0581632281440387,2.532253675607447,0.9222394776303473,2.057368054310064,0.41813506802098643,1.6425078090984884,0.24800689790773417,1.2285958095773553,2.4820547146813468,0.6366967504195618,2.123895951622306,0.7393987905134495,1.0203917679340309,1.0613888136191192,0.2385221492559244,0.5343214403921035,1.5615553859930356,1.0501259936974239,0.6833254400749196,0.8492005787265346,0.7728916788055415,0.6436728615775125,0.8696836080285,0.9154043373785046,0.16537948296242722,0.8366594928114957,0.615972310987061,0.6886244509722079,0.16425921427876178,0.45968076896486065,0.11146725233805038,0.9606643111058605,0.26061945192322644,0.7587753093558132,0.7992161473594354,0.19777086780397757,1.058148327031423,0.999557932127338,0.4765280418593072,0.8736764429706896,0.5448094645651659,2.2199817428247623,0.31048746623063495,1.8468997739643669,0.6708758192832092,0.043241446069948286,0.8272335313359775,0.12971793022612,0.916415517005553,3.3561158845454653,2.2938012735032527,1.302399408778077,0.01953454543503308,0.48161774473762986,2.773620681402287,0.752795752350121,1.5057834691708103,0.4170033898366956,0.4355789065988145,1.2945119349778242,0.48090919675624555,0.43027333074707097,1.3188225076292404,1.827560967679842,0.5142577898424906,2.5082005978651365,1.0572978162766706,0.5086564223205408,0.289753843271191,0.5371999404527756,1.1973327611600961,0.8205947179685844,0.6308727192233488,0.41136926589312584,1.2202924923882987,0.7245327895524278,2.230652733193275,0.7174227297587535,1.6210618461801887,1.3384614137525208,0.5816526367573236,1.0046222507448828,0.4115401129546806,0.8723254603492799,0.36441617402443427,0.4157079455401641,0.3723305394633458,0.9333374895691073,0.8315480631598742,0.8677125055772893,1.0816449843320695,0.3170030019874611,0.2748517629420798,0.3319047162563249,1.0087885618159433,1.6445527376079068,3.462680106778764,0.1356677845534638,1.4331778500870367,0.4396004538521403,0.7473037641583605,0.5865184241916138,0.3187929650748479,0.8958844699455231,2.093696465248109,0.9622085878502769,1.8926411922618391,0.6290261277831753,0.7599426848638244,0.682297320091786,0.6479620656530074,0.527244640755911,1.1847445322884251,3.7166020688549377,1.366849770729915,0.19978294355672432,0.22980404221539286,0.39147998960790953,2.428190931404556,0.9715707768004069,0.5362986066413815,0.165087205323128,0.660948236853099,0.36244580918922165,1.112896438275678,0.2608403251176036,0.4405768588218655,0.2800623191155712,1.2265033039816573,1.262719299071414,0.6317948562910533,0.3222440794393986,0.2581744750428274,0.17741548940859803,2.082450717622995,2.2759793683264324,1.383499339563004,1.994316287023451,1.381254865867477,1.1724315335553621,0.3275000340822344,0.6042005947942999,1.1259277149034692,1.0058822364707969,1.2326169283197974,1.850932654711777,1.6140826934162094,0.3443178035791806,0.6033316466689831,1.512840019987744,0.687058228481972,2.867888635798906,1.5541079268304119,1.6696994658219464,0.28347984542979454,0.5935393274150165,0.2700506974218133,0.31630239111580527,0.6715427297261747,2.0225547342843333,0.33893775407716664,3.3700974213246195,1.4944911256788318,1.1211227937463297,1.6983806249043498,0.22262383614157977,1.6047155142619005,0.5988573084886826,1.3395607338740394,0.10665832764615302,0.08656293526561853,0.9481476947315128,0.3793580687486382,0.28947311678823406,1.0855677134208608,0.10556011535961884,0.5974712990635885,0.9504046696543391,0.9646034059559685,0.027172719720866767,2.34774337645506,0.9089471422639891,0.39962898613963416,1.0091584966594613,0.4668456062070888,0.6503862234430693,0.4178754078820941,1.1613014634016927,0.3169639217220077,1.4472929966621357,0.5473442591091099,0.34240667534013536,0.8444274816266436,0.49982130717653406,1.3209079056179345,0.3123618654833428,0.5971736867322458,0.9940028428671699,1.2873090612580427,0.3383674368044723,0.1341384237743073,0.6993096560750554,0.4271847978155485,1.1726772856700678,3.8351282969034957,0.338440854117541,1.389072140711947,0.35382493999707887,0.3795091119088192,0.6764079241568423,1.1652204808481927,0.4281185868503058,1.675430413655808,1.2823863644309315,0.5584853113902964,0.8761655218342406,0.3520478794719888,0.8236989568576856,2.608548659063087,0.4776846735955407,2.9600210081822365,1.4057054534781253,0.4422273035712987,1.7020151748652212,2.783764587157186,0.9648960753290469,1.7656275982359113,0.4809650634021668,0.3224955798855187,1.0250317033337697,0.2903863806402973,0.7322344106391571,3.3047499142210492,0.5718095400614451,0.6747300360262809,0.8799181292234534,1.9999838710834994,0.8768967548006721,0.8353395735316422,0.6496698601877515,0.6424642654978472,0.46891313426774706,1.525131438568724,0.7996924353593434,1.0624691368894223,0.31328575060692854,0.5382974158735429,1.4082563965519912,0.6085916166875863,0.997117254106219,3.588106133031714,3.9014971463873387,6.598622350687855,0.2659924888913088,0.977600559084288,1.7721710434144706,0.37675571768301225,0.08656719369077637,0.5388851479457792,4.124207270254792,0.32499455842897895,0.46770065683788475,0.7968287247133613,1.031952506135411,0.23211161839039118,0.7732234340813993,2.5799329473931256,0.4553534556176857,0.7803774673332771,0.9206501111427161,1.393756467465701,0.6658840787306061,3.2920976960976,1.491225619303134,1.1601585506822132,0.9948601020967893,0.07315460682119412,1.4652049660478677,0.9365589908876824,0.21259802748275147,1.9260526217090477,2.051008293308602,2.8459253350302665,0.41911002922201557,0.49375554911891584,0.9535812050013732,0.7869808775159101,2.4760429215353295,1.0735955071465086,0.6325297654551543,1.4555678023228995,2.4975221209726586,2.31284923401823,1.2133720103594503,0.7844272621464333,0.15371512077276317,1.306046420805171,0.0476893760276087,0.9684579193137403,0.9157882326037664,1.7388731701887283,0.9434786693689754,0.5899194821377476,0.8143565654265407,3.8366958541428895,0.4151838512216839,2.3852808142603976,0.44750388806106867,0.5715131927604811,0.676968625651392,0.389339590329259,1.6703077458127131,0.887759967319679,0.39257286702958116,0.6112218918808543,0.17792007931076892,0.6825300828363483,1.6240392470974814,2.1198910816359806,0.2677139446173688,0.5658530450996554,0.7984077314709013,1.0552469887318865,0.8705513553053159,0.28071880385752457,0.9142616700278123,6.6579290560552415,1.470459864052215,1.2363964860616825,0.890237951856824,1.8345051841140931,3.1861149481655753,1.2823973498106505,0.7367412471444181,2.1001162939542755,1.010049168626086,1.0117137238248317,1.6882418543082442,1.9673491058723744,0.4082991546324348,1.2614031276657236,2.9021586106012074,0.30796199410163216,0.4937911955667619,0.4740022006854461,0.5352328028661173,0.8114908164925834,2.006620901314378,0.4325848095111535,0.06391562046932164,0.36292424993469097,0.8484529003282808,3.1231355457362273,1.020313557442915,0.5231818672344222,1.0318011779127056,0.7757009519603058,0.5341589328535153,1.6127094629688532,0.28351518076291693,0.5838524793995546,0.8140525615095626,2.044828156023484,0.18178412648115072,0.6875086682772658,0.48652611808326013,2.0553002378654988,0.7372122344560255,0.6901117122129972,1.88465973756482,0.9330359519663951,0.8498204776201752,0.7414290010987935,0.28531463352882414,0.6246455400261279,0.7426370378556787,0.6694141349100198,1.2788220607134575,0.5909334026784916,0.5473819818781245,0.9271654541395283,1.666150332478022,0.88242537295591,1.224057123399515,0.6331013833078687,0.674455615007068,1.2872325353911334,2.5799172089309486,2.728068721664967,2.533202606636956,0.495188076392743,1.1617918159607223,0.04235464763803187,1.162585930525356,1.2814977217842793,0.23003643372476423,0.5381562165916258,1.4935675837755806,1.4619402759277313,0.33910395291925166,1.494072527554483,0.7451473088641563,0.8368612808650889,0.20599070151916843,1.2298481381556572,0.23379621024609754,0.3587313321911712,0.45033816558021744,0.33158700684928555,0.7029508947530949,0.3580976312310067,0.5176071551570904,2.0080620025354907,0.4194359263541896,0.3669870937926938,1.226909206846236,1.2665897309307832,0.9154371902225906,0.8842003779968346,1.1950340485382733,2.7457446856076113,0.7842821383971025,0.6311721811489451,1.7487980020858602,0.9158445442907442,0.10942584606267786,1.1248515392866547,0.3315853717136865,0.280240802406017,1.1797489539812747,2.3085056079495128,1.2596756332672483,1.4794084334989521,0.5366597240589612,0.465912487983231,0.44438105655259996,0.30563593090013474,0.3656741450845086,1.5137320587445615,0.7146031396716066,0.9539631876452412,1.4427044388152168,2.393999673232883,0.555594572747525,1.4258967449113489,0.7541328230954685,0.6918694984272876,0.3661641552734004,0.40915762256122845,2.7323564167587597,0.20091592115582513,0.624266038111617,0.47075794350273426,1.031171925710992,3.0895401051475577,0.06276439973210368,1.7552450791234535,1.3920510669115047,0.5359051348841913,0.6756976806066997,0.8305981112107381,0.984462100976947,1.0099010491942468,2.2130110288973146,0.8292330725212045,0.21070338692735424,0.24098809164717494,1.4741387614342591,0.7142941427376852,1.5685786315387338,0.09708196630168428,1.1806729762341264,0.4649358150739554,0.6384798534569527,0.6940677304593579,0.58391779728597,0.5857639047956549,0.959082313437547,0.661736947334085,1.2708350647376492,1.3483433788052195,2.58974597242282,0.21874433261936987,0.1831164186921874,0.7387555541611199,1.2958594488068487,0.42350108012166354,0.18466826866604658
"((4, 0), (1, 1))",1.076669178497451,0.6041492653774135,0.15867153176488413,0.6517086073811837,0.2729502077482182,0.7938048240776461,0.016452841992575018,1.3581661265631073,0.11468918496774316,0.35167569523224285,0.11022152800350282,0.4796261944829643,2.0427354031908687,0.03340738275475963,0.12001249753187082,1.4145917464151427,0.13588818007391534,1.1887619013136372,0.23640555923946294,1.3694131021159603,0.3787613642359666,1.424206296220515,0.7914316287672492,0.23378275209332644,0.684829890848452,0.09921304273805087,0.24866093771841505,0.7477810289645143,0.07276277542469867,0.03383088242094823,0.37736732479682256,0.03040337577873764,0.3001180131594515,0.596249287140092,0.7461162083934334,0.07028037824433264,1.7765840948362195,0.7958560470853921,0.47253485044808685,0.43740461045737233,0.08953505213534574,0.485415411748069,0.2755513118548283,0.11938873425859553,0.7181495377437233,0.02733956465634524,0.27431755048193907,0.2353004962154528,1.9072773934697766,0.8497859615135804,0.8688300536297028,1.1687610105243822,1.829408589503403,0.13787497421121864,0.20120331655466694,0.3290003921867928,0.012649480182889694,0.35571433193364443,0.3133245205382007,0.7125929202530603,1.448965656818901,0.0034493500671226585,0.4102781683554355,3.6351138718054066,0.5004542613543999,0.26226953283597965,1.0032112907564703,0.15804869301178814,3.7458045322347124,1.45639035097713,1.5068006821908682,0.12513061548061377,1.1094405089726085,0.5137137310258946,0.005104923237921888,1.4652410152204078,0.5089803552670658,0.4193690810167059,2.00458045598166,0.2566729268783545,1.340733763917758,0.4221885943668058,0.1292464482084552,0.4057035669771851,0.22616616989980676,0.4354257711966696,0.5278917960956191,0.14793950644443665,1.1164811850309382,1.125666531286517,0.0536548170442368,0.029869461326709867,1.104239590503206,2.8130301896872885,0.28662396585631644,1.7895096231572447,0.8668265803078121,0.1862971914450422,0.8822307569020819,0.03243195023611989,1.18186496418807,2.3335200628500647,0.2651086797825377,2.505262986222593,0.6730088979008595,0.21555279106328684,0.27753801285860835,0.7229213794348586,0.145182128049143,0.5363621784362507,0.3917324898204497,2.197297499142559,1.9031749790026096,0.450396542505636,0.6141612526020761,0.24274545958658988,0.44451950271437735,0.985350472105408,0.24691665977912436,2.053989809983738,0.4133763059118445,0.04786239178172269,0.27375825260767983,0.3162020899770811,1.1681399502651462,1.0621843857826647,0.013312688634123493,0.9871554539094185,0.014004085652340681,0.6472670974354817,0.23021805945809554,0.39059698124914477,0.27795106868422237,0.282896915375366,0.5892524765724414,0.3345233118986317,0.4921388040598962,0.043698098968358634,0.31600397713376116,0.40084865203366904,1.8602722707405412,0.04342287323823646,0.24048276908502864,0.03818401006559646,0.518474309333377,0.03909921077665546,0.9522398492938373,0.046080221222637885,0.7003543902435261,0.11392949618757353,0.7623811146976932,2.184208013599335,0.24217234681101107,0.37627475046364,0.64610951215364,0.10324901175208434,0.8124485263447634,0.04296829250084988,0.8672129993877091,0.47068788111148807,0.07237039039829751,1.761850493343058,0.3272821966136247,0.47515938772541066,0.0982211728552369,0.14374136520507497,0.011090430084986114,0.8977201656767617,0.19511426893960193,0.29199038696216667,0.0475441160887764,0.661227834762047,0.03223985231854609,0.2582607616250472,0.312611868451266,0.6283207293119535,1.0549568646187772,0.4108927463779417,0.24562358804369078,0.38239147699904175,0.018618609466447555,1.510213274247302,0.6054813888265069,1.3795452409223667,0.37094871623852443,0.8722303263385256,0.3312218232159778,1.1753869959929615,1.332127477481856,0.4826377091525771,0.4536762851652554,0.10897942832351326,0.10972297517965557,0.4476337234729988,0.06048440541168654,1.1739291659256592,0.24435326675236313,1.62802585027773,0.5122031093159736,0.03834125874999317,0.1144835019071514,0.2228626296588645,0.2920687314027246,0.6148343076453853,1.3231401920272607,0.24738478848048762,0.37922033194654325,1.468285564124085,1.099508239468792,0.30121143779883597,0.12842880763621445,0.6080623801246552,3.7670270818560514,1.178611354388438,0.28885925749745067,0.1530330843987726,0.10994365053965804,0.291333813441225,0.018239240522513578,0.2257429564500847,0.3952668342841432,0.16038277437968906,0.3584504943783713,1.0927137763893935,0.7541135208976324,0.5516114966852679,0.3434496101621294,1.4298142731860115,0.5201236521090125,0.0737917974881841,0.6939877207657463,1.5408059020815075,0.0840231342815414,1.2407162199273225,0.14321992178984377,0.2606763210953389,0.06354918938596921,0.3665725602767429,0.5667800993433365,0.02494541970387143,0.07645525093324301,0.20368887029166505,0.22088843133412395,2.1449708539499728,0.8359133326971617,0.15475229165381,1.6288927471333172,1.0932217529307344,0.7919155790689667,0.2184495192016651,0.9363132427195159,0.610193322609025,0.5221115883495062,0.15974778873777318,0.1600129014542635,0.4428444803938356,0.7078536749925937,0.24163320659453547,0.7960661172143142,0.6302215850270503,0.06373066734462873,0.045056904198330416,0.2745774680219881,1.200279696634318,0.03579434743461796,1.180292598191492,0.5297052515392129,0.078252200517261,2.731990902224961,0.3119691432725796,0.3568649149144396,0.39627694423107984,0.946890357742088,0.23172987436333892,0.5554545183514121,0.03816156531200976,1.2756205366507098,0.017542558851871393,0.12445073488167169,0.03349466374001153,1.2637751365725625,0.1071462940149428,2.0479530290030317,1.0724121588920852,0.7036892668119933,0.18830854970784316,1.112530674425448,0.735579431558278,0.8397232926519373,0.6659434942841593,0.10372081945113776,0.5022679919788278,0.5216559927696727,0.42734650680065167,0.8567923026866688,0.15546611686783007,3.5520688749860225,0.25534860825645556,1.326506666989303,0.007235216709642556,0.852441061049515,0.2799595978720315,0.3970304311738704,0.2479748072191137,0.09969309297214857,1.1671101065926943,1.8306988968217082,0.6871037242580059,0.24242029283014843,0.6778533004771341,0.055224224088897156,0.7647558499552214,0.7675461908637868,0.5085427843154406,0.0563914119229173,0.4513095196707375,0.39573827570947384,0.2714100146080207,0.8884176817962779,0.1644039002573061,0.8128522913169758,0.2642800870867148,0.10139062857712544,1.045843763347651,0.6938155260342285,0.4155221410680494,0.03720756685268345,1.1258429489265036,1.2320089504187552,2.7037135697114687,0.16895777956682867,0.6092642188872082
"((4, 0), (3, 0))",0.041599578187015096,0.3418995172145325,0.19103562028915722,0.02326690344970861,0.5617248045220089,0.3711734664758565,0.07887713660624351,0.008264234965252581,0.4172250709099341,0.3474967351167221,0.4004814825759364,0.004579243746952066,0.10156955070758333,0.49515307097226946,0.1352089065566534,0.16293576458489767,0.38488483550302455,2.002665541441063,0.12841206823571838,0.16948890415208795,0.08951799699784324,0.09740930794096248,0.006380724173240204,1.8705048403739688,0.038423360218576175,0.36012677861077713,0.1146937857410778,0.24295625433888324,0.28745225385842244,0.08596439654924715,0.040156192208964825,0.005366926551416018,0.09575341174368512,0.5908959419153647,0.01601352994580596,0.09004493969028848,0.07978759755048448,0.49063754356964795,1.2688950128592313,0.16599897494093208,0.7606016654536495,0.4796617073592344,0.004357442152566282,0.030888580955362954,0.26421953325997616,0.037918003808209866,0.023874129768877594,1.9437774896160147,0.047438001312231304,1.1428969532738305,0.2913370711114933,0.044302187742956356,0.4736606343712344,0.2411506817470097,0.3500641202036411,0.05207813221198321,3.7786520116350317,0.05125659878508282,0.2817482059793639,0.39209786213927633,0.32001395608305927,3.1246405442083898,0.023324521206657955,0.1696287440866453,1.0222787998031069,0.014809779746143281,0.09767327146506755,0.15598823969737252,0.507275881540876,0.506972603832437,0.3662301153623554,1.9375302153755702,0.07222252908390381,0.12452422862353574,0.2518587519303388,0.34080395742230674,0.05326731449261368,0.5270204589281404,0.3766192029576707,0.1241235534485996,0.14046514478251226,0.13131707131723314,0.2366453220825382,0.09521141732852867,0.06675317722777208,0.7977903625067806,0.16165715742282716,0.27834711040446247,0.20102941774281546,0.005628868713993818,0.1289659269358383,0.1529674367749232,0.13634185005914246,0.25706877955720353,0.8860711389524294,2.1529398572191663,0.10967468609514464,0.31328198335753965,0.1734954780175917,0.25453145872028293,0.06299686810521088,0.05194530441813894,0.1384113838117369,0.2290986248178164,0.2069519483705542,0.569711532574503,1.0756175709381814,0.12645565408486303,0.10056578709995212,0.06897718366609129,0.014535670302198711,0.04483861988169768,0.06462307695385128,0.08998817499749845,0.8496093277995007,0.38372375878874476,0.49298255304372723,0.5127939270055701,0.727482855407702,0.5696356179367741,0.19841521728300027,0.8456624277025483,0.11370225714899851,0.3391862161044765,0.16010174389591758,0.7443748111046657,0.06819767599298288,0.3013088179167366,0.003962727672097044,0.133388527847778,0.017445391663020948,0.49224565359574757,0.13182803933184362,0.1805682573220988,0.10927977909442266,1.155692639811102,0.03517174822374791,1.5070714673703063,0.5949395985316421,0.3285179197540926,0.40481202237456226,0.1238193426530847,0.46113601062115017,1.7969379024059338,1.371455696673889,0.5209966851747478,0.6166189945474626,0.024167619625525605,0.0654233733004701,0.1978124573871729,0.29524234461479715,0.026443082932749995,0.22591889739793714,0.19240511072400224,0.006775370699461325,0.7999246909158323,0.10506778521999283,0.002300213396755124,0.012747484134639442,0.10533169928085906,1.6961051594676886,0.18172854603526045,0.7404862462178534,0.11194310193184087,0.022693064951009756,0.3110650326311891,0.07804655456524312,0.031213674094350496,0.03545185028592868,0.20715447885380467,0.0059611267417771785,0.9449623776358181,0.04215692990815301,0.23773285202387096,1.1013938442470224,0.016265029098807338,0.026156701014877548,0.27314838374379025,0.16086793455210913,0.2163403505606023,0.31568399154990234,0.20362759558657362,0.04858605189270371,0.009153486530766752,0.946609928171454,0.9984040350488206,0.028206148755348437,0.38837457186970137,0.37928466739133715,0.0739267297427908,0.35767910886598697,0.8116515331515637,0.0634847298925667,0.06230811377805401,0.1888781393710124,0.055312951428853174,0.24992946854910758,0.7505960894208591,0.036872704210869856,0.6057001564817801,0.04076891489920886,0.1684314646626086,0.3895910188351611,0.054513952018681144,0.05909893267921884,0.1758397412717263,0.02769468700052813,0.2561328248096688,1.8304273098712929,1.0832086031452977,0.0185588807050181,0.013450118405654354,0.45052461669363275,0.5906137924113606,0.18818178745911807,2.823111070712591,0.7706366917000922,0.02109392098865559,0.00912094691646348,0.12980676442774008,0.2417441587981053,0.21123820416609296,0.060659122037973745,0.06153353459468902,0.15709026740227383,0.2653668145766557,0.34168126691639156,3.214694005291782,0.14686559529102783,0.15897662182061012,0.07388495912485249,3.1101092773845322,0.6423788856838233,0.5972568604585986,0.44663783201737284,0.23878099654421625,0.07930918713061996,0.0026470538782699116,0.6254071036386768,0.29446560329382665,0.3520380387663202,0.3520107031143196,0.046605622304298766,0.12533618721879014,0.3324336199314124,1.5164933066919164,0.09119512730790258,0.30709628070137684,0.1521023847904046,0.6210319017542747,0.1963160904225022,0.1730307052150153,0.2598789802579109,0.13351011920830835,0.45067182781671644,0.007986607495036768,0.010120834951997337,0.35975116808309315,0.39470448953241233,0.5531991237177311,0.6653345909406565,0.04106000254090447,2.382705965523065,0.0856244228390346,0.17252703158520566,0.06886457324086459,0.10641645719843584,0.6769528997703795,0.0961229697264534,0.1670959139729744,0.5734260898179981,0.29190325241187265,0.27742440956402814,0.025233250502807225,3.627254766952907,0.19339614601415933,0.03729770321010517,0.10429972342095795,0.006491935257274706,0.4382041897187232,0.25854554481308756,0.023265109495381964,0.6632826296854195,1.5160641934927672,0.08678399530117265,0.2240306699901562,0.4277867738091553,0.16539405832645215,0.20391610065418375,1.1650121173196768,1.7057308520253769,0.2987357486397777,0.3216963978920937,0.4896266079980752,0.19883656466041066,0.019826270675707747,0.5183578505151615,0.5300458601523435,0.37427160969820084,0.2005656140123455,0.8269013358144007,0.20830044129983383,0.3401498859435581,0.164585363079626,0.2711973686072826,0.36605645536740794,0.2116023383076353,0.06143235979627104,0.14210494297176535,0.12176643524642206,0.018792905891733325,0.03650521144354657,0.3514106454127659,0.005291592813490231,0.006488221592997334,0.11617196782938732,0.44173670917404495,0.10331121173175772,0.011352277450691284,0.2267445370064205,0.021605060950066424,1.218364488144959,0.04136418566417266,0.5591423274016609,0.06480066115991012,0.20282378911853494,0.029441395213788635,0.025364362690637854,1.1867434601233247,0.5315790488754994,0.22961765327442896,0.13557093725095926,0.26092127796131903,0.2977984313431883,0.08033247709240654,0.2795803327825609,0.047092501167350864,0.1356980394288132,0.5677810741718793,1.1656071923199294,0.33375304668278827,0.22404397195834957,0.33196937643793745,0.016452350282540884,0.06256859245524538,0.16427306519957696,0.4844147180210219,1.2879882108074447e-05,0.30861148838117414,0.8809604089436764,0.4772048697384701,0.10887865136174302,0.040723216651647465,0.5068429408167071,3.1849445790360678,0.06334022667866268,0.0455276900851449,0.4611641570101408,0.07380625053822287,0.11605943400606455,0.10039088441129951,1.0157569806876547,0.1733335547635137,0.2670925746121186,0.34188654449081035,0.43531805513251176,0.0937486243769814,1.5107087614260974,0.24784888703028862,0.9853049391577926,0.35102141095040207,0.20664483754448293,0.4845743192742362,0.04889267550877663,0.22368352250155166,0.1047679165227745,0.11696508123008476,0.5033096591026491,0.6816596759848716,0.15322450928155074,0.2778028050580783,0.37109727130144265,0.17661227484375197,0.9074051672255818,0.08134098129010647,0.11817916429153152,0.3255692436060009,0.7416082571779927,0.34991591090907437,0.037053390768893246,0.03147997992422602,0.09660544812771055,0.021606023853813383,0.004902477608115685,0.05724770174458449,0.002139918796865037,0.29932773337165974,0.2788555097103673,0.3786240579288731,0.5713501392480898,0.24084867634096208,0.4938876323392154,0.0666524180255661,0.24298372708724192,0.6561701652240381,0.06686484209200083,0.0027471536578614897,0.20201742429536962,1.9578030474562071,1.4542670446338462,0.05292589906299128,0.058872912897038,0.08095461529097903,1.837538302530809,0.03659375725701863,1.3576622950737924,0.17217505789544818,0.38768122592069476,1.7756364721159954,0.0057955889963692275,0.06196379399858465,0.03930370130319272,0.1251825426528559,0.09817460590592075,0.10112690403825453,0.2999399847196802,0.048245080479459634,0.020848646782295477,0.033980522362066834,0.08668328702201711,0.16640197766928655,0.05007958426755588,0.13737687368986706,0.3211816308134754,0.0057752928627999855,0.0664566723567821,0.206983813534091,0.6767504211403743,0.021626528007925305,0.07374214672704471,0.38005277600712617,0.6693149850337605,0.7184487930329084,1.2015662317159155,0.09087113512924283,0.17638837276494734,0.02367957021558187,0.09974862197611678,0.981726591692602,0.19254306862999093,0.09325630571404031,0.3417282719075496,1.043843360967778,0.5122293698912637,2.235874224666495,0.020442030346816686,0.2423268928554343,0.43393474499849083,0.17094665257754293,2.2445381531109128,1.802244970820046,0.1615744911945738,0.6855186524179578,0.09618474520765474,0.06867340818794032,0.022421391118928602,0.07275487008914933,0.7974083816193887,0.03306463694364936,0.6130050586327693,0.08662376408962147,0.058426682170022115,0.5398914935339391,0.9762579706963661,0.050186366444074926,0.044890420487480265,0.09125776487046822,0.10558667272707378,0.14442678348006266,0.10973989535005413,1.7481025149417184,0.19116545886808556,0.08352407761555058,0.3941918193074927,0.13226252340305678,1.842804509909441,0.04129182181802671,0.020700439121680958,0.15685180898847095,0.34015637323459913,0.07776902573007227,0.08323790371124573,0.39822436013122187,2.738698413806695e-05,0.027891021393458337,0.3149026673848857,0.05041708000220724,0.7668349584030807,0.20670326333963707,0.07210962645077035,0.1985410704293914,0.5407373451945132,0.011129651097813387,0.49539900271366294,0.2021698447643978,0.19430269449288762,0.20071275301646518,1.077407570907375,0.0930901347789268,0.7019928389781838,0.034183695444867546,0.016303350748320122,0.06230817651034548,0.21375472072387236,0.021463518710577056,0.190346267115594,0.05832181659778857,0.21516321885211787,0.04780807091685291,1.0579850323818114,0.048050551709750255,0.571359218392667,1.1176463292220356,0.015754388494159777,0.47297636987617286,0.046145583492457565,0.8178902010515987,0.1277537760154056,0.03763680303317707,0.4020522622927387,0.028973866106853707,0.3541055192093492,0.133745741908043,0.019617023159005376,0.06991373441863835,0.17636140742283324,0.02296958199986615,0.0025189775361598166,0.014579457749411107,2.936244254612478,0.4972068206979017,0.16826965880389855,0.007215999484466273,0.15742001415783902,0.47855321681382657,0.05656863060799977,0.9619931992909848,0.5472955650574594,0.3427459466266296,0.02862324788482007,0.2712894817671818,0.8950282468970956,0.04502691114384105,0.19360670701068605,0.09711621287510075,0.18034884150558206,1.4309650284681283,0.043608657610647916,0.06974676585581907,0.20283864012125052,0.05920061617029426,0.2560067202924776,2.166421116507158,2.4022145450159442,0.3210173293456928,0.08106844236287358,0.28221231858804185,0.41723838533687685,0.040488993901169223,0.1759804204021167,1.7562386485276318,1.0025895388007982,0.03186397464700974,0.11287122382535242,0.320776631108469,0.05734924465591584,0.06866094322528138,0.3214997615076163,0.007228267243742703,0.41590812700656166,0.12881269334106027,0.10811560328252012,0.08898746212828579,0.4935904047317594,1.9204402396527853,0.0035409899314104987,0.09892425500222357,0.1853245523338367,0.2026537702264759,0.7285272698655822,1.3400086155387128,0.12130451926669061,0.35503480945488386,0.013568121452176118,0.01736663042421349,0.006742734938329331,0.09832426955501505,0.0057212682700853446,0.3010015763105107,0.02615852069100688,0.3479794876790345,0.12467039572788119,0.32857375464098015,2.682603090923162,0.4897351745352345,0.43238747058555704,0.7667383241645136,0.17664949973864252,0.017349257782129035,0.18736404509889648,0.33365117276108724,0.023497117450369753,1.0178050456543164,0.12422300961043475,0.24060167648038533,0.0647064916728517,0.10733819336530703,0.14032616926262725,0.005714598126579595,0.2667393692585386,0.06263673607706738,0.9892045938815182,3.926545913833155,0.17701159593228444,0.020804905235597082,0.38468890519900834,0.07154719550037902,0.4240329674829044,0.5470624849028405,0.007887570275470823,0.20312915838132328,0.20841771278009436,0.5828379557651853,0.43881843840674617,0.2625682157518301,0.1626954409457611,0.30916468834517263,0.22465412538200236,0.45501071567388207,0.2319178362733959,0.20799195964211736,0.13775145359954521,0.07969649443939208,0.2598805584546229,0.15895962748353964,0.29356778470782086,0.391282105804857,0.7562701391285835,0.18813132779375064,0.5812242677200711,0.09573096927126512,0.8264989960057247,0.051685188988235264,0.20992915412223256,0.08716069068320709,0.2691498829019201,0.03751088307356887,0.05017414247666108,0.06664980780448582,0.03592850505169265,0.17010724348959294,0.7579598018858773,0.24184852809466295,0.15620041224906567,0.05973030388307499,0.583024355192439,0.1633936920653546,1.150878026321203,0.47208768101100174,0.9430617552589307,0.09911133641077807,0.23260916980250523,0.3045279394730853,0.5625962680302556,0.014174299897654397,0.015864834017407792,0.12721571673276788,0.056259097337460706,0.2996885708897037,0.04944082308265019,0.3048325034135638,0.5054411627343165,0.5247480304117556,1.0120187067604491,0.05114100925142728,0.5618335127100104,0.0635374395202124,0.009784630925627091,0.12335521929106408,0.014651525808961563,0.12280263835635408,3.260108755182012e-05,0.0030122444421112338,0.14994718325572676,0.7274919219474203,0.7036400878891818,0.09380464380988518,0.16854623970630767,0.17972626050620732,0.36030423956048907,0.17716980987687725,0.031177622943986627,0.09580250390848333,0.45016627848384716,0.20933841721499102,0.2603041196054108,0.6740792219595526,0.08560098048643883,0.7517844162709683,0.06196179081849351,0.08945254681477022,1.1046779180390143,0.5866637853560079,0.1211425157882986,0.7192910635480954,0.1999227445591263,0.003323712749780716,0.05868063188404671,0.11166073443138763,0.85940048541402,0.019677555364540744,0.08259885662721622,0.06344685995826316,2.1461103719919197,0.6395545731534753,0.30055528177400637,0.1425626658831345,0.09140872698758695,0.19022933311708734,0.10842394955138435,0.5090704303706357,0.028174761039634122,0.5598436673449332,0.17470401441957684,1.6069736964112362,0.846394167993924,0.32272916174102373,0.4460296314631746,0.7016661997574125,0.40129538600403114,1.4407438118756424,0.10285479149230037,0.007522218316886209,0.43391366765709916,0.0037408292527383313,0.041875540288540236,0.2529457860146689,0.6698857647606538,0.4060318099111635,0.23355103517702336,0.736698505584124,0.1076291433374491,0.6502012891641069,0.011356364758301707,0.2775985224731642,1.7691482100926115,0.17608142014110206,0.1305016734397748,3.4278763253793736,0.10961535091751418,0.49536422499397603,0.19605667526189807,0.1754750911528109,0.3529552275035188,0.06420103429397295,2.4323300921076427,0.10738593313999933,0.19357017106168262,0.1868851160108539,0.14399635931189053,0.6522334897855507,0.9362226648267913,0.3722818324004953,0.018227819916902588,0.03292148314041898,0.05530434783192195,0.03925854903842918,0.2654867958378708,0.12950830914725553,0.524815817975907,0.03913004808453047,0.2653689862756845,0.03129987633135212,0.1304689810511438,0.09107194251966866,0.05564915436867213,0.03720258933905285,1.265256739714526,0.060255095186308116,0.3497941942018974,1.7117534747139596,0.26886941427163524,0.06239933891627536,0.07746929463657581,0.10134808175254217,0.9315944971544246,0.004451583401949399,0.8514871306231506,0.5064743276734336,2.3650624248022063,0.008049276107632286,0.39041153043795407,0.27058954097720495,0.2763319630472073,0.06750704710348332,0.02390489818480568,0.10722961720073432,0.07932568114074678,0.35369602151968926,0.008897062152122381,0.5359674916335588,0.8943097884854345,0.03442723336783504,0.0813785415430881,0.11577955483831781,0.256349499149908,0.08172948111890799,0.2553117659513693,0.021926655309898457,0.3478867810286539,0.010491861983640383,0.31299071518199995,0.052750208768553186,0.1891563988174607,0.13994750619362906,0.7288724453493478,0.5564813963952688,1.4067419402031258,0.2739982440004638,0.3073226608798687,0.008205247671484006,0.397112545635121,0.15461926143202154,0.33221697563888464,0.12896029349931393,0.2570850660578061,0.5611050226863297,0.11256845146737549,1.3245696033274368,0.7172383587231379,0.6769823373432426,0.263085078619766,0.08446527284619054,0.27507269342436014,0.8338222615383939,0.5073931976483207,0.8987159074260291,1.3292016433777003,0.4545444938510609,0.03713710344164722,0.010723779935249755,1.4809739100130923,0.4343114745311912,0.12307734025786021,0.05908890094663799,0.07340882754505262,0.23642765212653422,0.22462217104031468,0.920533167484092,0.13291567260008375,0.7081012248594616,0.03320376962120086,0.6119929855369968,0.12948060666419337,0.10069911702870105,0.20096328632748128,0.04059413874151474,1.8919153961470516,0.2871728434344526,1.1256847612371979,0.3628450256864659,0.11244095232794593,0.008171435080033707,0.7554342740776945,0.0528356788388078,0.08927455158752728,0.4211199827124149,0.0757564727275275,1.6829518398146797,0.33781271895637444,0.06889074967153896,0.13025707528364316,0.6913844299467475,0.20447853239943725,0.7358587961312746,0.30263978624389076,0.3741485046180263,0.7678973983754138,0.27165452516207367,0.4138379143685953,0.010394702602691819,0.6512044389762203,0.9669970720176283,0.24141704140707798,0.21867924314567266,0.20298415627791688,0.532193044431754,0.42953003528638245,0.1415005926549876,0.10610877678078379,0.15531007438045563,0.0055910169267658905,0.018951463354759612,0.006320016009971452,0.15736689541744253,0.15307711538776747,0.010475575811004001,0.13473824653407096,0.11837269927167099,0.011709096594342772,0.1444840279337889,0.17449666849365242,0.07583063601660744,0.565718842059762,0.12742493580904757,0.3114090278520789,0.17460505449259767,0.45668684595230846,0.02127036514432956,0.14486478107298573,0.08857406682688884,0.14211125710041894,0.02551319300968502,0.05815697220114746,2.484782737700307,0.08161401364777665,1.5527007888867725,0.0204083171623739,0.3992977057409197,0.40339512395064675,0.16097275625810248,0.021542377953533753,0.5257368871022805,0.5265347016718407,0.06209076916475831,0.033546899928850404,1.137312322839672,1.2615915820239225,1.1178574579200464
"((0, 0), (0, 0))",0.8990703820618441,1.4345284157469456,1.1939959477163995,1.8732166908414354,1.492723764451083,0.42678375164137716,3.285911121972777,1.5896922413407535,0.6847681826773846,0.40535074895099843,2.2032457601482807,1.021562797741096,0.9957018628183004,2.463215442204082,0.5495726923272494,0.7453953192970707,1.1848801004317453,1.6992696588650233,1.40932139286611,0.3850311716920527,0.922656356843689,0.9010077053777045,1.3631912033007958,5.1618024796481645,0.971845017709938,1.9626230596171215,1.6426072552980395,1.2248597324870194,1.094545270759719,1.7688276110918688,3.4007783532568454,0.3610312122548136,1.072098064000918,4.098543501375056,2.7357486954498262,1.3722416149592376,0.7687796360722954,0.13431807729534326,0.624256828131089,5.216510237847581,0.4395894025927038,2.419759564784563,1.1877399610445396,1.7559867910673252,2.2243132783984025,0.3038405297239055,0.28269562760957045,0.17416364264472084,3.5225962732375518,0.7694263228591689,1.3224689859172964,1.473374974214238,0.2787178522671597,0.611407531551934,2.283663769302611,1.3233872271736382,0.9738949070673135,0.6162932501409247,1.489115243918102,0.6416464266955667,2.7433111590101733,1.0240212961700499,0.5756731789106053,0.8140967025371872,0.3054513095986065,1.213675183892652,2.5715440024919047,1.111410813428783,0.6915437897268379,0.8509598191271592,1.710487762620185,0.5051413485140475,0.9817614744726382,1.665833898099631,0.8993174788690467,1.2966775761840001,1.2853772542099628,0.413241423355914,1.0796347481555708,1.2229608020104694,2.7043995081650043,1.9609302231363386,0.26400974901100804,2.607040157839648,1.5023253273338315,1.0503648076360665,0.7596895863623041,1.2236715752164575,2.0218969690983206,2.342688143134053,1.1844701644677094,1.1005230872270875,1.0596806928416886,0.9828425559436073,3.0341887220129173,3.162420069274288,1.3894761083550202,0.9767318663337544,1.7562351500579478,0.13046729376041794,0.34604550684083424,1.282796999563484,0.44996553339319595,0.9037445650929814,1.1352167719230561,1.1166527738898164,2.1223901143921844,1.5855190919705782,0.22623735505760567,1.3151969843536437,0.9905902134685136,1.3542429664720872,0.701833595689624,1.3160606238381862,3.033464568105174,0.6262709983322285,1.5911894367698274,1.429592803342625,0.6273677335919923,1.0693472379215765,0.8246934859099435,1.2338734324444762,1.1595731139206829,0.7634287068646677,0.9551162440791622,3.5058678590277745,0.5996770541118721,2.864728394078677,2.0329033994680143,0.617403076569362,0.4295036059041939,0.5217915693746981,0.92942983582987,2.171608514449924,2.2115185813395346,0.5328007637401568,2.527639861365094,1.0929431150393312,1.8061979165780402,2.0999384084455315,0.3790423925735754,0.5090960869622883,1.5441361540003116,0.34997161278923816,1.7917023129246916,0.6252815158174698,1.7989294837930367,1.1048745817048955,0.6492585508027302,0.4952930435803028,1.094567578432558,1.6669678895234021,1.9591553957675996,1.1345449593537045,0.634944360428552,1.2926536785285272,3.6555494143678073,0.17885962511386613,1.4996893925427834,2.505070362681471,0.6003566643251205,0.5064513558414855,2.0223434691413686,2.499760632393588,2.6831523889611497,0.9630696164861346,1.206285952505945,0.904723777541894,1.9135483092775885,0.9674435491156419,0.8367589195749885,0.5109915473216878,0.9847592816433821,0.7975032316670034,1.3337198735573654,2.085953804094136,0.7685745027574485,0.7972981188728808,0.5920457803724261,0.5122768622301941,3.242677589834665,0.9963268399037195,0.3625641099564111,0.9475116478391612,0.5331705462514066,2.251713130210379,0.9715108300917782,1.3934084664799868,0.576838418151547,0.6499197437996256,1.1121981687495548,2.0577813573780674,1.4965541092717562,0.9608564564766624,3.2667452897404794,0.6274402353026478,1.6719375102756184,0.6505789279064459,1.3117479054155343,1.5680054367573981,0.9131881877954429,1.0472767313938625,0.7144275879106274,1.8747947614699585,1.2341758046436435,0.7056426937482706,1.778609292006066,0.5498768374554155,0.7096893401457154,0.552035607642114,2.7584793433909485,1.5494822514279598,0.2269779733645374,0.3773875939029956,2.1872970068356037,3.0507641063142894,0.5663326855545332,0.5740906242358133,1.9050053849550261,0.5976728009567434,2.1326051817103138,0.6528165051049879,0.8069906772850063,0.6074461709743402,0.8218602332046561,0.45113622837122325,3.0463442272576207,1.1658015426884893,1.2260575729365033,1.4455386805031363,0.8638641459584377,0.7519893932406435,0.5088336761961757,1.0160965778361448,0.7506378468473061,0.6698953308902836,1.7105858063180803,0.6065788330187686,1.2976390643313234,1.2547323094889449,0.4585142814785434,2.506572484109727,0.2598169881967569,1.2567876198858237,1.1026331389386468,0.8220879315179321,0.8047995360618854,0.3171536522400973,0.9777895502144651,2.8672936530168145,1.0503440478055994,1.2724533070267479,4.461198626265258,1.8972188681054096,0.5339245136974152,0.7899065843748222,0.7418697295289214,3.653882575052945,2.2826575569306438,1.6446086901655215,2.2859365401664826,0.5792835056643502,1.0423651932388038,0.8250815159829911,1.0335674829859967,0.48077337107381735,1.2996366044033982,0.710241335994844,0.5195088896606053,1.1684590818925218,2.105732863617467,0.9514411083798837,0.2817376271289649,1.168805238961629,0.8508270980988029,1.093572107004146,0.9079644787701157,3.6819771838425708,1.3971700876080528,0.7723117417821515,0.8534847989363725,1.9530684798192057,0.5963268679640817,1.5600117418296986,1.8071725812257202,0.4175456538815872,0.896966363685534,1.492214417192813,0.7398773587207016,1.6568921374345909,0.6003935362282823,1.888561269984367,0.3920903414279524,1.9812648257351162,1.2631246415910558,0.5996211548807955,1.0291074338496018,1.0960064569711645,0.650202125042455,3.2235752642259317,2.3463470880304302,1.7806997150032926,0.7989288895943475,1.3512100500984547,0.5680684390617541,0.7492540500796708,0.5786969565573754,1.3054796936925126,1.3443118493992259,0.6227682314027498,3.115953367848484,5.706868572091209,2.045174720538314,0.4240722762331418,0.6780667432594507,2.4896074000929347,0.49080501198104143,1.3041249051987098,0.7480438963408179,0.8941160448246821,1.2945242589668806,0.4266106147509977,1.3614229843283285,0.5189756316377668,0.8394240573527672,0.5728480790643229,0.4713265539915924,1.8932340296830668,1.0538195947536373,0.6081462823892434,0.9887956694757946,0.8371515968970676,0.45451785398314015,0.7433865521509094,3.791362585102252,1.3342459874857313,1.9989875318811525,2.413393959714166,1.4593422418906947,0.7854484475544965,0.7042540767162039,1.9134831788799347,1.5306324930113129,0.8382656989440206,0.9575333757864263,3.2302612903919243,0.4012166225443725,1.2180250438315414,3.7823266936561337,1.9354771973943932,0.5630527520752512,0.5144394032080246,1.9953368780835845,2.3556433221722055,1.1995923078362956,0.7023892011653429,0.6791270627408922,2.3822710969823637,0.49213416907304075,0.7744527302663035,0.6527229138718085,0.9237114091965523,0.5811408227590077,1.052339324413945,1.3852850550347586,0.39387379160169456,1.6663215937615066,1.0130429717052172,1.6918829766543777,1.3436418805508477,0.40579038003746254,3.6356508876948648,0.938911140900009,1.506463451594951,0.8407464569278575,1.501513584451935,0.6227190316766641,0.3867538162459671,1.450849968697595,0.6365140577582696,1.0751236863170222,1.6827486560045095,2.5482196945192177,1.6153751955136495,2.780407634594867,1.3931233467957453,1.5341799034048325,0.45932675345131735,0.4120663839420827,2.016946838496627,0.6200506911721144,1.319778818161128,2.253202818161756,0.5240072594155163,0.583922462829378,1.6112717845455367,1.1351822900147819,0.8145794172288516,0.30253381123637557,1.5145903775630898,1.9086340494065202,1.1766362838198734,0.9116672872574593,0.9194899798104585,1.4020313072093256,2.472535313466283,1.8063535881892017,0.3428005365263128,1.588403664566006,0.7090707635947742,1.3464509051599716,0.846358617240909,1.6503444439415076,0.22763224348455646,2.204959187973711,0.81489312620006,1.3088486990686952,4.194229920269311,0.3880827265424062,0.24577164955099295,2.3635382659162327,0.6366704400121317,0.3590696737187404,0.8261825933451469,0.4965172400183277,0.8996551930219545,1.910130756734948,0.9282096073139926,2.0561881529231805,1.0582360516102163,1.326474715618104,1.0584010151502603,0.8748770014701404,0.9192056918985213,1.3319570172865165,0.6809006933676137,0.8433203372075389,2.702699431843457,0.586875719532203,1.8199358104112189,0.8994904381839549,0.9476120290856972,0.5154826433687004,1.0269769998596054,0.7271205244681092,0.2554427286365454,0.7510668320960034,1.6227057949385562,0.3853210476687906,0.47500026556373787,1.2660808427846633,0.5607369624697056,0.6705766149988766,1.0607811149106174,2.42065166088901,0.6094585211438495,1.400730978264553,2.049145418867533,0.7237759807580475,0.565221991847499,0.9968958240514377,1.3144994267214878,2.1909661503616276,1.8707753942856478,2.4098848933887718,0.2563181649540706,1.230872174188224,0.5062483317789842,1.461726015430427,0.18190596284499952,0.8661256826220616,2.189776976359571,1.2028685573524012,0.6185306882441591,3.086908264424492,0.8548209956356736,1.557802858937176,0.9560247512834279,0.6324143296202399,0.8221120070566328,1.0632226230791026,0.760437309220549,0.6566824064638204,0.7839775244426366,0.3200721974066578,2.050448748682172,1.6311707910068178,1.3356334763038,0.6796203088452064,0.8022137940871444,1.0768931543608615,1.1725292303891086,0.9715669702368219,0.5147375296029065,0.29777497333382863,2.0225723168804084,0.42024185217795185,2.460763589138586,1.4142044514397019,1.7465242629999322,1.3920079404372265,1.895741337893359,0.42563889774083946,0.9150479394105028,1.3803252666610961,0.47056285869828485,1.0012523261743445,0.6817524498103184,0.5106794133828296,1.8421471327952634,0.9707476529568282,0.6774666840652919,1.0319643306682225,2.060826441022144,2.0858823480608693,0.24830304751454196,0.5120306404402772,0.7894562835309777,0.5340643915990106,0.581704066285363,0.6481240284764656,3.2862347042540963,0.7817154681422186,0.709562964194921,2.5607450434671497,0.9160965389944216,1.497304628645443,0.9378593671101467,0.9652627043367216,0.27906386461071936,1.3452501792844327,1.555553332528242,1.693534358030084,0.9654721639076597,3.5732769751082767,0.9274269696497508,5.475003979468267,1.1586715480652332,1.7741614456188812,3.8818254393066143,1.5487312948371226,3.2944287577911453,0.2428155821079973,1.247656591061863,2.42081141137504,0.6409686210718075,0.5115397726363999,1.445324523119673,1.9187607287807564,1.865043679926205,1.5203478458477955,0.7777961029708957,0.6923883808414384,0.5020351369718968,0.8634808940502092,0.2631478556068273,1.294917183695384,0.6438280782591712,0.5216196343151225,2.8882458406110496,1.2578557635889889,0.6364934046020337,1.1078220547597117,0.518627218874216,0.5820180856267315,1.4981894140515752,0.9619212915058276,1.1743621846299839,0.5074014625648228,0.614019716625056,1.0748312390158812,0.80799713790008,0.5969530923028843,1.0942615752318352,1.576915436839099,0.8249110161328884,5.576459101562989,1.0410281956863185,0.5621442875752809,3.6341525356373947,2.062838000489954,2.501255715090383,0.694806623778697,0.7047384738042478,0.2076394236132304,0.7037906145490969,4.570731204068572,0.9763127891176665,1.946589948884507,3.695815835123537,1.6562881704613353,0.7074288997660924,1.2919829138779766,1.0674477970695735,0.4857144491857765,0.6394505656484994,0.7636605251826698,0.6938002682612376,1.1137808428769902,1.056862246698523,1.4828354707506188,1.8900128384214796,1.9636449355604877,0.5482627786306211,0.7987053145885312,1.3151858739409792,0.8921877894368603,0.7810516282074517,0.7448454128868724,1.3844060260848634,0.9094299307687435,0.5147871771346808,0.4688169384698,0.6047172418236789,1.1553575090525954,2.1470131328491298,0.4965381342381748,0.47907988623392495,1.7060213023436401,1.4904769738918273,2.0513671258369355,2.1393280916850865,0.1409071546361448,1.213095987100722,0.39502770884703764,0.8059210865993955,0.44920004152234483,0.857498251060713,0.6786073243083255,0.507440874667593,1.6316427285975523,2.4957026860926295,1.0692351396762394,0.7350543436208449,0.45688339929653254,3.9029421659945958,1.3712806542878293,0.5208214101703722,0.5623328511989402,0.4524067491746827,0.2134650208473074,1.0407472879269657,0.9837722963065632,1.6836649006087958,0.552270409185492,0.7062437444696386,1.7724795478517046,1.916738210873448,0.9442510785409732,2.9860469027983974,3.4638671385471165,1.3100187610196685,1.6690250725836278,0.9941772457368035,1.1803581442390492,0.3042543678060923,0.66808751622717,0.27788885956417547,4.579437545486181,1.5813307744297322,0.5939109891921263,0.9398174124556304,0.5720492064150108,1.301213561197119,1.3026950355094788,0.8151324325342708,0.9520285522184607,0.7739502398144533,1.10007380230307,0.3877921786328684,2.9275714317372277,1.1890881762268148,1.7897500525939218,0.3805018366710811,1.0668740814930353,1.242592019272042,0.9373583206346535,0.23595633928041476,0.36181936858412633,1.0490650805161938,1.0166711391022671,2.0008274697366186,0.3966482722436038,2.1913480733173714,1.3595599274278238,0.9759041750416287,1.5743895130880823,0.8828087858667818,1.6245113138134664,0.7568925190664402,0.711913236290134,2.6527167893865977,1.5349224269742947,0.6584453573560239,1.6206717706013807,2.8529701262406464,1.5818072263077105,0.5853785456157974,0.856944854986678,1.017288866647451,1.1790671150733414,0.4813858619390715,1.0782102618818359,1.7840896533439257,0.23869933691931197,2.4527090293263827,1.1918247649146,4.387153999798475,1.4656562376573137,1.1334570074316759,0.344012143934613,0.6844718720980459,3.3306579492711603,0.9350563775386789,0.47365806234148433,2.2766948779304492,0.622870100534912,1.6372914377113756,1.4831626642402571,0.25114142574858817,1.122079082834268,0.5251764196468046,0.6049067385015867,1.4181278539827327,1.5139455851084431,0.6698581029603765,2.059177601580963,0.8727437769388251,1.6734774164311317,1.8822581689583116,0.7907508528443005,0.5967281312197954,3.523425346912352,2.3284118752525815,0.42124440876300373,2.1592684856018822,2.063941994942593,3.4100080174602687,4.749743992028335,0.22603360159509295,0.4041200106568303,1.8940599413635466,0.3268968806473597,0.7016138301240712,0.09995080231214562,0.7990506161743973,1.5977285299570039,0.2854044612725314,1.6306651967483117,1.3276802978943185,0.49144176236815906,0.3437438989007786,0.21126052928053446,1.4078545744023339,1.3469322548063178,1.8609554782465234,0.6871932024272993,2.6528224797874285,1.700862789568982,0.5171304270145056,1.9399633236407248,0.7566739401080619,0.5741218615306956,1.3309529600918635,0.8271398526398571,0.9521439907633984,1.7799811275338886,0.7982601629052186,2.741582643687641,1.1370448540256057,2.2524316227533987,0.39597053241544317,1.716256304816283,0.7152600119284253,1.0802590301419095,0.21597897701753582,0.2568199889728203,0.47790008976628934,1.2653385484967743,0.890482672657661,1.0821702283235153,0.6509515614940637,1.0723792033423398,0.8389833578646497,2.278290652774733,0.3142373344585405,1.808488003989987,2.358600245625604,1.408767758991735,2.4675612876421957,0.49548254782449225,0.6745675670885303,1.8478804979998904,1.325800076186733,0.2913104178534039,2.589174319487918,2.2590379012786683,0.6754538898183182,1.3721089172453773,1.620264501749521,0.3028591395379432,0.38512686855929923,2.0871007559318793,1.6536609131775237,0.15954831644358858,0.8411297102692439,0.9787521480726391,2.1790143898361523,0.4534204448320901,0.8689408489751602,1.535848851207381,0.43751670754667177,0.957080818409439,1.0982554665360407,0.28935141941747533,1.4408329633598647,0.8907037862894474,1.2386125364602596,0.7736479299534976,2.7569577989547556,0.7517277873980689,1.9867846819249488,1.0253494880372476,0.40542367099638466,1.2383621737515567,1.1104831078778215,2.8795118969441167,0.8547588417208598,2.1574211692700582,0.7751949585856392,2.2874144269543013,0.7331308392456086,3.6285607318495634,0.9691614409580036,0.9044998292211833,0.8183532219875996,3.68473798804131,1.809689390088278,0.7041423325412199,2.4149140075221,1.7111386825876527,2.426231444182417,1.4210369302211412,0.8781845733997389,0.1932751929210141,3.025082094513121,0.7773399530600483,1.1552157713232183,1.7053913823727622,1.1000893404183447,0.8854881698385588,0.3311615627239582,3.3620439947217835,0.702112215029949,1.8216815880493085,0.38492585275236646,1.791896757204919,1.0554633264808735,1.9113270291265139,1.3253211031915453,2.223087200091565,0.5755745308975848,0.8511818746979413,3.4355201986425974,1.4023460046071592,1.6859556868752765,1.4125362278500622,1.207408470222893,0.4426468220793132,0.9823580315846601,3.008209672169629,1.1220080478989036,1.0783351538568364,0.7680632117506987,0.636374983642146,0.8726107812562505,0.7004478417658622,2.3025974537804763,0.6757240119377175,0.6473945924719,3.159601399998453,1.2119094541643185,0.22456123214597157,1.1416824139471862,0.7163820629740263,1.0409414489386393,0.6152480042367372,2.4940798606581605,0.6380173654912384,1.5236727278081459,1.150642336421428,0.9168209008404641,0.40914362987054764,1.0297126659756128,0.797352182285211,0.5422082448934514,0.6002182041112014,2.164068744015672,0.4304681427068471,1.1432128483988464,0.798001406411234,1.7105356356500574,3.9536543741026615,1.7984430961366544,3.450484904542403,2.6006757435540897,1.6394160498904307,0.6247463954152346,1.5384725878810448,0.4142674008722923,0.765068353342953,0.43258234045164673,2.0581088345892127,0.6924647273003983,0.6282711219044056,1.3018611305531231,2.2415814314835254,1.0378334218783685,1.0004860872227264,2.2840508517747495,1.2922624002290146,0.7955257101445383,0.5637968189384697,1.5388127634937216,0.6544814261452214,0.48914350888921976,1.5864907016270662,1.3748955203174578,0.712157450810823,1.355026538886859,1.7110483180839098,1.664668955110024,1.7868355454115774,1.006128632954721,0.9298486750031005,2.09055631349629,1.2348828710918767,0.6401375690282316,0.7317096984170391,0.9613004025433785,0.610474328503752,0.5668842531593137,1.6759847973644502,0.8688404600185122,0.6510128662368857,0.6880249376240359,0.9461746430560782,1.2918224389896453,0.8518578042214747,0.7666729619618714,1.1201467796700801,1.3066882897321714,1.7230267201243215,0.2807609657873269,0.37796892822219585,0.5456350316019153,0.5389506346122878,1.9363421084640293,2.0389999343782237,2.81934550638001,1.5090786369974531,2.9888373476702053,1.5158018949285341,2.5347306602038024,1.697362907981684,1.7542879420940924,0.8978938099030804,1.3006757240032307,0.5870230684711772,0.6980684290809825,0.7868704673816678,2.2258437414763836,0.4176416177966069,1.045387210140576,0.3570467210860646,2.7742602560293377,1.0248546469866904,1.13990481361948,0.5576678797346097,0.7300546942156703,0.6873318540055521,1.1396383166811956,1.6424083462444472,1.9294347762693902,0.9412446741360332,0.36382023778341377,0.5453439481971354,0.81160361760133,1.6441746419550765,0.21995132061474632,0.9113267664207972,2.5731819573682873,0.9118849086168148,0.7238311348835972,0.6826259675568507,0.7141960161385743,1.422452682672972,0.761421176342003,0.7672319363686886,1.5881540634376106,1.673458511815306,0.7449856189244654,2.079265659421281,1.4192032473957124,2.744248456389897,1.509944305759401,1.3539117069400215,0.8309061881703317,0.29151364889054615,0.8192462584788535,0.554726228439497,2.0657091315300784,1.3604060177106558,1.6512893757376714,2.55703282569462,1.435084812832419,0.7693425502970038,0.5710524042008783,1.5865215879972494,2.2438418930561124,0.5686016538549067,3.67826854247368,2.3846403409186343,3.0283541411273496,0.34377795729754945,1.4247440076578968,1.171304980299205,2.9117484644018847,0.6720413158131923,0.76043896106179,0.2677205310184996,1.0085948982795307,1.082572478392485,3.8559269242392245,0.8266805482978136,0.9367876884311483,2.5808695894201343,0.6180101202086747,1.8652673016215924,1.1651533688515832,2.784661568178196,2.148352471745369,1.1347941593968303,3.190168334573325,2.4522667030284264,0.7253332449617695,1.7229411843692626,1.365472058728482,0.3511073464696356,2.661764847987638,0.35211699576199657,3.3929040268845068,0.23742654166209712,1.4890940509219541,1.5964558025751563,2.786821457677451,0.9659341299192901,0.9343908360907988,1.4865284999354813,0.9816267471896657,1.354752153821373,2.010617033231188,1.8695086819603481,3.793312959621186,0.28443570818708397,0.5068019017881966,1.4885751563444973,1.7792391427563428,0.6758307662065027,0.6460639093953998,0.2359609085695782,1.2006716493476952,0.4966622067582221,1.8646837380507453,1.3568120232923382,0.31559174687952707,4.71155133744007,0.20503920470866188,1.966861607890873,1.6398825036479463,0.5584036604390178,1.7696726767032467,0.7899308226836793,0.8948937842668139,0.38285804116651634,0.6936805313390051,2.041714567863245,1.8033596986066431,2.3331238451022496,4.486599298947614,1.1071299159725927,2.4040032225113435,0.5907321277553967,2.696244736710996,1.382693235207971,0.8999090252010825,1.3713587713004898,4.894060650790764,2.614964219073097,0.15378443395262953,2.5539987401568025,1.3297113807967884,1.2114347800138217,2.0965723027654364,2.026676971527335,0.9773077006402264,0.3475222128289136,0.8079691099379664,1.1820111708718906,3.125144492897052,1.891698285635044,0.7826025542681748,0.5602547440905875,1.307859106393492,1.265781239844401,0.7566367096561437,1.5740926761869933,2.2221768957176744,1.6297122293802282,1.5656441040860913,0.5844909067662082,1.0775872307554089,1.200777779362915,0.47268224909330137,1.5605727144026533,1.779959065794117,3.033395218663695,0.3510067242969839,0.22874112177204903,1.5108315455274548,0.7772670882400945,0.8392521201941044,1.405047881473758,0.7510789265619017,0.6391567058504287,0.20903162865767685,0.7582865010952702,1.1420723272488829,0.6153950707361455,0.7985726229485521,0.2894306368152303,0.7346311633565246,0.7254095339247078,1.303142552840527,2.0569394355174477,0.8031483236607876,1.2076624501452136,0.9149041686780502,0.7035988936716953,0.5396121076901312,0.6862861962406638,2.051925231086212,1.2585544916024891,1.5677684812171335,0.8796751340367057,1.2106258977823716,0.8184344526596334,1.7606570899209903,0.8176212058350332,1.88596998444078,0.5059943523985109,1.5845209446624893,3.7133998646562776,1.625291829073185,1.5530771331160727,1.2455023161805379,1.0255131866742695,3.226371531473484,1.0629625744307354,0.21230309519975804,0.6617760325596798,0.2938700342060825,0.8407153917655257,1.252221879301006,0.9587908651403981,0.9161534022704938,0.34587969059472795,0.7251101343545433,1.7266360810684938,1.4175585098126735,0.9963049564915989,0.2665345226324104,0.7876885748284614,0.607965513611738,1.2033183954020157,1.1605340757914537,1.813344761741136,0.21326937427641074,0.4379681944808569,0.26448186601961815,0.600099158195458,0.4832523831479959,0.4801657148114515,0.33831603765714713,0.7355176517949356,0.5326611423324606,1.7190234471096928,2.8575570812819664,2.0364115231963673,1.2058600599638591,0.3751900690354587,1.0396574573235489,1.814506900321458,0.6039075864646193,1.2260211900515439,0.6105382139301901,0.6646062852312244,0.590075860588443,1.1959793575287032,2.305418706649276,0.7939052412772728,0.4924708142492896,1.019854154768549,1.2282656162177181,0.8574145544669087,3.507506110885033,2.143033273131876,2.163439369127521,0.8397246305424405,0.6292186900468503,0.5368221828181616,0.5694791124850154,0.345973896593296,1.9027876558313659,0.5505431069158688,2.093553322264184,1.1483587395102932,2.382323195987952,1.027658405137301,1.0492881458224588,3.0767856743335336,3.2973407422626195,0.25061869478639826,0.29212443740270877,0.8152875207080088,1.6311815163494374,0.6773264426305443,1.3029998847076563,1.2317022720548398,2.778523436206635,0.6112333946636076,0.17163606255233024,1.1152420378786883,1.4842416083609038,0.8420206725882879,1.2657299673082443,2.1543091255847706,0.6384977729057528,1.0531201666885324,1.3245700472632376,0.9520391763179902,1.0544369753828005,0.647623812411491,0.8908115429843249,0.6201330856466581,2.8404278650005494,1.26374886302002,1.2060430456534097,1.8102978415992752,1.3485577003632077,1.458756560118386,1.6223713109775126,1.7670533604393763,0.8181195992121459,0.347374359705659,0.4391868231562326,1.7476223531837194,1.3813357496903083,0.5915100429219742,1.603811872580062,1.6591939112008862,1.3722690963734445,0.5162131437313342,0.6932429744682924,0.38747235412754255,0.9187502549476587,1.2933361262674758,0.6029722483782209,1.949845791882555,1.5836622813676493,1.3719906667759676,3.662961961405433,0.785036866409514,1.6091971489147658,1.0602585148996424,0.6923926167453206,1.9999438395230136,0.5592062473148612,1.6967066647109736,0.6724693451129155,1.0102997698415717,1.1850078743297559,0.6478331386522129,0.7948312392370107,0.37154641484267803,1.6008547629369767,1.590833159757822,0.501580240565513,1.8747754525095686,1.8352490788436395,2.6956997400855096,1.463629508170166,1.8468131556079381,2.2077036386369793,0.4040615225732427,1.9057797434002492,0.9509779279207594,0.689916832121385,2.17205142497351,0.4447576273857644,0.697375732350777,0.671322694894294,1.316945629967481,1.1866953665924915,1.843835857556693,0.7468035457802567,1.5805775558551534,0.8286114313779166,1.0308414683654095,0.5784329779322351,0.1889413779074407,1.524807464054689,1.3564683213878637,0.8870389855422653,1.4517079704854394,0.9254530473465048,2.36741379760083,1.0574992450232352,0.6089836488389804,0.7961345313669868,0.7243281383369662,0.3748589250151755,0.33968407401963807,2.4056055932026084,1.0568789256287983,0.5167131772947736,1.9265732007433547,0.65668098755238,1.26444973191664,1.4409522451164058,0.3969746380614429,1.144018207300628,0.8924628059324773,0.8443920394387691,1.7676081365794472,0.5957161170752776,0.1818516155627169,1.7029798148824895,1.3756779321379873,1.8423981624949195,1.2244034192604483,2.2577671388504927,0.45878331280140267,1.015557895764909,0.8542289853752492,0.91063619781851,2.32425644644992,0.9033556093770354,0.6441600576318056,0.8641624739556188,1.990694004908689,1.461297017410442,0.5964904748214691,1.1123305969129011,0.3655308695060884,0.7743987873526654,0.4062280685105904,2.1703166129631364,0.3799387232793906,0.339810387012101,0.3790789177978756,2.3939575360586463,0.5477613895209807,0.669741615597907,2.0438200281945087,0.21790699887520293,2.808299065005475,0.9249227199451571,3.0176112661697037,0.5614392428967174,0.42190918677385025,0.7411411047645003,0.7138646878010226,0.5471302596739868,2.491315261808563,1.376798448773919,1.019786093890138,1.8302186128245304,1.3280977722385288,2.9130336005497255,1.0771227593386596,0.9690341560270559,2.033379306569141,1.8128252083095358,0.9594882901099332,4.023853734160272,0.6393363127961834,0.39628298359364195,0.5356405713359809,0.6845404065440708,0.2789675575347762,1.0647923046619607,2.350967489523246,0.4408673000907817,0.4721319125082756,1.250158612620535,1.0728203708542203,0.9613911502278383,0.6052934184683287,1.302138786363997,0.3159270399970576,1.4023043513778766,0.8057229622231605,1.338940342776156,1.899265136256498,0.5734809912250153,1.0683887620196162,0.576286580269762,0.2499488297617114,0.7146345161678423,1.2300959743685562,0.7417591682262975,0.33045944170148434,1.1323925545501092,0.40684001029634126,0.9955145225943418,1.384270573757778,1.7934163033051553,2.267422758668597,0.5984434905781648,0.627930014645532,0.7533152298246739,0.6302527254193484,0.8844090853375167,1.4174595795121312,0.39192875202696054,0.24590421923213374,1.5352675855141453,1.2642258156801431,0.298687638483907,2.0195454535140382,0.6367466467588433,1.4705697026068818,1.1270679789036444,1.3383603118822558,2.2977528330246884,2.125303582378157,1.4467233129615114,2.039521200635112,0.6579637680786274,2.153920425815765,0.21136538642924885,0.8730984095427872,0.8995812711526903,1.1848383273589396,1.564148052992612,0.8376154132189868,0.7335056588868575,1.3934639959278952,1.2666251090997314,1.9684647217212987,1.5341428171555556,1.797821195596184,1.3908261031541653,0.6897561585814258,0.3756044290221883,0.6834059570863408,0.9767254996152074,0.6312613088435877,1.9430886960408726,1.5677630777551232,1.1095855184214125,3.899879834302578,0.8443413186464479,0.9134221303108613,1.219127854514672,1.7924868935268503,1.251254206526318,0.27181758816497076,0.9440904392377487,2.7590395724866217,0.8583439565467371,0.6369837338401182,0.3478174733479764,1.6598669300081035,0.27366336085155263,0.9336454790820186,0.6065395801942619,2.092816795988566,0.8327571186459781,0.3237206359920144,0.7077096515117386,1.3844714697944367,0.7797663792935497,1.059942216235445,2.6860685419473023,0.5884712636433298,1.0104029008470163,0.1669223306755476,1.8626637850941201,0.8469473031358447,0.7039903871701952,1.6484622734469028,1.1141168602155185,0.5041807679919955,2.1153749431728004,3.289464783220522,2.3533992776342405,0.4948693550924407,2.5148437056409327,0.6561160033208395,0.3632553804084275,0.5555906966097423,0.7206368093137663,0.7766527795969667,1.2149036172086571,1.5521466253721443,1.2088769621943376,0.6779109574787829,1.134122336687192,0.8325514321027527,1.657294473719056,1.102431037268935,0.8791971931105917,1.3559991460123721,1.3242533661704905,1.4784529230625667,1.045187936526538,1.0310391692484917,1.0842579369137395,1.7475328720573107,1.2778666393424543,0.822224706468508,0.6277054825755782,0.11880105963278687,0.35452220119710215,1.8183015392342334,1.3158404724549004,1.5635758431580968,0.528960729813975,3.798624147090344,1.4791830096670981,0.5444455496262915,1.0145898189149762,0.490180740245584,1.0688940016092126,0.8544248081039395,1.1326900114807636,2.2711092021024752,1.7515659376164108,1.739318623725087,1.3018457334571403,0.9013197732817986,0.4415617473890255,1.3018583884134742,1.4222358343323558,1.0156898022951104,1.7479654242114024,0.25903778506746067,1.839391669194972,0.7106132748389886,1.4345182854045864,5.008882412176507,1.6343754377991082,0.4123403351962253,2.2616878321011127,1.2328973292725,2.07360020556587,0.6229047992784189,1.6340778393800197,0.60003312681351,1.0352946853734575,0.5043268545678263,1.2570327288570944,1.6641661871038878,1.371045084600591,3.498957202118244,1.677099721665844,0.799465790528748,0.19208201054160312,1.230779441985185,2.831927781015869,0.3521683522102741,1.5921799346306007,0.6384452477869587,1.2989468950943386,1.510944760434524,1.0976290212419333,4.065666739565103,0.6069411552435005,0.4002220247636276,1.2632783163137367,1.0217108101965056,2.0009515093469217,1.5038776936423728,0.6959713829733185,2.05120375699748,2.5161284260350985,1.5543703266947022,3.4060179883324007,1.0701087300966101,0.5617949404254922,0.6917636406570739,0.7672215329623837,1.527903931112055,1.5187795060908207,0.3937479511302483,1.15502712144556,1.0570966309447902,0.4555976699733093,1.114145652908492,0.8235869165045607,4.423292032042023,4.2208406680943344,1.022153483093244,0.32163163097494485,0.7280697450760844,0.37185090865519804,1.050168553374489,0.8246094847194284,1.1832267315335168,1.9631380586654674,1.37130715819283,0.6645797610879585,1.6010248237382,1.1005736862543363,1.311541436489405,2.3932059144478735,0.6078778345962146,0.41864942097276187,1.5548110920645262,0.48519791008945523,0.8530056994964117,0.781117962465776,0.9762828424123072,0.2551272065846551,0.8218117753064083,1.2999066642891286,0.562636868910369,0.462208896220787,0.32619832510058355,0.4143472956028382,0.4984833847382727,0.5406800598662955,0.7497769850778752,1.3921091918603732,0.5164924170111819,2.9484356615938587,0.47664692740481257,0.929695939082724,1.1401029107986642,1.4654818976490671,0.5281571293631293,1.9526094592471699,1.2754847816662929,1.7090240408566868,1.4381577081852526,2.1172775135201065,1.3971056469067977,0.8399013482042437,1.7074831082660145,1.561268572851591,0.4627860162252063,1.9895491261502598,1.2578771757778109,1.08740850352315,5.488677456367592,0.7565305135411133,0.3778251335011825,0.8166130712097013,0.14042004999657381,0.6989958369214899,1.9144111279866518,0.9131991712965412,0.4865668006721605,0.5706784269524868,0.9291634457909034,0.3268597440138459,0.7045751268415386,1.051124539502087,3.1274302502869618,1.3068700230254273,3.6938190741871813,0.5592165957087101,1.188484427953395,0.7736784555654981,1.0696873411517671,2.5774268639460067,1.5785007423525357,1.0373027699322066,1.0108513499158553,2.124109352856968,1.0846013231728457,2.611589440172104,1.6626216820669264,1.1604446577873888,1.1436507821922743,0.7656567232239293,1.659607338911264,2.4409520714985136,1.4080189444707627,1.3086709878965523,2.319793793914368,0.6394631662608059,1.5058996518358136,0.28592300741208193,1.1468297918397665,1.3766148423164641,0.5940308834552461,2.9489634119500097,1.188009968764824,1.1207190798743676,1.1998905915250329,0.9291014025804087,1.0958437632122415,0.6102110559406283,0.7554950537944239,1.9148849836706088,0.4288926223874191,0.5469634113541786,1.0250921665792847,0.7599822713926415,1.1514872919409787,2.1742877618231864,2.235374648243854,1.6161623703937469,1.318031981145925,0.6001622531179687,1.0672762000845493,0.7361044618173476,1.9669864610150618,0.6393114777258297,0.48960019164531104,0.5149416874422574,0.9231710095572472,1.7245286234493238,0.7847044889639628,0.4064558781228879,1.3993386056888917,1.191159387621349,2.995602428941764,0.8751036066923542,0.7539163791817468,1.8765214506690442,0.30227172288314896,1.7025987916093415,1.1575215633432008,1.260996893065296,1.2454693938238248,1.4730340204462835,2.444294100143261,1.0334759358224082,0.7282353908903989,1.3411102291923573,3.5676006579189328,1.1763600989949428,1.132548132667302,1.0516917666739496,0.957359932105422,2.4570976185087976,0.7168584029857193,0.3662921906202925,0.5994991171545343,0.3930072125468364,1.117347482879804,2.4000542368750803,3.165089498644595,1.3499742358795237,0.6448998061882728,3.118137894929707,0.3274251906028867,1.2602318273613713,0.521384047200353,1.0827764732953353,0.8072202008477006,0.25389154072827746,2.6388362979142737,0.927132940843856,2.950932561632734,0.895634599796594,0.7257564386167257,0.5798138139775761,1.668290085682739,0.5945150529868158,0.6105883480201633,1.4022612682821944,1.5268786922920454,1.7305820559990621,0.7686519872436688,0.7872961403386658,1.02764756253073,3.1397807316926736,1.8059475058100123,2.380256876980163,1.6877855287868178,1.078450438084166,1.3730097628918767,1.0415316553278902,3.4514662814514003,3.245632226266314,1.6651181491559055,2.166994462973592,0.5622589037196454,1.915613111609472,0.6986753746203909,0.7664916630920735,1.1810028028654265,0.5490225957851842,1.2567916798443644,1.5219944452534295,0.905698508273191,0.5105838456669993,3.4522086475830145,0.7840608681986888,0.38163337833920763,0.9603827599728235,1.7200382344401248,2.5193615459530707,0.43810553786583506,1.8824097885246078,1.45195278418094,2.3532053707897593,1.7372203937886843,0.7111896993207005,1.5260585469349497,1.373676037464504,0.8139852046898459,0.4502100869713539,0.8677675201593784,0.7032169417907425,0.6698544033452127,1.3572509047357426,3.1294168546950383,0.6240272199632595,0.3393195813094131,3.224728653928509,0.7198751012748075,2.8384620416919915,0.9647689262661542,0.7500937797648762,0.283949166693608,2.097400357356205,2.4229261185262696,1.2181994997498888,1.206129148019518,0.22423247399379975,1.5218647000654748,0.23279257649097065,0.3345490942790397,1.996706975136387,1.292130435831338,0.6582121835106877,1.38783720671942,3.702273840744682,0.48085301189671814,0.17422153964320322,2.0083853704786065,2.0748051059667274,1.9337300026960629,0.9409692856958435,0.32495806484519263,0.8807008680003464,1.5922049488096341,1.0486913766617993,1.4231849304676873,1.2168839928862487,1.2405795978985317,2.3676706070058673,1.3026267695987208,2.5360508307545797,0.6862841064844469,1.9610403393447917,0.34888556473899,0.625405442004102,1.2891336584105195,2.19422250939292,3.4939147621529187,0.4787200124715432,0.6421155559321415,2.7245699707792363,0.8434704990297142,1.4193482097530985,1.0481418698457403,1.2501577846415033,0.2571128768524333,0.2617877854109291,4.911042866082604,0.3295688003628411,0.2884958586505168,0.7586506066522289,1.9460776611382404,0.588892064496979,0.6563450376851867,1.153513689468343,0.4817240697813535,1.0197943770985993,0.6458007551113054,1.6118880489446765,3.0768923658745244,1.0134006344446473,0.4950706256023004,1.2877184424182977,0.42466161109652983,0.5303653741393357,1.1441086923679635,0.759358901868795,4.221656243554641,1.669998668052589,0.8202640649615385,0.28004858675342476,0.8351426597887674,1.2240897043307672,0.16744314251482578,1.0011696339322829,0.4262574243824303,1.3153183833446525,0.9716622694070077,3.28595318666879,2.0030739481901274,1.0485932281109882,1.0998468051885801,1.9776753953582467,3.1619297687511114,1.6784753586644574,0.9838982633943913,2.711986980539916,0.3801235533622668,1.1203231792791601,0.8518434981753031,0.7873586168493074,0.565549231309665,1.0695195780861182,1.4033678489114216,1.1831615133704445,2.8283595734351836,1.9918647342547262,1.1052307822535465,0.565154306438803,1.342559650471707,2.1819083157274735,1.1897715895473386,0.7789543579520869,1.2631622592186833,1.5302271956798819,0.5934029854521526,1.119725776063524,0.9302368476196122,3.20605992371536,1.243797245923002,2.6747850573628176,2.3037585522128103,2.514167549269464,0.26360073402675877,0.2208080872373494,0.9088085555014422,1.7801006713558756,3.3553647563701507,1.0216325864832583,2.6272832270927484,0.3602643129846233,1.303088097879035,3.4020418460928186,2.20376723785975,1.4407820124724355,2.186852528302456,1.2386053209893868,1.9097737673079331,0.4203141706996977,4.055081900239579,2.488489071673441,1.5875039848894972,1.5293167937172236,0.910934829384118,0.9988991663847762,1.7409143534534113,0.9578450010230589,0.6454196288328492,0.9570499651304221,1.434364407068606,1.0407875094613497,1.1045451420306152,0.7977701079924502,1.8840601660573004,0.436188627637769,3.096042601658841,1.6306449583723808,1.3748142010399718,1.2154532723622722,2.2219371394785377,0.9447078579541415,0.5291358681601236,1.4949805492559163,1.0644301171464445,0.28003225053942116,0.7631804139051135,2.7016614051684043,1.2638082615617217,0.5809037207908202,2.171863510374918,1.2794725494561403,2.3513667614297127,0.49031499756079877,3.193639706735336,0.80577484850829,1.938753204471493,2.271709913427749,0.8360122764292073,1.1737102252115015,0.37994817248586943,1.4669440953757382,1.3492733039391382,1.7120578086934357,0.6114277485189574,1.8814391258645318,0.6898863031937941,1.2717427200947597,3.744788596627674,0.7498825459034126,0.9697947641392858,0.8431448469257108,1.5390754653364822,0.7920833885036289,0.9473330236505282,0.3121697330234896,1.5782975322366664,2.0929389165421575,1.6427651803254983,1.1096111900236452,1.2549119517309335,0.9345846338220564,1.6276238926768365,1.0455667307560703,1.4910446832943958,0.8679701012396548,0.7806601832819712,0.6418065197850714,2.816927623107905,0.30802327172207133,0.9653909122136378,1.2619767244561884,0.4813799701693344,0.6756733429264751,3.2539994715818437,1.1090834266213454,0.9840869308909687,0.9473174901041708,0.9364688447776166,1.16128205060048,1.5502327516015817,0.48880514416526444,1.7445644845914718,1.1093674705725836,1.3138790004692706,0.4018537014210265,2.2034901976174646,0.9327989486597653,1.131487639290231,0.8060586305837433,1.4974484554351104,3.02894992889057,0.46975756208508634,2.7781074341808334,0.6235245269333336,0.6473939865975347,0.6597230629098348,3.1851139746868165,1.6097866182307383,0.449386767699946,0.2842286398930465,1.639438332937633,0.7159918464135903,0.7696891711364193,2.457083229549388,0.5809543325987592,0.892617444350966,0.8803339288059506,0.5351405055370598,2.9565403885827513,0.47520032721271654,0.9274629446456528,2.5927343755018972,1.2508787098410319,1.3251726123120584,1.3076564508237087,1.0256888692719903,0.477276808174226,0.6764856189004007,3.0440797731821854,3.185565221886198,1.0468962474441867,1.1874913379048642,1.7072822104914191,0.2224601626916457,0.7713449632263982,0.4303267480827696,1.009980007853302,0.8228968824380963,2.2154438021727962,1.1127683324388913,0.5520029019702255,1.504497548682745,0.6347228017981974,2.454925065288477,2.1219114896962137,1.9231918736384799,1.0672406344306324,1.7279469102886549,2.0764071752699276,0.7059691461557995,1.5982273799521305,1.0813851819268343,2.6940142077719496,1.0155407041276991,2.0220798938872817,2.529393691305326,0.4101573998551597,1.4945106341060195,1.105298970897443,6.00442193004685,0.42886432971459454,0.2675169018493657,1.0375187148166165,1.3262976292640014,1.572418246733208,1.4386249397073763,1.1522045190227097,0.4769569514647083,0.3287247980944826,0.8017332160122368,0.8698222689487188,1.1881204536041383,2.5020863688216526,0.8521502530632656,1.2629823246683913,0.6254385105427881,0.18550489790361277,1.2725901141598923,0.5069033912039006,0.844889530152849,1.327120396579267,1.1120378462597131,1.1632346702255587,3.641321985505943,0.7014014528524407,1.496481515987395,0.3288724203526983,0.612414269178731,1.2301660165560775,2.398663756620425,2.167769993897043,0.7081198856810149,0.30854090796974754,0.5331327711165522,1.7030495324006942,1.9419437954651466,1.984288148254212,1.268960074641967,2.94013880325462,2.0925457397341614,2.609466265027593,0.727693272734268,1.4840149290304416,0.7024542356651092,1.7178280709704121,1.057651397483374,1.643611235430246,0.8366744293534804,0.8594270664168707,1.5822380991985414,1.9695086759367137,2.3603584899957033,1.2655237919315367,1.9542592681251247,1.7746121409953466,1.069195216373614,0.7803814720387174,0.3706799053781369,1.0708292218118318,2.454334207004297,1.0483646590385454,2.664718353422184,1.3510957114175555,0.4916724216461908,1.490614058994844,0.8902236083638124,1.2681788116948978,1.9475754753939354,0.9075564566230957,3.344847685308787,1.7900662784985455,2.325078126373791,3.4193440272501303,1.4070006129630537,1.0222482723850128,1.3374197491887279,1.204790527595437,1.875824915968685,1.8469428639489642,0.7305461184356642,0.40197412765122803,0.67341917073677,1.717155300800213,1.7070490425500506,1.9690111186992416,0.7508916076073859,1.625218277564279,0.9169437505156295,2.4687773532838944,1.0402612694424636,0.8487451788962027,1.968687718699451,0.7366599277562944,0.8418257440045123,1.19163971077673,1.903932394689479,1.716412276613774,2.192556482411352,0.9028273289768053,0.17634595485312932,0.9065123964905208,2.220888730134372,0.7373722589375548,1.6830840462042422,1.9785457507040258,4.090497806897547,2.382649450532211,2.167458746171661,0.5707606149400851,1.5002083056946078,1.3464000012264516,3.7413869016430006,2.6688490572012284,0.7070111969900646,2.0939275783578326,0.7204570066459357,0.8307231609831951,1.2016847828963666,1.0242025884885535,1.4067471129890623,0.7657463676019892,1.1335812933958491,1.5433091368352951,1.9667931223316504,1.0999654000863486,0.7247145991413889,0.3529103389915369,1.8479281878889613,0.3001822789500995,0.3659893228739304,2.0158794820908996,0.8737408458201473,0.6637335133799831,0.5012807091289339,1.813476761102413,2.3602456065981308,2.5239875850269957,0.9537880621733186,0.8373776099971648,0.693821641982584,1.6431672391323227,0.3105293411532348,3.6278154094541604,1.7478220144279737,1.2449525550607785,0.8649265355024235,1.8253080680233875,1.4994295403637066,1.4466013237876545,0.46332493127497054,0.5529613551823129,1.9820870841426623,0.47799637700133785,2.562582490009732,2.043462493654299,1.3226000109569551,1.8708885832945399,1.9658469254310746,1.6890441923710315,0.807783989540798,1.2040413079814432,0.4557041333387467,2.8247733753766364,1.3840118995769413,1.1662666958600165,0.8921688949768978,1.6093844387966916,3.2328375530187854,1.1143679658811585,0.6368599326687931,0.9311062104370914,0.8154974450975994,0.601023159884601,2.234411124035376,0.38571253606499833,2.2076814240175557,0.9612858535713799,1.154945921316949,0.2508348903315237,1.7034867811037984,1.5295912685803328,0.47222770402530295,0.6719898696657217,0.5436030708425085,0.375885848108794,0.7353263253646685,0.9477846034939212,0.4612730277862226,0.3812288736718482,0.9868876750173541,0.5471797759588585,0.8760171172341147,1.3959306574938972,0.589146115675315,0.3264177071456831,2.7927117487364135,0.9877813357097931,1.0700451923776233,0.39620429650261735,0.7702646862135432,0.22385388000597128,2.0999318944161454,0.7926399635078534,1.106066813060982,0.6319901727665876,5.011367341132835,0.6989538605089519,2.6531723764779302,1.5078971899572782,0.860248308610489,0.4721207787233023,0.8448764653835384,0.5818914945392348,1.7165198544902673,1.1960394317027427,1.0134427860547321,0.8736053067306073,1.5471136348066274,1.9299985408087015,2.3497355414250083,0.6506722498646598,0.5316982643227774,0.5050898993218024,0.939029816570005,1.4792183753212915,0.5725393646453043,3.465887498449786,0.7299877066835836,2.7193024223464395,0.43507657635078273,0.32279060958478617,0.4068352318721597,1.2643278426938749,1.2084965004229697,2.979641682941069,1.159273830930584,0.7138064419552421,1.1673764876051365,1.6524720854819879,0.9381410040990743,1.47663097662418,0.4221486010626569,0.5784171334560695,0.4404180790279908,2.664882503753777,0.29625909730372046,1.6205878772966278,0.9441700611286499,1.1115079287205636,2.5642052350173627,1.2114679452128079,0.9015703529944024,1.1072549465521706,1.2886565804604702,1.7332618404267606,0.8030784569601472,0.6400669310135454,1.8447371814366376,0.4178021294956238,1.6156419132404483,3.629005069508458,0.5963021981053883,4.425434543821895,0.7071297487541375,1.9969419774950894,0.45761331860298027,0.3785276632537139,0.49395935171010086,0.8226339641761189,1.7330620348768975,0.43550212229856844,0.4506459660904011,2.04863558805435,0.7360343155480789,2.3039779674174925,0.8309390020360673,0.15027725035966139,0.3702026703663753,2.150814019561732,0.9102960372887852,1.0691119452367732,2.590720722829675,2.360196600271037,0.8192148000193982,3.1782642187601886,0.4673990286401811,0.6873673037980385,1.213951495780417,0.6953924976626018,0.9170904432403378,1.0536462536617857,1.214902540165553,1.157838438518692,0.764456991247898,1.7028983788910121,1.4420971002125835,2.8508168224917254,1.5274091375749381,1.2354020872240834,0.7714333207179436,0.4900807032413299,0.5500945491451072,0.4416169211317278,1.2864786801425445,0.9063115350895937,0.30449935089058183,1.8106722566912108,1.2245268811932155,0.7132921667950125,0.6422122441583826,0.564188721144802,1.3637576460476302,0.49933243155809526,3.7050089896889937,6.800666951144224,0.732718578415218,0.7766411179668341,0.7255757665052539,0.7138215634894421,0.4905287094924786,2.6432120118683624,1.6029511878059226,1.7010921900944733,1.0335507665262325,3.091393418484127,2.602129548986262,1.4484898006045548,0.7153129876315595,0.21557507894702282,0.8997983120378683,1.158525159063917,1.0591301796573205,0.6895845356326702,0.47170511052064146,0.8795559976476932,3.67824296883582,0.6016109469590238,0.7874234701884727,0.7918419020759785,3.227115407431423,1.2210724354408347,1.0252522920148979,2.331454381653973,0.45959061153937053,2.8049531324603314,1.9626245842230596,0.461598600017748,0.9327047917635753,1.7363645587408962,0.3839862540177699,1.4908706925894062,0.7646122334235776,0.40050094013149373,1.2360055813582898,3.265317610135136,0.7530381219715004,3.073865209140733,1.318177205990757,2.163458720297053,0.28587122153603434,1.1861489550107314,0.4711219022603563,2.4483663212578577,1.2990056251990356,2.0269511508256217,1.1497511146757178,1.1885038003091433,1.658917185659365,1.8598910845065844,0.44233449712219397,3.109674103137602,1.8655552481912565,0.24716437378288372,1.5342482340256742,1.3900307068473312,1.149460600673772,1.3435922260891244,1.1362265263189604,1.1947351637866717,1.210936766142058,2.370521878584817,0.6373314943422158,0.5907497104705496,1.518494858522377,0.21700114206058083,0.940401894189598,0.7567814777631919,0.41297370790106436,3.2056281812928233,1.5428833152774577,0.4663123923376308,0.5622682791051763,0.7201698519208564,0.9875667538762167,0.825237281402701,0.8409218830461366,0.6899028024541323,0.5375341497443589,2.360804840032551,2.3273191109846394,1.3222580399420014,1.4990067433060985,0.6727110126157133,2.5376360037412184,1.9914346397077973,1.4469384501366638,1.1479681328128473,2.189707146954682,1.3577440685762645,1.0649616772932666,2.834165001856166,0.21914805639592624,1.5052511169347236,1.2469240395116696,0.8149529633123844,0.9213747579433617,1.4818640531627394,0.41348151704999314,0.18066601389601167,0.252431487687196,1.504426933385611,3.6721735773130466,2.297012851590977,1.680248660188032,2.7527003009182804,1.9406962515387294,1.1700433976471223,3.206516614902509,0.9920543647860283,1.0495938373362923,0.47874856243888264,2.3811724280080355,0.5104470144593211,1.769872193250717,1.1887150032634555,1.9645583712698105,1.6008753757506522,1.1808862320116118,0.932843834501901,0.36142663286483606,1.4031858417522076,1.4808663814938234,1.9486770082180451,2.7379829316944893,2.7577745215916045,4.059744225978324,0.6031256531843552,0.5200659984188682,1.269015660925984,1.0603491058308128,0.7186459402615759,3.7836769304171343,0.1722284037532905,0.4734279515082759,0.9581862768594092,0.355378392756566,1.5970788352545864,2.1559030867948734,0.20943530575695313,1.0038307697215987,1.528844237202253,0.9129993136006189,1.2727570025091839,1.1515767195696511,1.8337690161462896,0.27425302835580406,0.6607915442682885,1.5866001072653182,2.0585701333278443,1.2140810473203838,0.7831101747364906,0.3603441252390811,0.8760099614948778,1.3069758723565805,1.6004934953746652,0.09931900108014892,3.6868835499787256,0.5420929694672799,1.5380138059420776,1.493643490732157,0.682347236725741,0.46450645772042753,1.4862998307878614,1.1860425974102888,1.66641847995866,1.2261020149389634,1.1027910392310245,2.2204691584913316,1.6646006657138916,1.7238332801063927,2.462665290887765,0.46867186106214764,2.207155802713573,0.9124037271147099,1.1998026039785143,0.5564255944452385,0.5584540718671687,2.3452086288792424,2.246515609053197,0.7454585622592238,0.4441293831664422,0.5365178452033523,0.6122648769648376,1.0739709804815232,1.444337462855082,1.035469313256547,2.0477303251269743,0.4445953715262785,0.39949119473974026,1.1603141065698288,0.3777418994004992,4.233987717414134,1.0261984574970224,2.6738966560892847,0.45212622130696656,0.8660677015394902,1.565200378501723,0.9242258946789337,0.902035818115048,0.7228213460073729,1.6800564459908123,1.7610638702083796,1.294791615140889,0.3932038640561905,1.41937779602365,0.48539722906240035,1.1522207067373165,1.366864920227087,1.3062273393152113,1.5195086331822836,1.0819474485157432,1.599820567624222,2.508894912805104,1.0621707441652743,1.1316489937525227,1.05780459964646,1.2963809539732136,0.47380478373723317,0.6433553544731335,1.8028113906192158,0.3660113081906038,0.7645382626379335,1.0999263022740082,0.19240819982516888,1.7339802033744358,1.1485129544468407,0.6892653669480837,3.686292602022502,0.6400354827853898,1.4037922967740513,0.723240320563702,0.9061956730572813,1.0225591813652122,0.7229814317987534,1.8007562867350726,1.131669754687598,0.5914448651488887,1.806068596918529,1.1764696179784073,0.7772415258884874,1.7259743691230403,0.5442196403935303,1.6732598056807184,2.7987159347332957,0.9625374232629718,1.7810415057029891,0.5237855348375161,0.9086842692170289,1.081138413600094,0.4939509734777743,0.6115399361332166,1.5459250382099836,0.6768995818878016,1.9701019934660462,0.5703968051207032,1.3409569041284244,0.7049965476964837,0.5475184482008174,1.2234481942007842,0.7625111528771824,2.457445797709965,2.319259403149724,1.6523578829484493,1.0353491581958811,0.39342970438943714,0.46346837558722437,3.5545084352720226,0.3074565959944983,3.405496398791407,0.6812643375662666,0.8157166096626707,0.9830381345637387,1.2973397650644156,1.7317547731533462,0.3089625258392611,1.1631766326005142,1.1835529766089539,1.5247002651206276,0.6501034209661829,0.7578216945948256,0.8364611313224233,1.2527654346965729,1.0417072890229266,1.0834415857802548,0.9586385312678464,0.8009474944833012,1.2008984720195075,0.5027262526704751,4.031124642590498,0.5227569844884784,1.7252018783263934,0.7322450295451967,1.1343971678046754,0.7696453740573128,1.0344973433995142,2.280384147653387,1.3471364186452395,6.009252490439261,0.7255457434540338,1.56301309285187,1.5553135343422548,0.9879354003913243,0.2906706954547277,1.0023457863269865,1.148904032435162,0.4901871309249621,1.8957611171708089,0.6989860907387623,0.6090338553439184,1.4323573942961094,0.7727200142172204,1.1237030051724322,1.4052113991108088,1.5766682620845176,0.9433310291359853,1.2769871247305222,1.4535093700514485,1.966459081783169,3.900905284370544,1.1491488205989868,0.622211562146586,1.3485799110124963,3.499893101908043,0.5026325716297018,1.6330591003813277,1.4157301837940903,0.2079540287961969,1.4350737566746294,3.3518859503048177,1.1060769416230922,1.93286012594838,0.8652397403385454,3.3892424474990737,0.5917069915002626,2.3940836156802576,2.357129230552936,2.22977313736289,1.999814012649358,1.18204153871785,0.8107757098191009,1.0051690383509897,0.9253361749568632,5.569939925367322,2.234986502610221,1.2451129684558655,0.7679495886061278,0.4896112824286478,1.0534146520308862,0.6657727260762198,5.16700586525587,1.1623466580073656,2.6536599237031937,1.1417743846717312,1.029527709884349,0.8907473784632403,0.4939388918617834,1.9391307206435673,0.2821983162531729,1.4475862737698193,2.1963558491207085,0.30586494800629843,0.4459042951732744,1.2721496161674613,0.7350262466966967,0.5124342729264159,1.0013548476634828,1.2017036395306473,0.6691167473345317,0.7305181088986665,0.20768485661024458,0.8852224826629193,0.1283528701732002,0.5412809745646301,1.8229233499283435,0.377961606232751,1.6733981242994465,1.8816494261354193,0.2742691591943137,3.1613043830035537,0.40737262843502037,0.10946336802527477,0.5496811108128622,1.8484967996380248,1.0943128827144422,0.8737153923824095,0.9933846696689419,0.6367801668607087,1.7200150876691682,1.9853925392226262,0.49511679470098235,0.3059689854997173,0.37542134180232667,0.593666175443984,1.6719176057665566,1.3570983351812285,1.717898540017564,0.8637557206953498,1.082082683145175,0.5991086914572681,3.049757553436937,0.35049472426912964,0.8099735714998152,0.10873674480174317,0.6027762596799824,1.3758756646955799,1.8181701422466974,0.08861261548846738,0.9054341066543852,0.7737845472339284,2.439187946429634,1.20160769734365,0.26177269513477247,2.628949726392732,1.7552313332497065,1.265284593440044,1.0824526923843059,2.6750991123268673,0.7685894364101205,0.3944770606058985,1.1661447562549268,0.8062317859430238,0.5074300565497714,2.4939375343505192,1.4980578158926336,2.0599408346174926,2.620494748213661,0.9847896185191466,2.423953497285812,0.536911548706155,3.3478887514972118,1.9508819161178972,1.2479133397835311,0.7449663630760401,0.569151663477845,1.6585264565118694,2.5927660179960483,1.8670125763034493,2.096457279604882,0.9343252473811587,0.5062530469812492,1.5374232983858513,0.29533432542006643,0.30813945274157634,0.6243463112547705,0.5648009435629033,0.50685443775579,1.4139331120116923,0.9020413804335572,1.6267408722569816,1.678630939487022,0.4358186056461717,1.2726987039286057,1.394789163352824,1.362221216114088,2.437369848354899,0.589501224927001,1.910420062000693,0.7727834655874637,1.2110729961509115,0.19817988329716685,0.962717311579792,0.3768215704651977,1.9913514112909751,0.997857572677439,0.9297021324479028,1.900573964479599,0.7416837286242405,1.728620273987858,0.9916734430200701,2.3320903906066306,1.4511256045766887,1.19268192816581,2.0815520868488977,0.6154662680516789,0.6506734946351902,0.7104183821679435,1.0000016863182364,0.5847586617037709,0.891048901442979,0.45614421728132404,0.8488400222081987,0.8246649562331854,3.6624433513894776,2.4907146593559477,1.2299728625436273,0.8253572796828763,1.1922473494968813,0.8806625280101977,1.2097748136429896,0.3004080082439057,0.4594915234291496,2.3547149330133776,1.1898201036862717,3.1066625321329804,4.188240005324179,0.8302748395594766,1.084961637375282,1.8327265608735686,0.7852653626437842,1.0695560147022014,1.0460008661246873,0.6928763271285155,0.5518614375987169,1.4013469181745433,0.7599221184967523,0.5867805858779541,0.8761473076137523,0.6326809338556664,1.5020118568683927,0.5671668400211634,0.4839136199627237,0.9841832109116138,0.5983573498658405,0.5386220115385885,0.42890942988097214,0.9799002094226757,0.48024840372597694,1.9440942228821985,0.4259116254759727,1.0588613133552496,2.28772491313548,1.001774953772977,0.37996754197341936,1.0723424999081939,0.756323161748816,1.9941699226202503,2.708389119081932,1.0385840380582487,1.8119583298331587,0.945698080060709,2.129368372361361,0.5916060777451716,0.5602208541895293,2.665050222245792,0.7369296577125023,1.07124112693961,4.502717478088706,1.0859777981285152,1.1240720591121125,1.5349136955334688,0.2564447005571787,0.5640136910904633,1.3033813376357177,0.16216943077829035,0.2743035234587118,0.5014523186661537,0.23435931453687386,2.6685467641857215,0.7300812495736972,1.7712307910460454,1.4656165873448928,2.6260539247412473,2.368825813751584,2.8961246694372975,2.1334311927278966,0.5603873294216265,1.3102342212849043,1.9685714849375429,3.7576537068491476,3.534545788360191,0.2938609516081994,3.3336946747407414,0.3933939167249609,0.8374757272588351,0.5656163416965835,1.7233345467190326,0.5943149198633851,1.6007543910465658,2.278320191043803,0.6599632012443897,2.9002079180177485,3.351436646344758,0.27965046194980764,2.073249615746587,1.6338485016689719,1.1248291391673846,1.5040031338465127,0.7295079500513284,1.8739941868917946,0.28770355185225016,0.9513936098137894,0.5455977069307311,0.5357192904127335,0.6123686120487368,0.4848281843853569,1.4267823616101953,2.9865935538375967,2.2279073737179105,1.690787891619327,1.0510184737483514,1.3894170969009403,0.37462496703728243,0.6081285986282907,1.205123110504681,1.9693011493603025,1.1167710345458208,1.023612228949814,1.5060001803935283,1.2748896858117198,3.489575372121508,0.6079484352314761,1.0409777415891153,1.6747080923281126,0.7832832534278442,2.0336479107898615,0.16559618408887197,0.8815587115464979,0.8031807937888685,3.001676428428025,1.1219859054509485,0.2674102075620916,1.600515433091451,2.0119750042449835,0.650448127125808,0.3751046403019521,3.5879224446640627,0.9271441228355155,0.664442498216114,1.1723113674934857,0.5737302933868281,0.5762703667636344,1.162453394761111,2.8347318435368596,0.5716591533913108,1.4660759257891502,2.4256091260586463,1.5792316441842973,1.9361987102346363,1.1028655011983228,1.0409373627340537,2.7709748052090593,0.9894118825687049,0.4744914845132525,0.8391982705555399,1.5752572433462302,1.2616702331916072,1.567167382852099,0.9678368521197112,2.875012374188694,0.2690055981818949,2.858515338127747,1.6280983895232326,3.655771093424782,1.657723536849512,1.2809998179124733,0.9974108678538095,1.9695251049075762,0.9443222746314364,0.6438920078421198,0.4662272725858392,0.7031108833859427,0.8253876043152344,0.7716410774671123,1.69421350539843,0.5150359736962311,1.4442367806294756,0.6837235305821658,0.9241312890905988,2.4643689226259013,3.649818566766102,1.7738231126469668,0.8443119861268212,0.8653941547804794,1.8880583391365526,0.9991337964326553,0.6577113865681418,0.7583809116119222,0.36591941064818184,1.7832973944895467,1.5875370448388388,0.6149996301043124,1.640755152449831,1.941555929318577,1.0781468419234503,2.6619619190405603,0.8756725859413732,0.9313717179234858,2.8653793110546912,0.8288942773874785,1.3813734112999032,1.2805267444187556,2.9771631140138735,1.620879769358282,1.4438610983989804,0.3076723676289241,3.4360406044787926,0.7037094113548308,0.39319762080958015,0.870217463971548,1.757785620704187,1.521009587283941,0.8986878524222758,0.746015099342479,0.4403406374518918,1.5729974334622558,1.2866605662533825,0.745615678196438,0.2439728089970689,0.5699784629656884,0.6323824364417318,0.47478476688161037,1.8006492408953207,1.1908513260768403,1.3828398891970015,1.7889126722632567,0.7205591325722753,0.61679335890862,0.9612619424694677,0.7914825502130286,3.3615870286039646,0.5305364210772564,1.3134356764875026,0.9875490762421205,1.7934076580468177,0.790608796085278,4.135130446582411,1.0703547812884453,0.6067130079771806,1.4313840062076582,0.8827497764902145,1.056394395518974,1.585752974720759,4.752874215938712,0.4067058100852005,1.2404234899212896,0.9722839282573275,0.9653898723197634,1.1273488290750775,1.0315935662174853,0.8106842848592328,0.383454908746508,1.0980419910174324,2.233030076680567,1.3920196704247556,1.1198398243940741,0.43623039481263637,0.4729021857068479,3.436641813682071,1.3063462846410256,1.4764416850073692,1.1316423278298562,1.4255353422949675,1.9921744279698363,0.6414554933870007,1.4924290621966714,0.7605265656820125,1.7859216414245318,0.1109928953839158,1.0762043234240881,1.4873529556371285,2.8133190833632633,0.8448160930266333,0.5545681824432838,0.3481419166778629,0.6322774477685041,1.7965593015204213,1.4749120191400238,0.5558313973024098,2.894542149371033,0.5431881264818452,0.9594363607199943,0.20989768040398987,0.3053661505866723,1.5342192226464462,2.9245726432431094,1.7048175071604914,2.4821112963073935,0.47401839064606,0.7687659532037203,1.864871671143387,1.016026755559042,1.763763527140683,1.1427261270298206,1.7302956663729938,1.37739693110564,1.0870411819149406,1.2192386171759388,1.5692981833994342,0.2718431664747999,0.7976776819741235,0.5586132031749211,0.27116278591504256,0.4134908267304925,0.5847730221676519,0.5731765067056108,0.8868363782227597,0.3633869070829323,1.2804913879751596,0.5492329832803469,1.044057130504384,2.841949556741441,3.379115514043582,0.6159219275287926,3.157839752493601,1.5499770503928305,0.4821300939494694,0.3159601684425456,3.085562881609606,0.706748387659693,0.575218339162148,0.2278204109372787,1.415950942007391,0.6624322721144061,0.5811626501111312,0.2851133504109928,0.8549321791121565,0.6147574635432322,0.9728710395076307,0.9537877571423903,1.0376086984193424,0.5599141371390614,0.5331807134974779,1.6429470494723004,0.8075648923425759,0.8221477781570303,1.3163814130110167,1.2582155958822505,0.2490003577280385,1.7184357594521635,0.535739229671936,1.3822739030727824,0.7082813460207023,1.6778443524599103,0.42155001231134326,0.7532103032455884,1.1608414196364119,0.855212461108865,1.1084045511353255,0.1868544979732885,0.5921189586833061,1.8999345657254247,1.5194868261824581,1.8673407145807361,1.1208543825576598,0.4057627896661499,1.1463180029845694,0.8239817545608394,0.7620657020205283,0.46465172132314864,2.321403357403027,0.35143040627971944,0.6968867647301047,0.15178497838122426,0.27112670883430307,1.8371865410726782,1.8665594469718503,0.6652088743538349,0.1986626780476599,1.4122159880206158,0.5346136438384143,0.8280017635588061,0.7883535905207595,1.1065637094217768,1.2359477173630191,0.4456292922292524,0.9753052201948462,1.9532118326383205,1.6618037933779393,0.7873992056941822,0.34709588488852317,0.24105528048305266,0.2620514999316782,2.6224569347711117,1.492972830075177,2.725216893795912,1.0939354795098462,0.5746475301706563,0.5848527249955033,0.5806888027435723,1.6934514845752033,0.34126478874782323,2.7062121629225278,0.3792299916760453,0.8358552707148857,1.8061908987042699,0.9342864115408536,0.8205574943256672,1.392894918289138,0.9684520690477769,0.13213270790907197,0.9721644911712561,0.5112388486263365,0.9428454641696314,0.9418787110580218,1.1185985490922061,0.8197698821640393,0.7538124500796186,2.483145858677071,0.8010400178770325,1.3290798371963346,2.547693129121329,1.4292988014078332,0.7860687983232527,1.154237151083304,1.6456509576950713,1.1375484672045963,3.029374834562074,1.8408869703392365,2.1033254890569193,0.31641404664115214,1.1199357176016191,1.080524071583135,0.7427747659531423,1.333960552839139,0.9468469763969222,1.4673795729659542,2.7024481454738947,1.0383957488562432,0.5241739704608762,0.8068058639724465,1.2591089145250542,0.20915898259890126,0.8640607058482414,1.8406287120854674,0.6916865966916064,2.8833873082083357,0.4313329541235368,1.9249483876566824,0.9588494656810618,0.7640664167940222,0.6560327874431814,1.5258490247265573,1.4566475404261694,0.41664607307663815,2.7057186023907422,1.7936713410493181,1.0559739740121044,0.3791500094227024,1.2678843914353763,0.7646300452918446,3.7518550615696364,0.4643929171376624,1.112517101006612,0.35699647995933603,1.8625998115071474,0.4258801499728066,1.1160478554990907,0.820610746908401,1.7558692348399463,0.8438066288940063,0.5834831216756622,0.7161528431303846,0.7811492721126259,1.6797207567728234,1.9519819191105874,0.10601700502063469,0.5929850254455563,1.939939274907832,0.6815601165531828,0.714742585225405,3.0031740390552444,0.36999972866608216,0.5447617964765891,0.7437018225638627,0.8183964481074664,1.3818421396921874,2.686194086243168,0.7025862034975121,1.2545833920576042,0.7225258429422418,0.7310448159034881,3.235035281792927,0.916660482257277,0.6876376829248356,1.4251835633844365,1.6397356849342697,3.325428003932442,1.7945194748308169,0.8326400334755157,0.6694502171974026,1.8740706560124831,0.5183071997189727,0.5330782872282354,0.4479399688643907,0.9838658551690123,0.3935421181431254,0.8554774856415083,1.4681212181129064,0.37936664151292865,1.9439685247382739,0.5564681210230691,0.2912038807575251,0.8524079873130239,1.6114406018905574,0.35792637574671493,0.7129171027600617,0.864657141565824,0.40312295382919205,2.7581641923638704,1.0027540508051658,0.864208648695894,2.490164618134627,0.2419486926011658,1.007546332642115,1.381321531785441,1.317545022690647,2.602407018834528,0.32413179861399244,1.367288247357008,1.2862493231556706,0.7296590071796631,0.7020008654781037,3.6994196397585686,0.7991975586437841,1.2461836357469807,0.22457718880310448,0.8152550348722634,0.737955928781404,1.5538042314117781,0.289249303996789,3.095607586517026,3.158097396539741,0.5571348078598201,0.7649033277488175,1.2721823074668999,1.2100821161451196,0.8348769340171556,0.832935369645569,0.18008242522959306,0.7337008792638439,2.492621383919627,0.7802567502453877,1.4476757071408421,1.9633111106846648,1.6106637337000942,1.5940348544843883,2.208265633912765,1.7775950089732169,3.0205285335335117,1.4892548359750928,0.9718943309390019,1.3430484582479643,1.5526115192484178,1.0899457517429934,0.32574747220209127,0.8879246754673662,1.0806140512061473,1.3002450172618905,0.34063146926622295,3.5889405288711798,1.725339382032811,0.886021283190698,4.2951641233347715,1.6433181831843575,1.2547476909406559,0.5717071538482427,0.4221457061325298,2.7809047759943546,1.0079725205716998,0.7255861763178797,0.742882806307947,0.9492414381984294,2.4097701345645537,0.6818247727034229,0.4920453304152469,4.281813233253332,1.4424839237061662,3.932490342621615,1.7464756771983354,1.5878158635265793,1.4731406531845683,1.480691316711688,1.55913708158509,2.566760153540733,0.9051225013211146,0.5103056047550336,0.38729606751809686,3.0308933021442477,1.0030153741361236,0.10637561611532993,0.5751490210299306,5.064288247920793,4.424817015412664,1.669648062849345,2.381157971223991,0.7684152404295354,1.2725736593628139,1.5146951036851874,0.3918739222146447,1.7152722618728589,0.6385689255418465,0.5498248212621273,2.571427795933338,3.965246745464825,0.5573518174865952,0.922811862471318,0.603405168981404,0.7331102329823912,0.7014320414276775,0.27357627696280296,1.2275466491165257,1.027762739745394,0.7303563232798045,1.2634353525407755,0.8903337470554659,0.3259176699262789,0.8619089655334676,0.5007626676522328,1.3001751866520381,1.015344147541057,0.9307612827857481,5.047310550819286,0.22132908495842923,0.7450551202524061,2.5269291587355296,3.9320450340636186,0.4909615125333201,1.3059941789938134,1.3870757465368284,0.6491021384846567,1.2801933545336706,1.2927748701549655,1.8632422401661461,1.3125683976715166,0.605573608904475,0.8921121245977044,0.24984511782102703,0.16885141035535747,1.0537478811138072,0.8084124373235767,1.303123157289622,1.7364517252443532,0.6086407471123573,0.4642321856550782,1.0338363584264878,2.4608964863338896,1.7374964496883163,0.8422032998764933,1.8573488672381029,3.704295454734181,1.2493669047576543,0.6307597153656967,0.8163106767067602,1.2748940274691911,0.5512089204658607,0.6988664349538936,0.43885113897913064,0.9273270952209286,1.3464331183234441,0.9911638869978194,0.8130867842903322,0.7447356335773381,1.4544247620080077,0.4082168286949634,1.3627060589857394,0.2404250286569872,1.756716821200933,0.8866598508663299,1.7524570871247713,2.119231410320597,0.6248832152462915,0.8758882316534063,0.7884220566694129,0.829530100979355,0.6521858601160172,0.865475757352545,1.6625668183061117,1.644224104139327,0.5127762399585047,0.41425731709789904,0.7439079796994852,1.1231526355916077,1.539654901206514,0.4824712369858747,0.8904522005778552,0.8490482886032917,0.7208670817067229,0.6387422299428618,0.47272394802149376,0.37880354171946234,1.2717020246689463,0.7753243269843906,0.8849558805572599,0.8253369518888635,2.29104449883516,1.1460924125692735,1.9771319718914964,1.2618302376803665,0.6513312645807292,0.6868039938505129,0.5166908286287272,1.4779787540560678,2.2388852358559466,2.431932992130242,2.585674386103958,1.2339298403444645,2.6792120079312194,2.122735843911787,0.6043965308000088,1.6417216218703792,1.0850199411423656,3.70601581492639,0.9264315132361306,0.34211028920703596,1.3480678262609154,1.6171225468322759,1.3957396548372256,0.18921728720656633,0.5224430046856521,0.45285067260747686,2.0359039012722144,2.9102525527875844,0.6040339293579218,2.966882934722056,1.0015202324112795,0.3773051101702586,0.8598960819553931,0.29953973613290263,0.9296055076868082,1.0949413890326558,2.3049716795155963,0.9242202537160027,0.2902962100245303,0.9727905505753249,0.3021418910312476,5.186397864915344,1.2384749396861154,0.8814128034982278,0.9867458768845032,1.6359451476896536,0.6559110229277034,0.4960020003761233,0.2857903912502602,0.7995729552606667,0.2696172862024338,2.9997492002686093,0.6448720135941641,2.4551362887820734,1.2229329773753879,0.3075545417171075,1.7339909517860712,0.7717469478706693,1.5897376807854995,1.0930436862093569,0.6997273006244864,2.2323521713505463,0.36368134707922123,2.9566346469948366,0.7298157041881389,0.9596749288510175,1.6727852641616996,1.6199916554885019,1.004462431267159,1.7126664339724809,0.4382721981136735,0.8457415705434073,1.533848789212743,1.4748553560029876,1.8749002700115405,0.45352326141635574,1.207095424686281,0.7444994096221899,0.48584880326079694,1.2576900653658432,1.25931151189598,0.21502594727886723,0.8614108487329928,0.732918223265669,0.369470082706196,0.6140943555716888,0.3886892659196177,1.5327734774982242,1.8306723112162993,0.37274220541312597,1.779077479505112,1.160877460809616,3.740026992765519,0.6784067595952917,1.7967141486227383,1.134986129056451,1.1717132519685363,0.4390723587770363,0.8389095708149141,1.6984618968115477,1.4828255453953771,0.8877200110866039,1.1179073349774689,1.840896124785235,1.1688114704688202,0.6842642132680394,0.3775403306030991,1.491044831914786,0.8474636838506047,1.1885312441735953,0.5791491272027576,2.0795557891177667,0.6576774020090342,0.45478957497405925,1.3512196519767454,0.4910056138659282,1.0266425252096145,1.6847382069138317,0.7738679199980165,0.7414204176619037,1.3612924982810133,0.8846623202860818,1.6364047253587284,1.349871665859042,0.8316365543109778,2.327545801173328,1.8246864139190662,1.1357602832519291,2.4721854484886654,0.6853266083615835,1.276667108856879,1.0795625915629783,0.6479045172566182,2.085415052632622,1.058565139617849,1.0677901916088803,1.6706441890511066,2.0663650315316344,1.2489343253829237,0.967736507098913,1.1677050140984815,1.8523631343169236,3.012474562799414,2.438080867143968,1.0973523147054567,0.5857186391302548,0.7082344491307494,1.1803134753834628,1.0833940782395222,0.4279865105935876,1.1206559858829013,1.6095122996527929,1.1634238139584276,0.7139242779360999,0.47297503037126387,4.317688792659523,0.27766471650696745,0.6500902622106013,1.2112851565116907,0.35191854645045423,1.7257265322707616,0.34726819054196567,3.214107891849237,0.40564677334620003,1.6216765665891195,0.27795793179157235,1.5066585291989278,0.46587550654134036,0.6112861702084437,0.48149005606214007,0.6362076948113444,2.662086623795815,2.023134322749974,1.9923217896130208,0.8197507299873297,2.4134291210119008,1.8912149881800284,0.49842887458265683,0.9040005301980241,0.5519357955032188,2.369775420517404,2.6882017652656254,0.31359614224458826,1.0910151272655573,1.310003485797691,0.3954843336712104,1.646228544280516,3.617877155953527,1.054953993312903,0.9360498890153347,0.9945809573661903,1.6612982549388833,1.574153669073097,1.3046438166911425,0.546155769877315,1.201912833945521,1.599800413044238,1.6767497177611759,0.9201364033398546,0.41605673410916927,0.8357575120664225,2.817445548926921,0.701982189590582,0.6346748899925824,2.369610397065496,1.1605301037248574,2.6987011637054663,0.18145614960176004,2.505288932781598,0.7505855713168951,4.072010528693597,1.1362797851000113,5.456327456608213,1.144750747490563,1.3389899017646294,1.4511376264867522,0.254278772560555,2.1916875428960356,3.418916033290892,1.3755920426916688,1.7525205944649702,0.4925330095258992,1.8365360852496073,1.4511767008243694,1.1646091178612223,1.8641858134643312,0.6171548248144949,1.132396173325313,2.7048328107718387,4.798753568032655,2.0619115656103717,0.8804914359973555,1.1845893007825974,1.210050964972111,0.6493775660397438,2.1497527850104317,1.5393594669420512,2.801268610747963,0.9276523237509937,0.9266702694007252,1.161428173377469,0.2189645502046715,1.1615474772563001,0.28273174697739006,0.9489109934351794,1.1248668569444684,2.2535666733340283,2.546867784877146,0.5747051484671342,1.3087173172099011,1.8807308954435058,0.8855328199396698,0.8036287723720943,0.3745348987500224,1.799118722088191,2.3752984253812137,0.8467398292019271,2.4067714696617264,0.4101431766455856,2.439950845657241,0.42896563955202516,0.27859783973222585,0.9255437662644584,0.25419441473456306,0.6830545280785414,0.9298061654197192,2.388186142317657,2.4834675609733634,0.8894032454656849,0.7863638201006754,0.9727889035555405,2.047238972785041,0.6943484480917678,0.8225198739975031,0.5495837931820727,1.11786361992848,1.8006563554019879,4.308035286985292,0.4185576204436005,0.6655714684171652,1.8538233552950256,1.9505376169582584,0.823569924004681,1.8033244511722906,0.5722512511957671,0.46897909463856463,3.8295399801114836,0.8715798086676537,0.956259567861678,1.0151620887465256,0.9405445590833978,1.4900422273502545,2.7577158520002083,1.0464203340104186,2.8288931312257386,0.9221838857176674,1.9236418528773778,2.8452207388391235,0.9794321626364377,0.45728824093441,0.96150140874885,2.400317281921893,0.3640514566119697,0.9970412551829271,1.8563342749935714,1.9875313002217412,2.083634048764474,2.679679840863453,0.1364120894884867,2.5662658584846363,0.22110184440410138,0.9538199203490473,1.174281074037218,0.5696760152753064,1.6159197987960368,2.853207662384119,1.9598203042994462,2.184410962739854,1.5137900243230789,0.28369997585362866,2.3026803864506844,0.22690274162690627,0.7649469144396934,0.7229653714101439,0.43892973519153955,0.6758178710752165,0.31889149394652444,2.40326683852018,2.9609247957327436,0.16476525997027158,2.855009356673669,0.2744452697557549,2.140171162336147,2.472349830302996,1.2368135747755422,0.9734576550686252,0.37742912690512587,2.640259369789922,0.4995297539507045,2.521279792133493,5.416142541775018,1.81698398963468,1.3306201347172795,0.23440308814009952,5.167258720270195,0.7933651978531416,0.5450451420104687,1.1002496735661937,0.365827165355717,0.44000214795038683,1.294806643548458,0.7371595381476858,0.984950553101268,0.8773193957146194,1.366783169151892,1.705549327008566,0.3703514721273615,0.9290126463229387,0.8895510304639287,0.6974049300348508,1.436593396325759,1.6667894029197032,0.33338035158845447,2.124252792740484,0.8533333449626813,1.4166327589888528,0.7839690626693487,2.3895946365988694,1.3132478699777697,0.6866931465207867,2.1585531547873407,0.7453394966722311,1.6395239741408434,1.7589202903354453,0.7051132688059494,1.297095044280937,0.35915084853572965,1.7106194623078823,1.9262626175012862,1.1113806059625044,1.092597706405929,0.3694359899270935,1.0991240131617441,1.1608655826811594,0.40940254394270925,0.88510590578999,2.6512357001134235,0.22970703553140553,0.5016491107862432,1.5648763912520556,1.0431132160850598,1.1424316740571563,0.31983705616610236,1.3798445341962504,2.2424257014086084,0.9557470837665862,0.9160771619224143,1.23993783558754,0.8550839251684577,0.8604246013796263,1.1124425698150473,0.7505794783089259,1.5423334762686856,3.2403017254133317,1.2804111670490115,0.34754436989406545,0.7902443604419382,1.4980134233228686,1.2956003143780315,1.1445286617148707,3.387546368055542,2.585959997878706,0.9360846009888658,0.7421328520663231,0.8775233163699111,0.8067972213914218,0.9183042281197848,3.399660953204062,0.8992637593602313,1.6400760814042885,2.6236594081586504,0.6013396721869587,1.1943115570667822,0.7202327295315022,1.2380649698115211,0.735388392563302,0.6831639608102916,2.3638852644681227,1.0700872416326657,0.626034411465614,2.3799366585036816,1.679686354494877,1.1018070635728026,2.595626247220012,0.4277764573716082,0.516340750764197,1.894610495059237,2.146824758955241,0.2592867109373799,0.5923678343441384,0.7243734502571075,0.7624051565541924,0.9444804918645494,0.7406208289658259,0.3966791253874781,1.122367084785188,1.0032883075113301,0.6775671846444449,0.9807916332473369,2.029863707334586,0.3996368281178455,0.3215876100429583,0.535716866944768,0.949478666091087,0.9033232483390387,1.9054258240040873,0.5220591533264854,0.4183570563407639,0.9899817304086436,1.6169182282705614,0.8105257315466781,0.40845516348114896,0.5851834824892317,0.9549122634103298,1.893487557913422,0.707862142978266,1.2525094610989327,2.3610515581288447,0.7368744788189521,0.30776088533681584,0.8090544104473789,1.3062821739373152,0.7258358823944409,1.6349240802420328,1.3982111733120384,0.6041605134622615,0.9158666946108109,1.8215186750771024,1.5009454803873203,2.0194571848337146,0.4929109660750656,1.8074570568278703,1.5607674469024284,1.5479221332268704,0.5346396764655507,2.3163980291797492,1.4565797220116514,0.6638677875091581,0.7237260782207044,1.4933486993744995,1.689493811311669,0.15599994824702473,1.5070584327223162,1.118437316496366,0.39552156192627663,0.7979956742458807,0.4727897602420266,1.7625377110640703,1.4067406474258537,1.2736687996699665,1.1801957534991987,1.9876447716265984,0.6008341668896101,1.581004168113983,0.41277166427060535,0.9384271534591999,0.8111030687954324,1.4704205601197657,0.3048645570457882,0.7923530679054736,0.4793766287662101,1.9675221376471164,1.3090568478928388,1.2149467358870805,1.7036722574436096,0.6301407395649793,2.8581486890475163,0.8748371097818153,1.1008808300099475,0.8597047730486713,0.2647428942581308,0.32427170972482916,0.30452893449836926,1.333796309775309,1.3182964887153896,1.8553949225319717,0.3447579067269565,1.4513386631043337,1.289601885919292,0.9321630825227644,1.3587880107023629,2.0643247691964395,0.9604574774777431,1.1787985372824064,0.5925980470913172,0.462676539427801,0.34569352942647164,0.3293789587527228,2.798319071481847,0.6058861952903792,2.4244464076576304,0.21269590973468552,0.8903612704570711,0.9273797639015138,0.41733373851376043,0.47540553675822356,1.688108359116712,0.44701420779725065,1.5356302309999599,1.1810447166171827,1.6228849554916756,0.6257080097121726,3.1621851893076807,2.0841384305260315,1.7847286327579202,0.9351763118861584,2.2064958318041756,1.388679369415927,0.8065893366067356,0.3181120244224629,1.372976971025618,0.6623713678871128,2.0447328378195655,1.4162930986551487,0.69941943079985,0.3080985418323781,0.6417400670727786,0.6069577892326035,1.0036629934301806,1.4635966121910018,3.0916153698700164,1.2169989942305428,1.9146733332418098,1.4564486354600086,0.8148464925399371,0.7258393398116296,1.2302184056589887,1.3978548628694767,0.7204091681037896,0.9279486006462692,0.3450185732415815,0.8532650943165242,2.3435602809727483,5.868666001653615,0.9241048379860574,0.6707521685724359,0.9874646342664222,0.9951282272255793,1.7334704152946134,1.7582919872991372,0.38433413534401306,1.4175725843482498,0.7786937800238116,1.8320203120412575,1.9806975342447117,0.7417688174787807,1.1760113981626814,1.4415254826999846,1.9900843101302632,1.0650180695955263,2.498428463769072,0.5615296539363597,0.5631608647153167,0.4568606377437727,2.2038054002002663,1.2130020729756614,1.1213429625117084,0.5152237070974574,0.14272521965625484,1.2788221081533289,5.248230976893968,1.6662175596200792,1.1429024711423916,0.8155081647579782,0.8241978541178643,0.9640052113489366,0.5659390499662237,1.4463443076427835,0.5342992964691773,0.14620664958816665,2.248501169896084,1.657196446667005,1.578696698825739,1.0145445636834085,1.3771643747330427,0.9148518150562892,0.46074039628429175,0.5168443866389484,0.45034464920518735,1.420022066775527,0.6659038377600747,0.4920078013304926,2.194231431010073,0.958586022142773,0.5629810259593533,1.291623370139344,2.4232252652536483,1.6435095011872154,0.25674399192145425,2.021300292262032,0.8361367728616037,0.5109776716730934,0.8435173917437923,1.7099098723286694,2.753351232795976,0.40258089667822916,0.29529755535396207,0.7164324471604641,0.9916746636709188,3.231725293759466,0.3460884078890156,0.9687507044299651,2.360882401823191,3.8490510229775765,0.9723133052998646,1.4918132231127983,0.7682148933689645,0.3626035907720482,1.6831293050904932,1.121579497632291,1.5753431290561355,1.2238623538967932,1.6996937909766612,0.7170926624391907,1.683310689877792,1.8098807414215698,1.9445888886698797,1.3601466569594456,2.8805738165215002,0.6944769287369843,1.6043515831701316,1.533211046732551,0.47237256120375753,0.5406414316396726,1.3841810227137181,0.9153548451984385,0.7237807250943576,1.7325997702603013,0.4460894972966191,4.671211902068123,1.7069577219710563,1.6068182327454827,0.6099928835432857,0.8318291353138056,1.3840746501299876,6.552580575213734,0.750383466163321,2.740605273294875,2.244529125285456,1.1247704693154337,1.225383172669479,0.2458300570962535,0.26000467873956856,0.6424338879291601,1.2820525349730123,1.4248319506981675,0.7534815433275706,2.1527430205318487,1.6807638638636433,1.7958009854833776,0.6224976390419419,0.8212500424072156,0.3744815496390024,1.6882522077428943,1.7604025880815521,0.5394636832937348,3.5391442880599437,0.4163233602538925,1.4480663507103644,0.4749734137145466,0.9436231170368192,0.8834095498192248,2.0140742681128185,1.2443108337433384,0.9745213609890497,1.7477077341679113,2.002153893646889,2.161482389618191,0.4874099761866319,1.220060383060849,0.309746462710889,0.39093832244556015,0.7221705107980002,0.30926931448849027,0.511349427830208,2.027971349659786,0.21421603789425966,0.5241678244921248,1.962964092598222,0.8941147875970779,0.5948230413361828,1.3659531976938302,1.0071752238559115,0.8403357893233193,1.6857467388101082,2.0452636756244345,1.9595598295827472,1.3437396124779006,0.5923163337577555,2.524787707426565,0.5602078485852888,1.5926768478731175,1.7624345238287622,2.5231652854493376,0.7968739076994239,0.18210268313951114,2.290000597687277,3.6498763096264266,2.309840646718092,1.2329170895869122,0.7803750597041481,0.47063667719346824,0.78401181309942,0.8797709641414819,2.1329843579384944,2.3878796764396277,0.7103249014196581,1.0641426181984226,1.6756061587389366,0.8769998720379277,1.7191888015894679,1.2934611479955704,1.5988212353800313,0.40885177225247255,1.3799226806134273,0.251930203630789,2.8783834163801316,0.18296535530334307,2.830387538500857,0.8689052347095597,0.9619766410026758,0.9010023375924333,0.6531825630378167,0.4791906426097865,0.8548295443178338,0.877119778583018,0.8536406145719977,1.6462690783943354,0.6361048875042051,0.22570922066527205,0.8517881335831462,0.407892974876617,1.5208344414642603,0.8418033382253828,1.5224947911555184,0.8741066947729276,1.4351496912587818,1.3877866746785898,1.2695389945069904,0.34571666510938154,1.4968476306711493,0.8265609050801075,0.48670646735762996,3.4792474049089246,0.22762298324271002,0.3849651614960595,0.9376335227256071,0.6084382140754988,1.4678663868903388,1.0644642771148791,1.7298050001592142,2.1273764526642744,1.0682570457087142,2.3060476795216087,1.0688664587335335,0.4949512845390094,1.5068187901405652,1.1806697459089548,1.0705896547879825,0.4696344801165642,1.0623067313201215,0.9431189533799921,0.9594590518362759,0.24023741915394922,2.282079647785254,1.2619344325098127,0.4885250386805514,0.3996109138533716,0.37918486643516025,0.2959519660402943,2.0529799939058524,1.3537624872272083,0.4380380150571864,1.8754478160386134,0.932679359257679,1.3114020137278428,1.113809184982144,0.9434405792431232,1.2654954760015589,0.7286074658096591,1.1237395466777775,0.9450176839488791,0.5329035366746879,1.7659543949898235,0.32961163331722115,0.7031107948082118,1.826400183733139,1.0401458206161092,0.8183992283034447,0.6258052954606409,0.4913838549357307,0.7534577384099417,1.3253889521391369,1.6786068792032731,0.7100159883313372,1.31537624226214,0.5719835902218333,0.8021144827228512,0.6112757774500315,1.6610750321115795,1.2709837819184417,0.91673132034057,1.310478004580512,1.101380930281566,0.47898825866893613,3.4060557879799833,1.3292727227914798,0.7805539198200674,0.27698745122615887,0.31581637097076587,4.793971682832432,1.3430992414294876,0.834042417054216,0.7040214814173216,0.9951217474661593,0.9305535716421898,1.6838450100190419,1.789028300105393,3.8783261298984653,1.1614583554571523,0.49492949899022204,1.9532120860337525,5.194263115132148,0.30643279214983415,0.47046504892560304,4.465147530777401,0.9210457292917349,1.9195848763529095,4.746344509971197,0.4812394539580381,1.0673587507182711,1.3770090809957,1.0948954928951933,0.5128718700359672,0.8361911276335693,1.0509072541412827,1.2289238910807723,0.636834395326804,1.3814265982112008,0.7520263875242568,1.0835900118392687,1.4477742797817668,0.2495917716913041,0.921319493225871,0.8668302961111509,1.3936596935069594,0.940247127697355,0.36991045668004696,0.36059995715258875,1.82049635042129,1.9457818419131805,1.6313638423438035,0.1947421596917975,1.0626302131520602,1.9735084369095393,1.5844546768279908,1.093728761314291,0.6344695701470631,1.2672988034554118,1.2519022078337296,0.43582119627762567,0.7098150664100595,0.6411476964021245,2.112791528797732,1.3246659515870092,1.7107285496750153,0.9369873003368556,4.3968072184521585,1.767514637717713,0.3398098404685034,0.9102852225392664,2.1207702253783443,1.1589165164745512,1.2389074693303346,4.0745694356392725,0.6131719352672044,0.34839562546844627,2.673771184594021,1.2853428555418602,2.842012146984036,1.8013539652432928,2.2534845661598175,0.1539762432926441,0.723500896666578,0.9136569854499912,0.34942271287112275,2.418545118500055,0.8926374435628491,0.434829337666898,0.4693274758056703,0.8405229616291457,2.9614174990492343,0.44314637740424806,2.501184790010407,0.8855029178803776,1.8315268986793407,1.2502775220161264,0.9475249664629284,0.6670657688505889,0.2289177491827423,1.0751097298493417,1.9277935475234247,0.5485557899272565,1.1847624367820782,1.427131340103635,1.965873720630796,1.1693093328455015,0.6236041406332491,2.5219468078311063,1.1244666056318464,1.3870325028077677,0.966381888154048,1.1473220075618948,1.1315199618197636,1.2484502405497016,1.580995701629804,2.6126502872820816,1.0410632086419678,0.9974345397305922,1.5916029672643741,0.8221788908958149,2.092283956939149,0.652727767840174,1.0375026971852408,1.1883383558311202,0.3501354013537524,1.388495114068227,0.8402814556261966,2.40905771534728,0.9434798534958968,2.197377630589297,3.030358323260627,0.32883436693869245,1.2722784811548435,1.115856712865321,2.3750428450688945,0.9031980512489654,0.34903805361440865,0.3517074942250581,0.9696275749261181,0.6151368022300138,0.6659231746750953,1.031407178285899,1.2540121562590125,0.4094841413898178,0.4258407286871537,1.2526920205975742,1.232941148553314,0.6057022269444226,0.6882106347992439,1.800265642814326,1.3433325730631331,0.8347670498796718,1.2865730085798426,0.883132922204872,1.3422723175365496,1.2113944041736904,1.0729852368760162,3.7354094746521005,0.4482957524294363,1.2478279038482063,0.6931824159317873,0.8707823390724262,2.016301185774385,3.573001266781057,1.3670251624383312,1.3986489084213187,1.071900136346512,0.6396143696826854,2.467551861956586,1.6277754870736136,0.6172125950117351,1.8226538089959896,1.2671770908902906,0.7893976201490214,0.5796762040860398,0.839167455459374,0.9232200609303334,1.3983586748795913,2.6667555492725246,0.7894531172282087,1.0942582857550964,0.9527608199806641,5.229711070719871,1.5543603370225565,4.10865307685187,0.7203237403164686,1.3917999994488546,1.5757194593930572,1.3249967119500805,0.8333143213739996,0.440644200590082,1.9734594031431723,0.7344874702640087,1.262418564849035,0.13096842116178792,1.7783246393987437,0.27084448235550224,0.2437787016175504,0.5925900335685153,0.3858684787210039,0.22330349872540406,1.7548411893727456,1.0391679202352395,0.2635990317775907,0.907089571582572,1.100475688549677,0.15144172704129488,0.7304928092812677,1.4448804839498295,1.5969371371871994,0.16966472080526718,0.4916304124318164,0.14581203479069169,1.9394422333246213,4.087199529589049,0.9522315026261258,0.690327162233539,1.8471204321055814,1.1224995815417278,1.054711367756981,3.2577813993414177,0.5869654387072232,2.712556621040713,1.7184582995197777,0.7162467637589316,0.5107946519349613,1.3498984798896758,0.34998754790382236,0.6305987085470857,2.4776494677753895,1.591229519168346,1.1000837138521216,0.3069216694196121,0.6605028232190923,2.0508141642854887,0.11629774505299134,2.5162602470762794,1.0170442724313713,0.7275684057250371,0.9058486274422327,0.8379843126648727,0.6576973768038502,0.9910459796819455,2.133156988245197,1.3674619440903433,0.9135979687413353,0.9925924985208114,0.23373911208214426,0.5815096699631426,3.1199183442636103,3.9849364050042766,0.5394276419167389,2.2239506253066557,1.4003440519984547,1.1804520080751744,0.8688087677104243,2.832934266998619,4.291652127589991,2.7195111851114864,0.7729289357169454,1.649109943330136,2.5818481559427013,1.8016713708886634,0.4497164249058906,1.2364338762088456,0.4876152308522991,0.2541947222238311,1.1175969740458258,0.5859430993924489,2.530178751482239,0.7110415955112359,1.5671928522310206,0.4445426783724233,2.24240657591693,1.0740371883800168,1.1374376826977604,1.9838342572105476,0.8845067682720855,1.149348251677968,1.3068657058142565,2.018799495822761,1.099515138611714,2.2356191781176737,0.2505980812355975,1.1313362597748322,1.2110675056922289,0.6558713597385579,0.9539897089535138,1.7306266523848761,0.7919378671297144,1.9496799163703107,0.6906626687713762,2.2400968834245445,0.9897487675991763,0.7790622993189805,1.0837054749625046,0.8008849005572958,1.0571535568674864,0.4172743848860547,0.735219061834478,0.35258563461403486,0.8326967924005895,1.3305254756704348,0.46780264801487836,0.9137580174304025,0.8502529121113795,1.0339084189798033,0.8793283209221945,1.3756706326095864,0.271946182953018,0.3236580319657443,0.747503177152366,1.8162743855377015,0.43828647077314276,0.7451934759561821,0.7060855346158447,0.6269089493443786,0.552748228044055,0.29008184952624594,0.5706206017031925,0.461903348725211,0.8528497295189668,5.891128351995344,0.33087519281323996,1.3945326911356222,1.06285160891637,0.613746177686472,3.9261080071848573,0.34437518242259296,2.894711672143097,0.24812846808094807,0.8592158783366239,0.9092822993824443,0.5897376890016112,0.8713427751956959,1.205669649479023,2.848826784560038,0.25213390139628405,0.6984132334456236,0.3658199099587558,1.237116298608082,0.8486189395749054,2.8199156320283003,1.0201035198595507,1.5826054023069709,1.1002875923049813,0.275078487804312,1.8182104769748266,1.5417778801437785,1.584159005720574,0.41772391100295564,0.631916993532531,1.1624013994687141,0.3517826523586261,2.1333872792542397,1.7569202204244883,1.0569211653040995,0.5607987425779283,1.37139715809013,0.7593601882000809,0.5115284021348301,0.5019729330365822,0.8991152399496931,1.5803338208558033,2.4726804486417646,0.9876689494484402,0.22994790178032867,1.0750337773202219,5.796082271600812,0.7467089676994342,1.5441485304968714,0.9790615161676114,0.5494258457963509,2.201370724224452,0.5433586122113752,0.42718565675504827,2.048038733143135,0.7111910643908508,1.227740176045923,3.223263385818311,1.9356322804870736,0.890930516905284,0.4268743493238081,1.526571599887458,1.7354954060587937,1.2050669853146738,0.15502959825131865,4.375549494419591,2.2741879160829983,0.8484069665331078,0.573698042788203,1.2243217439013427,2.5045982676852394,0.2693293539855437,0.5016739741715694,0.3360865346162127,0.7801435290282579,0.259130375358256,2.013092517870699,0.8488636593571863,1.0566860089255343,0.7133473950532706,0.3643056738268419,1.4687297339801888,0.6187847714015888,1.7370756817838657,1.0641478957523922,2.482231179694291,2.0561641499615986,0.9885930529716846,1.10222382608763,1.3673029099009804,2.216875981169234,0.5965102952578705,0.7919686951113359,1.9993689838291295,1.078493474671949,1.3467749225446592,0.1875631134488804,0.9951038076347385,0.35446166343726015,0.9168843503330816,1.1681264546343513,1.3882107916061122,1.383083408772689,1.554459994277395,1.4392634402634763,0.9352850174089706,1.6458133683175418,1.8458080009812041,0.6867614459994165,3.692998749217189,2.0214152776222423,1.250082309564928,1.8618728161644191,0.4679534345380165,1.2068075807793301,0.372809430962624,1.3945844268977476,0.7419143860117345,1.0241813567105127,1.3278108636738342,0.5022236819646257,2.5805750311317097,1.5392927740716098,1.0747982388355026,2.5990601404344,0.06767521670956157,0.21234766595569632,1.9374777650105952,0.8507832506812063,1.6581297775099646,0.9073312604722803,0.23982147182171445,0.30325507539749313,2.078735437786951,1.657430814839012,1.2764356292394168,2.0900955905342444,0.31111675756722,0.5286693141774158,0.4986010202048633,1.0452627921248399,0.47617898921588325,0.48405107689965776,0.41185754318875584,0.9359928264585404,4.324935385401336,1.0620621148608111,0.5762062945183941,0.6698305120841573,2.0035638307547914,0.9873551925501642,0.9925484897766795,0.6011386985147086,1.0028306646984042,0.5939881223640092,1.8678814944916242,1.8778726860515218,2.296169963887918,2.1004229863032107,0.7272861004678796,0.5962984407761145,0.9803609393331214,0.6371167042979438,2.1499739955554777,0.8070710169354534,0.7848696599102819,0.8211183444187524,0.8743831870356826,1.8717793836266239,1.958635761779388,2.3868150867544875,0.9308380287101043,2.536435864259859,1.483640418877305,3.1442375641280695,1.0309670393691652,0.25049479768932675,2.9106734832551937,0.1651477012878076,1.3882992223940243,1.975269748051047,3.2023177424328417,1.002554032954988,1.008293274158135,1.2233464921137802,1.0909297993161342,0.8914331526188147,1.2465996493359177,2.5232123911201647,0.5907986184844711,0.6394346947777627,0.2843594961717006,1.2136440563831736,0.44405605861570996,2.262460192095809,4.2520608276211,0.6938645470644857,0.9606931927284903,2.928570639775967,1.3529296656400893,2.978803198369132,2.1635910844493313,1.3363587211413717,1.5805139572916398,3.7010594029182005,1.111326538065226,1.6926337192238612,1.2268748220937429,0.8602033834678817,0.4240037456016198,0.6932562168699874,0.2356447446259628,2.7865719508229616,1.8719994363799652,0.9633739422119534,0.8067238636063442,0.9292169789330935,0.45818243263814207,0.6956752234227175,0.8358677670516995,1.6295693063845542,1.1041312130001057,0.3453715487475515,0.9720934594479635,0.37190273751507164,2.894502862775358,0.7211042604281368,1.4661321147886939,0.4831738524056486,0.32222106247418386,0.4232148866972283,1.8833193328670184,0.8954120418583461,0.7155880266542247,2.608461907984803,4.038417063307631,1.4523888607582336,0.24957017053038028,0.5258570930157704,1.210704384275523,2.259372209390965,0.6866001699519066,2.992573582490406,1.063941224053166,1.2939423758243114,3.1005062530132244,1.237042954893626,1.2783935227341332,0.7986002059169413,0.9786798986562784,1.7703835493822058,0.6494770694776056,0.7103852707133391,0.7735112968690085,0.7292692084667477,1.9765846664152353,0.7545585738181627,2.7297579655380875,1.5775735030402214,1.0565789787006457,1.7699291184056387,0.773892618953482,1.0478245208530201,0.5622015855850702,1.2366844963734882,0.574427228510389,0.672373891948981,0.90525159203302,0.9682881049448671,3.5596909544813053,0.7695438178798037,0.8995374939967917,1.1277951768285495,1.1483066494502185,0.8202897852337011,1.1743690880558886,0.7794446212347061,0.6037741354207193,0.7499209147757897,0.58092537254041,1.1800798349498176,0.45875985951635934,3.280941853541801,1.7641981411613528,0.050030495100926886,1.6424123585298833,0.38236439057413096,1.2686207057584626,0.27408788464290046,1.9862976260196121,0.8020958546313932,0.8044037546678903,0.7288030029803422,0.7244539498798988,1.96928480722098,0.8664075223083904,3.130925743648488,1.046668018207395,3.443249721999866,0.8744030453279822,0.29164667601156824,0.5402952337613581,1.5884782890486777,0.43800263844917087,0.26626917010353196,0.6540593545220531,0.25120457049423206,3.047501109518039,0.5387746820231165,0.8892665199377585,1.778355669023948,2.4446403905103047,0.9912871465003539,2.3193411835586315,0.6130060204219024,0.23815257896570052,1.9733008138229708,3.269860645082014,1.9307853576347922,1.8267997196027028,0.524796261963375,1.2506980792310138,0.6613398312101195,2.0227081205923776,1.5549123248049452,1.999001619085255,1.0113929280806337,1.174047850749205,0.6394105022194864,1.3523003457224634,1.455226329664137,1.076940851409527,0.5058075613761234,0.4796759258090256,1.4252462056845607,1.0362764873933585,0.7593755061398304,0.940111650755358,0.6952620713857883,0.7747862588336759,1.0192376495384257,2.82077223773172,3.0833793175308237,1.755018131408697,1.730576929220561,1.0613376963523649,0.8506077012438117,0.3734015061390673,1.7776944364953093,2.6634627343758384,0.9916036861439864,0.9136962272752119,0.7314649739912611,2.0575394427407505,0.32307423730674956,1.1109545817570017,3.362784071740503,0.5085819675381852,0.7402160460251249,1.6331681080262452,0.5686583365789996,1.732031428900595,1.1034975202339121,1.1077457025762232,1.1748755540276985,2.315928686540613,1.2545833317816422,2.9771963105184978,1.0864980812754843,0.9908193043871454,1.0348989465941603,1.0448395335241536,0.5058849954206148,0.5257125970717462,0.2994912867239539,0.49372614750611843,0.5482569107863817,2.958445755081797,2.1815884047334526,1.312647278078013,0.7444823570153587,0.4846687330387333,1.7139313968077556,1.6151979213196772,0.7893971382055875,0.6394876519190935,0.9013210882892329,0.4352691585876548,1.2015823137743438,1.0033326147923434,1.3470733988806536,2.0754193356134003,1.5098227588156914,0.4181342855386524,0.237121701193002,0.6278651095967639,1.0005059381793444,1.4434114358388652,2.471403280070893,0.26308559932919995,2.168916848828563,0.3413166207954983,1.5903329473496075,0.4706716506563964,1.6646252571589857,0.8214842436051539,1.8332922379585872,2.587701777494924,0.8048264461044273,0.3588654165876479,1.409753044903998,0.8950881069885196,0.6307208507098089,0.6642883278424105,1.602580784163727,0.7262046795435639,0.6206066507269226,1.0651009080379001,2.4751576736217107,1.6863717822149902,1.6248447618616493,1.0138652066161837,0.9968631127606805,0.97318954460837,1.275248257437469,1.6798540415117749,1.9158342749915818,0.388296430595841,4.240686685866741,1.4654975094211882,0.8927799086328163,0.7357181337527992,1.6996278263166997,1.9127156306014683,0.6133483441624796,0.1958911348756556,1.1907414856960479,0.5723617523518401,1.535492332339976,1.1877235093600411,0.6267958541874146,3.0617026414684223,0.3604441423989625,0.5161268356953285,0.7852212830604793,1.2862815540990609,1.2072598854383216,2.3395100938846856,1.3873903823400777,1.384802142476971,1.8834560030715792,0.7335409385452905,0.9793219512103035,0.6403653960134754,0.193517353998205,2.713375912124629,4.574995816548767,0.5928098319812994,1.995401568313736,2.70105547317994,1.0313717217369551,0.37518782582479543,0.45212557883708604,0.73483740822306,0.48819581468278894,1.6884878119850255,1.133128633928423,0.6712404683934527,2.4518167523421273,2.1360616233643865,0.3812726730548308,1.4069877348828663,2.090627906276598,0.9018543597028695,0.7914002454938879,0.406950734762906,4.181302366620143,0.6323658498493787,0.9608336296440281,1.1929921310657756,1.6388666501292983,0.5175043503899527,1.3870350290151383,1.635231150603648,1.4037828910345826,1.3058040679508274,0.7364511757161387,0.21167165249942768,0.4413189357455586,1.3519246608701656,1.0533360333167476,1.4620199894248609,0.7731468585135257,1.5340838149093825,0.3005376118506648,0.873469236557536,1.311237046616465,0.9555679918150841,0.6420120087048555,1.899771347619434,2.2782464521446917,2.1471294628193602,1.6128861673456931,0.8994490008816866,1.4346136770077724,0.44137503825842356,0.2937991662736499,0.605781540373353,0.35454960984041295,1.469610453342991,0.962405379954618,0.45674829884117096,0.6777189498250609,0.9399501663747969,0.9163617076683249,0.410949402218102,2.174308151940629,1.6944951240854937,0.8747963042383478,0.9261565956594664,3.657088801055641,0.2643709124580612,2.470851845523867,0.6627705692066495,1.8884974226203761,1.122663430091557,1.531327666942249,1.199330360658801,0.6744457124786518,1.3704342530884863,1.2246134907551676,0.39360017793772556,0.8832484711940327,1.312696982968574,0.8420670911965707,0.7503857935369739,2.1917532179888632,0.640931489603168,0.9850544304831045,1.9177292986979053,0.4133040688141211,1.799622494827569,0.8925132449871791,0.8334962292977343,2.8639902075457297,0.500987630787693,0.372646523296786,0.6952647418183762,2.4932376936405345,1.1538084473626493,2.4721239680917124,0.3271893094109465,1.5047984521779076,2.108461969370586,2.06960623204383,0.9091520041322704,1.5296162010825738,0.9872119835844133,0.6097112872481405,0.5380460302679018,0.9968428665583131,0.5524424594166797,2.0376378926350434,1.9286617423678445,2.5219105335659004,1.2574445348159404,1.7159630473119647,1.2489369897467677,1.323780571297146,3.274672276506069,1.2305492940682052,1.0948591101497376,0.5856265883721309,0.764171730948816,1.3970722967592941,2.0525975993711736,0.4753889591587537,0.82811932185431,0.7011177432236865,0.5954512489307411,0.4067361412644471,3.5176269722060476,0.8707611505235273,0.5984524759015523,1.5696340195390528,0.7548264158662318,0.6850991044809729,1.1796361926765973,1.1376402346930135,0.6519042344780253,1.6539272381685697,0.6603471622857284,1.6033486094601266,0.3086130049908165,0.4927538268602484,1.1328927856588018,2.944142432472913,1.0192822848840095,0.6290727878387471,0.6675211661422995,1.4034943994683893,0.7668294275441169,1.0050107266657646,1.2703748740023337,0.9200417146821765,0.6368199826802341,0.20304379066075587,1.4885311919522182,0.49181495170766154,0.8928515915638808,0.45638399302577026,0.40641814290477496,1.6357218782655445,1.0998501826358247,0.8333152260688985,0.4063584564739103,0.8789840257917618,0.23514413211541793,2.4765913063428857,1.221656810910094,1.686928468579921,1.2618829047973306,2.712161331015117,0.19483821489830072,0.7193933879466116,1.1268754853859442,0.5612748313590417,1.2679860765633482,0.7862193097205864,1.1313227319303978,1.4272174158889936,2.321903637181992,1.098904552977399,0.7667956911946493,1.684637528256974,0.9483287805147037,1.6204184516013669,0.6431129966670426,1.0752538251934352,0.5368730151118151,0.2861806889800302,1.1076886816538924,2.150108741116903,4.288375558021703,0.9597502915356009,0.6030461772603668,1.7463046004714042,0.6991965542740584,1.79285953700445,0.9315733391082286,0.7106929703953077,2.7979385904484935,2.7721110694551307,0.9308710573846459,0.6399244270134492,2.2406225726727342,0.6382479045313139,2.479177675992469,2.1487704207645066,1.438607227540981,0.9437030459426433,2.770842735552332,1.6877108556882177,0.57433358200925,1.9727554136653918,1.0196891575091158,0.8159634082885464,0.2644539601014676,0.878587914345326,0.8147421814461956,1.5982464952269235,1.221730365360829,1.2674089590536637,0.8725362906124914,0.896534743405556,0.7711688556540922,1.7829036856596698,0.38235997876807704,0.550081248831636,3.42126680872565,1.2462475254818173,0.6850684279823605,1.8769417180895414,0.6820399926888077,3.0961705621821647,1.1923061261074945,0.23322792792930094,2.7042433095575285,0.984974248441926,0.4930854468412433,0.5116542760699788,2.4290549814448807,2.814678893914021,1.0224134123635624,0.9646741248843737,0.7944002218717704,0.6725922949154709,0.6409393242368788,3.8038373172872038,0.791764175287464,1.119196461456163,0.6294254359554048,1.1473324658302206,1.5629801035755173,1.2602332226691062,1.3220331309249496,2.6304467350413843,3.0736686139315736,0.4099228535043919,1.6509916237406566,0.6147763775703834,0.6997772827388911,1.4393727065767328,0.632874062142118,0.40091468611250436,0.716616361036101,1.4998550915196456,0.6485784496518344,1.9869414257061104,1.7117013178654068,0.9857821680539736,1.3016685012354476,0.6690243349222137,2.3083890425404743,1.6921560737324062,1.3930169565915262,2.8844325642872928,1.0071682130731978,1.2587946000868733,1.0161567591800937,0.8744532687917774,1.0279603707066927,0.8556198156816016,1.131005058834234,0.8285201066104779,2.962975146954073,0.3354673018947142,3.038924975704373,0.408705408115878,1.7858601798446965,0.906310262655961,1.1268901218068093,2.701623398371597,0.3299176623824631,1.4832259752826507,2.054711851358048,0.49162105818542245,1.2963380446098194,1.5578091887070014,1.9238921585678868,0.7773222260873596,1.1323539206880135,3.040642626944522,1.7301257524950364,0.5547954449337991,3.650332169980053,1.9449559238872365,3.717548612506738,0.933664951403235,0.6593821280157652,1.1104389003260946,1.8610748352434427,1.4328365440750126,0.8319245804195078,0.744115917521901,1.4988257971573034,0.7621064999584448,2.487938855363611,1.0821595519635978,1.8466769931551101,0.8290544635588055,0.8250228226759149,4.231914570542214,1.5789262267250073,2.2127901897397946,0.350131648679961,1.7637152359441655,0.9367737313863259,0.9271014523776959,2.2059528686936423,0.9170619565849935,1.9661991039118165,1.0081769703588495,0.7775461432599655,0.7803620344671173,1.0180066922497004,1.5397678296193702,0.9548920559176489,1.06101033678928,1.4252271239339147,0.9335363459210939,0.6127729168534415,0.7721957483856142,1.0233727763756977,0.7740386879593157,1.4935072936545997,0.9600949093155993,0.588141836057241,0.9114265069295501,1.6335836664174035,1.1783282650121716,0.7642310324595354,1.2070033078384077,3.3715796807583924,0.7198576131763874,0.7960554497448113,1.2920336241161228,1.514034405416772,0.466765881289157,0.32646608082517753,2.285856583819702,1.0648616855910373,1.1266712538988402,0.7415155420593421,0.46447852550115976,0.9784624413761606,0.9077368721848751,0.5109052508825348,0.7991219687915202,1.7177362654513506,0.4424185336460774,0.26604149997600723,1.263030905755676,0.5130953847462771,1.7663575323618503,0.7866606268420402,0.940242892045605,0.6172261641184761,0.8313558726278594,1.3742305884709412,0.5218809333740315,0.7592161252534005,0.53097374158141,0.40366684912194734,5.3232099182557375,0.5049215240627527,0.570531361116944,1.5447364497772182,2.1438509763541083,0.8926781057008369,0.5657354289280435,0.9548264400496711,1.5117384528969753,0.33103750691938616,3.586803678622316,0.899049264917832,1.185479758305827,0.9701239916707232,1.2272591194975113,1.7226390813206007,0.30174533688752436,0.7370382692546795,1.5208519310652573,0.91080076073853,0.3790831688061782,1.8666821460771654,0.6376402437312703,3.7635322839145213,0.5576712059592841,0.5048400305532259,1.9260315312237255,0.9313672918019198,6.724848737987627,1.0336250766421182,2.7527799906545773,1.0333325096439279,1.940543625896637,0.8189523205477631,0.3361331119628006,0.5240443853481449,2.5882279251687894,1.0284129854336572,0.7593737423070893,1.4294082732622826,1.2315591237578787,1.5863536535592921,1.0493551816325075,1.6795217620468008,0.8170102108052008,2.255402037605338,2.3233568055243747,0.5049610830455972,1.9470758410708275,1.1012120567172121,2.944477395337775,1.2997273413891557,0.38300609844045286,3.6116051065368815,0.417692810544658,0.7384678214730933,0.5290000528084845,0.7852399201150657,1.457606938781367,0.86971775310577,0.952553031558538,3.752902166105669,1.675431895954384,1.5327724723989273,2.2573531501313706,1.5497064686155309,0.6447233606364773,0.5918296101792786,2.6783094260966602,1.7265892861182608,2.1541865439701833,1.7766712881854938,1.118263010666217,1.3249946835560813,0.2646332256509079,0.5604641555506623,0.25828584576823954,0.9319200536349701,0.6412264492148124,1.046296419848659,0.5795261045531437,1.6313421039721068,0.8465340316066039,0.4340044148978077,0.27869701368735683,0.5709426974175348,0.7858010404937792,1.9903856065426415,0.9611492077273691,1.5112253546435788,0.21104089103643137,0.7500338958483457,1.3700714421379927,0.6263125245483587,0.7151364898366782,0.8979116484965319,1.7740542778932402,0.3730885813691023,1.0657606346877617,3.254606261366312,1.0626160695867335,1.2963457009883104,0.8264892261659434,0.8329905658741763,1.3474731291277593,2.6190824419282537,0.7654253993637015,1.3935195380544694,1.0316251264535468,0.5202704610339101,0.6438243315383637,2.3750232240535722,1.1171270202293222,2.4401392955467,1.4092495124786133,2.3857904031227806,1.069157205410045,1.4733115389627038,1.5920992934743907,1.5013942420348563,0.5827460486001255,1.6319765490815696,1.1626429823909992,1.1439262080979813,0.5904935580934881,0.4695405823116967,1.5398226270825646,0.40776072830723187,1.0540322606258146,0.8924287235093687,1.9532091634614397,1.852966499556212,1.0549166722462315,0.539018503989868,0.8731145490326845,1.5625540467047705,1.1531725434787437,1.6177016669683344,1.3287923256897614,0.7949275019635863,1.23125927589041,0.8190125929595127,0.6619299911750618,1.3332709628326151,0.4189879281684682,3.704483945308098,0.8167769336401829,0.45049396171831896,2.0549126759868517,0.18390504812353684,1.802618832780724,1.8825841123069467,2.490296570085269,0.9746138649880203,1.3939401575978327,0.5310535727260576,4.045709114436717,3.846306841866219,0.357193755409101,0.8115987087931043,2.3144522803782808,0.42972874716308873,1.5903252503194034,1.2048805189962943,1.6986136449332716,0.7305735478862383,0.98606346313459,4.230828625268461,1.1740323008796136,0.4269712687370735,0.24368808296371613,0.8785277463829488,0.5340416988634017,4.019157951934201,1.4599438029483112,1.52146691938119,4.070093661539965,0.9208202522516523,0.9924794368648175,1.661555899168016,0.9261645560999194,0.9178310456313812,0.24241139113583407,0.7077202440029685,0.7621965960199113,0.5013626381922609,0.5885630993438473,0.5414871946177544,0.29470844966473386,0.9448686916949336,1.5921354358629713,1.5096126957177676,0.1151414163566072,1.57666572420506,1.924451345636731,0.9623773953747845,1.0586328536199165,0.6358260150976699,1.1672919640837072,0.614108183479175,1.8313116168712242,1.7257543732942107,0.5974184384182588,0.7223999145263635,0.8390281823880801,0.6335614341030734,1.9379716219863672,0.7257943620709497,0.914702557415646,3.419294719566198,1.3753928704848208,0.3202790126364685,0.5349942569628745,1.0670528938276536,1.2783301754574543,1.3525389149580813,1.4348994204416206,1.0350842256441328,0.40844941330753326,1.1733291683882394,2.7971308693376384,0.8509191559474883,0.5001588796439046,0.9972567486808767,1.368254379841397,0.9564464190583091,1.1843313084332325,0.2996888278155069,1.5428685299331024,0.4124107384047129,0.7079059332731024,0.1931477762607854,0.590569903470638,1.524961365405882,0.46457892569383097,1.4486565169599537,0.3541606937218702,0.5784075584710819,1.1713815902750908,0.5862652348918334,0.37499959029281343,1.0700020508994927,0.39928545001121063,1.2358574560695916,2.9778320634745956,2.230210733365017,1.539505954491544,0.46917796684667906,0.12986210652745567,0.7271133418522541,0.6856494179231771,0.45464170648833807,0.4653255582304055,1.1061688624807104,0.3389801452863662,0.9106846008589278,0.9042501191504486,0.45775524388031313,2.7470530958398474,1.1326825376099414,0.7950004449815635,0.8843555557735668,1.1759038417905356,2.4253020764216697,0.20768996146470992,1.328198033294519,0.9108311505721813,1.152994488431399,0.4616465803714105,0.9469504243276445,1.0842198464536756,0.7771670677694225,1.322752407255467,1.4646094502853504,1.006424162418424,0.3256294483848104,1.7760218808482309,0.62343262324133,0.8455019769195573,0.2164581923041219,0.9693365024094897,1.313132704272756,1.2293509722798273,1.3128495191761878,0.8495398302552412,1.4683569874232405,0.4445762287236882,0.40919279417784915,1.106068051960992,0.7114561897237809,1.5186600404467163,1.8305828492358103,2.0750220447919543,0.5205867632169694,2.8313466429503373,3.373356782932987,0.6742303620938478,1.8878402349134205,1.354989852644738,0.9047920631531348,1.7255674909806196,2.761141586949678,1.7098586554145478,3.872272810684298,2.2321343614325806,0.3048522871456353,1.5608279930976643,2.6067715283358446,1.162296196964358,0.8222860417714952,1.9255037491792055,0.828327969788054,1.8130252185333258,1.6202811629061062,0.25471207231224113,1.447592317084579,1.3793584517028923,0.7819408688589173,1.1947980186202118,0.7698345790187263,0.9084089568314998,0.5376414985776532,1.0868037126852417,0.2808810783739393,1.6801623655035534,0.3511004056006655,2.435161621192153,1.8714180994093668,0.8275631195312421,1.2884450235414089,0.888605909391699,1.2532366926975604,1.8116860083690676,0.5511994532894723,3.3570226490260135,1.5110442515741267,0.3579335696523305,1.1358976295399357,0.7864242380810392,1.5010911452088325,2.7095412992314536,0.583516031993559,0.8410486699251705,0.9793971493508306,2.58525866662078,0.6340772532892376,2.598652550173163,5.469230517340273,0.9645753386711748,1.7771085060023164,4.104955285160389,0.48038172501259757,0.5676168430886985,1.4567193950748305,2.682099849885805,0.5234462644569269,0.6690026723600214,1.48351699634191,0.7744914210801461,0.6732301145015482,0.9885489586552848,1.4117019338611572,0.5883771111275311,1.0940733817292068,0.8207174104788793,2.4215318464826825,1.0730314539072145,0.7426816856182719,1.9975889675418437,0.4528182995375559,0.6629431729971669,1.7106628052701973,0.8253026711707409,0.5931972235157469,1.5104601830702142,0.8168450289441028,1.8345955519592856,0.7280613909581124,0.536138164898243,1.8123537278792368,0.9140105729314993,2.4147055128666013,0.36746526629181425,0.9448322497703598,1.0908995929103875,1.0619403738646696,0.7074241981215672,0.5614843294427818,1.454993105160299,0.6914394806447796,0.6761469989263523,1.946592848162193,1.3525858458495734,1.3258675352810423,3.401157906428845,0.7942602540432462,0.49920118488504117,1.379773448421187,0.33753800418220187,0.3137457495057044,1.4050260925120077,0.503635827322675,1.0767586886877047,0.6484246118545672,0.5622005039683596,1.18566839331135,1.2267053475983003,1.3047239374804926,0.7787796294111122,0.18768217436049234,3.1237520012621003,0.6221636007129037,1.2239136100802794,0.5794813300553985,1.181832620442402,0.6220009915176489,2.888912056870308,0.3438325989012479,1.6268194858952048,2.2323002214410086,0.45943828363197986,0.7620020000293959,0.6879633714477361,0.8009789646138491,1.5036712736760116,1.0666824103983292,0.6088696378522653,0.3265826713586495,2.5532149995849776,1.3139937377239004,0.621421073473103,2.013558930480531,0.40936582866065857,1.2563229695783196,1.9575581762928078,0.42840696671856604,0.9000372978553854,0.4892228988100814,0.8016553165803796,2.076522355112148,0.8722764857504763,0.5073721913305851,0.36761952374696655,3.121892462216301,1.7238978435641759,0.312092600983622,1.947076923360815,1.1536222711491189,1.4985473171729042,0.554593402623486,1.2193295436439529,0.7750006663045421,0.5437206991323638,1.4848400594312705,1.4146725765338286,1.2819548863094643,2.452195893529567,1.4995260527564627,1.0035071353245142,1.4829139218821834,0.19990171499239012,0.40288556513876445,0.5347502654906058,1.1421071922171657,1.098930193612761,0.7171176498356013,1.6292582222947127,1.775446169185934,0.5980565073252689,3.3348138755083685,0.38394047391814434,1.7187926894976662,0.5683428020275386,0.3108254882730691,0.20820592020832662,0.7416352974286947,0.7611020107318494,0.4161919176912302,0.5139046132210523,1.9237263642075388,3.7192211920032188,0.8798492020116743,0.6392305655583602,2.8337559149416176,2.6416260566539713,0.6026504312434978,1.061048243004826,1.5402853256711029,0.853868168700662,1.0471720682801904,1.636846566183321,1.2315934326821218,0.9396992716572667,0.9968781833448401,0.7527767210322229,0.8256858886302492,0.6128684569144426,2.187789433490218,0.8413010496066023,0.9736896195563487,1.10129826864643,1.1627652383636777,1.351116329210073,0.6451786726543114,2.772609613239577,0.9423798688938053,1.4604567551039855,1.722463344133014,0.9879186364541689,2.1084043480969106,4.007420418535613,0.31337258880309404,1.659755146478707,0.7772742946347374,1.0620493649090839,2.640639830933595,2.6133433944073423,2.5689360969306265,0.25808043624196264,0.4768234020046459,1.6799746878807762,0.16518861703412555,1.8853343871904167,1.6722854040894843,0.6230415225903398,1.0303299244305173,1.8167946292513315,0.7150933469535801,1.2795393672714945,0.4154964069115967,2.2783947654296894,1.0218660957750865,0.3118676221399604,2.198407061216003,1.7836831681160488,1.2592041210700688,1.553683854798957,0.5365555952251683,0.8716955872855836,0.49952650555833733,2.8319762805769058,0.6570133920284906,0.8099684842568158,0.722189715822374,1.7946555497100158,2.0324902578351414,0.10287905456212908,3.4033462529127383,1.0348166681343813,1.1995128295555066,1.6524513555369995,1.4623400598670573,1.5350737775694525,0.6532359611652929,1.8237789325952314,0.7071847061031233,1.1803110383679998,1.303200190560316,1.1155959246016434,0.21735631042047066,2.67410882991954,0.974896391603119,0.23175965338528604,0.9501641549622544,0.6166999706710856,0.7334609210543279,1.0513432161777057,1.185326027316102,0.20817186771870716,0.45853786084437165,0.8040819426832456,0.5662770763606709,0.5312567735275233,1.2728320931158401,1.6474011982788754,1.9850721188362301,1.633565611164295,1.2722067374247814,1.1758587284686,1.671433327413971,0.9110355137758416,0.3263676969027101,1.0547841324153047,1.3962739365044876,0.8903443880414876,1.1019090915094119,1.412640888398323,0.4542863979185935,1.2256829394201856,0.6029684073863285,0.6108230830642061,1.7803361104019282,0.7534590318393635,0.8112232172029628,0.5300858077594401,1.2297612578212753,0.4140320569047922,0.7260390937911991,0.422933579123578,1.0123461657245647,0.8788655886932478,1.2994341252433357,1.6005949114578082,1.2866915707819873,1.6151170571820925,1.4191627561654683,2.529070523218533,0.3155943399788099,0.568934801163235,0.6062177532761263,1.308919945311597,0.631265282426056,0.6936809668909325,2.011770566147318,1.7042172091529402,1.5044891670607408,2.2019088748578293,0.9376301792542995,0.3733644922465886,1.714333149174636,0.9720870253784111,1.4930416089205822,1.6620333408909809,0.3628190654625786,0.6358580838467871,3.9106249805093856,2.167633507575426,2.3366563274497167,1.9593595701070408,1.4144515463239349,0.43570572622239867,2.017095212139867,1.874488358908914,1.1237119515822958,0.8599825935769776,1.1445575977006566,0.6719898357536707,1.32900332840451,2.690977694793775,1.0538553558578099,1.0034903500129513,0.3209214158828029,1.146735659007048,1.7375074648071764,2.2639088564491643,4.121181305948066,1.071110690663959,0.7085473706390336,0.2559830792525555,1.0510836417702012,0.1120561714789288,1.1843285345296604,0.8058170328921168,1.2574720714465502,1.0852903201095858,2.68634451800834,0.4026331306051686,1.50364919119174,0.8330671274871528,1.3873461262908349,3.2074647151558047,2.3376008786696927,1.1326965066962802,0.2500764798051795,1.7448762865470786,0.4429794405571246,2.8278255206875347,1.1611794826484327,0.28585218616881886,0.35929113930399836,1.6979391537269282,0.6713937436003415,0.9724972721715275,1.3010610688695579,0.45033393995785287,0.9842720816009356,1.0676636613109869,1.211902955464799,0.34382224592680466,1.694649764505849,0.4623631951537577,0.9051679755266604,3.8960946279586848,0.9734468336555511,3.483140538798301,0.5331441243673746,1.9299656900101008,1.9757435736006101,2.1038247236474223,0.8284196361564149,0.9973713902606398,0.9434777461991117,1.0980660585267041,0.644406340174344,2.226635863800267,2.0311146061789414,1.500654481984506,0.8048735866013902,1.4447675675090212,0.8696584652933058,0.6879335851333519,1.0796222713523753,0.7368191102740073,0.7542317336721781,1.1529331295342162,0.7515120580076627,1.0056432366872599,1.1393055705751647,0.6753001627740068,3.4749643856525023,0.4769076374125718,0.5450804428388611,0.291720580227321,1.2700815399812644,2.664279706041052,2.7726685354074467,3.9132493220595417,0.40924110254031154,0.7175766130902984,1.0701988789400447,0.5224275318972393,3.4318562694373407,0.7963626281298878,1.0049405085126444,0.8446494302335666,1.039092789587924,4.0767100815363575,1.8572668028465888,0.5245931603362635,1.2176296694381499,4.758635814805018,0.9511014132366231,0.2887970327835355,0.858468683307946,2.992924102392844,2.6515259850616304,0.8290646531774842,1.2759905572035395,0.17761793998565528,2.5280252357129758,1.2062958168504077,2.0001804842598085,0.450109007341422,1.7049076666350187,1.3894777535026404,0.9397435556453178,1.1086540600412975,0.677686284657269,1.5065660236809613,0.4747092301978241,0.6690104816343821,0.19825703039217196,0.6224038663143221,0.7829624103914188,0.43683197684987574,2.7068012131889447,1.8113101219226329,1.8002274686410338,0.4249354156334956,0.4805092907658658,1.4922741084181963,0.4226042825947436,0.7857787111738072,1.510528177298511,2.8242621354879023,0.41903442783402745,3.844114733443495,0.5524236176373603,0.8861494905802303,1.716014424854705,3.9498132476885983,2.593547249755696,2.0495501903343802,1.3344297929757025,0.5709210011396976,1.4266737971490053,2.2918353238770175,0.9739820108948932,1.1251483884888966,1.130732051643934,1.2815400180882117,1.5290531714069506,0.7965493704570976,0.31946130781389903,0.19038492935133616,0.8910771470328639,3.898080768734393,1.4552312019066047,0.5301333671868131,1.2848387579824736,1.7534753154049607,1.2339874044184898,1.8947464678779646,0.704200971749299,0.9662961057098071,0.586440690554935,0.6990658633179057,0.35867580341284894,0.9078817633216842,2.266139911845717,1.6804673687937333,1.7213968250383502,0.9463270481624567,0.3098282556294505,3.0533992325515076,0.6741008455835439,1.850051534620222,0.912268434459237,2.488895082402037,1.4533580365530216,0.5846903460553745,3.1473116756111597,0.9770132857872285,0.73887686423352,1.5939518457001909,0.574817730428973,0.32788842678209923,0.771512837151241,0.9050901604334539,0.8434457116490919,1.3437529016496919,0.6528368371141725,0.6036805928176675,0.6009058558165894,1.398777978192327,0.9885156483230044,1.2143270903877046,1.8245589406487415,0.5888881202363367,1.3729652868193305,0.9126518193363597,2.171418695322343,1.98940175240077,2.281430036167181,3.570018405677715,1.1591249205110754,0.9659134036419468,2.6044529681237485,0.7073787308979322,1.6426662811437072,0.47902786451012885,0.5782798549458877,1.2040725846570954,1.7752494000590437,1.894054582736984,0.8672401183309654,1.2237834473753217,0.5905687512147204,1.3238279551345835,2.873428944275017,1.3013413219522583,0.5482633157549198,0.5138728578090332,1.8172188127606015,1.2784083472059198,1.2613222258744488,0.5432400775584867,0.45731599920067667,0.8030519383043149,0.6427223465171664,1.5957735128525679,1.714418905474518,1.904033132417806,0.6034835403902227,0.4830528538638586,0.8791998399209247,1.3556793893607497,1.580717658827729,0.8626034360203716,0.6255960562455385,0.5896068266431234,1.8935246014188254,1.4788285525785505,0.6747256808925461,1.0951901706782279,0.032537103037425005,1.123128086355514,0.6087227925802969,0.8850814091721267,1.3707854231083454,0.9452296285977467,0.5362028437754776,0.8249532425983795,0.6290960649701783,5.45372532319622,2.8709171096839734,1.0602680348629412,3.274151437303702,2.565284273940641,1.422582149856517,2.7836777858121975,1.5258818482528893,0.35001466374670887,0.6228708330170065,0.6524827643894264,0.259925072181592,0.6025175737303096,1.2956139370323076,0.8876946806497887,0.7525698501329794,1.2516940964229988,0.49800792473419986,2.130412396128751,0.34740396098537185,2.458327955147881,4.1584596194688865,0.8578327416930771,1.0280364264751838,0.9844805078306782,0.19426845733490256,0.8950218738616708,0.9862091636628039,4.421452083383128,1.38268273300899,0.8459687036807526,1.2279286165179448,0.2491228049758466,0.41104465536014434,0.9735420299151063,0.4014690879797057,2.12742644461895,1.2153321098970493,0.6238282810533065,2.2678369856412353,1.427018913704586,1.15242696236304,1.5590178970721944,1.4310411549527693,0.31716780258137456,1.4007312821157314,2.1589974097047517,0.5317200215349739,0.9302731665642276,2.451872400052604,1.51343936048843,0.7429663900770913,0.697992892715005,0.29890486579900843,0.6639776876617849,0.3010297925211872,0.6865591689763058,0.11726296599063887,1.8667644062207651,2.696435458089989,0.20801688230281798,2.22662823439289,1.81655036276677,0.9249705126042568,0.30518330977006264,0.6349966911860699,1.7723541118212844,0.6609032440383039,1.4969481621093683,1.750306766444406,0.5630471423990002,2.567721222886026,0.4672245837172666,0.7602532553767027,0.9534371896994127,0.1374147191631679,0.20574566070962746,0.482029546818749,0.6999167607336375,2.5184939554101082,0.5918729183670002,0.7736335107709241,0.1767135924127727,2.88070091308076,0.2848668241285456,0.5999689941200635,0.8777866060512162,0.4504146534489185,1.8257734590406363,3.5937052106583076,1.4969233962908066,2.363306576697855,1.237126716685695,0.88944673435486,1.9643102879154357,1.2918853052902053,0.35689609451176757,1.964803644883058,6.438004436610863,1.9717074740637741,0.7329985918563262,1.1551638507789637,1.6069823816140922,2.0696785373627513,1.3363296963989562,0.8363229292595953,2.4138253889820986,3.6202385318047074,0.6762480081413929,0.8413516800138753,1.7778850065415848,1.2089137616893273,1.4278984408782311,0.7707476404130265,1.6241626745078763,2.6310214819587876,2.6844311458759034,0.755181693553785,2.4123502637789103,2.7497279710956763,1.794239575783812,0.854963130971364,0.8148081888212423,1.0629292042633653,2.7204295928913576,0.6024057928182881,1.2801069181316709,1.3858244565060167,2.388149411346935,2.6943503836552187,1.6647690346171198,1.546875973803564,1.0583546140621096,0.6760805760898446,0.9856664297425096,2.1213875675734437,0.9742980591596888,0.9477506269292569,0.8877029412133379,1.404013350434552,1.1766223956762585,3.0113403998660844,1.9641464325128968,1.8397395030915884,1.3253993576490046,1.0427525623885023,2.2511795608572616,2.23015194988916,0.873931697459867,3.9238936811778853,0.22720083647370296,2.2364469702998178,0.34963636228710937,0.6006329782598576,1.3754961534533292,6.100498260880376,1.2742568328747483,1.8623961174100445,0.42511524150640095,0.47106224522661844,0.9632696125403164,0.6584572650929411,3.3712324817267345,1.0599240027567678,0.8599644329514008,2.1262823257852768,0.6462865194479518,1.3750072316708495,0.5627694210013909,0.8126831421030221,1.3578246108900283,3.334627975915112,1.7177478259757772,0.1855550274974798,2.890493831619169,2.5723707889194007,1.160613919428232,1.5757077167245872,1.4476276419254812,1.5702052464277256,1.054272878747558,0.9256925150684862,0.6265045605209328,2.0817285128445575,2.6658825714058656,1.7324119647861616,0.9885693351723507,1.1771713956066674,1.1180444949758006,1.3617969135673635,0.6774975757641639,0.6258893283720721,0.9933660786993606,2.451694276935678,2.35781982697444,2.231329216651491,0.7225222092440249,1.2484383686011016,0.46129685901120293,0.654676339803288,0.417644707757157,0.49209984901069836,0.746037841915969,0.9393603858311872,1.2366296542621584,0.3591075189573796,1.5035013247591715,1.2898947347212422,4.50740413824923,1.1863985437366351,0.21356082728941705,1.006827886743017,0.41932015550966906,0.5676521093436565,3.269652218001363,0.7942379252452485,0.2464037525856334,0.542354814593203,2.9239164334995174,1.8988488333392821,0.6729065028474064,1.1305336468794098,0.8825878291685632,1.1268752836056632,1.371656340843118,0.6491120425348988,3.82373098333485,1.1225910686537095,0.16851252908443964,0.5922765552576432,1.1852577382400795,0.985389346718916,1.1893232694748588,1.328217018459478,0.39823239165684177,1.8583513068782453,2.6842647172055814,1.2105027605947167,1.1048292528153727,0.6825416818868881,0.41597648422505584,0.7028519754510449,0.5833407141192501,0.552592280418468,2.0226831707164825,0.8977592639480931,2.28116534469649,0.7299460207988653,0.7379268347349048,0.949296083585326,1.6220201504500276,2.274946106707839,1.7617641365218268,0.2887881820456737,1.2738552506899075,3.9610737101998885,0.8704632107226072,0.28051533990082717,1.3309001497378465,1.1247589301625427,0.9463058491312225,1.8949867074246893,0.26407406140507356,1.365873234718149,0.962456311030198,0.5411546196466767,6.076916806442009,2.03484111370799,0.7789024125625938,1.079853230671906,0.5337795966453674,0.9618150260254533,1.4093901649706633,1.5687941661259344,1.5970180476163056,0.747602380371916,1.4965902946756937,0.5902832931667118,1.5586771811160138,0.8755513995948815,1.7931206328192335,0.904889142934056,0.7747120045180376,1.3743001341978816,0.47318036862109597,1.1418204459293995,4.462590119654622,0.2962650482257933,1.8789128741191479,0.4838370770990771,1.1010577282855403,1.289496974931013,0.28103584983406704,1.8308915867965871,0.1563342057766161,1.5444252139536205,1.029198329184948,0.5606890196082417,2.1777397749099734,1.341640281840622,3.999525549840798,0.624500127793975,0.651514656868559,0.6639440811258945,0.8892787597417453,2.9661405830403775,0.7024713802772965,0.8951929968908161,0.7960081053019404,0.5058025285730479,0.9443123259509648,2.6066785313715983,1.40465307698666,0.6355795994727412,0.3733622772656743,0.3773140838787523,0.44030152187665555,0.9882219846013245,0.558948965183541,0.4475276352443367,1.156563637808682,0.5673554764649609,1.0231282555311154,1.0339525601845265,0.7501800708975603,0.8661224235202183,1.8163851908338267,1.5603168297626269,1.4000656447776572,0.8151920774921504,0.8633881907443517,2.667686492522049,0.40431377902868915,1.1166828715373613,0.4079281904707436,1.560010381888762,1.1034006477415825,2.398682173861966,1.3410149157717883,1.4414056687029597,1.6027669345518825,0.22519961948878156,1.495836327233615,0.9938424665087103,1.4929290368031836,2.9573381339261773,0.6683234832268585,0.8060965852206683,0.40090943512099314,3.1703270947887465,2.216013775466732,0.812159241469919,1.2976881173382946,0.8222239802261826,2.9824795675383946,2.8945781015087397,0.6498182696404055,2.560346104643819,0.6907328635160801,1.416602874552265,1.1331058410222212,0.8386926660197811,0.8273960140228246,2.1879351595593253,0.42139898691004984,0.3228862950342009,1.3419156631809959,1.313175126047567,2.917706102559897,0.4513360272459798,1.7110826230749945,1.367683332073161,2.1934986477783984,0.6502437609170235,0.8635944067340848,0.5717736997178618,3.2135242939842397,0.816701503305856,0.9192953145275147,0.9173674798345359,2.4776647649266392,0.1448350315955083,0.2866248996320605,1.2236849736755782,0.2742686419612478,1.9771424263199928,2.1826548000257855,0.4670776289385917,0.2788951959803436,1.2809140820326435,1.309254084238608,2.06271815208014,0.5488416954397473,0.4138350515718976,0.6573575660626088,1.6725946918157615,1.1868214015707643,1.5482124596214775,0.8533685151386422,0.3619342012972153,0.42659362282968827,0.8245449352387006,1.5238928074894555,2.0341348207574037,0.628072050088061,2.577844314974578,0.5885105705082172,0.5046923586825233,0.6875455166403988,2.727991140429688,0.6036617050731625,0.9956485100902333,0.708381075332755,1.6322513653874269,1.163237191770143,0.7758295461524685,1.119739049088778,0.653269627483788,0.4696594172969523,1.9495887434132442,0.1398341539018893,1.9421371280290265,0.2307627233424434,0.23215792389824086,0.3118816183025189,1.3273128188767958,3.352009651022306,3.0858249632411505,0.6302626824195086,1.1188529446650608,0.6566800451858168,1.0277907754816327,0.9856294246159697,1.151771020943939,1.4801527816250541,1.095966800299697,0.5773088047057995,3.1160940081904096,0.8454856626365359,0.5785636964879581,1.2172099577686053,0.6430987005256941,1.5257148315692555,0.6669863842636797,1.0201726998249536,2.9005966551423206,0.6834332490357956,0.758621302384858,0.5766326723250605,0.9972719320357298,0.8302011184404022,0.44912346199141395,1.3052983169928756,1.439460048035762,0.4827888846567683,3.4425155833411245,0.15634076705688738,0.631216568180962,1.2588386172605266,1.8036233071938537,0.40073049330914357,0.7091909956925503,1.9421714881833705,2.6621495408186053,1.7178273780981894,0.6844732119467596,0.826533907128485,1.2237708346386587,1.1994469591930803,0.3256420005746685,1.1976736266707162,0.36889259112951034,0.9153239304455714,0.6650056393715635,0.9380597484551116,1.0086537125023116,0.6858174927466696,2.60114583731438,2.821393909358201,1.0196881020626234,2.3983318198234436,0.6694018205008236,2.158498815528625,0.8087057275852775,1.4971578488609076,0.5126810209733135,1.372932981810234,1.1473732239540173,1.32621010095017,2.378215285393539,1.3156952963512354,3.401755412411243,0.9087296243040215,1.4384143812987769,1.7554139235868667,0.6676132018948217,0.5601289265459581,1.6291069651087111,4.64826282583391,1.2733593518677448,0.45091419546829753,0.8404856847314217,0.9475482604047518,1.3328431079790326,1.9547562095579756,1.4285395058009496,1.6743453565504436,0.8863450376712603,1.9754159077910771,1.5455750539572168,0.6652235956567084,1.202955588433181,3.228101885322978,0.9333652467805873,2.076453459078835,0.48605740579902057,2.6260307073007056,1.0269820543612564,1.5710482728988728,1.0310936725273185,1.8140414733287,0.5900236056603118,1.0864129508509164,0.6397166780821002,0.7188090379213607,0.6543424241302811,0.8042138026351588,1.721751979437507,0.5959700329381954,1.0847809759926588,1.91948357433642,1.418684490302083,3.46108433659499,2.6863085592997464,0.9246632462676437,0.770721464419063,1.1066571728590486,1.8678519318547002,0.8493928276510891,0.6236996905846184,2.250150385359527,0.2247465396755577,0.7376993255280678,1.805254912032359,3.153562963670256,0.533659018521348,0.8360299579946665,0.571042743520503,0.8578044590508629,1.004970649901442,2.6277264005268877,1.0480704213472645,0.6866429975824709,1.4001525165745554,1.760001438129863,0.682719776758443,2.641422806221419,0.514906703364135,1.7315180197021331,1.0171279027695266,0.6086611370216772,2.2371700298028783,1.412017882674279,2.089592812492762,0.7868322165128687,0.5669272258942002,4.439860528511502,1.9050402441149983,1.3092365238709425,0.6466366467570759,0.5243526253957572,0.9745345856970009,3.631727605022935,0.6135656067266377,1.230009007039418,0.6298016332547929,1.4868581770028164,0.4440808677493858,1.6890887005098465,1.8909058422035865,3.3053976013078237,2.4275658572391956,1.5953341473029974,3.1470779896257333,4.457397837896693,3.064879926861908,3.0656958633675018,1.360362129038032,0.36992314486600064,0.8105465736592511,0.47445983255807084,1.5465185680166176,0.7292502136826502,2.81376986038174,1.8882665522020008,0.4330539497304398,1.030333460792665,1.382405522912607,0.6583673939556548,2.3433448949968017,0.3514100715031422,1.0173673846883893,0.8523417559862146,1.3877960856955998,0.45752694194363475,1.39865438642865,3.7957399617518544,0.7688257593871117,1.8052060647833246,1.4597359797405787,0.267008584884769,1.485032551336598,1.264781492740129,0.8023725116986188,0.8048866549377697,0.5822270721453997,0.2620359113140074,0.2375218830356349,0.7708415136777071,1.4030066493054472,2.195133150147593,0.6714217575830651,0.8139356370114201,2.8746882835289385,1.0665030505973696,1.6443296333420203,1.6722301518431684,1.2868026472204164,1.8690352736996385,1.0452454121696722,0.8939243476605054,1.74776496572789,0.9280952771787588,0.5791054981302554,0.9378889921241185,1.2285219376231635,0.47415479531484417,2.6867423759347244,0.2352755212581012,1.2070551433749743,2.039353867661483,1.836437045073386,2.142122020308225,0.7066108629703924,3.3270882313957344,0.7948823008293842,0.3309046686294423,1.3959689359498433,1.3079850660566215,1.2534911804594426,1.4154141690379338,0.5166606275861324,1.029631204817538,2.9646291385552654,2.2279673744309205,1.1121302781816342,1.6546727020120873,1.3477405510046325,0.6050268115754185,0.7841961168265563,1.0164813279465639,1.1143748299502525,2.107874336781307,0.9670023763436071,1.1046214178377984,1.5590581619451824,1.6442939058598787,1.5966189451532151,0.7774568261891918,0.3528636406123622,0.10756497627558183,1.457474746161215,0.5491299745393661,0.7621002884152379,1.2895514821421958,1.2472110782474874,0.5383169711996509,0.964095558708985,0.5782183859684074,1.549758325154896,0.2623568277436709,0.68979863710044,0.5493952769710729,1.4424333382238372,0.26994256976804115,0.901479266495714,0.9253945781399261,1.6252512208706005,0.7176506248456247,0.8572177788516324,0.6461134354790545,1.6047705767403506,0.356848746003562,0.41896600580816773,2.102180934924671,2.551210654266759,0.8790849216491446,0.9099745139292585,1.5456797536628701,1.153878183528231,2.8975808340316833,0.5938436178884375,0.64558979182138,1.5866691961276258,1.3811242124385597,2.7693427818482164,1.3331234737058484,5.276051407711551,0.7427568239853344,0.3425313801585115,0.3743368122805461,1.6075478190018533,0.5660225796826169,1.4778483198194081,0.5771895174650117,0.59821432113977,1.1863357053705033,4.072769379279629,0.9683671361817295,1.2049608894710357,1.782261873192663,1.1568084728319301,1.4516741634931158,0.2988021010772717,2.4004335027486654,1.9705011060394737,0.3162242747213835,1.6634593259513863,1.875530939626188,1.2148556023569288,1.1995999590275157,2.5907829656366514,4.239125284295107,0.5215372024979323,0.7370422666735335,1.5767780111694674,1.8180812508679254,0.607936768679765,0.5515717159920824,0.49097640091745304,2.7806553723696537,0.9849358475126713,1.3190468883793178,0.6408292812840798,0.9871944127628974,0.8576965234991094,2.7079885042197094,0.5679690037742753,1.136495456427415,1.7523775089838742,1.7676160651564452,0.7069438460895264,0.9318139233660505,0.34514351161259127,1.1712692895485604,1.7841481933931642,2.1528895185886205,0.4327389686686186,0.4574158629567521,0.4086480803791336,1.8982658592283135,4.988935035861503,1.5862238030722868,1.2763209039314132,1.3519636241909152,1.1542115125088261,1.0544246701037736,1.5690008752909719,0.6141447727523586,2.2698596127557,0.2626568501454505,1.4217735582267514,2.144533669172533,2.609076830529609,0.5884405662660026,0.38661553310718194,3.159510959957991,0.6676305704086595,1.0887953011569298,0.4214886950925687,0.78239117226425,0.5642709485848323,2.0079411197070387,2.8441875358755344,1.895301560506927,0.2293608003746379,1.8054244229891958,0.12940718648805077,0.9417555166861765,2.012877885436278,0.8175996963246953,0.7975396029200192,1.1574578532832402,1.418356892474293,1.52368159025895,0.7440886314107151,0.6688284852326475,0.2356685328380574,0.8268912598565644,1.8687944153973195,0.6191227067052201,3.0397287443584213,1.2284879899265428,0.8159210166673445,0.6717116830968772,0.8731809517387591,1.1223745320625045,0.9253507612608769,2.4165137550747877,2.680939968775881,0.9547564674767318,0.9321225173030385,1.0524583517727557,0.5810481014843918,3.3367513171846204,2.326347508608964,1.233391101622278,2.179809920899105,1.6536646450628072,0.6540214667579493,0.7848086505209548,2.263819925651915,2.5435016853908,0.28932612304755534,1.4138672399045547,0.5821131284039376,0.7801964539958408,1.0140467229228005,0.3129870679060192,1.845159847344398,2.9065421712992547,2.323377474352647,1.2718723434381585,0.9316326787457543,1.123556183167685,0.408789135628399,4.08708293347082,1.4351523589950657,0.44271520092553224,1.0044261089184507,1.2251669043574924,4.4295707935240936,1.7535910116863505,1.035226209476683,0.43604407537156886,0.9092787670394806,1.6028270346211064,0.9154919059608382,1.2939184698031465,1.4145732172997916,1.6199063405510716,1.6637217656520018,1.233640527864976,1.2863304584136226,0.31500826623534006,2.572739871518573,2.2405619093158173,1.1241601527291518,0.872878123119547,0.8981900491596211,0.3801186671192752,0.8855303713729733,0.9907768410708845,0.992858856323245,1.7125424510225613,0.41429570084386447,4.535228844419104,3.2979156880053506,1.115211590378434,2.2343193300193045,1.0547941393631441,0.40974533873949653,3.3759721375855043,1.256832668048779,1.8789007302769178,0.5870218633781024,2.0951658453570334,2.377942791734289,0.8736535975300728,0.8370441696818803,1.145312573029161,0.9548782169746695,1.182674317606092,1.371979670600752,1.4058365525685712,1.6902821998678423,0.23381165153821443,1.7448317130745876,0.8682797418341661,0.8781885053229869,0.37445980539130186,3.2067457189898882,1.7215543160330242,0.7530504699005898,0.5179922167943827,1.5358231328966596,1.0031278379727846,2.266217813208341,2.199372959573272,1.3628469133735686,0.9193902495601051,0.9477930721460175,1.4410434522773905,1.2364255999530798,0.5999870852747526,3.772928369485597,0.7335619910525712,2.021952739627772,0.8487563717834885,0.4882503013178614,2.5341316885765663,1.443549694368309,0.8559630824623907,0.7736767888345726,0.2203030041196186,3.982774873262655,1.310580968045411,1.511700330199622,0.35701558355492047,1.1633699545610958,1.3801296879502327,0.9605262819900713,2.4094084311674298,0.3917585231982612,3.4775912569978167,0.49083110041583555,2.3374488723487206,0.2171604340857098,0.390419861433389,0.9242282629453992,1.6100926879759085,1.117031488088664,1.2892716753060234,1.9093945105414414,0.6263904417522066,0.570302088690708,2.1065279526437197,2.0941863546877655,0.8808439111428346,2.6747419219628967,3.289978324302039,0.8598091112353871,1.0198777817205804,2.3687415878877585,1.6270006740497354,0.2673696078023471,0.380697291250924,0.33597250106004706,1.0751328310681136,1.6974820545818037,0.47217768037707264,1.7304883969581968,1.4286774173881724,2.581440616257321,0.8473077816179422,0.933920003339457,0.3352917533337879,1.0044042709188363,2.775687320110188,1.4563613095071453,1.379487117573691,2.072458592729975,1.8709261765864134,0.5370201687254117,2.0873642756408493,0.9898412676672139,1.6871512067696561,2.2469224439170037,1.092816226748691,1.4881526849658822,0.45402575296560016,1.1738376850516328,0.4822493618955627,0.568330525845437,0.5558541616951459,1.2526348252482693,1.3261643034188417,3.1792424357912474,1.3713923308551066,0.4871424022132379,1.8295863665150263,0.6803523710147457,0.4927216581403401,1.598469842509516,0.48419670300563467,0.6341527159301604,3.0285913859827485,1.675294857140675,0.312213141404828,3.4375360768304417,2.411796878611616,0.8662434181760195,1.1258963806165894,1.0286970359955712,1.1546949104100084,1.8376567083726947,1.2529824163661831,1.497577584934295,0.33866564547649713,1.2324561895649753,0.6336419076068603,0.4704455947436576,0.5335296149414606,1.626488533271505,2.0961574552480977,0.9276882277077657,0.41110270919862046,0.7423524689631724,0.9365677179040957,0.9205120586430383,2.662688017089048,0.9442586332695717,1.2562523331102822,1.4905540492479852,0.9326081610945031,1.3930631372333484,0.8163175811464063,1.7762464981507131,0.32412951835012427,0.7435638660355129,0.7540230146507627,1.8260110349214067,1.0792373960682204,0.9929498987665529,0.5255602533124766,0.24084032422801205,1.0996256134096778,0.6393007306525145,3.9940893187587356,4.463906259014023,1.1819997816160157,0.8975279788350963,0.2620654183967862,0.4201637769587614,0.40957758600485483,1.3484045415999406,0.3983128142671505,0.7935213648079107,0.8363956115255932,0.6021812404586424,1.914102209770581,0.6360174795859846,0.5621984455674011,0.08074579071945016,0.5432562856601781,0.34453000409406054,0.7371276720595519,2.0819572498591783,1.058822123914983,1.3383501311994508,0.5820060687803034,1.7054658242616976,0.7871651780826545,0.5999706369099347,1.1407608830238436,4.177420849326587,1.009817182930818,1.4119949487577432,1.255193806833936,0.6182674180364464,1.5424612367214223,0.8201902707651777,1.3678964479823332,1.1939590076077127,1.2544881661599525,1.1948982876277356,2.2216201884542537,0.8807036779379926,0.2950732866513668,1.5415143136068234,3.444035154669858,0.9012906117374193,2.264713626750448,3.053003166885609,0.8537815977629353,0.31125532641555476,0.6892017859322037,0.6331859671024131,0.594492622008508,0.9544014623064078,0.7848082398545084,1.0043602326829373,1.679094551293815,0.7585642974778781,0.9281152218594816,1.288531691948479,0.9550397141445048,1.4359912911828958,0.3393592927300241,1.781622886572981,0.6210720806478169,0.6984285286199214,0.31513764185154414,0.11496930510042637,1.5276109412974848,0.43113431675834296,1.0989286202100519,1.3366294936523881,0.925661809941397,1.2131643702218975,1.3098931403250196,1.6250210280532307,1.097908623185365,1.2228568349859963,0.6780574039236182,2.019977961969695,0.3898882597822148,1.364737813081253,1.195909717186665,0.41660548918562124,3.2452928776699266,0.47651029887608093,0.48664134827211886,1.5433356784112329,1.596223590514155,0.8201125778397371,1.245613222772901,0.7999621871408849,0.3924426343550198,1.2285568382974834,0.1918018331157743,1.4106664544757979,0.3313862615906718,2.161446179008023,0.22865894109426987,3.6918963214286,1.132433712030696,1.5568959522791932,2.2806324802566835,1.1045096383323163,0.5796358541822899,1.7314999605908938,0.3696129334102184,1.5009434188367816,1.6017018234869227,0.6784646049381327,0.4619336030883554,1.4049739227991873,1.28789813440469,0.762151410978745,0.5319731402489696,1.097740007991079,0.595157541974311,1.1264534356428166,0.7064490287669821,0.7689410252938909,1.213456127342281,1.5566992397842445,0.8220851664564948,1.4446277137333452,0.9967170243301828,0.614549494431035,0.8041797426035312,0.9227627617140538,2.0895077482322697,2.556662217629808,1.7368018274222223,2.130010018611851,0.4065556016205562,2.1776892429332326,0.6268524928478267,1.3131478127187493,4.351526333235424,3.629249870253725,0.4459954505933815,0.8898279913734912,0.5680027379120823,0.3535777388935372,1.3676887470672525,3.390098659361184,0.7277696397471172,2.675961170189516,1.095076192762252,0.7968700149970811,0.9718046901242489,2.7804856851608992,4.277048772917642,0.6790866020489807,1.1222205085924288,0.3136149886742608,0.5631523737383758,0.6791225178322693,0.8371640612064345,0.6304701101662707,2.2690649508958263,0.5604058792826274,2.457914864957786,1.0389262853274899,1.9170027531656881,0.7388363730668672,0.6948010451669038,1.212520905935436,1.325129408169755,0.2325861947312719,0.7525391378400557,0.41974714078980424,1.42663184038328,0.9016353856336564,2.2760044408699556,1.4423335222952427,0.5243708228912505,0.3585292138957726,2.5331482203797915,0.8999975818134084,1.7821063520813596,0.32424121736667466,0.960149865106044,2.17177737864929,0.772250110029554,1.3644142872486393,2.284806103811376,1.1354216797053216,2.285938565966677,1.177551050309644,1.205084893069451,1.464846779948453,1.001547133898438,0.4769641377149697,1.0053152870951365,1.038712109078404,0.41448324155521243,0.9449923591138236,1.5724202508064118,1.3105591443256588,3.4840635216399045,1.3092676185910113,0.20831404311847973,1.5930556431151695,0.5691773100589672,0.805079094832819,0.48762922577483675,1.2899480629466888,0.6671372711243164,1.0129181099594733,0.7921528819898425,3.401385422518811,1.034108107124019,1.9397871700786893,0.4292479775687589,1.8918196889241279,0.6788491675217703,0.7826146133508102,1.028041310188574,2.7065741625484807,1.8676398820829956,0.7020729756765933,0.6435252638326217,0.2505357537379717,0.37514531052895617,0.8293160927208858,2.983840271628154,1.1044396557649323,0.3119892605654963,1.1528952195193305,0.8316916033119841,2.814534245925357,1.787388340447144,0.5339532495510625,0.7797797902166547,0.6225409213570441,0.5777194107618333,3.5081260290517524,0.3803367441994745,1.375264438108278,1.605908312663452,1.2754293040644336,1.1168148944450587,1.590970516635981,0.3241867897498852,0.5252582962981369,1.8607565418116312,1.5548670715983797,3.145619396558505,0.75946633795021,2.3487449278368984,1.88114008606286,2.178467393592119,0.983158765034591,1.0781395737262753,0.6093398712986778,2.2948188849566806,1.4410410925753254,0.9629339982325358,0.9494562189413542,1.2521357007196339,1.128452273885201,0.8774351857372764,1.1705717979917891,1.483515539628504,0.7725557678838307,0.41814560839497644,1.9565672244793137,1.0353806231391567,0.270366027224736,0.8581284434300385,1.5914034112173798,1.604776710610871,0.9804302252388344,0.35034161227555616,0.8157689828417385,1.5539941901393846,0.48100898483424087,1.2315301917739416,1.4435530006596284,0.37414731145074986,1.1680184154199869,1.6949120934817516,0.43443160821312193,3.2644851448175993,1.0740557430180675,1.091387100020819,2.3423703849591373,0.1766234086981394,0.9077841440583592,2.065995494311291,1.5517415731876085,0.87992061750774,1.0813778965307062,1.1780427310070378,0.8477238320846698,1.3159280006169676,0.9172518966083499,0.8584137234389567,1.613385571259259,1.367198030162106,2.816533363697568,0.5559937920382058,1.170178169865923,1.3975652223788482,2.0907939609581008,3.3528102123263994,1.8568209682189467,3.937722195898204,0.46127507422884223,0.638967778586521,0.8720452346001409,3.2626385932238158,0.331819198469445,0.8956137110886091,0.967657634327713,0.6498092859477786,0.7318938195052721,2.1647536998271013,2.4669928495014206,0.3450173083652468,1.5589470115931834,1.776485139261824,0.9471197048010453,0.5410535241358891,0.5998550074585871,1.3382736815244565,1.1653704130049356,1.4699829441076737,0.42669964531058796,1.061946640424692,0.7899246740062711,0.9687714455256238,2.232300950218034,0.6627559916059631,0.766396113027594,1.8607018907926052,3.055621193102991,0.7203243446127865,0.6062220010785326,0.7868728905762622,1.8049737691549526,3.307600672660787,0.15873284170911928,2.0772745113053412,0.780309087438816,1.764455833461997,0.2863385466623074,2.0204953269428425,0.30443672098068203,0.6842092631270329,2.7834705416463827,1.5680747214543642,0.9796977272867362,1.2895831828632476,0.8692715020741908,0.5580514296902059,0.410911248161011,1.3851254167500509,2.205987037644847,0.3490199705805995,0.6913640111370893,0.47048107229228153,1.3136500695490372,1.838079052488608,1.8638344675945047,1.3113180465240037,0.6393839779070158,0.7029981312028779,0.6162343898346201,1.5855275144610474,1.5899732867812069,1.6217099777947892,0.5426332928765081,1.4046727993931707,0.44888459652249973,0.8456815328167517,1.0792850244010375,0.6560636169424591,0.3343800948222309,0.3645666497943937,1.3122461150563962,1.2579909136763514,0.49287442255499486,0.7373935675533173,0.29529666214972705,2.615577468160056,1.3590053307531045,2.0348562100340533,0.45545833579912837,0.7009928467993893,1.3071075320622219,0.6880832017129818,0.6222949257116897,3.4537861160004866,0.6416966403295151,2.0524142342168763,1.1103411967304555,1.4916392830909584,1.4043159283734687,0.8691161141461295,0.8193639186058687,1.1790294180625969,1.37852620855756,1.2691843987564233,0.5164698258124338,1.028607446468367,4.832893838161096,0.27598097864868393,1.7139236299167764,0.34237395927422243,1.234573537958779,3.3069837039687227,1.125457116895299,0.7910223522523654,2.129439478888853,1.9311044652292402,1.2933832993773295,1.518721157623803,0.6361367802031519,1.013317970155561,2.3175979976831624,0.8914247988774737,0.2699622557698445,3.2864443375372403,0.397589501972302,6.053600100552663,0.7079318390956612,0.9379148649588143,0.708678160853447,0.8376998896181964,0.5027779433267067,1.3388108322014927,1.146797029806865,0.7640010182427376,0.869633060358908,1.9833052224941217,1.0359068564328835,0.19022591669460967,2.1324307235628566,2.1806973574055504,4.5003125082912545,0.4227353512209223,1.6702012914559436,0.9663417721999987,0.3496311013565961,2.2805238127306158,1.577602359894184,2.0467960879803617,0.5270561031141676,2.168398498795282,0.9285358411854298,0.33258857722036744,1.5044000701300324,0.8524665673133505,1.146397163091162,1.3357219208965119,1.0922691555764599,0.5901408863665522,1.1411723420191144,0.42577827038888993,2.9166910882761075,1.210067220896396,1.529496404880926,0.6704083005890902,0.18680974292245006,0.8514781212711625,0.6854456025250705,2.1070027947099654,3.1974426288137283,0.800269474416362,0.7337460835417929,0.7445005368101977,0.8822126123148041,3.601686723415944,0.6035051055221387,0.8252239586949974,1.396882093343415,0.2459946069572996,5.044333906039287,0.36297437042176606,0.13464160042945345,1.8565539581543054,3.8181006388954124,1.2148987754454055,0.32942194903852595,1.2373155731154317,3.3177887964286703,0.5534291647110732,1.8829380426079716,1.3242690229001408,1.4206019514015198,0.5476468924965033,2.506929007728305,1.6934193330505605,2.3168820208604552,2.496635033194878,0.24316855072992422,0.8798167821104113,1.1054351568129204,3.0453825798773866,0.44650460813120985,0.8425776897432276,0.8052101147064396,0.15108334984523375,0.7346217131513606,0.6248055986464263,0.8427632841234297,0.3964940720493515,2.594838480342481,0.5134449860766748,2.664776151511029,0.6060617143159841,1.2790729218871408,1.9874424558346289,0.9583537180826571,0.7517175212761122,2.81176899415146,0.984530507223238,1.3789939126320472,2.8517591805159856,0.4882562239396921,0.9517715953603013,0.5596045609997443,0.5623475634975585,0.5749705541875307,0.5938358044740119,1.3557682014352082,1.4388628414826303,2.1850875412417254,0.5767149045045107,1.0165103697256774,1.607230393193655,0.2817839025359478,1.100786090071927,2.1915352365519047,0.8342670582552267,3.5176071355802767,0.7993815659421152,0.9981280976528841,1.9120656838517187,0.43301402425625785,0.6661261157461116,0.9089192777310053,0.6141488680272262,0.4915039085538751,0.18316636051195856,1.0724742358990444,1.6623471872336881,1.3795472490839469,1.6536455452830585,0.9928858954557536,0.6898024551283851,0.7742300037750105,1.2495410123004103,0.813385440934782,0.5098485532939596,1.7249203773970332,3.782855122552503,1.187060374817307,0.40495205059198025,1.8576161249918655,2.952158570997393,0.6603960916149733,0.4531143991693035,1.4043401303241347,1.4326977029941865,1.5675178305841735,0.9012274004275459,1.5749234989247196,1.2812913100477428,1.9448196584345445,2.3916845227273598,1.8718103546591551,0.9234371911994192,0.9674140952083019,0.4239044819655563,0.5621856139230261,1.1494221615711409,0.3024319592909007,0.632980053961364,1.019901612501489,5.282076773915546,1.6865108352504037,0.9185462089320993,0.767246395217656,0.454641846506365,1.4532264996242688,1.2837936584861322,0.5095403235510109,1.6599776162292226,1.3346139878538679,2.1644890821231706,1.2557295646552338,0.26120739680988153,0.38681468138047215,0.22118946054882024,1.3996801805472368,1.3691192393123675,1.5315670486623132,1.2171179214284298,1.02085049173345,0.6394822925532208,0.8332776819695198,0.3307621088505075,1.3939709759850112,1.3969152944461938,0.3090914593190729,1.6199097655459815,1.423357657893433,0.8434177352572392,3.3799262130519625,1.234105568102205,1.8188810481889301,0.2283735199079711,0.969056708273758,1.9648939098236573,4.257257854635989,0.5428292767827738,0.8307843560623439,3.2555087515783354,2.8746060513017504,0.402734430851281,1.397609699116256,0.7168227011746204,3.322367474612977,1.6286578801162508,1.15691162604078,0.2836479396693999,0.8770877889675008,0.47814896732770695,2.0546997997394003,1.3170514941232008,1.5067416241998075,1.235957869630516,2.5000120817812346,0.6326413786398666,2.4364882741681084,1.6754737364849424,0.9047140756299515,1.1127235035900094,1.2532212746903002,0.42380396659598596,0.8592234457458635,1.858031539175746,1.475344499389863,0.5885118487361926,1.284318151188176,2.5932091417051097,0.23926252080333474,1.5871802667404022,0.4487995240333422,0.828368149047527,0.41266628793169213,0.9640085885399285,0.7543057555803067,0.6206213435781543,1.2794666109510955,0.6634808478029609,0.5009946781683423,1.7521857013459086,2.087575426403414,0.20152171687994128,0.42077759143221016,1.078395709132207,0.9015080385247779,0.9422556353282582,0.33593804258306514,1.1523608943854367,0.679301665967929,1.0730733516168773,3.5095294250805713,1.3576644204893866,1.1262838863019748,0.5619055303847784,0.555023844203581,2.5376124805703353,0.7909821670737932,1.5816912807745809,0.9292979895553983,1.91677528553739,0.5119767152971537,1.453629150704737,0.9041422371232474,0.47511405626786657,0.560630228858723,0.41373403340802883,0.5999312429795205,3.1022016509291364,1.4489733335015906,1.132659558362473,0.24767519575042152,0.6001639433084788,0.8902757603898276,1.3203863067748733,0.13527565213766754,0.8844874552843365,0.4179487345337082,0.5625473324214356,1.5656012723037873,2.0600134787013156,0.5605827421661911,0.6136875849209197,1.5445635885093287,1.2064949865638055,1.1911383514576206,0.7497541963630341,0.5192439114074867,0.9713614680063386,1.756317411924814,0.5880541308974478,1.4388702818243146,0.15257984410631562,1.3713332405960783,0.614782143076028,2.1577980945672515,3.039930908832058,1.2637628180230733,1.9762140813219606,1.2175884341970438,0.27575868260192865,3.5445863591028637,2.5392108148589356,2.3483731207919307,0.7819156528120192,0.47153581144262546,2.1906159026071683,2.1290577603737524,0.5441274635094606,0.668363552786018,1.3656979295795284,1.381842602256131,0.4230362620040476,1.7143836709781524,1.5948644352904247,0.6236972382731176,0.7600725135317401,0.6040565127753288,1.126055883566488,0.6479018282255644,2.0760071753935785,1.2278410571686131,0.9564874108879795,0.6894623247581111,1.1179008341800523,0.753360113886097,0.6841001260809397,1.4483541413383985,2.041033416578056,1.976501987179789,0.9836664029005893,1.1257035732835075,1.6480299465493777,1.2720154856605257,1.3951131886012234,0.45014235828092874,2.4832483184991174,0.6964796925774837,0.4356814772826938,0.28656352349133984,2.835475199747918,0.8154963722238033,1.197281296914267,0.8829951781014967,0.7534564831475795,0.8814571679572736,0.4429958793836734,0.3220894283022401,3.320198982287473,3.9680842766677027,0.9384255608365466,4.329221895930209,1.2168991510235474,0.3488252124347332,1.6917138235123335,2.0112345144967376,0.8512254735947077,0.4968957043839613,0.6003163886520281,0.6833018126999767,0.6166075664613404,0.34657737969225827,1.2364323506135653,0.9466840785806985,0.7688723024783086,2.443264532529823,0.3707134371775399,1.676025148486239,0.6851126545739625,0.778815235490643,0.8286235420899409,0.5053079425268427,2.3723621446565435,0.4074852746800028,0.5335042151952,0.5806992934972799,2.103829894813737,1.7972246955920304,1.8818149257933006,1.2461127302279777,0.662886008935929,0.979555538988447,1.528515581211929,0.8505511606752092,1.4961301623980305,1.3315784180411079,0.7686474005613819,1.0281276121903113,0.6635014637742732,1.0116275518358289,2.3931417432966966,1.3309565349147758,0.4057039175033893,0.28988398902682805,0.2472711664247166,1.1031497994108936,1.2764253465210058,0.7959736117412096,0.3039687699093748,0.31509042345269056,2.1078880196284726,1.4990213155047456,0.42319513621993593,2.3779377112624225,1.0541461856749916,0.12689350961344223,1.1353370237781393,1.3062759719827728,1.2193807337207574,1.4167494275471795,0.6183544233373592,2.3118406521275485,1.4402589715654348,0.48915358059112796,1.2510648571716678,1.5396241881818145,1.5909593246215883,0.622944366953695,0.5669900296604734,3.079886745944335,0.8280310150093584,0.9213223859084486,1.3828593295245393,1.783153914297571,1.9427705879770252,1.7264511295106275,2.0723448446786055,1.3433317071547974,0.6047888462263677,1.0372857185845001,1.7596030042223725,1.8922643993131754,1.30861364343821,1.2492936124689031,0.614863787185339,1.1908322096993966,1.032905961418484,1.7980016064534456,0.861646814319412,0.33553954317947826,1.5035419855017866,1.6639548544201797,1.0364645626607447,0.9089788272605335,0.8575486691309225,1.1532602911523397,0.6852076303755124,0.27944168713803114,0.9228603553833227,0.6536017784072048,0.4501385316227459,0.7022226228977668,1.3436150918575436,1.3414106418287874,2.76477819324043,0.9860273012152245,0.5384947243110653,1.0242737715002597,3.680503689020001,2.3410297278334102,0.7264615520642209,0.40219263420516715,2.2343481536284666,1.7682412484140797,1.134469869175333,0.8256564150336243,2.0386815637542837,1.6205389073382985,0.6714115874808905,1.7104175938044686,1.149240241284569,1.2024692460192223,0.8791380889027476,0.7070501395384428,0.6905532386727917,1.1372685564452314,0.80870356120414,1.4507144975391397,0.793926487019414,1.4895001863791582,1.0144247843051541,1.5239475611230178,1.6855084816347286,0.6988631852706829,2.072407490394138,0.4976489475853849,0.2712662696170548,0.26928886314226497,0.5837612328743332,1.0417799524869606,0.7540174588678494,1.2119437185868562,1.4443506744684909,0.5220745746613272,1.2670932292107449,0.42814695407764813,0.7838467975369934,0.4463425721704716,0.9523318001335308,2.505122704735813,0.3199487040483031,0.7226987722224616,0.4101127247244518,1.3248674155239684,0.42742993452472344,1.3525620730469214,2.407096968165399,2.170588270679602,0.6186700148519895,1.1219095029795187,1.4873397710503466,0.2643443373529044,0.9584017756578379,1.4688639496753733,1.096669020782767,0.2626599665821945,0.8575246017166908,1.395822746261002,0.7722550440797841,0.956107112619411,0.6485565623898187,1.2209237774763646,1.6080046500572007,0.36356764221540405,0.8932755408475933,1.43170302344018,0.5418801776283558,1.5214704224238746,1.202320736710405,0.37002527255896217,0.728319471416706,0.3272705021155887,2.261143293809327,0.31587922821386866,0.5253070567889098,0.913426970599681,0.5677339816619307,0.36693177962422185,1.0795778766428024,1.081740576119323,1.2696690010344283,2.1351696482576497,0.8673152713099936,0.33869874128643707,0.377006643108815,1.4276869971750732,1.5763507577772329,0.44581216535147433,5.081703601521004,2.01542164851994,0.9904570571284821,2.2119224675588245,1.0514512037606512,0.6176775324455402,1.477839664837473,0.7294825281011302,1.9949997553133652,1.9462612274757656,0.44204657718360596,0.3804654938899167,2.0894813857183503,0.4342253817817652,1.5143838127835019,0.635593891409834,0.846041855472903,0.48818151032209167,0.8483070124307853,1.0942863946720398,0.8963044432941301,1.2597361118920263,0.9865307220379665,2.739469507204305,0.5330582517143959,0.6364677234799838,0.803871898862189,3.2316897097717145,1.0399558034846867,0.31464506113961,1.482293442339469,1.771349062018571,1.1957820994812294,1.2320688573623424,1.560958828363285,0.45859441831995323,1.9785852574253926,0.2602998824172762,2.397405617456796,0.5841635787681203,0.5950415017767219,2.6400655100064294,0.27351763908976584,2.9845547393714296,1.2374637822353494,0.46031370945599465,3.623660007468379,0.40007255123460095,0.374172566481945,0.5789052854569375,0.8885364308874941,0.6450212830836077,0.5742396921164062,2.685444342413198,1.8979809774117942,1.1194023038484948,2.1101220793972795,3.1423014124201427,2.0918378149451833,1.9937395783660694,0.5917496152713106,1.4541049247676108,0.4483081116839497,2.302316001454777,1.6161091843337916,2.1081918689354024,0.16068168633283894,0.6244982086337861,0.5149780318182978,1.0327738209629083,2.387061082121172,2.901528572194335,0.997595390287839,1.2238076825305235,1.210524958167729,1.5176696505455707,0.7575502809672585,2.1496657542764734,1.3758540858507526,1.5041635005640934,0.8679570418287069,2.5494454870958303,0.6048993150517001,1.4428149582767937,0.38883821319578876,1.9457985434966762,2.3497538069720947,0.8208972556998936,1.3518781893376188,1.7029860908211667,1.9567319972138253,2.2223379052561696,0.7051447853348982,1.838186495745584,2.186586808561507,1.3180394753625693,0.5423749212767561,2.3711605993973848,0.32470588847394394,1.4859202069674566,1.1982959967500963,1.2967134058973238,0.27557277632893595,0.7000102953176386,0.9516114677239425,1.0365116934073688,1.6172218440375752,0.9007711189449357,0.9440539630115621,0.9631464587684715,1.960415966472519,0.5146339395551676,1.1695685644350393,2.139054820612923,0.8677168413140464,2.79902625631229,0.1652005744377615,0.538653308758926,2.4538045974270632,1.9473287263240502,1.862795327220247,0.22941017282371085,2.9183945731106613,0.6871217895906843,0.7526140944334347,1.0903067427622126,0.25499426702939376,1.2969662970169544,0.3959562657286578,0.5079140969043348,0.9736604626406746,0.8968083620585756,0.7588977378734997,1.3344320393007962,0.9425189518449735,2.342110812924434,1.6228139952654392,0.9967401818256334,3.377423103958758,2.4555956411486455,0.8117909177648408,3.272547105239085,0.21036317927916698,1.1667179340461267,1.0322204552678031,0.5076371849595178,0.5200851795308034,1.5199867230629,1.2822292057487679,0.8295940760749418,1.0696703837741024,2.292701427392725,0.3010469487308144,1.4685694898570016,0.7843556074549356,1.5674183189269875,0.8531721607928822,4.08770323771827,0.7554559863764383,0.6832238307516076,1.5036217967468963,0.6353978876081318,1.0864094975657888,1.2980740774610289,0.8480739746807573,3.115820313933169,0.7007110452462071,2.7391359004939146,0.5923125528963704,1.223551869129282,0.7798116641861053,0.45180974596835677,3.869806037154651,0.39843481331973596,0.36902906105391015,2.9769505622025316,1.6976832908472734,0.20770447069426975,1.0064844787505558,2.5436511290577277,1.007310297547033,0.67853240776162,0.7947548422429254,1.083666186670333,0.5165337117442313,0.6885792643367256,1.1875305500357134,2.1496619025687407,2.4879151886679334,0.5271535910136644,0.5065314265802838,1.273466523269625,2.0136971508750756,0.5362312740216638,0.4001639274309291,2.2810038425935413,0.731657762731502,0.8942310197734807,0.8101947449035203,2.0625352017475023,0.5210771202840236,0.5236572227283521,0.8216451150990783,3.4140252478188255,0.7315816343814878,0.9806537271205296,0.4515825912220913,1.0818891046596875,1.9651231907724878,1.9310830729060346,1.1638930741489166,0.9661929078799847,0.6627526669789338,2.9571249945145985,0.9278353937325359,1.2730733232763332,2.73495220391533,1.4649764546630581,0.729403210284308,1.8202377196465216,0.7022097775401325,1.1620749045824261,0.6679723569448063,3.629658181248312,0.679109826916211,0.3914064497431324,0.7127759054586283,0.27231144102889193,1.5452231163606533,1.896510106926124,1.7976110630234041,2.0328274625845495,0.7789016390359181,0.49207628482827354,1.7904184249829478,0.14294003375753273,0.6636742171710313,3.898541350210807,0.42577364663539724,0.5163919854047562,0.8608758242181014,1.6200885922902812,0.569357284731284,1.32652634407528,1.2390616454569114,1.416339791636805,0.39918868341486613,2.596709993494133,1.188916149558676,1.933022252683875,1.2443204067179363,0.3932039880719326,0.8275771649864514,1.8759509053344776,1.3300764334142938,0.961619183821545,4.140011890726833,1.167095090024489,0.6934340932770588,0.5760196870127607,0.8696857216000585,1.347249784965574,0.1596435644010227,0.37859622232813944,0.7461539179941735,1.4308999934139013,2.0613402616414715,0.3816606763067637,1.3713789473174747,1.0538710193239051,1.1133775899255696,0.9462369228769357,1.0999792216569704,2.3889260714160256,0.5035053767177045,0.7004801776726537,1.3817876782628669,0.6618372135882589,1.5638508609051138,1.5072993275943767,0.5645886606761406,2.288469953083927,2.243037279957725,0.5204397166836577,0.3928806296749724,0.37925206083049035,0.6927243456565874,1.1933209049633264,0.4516119009857108,1.0670803670510496,0.7161079369518946,1.0438237673849917,1.9514499021654212,1.2435426312191153,0.6359026687053255,2.971344868701855,0.67805106538926,0.9134061521890724,1.4520340712724766,0.8702658713875184,0.4365976557846058,2.1194766589584875,1.9632714269504263,1.3946606540339415,0.26379574619173485,1.2536920937728768,0.608589961243813,0.2982836354181347,1.4938850154083656,1.7783029583600007,0.8807246097254138,1.6520569657426005,2.101601759004655,1.1103228269406251,0.5650854920240644,1.051252881977815,0.25241706449287826,0.8861475066646161,0.8810340398582835,0.3270946284958435,0.271084143308692,0.8098655731224295,0.8545984223182896,1.8844091952909579,1.4610230552814432,0.34485520011188575,0.6123609407857723,0.43797260003163974,0.4520711043252421,2.1958650844555505,1.1151788371230624,1.8507464745191873,1.3601053299587458,4.847381844695718,1.9874957779780833,0.9380640466752317,1.703960113418033,0.5053894697947796,1.1756580591211578,0.9294495227458808,2.039341019775291,0.7933273554899585,0.8993167127468096,2.112422806843114,0.8566915273773826,0.7592423560245449,1.0688978022570126,0.887814494107201,0.9262377662794788,1.5841699667603897,1.5586778541163895,1.0631394659062923,0.4092344178900221,0.9801765600685235,2.2947562307677973,0.7696320836512209,0.7188832647164719,0.9396017559848824,0.9187373861658006,2.1847534718446036,1.031774750574606,1.170620421927533,1.8062428562661381,1.3392889787283442,0.808439714755126,0.4499779579261753,1.4844490073374477,1.2282136515650928,0.6317931915200392,1.055521479409882,1.2234825548355588,1.2245486709637736,2.3465389863841817,2.269805734603824,1.0632469517644458,4.0599497663266675,0.7706299574959603,0.3734865650614069,1.4163998861497122,0.9261925115865319,0.8061583599326929,2.57179392920194,0.2773301846754922,1.4435504734969413,1.232832675891826,1.4353146917589004,1.068295158565491,1.0720570185401632,0.48345987392734757,1.4265601100241532,1.9500735709197565,2.8598144800093133,0.40325829863361895,1.3022065915387373,0.7882418720555655,1.186689834275287,0.3043721321595586,2.6798627889916697,3.8404435149414455,0.39075904327696664,0.31561846726335385,0.6110478995763851,1.0485600096199577,2.0804351012943125,1.5192157665091037,0.2612819883135366,1.9612918455027988,2.5705847913646718,0.4254941316086942,0.37583262655651356,0.43712817853643604,0.2815161875715635,2.7517976819779797,2.2780862990088124,1.3392403906084118,0.8845374226459677,0.6283497358919741,2.5170372308717943,0.7652585992675508,3.9771782064259504,0.6408354449484356,2.5833130260662025,0.7702757541036214,0.9459721916026376,1.2377183079260334,2.2046129898943168,2.4987877080451533,0.9773485731629328,3.0146005381598684,0.8389578359638488,1.4047673475220355,1.7009170427962206,1.4497191508431706,2.4033670757850176,1.2096131659006573,0.3254886988720152,0.2813271408585527,2.7531559830011623,2.468813681486863,3.5617261932616198,0.9800539926149149,1.4695353720459186,1.1140686234439614,0.864754531679291,1.3958798203967053,0.6640100524242883,0.29263001895903595,0.521597523287074,0.5115413630096283,2.4373637026010253,2.8591390168307926,0.39745682211594036,0.9712892962689127,1.3274528808974022,0.959614407501602,1.3560915956113153,0.38516413329221744,1.6736956768863185,1.2721802443236412,0.8193380963728671,1.3352171962351076,0.4999312751682086,0.9463273151900362,0.6888448030804584,1.2639189650876343,0.3783426105182566,1.4562253147039559,2.733715152960326,1.9380352425148937,2.3592067001639228,0.8028113440888092,0.9820093925078675,1.8982557965990867,2.252323497113857,1.8165278974309755,1.0386659003157084,0.62427096519064,0.5685252780833081,1.4384524058282868,0.2736013396882865,1.9405530464627017,0.9569442071456289,0.5811837657202844,1.4192926764451907,2.0888687971718505,3.567157267036578,0.7157952127565336,2.463754549538283,0.3648727022694249,1.4863042990482722,0.9357821664594344,0.5506335314603081,1.6704470709539188,3.001675693829293,0.7139721272721659,1.5195892435387877,3.9378682362600474,2.205297707213881,1.1099821698315704,0.9981308223268827,0.9061039117482365,1.1498228200482739,0.6395564020675617,0.6232684323507592,0.45003705579478037,0.41938083074673915,1.0088111865160265,1.5831334080546267,2.787816488466879,1.2789196111488703,0.9188305922007892,0.7782127852267582,0.376421005732645,2.06977584267213,1.3668534493149784,0.28633913023347957,0.23204465605963903,1.034459223051964,2.190932506992254,2.2004742693416093,1.7444949341328373,2.5694904096462876,0.9931741557365996,1.2298752722528523,1.0679853996264592,2.3690661875837122,0.4587330662279251,1.5914100438686378,1.8058051165183027,1.7879250234441337,0.9989332047027306,1.559254474073158,0.5949846188970705,3.0527106001362174,1.0925602274799608,1.0287392454933557,0.962583249562758,2.3121662455465275,0.879825166897129,0.6740485956159714,0.5584107086158878,1.5077108375929014,3.22773944802701,0.7424124892410693,2.0345296501583876,3.7197487339328625,4.357818529265163,0.6443301680997019,7.058205303089834,0.7012310346102183,0.579933746670905,1.7492121890772088,0.5965360910382469,0.29590817997412383,1.5692240591338633,0.616784659834934,1.0981123340882921,1.234376329353025,1.925200645181324,0.7682097343157199,1.8380157263563204,0.48281496876313745,1.081059143459679,1.3336533549136318,0.6491267636381229,0.965922511012903,4.178823193573676,0.7301950071223364,0.7658427312386271,0.9348698271339713,0.43184790669662765,0.5430467031224749,1.5827365128968305,1.6338539117732702,0.5988489135935671,1.032470446670124,1.740925540737521,0.6356975229984412,1.0202829139907315,0.4301832247809759,2.8669006047825665,2.380409382921884,1.3680725195617767,0.8373624672292292,1.5607184161999719,1.0763604324994411,1.2310799918752675,1.0302127907542473,1.1075496895602237,0.514647941518534,1.7347314623767864,3.3513822068393506,1.976951509775418,1.854760421169606,1.7740991597706222,1.0377846604223582,1.0118968702720101,1.5344375472271192,0.9019404229861079,3.6087211794449883,2.664748964912829,1.3031603603068054,3.4126282952210873,1.582086491172139,1.102099080862309,1.8200300609201616,0.5436537237781165,1.0003532806164601,2.6464050170223423,5.617920729333186,1.1224691479319113,0.931244103320995,1.3736190257065606,0.9581250210905649,0.5282135785462078,0.15448760388135013,0.5801030395695559,0.4476890116032678,1.8723725076116058,2.431057271408474,1.6225700269593684,0.6445573150554671,1.7496650756144818,0.7636975982299788,0.4273218983956467,0.5798201628698068,3.2874591966663704,0.6572502204301057,1.890110331589997,2.2580464938977918,0.7869754172767232,0.420858746995183,0.8404690532986491,0.26456428516771974,3.1485817590470715,0.1605363556214735,0.5760858952540533,0.8346438104406112,2.1871439812805997,0.7501547544093116,2.3285700207053606,3.8118218747084023,0.4863054527570211,0.8802344511915885,0.30197341226301316,0.49593999180673953,1.117239242611655,0.17424172030217605,1.8505041040999128,1.7557256511507207,2.183258855644131,0.13068550557902545,1.0687744353862187,2.2663400969546528,3.450030185326537,1.3018045272105785,0.925636252589998,0.6345999791935693,1.1204556532610197,0.25878095591246303,0.7232899911025429,0.8340837165995058,1.4031380615706746,1.5665788305737345,1.7286811512755293,0.7122847554567853,0.5486208865860013,2.3630642855506756,0.7870767561571096,1.107188354796873,0.12583904017144806,0.9217393162627332,0.7237902131396741,2.9962206296020426,1.3411599763069486,4.73117540350902,1.5287489295529464,3.8518361475190415,3.9807484587159294,0.9693540004747737,0.8502898228815146,3.5370324455478106,0.8294998497001332,1.343462002420413,0.5318994822398146,0.9653342015276533,1.3014579157616488,0.8625250698052628,1.4050180621853967,1.308838375171409,3.4509197415279678,1.4567419352368534,0.3685625392005769,0.8538601401322437,1.0420515765499028,0.7947787159607138,1.4685598628949916,0.5168504191647689,1.6691800331435873,0.37944471285706943,0.3720079672411583,0.6711825788663883,0.8297333961084721,1.4957050981978373,0.9365979532290334,0.4730429650450389,0.8342803440120763,0.570145896766304,0.8053282522831768,1.200866825260714,0.7866086250505935,1.938534907682154,1.8054268430021674,1.0768838719021232,0.3514294582212128,0.35283963881890434,0.7194945973263287,0.5464404864220117,1.873340878535238,0.3282151583191971,2.646492194255441,1.5951293311580519,2.354745354067368,0.9827199672282012,0.15015004774582708,1.1935002490322641,0.4338837702162146,2.2753500553325683,1.5744205756824345,2.920345424278657,1.0315420870388579,2.0527869662643554,1.2342688652813598,1.8236159630660502,1.9521563239640116,3.6372857496565527,1.5097495504971623,0.7395935316139712,4.26026800271446,0.32849567131283974,1.3884984000881948,0.26781847357799526,1.5710116490418506,0.938062233913317,2.2525061568072497,0.6178764530209051,1.902569168581147,3.5856716963972826,1.2751594458429623,1.1676897550765846,1.0506002172095068,3.039907472044707,0.896093487799118,1.0683732811642157,1.0214721704302312,1.7213285952321058,0.5992557842992439,0.5140091966868573,2.961672798754579,1.308593412763686,1.1262216719134845,2.97472404276705,1.014925474647643,0.7513700193383601,1.3692649011457143,1.9480922019945601,0.2167139372360947,0.24460930464480624,1.035928553830008,1.479432704402793,0.9719776507338217,3.5987336854583774,0.9180855838977491,2.1211111415591963,2.0149068484847223,0.5770268087314221,1.2802391942009097,2.059896632602928,0.7736694728928541,2.6267141885026617,0.7072375105776034,1.0675698592005458,1.9745009652342729,0.7686235103120964,0.8431428580632604,0.14370130774840753,0.5971241096065983,0.21435911930579304,1.558176424416063,0.13656286117442934,0.25700161468579347,1.192567681641013,3.022693741747125,0.9352725066469552,2.8294441630058595,0.5778432224290299,0.8186153218451708,1.4179744700654004,1.728175075426835,1.3623056305507424,0.4204144146721642,1.1066514645479255,0.5591037284653293,0.5722555259698655,0.7457046504137025,0.9887733316185318,0.3550196641059489,1.979707676788847,1.290892767384624,0.755382216818795,0.6205273234310094,1.8048359667278042,0.6287502576264044,0.5872849926730997,2.195530554046619,0.28829266387721536,1.8109185151279128,1.4730015716632876,0.20050357370790475,1.60411055379635,0.3150609729703616,2.59932561691138,1.007652824502225,1.220342751894277,0.19445630281723933,0.7748385622770797,1.0219231546014067,0.708271144471025,1.287764353041823,1.810307307646613,2.5021637976276443,1.2764170356490685,0.7773017348091169,1.5891991242091505,7.359143192250731,0.9740001318089737,1.7610102177441558,0.3995951541350189,0.6113332091974846,0.429708957791189,0.09195748093275605,1.7397617834802306,0.5377574660765294,1.2810166971677637,0.6546984520436909,1.139822557560499,2.1854495628327117,0.8221521900157098,0.36384636565623796,0.8686970942980654,1.819435782848595,0.541595175834403,2.951543839314877,0.6718257724434891,2.2453709841504166,1.0262048096205454,2.0630217201792638,0.8104998962768544,0.30602134246373647,0.7854296628864469,1.1117640415247938,3.6447072823293682,0.2605917744542815,0.7116045933331455,2.5806132608270764,0.7828007317890325,1.1214533092016952,1.086254955154653,1.1460148994238009,1.5536620603276357,1.8067407072382282,1.0757293445391154,1.927266970840819,0.3782651977144302,0.19567650486183413,0.29093374549389245,0.11846359712264118,2.6514980554790064,1.7817174295644909,1.2632761831568151,1.2328574719089294,3.605621742843465,2.2192613608576606,1.0295083887134573,2.3713608137069615,1.9234706172551075,1.1900796807334593,0.8799432846835129,0.6308791165471387,1.5101708277032178,5.167712448639223,0.5344595614358707,1.9838156167969254,1.2097655891522856,1.0499354886033863,1.4427475182983438,0.8132699482397961,0.8953120892705195,1.0909467522719987,0.7246064027335497,2.8404729432191567,2.141840744349153,0.7980929522476111,2.007589344677539,1.148602408904244,1.5100430947256347,3.5431099830996766,0.4524142627497489,1.498304049668201,1.0437219474397161,0.5598702864373957,1.0036839456612674,0.4219384190734995,1.7392159565655136,1.6153006870765012,2.15192120030079,1.1787126761574138,1.0078031218763515,1.4909390621500584,1.7577344383759856,0.9065189528304359,0.7033495824417333,0.6092267494057052,1.0644166191748086,1.614878326791199,1.6796090683832199,3.1851102951920995,3.470977282093901,1.24806502271559,0.6050470783690078,1.6369570829720133,1.4980701493125106,0.7477682583881333,0.4204103111356361,1.3176384132112773,1.3045303595640005,0.9422041427092197,0.6400045713040597,0.5928601889281985,1.502649889199198,0.4758415750191697,0.6857966543254768,2.959452693229698,0.8364836676016878,0.8209678383288669,1.5336450741993193,0.26801924569110724,0.6617419262462514,0.6760048897404877,2.4165569958171895,1.0427652375396579,1.6781962817473248,1.5212962747529923,0.4349966236088849,1.012682909262407,0.8862207773736817,1.974105473903871,0.08105751557368088,0.980669443822081,0.275753905658767,1.0034207362922898,1.3341829813869275,0.4114097480035891,0.6498293675926683,3.4096223975756828,1.1423858063247538,2.0470291641518332,1.1429909212952651,2.486591819640222,0.9399442317987953,1.0826624333645285,2.1574634722530743,0.5157178551914001,0.6295999690095584,0.7673096381848626,2.180634300676999,0.8836164414178085,0.5161564947712052,0.7446905873774464,1.0430992584235752,0.3548611821063949,1.6835497794016283,1.1929000302516386,0.7925354910935783,3.1040392609480096,2.889071328139474,0.8892117436509468,0.4785720281544965,1.9258624991172077,2.6686967911943986,0.8018428701496344,1.0370483212189539,0.8030770873559528,2.317854626783972,1.6478363811936392,2.0153107965129755,0.8752422261375166,2.443151585789963,1.0185996254729899,1.5170928841272873,2.4359869884683385,1.4865755160926004,0.38749463597973993,1.060994587711592,2.4730516792709683,0.6671855623281434,0.9452183498339632,1.2293287236068475,1.356569930806343,1.5492609510407362,0.3692535585095376,1.3538941842779588,1.0884402301391674,0.7593051517657918,0.9142751374280842,0.7929653120097666,0.5447064977792124,0.8507948764823686,0.48254056042407395,0.557958156150013,0.4532780202242267,1.5714522185735322,1.5209076758797764,0.8011807652051266,1.4522682297192715,0.39333123468255093,0.5789179361689555,1.8266174645110893,0.7901095986408898,0.9548204478119167,0.9983059079236716,3.2026654801335086,1.2112724311282108,0.18884037091762676,0.5573433320100667,1.1507869894301435,1.6175514485326097,1.2390323277973163,1.283600780931715,0.6660653852961704,2.433154554717565,1.7625790177683271,2.7581512317889794,0.573485906232017,0.5882922117136251,0.43937074654869723,1.0643182829198388,0.1894313735459197,0.2967475567963232,0.9779969381358351,0.6870916186440151,1.1904560901592667,1.8050857093480044,0.43562710946608035,1.9890087326560053,1.388539320217875,2.5941899782170945,0.6520203359229102,0.30214946006421844,2.6513100880880294,0.30044718277077054,0.7792524741387786,1.3023591996283788,0.8395401188097261,1.4422046421949781,0.9658071085586201,1.1269671519028273,0.9845276598160171,1.6058561151731847,0.5041460371509919,1.691229869574329,1.0221947417866972,1.018866909114492,1.667511488387646,2.164554636318623,0.5486456306830509,0.9349671608307136,0.3653646964570456,0.9167364233804198,1.1764902953312941,0.6413070751942276,0.8634662439326297,0.20397223360467417,0.8480132922753209,1.2329876200216412,1.447892361004085,1.7370534871099421,0.8642650575838515,0.3174533356312261,1.5825992291638133,1.5751690119740636,1.8203523552694028,0.8764278206255447,0.6101290386686065,2.724037208867584,0.5098854216625601,3.065672137016276,1.0596241185505275,3.9455632191043453,0.6874421535893889,2.3403251474163502,0.9470175791737483,0.6802377702288829,1.4114858163911812,0.31799053457330856,0.3614724513111446,1.4138373235025017,1.3185461306788235,1.2430595383043839,2.8119193318183906,1.9807833927815244,1.0845742562115661,0.9376597027159961,1.9582133259575152,1.9548470597626728,0.48109301629833323,0.27711635472652696,0.7594158987583239,0.6649211747977423,1.7040913534403017,0.39140543764132457,1.3865791856480663,0.45177074464309264,1.2070666664527037,1.1820323841634384,2.0707578373689333,0.22145389058601525,0.7951914979025072,0.21752205758096851,2.667189552251642,2.785588662817341,0.621531415440585,0.9380635559794143,0.5667099546229106,1.3041363731255735,1.982347638058286,0.7861830294370592,0.5631002527086786,1.0587063720529089,1.8198120387275256,4.092835989764641,1.3177578582401113,2.6191183310684325,0.6682765308542835,0.3840158501458154,2.8128819467756125,0.609603746401925,0.5463360648931913,0.5361413483045024,0.7397064878315717,0.84472684321818,2.838655349821971,0.9561267631997319,1.10100525390976,1.2343578539491968,1.3904023926733402,1.4200731332873346,1.135433815559601,0.6520824871165013,1.1952028360855098,1.4150512484181867,0.9918502350443955,0.9804310668711109,1.3977216285665415,1.5731080690875205,0.9556917673555897,0.7238433004272615,0.6917606174913924,1.759792764672267,0.8229183833445524,1.0494723825395171,3.030843519106355,0.745415605520801,0.8170280194132783,1.5030763354262913,0.706617765439387,1.6557450353280267,0.5301956629252662,0.8345315380113372,1.2655586368006624,0.7142180713475028,0.9424650701121302,0.7211463205508052,1.0137025433544546,1.0362879936882345,0.5783392485153962,1.0577553945167149,0.4880087775701406,0.6377790818004023,1.8388824621973616,0.33088969576437466,1.6588670063461912,2.430399415356922,1.7671775937847805,0.7575687949845735,0.43686063044663576,0.2915151865074593,0.8768761415516203,0.8569373367419979,1.1369115824150386,2.3601858419925374,1.3479473801349178,0.13331969342009642,1.370034312851787,0.6291548678929876,1.3586204385715517,2.4333292295519606,1.1050215992635946,1.5790383092984004,0.9255088618197482,0.7788138808327959,1.8773269210383559,0.8224734739830496,0.5837512869892751,1.2580213489098042,0.913610457641278,0.7408467790180666,1.6062918417737326,0.393285140494874,0.5667958462602727,3.0386731457084384,0.7897430884566488,0.5212308616537648,1.1766240927774367,1.7563745712773422,1.4529700402316146,1.2697104441004878,0.635036749141354,1.3264255524407302,0.5991578510588502,1.069579263202029,0.6381126352506981,1.6491590254113713,0.4678071658631727,0.2017749367299296,1.1634862469865896,0.7088435009434089,3.023638380954885,0.5048509369281933,0.5013538519545332,0.8007028135785635,0.22940172258708244,1.291630573494681,5.2779989255996025,1.3761392206059955,0.8625774399217456,1.4045469342201207,1.8714628476999866,0.7964832692631972,0.37242390688721416,1.0720886104966554,0.5673750077681937,1.935387946890004,0.35143539864308354,0.589781183028026,3.2367671242624696,1.4592462652852625,1.0237592322420095,1.7337306593786583,1.6354598004233676,1.1676996220733555,2.28087070305397,2.3854325339960014,2.8485567323337,0.3024846460539704,1.8101324293533574,0.49616309739494713,2.3515012899637253,0.6234118787167029,1.6667180054226978,0.6387779584346895,1.3129960495983826,1.059241570308925,0.6015241326362994,0.45644848628295653,0.8415240986613335,3.0340619542222504,0.22161449782736323,0.5057461460371683,1.5444347293204275,2.4978663761963658,0.9515351055788615,1.0619107529324405,0.7519011633439233,0.7622856158995337,0.8044618814559774,1.267335734355453,0.8343985999708875,1.2983820596503637,0.9217016720602098,1.0957436604586155,0.4661791722944049,1.819371638798604,2.595863022233928,1.199522703185973,0.4412162124289558,3.101054876704714,1.590397628293822,3.003052663497658,0.4268132503808074,1.4039271137462537,0.9483294480269715,2.1862483567130715,0.4694324632024463,0.9344908136582686,3.201648241113602,0.8428859088997891,2.208778027641683,1.897971980292274,0.25510816528741515,0.7343922287325965,0.4961282385360155,1.1879156928264953,0.9228361302058964,0.6624005526867585,0.8254760647275169,1.3920660950358177,0.5345194606465264,0.7565772941906121,0.4970577256390716,0.5038520797254414,1.0282428870628153,1.9744067833611156,2.1460990560664626,0.4629724538297081,3.822846015526082,1.0156904111452876,1.409929364542396,0.44342705581259445,2.1438742323256648,0.4650055475683582,0.6448521340316629,0.5560165396963453,3.1905271401784594,1.186413548548738,2.77481462935128,1.3313164469346783,0.3779600500676069,1.6678239994846686,0.8256749117759113,1.2040374632283664,0.6555110964463308,1.7835106239544571,2.005176790014459,0.6948105479628847,0.47632481426643003,2.174533556530097,1.265639868855076,1.4238324570728493,1.5845495937125482,2.294533264724761,0.7940099912789687,3.9038994175468225,0.7126368369839845,0.7072448114090399,1.070844898504922,0.5764290675303674,1.3444672986111232,1.5399487222222783,2.3312131563904965,0.7703771002893592,2.156032690408943,0.8865613265439767,0.3578581126076985,0.9426810119185711,0.26653008166190395,0.47462692592022093,1.0856183483130522,3.188069522276144,1.586936179707479,2.1958305420933906,2.1234234511045678,1.0863419962571106,1.6265124740706691,1.3404276705108729,0.3412221103982097,1.356170779391112,0.7347769012067115,0.543144329132024,1.5402508600673024,0.9813951565672129,0.8527299438272045,0.8145248739117855,0.49349539606929216,1.5692791401633657,2.3955323315354917,4.277065404356181,0.7065246303432315,1.9652848946576686,0.3552705085966366,1.216743003437023,0.33849249910761353,0.4365957911340025,0.5233930658667216,0.6878303314483619,1.323095945436623,0.5759373003041177,2.9232098896287284,0.9514141599112769,2.6112176408170917,1.6411501084766427,0.9653984402097335,0.846207840673738,0.8370966138420278,0.9777528208472979,1.4460774493261737,1.7558902763840487,0.8265524781568717,0.13899642290148984,0.697016547165759,3.6037977003205834,1.9174194596103604,0.27281746812760427,3.4888165266382964,0.5189448593232304,4.058854635166686,2.7203550812245076,1.2917293671855183,2.2219052039286726,1.4553166148582424,0.7440075468555905,1.284893247124217,0.867597463461375,0.8249204185991936,0.9916701566517339,1.833542972328189,1.440683485562366,1.7163762271465257,0.4780797965701533,0.7866469366879091,2.129052381732479,1.734370151241262,2.4556019794294563,2.477739788952971,0.7555421927494546,0.8032070700761915,1.4201813943065436,2.3263068327186365,2.936874533561818,0.3057712477209745,0.42478318995818337,0.4496833107344165,0.34350051013501504,0.29167956674264583,1.2584150953519118,0.9369316219815438,0.4554778261996262,1.1297886881151906,1.2601704962126257,1.3140031883013628,1.2896842301525724,0.8838275234551966,2.2664369330822156,2.356607423911641,0.8606703372966736,0.6807767473233122,3.154393496301426,0.3184505666580292,0.27101083868512343,2.1975805274949667,2.280217312058484,1.2010690659755183,0.8423934594563558,1.3800569546224464,0.7366873544683553,0.8315638635274845,1.3423861051542842,0.6697602411315069,0.8125979053952032,1.2592860452104258,1.0006264748574067,0.8344672611953838,2.2960797547331215,0.9931137055705938,1.755692102180232,0.8560658904878994,0.8353316964405277,1.8222073049666094,1.3059469336581404,3.079071903726381,1.0205176483977714,1.7260417975826603,1.7551133046957244,0.9938083725842719,1.3314745512343116,2.901608347098161,0.8664948913989016,0.33246677119490625,0.6619282584011502,2.5274517632161158,0.5893202524205206,1.927145940488211,0.30654642876190474,1.0365931849407837,0.6492129265023877,1.672886313816414,1.0473075785866326,0.7431951380782271,0.3575158189705603,1.954406582451816,1.8496238215298417,1.2232006688063044,1.8274098799649765,0.7606705536583602
"((1, 0), (0, 0))",0.8017783914400829,1.394970091955291,1.2219026185643704,0.3707906860894145,2.350533326961119,1.1804560073022001,0.38090385843276664,0.7384424842800803,0.8340338199176238,0.4432478910876424,1.92878171118338,0.6921317138303383,1.047991444521869,1.4334309004834787,0.32511482261939845,0.8326970476020045,0.7768758601321065,1.2527767061502166,4.946539392153145,0.6937253748290895,0.5440299106563307,1.5328392579641419,1.219835987817646,0.9949385574517959,1.6555259289270383,2.710426705766377,0.2348230383773059,2.1328321359645677,2.072780970154752,0.29533294628681395,5.191034085530676,1.7984506172243,1.1018430354205264,1.7093808651918996,1.2601421911483777,0.15575937996760983,0.22117963674743135,2.931840511050542,0.5828210704390879,1.2230226207353796,0.6680277346865504,0.6003255681616473,2.2781348418218688,1.1048480475201692,0.843846363753297,1.2842496793594835,0.5778535023313376,2.7322209759953053,0.46186635103685536,0.28704788434243256,2.521651536488402,1.0586229222203067,0.4407701286799588,0.6302019447184728,1.5673153547823648,1.2073813102387478,1.1184462762300043,1.273802224540909,0.7580291907135186,1.1992748406049691,2.456282242132733,1.696352459241625,2.594846734153531,1.3252972053521577,0.8169230517490021,0.7228707076677957,0.9490466260046776,1.925101202229081,0.8247476990349325,1.0669812818622118,0.9554254230608743,1.0380086445587708,0.8102029189521831,2.820185408117411,2.9760238721009697,1.2183993410778975,0.7935571866882336,1.6128563197611072,1.1578581557291365,0.43376965662515515,0.5693812375930223,1.1310349566097775,0.9114514272259703,2.1215103644883886,1.1279345352062458,0.9319796766368829,1.3262762176785263,0.6969061401515824,0.914988549600252,2.623057152414531,0.6004132544885111,1.3375551253606233,1.4091199222447288,0.5995900907063285,0.5454363762967824,1.0292819838317557,3.461371376576579,2.767510592628335,0.6087678236419184,0.43944750607122623,0.8023992251284056,1.7005797873991169,2.176943553900168,2.323098667281323,1.0662263108677943,1.4577831848695857,0.5004502411278771,1.508392051098643,1.5896764700357575,0.5406787654712939,1.6307287379480528,1.0208894678906888,0.6041851836984733,0.4844830999514642,1.658788524099199,1.7513845082510615,1.054897726853123,0.24346045715443554,3.530423493674666,1.437352856498178,1.9104365124485656,0.480142283736235,0.5984488132694559,2.372000387838371,2.4517222344384138,0.8899520804959531,0.9530052096699699,1.846175555022107,0.8810698964902766,0.7492563465451421,0.4234635892765901,0.9449880694232822,1.9576089897990272,0.5990767148440912,0.42578258217539794,3.2227478864002643,0.8398537332213016,0.3150727277462006,0.6755221628138386,1.9312024801073635,0.8750759756832134,1.2990039278952756,0.20225162756009402,1.0825771726796385,2.0513795627266638,1.3763940391921223,1.5961426892790924,0.4172059734021226,1.1525908638719868,0.3764309257591234,0.9406809211381277,1.5596741329822033,0.9709293687681372,0.5002930833854657,0.9795399262864153,0.3825632595139047,0.3549788969551009,0.6469328738369216,2.7481279297620045,1.2918457956933183,0.26263881796023,2.0855033801112666,2.9005974610904466,0.4619947864935609,0.4647390873862826,1.964474982829593,0.5091689737659643,0.6370522709673971,0.18651437480749317,3.01959788480537,0.8986098049850415,0.32353152921012485,1.4023686383492913,0.8410374171746045,0.7238679480603042,0.5005152833402319,0.7013620940804512,1.52158343910412,0.37901560620514646,1.1789514230955773,1.2090727482538413,2.3234459786202057,0.7000877341428857,0.9921518184925774,0.7255043080210518,0.23660978832861085,2.683394509466902,1.1735597793745869,4.433331678057507,1.7592982658470318,0.6753532947532059,3.3304620337903783,2.2264273896780353,1.5564523878961587,0.2875581312249317,0.5405175972814082,1.00404814472299,1.71210871949192,0.4964893888202102,0.2795994596904941,1.1622023013795049,0.7695132789299076,0.7334272546420026,3.028221053256027,1.0539563423721372,0.7361792169659686,0.66643392337761,0.5673041752815156,1.3689664491888163,1.7882441935397029,0.8583595612573198,1.3570505662234074,0.7218219604436517,1.6378939431445652,1.726208581243208,0.3918058095626649,1.6502615942907626,1.079222227443424,0.637613539681844,1.2777217408416042,1.0466250762283882,0.7842257407257758,0.5111004866479725,1.2812984239615108,0.5120168596938297,3.0272881118168784,5.432871009382543,1.9336330482241275,0.5916180966023448,1.8748985989627394,0.917164463275924,0.8354974289599555,1.1978978166776852,0.37077985226444693,0.5112230916437326,0.5500277230820056,1.8465487607113173,0.7534907726290729,0.5531900531800014,0.9273724047994587,0.7319357735485472,3.3718391695391663,0.5655712331956688,1.8881058332625034,2.2273608662798665,0.6735018933733044,0.6882563593393344,0.5904932319832882,1.8101635841397308,0.587366208576426,0.9275369147332839,2.531937022725968,1.019499241582245,3.506394201748287,1.7746792522524413,2.3284635865497645,1.0422854134656083,0.6985168330969168,2.1082389071738232,0.35290915473270057,0.706506357931644,0.48836357238092176,0.36897480381561654,1.003484389253685,1.1438767736806075,0.3418775553331772,1.5942045896061363,1.5034839624284473,1.2516053457844774,0.2814176394999901,3.582490309638059,0.6802834895383462,0.7502067590523044,0.5456687969369913,1.4880509483512259,0.5223699982939654,0.38108662235512414,1.098104810602399,0.5139643937514934,1.4983432242219463,2.481559281820334,1.5671492026114857,1.7093050355768522,0.35755049184772464,0.34124414562748645,1.2727096936344504,0.4208678018539541,0.8030914249621923,1.930163124367517,0.4818507784599863,1.4281144996786188,0.8362636463303713,0.29753059856618486,0.9843109391716505,1.8702573151654096,1.1250093060682125,0.9077473166351789,0.8067348348365713,1.5279277266578606,1.562925826122604,0.905457076447882,0.5144298886987755,1.4273908633757708,1.9173059566293467,0.7244440925228375,1.2448352326112997,4.11730853125226,0.31581335172721414,0.19041047171278352,1.8779458938756297,0.6044371835447053,0.28639234480052006,0.6974521826782462,0.49580332911147207,1.8077604272505565,0.6663589974687408,1.7319120010385511,1.049011920517191,0.9477675022535035,0.8613893858573763,1.250179408903885,0.5252931230470168,0.8048770117968808,2.029838635177594,0.40400843752022114,0.7622695897217439,0.8377303181811249,0.8566979127154637,0.6303185483450516,0.21779878020906696,1.4274422416420527,0.6723513278074686,0.5004364041967404,0.922459062761636,2.2476722752203306,0.2500862626044676,1.3048883244973926,1.4676505976774328,0.6836935753254069,0.450763307172375,0.9117844943012956,1.1374545077759217,1.9314741448243207,1.8123951005308425,2.3093259264570154,0.24267784929147368,0.9441514553090387,0.3469653961313474,1.1090436941291173,0.8366679209415564,2.1630226070665874,0.7798216006132508,3.0500976801988453,0.5644588332193634,1.3042434348871192,0.9044575423532822,0.695457220056511,1.050887081425857,0.5026018183808157,0.7080327663219914,0.22959148068733898,1.2077351346067533,1.562197090941984,0.7426359337522436,0.5484517887027216,1.0752538766827422,0.9205840021525549,1.2937472419196228,0.35090227237816074,1.273621390556003,1.3624299271219247,1.155664537045134,1.7108315532918135,1.3560720906201909,0.41109586867953407,0.8379463035434637,1.5893425730994473,0.5684062042119078,0.6180995768092565,0.7206452258008748,1.874526378685562,1.201167907551648,0.5056362220096718,0.7091122218066072,0.4939426412721114,3.2718434978060684,0.5820950283186517,2.4947826606418237,0.6612504333695643,1.3424361000287661,0.8220444230382482,0.7517570225983181,0.2013563665449391,1.3008561007439603,1.1286392754482732,0.6247936016912714,3.318329204890317,2.457933547261384,1.037163972129021,1.4848506789644993,3.792113605477933,1.4614860314457196,2.382388910673771,0.2130438816276763,0.36676724947674944,2.385484730787192,0.6250587633897399,0.45859697068298133,1.9047583562812098,1.2219768889605456,0.6710083792316434,0.44550458464915643,0.8471854685631152,0.11279219478463101,0.5667927856286057,0.3526539609312985,2.7329053797177227,1.0572427612632895,0.4573757622706011,0.38833955714172885,0.43500172406958504,0.6391222530658065,0.9724714091171561,0.4741790019601362,0.7512986971166575,4.469964112674619,1.0006232077942419,3.6269479581275297,2.288718244982406,0.697428143714811,0.1498362355073284,0.4907517823941326,3.924791935171565,3.661920704523922,1.6166147835433573,1.0678377509999697,0.7293606898381317,0.43078239791470285,0.3984100153800348,0.5210592830331227,0.6442680773984941,1.0813341467641364,0.9531642304246781,1.3259462554722936,1.7380368018529766,0.7579049349739622,0.5264359561964826,0.22559418915495788,1.2869164634766184,0.750034739960545,0.6222553610316599,0.9071923080178695,0.3911242041267993,0.40730321493647165,0.7993245851059559,1.6762904857984586,0.47796846229640344,2.05030942775091,1.6239843921813168,0.2880650889768201,0.6630607794936281,1.5553530306628995,2.320356927688716,1.0492077382993856,0.5481879246132955,3.8923968761557868,0.4981725459809599,0.42705003182324874,0.13958630340705094,0.737080176785237,0.9331113965862858,1.4375908478045194,0.4383706732082877,0.3748028079083895,1.3663927315822677,0.5265044079007577,2.90682121093448,1.0512213282846297,1.0386848330465803,0.7010347872953144,0.2763817637662552,4.479729306085636,1.3249058865394499,0.8067517001042213,0.5634090394699022,1.062234882501971,0.1811463032135523,0.893054675608408,0.605914545205811,1.0986906910944234,0.29565687333870216,0.47681344611258103,1.0416138006488782,0.3524415046414647,0.7047613654238507,1.210614146115408,0.6466146246626892,1.5068157341644284,1.7474860123751144,1.223991025057858,0.7986488766720543,1.0645515260452805,0.8301130712490663,1.5046519216039675,2.6318501126456617,1.2937077449100336,1.4581394981469682,2.7457164649730066,1.5158536180560316,0.6511170461331788,0.8883848719253177,0.38731480542092067,0.21870229031183214,2.3252750254931067,1.1333274427393665,4.182433959376249,0.9979222203319786,0.4289936975540272,3.2268067785502135,0.7449832522399984,0.7564596732406754,0.8317322617002496,0.17867719370131335,0.6198698678976908,0.6009850971863495,1.1805229755610855,0.6197353047132775,2.0131271526118457,1.3494992735286448,1.584698906500518,0.5721939093615385,3.3655181012179805,2.2777605441595927,0.364956106641045,2.10456204883321,1.8757966770895909,4.746533895408024,0.191561705433216,1.5883086543561986,0.08641282543900608,0.45826061505576354,1.173069031440864,0.2819030863241224,1.449851621356402,0.1811142163861683,0.8250918469760304,1.7300420785735442,0.5425192357810571,2.3018472469691558,1.663864844724838,1.4297578625671044,0.21470218491698412,1.0894086060542996,0.6637477663676802,0.8965984247003045,1.4144631712339248,0.5935004681989321,2.0312156156663725,1.0964527467618428,2.1778181806007484,1.5758820307739656,0.9827130253667501,0.23174792765480745,0.18480754762613388,0.8295093217809673,0.6755186042784991,0.8229587610566989,0.5287549013060058,0.8211608657323592,0.7718935037588028,1.5526184057533672,0.25462278501460056,1.3201783160889067,2.3154657118025748,1.2275525199477433,2.2737828534734374,0.43338865199465654,0.5996020251735414,1.751033854186098,0.16027382505853174,1.884540909583669,0.5829154160760192,1.3466502405139962,1.9324730508818686,0.10527188191989204,0.6755556631757071,0.7532214960876902,1.8690628631154802,0.3507835658856673,0.8045780343928561,0.27314872612804525,1.380915497336017,0.48406327242283786,0.7302075361899266,2.633351751651915,0.7436380315839324,0.84167358336948,1.0899795777624117,0.7858702878860544,2.2227948430831654,0.2771313449665288,2.1047939883007563,2.277252862109392,0.698144110840342,0.85310923355105,0.4263214037569105,0.8960746997244847,0.7430654294406903,0.3495896405741985,1.725248619972458,2.2138443153196423,1.169510196663016,2.243052627362378,1.3293387656846594,2.5453933682287886,0.515713593600793,0.9407154695395432,1.2980076538604108,0.15005461051524127,0.8849755508164618,0.2180816781192419,2.948480521615467,0.46666342844367703,1.4097437335436576,1.6827664585520377,1.0111488713069738,1.5215091777600773,1.3088201168239377,2.170418970598198,0.4455302117385801,0.5043010719958552,3.1483189076992035,1.3647289806897618,1.666459264741244,1.3157555904089397,0.6513031498129188,0.3071139256335657,0.8285982931621706,1.0103218863859318,0.9791045158280024,0.4882051863963278,0.6774227974786238,0.6248893668841891,1.995851534182693,0.38544555704594974,0.142336958961796,2.9952431610454866,1.0684938604129601,1.0874012903470036,0.6695512567717227,0.5164182579374176,2.4468035248068234,1.0616795021221566,0.718547471076533,0.3754343833729826,0.4133208232519378,0.4011082188886116,0.7210052041147941,0.7360663027425421,1.457150043430321,1.4893611049676703,0.6383491824626282,3.40544196457862,2.485550075144545,1.581174065056007,1.4407119029371367,0.40765645779699683,1.6594638029538122,0.3954011602383384,1.0449672092205784,2.155776399088839,0.5277854220172928,2.1284645396412105,0.7144725084143065,0.2697213478072503,0.6069516947807744,0.47024377213670787,1.2892811276253797,0.6605093973027338,0.5367590487600677,1.3174388853626957,1.4950639340687129,1.4623490726321768,0.393760875726753,0.9282635084369737,0.9202871316690777,2.0864757842877544,1.0624100318493508,0.6095009118394068,0.8806235003138309,0.5638612560208195,1.5195424141796103,0.6226784035983882,0.426799041216398,0.4152615448866399,0.6799430504226974,0.953224445624105,0.8549273723520184,1.012495322790039,0.474943843054834,1.7060786977333817,1.9758306454377017,2.521381203674241,1.4749299932749371,2.9148485871951575,0.7872121914450546,2.506374302090693,1.6312424245097141,1.5063686507617626,0.7302427134879395,0.41581100801478244,0.6731913381875542,2.1097235017289018,0.3308302364384208,0.25262817768299445,2.6999443001367753,0.9578943593444276,0.49130459410479654,0.5316194598601016,0.6578905737071097,0.686767318120773,1.1153072823005068,1.8133540470789664,0.5290854671424846,1.3616402440923527,0.06315394495205884,0.8319429865571022,0.7505971387924535,0.684050965764585,0.6295445102780767,0.40634737568847895,1.0046957526472031,0.23282986473418388,1.528946760483527,1.4432530444044656,0.7008388343415135,2.6320386798692645,1.3604231448427608,1.0118652121976446,0.8132851484321283,0.38217880482892647,1.9178832147651632,1.6465708938624226,2.4813884314234826,0.6007149624789316,0.1694183633153138,0.3507703447944533,1.51763007432328,3.5367619649245055,2.047723124447141,2.8543188285930308,1.3243889207710697,1.1341123276661347,0.7540504872655819,1.052943553934927,2.1164875631818774,0.48164255492907393,0.789826647525021,2.0989417202815397,0.5731844421831203,1.349310297798189,1.1541450386593526,2.359222380964428,2.046467120508228,0.6311399374665814,2.984003775931303,2.42480240672743,0.40064564218069554,0.32186846014768666,0.8307538750355368,2.5492849851992014,3.085448074458147,1.4499968013326416,1.5682650216544582,0.83265287123641,1.3431938913040653,1.3225875533548546,1.5791719898622223,1.6680808905270106,2.069948038921244,0.4280270940154762,1.3008860611388227,1.7418542465464286,0.2194815427684457,1.0832106050988064,1.8000023241152334,1.3499225452020505,0.20557590961143582,4.424109013445398,1.9017504101946892,1.4853301318053593,0.42081353606802957,1.6768096133598245,0.6510145630802213,0.7467449321388221,0.325670242572358,1.9994351774660606,1.2978742511950232,1.7474629809993807,4.428231772636163,1.0580501570705514,2.09137843121893,2.6816585628617258,1.1851523556541184,0.8808687136855173,4.242964746181421,2.6086497218536397,2.4552194478421865,0.8884460694015852,0.4950372881313928,1.187069910573793,1.665340466203856,0.7891966265526515,0.21587345355532808,0.37584351619756695,1.0129778838274592,2.899217608473284,0.7302863920559501,0.761102631946924,1.2403976186405405,1.120996960741371,0.7135105261240352,1.493333223158371,0.5530844760047724,1.4323418983841585,1.2805762000367211,1.0928135814582096,1.514893631041655,1.6277877878285976,2.5703873066399217,0.2231116778253383,1.0075141263036627,0.7222938193447288,0.7553393024470482,1.009184087695439,0.6874780894613273,0.6073165302018955,0.6071824792137184,1.0484017952243856,0.5731606277759521,0.7654226123295096,1.7685835936120293,0.6248703973725553,0.8757481688307758,0.9037941654500347,0.6686267043632471,0.3662728515248352,0.552379408881341,0.8396600149928388,0.5684055189892206,0.7421371813583373,1.6835763852046044,0.457572405477102,1.7790800149305024,1.2094914559720527,3.667957274739772,1.537795969951267,1.3963369747231424,1.1343363644831865,3.1982971741971427,0.5235784960201357,0.583260256589228,1.2119253668678005,0.9137508981637198,0.8523773969158899,0.18359317291890298,1.601509836064329,1.3244439827820333,0.5639318484733953,0.26289443765969095,0.7186235468897575,1.1273356537885437,1.4815374653711237,0.27469756653892213,0.3151706416440128,1.7044587581428252,1.6668231284863986,1.6749296076503768,1.0654157215188524,0.7701255094675374,1.7076596417944059,1.202951443663167,0.5835026794891782,0.5679893543671787,1.0760094870279135,2.2643834256236683,0.4668541232864443,0.7949414604359027,1.1935868973584651,3.23023624710147,0.9647114056728816,2.150433494777624,0.6024853119589335,1.8982683037808072,1.8965205989518807,1.0826921851524498,2.3269404411286514,0.4668875508699064,3.0150805629005633,0.6389957629902868,1.511627607793357,0.2523682654750641,1.1603003179978923,2.0603933596457393,0.45314007279097346,1.0786553682812259,0.6085249813173373,0.8201432104091299,2.1320880083054123,0.9206983730345073,0.764587460565624,0.8992903275457149,0.5245129012675365,0.7857138822521147,2.4131014951879717,1.1024213331662736,1.423137782646542,1.3208872804058762,1.7654549171404377,0.7394843198393487,1.3570785999429553,1.2986317364610385,1.065103087631004,0.4968395061249347,0.4322194376977577,0.8173323336920205,1.0691342855833643,1.8465421432149667,0.9738639591953275,3.0741813524430084,1.5380492504232095,0.9352890487619359,0.5503479538625042,1.4943729939374872,0.9942825522980199,0.5368816893016651,1.17191266695454,0.5690914921705196,0.6177782181634994,0.899727718047488,1.3542792485662822,0.4362742798915086,0.9513286493588606,1.4135258150491996,1.5081550962057888,1.455243683599338,1.5763903482156614,2.157922336669269,0.913438388062721,1.9442200488178862,0.4650946668041162,1.2629986287009112,1.102809610037091,1.2086807506753625,1.1326482386490437,0.9229169815487933,0.5056695602294908,0.985846270510891,0.8716695139670513,0.8754276732395354,1.228287885652701,0.8650451352480231,2.0260937973458133,0.9460368688178304,0.6084176478503124,0.5990999844767966,0.19180436763993616,0.9490049010595141,1.5645694951456202,0.5977617256659526,1.2003769302340725,1.327932728323427,0.3256167868337827,0.5918812667383871,0.7341693063442981,1.7487712285369308,0.8941185766123051,1.375019017186115,1.749149576693302,1.0869961389212743,1.7963851910107702,0.39873980853181173,0.7584782522987199,2.2817031484639587,0.8213625853864632,0.5541677358551846,1.2071297379354853,0.553099122653354,1.0172626316809286,0.44848618760861203,0.39545512266207644,1.6850111853081648,0.3222899224843372,0.25699322809031666,2.3498320123611873,0.6474043759250007,1.0007579284292398,2.615530111484845,2.9947583915803784,0.2821129966314331,0.40496744745568297,0.672644220741642,0.3405970368786222,1.814095381454401,0.9151029411036105,0.9611446539011154,2.6630967251813535,0.8861798652530337,0.6993386380805227,1.4525934878388083,1.380874158937059,0.629487514016093,3.7433642592390504,0.4285307978138703,0.6612926553375743,0.6667808633587679,2.2109749074669676,0.4574361701465594,0.9297525984788526,1.2813365139218063,1.3171058039362176,0.7043360168810285,0.803027930691149,0.378287587290784,0.5967559879065687,0.17480150839061082,0.45777220557012754,1.0160173882323003,0.5725236888472403,0.9928013288140308,1.40242983833043,2.0867839491026494,0.5484592376563808,0.735244219318813,1.323547844318096,0.21731731568236345,1.2721014882401407,1.186936804387183,0.20646682600069707,1.9679120317594165,0.8971231514148806,1.1042048871822185,1.1792154905905634,2.2456043961682504,2.0365581500352996,1.3670539160451245,1.6874704808003371,0.508603699393181,0.7408826861277694,0.8956798566027494,0.8344721951797252,0.7541522768865931,0.6238582170159714,1.0205534652270956,1.2656970747939689,1.5274961669811014,1.6927051280113095,1.273347569450927,0.4308210264715458,0.6177173169824519,0.8120843988873446,1.3975288537751003,1.33884306126436,3.70274033724199,0.822824189146316,0.9052438586264441,1.0067935687899543,1.2169305717713907,0.23856679809319015,0.2562014097061518,2.728115252615722,0.7075760894791676,1.497984176402073,0.8879449108633775,2.0668155464754574,0.6458489810137323,1.2655948721416153,0.1793412100315246,2.3884638740908626,0.7303714077130528,0.1644857238456143,0.6477574251483028,1.5754299994499406,0.6751527768327964,3.2093046873109956,2.221600378094213,2.3336789339614676,0.6433760405034482,0.4648884539571932,0.6294748063193664,0.9443814080120079,1.305893926000058,1.0158690727109485,0.530358062595146,0.8309612484498907,1.4261126355883151,0.6843934161753262,0.8364722103850503,0.5630454842684776,0.9481213285888899,1.2976618249284466,0.9258779560254347,0.9259296679636297,0.950533413121538,1.5589182407682367,0.9495772854054705,0.5598488941461777,0.28874008724031663,1.634687644739505,1.260206785135312,1.5075556846258815,0.4646535690143069,1.1431607845061706,1.3174648132501132,0.5284885260751737,0.3917874773919763,0.4565344230775265,1.0613507025137927,0.8107629786426525,0.2770077653125226,1.8840366915201565,1.3664828961301034,1.2940860849517324,0.9028486223451121,0.8493783040401623,1.303773778656124,0.8214717298032252,1.6007331417917967,1.7407519598357515,2.9389923008623953,1.6024722188125846,0.37388722511968037,2.172962804851224,1.2305689457596627,1.7746418962816046,1.5201092761001282,0.585902957316314,0.413239063402277,1.4423185495079718,1.2134085262860184,3.1916941661412817,1.4185534977160879,0.7663883134899852,0.10873166307819608,0.834052099644533,2.651474870943242,0.2842887497158337,1.2032132353177278,1.478991876915087,0.9889294776697888,3.685196900780087,0.27710364620929695,0.3652422282999107,1.2494134762229454,1.9781008916013176,1.1750029126262085,1.8023657446675536,1.167868418464857,1.5386552807729006,3.2140252751107883,0.50257225028315,0.6411544581297091,0.6114881676355488,1.4877457282299595,1.1412070482559598,1.0223743165465697,0.3224184886681942,1.0309770994098224,0.6734840931575534,3.366565327789499,0.475003276362069,0.9221053909279493,1.2810405744956976,0.45029758996642755,1.5191499912005209,1.0788602373512233,2.1479024034108525,0.41588711396789263,1.4133094713232068,0.4325687007220462,0.5618280642142865,0.8764322976633591,0.5849170889489825,1.2681937155529688,0.47780938562794406,0.39416869559090384,1.3855862519224513,2.9367191639847228,0.4058424225032949,0.8196039955264109,1.068424683480352,1.4237426570980471,1.942455065714253,1.516639995581919,1.8320476150630398,1.1329929727078318,0.7089587560583754,1.6584785269679372,1.083053456938601,0.44057593454348654,1.8217444252774442,1.1721745959840926,0.7880806802425983,5.450276642036014,0.7270242354125439,0.3045583631811761,0.6474545921296819,1.2958436567785583,0.5295954742475053,0.4478355767921671,0.79527735545931,0.24670352275087393,0.7726378232317441,2.760647407334364,1.1376905974977765,3.5999476879721204,0.511737879196999,0.7930654825009297,2.3149638426477237,1.491912110849019,0.44192316367679063,2.049763458007631,1.7358915204204304,1.328774205416668,0.616900807954949,1.1378012323328415,1.639183646175114,0.8965124239319475,1.4679806771099284,0.5927504447319679,1.0460325426159163,1.0147810187871071,0.4856557811905775,2.8585247153239535,0.5620462030472158,1.0015819104360448,0.8493007829519821,0.544501570461773,1.796824480334002,0.3930605877950709,0.6517483342792324,0.7454267686889944,1.698730091401448,2.0669334838547306,1.1973802443448567,0.4188371204853858,0.9551250772713149,0.5067981008943668,0.5728578504144531,0.41848117708874844,0.50150037675687,1.5151795330269187,0.5577371829934855,1.3416026225965487,1.7486720721647502,1.4298804662018485,1.5007997841676062,1.2252320043162808,2.331813629311433,0.8420770075420234,0.6362370957540131,1.2580254322814743,3.502552416887276,0.591878759954863,1.114757284640257,0.9341282685728547,0.8626594224953095,1.2416063662354313,0.4659426550295055,0.2925527102774894,1.1154146967631111,2.3897275399326396,2.0950741401294692,1.3198826335168974,0.4394623298379991,3.101320140146326,0.443386874217869,1.0804245495734754,0.562312613276374,2.619303213683191,2.8287675625074646,0.8610126194396281,0.4509670836618538,1.4131573043347567,0.5307333520990418,0.490675142177275,1.4502999164901904,1.5936976758403105,0.415020425267363,0.7682693636445153,3.011907122892437,2.178216468862307,1.5522191879242875,1.1887605907888905,0.8626405294659352,3.3959203607295456,3.1842225421951142,1.4436449758107428,2.022203588565055,1.8493061396027113,0.56726945270923,0.582768889795526,1.153574458653985,1.3428636683902027,3.31423587213201,0.6048626017423078,2.3887482755941005,1.8699450579255663,2.230216478581367,1.5526407136744096,0.6720398758316112,1.3182494047669746,0.74724092787465,2.68204162272312,0.31508235226618014,3.109443102814832,0.6125073014681421,2.8116260402182354,0.6271617115822792,0.25193097696918565,1.8257900377886898,2.2176376286280366,0.9459949787350855,1.1480634138870232,0.20436099824906595,1.418551572405418,0.15399598354549004,0.11550327671990795,1.807045274518986,1.2657133362903505,1.3696059409825614,3.4327689843386144,0.41205081085028805,0.1672615419489611,1.068012215948301,1.9085005425877037,1.8263392017955573,0.5567721281512956,0.8232918629295796,0.88716609818092,0.9984464423016592,1.4054480215254097,1.1708296178818574,0.45838723157677874,1.8696396215970632,1.2545337154303844,2.3996539036072413,0.677168440849981,1.8031199287661681,0.33832956097365874,0.5799096284075559,1.2056899460478783,2.051710225885732,2.832798489370854,0.2041825360112398,0.8068087259513815,1.2149773902127614,0.9647774412688244,1.2327846234952533,4.21356635623025,0.23272622097820178,0.28490245894337907,1.841700603186496,0.4669423689144052,1.0547853130942286,0.6348650478521154,0.632078874058687,1.5446794553885657,3.03069427200732,0.9807002711358536,0.45026461320891736,0.9585745855264154,4.096337115613097,1.3955642881429122,0.17742060299330273,0.7768871345062341,0.8218768778453025,0.36341357242086875,1.314514163693417,3.2748905273290116,1.8813770253157016,1.0115078017392523,1.7366234543163273,3.0267671194125603,1.489672161129606,0.7146238682204216,2.474948907040411,0.371183068614155,0.7661462380821223,0.49492470485799933,0.778294939545127,0.29458804965415397,0.799439240352837,1.3178611241503824,1.0304477669896759,1.977525795306487,1.8321251602646327,0.5524479125285342,1.3423928116747008,2.180289256354996,1.1588539339721817,0.6827569274542186,1.0654613505084087,1.5102207983000495,0.8084116261490053,0.9194967406974309,2.818788004929507,2.590226896820768,0.8274218400475644,2.316911635673971,0.21269968124540695,0.8869056683310959,1.6861574844459148,3.239524312873257,0.2654964912205191,0.3558144864251485,0.9840207698436123,3.350253224470832,1.8040075594412408,1.4351866451836368,1.8154113196316628,3.905971279975697,2.4844910983084034,0.859766041625245,0.9014706659481915,1.56760740425882,0.5482380769984485,0.787263588179975,0.35504047415003837,0.5725713296662797,0.7579468817081667,1.7370433650765842,0.25512212486039565,2.3566813942216545,1.534604100955816,0.7794392544730214,1.1510745059421306,2.01978491180549,0.888313654064996,1.2527811414195955,0.7448438184179084,2.6967413730123746,1.2543972128638046,0.5193628896545748,0.3114467901236986,0.39752443162401285,2.169598914758738,0.44055776399441565,3.116912601288201,0.26665464056174093,1.7891993339518701,2.1666023475971197,1.1448371051563224,1.4335952309731683,0.9127785009423065,1.6722841214038104,0.4854338273844139,1.762164751229748,0.6508455089944424,0.9556385944169752,3.675621440657922,0.5501446719173844,0.4034192880114186,0.8082650417642593,0.8037439609125263,0.782335878032046,0.8113037452630694,0.1325679991970168,1.136920886018342,2.063179446955838,1.5305015947378056,1.031237150316526,1.4271588913117723,0.8665187568594591,0.4126976288851075,0.4137809361203188,2.6829309544089135,0.22319397640308986,0.850275698013986,1.062880553781965,1.3987961147188777,0.9809409450856775,0.7783142277949834,1.489958761305043,0.234654005079461,1.4374789604591782,1.3128622059147772,1.5578043511224726,0.9115917357043425,1.1114359632532764,0.6856210875618735,1.175703567219821,2.75706447567747,2.0337147226497874,0.6115506019539173,0.5012825047226827,3.119193552540542,1.3491417734314795,1.3426513883694615,0.6526906477508874,0.6702270051052722,2.3343077501659084,0.8647385698737405,0.5217827759098136,2.4730308350348342,0.46378083037895274,0.7496411029198262,2.571299301970316,0.6510807497613211,0.7756377008988828,1.2898244522282891,0.8943511471528798,0.5977424763712521,1.8801541935410726,2.3370796243543084,1.1809137368078153,1.6903598949581806,0.19239511006144636,0.6465143884646325,0.9193594605339016,0.5972377073371048,2.1074156111291322,1.1107533171784618,0.4613032325305854,1.2934164136994424,0.634153720136539,1.220543881911833,1.4782619446397098,1.8751006551320568,1.0590567865835787,1.637521029312333,1.6111716258276698,0.9389635703123156,2.622465074037769,1.9950608640890777,2.302006494045882,0.338462065620317,1.166654222911772,0.7423830993535057,5.776410808005623,0.4154255441707634,0.8612398379797295,1.3207145654186732,1.1408325037732863,1.16361470787281,0.7006752334687512,2.442879783270506,0.9370954322536722,0.8334162428383158,0.9025852181716675,0.8061864843979083,3.2424977416407645,0.4938781192775139,0.2896870215550359,0.5782161682658937,0.6134558483110728,2.183974410476018,1.4607031736126361,0.21667206047518062,0.5317414959831325,1.6659548795912495,0.5621044341112527,1.2662798401822457,0.83954823918393,2.861422644507554,1.6621702593014955,2.568276054970444,1.3900191633008028,1.3273777250865857,0.9573146311995256,1.4266866835096816,1.8613980137103459,2.3019763060386063,0.9099335678543484,1.0741083463486096,1.739396021565177,0.28174469179623596,0.5184524782127773,0.633524473879644,2.4439986641329248,1.0117267655961177,2.422944031905883,0.6951664433622807,1.3757771011796285,1.229187059041099,1.8670846751594914,3.181906883202299,1.675359995582965,3.2647818202537024,1.0525110507722932,1.0217767824360557,1.1591132056447015,1.0840292284566504,1.8491168708588763,1.4960908643907795,0.5902129836117008,0.38955084042705185,0.6131402846157702,1.4977155314560973,1.573987734433429,1.886630320951095,0.6354544261585525,1.5692871693443564,2.45703009159859,0.7439302798052685,1.9058341095612454,0.43696758686071024,0.7822157489400179,0.9503957090637616,1.811594264358503,1.5149467727068127,1.4269033147672179,0.8036694348793187,2.18189803180465,0.43518639795633707,1.6329858695265052,1.9649211215580418,3.655101438091286,2.367155659551489,2.0643088860852963,1.0974934738672875,1.1694062451697245,1.6197949133084921,2.1822263686037267,0.687874661849638,1.9118880326922965,0.3750875154590211,1.1741220582808631,1.1454958547127505,0.5838715218972321,1.0891756295485449,1.4890293644559427,1.817004298081156,0.7116508525805025,0.717931738685266,1.7817045922225652,0.12122608910601981,2.003842574048519,0.7505088950928063,0.3090725147195768,1.7062380835963402,2.1373822584170052,2.485201110743459,0.9451770886637028,0.5365303447692737,1.6030207559501657,3.5968786799126593,1.7084731806434539,1.1349728214951984,1.820606022672519,0.5539182398546386,1.3916584317655265,0.31232357950545764,1.9432416622383737,0.3912890361706368,2.5416288474378383,1.9864622573900785,1.075484099181399,1.2240981990165585,0.8945206332288078,1.2244621704411047,0.7079960431034259,0.8384636368665207,0.4201832587106285,2.80646269250255,0.95776480222146,1.5117808011176104,2.2696902366374268,0.9799095753333221,0.517407117565486,0.7223756091650315,2.178041512902667,0.2543533701174723,0.9542350821571128,0.9529433102267465,0.19602270733020666,1.3335693484510973,1.3741704854240122,0.6532498037901481,0.5413074256465807,0.6946041447745716,0.2662239206255782,0.9018603186343439,0.49268856614940487,0.8469032666427996,1.3488742886998926,0.5226635110194414,0.2565457458620363,1.836333549362192,0.665807312401157,0.9593408922594768,0.2967140480723744,2.0760724579755254,1.100187913765765,0.1994316672107358,4.746700573847927,0.6546711779650494,2.5379009467182976,1.1753439073773653,0.5820780664857226,0.3990298576696687,1.587494838248947,0.67447889886013,0.6356549334141115,1.358572711016164,0.26392120702716393,1.4114464858386069,0.5850095581558283,0.49121817171277266,0.43843720053892116,0.856146350640648,1.1844873950853563,0.5631196277593762,1.2821731864869732,0.7285874565949347,2.6639177555531015,0.3835018224620788,1.069193245237468,1.1213274008439937,1.2029594506689398,0.9719346293357622,0.7308248384010192,1.6002635486311003,0.7085959516248916,1.3226449573558279,0.340700211604409,2.528006556821887,0.20997633476524039,1.5669288341873306,0.802098543126448,0.7982289502964492,0.9692538923798378,0.3203993331232905,1.057416349430707,0.7457932267407266,0.5874741812912984,1.8360183654914493,0.40386332086304305,1.5381833838352683,3.1578508427196557,3.9942905123105152,0.6350680391870838,0.8884027136199562,0.7495865542532133,1.593190169851929,1.8307452264147748,0.6906142560075909,2.182228080313414,0.5954484664510205,0.11728642994540209,0.8583810659603539,1.0659397005498998,2.493989900441418,1.3699061018993202,0.4593238437193009,0.46113818487062064,0.6751211122881963,0.8392168691127803,0.9216570782112913,0.3599840615865727,0.6766886582087493,1.4516525594764838,1.3944542792054504,2.244696365176946,1.3432029653139825,0.9945658000508778,0.390322363272888,0.14847610676896494,1.00085992194016,0.24799092105396647,1.5620815657898268,1.1738360627704951,0.43918515587784207,0.5108344650742882,1.0760547920320702,0.4694858302504135,3.4146650794007805,4.727791484354372,0.5463114846319632,2.642432558646896,1.5015508470721137,1.4239930923609043,0.8167829682450325,3.086236211554675,2.333472137695026,1.4234713664277854,0.1818038773950287,0.6984988855617751,1.105918873633606,0.867965880356979,0.6505313544881477,0.4185844932800933,3.355627944565537,3.216224808852788,0.8554280630074669,0.30632929964824607,2.1261238286339443,1.2203258797186687,1.6588744861506013,0.8680173729492864,1.5237429153781772,0.4731707837066903,3.0329192452111835,0.41370818177842184,2.5979385029032183,1.0556495196492666,2.153239113131156,0.40240655511585893,2.2479027351739314,1.0051650277165942,1.9267023480140424,0.9597164988095797,1.2208853926043601,1.6945193147273532,2.922796333665219,1.5293181255173038,0.23991990854309278,0.8023711168831259,0.9599548243344764,0.7517152796445483,0.9783504100462459,1.1361763309745154,0.7800214416540914,1.7606130713109693,0.6935342863282161,2.941419620271642,1.3316992403085786,0.4963938922683263,0.6323876281742873,0.12239880516186441,0.53995144738328,2.3298512804948346,2.0853315969483495,0.4292292268839729,1.458899033310934,0.5788997451404727,2.5141666391345234,0.7090411292613803,1.2394073029736974,1.1124510346420955,2.146458349205337,1.2921535813211953,0.8316913411126142,2.5560466257145245,1.1623843841056598,0.8684835522903552,0.6547597543190917,0.7196046406578513,1.4626776992952193,1.0382748764480538,3.4974040698037467,1.9666633041290429,1.34080591998256,1.3403330379945093,1.8907968426841915,3.181583076102885,0.9529778627273076,1.0187649061706274,0.44489789260683266,0.42142801526662826,1.3728932333710513,1.1372821924211505,0.3026589019794843,0.6673901785375991,0.415097343029293,0.49018704885730235,1.3903994917725417,1.2847446579478452,1.9100207135245746,2.604305277701363,2.4292766712024507,3.715982887827597,0.32944144614049714,0.9865472556721915,0.9222060284390832,0.3933894989435912,3.4815754306184132,0.04725333872035768,0.26539442910292144,1.4689439826222062,2.049167311266178,1.4247069899602356,0.7347656146791743,1.182058964491966,1.0682860791881486,0.1593616369292183,0.31236718377223366,1.4203658855009802,1.6859330741353653,1.084728850145754,0.5160267401030787,1.3047899136547603,0.45762907841050793,3.660587887479302,1.5311976799323803,1.4326407669852228,0.4790788275641552,1.4641531595515511,1.1318496434584144,0.9480512314828141,2.1691546225238008,0.764414117141141,2.148645941667217,0.3349772130005526,1.8619633580063089,0.8831914869267441,0.9959473419256742,0.28608581887860274,0.979753134701455,1.2592507269949949,0.4122736674133164,0.555690560444977,0.9469859159725166,1.1511251827124611,0.9912484464003176,1.90617351679277,0.3394498325110713,0.7844878491518086,0.2852914593355446,4.096132574024952,0.8232624182170101,2.1556414152037884,0.5402711837322407,1.5634861510700477,0.7704125665743238,0.6278799858296615,0.6994820684713867,1.567647148570284,1.1045020829151326,1.3147311071117318,1.1675438184657703,0.6274469569907447,1.3885050155452825,0.9969014810297612,1.4272902103412861,2.289311997411664,0.916578732868972,1.070508696558297,0.6135683966411083,1.7047755395654927,0.6305756392208669,1.071734326944399,1.6432070728216663,1.0314764333304978,2.2595769339127285,0.5103693127763319,1.2614952482319401,0.4626691413086435,0.9560841498037618,0.7145908475124022,0.9476824810246801,0.5004076977213276,1.7958169619253253,1.0820808112301932,0.5632954395592635,1.0769769884624312,0.2273969445583518,2.470710787525377,0.9436111022700934,0.3728735473897354,0.9894067085661413,0.21320178801105893,1.5049520690705178,1.3994822931401234,0.27562261624487217,0.46480392094405454,0.4503865101329789,0.40744395223318575,0.6647801493185355,2.3269634770718817,2.1488101256734766,1.360357990807277,0.18239762117495978,0.32087544555728975,3.3158201165640513,2.775397225818231,1.147461934714653,1.1985457478210708,1.0246852558318977,1.0510919244839576,1.4012892154183199,0.5269230233789861,0.7459401204460272,0.8043642970002337,1.1270205996644955,0.97699848979512,0.6080283452915781,0.7810930977576901,3.990545922674728,1.2038703101100285,0.3853187671158975,0.8125246474395094,1.0085579393389716,2.266134799024933,5.7868531325807,0.6087335732198014,1.161066478380959,1.5065902780891034,0.7489424550736201,0.5701173381112643,1.2526480379968796,0.6495682305011724,0.4557801469271704,1.079984818531739,1.1664258665585,1.5612823032923404,1.110145554048701,1.1621445674578996,1.9055600641472532,3.156784872229929,0.834749401698361,0.6149366117649826,2.7394536168242047,0.43285011022698616,1.6229595046007625,1.1205438365124962,1.2263792227426804,1.365932158697058,1.0937267863449143,1.798553946169288,3.383868853522686,1.7438430990622642,1.4997271262278669,0.8243872839848632,0.7305512183680783,0.8664651408668472,4.179460451161584,2.133582768452217,1.0317039175320446,0.338910148055689,1.0279883404324635,0.2804404604168438,5.165180370375281,0.8487924686338447,2.3323364002265894,1.041260523916911,0.7971384387719302,1.8717018693879195,1.8440766308201868,0.3938446898146002,1.1769606179138201,0.48125362022048723,1.0008391098409535,0.6250637023015806,0.5151230082479423,1.486660640544835,1.5817301957462047,1.3704981686923228,3.1407855467631287,0.3885383194190577,1.606700002259137,0.7501377060840493,0.9615288057129106,1.826967538007344,0.12380213416562774,0.2577474875398755,1.5618032458467734,1.1982429780645183,1.7145844900722822,0.1883364711967197,0.7575417030805142,0.3326540647292766,2.9905245671059495,0.1983533884703168,0.6382963211974408,0.40794127863459095,1.6770014615026676,0.05822597595010118,0.6750568907363513,0.6310326798277827,2.1493230842407964,0.6916350432820288,1.5328223683549125,0.9107855351779757,2.487058200591149,0.6184128279631897,0.831533206899493,2.2366332613570976,1.1434984341073995,1.851339206356668,2.420165014850326,0.5290183298143801,1.952586342885041,0.3869928937370762,3.347709579636806,1.9466236136452286,0.5188754296785698,1.4213870633853831,0.5876767181216298,1.885768231572493,0.4541214705940928,1.5079094467340144,0.2859717041931102,0.45596681302826914,1.404246251228762,0.8713627798807226,1.529037738216311,1.4182256900332868,1.2493256374435533,1.2859434751366283,2.4089794473990613,0.4388310771389383,1.8525630470671448,1.127081033897589,0.1456578963767523,0.9481049977580545,0.9270637503302857,0.8877018438670703,1.8430818056937393,0.6539619071503973,1.4164653432947305,0.7996922114668141,2.2574210661585905,1.2494009566075435,0.5460262714204445,1.8570627935402804,0.48630286824064706,0.9804806651452157,0.4913753524647657,0.7619391182405115,0.42571171351074777,0.12813217040598723,3.0338617051848176,2.296262204580363,1.21986220687281,1.1210846624423607,0.4999450909441832,0.666440352315755,2.230957040122224,0.908885825102663,2.7246249489439127,4.000095509615723,0.7022592913463772,0.8841693398897783,1.7174844677145438,0.9605642030545601,1.0457777818518272,0.5270189725484712,0.5496566643084353,0.7683746760550461,1.2707432157218432,0.48282333846777997,0.6952584018834977,0.5902311381139633,0.34245781621985943,0.47190366108633997,1.9063045774612088,1.919699076067894,0.6298319092008291,1.0422670579892097,1.8429084301778573,2.702233029655096,0.7415103192915671,1.6848206689392098,0.8667913506309828,1.3201370832867987,0.413421892937031,0.49976459689016767,2.6154729332693227,0.8150030475262008,4.489801677718717,1.0186378013786712,0.9625505688311737,1.4489599530786812,0.2773108449502835,0.918741571369081,2.6246433433570577,0.6882779633075997,1.6674994214743566,1.3953722442972272,2.3744465144188767,2.1221176680156133,2.3505012299696117,2.1007381694738605,0.21573163041545473,1.209346010344963,1.9395156124842852,3.5214680395996973,2.7835700928628953,3.323351901532448,0.8190323966890728,0.4844451788230548,1.2618131324680457,0.5730808651827851,1.5715504849494701,1.7848426467440701,0.6381495862369693,2.4949843622881476,3.1997957684082174,0.22104039025452066,1.205375631849732,1.5178692135313925,1.3827142163658648,0.6158591011913367,1.271472117356879,0.36117817884705833,2.8688953852682797,2.0145483498137975,1.487526599934874,0.8884459461416908,0.9741492848090424,1.1345824809329346,1.7762259310420334,0.9617052175750113,0.975676435946545,0.8196946992412558,3.2744880056389074,0.4915791150287683,0.856326259936377,1.671168019379604,0.744346775580683,1.718742977862916,0.7824878558533499,2.8261861177122323,1.0260025690412675,0.034206314297644314,1.2770124583552314,0.5145982098720481,0.3354578413332907,3.341840558831567,0.496643301277245,0.917405675859447,0.5199550595178054,0.5249831750233317,0.8537248777327526,2.619106572240035,1.414473096530004,1.8539183953558085,1.2776485669967041,1.7002609576622367,1.0270497075233982,0.9884657308718513,0.6733849510971275,1.537395430485452,0.877779439321213,0.8555516569008622,2.8090929953982995,1.709632611716034,1.5016611036610341,3.2750451165260523,1.5160804434352542,1.2500495020530322,0.9135585569141579,1.640645666239683,0.5304325899646882,0.38292076161321853,0.6481691147374933,0.6516938114819191,1.6112098984645415,0.6429876673547275,2.40878167631777,2.3056753144692346,1.6372163360890621,0.7166610759117805,0.678387807529601,1.52731511768546,0.959489243728135,0.5852571502680247,0.6912882233011696,0.347030913320147,0.9558145172880714,1.1888419074175147,1.579872459337491,1.5187958745253007,0.7711002005742946,2.493297982702209,0.7844788791522722,2.749120970539102,0.8075639489382762,0.8723908881711299,2.7961641231258096,1.4371941990294306,1.3649154624815185,3.421687397894107,0.6380514718771092,0.3893399984889534,1.69286266305102,1.4406933332151834,0.8660735949396735,0.6797725372445091,0.370844712886476,1.514823436207202,0.8212239464533819,0.18421117348014154,0.5117023955423583,0.4423032453699123,1.6181880406503117,1.0993245115644086,1.0239850309167913,1.7614513391288193,0.5630102838271681,0.6663700267449757,2.1996627840508465,0.9188895280290804,0.8306353881004287,1.7214441983947835,0.7874008905983638,3.9467401187385636,0.9466957329907864,1.3303282052249041,0.6393987466015303,0.7231303486187699,3.8019165557803136,1.1792703160357747,0.8981984287121267,0.4896665672415581,2.1683037596437225,1.3683505253247925,0.9889258479633447,0.36025706021950754,0.4338650430967488,3.3454589897124163,0.9149863099194128,0.26967072031443773,1.114354975618082,1.8233263359962515,1.4300346572142069,0.6586030332423902,1.5896088059915041,0.04723068105970554,0.9473182411955366,2.7148456931457403,0.7715417124226558,0.33105059583460617,1.6782422896195928,1.463510114760038,0.2688094798582235,1.5369053036865403,0.7534110129053033,1.445166854766716,2.6107807800041627,2.052360535903747,0.7148528060380874,1.6810228556967126,0.849664504629525,1.5964964165786513,0.901301823232831,1.6689110095653492,0.769968185732698,1.0753232962352721,1.3234304648788733,0.23885831623586812,0.5115137614270413,0.3398901592746292,0.4640405281613389,0.2657611710252177,0.7133055011334455,2.624069164597915,2.878866141317671,3.1222976103795594,1.3781966337209586,2.28031905999737,0.6470732272399139,0.2921965222300194,0.19911626775724928,0.5814340453374769,0.6618785250613171,0.7466673509365287,0.48426625654574695,0.5344623378858065,0.4199401586275304,1.618551255409478,0.6318659014941121,0.6501019075158717,1.115866054852974,0.6424284935765779,1.5289885929372635,0.45622481277154847,1.2155436549132175,1.188941706825712,0.34707748283729917,0.7061494926508693,0.6787272966318332,0.7683035858226694,1.7263099930043404,0.9550757630193338,0.7870007924861623,0.7654972130380646,0.4097045322317211,2.050936937941647,0.16273868920461376,1.2703686041240183,0.9031290493737585,0.5818551990237625,0.3700307899883888,0.8270162678896962,1.2104235316545833,0.41161657163318455,0.87651210824454,1.8711322393072012,0.2988084996436139,0.2539620655547793,2.2141455679722712,1.2764834839524088,2.386051578433191,0.944130401900916,0.43290083576613725,1.6670126890753396,2.352033689173946,0.27709070621168597,1.5531186783066084,0.7530036003459593,0.7196372529945765,1.1414181172880604,0.9590602790000647,0.3594050239372212,0.48698632999902897,0.8930988254661489,0.8351828546058541,1.1090806176698746,0.7510086887033071,0.10470165103084195,2.442730474577757,0.4380131836714807,1.1243399633139344,1.861949331227466,0.6535401089062411,1.1343350610178666,1.2646073107124804,1.1091350931487,2.5891696773701676,1.3796764571614335,1.970856184036219,0.854003215256325,1.0743212969922669,0.7402777313054992,0.8844181369266474,1.3729931318948378,2.49816797107807,0.4475622771691211,0.6040919988863331,0.9976165427418378,0.15862339119762678,0.8305607184241581,1.3333310325171286,0.6705137421505802,2.6557297553920813,0.18581933810219434,0.46231081036776445,0.781967497961523,0.46752053063374077,1.447243416955629,2.1782996916483057,0.5156918440410494,0.3692699592777401,1.1435126539798415,3.413334171177661,0.16230753209680576,1.4525147128218359,0.9445354764791285,0.43137632707883133,0.8157831003555455,0.4323645352439391,0.6857615612168914,0.7001022601927884,1.5215404348408361,1.7389990609989827,0.49314814148259545,1.7987234592320844,0.5415917595293941,2.7406485133891154,0.4863600128461098,0.23969021378399957,1.3053928231211904,2.3293954719139895,0.699523411001129,0.6875220056504137,3.122901284770146,1.0702532414709895,3.2857263387568807,1.3420542621476994,0.7062400958760711,1.6870217039113695,0.4530858750306697,0.4230430584597184,0.618587055695883,0.5738879912299268,1.387037997392114,0.3537588786934285,1.873525513065806,0.533506731710957,0.5167451235009555,0.2930094338598723,0.3343239837044788,0.7601262413376366,1.2807961281584315,0.9669905600271274,0.15664955625905,0.8608754366297056,1.33250795677685,1.2891805331538468,2.375729491062405,1.0772939753420818,1.2687342260794043,0.6178056297476963,0.6202179474691719,0.8039635127711917,1.067031150764614,0.41972704691524765,0.22385800395413263,3.04484097309,2.812547232255474,0.46892975657394576,0.6516306566036882,1.0397265869734036,0.6365787590919705,2.184279713320441,0.65943276013229,1.3289986974940495,1.945126470324647,1.3148546080885046,1.5050063202047288,1.3503191015120626,2.2935450708196763,1.0909258975485199,0.7733900621408074,1.5215693606899803,0.4079645579284836,0.9382218521971964,2.610670594722716,0.805533553265119,4.077276685504184,1.6413273346804955,1.1480989778457746,1.9268806396282485,0.8178516616020763,0.43965162159659066,0.7310827217822887,0.7234945416592214,2.235799721235285,0.42518225605461707,0.4845437767137304,3.679479465884705,1.2669184077235345,3.8898693344048567,1.3514723504814175,1.3876258908192185,1.2772967349066418,1.0702739901650409,1.2480799544827446,2.5549518456575213,0.789889960376818,0.29361126209548827,0.32900996105480435,2.829525749198945,0.7806227305521668,0.512840997501733,1.169245161501312,4.08180266208747,1.6614533292236828,1.7231066722095494,0.5602923112167727,1.1819581750167285,1.4723203268219154,0.3615683827849125,0.5141458428917717,3.74998551503042,0.448918806754788,0.6918200164839529,0.37455438369372995,0.43258441021481314,0.6356921954277504,0.9578236925523635,0.7116442299352942,1.257860954167874,0.1405491305385037,1.1374122096118988,0.8936843317812001,0.9097788324123322,4.959434175355092,2.311381084586964,3.8341124300435667,0.4559052146369792,1.1586232347498937,1.1755373089908332,0.5326534552805696,0.9006428779901094,1.2265145769655073,1.8002672670259543,1.1800728937868987,0.5664374099767688,0.5892789194666526,0.7728361408644989,0.8216848756284688,0.4408021853454774,0.9966986807988456,1.487437809038267,1.5530804939722067,0.5665751213752639,1.6726253832279077,3.6440162990455636,1.1999770663423,0.627985973022943,0.4518592433296917,1.1873830891097927,0.4998258804927732,0.6794772084417978,0.8379250945153357,1.1045878380286227,0.7786892136018525,0.7983623696257174,0.680390603414453,1.217425332510741,0.593862768151509,0.41511317798146796,1.6486850391541594,2.0438662862507484,0.5717764807932034,0.7875439953683101,0.47778581331152814,0.33855460065443765,1.469571820061356,1.5546942171066904,0.19571130146079782,1.076090345288314,1.5263167298975724,0.6558337165159462,0.7043710472746877,0.6313859090448889,0.40376309586337444,0.343973051330887,1.082886221548823,0.613715817487346,0.602790194302772,1.9706465135786493,1.0241007616018492,1.8238491908611507,1.2615924271765662,0.3653516775232156,0.34208052539064004,1.3626968265835668,2.0236849391378273,2.3538897837003177,0.8143517579732656,2.571263359912843,2.0123694047561953,1.546277091059621,3.6961517562808557,1.2944801536445683,1.0377030519536763,0.2826717380617122,0.4427955449144156,1.9278805331275408,2.2407820887947634,2.6221969656418045,0.6991800255768784,0.8517857077516298,0.28185838884233616,1.0749702554046026,2.1611218594066512,0.80183607173162,0.8439056062783146,0.19899416945017429,5.071620692957425,0.27664974289444855,0.7588894341133405,0.8990044058351716,1.4972854768528534,0.6783444067043756,0.20204191730970175,2.4260718994203216,0.6196741745117385,1.0640973214898082,0.5185725442393085,1.4936466885033344,1.0267153815236565,1.0678352993072755,0.4314882666671235,2.9036112458388015,0.8304828729536988,1.6169190138864993,1.6015018082092247,0.908515982147893,0.2889635699626278,1.214748112975564,1.4076728532019642,1.5872857330334764,0.33254348041770765,0.9920952301754048,0.733022041368907,1.2409928612767092,1.1943744111030514,0.12116616813300982,0.6691837526610782,0.7280204361639273,0.32799795000901333,0.38430771086809773,1.1564785590458786,1.147852362870296,1.2737042165020074,1.0754149388002476,3.267167387183208,0.5687735823173629,1.7081179164204894,1.0052510286558634,1.0721743841876326,0.40402433168772944,1.4545344804892406,0.46379385782647997,0.6264105236731252,0.8380870017886677,1.7864867122678219,0.9895513829771128,0.5344724060546553,1.4563182286525995,0.6064013649714748,0.23071869672277712,2.051287467801084,0.4115682601807359,0.3538470406422377,1.2584389722056284,1.6316166991292078,0.7520556592617144,0.5130677750303154,1.267231913155848,1.4824770729160777,0.7045112873510215,1.7965948660740876,0.9756056356696013,0.6590344264620152,0.7867749443864138,0.976741592363683,1.7976251858632615,0.8326947389160446,1.8204046911524343,1.208914314265028,0.9394440252818022,0.8226603571349334,1.0814335420434358,1.7167892129997224,2.260381469050587,1.0601616972098,0.6791138609536378,1.113483885450909,0.9776444399711646,0.7034287517833743,1.0598685330068771,1.1144021334707925,0.4086162567622151,4.299418094280857,1.1160060714600357,0.3500390958241975,0.34520064079204843,0.781983466653954,0.32407021579223444,1.439027741270288,1.213046614985669,0.4173272007782867,2.5035874816908588,2.0227049573056157,1.8233284186896637,0.6389473494776647,1.9055367267910248,1.8140585585041256,0.5134023684143163,2.2092871016677447,2.4130300340043895,1.0323347756389403,0.2885965512025416,1.1792947350371208,3.582380749521266,0.7018139953109348,0.7475104823055775,0.5232032936259076,1.5835457493635183,0.5296868033734354,1.2781657211676556,0.37893775262179463,0.6389459243692626,1.5357685770787448,1.4692609343676863,0.8786110795495369,0.8116397703069103,2.6236725966169114,0.561772184309397,2.3264782166250826,0.9658107823518067,2.579321442090831,2.3026726726916515,0.4794159691244637,3.626886572536309,5.25186267180818,1.1032492729864367,1.1704172157502106,1.2270305146004077,1.109115499641936,3.2381321662611002,1.0998944980547967,1.7415589722223017,0.3028278725438361,1.6648017658907852,1.0278766503107668,1.0957465389923056,0.355492975197196,0.6389182371573127,2.5347043866094063,4.686723484520053,0.8653174986212132,1.159891887480567,0.6240738372381869,1.7331864090385842,0.8405970205502284,2.612478865662745,0.7600717336850475,0.886440776566573,0.8316806783560071,0.9081897180598344,0.8290434217142576,0.9442092865352784,1.5739486232312174,0.8712065668280351,1.6221888305425163,0.8580397728488134,0.7164386230397619,1.350925915550581,2.312703521633518,0.572903860286617,2.1115747149203123,1.2898052976942078,0.28317950268947173,0.22452144424024328,0.8534697046995636,0.575160798396349,0.8390788471406531,2.200878182015358,2.4608731836330184,0.6040956930753989,0.5904508433844275,1.7274778441339742,0.5426650391407021,0.6766173214403377,0.387104924330146,1.0296257094914363,3.815177889374437,0.4083204731612664,1.784670204361003,1.5407110772993031,0.7559060046742967,1.2241637930965468,0.5705766139785706,3.536511381804423,0.9702898336234234,1.463198330876366,2.1947029610285163,0.6520034011997262,2.728343617258307,0.62693817919413,1.3618842203050514,0.6591911549219589,0.35854669045143267,2.1525774295195417,0.26488656034667046,0.8620769103661029,1.027628884046994,1.8504440150177914,2.525237273425029,2.4005972048909916,0.7429962870733366,1.0410827258215951,0.5388114667694159,1.5963352370847843,2.6902234262108955,1.7598624594708385,1.8773080312948287,1.5514743442711993,0.17402294794603893,0.665212180969733,0.43101328936431355,0.6626682177008163,2.2991588300144596,2.7452212949222794,2.83253605925604,0.18153134434960533,0.41951454933989296,0.9172440747732009,2.4103342306440525,2.202413169433698,4.362671639486866,0.9021142502873992,1.1687636870867704,5.102961767454871,0.3595252400684806,0.9610405045955556,0.20556127527655635,0.23496353560947283,1.1156441086153672,0.42619220579433637,0.7347606721049278,1.246712640674085,1.5778497836909382,0.35124485994777027,0.5919111409910507,0.33135676238525136,1.3123036634480052,1.638022097262989,1.6080878092635866,0.9162046094941266,2.3249817940470887,0.857865079898501,0.6277283328201054,2.121468121890214,1.1753271837099426,0.537906580043294,1.6922015658122986,1.8984488652830032,1.088651098214858,0.9834101376394039,0.3155831200767599,1.1270080294519438,0.40049631829823756,0.7969275092244081,2.5457145591124184,0.39563624561146965,0.4839541440549864,0.7200904114029848,0.890468296549109,0.27238216393769726,1.3226544618412763,2.1853786066465677,0.8622824416737036,0.9439333485519232,0.7559255525469812,1.5174730587432868,3.150353794737634,1.1140321693141557,0.3396340815868615,0.6196634537488558,0.969498175899367,1.0723376674350171,1.1262393820125,3.180747823343896,2.3511946951342546,0.8130478207969895,0.5518993570991718,0.4392626128262503,0.6315582529001886,3.3421542308932377,0.8675113066618234,1.3352269497462559,2.464185436948777,0.1434152283659676,1.0196778012108998,1.2180102236619033,0.32459728978290747,0.6794350210580655,0.9442364347506689,2.2824207171930326,1.1545711020125542,1.068726253546225,0.573424778332329,0.30117520933116754,1.7035944092346342,2.1436433472867598,0.6266902202164493,0.879548023482087,0.6376036964849329,1.0130264624385934,0.8917136100094306,0.5997389714233794,0.6033294349501173,0.9187820699553255,0.4921219915586464,1.4659152088355827,0.35959317691817194,0.3774923518601594,0.8190733844600551,0.7462930284639975,0.7950860420835687,1.4765276570708021,1.1482221323930013,1.9648523945614886,0.614665146266465,0.7947571878829739,0.6936876581861716,1.342497496398615,1.1951771669931555,0.5497463028511728,0.4611048032104518,1.3625507440614055,1.9464480340302646,0.4651319474516144,1.4706780552748078,0.47704221092071153,2.2496881078775255,1.122666482390671,0.6409212705000118,0.3016326174960824,0.9012321968703801,1.6632831845720017,0.10542161881044725,1.448918882266473,0.9588763188786544,0.6621720232468011,0.40799916643013595,1.4305821903649956,1.3708521744755529,1.1511742274379815,1.113264371295347,1.8796124824600038,0.5761012575357232,0.2620448247247078,0.5676185219033905,0.7715307823991041,1.2732303379477388,0.7597794804953697,0.12550999560500342,1.296323179815341,0.8725045924455881,1.6742441357846811,0.40390222426115796,2.7620584797040464,0.8468915638614595,0.6919245334410081,0.30449836104247097,1.017071904717149,1.1397567256841703,1.1132514824656226,1.3768109816743328,1.2504848875085564,1.1501680657569133,1.8793026493632914,0.9533022526922773,1.0192954003797403,0.34597997243242584,2.683651732240985,1.0150930989680798,0.1361235613392834,0.801302528006807,0.3247217051821083,0.362092922493771,1.268367018137516,1.4392498659370014,1.5633702975298913,2.7634942143802737,1.856709079436382,1.6467173910354178,1.9681948093880832,1.2954353918907706,0.6057745852529482,0.19349278808188614,1.7539907736100182,0.7393685408995931,2.5231172748815176,0.9872292906550036,1.2261748069944594,0.6487944087393529,0.960472768918303,1.353410479166604,0.8225998301886536,2.2000933697240734,5.744335193007427,0.41704603129675943,0.7967297874384496,1.471408233981617,0.21698354317711055,0.5766775312430454,1.4591325369763133,0.7391439924015308,1.1733177169343798,1.3807921675198085,1.9640622608615972,0.8770595892137412,1.5731540553440544,2.1627801142717726,1.0722206551730509,0.41008676170699027,0.06463877772395693,1.0978459476925235,4.790399293928964,1.2305954539287494,0.23856461773923232,0.5048406293976513,0.963074897443786,0.43257120433844276,0.37475281642693936,0.38961327217061414,1.4285764186463472,1.5103951802876248,0.8755154373359009,0.8030280881555484,0.45463104395101334,0.36804610871783455,1.1805333470558161,0.5560097145929687,0.8088177364889476,1.1602046864526945,1.7774153152341268,1.5070064969400594,0.18721603449519725,0.7710920515773536,1.5726161352232635,2.7057267165163466,0.2864954267061779,0.0852806101855689,0.7868904065655796,3.1798300072943824,0.32233878282880146,0.9513450794485998,2.148720014993219,3.7270095523981333,0.7161920103842598,1.4273378295578407,1.5296705929453502,0.912815761526881,1.0175267346185577,0.8681451641689126,0.790273068131615,0.6713129666430822,1.6539270263975236,0.5767112534735317,1.8308353216804094,2.643624950158138,1.5705274171005363,1.2347191543479608,0.3959367609526957,0.5080606095578589,1.317049030182921,0.7336788861002622,0.5001234975113444,1.276822119099811,0.06413931920506133,4.471984841776219,1.09296951226534,1.5759919149745285,0.771925682880583,1.1277161548217647,6.3443721938033235,0.7491185677845746,2.2813099003013426,1.696466999921606,1.0931360028748132,0.9076866330446736,0.15545645719722023,1.0557450486834998,1.4110353496205656,0.7319732732262393,1.6140278100029368,0.7565212994079961,1.6366110457508545,0.574828957110037,0.7721733226466685,1.6428002569431814,0.48099210089077415,1.722484391176803,1.2742187915106733,0.38807327500410743,0.5617868648763662,1.2469485308207258,1.2172878807634921,0.8854744367851708,1.2873118619262194,1.9742430570931613,1.6339345094754043,0.4484695686488503,0.8051567850126022,0.634374276844375,0.43184032100549846,1.9227393849099166,0.39320522231612176,1.8501148257769384,0.8855107543267119,0.5224632444081283,0.7719610124507363,0.59293515321492,1.3315156135259616,1.7729042066294014,0.6086923971019775,0.21704200302333077,2.4720221234071365,0.5292669262149059,1.4763215708092283,1.4564464064489737,0.4328730205341979,1.8638808686742652,3.5928134312339832,1.9979777233064033,1.067837733489733,0.5586019492518658,0.4792779743926763,2.0744782620378297,2.220085318350565,0.9209270949288968,0.5704830799607921,1.5515316421627077,1.2900984311199835,1.253221683829374,2.786611837877566,2.576590688044888,0.5384725543934997,0.7547834638309638,0.6214249726259449,0.39521474139316504,0.2857182288608945,0.7365467657806153,0.8489245158502665,0.6061849097993968,0.4419766236257309,1.0138734576394217,1.3357636778952582,0.7689492242464957,1.3239862256901769,1.3587880935258914,1.194460435530118,0.3075214901221939,1.3274570130542924,0.4705354989122231,3.461076929865963,1.1313979167090724,0.9701293236663509,1.6693605755298733,1.9760189731212243,1.8376416814668581,1.4208171610240694,0.9704316037008882,0.8557899695490393,0.4418567913759265,0.9572100850937815,0.8217380980488422,0.87717865134681,2.0985198609857814,0.9508319962144266,0.41292828385844904,2.0201603550959404,0.6362009814818846,0.9298472061081914,0.906715300899983,0.9109776114385217,1.1358848131818418,0.9367158072784342,0.4791318199969414,1.6401264907269641,0.6962169720843278,1.8085082062696938,0.9435726472049116,0.6357754906474563,0.6157165176028346,1.252330165679592,1.4712176517355025,0.634953647683876,0.6880465463494396,1.4049419865392263,0.956777585910279,0.9215226678546444,3.0487036095240083,1.3043533379494647,0.7621197078906594,0.1219415816411166,4.264715785158056,1.2217738045733957,0.6336720879528268,0.48616761249758833,0.9119542219583479,0.8213194794313281,1.0096705592808046,1.7321448710545633,3.313474840824311,1.0019779073181105,1.0836103869846914,5.111114145502978,0.4084910893178387,4.330887815118816,0.8741841427094423,1.7452060076097584,4.618516696628112,0.8455274108746911,1.123293209307619,0.5071135655705803,0.5248928309018375,1.0426071049392642,1.149213039820531,1.1288363179391612,0.697286496190517,1.156403264907193,0.2456619382740927,0.6096964995211684,1.299224699347913,0.9387192699869036,0.2808382954114178,1.6126374956505367,1.588270609112651,1.0460551901249853,1.4244139996190015,1.0865094088790066,1.1674385950733304,1.0130603468395714,0.6595286809496811,0.2895584840383708,1.32495018817918,1.3023060675554554,1.6424296045675915,0.6164958207165954,3.3426526424134364,1.3939870308004303,0.8551327311668722,2.107833632493039,0.6204656629332508,0.6617006900732968,3.9133258474665653,0.4671282295869873,2.3503611618612545,1.0503161890078183,2.7291325395230976,2.1088098468186334,0.6447678747071535,2.1374727131648994,0.8834300911485957,0.43725506417196786,0.8114906051310476,2.7140411016789705,2.451797257187195,1.7221758307200228,1.0849553868220125,0.6431650177904928,0.9661997746155535,1.6837488006224568,0.5408911027567695,0.9319766012236119,1.3850026734907448,1.8660628382808804,1.024888384871224,1.4643328615961027,0.8133302311886251,0.47456480387673766,1.1079481735336454,0.8403122267290222,1.5629547175085903,1.8180433911871843,1.0264911505882899,1.4857030637150017,1.6833098913049696,0.5416862672859165,0.5253547854272893,0.5021312567210072,1.201349419488234,0.9433715500253251,0.7649190312751639,2.953818554766475,0.16195201014066288,0.7235745560474893,1.1648310643775641,0.8731638614671874,0.4836252877328885,1.009696868500894,1.0315402406582295,0.3900331621808292,1.1720029147097237,0.9755021235152751,0.5856926928408789,1.6476718820033431,1.2858027695164074,0.7957677823013969,1.2264769704233132,0.8101356332336521,1.3130603639965137,3.6438806740710628,1.0512501992517944,0.663514948666172,2.00198719436156,3.537609847012908,1.0125046260052912,0.5923348654742442,2.3948436506777138,1.5037909021037987,1.6398308344183086,0.2858989491394106,0.5808878193585278,0.47040333486628244,0.7143913706526258,0.4659315378833432,1.3775471221669666,1.6392304503015591,0.5973826024404557,0.6871126153444944,5.179854550370212,0.8524903083143444,3.337633858155503,0.43534605676819926,1.0811749297721702,1.4245214617733608,1.3037921214309476,0.6733220022688007,0.42693042981776763,1.866207461227453,0.6951802085071962,1.261767254684809,0.12457135209167132,1.4991604867391966,1.3811340685647773,0.6132443173343648,1.3770451858662338,0.781449939813296,0.30554998075886997,1.886825477466758,3.9729337307272807,0.9353781446150897,0.6023489052087416,0.6647541373229141,2.463693094446605,1.5625393628663042,0.5998923827765957,0.3009353258853097,0.26130274750856886,0.6183414550181456,1.3396772713118656,1.504199908610433,1.0891787024913107,2.0084051035837116,0.8883130270369053,0.40634332952014734,0.5024125788196026,0.9717101484105564,2.11748071032838,0.7745982162877014,0.887502442749647,0.18384845023338003,3.083349140968969,3.8499860415036573,2.2010580253318177,1.259185136743687,0.8371795170645715,0.4465548436607202,2.6820490084818633,4.228697398874779,2.691284781046696,0.29661595182458844,1.6351732101201466,2.5001385435025942,1.7466052396897251,0.38794194273865085,0.7236580312175319,0.8494320696113551,2.523174608614702,0.2333306449897799,1.4889498084784585,2.179858477532682,0.9897403802423069,0.794375271912898,1.9562330903441016,0.8000318047894276,0.9150079733146608,0.7949219704399809,1.9205931686541768,1.0903944481359147,0.9179237441364148,0.18593721707901273,1.05210284742955,0.769632652855692,0.6142244759329656,1.0998911954441044,1.0522484374191359,0.5148894643198287,1.9925691265423748,0.9192370483868344,0.4391618008184037,0.6991961471926809,0.891873932721067,0.39489430709977974,0.5159417024895084,0.30012497986934994,0.8144909460787043,0.8511452576520405,1.3710013953942826,0.6962410670914496,1.3909315677174166,0.5466894776179982,0.5630870474997354,0.4666826536812092,0.26310510978051777,0.26913711426325637,0.7955087158201857,5.888287548999835,1.1146427430170927,0.9825908400350806,0.5754514511638705,2.997115338557473,2.242090018376834,0.2051048977807311,0.4079451843070989,0.6376871281094134,0.5720147708679288,1.193232173776702,2.7405580787241224,0.6627699135633401,1.220042159934773,0.5613338263986061,2.238734091988764,1.3845306275544778,1.0327527547540678,1.8075356423541187,1.2223846765568411,1.5676665870590016,0.5247135434519825,1.1136771917084536,2.0468040311180133,1.6384003447690363,0.9444382606830085,0.4592890638864387,1.1314471888841242,0.4073013753572162,0.5079701251078467,0.5416259443756757,1.5592950054441659,0.9532434754000294,3.9256604858387805,0.7266861300929011,1.095839972013223,0.7236111413995376,0.4858573768964953,1.9254742118095787,1.9673525123687337,0.591879152811787,3.1368251904337163,0.8734578556575489,1.3808129074818791,1.1831902977230175,1.0044691847641318,3.7342951670852322,2.2329066612092165,0.7501516126174503,0.4518482470600026,0.8132267869810433,2.2337693433162618,0.7285456953897903,1.8124234074061316,0.6904975615078999,1.4294886092909846,0.6038386971078351,1.6163599115728984,0.7984999307346077,2.1402146873948023,2.040615023522903,0.9518837353028556,1.0330088153887775,2.034904701674849,0.5666445263845651,1.1059893643213623,1.0748470427564238,0.8215439925099357,0.30337561057083584,0.616151178460927,1.3551948316508489,1.358710796262373,0.9234423146642512,0.4065505815677939,0.779454436832441,3.4092422915194462,1.6999277638724113,1.186705597857907,1.2401670371289133,0.47245617389420924,0.20295436864974187,2.2335751416097938,1.3134060328173554,0.9887236468774583,1.83547835713091,1.8932620185025861,0.5318081623845758,0.2902889029188849,1.580525931952645,0.9489620283242166,2.033691803345346,0.26053480593391765,0.48161518321463,0.3153029940640761,0.46565026526236475,0.19646688361728135,0.8720783974746591,4.094994595858942,0.8181462541790602,1.7630450544479446,0.8311458350212377,0.8348055690577683,0.5755207758046981,0.5185905931974218,1.7013011464480623,1.1843381339323318,2.2515926885941457,1.8914197151145202,0.49341259170167484,0.9362384229873648,0.5175148085962861,1.8657772454647152,0.6786866104058127,1.7082222414400259,1.243392829967767,2.2463350738609744,0.8060001069517483,2.513932349106314,1.0498668383201049,2.8948964890340796,1.0065150335315978,2.6989168519771902,1.1718840262477128,1.7344226113134005,3.1445305936648125,0.7085377642655055,0.8073643545996587,1.2231114463177564,0.7023117890790314,1.0752495699814353,2.434357521690851,0.5311879130771245,0.6075628100883261,1.03983743660286,0.43061524598958256,2.1303393949568052,4.241699604402571,0.573250772230037,0.6651973724037508,2.7055201458189435,2.6636223463942916,1.80512389648148,1.3355021358896457,1.4600904565672579,3.6832466764817364,0.870445163206474,1.0551465469412218,0.5501900889056865,2.702398361596145,1.4508472138498016,0.8606026847851325,0.19181325712446973,0.7759009710330498,1.2132671288816455,0.5503749126501927,0.3256031820493203,0.5296053403597459,0.7127238150995097,1.3551671132297938,0.8531048398513602,2.3717309798901876,3.56486993248724,1.3718270325250066,0.29266342360640174,1.129288066694355,1.6608150646023057,2.9414631824733655,1.0119278987506808,1.0095329439153518,2.7075228074044766,0.7672479089069033,1.1047275391106006,0.7226503505786268,0.24093732626784603,1.9306248840922693,0.6022522943077082,2.5036518333304123,1.1287696926560291,0.7529141964628223,1.6099699709073996,0.9011579794876734,1.12956297447492,0.801723689718689,3.5336868880857506,0.7581324782713316,0.8629196474560045,0.9986215435008726,0.6968366022402138,0.9944066513286559,0.5243750472301464,0.6408318106746463,0.535321745081221,0.6184267569803081,0.3539087448294031,1.8649161810709511,0.5279848454953622,1.5649736582255354,1.1111405947390594,1.6923659649345566,0.4600573472125018,0.6758745275398121,0.6529487179255052,3.0252715257672445,0.8674295328948929,3.091980704377706,0.11890358118195299,1.5354086667891416,0.2529585314374052,0.503145199944625,0.5371820194299426,0.749849050930991,1.713223591491237,0.9354976274696944,2.2167095352767308,0.6832065569162553,1.5796210748697603,1.0768309643961085,0.4969311154986595,1.637433223786159,1.248377850315003,1.7111022316407887,0.9253926932986513,1.041262528612341,0.4029167364980513,1.1274629992876872,1.1248539448452195,0.8166332691793076,0.464093319421027,0.438090527928985,1.235002742216155,0.6737009871549525,0.75999114564976,0.6724766407829075,2.4541112248359065,1.5982381359565627,0.937707043108371,1.681042557008358,1.8801503353952502,0.9767745219460392,0.5735700176396789,1.9977638058323355,1.07809845413008,0.4562921449390691,0.6455209389049986,0.4079467871601411,1.270244016626452,0.9836448374900083,0.7860741452582268,1.0896174200204578,2.0787142892824613,1.2128439064426033,2.965431966423527,0.9336718286358583,0.9726351924354019,0.9820101955192967,0.442655108077999,0.3734370268485233,0.2224928049062877,0.4761272597303006,0.4380544115346716,2.567331184200519,0.4828293645362075,0.8158952786471025,0.6605567377410586,0.23530806933569626,0.6142148935303592,0.6768927451477673,0.9844870920252493,1.8116224966352668,1.0606770272048465,0.2970163130741029,0.5873384108903746,0.9943436031801247,1.1093161386656312,2.455196958274361,2.0932513678276945,0.3378654254079706,1.4355406241072415,1.4088328136695687,1.7682852271401424,1.7557802028201612,0.7949655801958991,1.3224283958814953,0.49840050148937765,0.6009585570062462,0.6084699760877595,1.4988662270395015,0.41216568075664917,0.6127693916792626,0.4314171850178249,2.3423802596884196,0.9251651583820121,1.246612885745917,1.6225295721113895,1.5140008265580795,0.38658404839919003,4.238418610509353,1.324901312941167,1.4049012696178256,1.852982188108857,1.0633166323598124,0.2589470728544027,1.417955105904382,3.035890736913526,0.3518002023428838,0.9948067836225201,1.9568108062110783,1.259669486542804,1.1483432197120746,0.7184387112131989,0.7909689958145337,0.3825577806874451,0.10598768723046732,2.3976760269433064,4.527627364334828,1.933389221123041,2.027578466968235,0.8958470511555824,0.1843208982358016,0.45109325476491835,0.1428795178512673,1.352165493135332,0.8460611959765567,2.443103943326607,2.087027292401761,0.340826283304439,1.0966585570120768,2.023102911908659,0.5512689030832174,0.39079423715457834,4.179895843815244,0.5888243927660245,0.292000358377537,0.839231670329069,1.3483901496321176,0.4970830154330711,0.44441629831154217,1.3990109381361933,1.2900596491409788,1.0986573762122784,0.1544652533955355,1.2535722580232043,1.0229027655668599,0.7280461708438415,0.26532116106079084,1.2260563324994724,0.626144818847016,0.6183560032143525,1.6711508862859283,2.246303467068068,2.046209646834121,1.521959880751264,0.798112150587237,1.2578550291513173,0.43613893345273713,0.5510018002897801,0.2312463551692368,1.2110056118154118,0.4150325001540819,0.31667881348262134,2.16164218439159,1.4291826658405429,0.8119231094074455,3.622776062148442,0.6780673168258866,0.5461667787195154,1.5488517888285596,0.9376489575993862,0.7449388258069021,1.0943720682094626,1.0169030324780532,1.2267851573928994,0.8294219666748234,0.4072667819729406,1.6990052500003856,0.6139249478282509,0.9734812959082375,1.8807722740389812,1.7838234157074178,0.5242143569281255,2.571521821860258,0.21391316769143986,1.3319193002414274,1.0966660770696115,1.5590267695997129,1.3681803035213063,2.0265075166173174,1.71351763958351,0.6002279787054725,1.0375037386167505,0.9755963146174562,0.42063731714247443,0.993882637279024,0.35688417973825326,1.6076208812668091,2.392493452273762,1.222215367442496,1.3036056572436763,2.932536816819925,1.2296686637734962,1.0279504073120749,0.16918936453262728,1.9347887182501833,0.7980859659733447,0.4042373598426402,3.3407367740259555,0.790048209226265,0.5772488568779275,1.476768046684769,1.1399750804725133,0.41147536179089717,0.5913257121318402,1.4739533646630782,0.38807081362313217,2.0480780526236533,0.9321692606746476,0.5653699515377668,1.3658338229853655,0.639813563252634,1.240448936085344,1.3961860209988999,1.6291059977024631,0.7209686426022655,0.12776078455515433,0.5725886377966569,0.1669478157376757,1.0718300296394172,0.9687530155276315,1.6535906250770493,0.2245467054782342,2.616102925222481,0.19347685287252533,1.0862326890306364,0.3925658549479838,0.6789249171701394,0.7682798381972367,1.1190534499699127,1.3892543951088547,2.2924698138222586,1.004182362266812,0.7570584690628128,1.6800033051806456,0.9403681508515391,0.6620587497132476,0.6370060265150539,1.0460415971307122,0.3661570082196264,0.7265757560857234,1.656871100394936,4.19321106287647,1.32952345425146,0.8614614405531881,2.7106926243329332,2.765780910239465,0.8976468323563673,0.4895170408618822,2.0403216741463304,0.5920840999088826,2.1261360019176334,1.5801106815334232,1.2238356450373704,0.789012688923285,1.6764474496288058,0.5407537045891068,1.7384708703728726,0.6310567026649986,0.6857105546802498,1.2333411440112405,1.2590288710387667,0.7389821472531595,0.7622732555545829,0.3445008255879168,1.6430524421406805,0.3265099215317142,3.2404951279219447,1.204346870390754,0.6680659605689254,1.451680566133554,2.971399958099833,1.1813492348766603,0.08955364612747266,2.331081471608937,2.222714756870101,0.7428548987321473,0.9139671438972683,0.6242539942251497,3.6793933487054415,0.9742015211330471,0.5448036800984779,0.8806230630560035,0.43103478716314236,0.4537075190440494,2.5567694930992912,2.6721259391713987,1.3522545592345026,0.3949065804879752,0.5367976966458251,1.3327021238850942,0.3913482205115963,0.3668811324545998,0.6834834283772417,0.8513882907273937,1.8721963918805238,0.1791669690412303,0.9054850473718478,0.17162861585199485,0.6540789106393655,1.4275982056122856,1.0859231290370184,2.6579648954847728,0.683481334474344,0.9109673034548946,0.6174934267100105,0.5660374930113687,2.9370845242242685,0.19849072412415564,2.58884481307175,1.1198150322241003,1.4060373850037358,1.9882917037245493,0.26132475359710083,1.337001259542233,1.6445613092166753,0.7232496891374155,1.0749622219674857,3.0000991065026112,1.420146645874945,3.159312557847221,1.7457851039484993,3.51636607265196,0.6609051161295124,0.6327443506877641,0.8702195356386191,1.7545060305502056,0.978396146342895,0.5645267222077723,1.4730382906960962,0.7198162084424427,2.4203533644539963,1.075020948879157,1.7935655900034286,0.4644338132080328,4.035141892900171,1.3306179833482845,1.8151127284654232,0.27994375172718283,1.3204384988037865,0.9061786289805477,0.8733879874298511,0.9947321979692103,0.7393253083961178,1.8651948188665721,0.80144044591719,0.6832794082479512,0.7444174385955358,0.4378737743972294,1.3285406622989806,0.8003928312449121,0.5214986485964314,1.0102376376428341,0.6964418878036676,1.220335332976875,0.9090143541099607,0.3506086299442972,1.1037684459027453,1.1694634291675117,0.6970806467599019,3.3495864046244805,1.2413568782426188,0.22468212787290567,1.8987490633492,1.0304472543116459,0.6974842752496739,0.18950289561461675,0.5054025609912698,0.4267780395795282,1.6319570711496885,0.36168424943203986,0.22209801679794366,1.2132644042695917,1.763131312432275,0.8471462704682748,0.41231872909802775,0.8162589949669763,1.1174417010890623,0.500714465818553,5.190569712187344,0.4743436056738516,1.2640695158887412,1.6830186266544043,0.09546909391090524,0.9147993660110042,1.3998711946583284,3.0547464066430092,0.8938862527082605,0.36266023577608575,0.8049432863183781,1.155956887375286,1.276500776862011,0.6145650384541768,1.2231016643066954,0.6483656781502796,0.2476157242462097,1.7329017241075255,0.45850869487643575,3.6910741504740283,0.5223561204957599,1.166707339225791,0.5541096602958269,6.693285388500575,0.737630502466778,2.534837381974925,1.8861728014663364,0.48687286568429844,0.8735507871334829,1.016189736419945,0.6547594420562136,1.3940090396045,1.1371568565389767,0.9914169315498612,1.1014322107303918,0.5490905527441944,1.906286857669064,2.2524938445648903,0.3878086869764481,1.8143937553180658,2.6130031962761593,0.6161366609038573,2.335851122687978,0.7651262602619615,1.2623491896719408,0.8099574891934582,0.5839082231989365,3.5381326669532362,1.3874947283472616,2.247736082169645,1.4907715477768846,0.5489219538110887,2.666170924749978,0.5713185308834776,1.752451022625232,0.164313090656845,0.5507167444290875,0.20747536332681787,0.896971785619067,0.46356637927897637,0.6967595824938638,0.5772651851938347,1.5435812433464111,0.8080212117593535,0.8639991949402342,0.19461468922799566,0.6371738707870438,0.6051787456374548,0.6680434970111139,0.5800508885892046,3.1273406124597036,0.9998404462133086,0.3791146921913833,0.45938098475139905,2.5281369733935133,0.5658049931564408,0.5701296559822212,0.8041428090791932,0.3150716650099089,0.5670110865716184,2.2331468934720173,0.3777864846893598,2.3832027616022224,0.6243145649200045,2.0727200071424163,0.880788297332707,1.38639412329898,1.488633763005868,1.2244564666666578,1.045591845058646,1.1211993369726723,0.4824814504259928,0.43786447933675504,1.2314560981211926,0.36214493822703475,0.44433117694634894,0.5503399610450603,1.0598373572128195,1.417390745296833,0.351255261564955,0.8456308792276398,0.7436493465459968,0.9757994464277907,3.650594560188657,1.929188294482016,0.15937565549147026,1.5797266055405057,1.6581232610165988,2.3340516085764462,0.7860145169454071,1.1949900275458123,0.4251733570362676,3.998062086685984,3.6246475975774257,0.3157094876778843,0.6571033865219701,2.293129150091797,1.5302234704312812,0.9932279139816026,1.3397675842837282,0.6777049526393176,0.3658459107077695,4.0662980688749535,0.853616883575355,0.20308370139079268,0.7955107174549789,0.1966465606107219,3.9042007447146285,1.444327864696771,3.710014142175135,0.7910965756209619,0.47280832893579494,1.5295456006232613,0.9214615049628623,0.22416362750205718,0.6295318041209388,0.405852283410009,0.2515360934205217,0.8217952825329158,1.1849846364331214,1.357397093774221,1.4972180648124143,1.8714567832466018,0.7061455427536868,0.44476470397936196,0.9786226043480517,0.39880982109979457,1.7752694223320318,1.3945208836624112,0.47850205501609294,0.6367258587553584,0.7953181013717638,1.849025584389477,2.944751106663703,1.3039947573521238,0.5236054064628237,1.034262498664015,1.2115261877404349,1.278104463855411,1.3255437917201276,0.908650762214182,2.6332234437341224,0.31871152200808317,0.7899191138896922,1.2835663460776603,0.5535612974627526,0.6329004306428851,0.11399550649424514,1.5071805929125897,0.5334976163275458,0.07140979918675507,0.5694404788526101,1.4709048153569366,0.29286882188574204,1.3979606819641668,0.2137219167984552,0.5100087337012017,0.37264959243315343,0.2865942942620944,0.8799531002310238,2.432440455235141,2.122018567772112,1.3847973840459744,0.4308393632094911,0.5145773946712255,0.37904642487772305,0.3231960469118205,0.42420672656077807,1.0341241417171598,0.699218435308343,0.5234248244157883,0.38824599573900515,2.7282584919484605,1.0934176793827286,0.8016222953368763,0.9782552952097363,2.407189067782955,1.3124129410086118,0.9046036151112888,1.1477159685054217,0.2127845288433371,1.0588738990995767,0.6212339788145144,1.1107100611216332,1.4305830899392815,0.5429033768830991,1.7142834785665568,0.4369717656681963,0.7506276629349631,1.267603476661103,0.7823950930806627,1.4466938203423843,0.6475711857270179,0.3268734772180033,1.776332700172632,2.056629530531911,2.819363707096303,3.2628750961019044,0.6666160800002364,1.7286230625781998,1.3270532501251833,0.548098767842245,1.156738738365797,2.7599725688162327,1.6195239583220025,3.681750131797202,2.0536232434840485,0.22473611939063015,1.3960848381251851,2.3580558772696016,1.0609894646274967,1.920935975189334,0.7910685260472452,1.722545424713742,1.5306181837211468,1.1989717016998944,0.47873316540820354,1.1696285268880782,0.7122536999676433,0.7149870578101131,0.8839928102830913,0.3009182552092347,1.7220187687676907,1.8055605412512854,1.1547596456154283,0.6823103525605929,1.0314900108662493,1.67197179026225,0.47422860421759266,1.2379707340321793,0.28975174936114234,1.1065860296268795,0.5637055087491851,1.3388893678751648,1.0370264924522732,0.4304057991495207,0.8253096022484043,0.8850115702391979,1.7092995398255755,0.46400959895500893,2.2601031137156085,5.268220649677175,0.9356512674516497,1.293254488046507,3.904031214776815,0.3341717236938464,1.3874051845659117,2.2371257827433464,0.482830532045764,0.7168519516799406,0.5200372124223158,0.8527227167487192,1.0622813623235317,1.0915450136985352,0.3528148415551992,2.291530950747809,0.1963226099743619,1.9440098611477457,1.5337984051176725,0.34568279461368306,1.43283895059197,0.5196531265872186,0.458530278047401,1.7882012158877334,2.2453639915736963,0.9698484540643219,0.9406281575213488,0.6515252489471512,0.4396908817579032,0.6741025912805918,1.3130588832598418,1.3203368912581788,1.58024747252625,0.5896235754562678,0.40219402167443363,0.7854587863988151,0.3216380193558755,0.2891276752936966,0.23470157369938088,0.6427568128015565,0.995475204459291,0.8950758964223828,0.9847514425829347,3.03820587041226,0.560670515098467,1.0465349785591933,2.2486569103018432,1.2835613987528693,2.111714606365618,0.7331822673115809,0.6043861295184544,1.49765562453976,0.898930066763078,0.4659623834452291,2.331842996863932,1.2331577572486505,1.7842284905562873,0.30708922687931123,0.9164042863784021,1.9529454468560115,0.8156747032225173,0.40834664633357237,0.6922888963234795,1.0988255700730507,0.3310945600289481,2.9830693185909065,0.28312435794243185,1.5060322595305067,0.24377108008489945,1.311316696158679,1.0673946839511692,0.6592685747715068,0.3576673673621765,0.8067196141199755,1.2601676573583729,0.9131278451421796,2.4272954819488666,1.4089065774603096,0.960043549933848,1.3096652589966384,0.34281183606446175,0.5173888425945044,0.9188144457150043,0.46681693731698476,1.4466127575553749,1.7168846977657226,0.3572949092729162,3.0235094895958716,0.27235272315534687,0.18113433926730232,0.6975847483334587,0.7312932688943083,0.38310628196699426,1.548597390738049,3.4971718739807596,0.34719695704191944,2.5104531990017676,0.3405114768766291,1.0114491657237075,0.8640250387113673,0.8027349013806971,1.3892276364675216,1.2193191636173646,0.7631043341134006,0.6874380140519964,0.7554644180625916,0.6003493891754544,0.521339862153289,1.0403362235856228,2.6681984004266113,0.8633859540821432,1.058996190541095,1.355845349115653,0.8519814386802469,0.617366261332243,3.716396130216638,1.0530525560853174,2.632333099622815,1.5400520824957418,2.5597231464369834,0.2782120820660858,1.5914900233437836,1.6621562779119898,1.55905459230312,0.8058152486457022,1.5751139818950188,0.6773704144385607,0.8351658628494065,1.9826591910436935,2.1609253775410284,1.4461869349740195,1.0261513493373347,1.4208655866815842,0.7157825622684353,2.7711587654804197,0.5460866223960288,0.6978750537763552,1.6288395185037459,1.764022459875544,3.1245744004883367,0.9957105680397638,1.177450127206773,0.5765635853451399,0.5267428942904753,1.0581690888148447,1.2787852307353318,1.098186387090975,0.1645280490993968,2.2976720009680505,0.9080024268324628,0.6883239505010885,0.830547000428989,0.9813069783256936,0.773072906379498,0.44522086409004025,1.598152848037227,0.7133682415238549,1.0661375394226313,1.046019052346317,1.53402245041702,1.0396040352247276,1.3622969602031527,0.8617936438426405,1.0333539980359319,1.01412247575642,1.1215773824237605,0.3597578361875793,0.5967002949096748,1.1046435400068668,0.1914964112857907,0.3528645841390643,0.9616700373064242,0.6870392139240947,0.7124853155609809,1.4119414678799993,0.665245653996984,0.9958521971623754,1.4063334730173316,2.419179519888701,1.042567335478176,0.5778929695111429,1.8504559094872903,1.652423923089744,1.3265621669993486,2.0980865122674435,0.8320238323159413,1.6732929252238373,0.804847022447543,1.3830583561117786,1.361143007526751,3.780752596696166,2.034506674163455,0.6085853346237753,1.2388337113733054,1.7706512185759529,0.7953017454864733,0.8027481306488045,0.9207599636005137,0.5488352064463938,2.6694020977689514,0.9078905174413963,0.8791205278903684,2.0638365473425195,4.08171345582086,0.9179310462322927,0.04983846523772266,1.1100850888737108,0.6099757389249879,0.4130012971522917,0.4629329779654938,1.6102613010464661,0.8226372543054453,1.3739889385539767,3.085084892705476,2.1609248076587,1.04320844607773,1.7441107007169065,0.4103944095037285,2.7880930406065314,0.5932092907777939,0.1577447895923168,1.6401404872641632,0.9098217000486967,1.2047497767498314,0.9654654282684328,1.1866720812994642,1.5710073526777495,0.37050451850544797,2.2800145611217273,3.15085436852677,1.6391378872435771,1.9426714833841336,2.0755122076892834,0.7860139514644101,1.0741722241024847,0.514942543993382,2.145439159972118,2.0253428456706413,1.0377269459774519,0.7725206883979262,1.292974145374822,0.5956241847236526,0.9677301306116366,0.13974222151826632,0.998322333547431,0.9956952682608763,0.22621457068925724,0.7824356868096609,2.5373507936802007,2.695784518571157,3.7866426108966045,0.31688685874009126,0.8451606428732614,0.510508916071969,3.112894871418797,0.761811433044653,0.9897116542089696,0.26660484299670595,0.7746899172384867,2.3032818269024196,0.20656975494029217,0.7270739041691041,4.142632783239769,0.9244211917560295,2.876795439779319,2.6227511484506523,0.8198419157477145,0.06317612114300768,2.3673769478767923,1.9328351695791728,0.3972746408025763,1.6673479204437278,1.2603251529403954,0.8064961118696323,0.9658303534912748,0.6679045073265049,1.4635791896710908,0.4743704043883692,0.623178425343101,0.6194718636863389,0.9451390008657174,1.69458492870673,0.25493236742678477,0.29724263403008155,0.9043974911422197,1.237042733211511,3.6175999526144524,0.5493391016442091,3.736523192044749,1.4707168441912928,0.5124321539594862,1.3085323866870089,2.132223333721567,0.773262251881581,1.104473215093952,1.1497966025542816,1.1932940070904403,0.7445924853483543,3.6158485233462363,1.2736516071272963,0.38668229437351354,0.9981388659010393,1.6213972467047753,0.8605823222115576,1.6328142986796785,0.5654443123519126,0.8877428408237157,0.581166066513456,0.6859614635602397,0.5447030583137604,1.96838186519992,1.280166384748728,0.8710699483098752,2.960746651097041,0.5863884121562287,1.573228863330054,0.4767221109121963,2.4216466598226822,2.5351387948975854,0.761497440628586,0.5434751694022273,1.5056553024391715,0.41577209151780936,0.7295017078829897,0.741330238470724,1.2978482872978538,0.6105451670396217,1.1929785179296344,0.5118737273065392,1.1632424947572864,0.5599817865796619,1.2718071374541147,0.5509647306355518,2.1175581786457105,1.857842815150568,2.2334010090498766,3.4043274667643826,0.9252540798075055,1.5765146066033382,1.243700304522189,0.2189440827570051,0.5581410442545626,0.9927268406369645,1.7613666015503047,1.889034880223166,0.8075246858133591,1.1141875374683299,0.4548773090971875,1.2806494306081881,1.3700285871274018,0.4645633214225992,1.4835578770730131,0.5509305209391647,0.40395119599890195,0.40560807900608326,0.617034156285331,1.539441104906257,1.6212718410669849,1.7222825636887018,0.7892852444285461,1.1143969563458667,0.30875407488082773,0.7712181630785568,0.5618433876424945,1.8726292952653034,1.44449789385609,0.6361064233381425,0.8045057689920943,0.8069416074922289,0.5142259612260027,0.670959639134821,1.3342459879390185,0.6389413677099011,0.48942209504444373,0.23870122319056997,5.358151450594004,2.6517275988142655,1.0404948692035059,3.234810313287384,2.504733250229266,1.3445373772080882,2.6456451891328445,1.2114758027312673,0.18728845235336028,0.6312555361577303,0.2178892575056115,0.41665283895602123,1.2832764314900698,0.8237808946796287,0.4440108508988478,1.0973682538448277,0.487572188648467,0.3392989486121576,2.064763593079999,4.051156283680632,0.6746264484860938,0.8084014445461372,0.9072555153676735,0.20829516348951826,0.9009324663450782,1.5557669067884965,1.1475173044111635,0.6135821669924555,1.2247954057757877,0.8726865145531776,0.31377949678537265,2.1192687134480552,1.1839857957066895,2.237313364218109,1.1644554623101766,0.9700341005257677,1.343394608402491,0.8747404859019441,1.913700815755631,0.3431703334359195,0.8578937972379599,1.4594519615698434,0.7365250408528096,0.16577074359278265,0.18847384586757876,1.6822880735794998,2.3263776716204223,2.0926315757651515,1.618013496918363,0.387921153590539,0.4470521679308973,1.7182965032097568,1.2982352157997559,0.41772616175098476,1.5133434170333246,0.327657690120696,0.49913792246467165,0.08051791746544253,0.1883794728692817,0.2786310112501116,0.6754089168492865,2.4543151702484605,0.6119528367858167,2.630610249800965,0.5896593961055338,0.38133919234400654,3.4625348884732903,0.8817011084653718,1.8763549792540444,0.5698448267086659,1.954882871510864,1.1027878847884116,6.346681997082431,1.735042076059569,1.1456309330195875,1.3532708980998496,1.8543129886100593,2.006370574115666,3.601806710163263,0.5914714111969376,1.1437444120484919,0.7100324009719051,1.3787752684513552,2.540467444005556,2.674741361946044,2.328486959643287,2.46051676433132,1.4273915172082883,0.7486511824117124,0.9652078639307481,2.335406378407135,0.5166355098183317,1.0669756830737807,1.1558817091673863,1.9412881571582972,2.5964130695149357,1.6382234104825995,1.3315278109356605,0.7447231284949264,0.5536487997184627,0.8027346484560788,2.0964419079092784,0.673152159210735,1.2823292802913009,2.948736211422801,1.6639147660339377,0.9289760779758709,1.2158573429325321,1.030430574224649,2.16447191353115,2.1077797754083747,0.15031515034709303,0.6750106959676045,5.8894469264566265,1.1417265232279818,1.794941365277903,0.33009475344363903,0.43748623547602805,0.9057756788469398,3.2915332428776947,1.0291916412352156,0.20345592886727892,2.0929548633733432,0.6423691159574325,1.3250121864312399,0.6614583136433119,1.3401570596211163,3.1992593367724127,1.6451319219844118,2.774318959713219,2.476912885683774,1.1294590660348747,1.5267386781230243,1.2866382757140065,0.7289762093257773,2.0411911231419273,2.6488336289368277,1.4104314426013982,0.9720317195316813,0.9285331389981535,0.29389485832060736,0.7253864359035882,0.5301688988412222,0.8938867444116074,2.0858889354982972,1.1887403241855956,0.5892437343752159,1.1913242680242708,0.4707941412108338,0.8804259227258684,1.4849837964373505,1.2262355677895131,4.430505651238963,0.3480823386227436,3.153177858690059,0.23139145674459563,0.33244077875290223,2.8512619682578473,1.6343609194483948,0.6717607299314811,0.7237536114238904,0.8066126738789134,0.6541657206308144,0.563304232767559,3.6117403119589047,1.1135964321591756,0.16364657484769612,1.147116958572641,0.9850995258231631,1.1679970051149715,1.3093075851589695,0.3707350993975191,1.7006960455662576,2.6710842500532572,0.8839017934672755,0.6193592874842511,0.40364965592406804,0.5690849538077204,1.8559794040562902,0.667170996717281,0.8337924445323175,0.8031624448172446,1.5209750875089405,1.3603702185923812,1.2310143773668587,3.7063104361515755,0.6848081342441308,0.2663358985026137,1.1086971315486582,1.0820705884170918,0.7813794977389266,0.6644443260996606,0.7725811983081554,0.42821553866775636,5.867711922865044,0.9008870909582284,1.3914950046393952,1.4482356561218284,1.500644934823836,0.9508394842465238,1.335383436294872,0.7542341357549364,1.5028466302183419,0.8707136860870189,0.21722629025719664,1.2956549428744013,0.4698847637163773,1.059124435727171,4.431451351076133,0.2698945985234978,1.8346001709467408,0.28237662972569977,1.0550579778451883,0.8995959288461763,1.8071030375380357,1.0274718154622937,0.5540791497425217,1.8192181508731284,3.9655869766644534,0.624047749744304,0.8803424554727929,2.542823477404448,0.7010205716500761,0.8298298853537334,0.6071751692231656,0.37404500227035875,2.5688213414417516,0.9911026814434831,0.4390273338114268,0.28128378117340186,0.24585614792867533,0.9492410864234565,0.3955155746819181,0.4186720415575029,0.9051399148846795,0.38400576860703506,0.9165726231934778,0.6314750174113997,0.840634444649803,1.7404307846726461,1.2305227536335306,1.270000113850743,2.163392193009397,0.10776501628930735,1.0852086444749718,1.5121863918379599,0.6422173528323293,1.2033006572703224,0.652328661518104,1.361352614513795,1.299879083600078,1.3595468864776437,1.399186074811412,2.9488212342382663,0.584305190969308,0.8013786276422311,0.38527249838615935,3.161055405836329,1.9549942923014638,1.1011530815483208,0.7370086352423711,2.789393805066814,2.583760622744995,0.465899116216799,2.0639532644204226,0.9356397511594983,0.7537485164133941,0.7993707832914848,1.584512250829651,0.2788224268283922,1.2385629270287295,1.199520810936113,1.6915759377662092,1.1038058621217386,1.769401346854342,0.27689156655636277,0.6727984214613811,0.4250286120804059,0.36795065786747505,2.372559419015844,0.10944493629401539,0.2570322891053369,0.6999675115555506,1.7932860965913235,2.1576013684058646,0.46574361697732164,1.2167972224772339,1.2192688735186175,1.6568769278869535,0.4703796309676512,1.638711504277889,1.470482639887872,1.2838730816090316,1.7450505473299427,0.42424317440252163,2.5051915850886095,0.21719650491379677,0.6247807893051316,2.0403768057322456,0.9522932431160454,1.5231870673869061,1.106068300270489,0.6118349329681454,0.4533343923794138,1.3256665213605623,1.900724805350829,3.3476399458385964,2.6497680639730623,0.7653454048652555,0.6319309312645829,0.6681287066212337,1.3085738161255942,2.9725613426740067,0.5455297657835358,0.6187672736616523,0.6079486155415612,1.8885859190255725,0.6560072495921817,0.6239582169123102,0.9937288359478743,0.5295111560594083,0.4315856746614033,0.4785930486047386,2.714059448063765,0.5696785894864317,0.906003177476922,1.648565376683989,0.31795866707404363,2.573121398388105,1.578928435276969,0.7063600509331185,0.9931436161809407,0.955594793597472,1.011066704778775,0.34262079669659196,0.7336013016700637,0.5677682857948738,0.976747972413059,0.43177077043290535,2.068680356333003,2.8187348127214045,0.6240209816874411,2.172353961921268,0.6476844783836272,1.4794938844182477,0.3525384825698621,1.329185329738491,1.0715126678931683,1.0169808879569233,2.0022851474675916,3.1356758097840975,0.7453133675349732,0.3340159947579069,1.409731755466608,0.5746987069029219,0.3450682269200572,1.068035846942906,2.339133836226922,0.8494855548194438,1.2692627895865292,1.9259764951280351,0.3669716160090384,1.422182780766625,1.6786303522427826,1.1699381000159248,0.5022697183081433,1.128365275170859,3.111697618320252,0.7779891909903541,1.9610890068700422,0.3342914372671606,2.5257791912942094,1.0102047838616468,1.5350512749230043,0.8747669269126856,0.17117340467001263,1.0566388984516102,0.5921473050683809,0.6565080218984524,0.5536121610718678,1.5316728412583713,1.0042191763249162,1.5669555378662965,1.4037465481600144,3.105902243320447,2.39584562486434,0.6893320825965921,0.6718600642000402,1.5133441232737268,0.578113787392659,1.8180718028144924,1.7937307774053095,3.050150679271314,0.5607480500864379,0.8170421573764013,0.7857644480716042,2.5781015217266194,0.7779715162476266,0.6060345567929074,1.3754394245928987,1.5870046586445974,0.6153841268996865,1.8960653263740612,0.36129388218605607,1.2837147802031064,0.5340123263721871,2.2227645872019326,2.0878070859432567,0.7162274545009454,4.346136870232932,1.8174035150940842,1.0282001423382465,0.6264708468560571,0.7338015688346611,3.374458352224135,0.5500687698658783,0.8473035964484921,0.5201681489442829,0.36436974878582284,1.617353634932364,1.867575930617739,2.7790630441768918,2.3748501794034014,1.2900332911686605,2.714593190046868,2.8708857155253678,3.0648020167988297,1.3025048855129342,0.7835786176707318,0.4191125377338172,1.4623121772973413,0.360453223814681,2.780866460869888,1.8793685807624192,0.38020335185124093,0.8850655502687687,1.3504005937399102,1.84774681366943,0.2519672570590243,0.8076769799947118,0.3799108602337561,1.3094721928818187,3.646034647110345,1.6849224169323191,1.4462630243583159,0.2401413421174411,1.4577765404465146,1.1347163261922923,0.7779735445628653,0.7151364513831049,0.10247317976865747,0.6059670089054521,1.0237251106164087,2.1090915562571495,0.31586784543312313,0.7642567966711025,0.882457549569942,1.5078736443573406,1.6129354732284338,1.0335635236701084,1.841796962911234,0.652451647309541,0.8057537259777848,1.1080457204037608,0.6788449766930998,0.504409882335234,1.0941055225208416,2.6535837359869294,0.11342899164555614,1.913828622643821,1.7954849423483512,0.9863131558835507,0.6297086735940307,3.2393057538207595,0.5391375143476449,0.2958596180578254,1.3645778748241857,0.42313933824600536,1.1553737295017148,1.2363427086404573,0.9212287957978402,2.814089377542467,0.8107975785520398,1.2849559253737746,0.7379591952785742,0.8590825030018303,0.910780453204522,2.065228037658825,0.49422486719201536,1.0553802750389283,1.4304619042249065,1.4703706484228483,1.5428926089251638,1.1672676900082442,0.4915440194899969,1.155322578674309,0.39415776265901326,0.6607650805632861,1.2883424412722362,0.4829300515591663,1.4040236734496814,0.8672177582321394,1.5284515703222945,0.8350281331263623,0.27443662842818967,1.5546099050935482,0.3545776034515827,2.0830023942060634,2.1503659098317653,0.8160270172439635,0.7849445881298257,1.2749147517545123,2.860400184517064,0.3607975706418659,1.217963915863963,2.5553743313967505,1.0419398100130097,4.929110043007847,0.732413985870335,0.29001332092319404,1.1916107640607605,0.2985423295305835,1.4604791737875173,0.49742554268560324,0.5525343334050843,0.905157301288495,3.5487357418069334,0.6272865641952177,0.7878438772187253,1.6710369293044558,1.0548427660702664,1.1326308211944929,1.5126908199458473,1.1078642158558614,1.2086998514443812,1.085465127570437,1.6286537215708874,4.20681829170517,0.3983383666659521,0.6401350963046479,1.3368960699156083,1.7086014401678036,0.6005535931825754,0.449430923738758,1.4114241819592623,0.9277291542323858,1.153584408813354,0.6167000902862121,0.7488100519130457,2.5431487685681926,0.5343857143786986,1.1435414187325679,0.6216399721342641,0.8778623939527531,1.0439291211912647,0.4130585331490949,0.43165808698289115,4.650878075985708,1.4565195244628832,0.39669401481714384,1.170732058657111,1.0049015713720615,1.3656728907557398,0.39046184081302815,1.0542193166934695,1.3664257146825216,1.7417643888676617,2.4038345493652082,0.29466507235431294,3.1225307889968232,0.9500853847067772,0.710950967724438,0.529113010664195,1.5293675056901779,2.758264787480975,1.7374000490529937,1.6692571125135796,0.8302557143711365,1.9575075886404285,0.7465727858205095,0.7205858636732679,1.3218297727330368,1.4949587156504882,0.5044860262519181,0.23618247002269577,1.7314205689261597,0.5986488452814106,1.6231223651528175,0.7230419714964234,0.7533789410510029,0.5597644340326269,0.6300056861520411,2.1938525393792427,2.6602379964243075,0.9506000725374315,0.44021738066082916,3.1325831641485014,1.6994925009888102,0.8739569365820423,2.1196775959390015,1.2553944394765653,0.7832378349247754,1.972606051426151,2.5385176322362093,0.9239347986725757,0.250634594972182,1.8199717359596403,0.5554007719160095,2.3101214927739746,0.8884948854271041,1.095855409277979,3.1179246026388348,1.1969076900382933,1.0042019056983615,4.302218640220264,1.7387106229450708,1.0286226567412797,0.8899314885989368,1.2604682147823436,0.5909195881563808,1.3002225352845027,0.7319786179702915,1.4766083376523644,0.39015437623336024,2.2004295571763057,2.2207375143288637,1.1232683544074593,0.5229677125057465,0.8668578617512965,0.27678076236692284,0.8057575559914828,0.7913942726724317,1.6190106882495823,0.232116627879546,4.326593635161255,1.920411256058451,1.87228958251437,0.9792570872808076,0.3742086497434016,3.213081311016101,1.24920202487627,1.533350805325969,1.6549223067755778,2.3541733804439104,0.7288487269386539,1.1083729423816557,0.8086241411440622,0.7734011736060711,1.4445129992488162,1.318816508834992,0.7936312672568934,0.66711249203817,2.752090425670516,1.4038038161774722,1.4705841151296615,0.953904923036896,1.0555061536601529,1.3791664742339267,0.89290167669083,0.7878393027786499,1.3355742643676398,1.1739229243102167,0.5665272373112303,3.544561825553014,0.5136420135528643,0.33426686545962014,0.726729972647372,0.3488519824868703,1.5350779090316782,1.3528166547563898,0.847654787650644,0.7636120810519599,3.8743954516869987,1.1720301060802853,1.3774665503866217,0.9248580170454519,0.9383956362996079,1.6915846598896216,0.2534702493511968,3.0577534175956615,0.3954606448604325,2.287425612338186,0.23933148359581694,0.547489268434389,1.4149893915646685,0.6584866387251208,1.093925187882605,1.9092723200827748,0.44832663452382093,1.0296963392229728,2.0764161932190603,0.6447292918771393,2.4374155869063507,3.235614242658526,0.8103027009345201,0.900358781718434,1.5161139372893566,0.2278380509110645,0.9985837753601207,1.5896260575095131,1.72263705312189,1.5902524934296345,0.6530078254066194,0.7413198130522861,2.688996280838552,1.174844743788068,1.508732675324968,1.8674138082198044,0.42946537001183027,1.8454893853631977,1.5085124610110558,0.873583368617713,1.008257695102411,1.1524776481658785,0.16213932340861953,1.013577408747386,0.29236956469567765,1.2768509639273684,1.324249480154992,1.7847755634352027,0.447204201582063,0.2064419821352847,0.6686031698172664,0.4615437223820504,0.5475289333811032,2.678580975664888,3.0136086364123065,1.3784953291335647,0.7273997207900916,0.7636307717750483,0.9707811470532669,0.8724292371227593,1.7444228294196031,1.0716079522226791,1.189057043698319,0.5774596443371668,0.5203298512080244,1.5740426662752633,1.8480176989334025,0.7665026246788333,2.6325609516966386,0.9015581197755457,1.4673747802805244,0.8151264415170403,1.379283305070913,0.3721543209838566,1.3129978187029345,0.16577143028274047,1.6950899112843525,0.8898496919633362,0.9366756782470791,0.13035799036080692,0.8738469862053029,3.915996538738363,4.335620523106879,1.1239749105831895,0.884171860011404,0.3355119138732807,1.3290703499400918,0.3627012145624997,0.5069143497054853,1.7346980930075346,0.2566403104496389,0.26840174402787104,0.5143597805601142,0.7305730681687156,1.7322950875646872,1.0636684204830904,0.5803958680840904,1.0547874744099561,0.6012276194271179,1.0086648291412217,4.143780599575697,1.3321127604432446,1.1060256063272034,0.27241931885203907,0.5403777332397641,1.032125637350648,1.1039199325656932,0.4505407565635571,1.0948650692371251,0.7445563809633571,0.28963398737803975,1.4814353576517278,3.356733210570179,0.7851782292732208,3.005691683848056,0.6339208713748461,0.3289926630066335,0.5870779073552932,0.9485055984916321,0.5570598599757479,0.9889592646840484,1.1910565735291092,0.8442393605620443,1.2620658551582593,0.569578391688402,0.19582011506425478,0.42953413946666985,0.8510932553564469,0.7521315932779804,1.0634684515102508,1.1719058428228348,0.9497435462451909,0.49235206416748645,0.5920358977176315,1.6408937567010424,0.37216347130574756,1.2067554346615885,2.504288489429494,0.24917179444720625,1.463515475250349,0.7807595182589645,0.7445634534376907,0.17138128050872425,0.9074913107429188,1.2453851816045085,1.9899798642385387,1.6821441235832602,1.0530003302667674,1.5280874369670963,2.1153978504535544,1.231760107079288,0.3448346124009757,1.4608866265715599,1.1596008685575654,0.6510150121696006,0.6755816782562681,0.900859363302136,0.5212497063976089,0.5518520715621069,0.913541600680188,0.41496459410654396,1.133359017900325,1.3373208843841577,0.8108457502661175,1.069551253003713,0.5391758875677796,0.7393772258108653,0.6636913713892424,2.075086058945185,2.39046251857975,1.344951201911651,1.8874517898237855,0.2993858688015656,0.5959674724131037,0.9383584823101789,3.8487905072867887,3.572097364403114,0.3042035677172641,1.0470871422981711,3.2915556484195783,0.4253981865455533,2.4845608033491797,0.9858863930752987,0.6094702796943177,0.7817161398932835,2.776989249449801,4.255479034075557,0.45119111033973647,0.770823813112408,2.009633473116579,1.6911348362776388,0.6183008083842481,0.977737959623424,1.0328024496120207,0.41237231572711347,1.3904708062783318,0.7962648931847668,2.1734335212487927,1.280576973606776,0.4066819066953138,1.9344174449682678,0.26379267027920855,1.772466880173499,1.153335015102853,1.8548900279304652,1.1275571316017965,2.2316001606436253,1.133856271331131,1.0432364069239772,1.4291161335333822,0.6612181495681371,0.2518290895856141,0.945294031303007,0.9197260805900862,0.931524877283104,1.2766485005019745,2.9856833194387047,0.3487361479209241,1.2621047114580044,0.9530493541195818,3.0482433280909134,0.994594466352477,1.5936603472175217,0.387772495382773,1.8444402749148037,0.7362711731427906,1.0035957322064382,1.5899639895462256,0.23208444078336282,0.31603086403496145,0.5187332217124899,2.1088672833496314,0.6614138724980176,0.809170731097363,2.7248063550236457,1.7407158170067671,0.135497190999822,0.4011880156240532,3.459747218258744,1.2166420547539527,1.2625778694616125,1.1374608145598357,0.8281694371449141,1.4097934774109442,1.5579993801741068,2.9861389637585534,0.5714380466838914,1.3425415705369177,1.5791122031790854,1.7746571242816063,0.6392013486888612,0.6590480782329191,1.0513274939773387,0.5842677936872529,1.1796293280705803,0.9639242478041771,0.54349780995589,0.9834569691219989,0.6915954250543453,1.8276362257644831,0.6732656183005026,1.533691326584457,1.3871941546728594,0.5297935213817799,0.35210607630940516,1.430419179641222,0.3714934677575281,1.2084583514275766,1.3523606375496298,1.045120470937528,1.3131964965302474,3.260445977826956,0.9934861336238152,1.0663303076599404,2.0641440807976825,2.005589826638816,1.5419016468287092,0.24557790076048214,0.5406637896992076,1.1266670352129635,0.7212813834538222,0.7971435440440018,0.7026538020410145,1.2337683508713433,0.54232611815174,1.0668025592583115,1.9657455635621293,2.5225827094051168,3.7271059661030512,0.5306893993735355,0.8233576726659046,3.1768935250398918,0.30609791433898864,0.7587296060734062,0.9479716046701053,0.5182348225951001,0.6713944639668672,2.2571634959676645,0.1778917516886613,1.3813840552337024,1.0267252974543903,0.4684469131438861,1.2359811135900125,1.0213560432477933,1.3464415554528486,0.3494344912333704,0.5455551932421423,0.3395276282848276,0.42778026038464384,1.6649203942428474,2.7135316025153724,0.4919911417316923,0.6782807089928706,1.6404960130238995,0.10105603443733276,1.874783849424694,0.6322116577515411,0.753631669408785,0.7482715335310755,1.565522544003825,1.1090766848908027,0.9064773271381887,0.8263263343792774,1.1351140196480514,1.7984118878790594,0.1363031756110061,1.1496049159907726,1.8165786485602435,0.6001131894480444,0.5210681105734803,0.9616353513629217,1.5600749825983626,0.5375404062988686,1.187760076000431,0.8122019142922371,0.5917528445543021,1.2091462285111954,0.39558816601042085,0.6337118132347102,0.2534362526129985,2.501998859634753,1.1251367192748176,0.32913445282326553,0.6861100218946774,0.5937515397741926,3.2030155894271846,1.8322825257299766,0.8905471050979723,1.3692545987916676,1.349401807793108,0.6240822011641596,1.3473591602703725,4.640125353154335,1.482512713361785,0.3399580448856208,1.0579407541562231,3.139654326308316,0.41006855547024623,0.6978335708869832,1.3493678927267099,1.2828198445280865,1.233519354495282,0.36698418286659795,2.239440062518498,0.8787312795740615,2.538921575173487,5.567076763794769,0.8868019316750184,0.6797186411372784,0.8376673362469458,0.40113389101391783,0.7008522062146073,0.8628152844016524,1.8807030982503339,0.4417435043683289,0.8570996855384854,0.39185364865420685,1.6145016778078314,0.3268672705316964,2.168555957727613,1.4696606055284671,1.946697139569326,0.38572901935574055,2.0448936154900395,0.23067345761774088,0.8020088559365892,0.707858342646488,0.9928210961496878,1.257617385402551,0.6308989581305724,0.9253598829728258,0.3529398956169308,2.7029819026034123,1.0014273627593329,0.9737183641433088,0.8330569734670936,0.30605895228951635,1.9667969468786752,2.955109514532416,0.7392639635210707,0.5480126586721248,0.8682482219526951,2.756466893288526,0.632643018504074,1.2796422393189721,4.918139442576406,0.3208467889886392,1.801143399930823,3.6714825087102363,1.1580181536132084,0.2469469550549162,1.2060169532258127,3.2675719670470813,1.3370748767703806,1.2054308912022205,1.2297843651543612,0.45737006871871416,2.3202177305335843,0.6679421120507696,2.0727498070374692,0.5428775727945363,0.7453896277929474,0.8029434656702878,2.9647381907440455,0.3785040746157902,0.796760637588878,0.6118034647505085,0.7876124539324904,0.17576036737341533,2.308198288207877,0.3100519813911513,2.6574461651053056,0.4523164876746899,1.9710453203396732,0.3578602018954799,2.6041640521321687,0.9636580471205769,1.140463949331137,0.37175197522354186,0.7911222230748927,0.5020739646926606,0.4204545529035282,1.0562090592860858,1.2784230420761433,0.11480966405342594,0.9842105531018215,1.882538425398315,3.3087578346401427,0.7226567381692509,1.269825492453172,0.38964960418875105,0.6268292923821572,0.5488657422168536,0.46559385223913485,0.5951081185969117,1.652120127696449,1.100816598742227,1.6396777713410418,0.9001076140305165,0.5549451664948729,0.7764764807951364,0.40512525963600626,1.415795119709565,3.346894080359805,1.1733306863771444,0.31425690628475583,1.1020220325838632,2.1701337521198094,0.6425358781651288,0.9732599452048887,1.5489429361464113,0.6521084851621551,1.36396607436517,1.2031647015221212,1.6339064709157716,2.1991519758814255,1.6870451271715539,0.3605391796354841,0.8416566264406852,0.3521940503268885,0.3322713931634168,0.9036450261032556,5.229802108112967,1.436450649759899,0.8846821824877676,0.7318660199180971,0.33975093667223605,1.3412645679308626,1.1793999771445307,1.547477873616512,1.301114398913755,1.233284612567139,0.20050862416685467,0.316841837387849,1.1080323731097255,1.1802558044743283,0.37442402693539667,0.9507153581541559,0.9969208576218516,0.6010175865201018,0.4790541567076341,0.1372794088736362,0.8910079228288834,1.2947270678888723,1.4496374731829507,1.3392662014110321,2.005723860855543,1.1076145638482175,1.7216815457277574,4.137059886410178,0.7490034526439378,3.1762707571759043,2.871501080310509,0.3296722134193295,1.3814318804050192,0.5885823214560921,3.1735159086243043,1.457306021126226,0.6863895975349128,0.24947640317981395,0.845109441314346,0.4748702702804534,1.9216613068444932,1.3022636899228994,1.4998812492757079,2.4859963305198547,2.002953093570355,1.0911816149584954,0.846758325299875,0.7366077679600017,1.622420264024213,0.7848762193568897,1.0912118310294383,1.8920295265978964,1.5479679761916287,0.4303195992354098,0.3663756719222901,0.5903353815549193,0.6483724123613189,0.8833731198847725,0.6273122392876902,1.5331324162370341,1.6435482266385024,0.17852252763974308,1.0296838626009015,0.8613586935800506,1.1340234914557628,0.5957670801820212,0.9638826896235363,2.576175914088377,0.8871501073933032,0.8805062969807158,0.4412184419958564,2.437141343468399,1.084381862340531,1.8757077277878191,1.2984124185878185,0.8128262888445937,0.5200992954284129,0.363216223962907,0.5571636475870838,3.063211907705197,1.4193754294301983,1.0968826530324018,0.5873348843747521,0.8057136133484541,0.9974834690824872,0.39290948035450435,1.4561212156970893,1.9398255748071533,0.5372600827180392,0.45684896931534724,1.4661472973358411,1.0522637271111275,1.0437231725123315,0.6344936050322489,0.190637524178991,0.9241467869710838,1.1669858600434977,1.3978332697589013,0.47097851713701666,2.0350538502748488,1.9740568067914068,1.2017207198645405,1.8882426218099846,1.1245829838183734,3.4623997235193222,2.518222991058599,2.306921066254608,0.6827244351712436,0.2444742035343101,1.732028408310778,2.068322574485855,0.594434548835278,1.1869806946321457,1.0848706744214685,1.5244122358177092,0.5383801262111614,0.17143353821171536,1.0115477086831812,2.065295010908576,1.1648738145904332,0.8397147539120611,0.5464097820827282,0.8201330621829114,1.4021644086077854,1.903775238579892,1.367703313091059,0.9213098563887626,1.008988142196679,1.6006691907436177,1.2413735281843343,0.6783260494532544,0.5995636650168079,2.653335035040816,0.44807289745704165,0.6775937040081693,0.4211798751783283,3.924529973809463,4.060734095030943,1.0094528605415316,0.26667402024252407,1.666630227060647,1.953416682840502,0.37125859624591784,0.4997288893657467,0.5737590583547572,0.5103985703223737,0.5858218368419026,0.7306675566920378,0.33906892870704264,2.377831988148167,1.670599325529966,0.5839251542876638,2.2234613405327126,0.3998638647083269,0.283366811654754,1.4303288346022909,1.7992369125690648,1.2054581039012207,0.31703469556662445,1.3980503608431656,0.8264624982931384,1.4367408049081334,1.2559718981092751,0.5739172217323354,0.5973697860708382,0.9040899682715282,2.3414303720970757,1.3278679735214365,0.3217692081652235,0.1442821847178734,1.2396344577358183,0.16312700998439544,1.7184036393175761,0.3238928916241104,2.2597997478461243,0.8942805239832379,0.9226101861591214,1.0901942869004684,1.1359111626782505,0.5766600353456784,1.2694587336016177,0.529077064366672,0.4767831639311553,0.7335847540154139,0.6163612575857121,0.4960725792757574,2.9555336799616723,0.8129508885109499,0.9182018177998521,1.3490336611043676,0.9887570030796765,0.6869276980063246,1.4338418881169657,1.3329179053721625,0.5013258630801729,0.8548169241204251,1.6229958689630397,1.7218081776250287,0.7592692186506256,0.5341910599384903,0.7907757728624252,1.4680986021703877,0.8366705615761487,1.2816540096537823,1.6335959872547758,0.9516141787815307,0.5612039029426754,0.7355546604522576,1.0917295034772148,0.4184012141504915,0.2901244353405532,0.5880975103395385,1.2914024870903509,1.1745864611829502,2.6910589816623944,0.49618916408660596,2.6008139006263105,2.1752810539315117,0.6746767331667795,0.22505069985811033,1.199334557617743,1.6635401489956092,1.0985243191782694,1.4118662408674143,0.96693483220398,1.147407733247392,1.2010757043669016,0.5900883053542011,0.6477496616977106,0.41128257146703295,0.43285564465246357,1.3053597954796534,1.009999872100349,0.9619358152321847,1.2040269576195326,1.385972189717181,1.985597088042525,0.41610276584867095,0.3848118934944733,0.5369103976201329,0.9091990999763079,1.3491075127388954,0.15028298466049134,1.1500406593777164,0.3890807139646233,0.6895139462967612,0.9236747039875861,2.4267231435563863,0.44275427798657063,0.2906150779693057,1.319454781812254,0.14014247144798714,1.341649037456574,2.15846278329783,2.0860704868187443,0.9576397607936656,0.4317704390102799,1.418255825937981,0.966108864185555,0.7915857498154248,1.2554119073520495,0.7247623788381093,0.8376557055914051,0.48581618845633184,1.1981428659619895,1.473789992733318,0.2813076267255104,0.8051789319906159,1.420398144905962,0.38949811271160917,0.3721225618875741,0.5016290442549227,0.33375791902224616,0.24877782741428645,2.2435240547820072,0.33228144957935696,0.7949054628762333,1.205236394399731,0.8331688812863995,0.25139033082524825,1.5601192446614596,0.3534358468107643,4.999474880766031,1.814972346178295,0.693586036331956,1.2184125478223944,0.8289407577869241,1.3445726137466822,0.644334782479515,1.9251765114424166,1.7489795494433644,0.40357671104857706,1.9865936303654788,0.336411398365639,1.0496696176113733,0.36713417976411583,0.710416764642672,0.7824174681851076,0.7977013869102572,1.0701391844945984,0.9602912188842363,1.4967734043178962,0.43160929943093607,0.6037467808275249,3.1973154968495128,0.26988598852089,1.4044598039161416,1.422624022589651,0.41931502993842096,1.0293552813186237,1.2103539095638143,0.7881125053417422,0.24797229596437326,1.1421249587121287,0.2948688307833839,2.1859278928249104,1.2383513346859687,0.9466641790541546,0.3983467412819056,3.1456239863081437,0.27180350711311796,0.5097875470797019,0.7145258298135482,0.6241061981844146,0.35657067154729094,1.9446532570077948,1.0017016801273715,2.1031608547373652,2.3448492831575534,1.7747278902391348,1.645174213362692,0.4827950126479378,1.37989401659863,0.3779897151309248,2.1325398536898827,2.082834838776575,0.6559057691857701,1.4683234033966692,2.790385156515611,0.9677155595604521,1.0053736223646168,1.2037623576997156,0.7397709163017797,1.8091153557521908,0.9918785711443638,1.2664764596388705,2.1864333306464947,1.4165729875077575,0.3053906675612855,1.9083527935581572,2.338670333391509,0.7759531033043028,1.0279731539827492,1.5412898435080864,1.872176679468135,2.184857438993693,1.298303343875475,1.216100233486301,1.8671804021664178,0.1572606949054979,1.3620146753256421,1.0176482047461348,1.2933548414386984,0.2662405725100224,0.6910990831304324,1.0238829439781487,1.446478573369872,0.635813133927095,0.7213995776338128,0.7335380268587628,1.2913628129848993,0.3466904126950544,0.9971023319324505,1.9970743749812534,2.40125761981918,0.0902044121275501,2.429083458120558,0.936798593261015,1.760463481580282,2.7445068980577405,0.5237237328225799,0.971100724432386,0.23942115317571688,1.1033353942939643,0.9218535792236986,0.883651826106412,0.9055597374721758,1.8330378842072848,1.5463470219724325,0.9383894135954592,2.2887193951350744,0.7469776848978518,3.2501378472399005,0.1385216617138382,1.0156329281668355,1.0237079457457054,0.16180009810683366,1.2490412816244987,0.8426962532890945,0.6123082490105578,1.040996499698173,2.249532863464061,0.25748396472802937,0.8965997508055785,0.7778359108273994,1.5223023210455686,0.6470228719395896,4.054899575819735,0.6768556895704987,1.4076312148036274,0.6217635861042229,0.9852420660084295,0.7125059117876423,3.0476304887679473,0.43048618546025125,1.5736177312964306,0.5386232222788595,0.5184494407817121,0.7063506493143346,0.4463231495900064,3.5252549164576266,0.2471677865597231,2.9616271326795958,1.627446960232695,2.3431919843231257,0.6488276391231504,0.7021885871179255,0.47745890646465966,1.12593762042297,1.7214153195456992,0.390933552547271,0.4470112848411534,1.2608142927830581,1.5107795914319722,2.033338388485979,0.6441911684615984,0.8888828235472426,0.7835815242440505,2.002295960239498,0.3967539064588327,1.2604038497673558,0.4223911923505996,0.9336288795385902,1.010135601826548,1.6944476519535145,0.7410520715237882,0.09101771761113508,2.895835703994434,1.1544421352319327,1.823621072700695,0.6818056774565874,0.6506545294356116,1.6691487165921188,1.1062005363713654,3.25975512620109,0.1798612924877438,1.3485150498326361,1.8776443453546063,1.7804782163989952,0.3237406933911901,0.4918058124257982,1.5259233926774058,0.34134357351520284,2.828347267658216,0.31423967898081895,0.4404537811358941,1.3303892436596088,0.478527626900007,1.2912363397835724,0.256056530314417,0.8098910372692018,2.0067363654328334,1.1167167406952176,1.823361033402196,1.188467433131244,0.723315920940577,1.1416554672857728,0.9594184340281272,4.126815238566379,0.8864405153704327,1.3279111886058705,0.14696614367746202,0.33127266656831184,0.2925851065204096,1.2717433698695884,0.9927192290882247,0.7091293775782044,0.9408820080020395,1.0368224175139222,1.946179139006598,0.8991830617902636,1.3227971076671103,0.48921319658669543,2.1627239375965255,2.2387394855962537,0.519998150074477,0.3753046880156949,0.22563302793688583,1.168008417329003,0.2970115055321487,0.4781284761065162,0.7259052095712109,1.7369293661916532,1.2180885618801047,0.4995111576470167,2.8673097296996253,0.6704604031486412,0.8032616307540749,0.7133648481216335,1.9535556592952747,1.610662544071725,1.2077228933472208,1.1220238431560636,0.2546190630351323,1.3541366540972004,1.3898160460114195,0.8616511835610787,1.618056164628406,1.9575203686674678,1.0482206921276598,0.5481306163263568,0.8307523785390865,0.4488127724084039,0.858386924237155,0.7921725774772022,0.7274920177932613,1.8043434358407933,0.08542731359228872,0.5833248053514712,0.2828446979049559,1.9367970269418293,1.0733428103234046,1.794610509465933,1.3353883973141345,4.740870155454097,1.5928164719588822,0.5761455466312514,1.6059413696518245,0.3442408831495885,0.9097214681034737,1.9501525799838877,0.7426711960032242,0.7210238511760182,2.084782591325977,0.690346993620057,0.6424819101292669,1.0367154329373214,0.6438421199048453,0.7217990979547699,1.399603379511531,1.0462534376423858,2.1928962326830668,0.5788129551775014,0.6519434970908409,0.856949014647868,0.7588373308197418,1.8279645215834162,1.6889677534362528,0.6423573591598,1.4072213662730717,0.7794099616078338,0.4067694873842804,0.7628167639358884,0.9421758648714067,0.8393353216483334,2.322723889099803,1.7293568135057291,0.9286669906883734,3.003065290744101,0.6658975732216698,0.15630978230564513,0.6578183633992329,2.501754804375065,1.219354461987197,1.0392422338210292,0.9839789647669687,1.0714384195873392,1.207397374861031,1.8923595017193848,2.3308628117374433,0.3725573212099267,0.7125860321691067,0.7993788933052309,0.20528566970689255,2.678306051415103,3.717579295005124,0.30688818274504026,0.26655490558262956,0.40196123318283605,0.8430909776730232,0.39139014190218857,1.157774941113456,0.18374667850479384,1.520040475102427,2.492539144781566,0.35342835076559076,0.16719236875542876,0.18989846746278732,2.516127349202515,2.125474039141754,0.8642931124831319,0.5337111105085073,1.7166005221740346,0.4119577276477279,0.6194475864619233,2.4569779037108517,0.3602490951918671,0.8844024012258498,1.1447119501666803,2.2003485401075076,2.4977559032643537,0.6665662932844374,0.443110670552872,1.1280442250336484,1.206930900494115,1.5854543482373005,1.2011667154650325,2.7158780472095065,2.050296270158973,3.3554497280769455,0.6279071796093101,1.2665038499956467,0.6053629052089287,0.7428025478536361,0.5500218831028832,0.42605153591192174,0.4492741013146422,1.0852172099208321,1.6291195505279024,0.14442355865619583,1.1789183150959068,0.2801761832596116,1.5900428001585794,1.052636739642928,0.5133333245736273,1.137764425948728,0.7405278327022489,0.6886129954064395,2.2547355613314166,1.8739093778628055,2.3373185744363996,0.7332664358602461,0.7078019084007954,1.5091175758986948,2.138908676435776,1.733209021957033,1.0312953523328927,0.5594578067440035,0.3678834576504121,1.4026360803928442,0.23312670074108985,1.7465151812836166,0.4439927514189377,0.7845892020772206,1.6492753336924473,3.4022860244413984,2.307162649363458,1.3330728771293536,0.5466878675603863,1.077221858784934,2.9215829211799864,0.5816450584340249,1.459002670986446,2.65837522586169,1.2924263802694689,0.9778562981273164,0.30429041314055316,0.7075235984234046,0.6927742945155879,0.9986820809808569,1.421265755522817,1.1275192853215796,0.8204152150192545,0.8797980342587444,0.7613063972761857,1.6349581449588575,1.3619893606206386,0.17477706781895788,1.9673647063187265,2.1714402619575806,1.4774370345265262,2.439661128992918,0.8002224350008612,0.7148169237312764,0.6935686506687644,0.7566931697382729,1.7577081946784805,0.9724166439926357,1.50447501942523,2.8037481793577346,0.9672059679624883,0.8260825896766103,0.6448889788205406,0.4697376282028415,0.6586024399181953,3.14736414862096,0.6818222552735199,1.6038033223448944,3.6476302101528724,4.140680018194592,0.5775824956821769,6.875867660235357,0.4591273920537736,0.33628478951515467,0.1640486782837418,0.57343932906125,1.565040201640925,0.7906216327291948,1.8924558086464223,0.514047814767675,1.8270608340438108,0.4671176007242242,0.8834344034538788,0.9148209161753846,0.6384035387663531,0.9089817638625549,4.141931641789711,0.844313481442285,0.3987874135165668,1.189809388784003,1.6208961532288009,0.4447041191304093,1.2673094225620827,0.4009063324515399,0.9893348502258912,1.6978050969348137,0.9237934319906105,0.42987764941648265,0.42507742222174527,1.104943912299628,0.9357986654544326,1.025792249360454,0.48144039900982294,1.4669123089308238,2.9706509014371467,1.6328265399785844,1.3782499363558685,1.6588638271555562,0.9146245597347246,0.860014766548897,1.1577926485430303,0.7911399197744634,3.141038383908523,2.4990746028270134,0.7566099956754149,2.201744921985692,1.561990185582118,0.6805440394404785,1.197495167180493,0.9239995454745358,2.5296150506692747,5.022325103483212,1.021645524909762,1.2796188069933963,0.7993593467036102,0.5080335726723464,0.08238372144071282,0.4366874232119495,0.20042891672264163,0.7273028160088895,1.2779757960486058,1.7379365240235007,0.7273411270988854,3.212353171158937,0.4813737057233858,1.5829976095912741,2.184733260437289,0.2100771735172892,2.629659239645079,2.1223963572027715,0.3162112032981309,1.7561709438556967,3.188963678697521,0.4811753214568377,0.44450908317909177,0.6788677291039649,1.4312669995048333,1.6333008724068978,1.4804894965494189,1.015632193193735,2.2549219094609914,2.4659861139539947,0.9564507997993347,0.7960284237658191,0.24679431110628922,0.6478750623225816,0.8125258689056803,1.3672167329108744,1.3613194804703335,0.3667039718562727,2.3386895233869778,1.06395337069944,0.7031686775609309,2.607045998942032,1.1874098850394652,4.333709939097642,1.2736373542298434,3.487773233504654,3.8052119243862634,0.8395148280984501,0.5407831478471439,2.556895442305064,0.7568688956164276,1.255032567396588,0.360042790234522,0.685921573760593,0.8602829439592565,0.9056266171899594,0.8797196727478065,1.9236259113253376,1.4532841860911923,0.4317733047170821,0.9938216495761741,0.4343201019924963,1.6197085352999838,0.3524123759608884,0.7401115286548711,1.2206951527351282,0.4292575845178481,0.379133943703461,0.7529508369901644,1.0285640768138873,0.3600192029784951,1.5826237991919514,1.675249752569992,0.9438179760034517,0.3059839811104408,2.28738215134673,1.5636567511403983,0.12558318364601936,1.1903545336608619,2.214672364573542,1.4816755350253377,2.8995299586958327,0.8957300794035922,2.052382817348069,1.1364083054929561,1.7488114521027809,1.8685925062113082,3.551370707229078,1.4181750246402534,0.614087607798589,3.4755635914918894,0.7185682164654845,0.8925953123657806,0.9084890033271809,2.1137898802475235,0.46815004848833736,1.8560564688412513,3.5591561470402464,1.0989549165779158,1.0152651388793306,0.9389945076043221,2.985616479225671,0.3827932300386859,1.013741133327538,0.7401193994545394,1.6624335749700732,0.3141486928757617,2.952572467836193,1.191454775809574,0.8357047447301236,2.7571246535868323,1.2615626766079928,1.8450030192887465,0.9050920889933836,0.6971702346975754,3.2126688597509983,0.8340249417138837,2.114021300018592,1.739743576556797,1.1760118295882798,1.798183319356239,0.6963414661304976,0.74596728393144,1.0204960525229632,1.8566393788920683,0.6244339833113975,0.1505071644329159,1.4627946005635715,2.991749501723586,0.657208946018059,2.667376806579472,0.488007092482899,0.7437415648404049,0.31239182037071966,1.1936576923228688,0.26271101019014065,0.9453694571390007,0.4899128896994056,0.6804176137197566,0.9085960733910815,1.9164929353509192,1.2907693083999563,0.47115118253443133,1.2826714381883841,0.30222983764442424,0.38411010446441596,1.9278049058360818,0.28635844422228174,1.706311525789841,1.2867931463727063,1.3837306647740493,0.31139528616448975,1.6960689672357199,0.9918307617744689,1.0829661673586743,0.33374932592394685,0.9551027169278782,0.20673464403826658,1.1239149721870643,1.7904797553888547,1.1453288013593732,0.36397494408530573,1.5797371025068243,7.25390633423757,1.5355037141799004,0.7506433477219687,0.9831260087493549,0.4265174247108162,1.9760099621335516,0.8204206854345097,1.7277429843984122,1.1717236659766868,2.1649608040495094,0.4517015971891732,0.860718246753154,3.3272477894106665,2.0262519326636537,0.7311772384816058,0.4841419985927269,1.5483292516564264,1.7744119750981522,0.8213630137775684,1.0760305360747622,2.5739613308925673,1.7008713843978323,1.0615626289101576,1.2228425085959105,3.562896815360795,2.091698832885491,1.567026662859321,1.0057610616900097,0.5615219730642995,1.443904794891449,4.377718404526506,0.5165305846712087,1.1673312615106535,0.7689663085539776,0.45861002352847874,2.8380945383063994,1.818339071861317,1.9532052923097705,1.1022043859945445,1.4026840755671353,3.498059141405454,1.4783467646962614,0.534597513767788,0.5276096658376321,0.9677712627750416,0.28550841113239556,1.1062972197517218,1.0897858653651868,1.3759496368202766,1.4966921567095886,0.1318955573067807,0.3157206537243778,0.8611651368573083,1.3678688464352062,1.6268878456966278,2.445382340643996,3.4668267249480254,1.174316829498246,0.5975464750556108,1.554352981228471,0.7339525829749332,0.4024879309621741,0.5010444160119552,1.0593077767198125,0.4677833570066169,2.8857235754344432,1.4102223755658487,0.6754506393820204,2.169562375615887,1.539788650939226,1.308727963132747,0.273482374127596,0.6784171639502371,1.778736031484502,0.9552517002428508,0.27517092998274334,0.3953887152993544,3.057684498082687,1.100031021313115,2.0200674405385275,2.186051953431641,0.5859758885741481,0.9913466853273307,1.7340961733623563,0.4262467466327603,0.6231628182588617,1.5511121897923275,0.7201672564778547,0.699910480815946,0.1549868193288625,0.9217590461988998,1.1552410226598973,0.7794533858481563,1.771846241992515,2.510949257614513,0.6588023664115613,0.4522255080085807,1.0751437863897229,1.4636247343096185,0.9178905732172861,0.6063349153123005,2.2409173458135276,1.3761937461846956,1.9823591032486307,0.8316122725120234,1.683998445137321,0.6522131145983673,1.1963222179825526,2.3507967017376274,0.26221668279820304,0.7892873954411249,1.4904026394150516,0.4515209427270557,0.333883142665114,1.1750708557583625,1.1368288397206268,1.5314111519194693,1.3166180187380285,0.73711974621044,0.8485159933023189,0.4770970075945913,0.7954965727216383,0.3952437043049515,0.2988762475122067,1.369602280987439,0.7589957514914673,1.1289666583270952,0.45274231175425045,0.9175550425062136,2.5590177015521105,1.087134865421078,1.1162872871697265,1.2396761982864166,1.129359753905745,0.5690828612280966,2.064135282943349,1.6664754342985435,2.752412605488142,0.5488646556969613,0.27838127422112346,1.0082856941853335,0.17622957238462633,0.7656774316564179,0.4272939596741123,0.6626672617086722,1.6965743658494192,0.43095773207720084,1.82451784690069,1.201601760601626,2.381579545278427,0.5675321047588104,2.3976177547901223,0.7177756669942902,1.1137300015293348,1.4195215815455804,0.829451315949166,0.5867945578284399,1.5012841642893657,0.3540079894485868,1.196458262462011,0.96877321165965,0.6680795090783445,1.4932115872304197,2.0288104581532056,0.5063979432800428,0.6031561359962951,0.24167241873590728,1.1434407038607994,0.61980469048261,0.8165905521561632,1.1457312475554031,1.6904973924241606,1.4234338833786948,1.5324019105643285,2.6840176694408893,0.23270276310508997,0.6438079628328279,3.8632566119093426,2.0382148800373434,0.6262222207034132,1.3930188729173,1.3381467652253514,1.1062089575341694,2.3347511239084944,1.7565089208485585,0.9115017006557672,1.5743908140563834,1.9026742551648415,0.4626538274728064,0.23677057937398577,0.603786518608966,1.551409714001363,1.384622918239517,0.9081939077824814,0.28946831496025727,1.4651205857059733,2.171509838565355,1.8703569967763576,0.7867164716496305,0.34840620232088426,1.2973611862741459,1.879974952332047,0.6599148337288931,1.7793415461866011,3.974834295042578,0.6183669433997537,1.4189517537940777,0.40004203378321535,0.5233612373408016,0.5379759726785643,0.4335814091005844,2.3953154360838322,0.9071134326114028,1.0796765082142394,1.0530121220383681,0.7512364387745037,1.316621824657229,0.9718128821525058,0.4354455859736613,1.1602782793256892,0.6665669757142069,1.3832976698598294,0.8909113971782298,0.5405426807892982,0.4022497539277623,0.653883023665233,0.6649620888470484,0.5842920386288789,1.0442066021289336,0.3996801720769967,0.6032058312524476,0.4817189145764782,1.3974004338346218,0.5289110494743934,1.4481552089697483,0.4540567429009874,0.5398036449643522,1.1759943400846842,0.6025725887593177,0.9238642060726371,0.5663283557868848,0.9297114447325446,0.6566116641792076,0.4822897119042728,0.42740590294033554,0.3147195422676322,1.6457915890635877,2.3185474836895597,1.660834355766948,0.19690834587449735,0.28525732422489936,0.8462285792762031,0.7214030436851406,0.6215507369617221,1.2992123176749617,2.1806878320145042,0.7273242945749608,1.5250752898705235,1.749111850780868,0.6251291582788409,0.2619288820258536,0.211040123913243,0.737662234142328,1.5606627228796806,0.3587018011918831,2.671844351505099,0.7250950111434186,0.47960528814572834,1.3219555878132063,1.4334055676874464,0.5875268482366786,1.2729299852964524,0.47919748982025867,0.6006140386831876,0.4234100124904413,3.009684244856694,0.7395571142634606,0.9129504761358378,4.971977782448636,1.3430176499481683,0.7046319223367529,1.0787638950131218,1.6119843642926386,0.4558883510986721,1.2681647467233792,0.19336722995671654,2.9141561475522275,1.2417023622374077,1.4600265570090238,1.159450061827308,2.1239539877072056,2.3357359902422554,0.21678607098362568,1.641774032831988,1.8500579404069617,1.5369966876113221,1.295724336378691,0.380247524043965,0.5877954279878896,2.9876615341174286,1.3364544965203857,1.6540361642003445,0.4537391723988321,0.8033416749350158,1.1573922541469246,0.826981660998575,1.238734488007967,1.6883457529033365,2.1477744656228217,2.5581854640733765,1.1974570833324294,1.9692009762154477,0.3625027059819919,0.7719155314652855,2.0066305045039328,2.905458634668779,0.813737375317829,2.0668261354774025,1.7606387419243987,0.2456991603909451,0.4625223567314558,0.9035817685977221,0.7887744803835297,0.6869110368299783,0.9300895771915635,0.45824434784440754,0.32942957190513417,0.9059873802886869,1.8358288665019318,1.9649619554802968,0.4629367714701576,3.4249291106322555,0.7220578922028753,1.5624780102841054,0.4648729847422386,0.4253856582539882,2.657646074880296,2.7260840909777126,0.3138011785203419,1.5434269497777513,0.7013428502274235,1.16561874544503,0.5783154001266979,1.9697322387472398,0.42795552383460295,1.932496229803099,0.9043661901238816,1.4886249909740357,1.753783788056138,0.5677690773981052,1.482231524226687,0.6600602989614519,0.8733785919273928,0.4434450915079796,0.7215035885958855,0.903772694965019,2.307670450698071,0.9852127971390285,0.3830411492504392,0.1336438334201988,1.0388211210345375,3.114038883711287,0.7934840548166305,2.004243385402946,2.119650450259837,0.6619188971245501,1.5685259464486847,0.9400707396021046,1.3377625811958322,0.633787266832112,1.098806866384533,2.2189345503373663,4.252971102794619,0.5187997167394033,1.9217885594139041,0.18299645482075486,0.7422210990099006,0.21043496125909583,0.3161705764995662,0.4420057338709883,1.2140566230164462,0.34603761505448516,2.7058848469885546,0.9082547049356579,2.244536383063112,1.4067583404804824,0.8827487795584249,0.6740762877112367,0.7474259286586367,0.9276301335099751,1.1985397210961308,1.6917070663175475,0.35261292123821963,2.850991856778402,1.8068523040536395,0.14839838089978713,3.4393533142575956,3.75070593406792,2.714154325560457,1.3529671541645163,0.6646753187061353,0.5208413558295615,1.1551305408542065,0.6395491203503201,0.5413054058965723,0.9388440001689574,1.8013531462681691,0.9926887608833479,1.636158945694398,0.4462592221126282,1.8520251616058578,1.7278565805417478,1.8171459149777887,2.0200740659903724,0.6540794088411048,1.259035863175979,1.880373990793903,2.870909965401422,0.14781467639225096,1.232621000212171,0.8288424016358147,0.3994295743425207,1.1275583995205385,1.0488663683814392,1.251099982032865,0.8246987888166346,1.7123408413954597,2.332134115407115,0.7048205129108145,0.6756453272694809,1.1022233740825014,0.14498780682336687,1.2715092087134736,0.6446471287695017,1.040041563142861,1.2394513501814068,0.618352251480494,0.6347988953268665,1.04693859302865,0.5099027289706453,0.31585636127661604,1.149818826066412,0.8928411808825734,0.7646213429885874,2.2860698042627305,1.666011472468018,0.4153556058819792,0.8170916455998442,1.7816489946573344,1.1470614248522801,2.8949036632339324,0.6558708000746706,1.582515183142228,1.5887112680067519,0.5182262462838337,1.3053466918568821,2.2020453319563087,0.24264750439454408,1.527606064177176,0.5648894404042555,1.468337300394483,0.5450100961371451,1.3523046143302846,0.9171101350677,0.6239573631055757,0.32892547498765,1.9213802553048238,1.7664416502767335,1.0472942908325693,1.5344766554180413,0.7374667356361992
"((3, 1), (1, 1))",0.0,0.0,0.0,0.0,0.0,0.0,0.0,0.0,0.0,0.0,0.0,0.0,0.0,0.0,0.0,0.0,0.0,0.0,0.0,0.0,0.0,0.0,0.0,0.0,0.0,0.0,0.0,0.0,0.0,0.0,0.0,0.0,0.0
"((0, 0), (3, 0))",0.10273697550610228,1.551182694584456,0.46214199114456633,0.014295336173700157,0.10318582542932275,0.23124213673578953,0.003417626484479741,1.8716162308103488,1.6195264594466183,0.22622193632521087,0.2408433246078081,0.6619520606571176,0.7825307150101091,1.1348695444808778,0.024947284836091155,0.26832239718463713,0.669975706705144,3.664893176060043,0.05769728823883602,1.3779778511327847,0.06259500435595489,0.19885088452723743,0.03719103774623855,1.7172264124493102,0.8196430421720695,3.3676963709577303,0.6531714038463123,0.8681834709637586,0.03705522366261828,4.834526870255049,0.1725904365891206,0.6364690671693429,0.2728739887092241,0.4032526337409066,1.691454183816661,0.026022441127846296,0.08215299504907683,0.114662289903378,0.09864913570788314,0.10654390003445235,0.22871790177311868,0.008122341761249818,0.7577620837396755,0.4304468158842729,0.17605987742165063,0.13430264493692845,0.038630388907872404,0.16817364105020105,0.3253144765530207,0.11334245812490051,0.11627760138390231,0.5436168623941089,0.776456601569762,0.03112960010307786,0.04464215831002133,0.9685781721600222,1.920261383208029,0.06464230076447075,1.9968911729075742,0.1172275183603877,1.7286339559730959,2.012387554316433,0.03477547612716947,1.6978352596645363,2.4929645392892636,0.6553672334903611,0.2598770879410519,1.1213381165941523,0.00452028566206486,0.31087017430998726,0.1813085981116176,0.1538972710521278,0.8086767737635483,0.34040070948828394,0.582884451261952,0.2269960933429498,0.059616252148233184,0.15390131490730052,0.7221618667158345,0.49860584105512207,0.42888021239924384,0.21045035629250508,1.6293024936936862,0.4135368440248166,0.2694199669556225,0.18486034829914832,0.24121456752872894,0.3661390515272621,0.0021171839638948198,3.0824665526507062,0.027318202827166904,2.061730890361039,0.41526651349252,0.018094843452707954,0.0700311892211044,0.10421609697981371,1.3027702224086655,0.0423454252634774,0.8224944009837101,0.1643624917362978,0.03187537387363193,0.1707707910175008,0.4901829949034213,0.055996888616992535,0.6766135627167358,0.012671911253290924,0.22800750149157079,0.5572555658346746,0.0003413590861367499,0.31099681756169106,2.637743636813524,0.039389074882908465,0.21640116220344474,0.391680186836342,0.018896303242468826,0.39792056931918296,0.8452642107683723,0.26469892701585573,0.5476871027746231,0.8062497920565674,0.25212621645943323,0.3897238835806084,0.012140866399966754,0.5243138073973483,0.05289684686372775,0.9979523048696457,0.16653295530552037,0.28697393945290195,0.07934475224683041,0.2318927159702424,0.24879232153465045,0.06973161916745763,1.2782201558222566,0.17956518545092837,0.09915391409584406,0.015598083807127905,0.25929478884983204,1.3229873712540776,0.005063179790079975,0.6069174213537103,0.01879925942659033,1.5064515619790708,0.06393258190037887,0.09721864333649988,0.036644472452502574,0.7228654121713001,0.012803385620619001,1.2306380363488576,0.0031591093797164183,0.9079146483252518,0.00024617495763512576,2.603769949312089,0.1517896549895783,0.015336559789330434,0.1662747330726462,1.5240812784887208,2.420200964914675,0.09754647724287802,0.9050751716196519,0.22116945172465124,0.4125973047476339,0.23236275865471534,0.7916659197184432,0.982493463738401,0.12661775736916847,0.21332002264418404,0.13540038182844905,0.05949310121566609,0.22370305892596243,0.15662937646471242,0.09025067415073229,0.1818293907372575,0.4481815198982687,0.31044603125826276,0.03632927278778042,0.011737958275691351,0.11012193101727807,0.4742197664912774,0.5716969047022976,0.05047120808655853,0.767059163753124,0.48967886732842847,0.9499970518311623,0.5183802828626867,0.9191878496594246,0.42536729267592266,0.27584639662605315,0.027295170595901697,0.2335788448309959,0.8064308154128224,1.1948263284402245,0.26794944151921113,0.2898284925913237,0.8593202029337546,0.011824475747369279,0.021843266978910925,0.3083800698338434,0.02859137165409731,0.011708872018966865,0.21116732356394252,0.44392577187263005,0.022151070164937003,0.670087162767643,0.006854046432872796,0.4030758052635608,0.31528510782128005,0.03945121548799668,0.028001585485539104,0.29408041991378053,0.05160347205254412,1.0307835206273535,0.057108987973564895,0.18790056665901034,0.0845919487929232,0.014004510031878636,0.32711825211375,0.5306366459782216,0.04564874298670574,0.8373549012046149,0.8749265424831753,0.3047730380080349,0.13008753251575061,0.3027694678558989,0.12064963283483254,2.2187808681480314,2.709835045868618,0.5116232847010302,0.18307375124269706,0.12055527746806483,0.6258702990786442,0.2166420232046068,0.3622608560704811,0.4725541583686003,0.11353428311995684,0.5096033522026087,0.18079478388434228,0.2774785815538468,0.11194338544130167,0.279653184417057,0.12132379569927454,0.16722971103230078,0.37628263359080805,2.708136809806434,0.042751652535067075,0.12656903855040091,1.1298982486474722,0.037787159168743534,0.01347498687191262,0.6797692690151513,0.03672889666643209,0.17446606315004176,0.20903831145289775,0.8354261241237302,0.2355229697720862,0.3972439578349276,0.06945435093122843,0.43997028270246863,0.09366155992672565,0.49211862191043465,0.24333810261807254,1.0713451465839148,0.139470016422665,0.0016291815849194258,0.4564576997714044,0.9387727379982325,0.04322055317418361,3.3886536438647226,0.12751031246306543,0.26240886739668556,0.21856912101108122,0.8409840479621679,0.20841348938921034,0.5714406877008145,0.26853020765038216,0.5010722875689506,1.2212774700550455,1.086733451305225,0.5954492216919577,1.3196069984680012,0.08379587558729623,1.6060961429334695,1.6173282650080587,0.375996447884396,0.6387497829471411,0.6017381404011091,0.02311817366449609,0.9076463227820863,0.011172447778929007,0.29550822411946565,0.05668379316429062,0.10544848772066961,1.3053254383439121,0.09329058076878627,0.9273122634434828,0.12930788553036066,1.2514934298870801,0.02961428664897331,0.5135304170516048,0.5996651434146909,3.303723182743579,0.0747191624018762,0.041294727959661603,0.03819865510947956,0.20203958763257612,1.315375942333227,0.4632199665974251,0.48289785654619255,0.6173094265687884,0.019560962541119498,0.07750254087491604,0.5334248923031155,0.10854328385773016,0.7521424292701712,0.6972326764129799,0.06694750346184675,0.7076771895587275,0.3887319021024104,0.5058484817777655,0.6251574840787331,0.9525395368575148,0.19934574941704664,0.3538467416657566,0.14418114688546746,0.013995923054617498,1.1278611083193502,0.7882510454724827,0.01883608024996042,0.11305633274514826,0.18103420009233306,1.725695309085767,0.8649880471098712,1.6321772352094355,0.02976314514680889,0.6992075460214513,0.11127558988824654,0.35638821534972864,0.05670599088127304,0.18135402588093674,0.29538894197113696,0.3669552056358571,0.15361251644841167,0.10800164365495513,0.015014317804986632,0.031026346082663303,0.3106810761441283,0.016983949188432323,1.9371222780002748,1.033166111963193,0.25640544008763655,0.25634055377807885,0.012967878211591843,0.4142235540133666,0.12387576435121295,0.303965255316611,0.38803624530201763,1.283729707790282,0.38150151723426085,0.1764618666623372,0.2258110831643888,0.19226286265159975,0.09137915821195797,0.009757000631888113,0.4029066426378023,0.017381721406214634,0.12476755642663218,0.10194857277817893,0.43813275089066,2.368053857504747,0.322128908176486,1.8057986458276978,0.41509147262174095,0.5293282346927228,0.5347934971230746,1.2158316173964685,0.12739631883709346,1.4584336647853309,0.0800098673483256,2.5906858103828725,0.5671486917106809,3.9909889210327196,0.8234387242113124,0.3497620406068913,1.7731170483002492,0.09002413278184007,2.8081678054286265,0.800606686997887,1.3531090242189108,0.06084945345676829,0.06882475437578622,0.003700146281382155,0.8236404211897608,0.9265792900630552,0.41070694518514017,0.059722489213819285,0.4403804245049415,0.01169886301224815,0.3227818280400755,0.05309677365826296,0.9327990816325007,0.05885923668423454,0.10886429715354035,0.7462262301088738,0.05538855299018075,0.7596827694888375,0.14117254409033952,0.012452822600473534,0.2610981062844342,0.2258515887800776,0.08103220474898454,0.7940003068374442,0.22031657097845503,0.6224955625537776,0.33764583009106075,0.3041196411775474,1.655959565657668,2.078736407243917,0.04133143793246463,0.1771527036801528,4.055800727375287,1.421421861041861,2.0626306703831148,0.06734183602679589,0.025050543931909197,0.2856065346101322,0.2473099719288513,0.07895521620103363,0.771915054601379,1.2342815902096012,0.017453086049634914,0.37058995233115,0.2318580597634925,0.39184593621644165,0.12259643676716231,0.2120568299276635,1.3758204765031445,0.9070685389949841,1.2452708003444013,0.511269687350024,0.001965902378484957,0.8315143562559354,0.5844875741885731,0.18146887247890486,1.1869617556476566,1.349053294428643,0.4947283284460755,0.20675633297654816,0.375788946757705,3.7568065214979445,0.5764862157939316,0.13096121782886233,0.03463046248691787,0.024369993355554564,1.3018024337172673,0.1956625224136863,0.10655128909467027,1.1878307172845233,0.1057338785605284,0.5418892555023289,0.012952185677970407,0.6533493347197246,0.6233143431533966,0.020441802207525783,0.23899794197919452,3.363094071464728,0.3102064192290155,0.1435709497439448,0.02758275684920497,0.5093691223195308,0.08897132636053562,0.11229644382029047,2.1685337352298104,0.9130957238041345,0.1181241062638762,0.22996391890743062,0.07574843593043212,0.04490696653298365,0.04286641684425457,1.9253777341541327,0.24199103182936185,0.2480795374946998,0.21117210340860781,0.37957608384456376,0.017475597437190737,0.06029349869492573,2.0957453584478887,0.7438119850081363,0.22881333559885786,0.04276021578989353,0.054969920210070744,0.7435556542362214,0.42204466947356567,1.215289025290272,0.011540889752543887,0.06349137577780617,0.9808114737423366,2.119400455535473,0.1785669862451725,0.2686819576045117,2.246497963810556,0.6154589467233725,1.6485011806509071,0.037255629375210986,1.5441863848010509,0.13569157375731788,0.004284084748090278,0.3252333280978916,0.21183152120783455,0.9543810772675562,0.37089508383048425,0.5986930177366618,0.7783310829413859,0.7855795688226915,0.005635601675360036,0.36114956791632136,0.08636280889364445,0.5300482493232233,0.05197769003828956,0.04121133967946,0.47757293492300956,1.3306324190606156,0.2592722976666355,4.621387649902213,0.043043235794612306,0.004360174526543137,0.05310565897629638,0.06569850847612563,0.6133129195439629,0.009465017206098103,0.15367140506150778,0.08365646839527041,0.0570649237274754,0.17498144290400885,0.5022032089248967,0.004437105933283947,0.04876924840163288,0.45316324287521725,0.01883655353974767,0.9704372235827428,0.04118134665415496,0.019710986748135317,0.024910057153964105,0.27599779675071734,0.5943342058588792,0.22915835102862858,2.2440752177553254,0.030674638990261016,0.06805466106229979,0.8974657578148542,0.06877583043536975,0.16694193440627944,0.02488448595248738,0.05518182859408516,0.1216315030179731,0.32193282821679997,0.5891395990364283,0.05356738468323974,0.07729748985885143,1.0220976071048788,0.2999943182332603,1.7517252638945549,0.11517493750130431,0.10303517750800295,0.685326261105232,0.20547220504548047,0.03668291607310725,2.135462204604289,0.06268544216469385,0.002604063268036416,1.290756087664861,0.13324500841390424,0.000150356506844751,1.034403320580354,0.09179279829363118,0.5539392275023778,1.4218677285316692,0.12113695084146503,1.0101267747676181,0.31931330645455747,0.21581144472814118,0.1923946135124439,0.40121911199797833,0.059121018694811234,0.0596152105887946,0.15993928300313542,0.17928608939755186,0.03956272804906091,0.3096806376552519,2.5010891004230187,1.937796354673782,0.08169426249651324,3.1896897670096567,0.18994486045946535,2.2222193925481566,0.675112154262625,0.23948460345565592,0.0547345876437042,0.11685818899760969,0.053192842824160674,0.06346323572465895,0.3130325355272263,0.42377385957827385,0.03472137775450457,0.026256458123984805,0.028455620970891937,0.4913819416482226,0.3929549300583911,0.03367709579176559,0.6962820023576628,0.005806131480679877,0.9390703541743908,0.25583167901604575,0.18939556297451166,0.1234761618316958,0.2591995058416223,0.33868616117690165,0.032546909864075824,0.13957154369138403,0.07485813058235913,2.905259875461418,0.7538155862378826,0.2959948130711731,0.09429511147089542,0.2524240154867159,0.08855550749857788,2.761292702080461,0.13185006417052647,0.03987367620028298,0.102993683162514,0.4051279571012494,0.3530932163340381,2.239826913828317,0.7960838099111387,0.8573475846068219,0.17861222940038501,0.2462935761104024,0.2893792070161807,0.33355267956325946,0.04890087699765,0.004898687520521916,1.6293911114430788,0.32936547273411276,0.2758460643358117,3.3532215115886226,0.04952290571705098,3.1876024041076874,0.3161216735392909,1.0623396509776732,0.6478055696857126,0.39586648881499653,0.1331585255986823,0.8002499160428833,0.8629831368175962,0.5712772355753577,1.4065340743829018,0.6380344388264154,0.07088039577707517,0.15096627792917006,0.8891761921222852,0.030851208777680994,0.9865912716430453,0.17812604751111416,0.0958046254568693,0.16330070947470676,0.42342136100355,0.031334537566274134,0.6682970472047314,0.24692532002991419,0.43511700339100295,0.4441364419416507,0.028448574685095762,0.2330634996925276,0.05542059769967522,0.5129975282188884,0.9277771619736042,0.25068121310563074,0.059733635995735446,1.3511782433687252,0.17593189664108552,0.11242516533206842,0.08972926924699509,0.14482945909169648,0.03485121413113612,1.0605806955485777,0.6420157425371458,0.21964989138080915,2.008436672334161,0.6192357296272709,2.1635596603247294,1.176960897801,0.4133650120450809,0.237047894443302,0.3290635412971025,0.013796790285037108,0.06157935387239344,0.49173008882515834,0.14126957986255198,0.2511953085225205,0.29496181737200267,0.42084414786016905,0.17469440650281443,0.3927887227898731,0.7481499730435831,0.5336718522126507,0.09852938967026525,0.7016589697616071,0.20344278452610803,0.01856291424676393,0.5101766178724414,0.003923225070266295,0.013759875102677621,1.5510542351146497,0.0639289134889397,0.5885607008926428,0.02917284911283513,0.4225533639563883,1.2484296754085078,0.09958846393152421,0.36632381918377677,2.3129287818527016,0.0857196612054627,0.03698334438353584,0.6335651776929074,0.13908920128310243,0.03798582092614433,0.041484080673602985,1.6136160006772573,0.07662603469198193,0.05526054805252201,2.697668148713109,2.1449100974027413,0.10949312135229938,0.07832745343465425,1.0570049694551984,0.4125732217591508,2.2884272795804135,0.39783314354117366,0.11330826984904535,0.2878952660616938,0.7271862783817207,3.3138218612598775,0.08067476014521635,0.024386365542004462,1.8149069455111415,0.23775761182103256,1.16973875691324,0.9991399887134915,0.758582228672064,0.024527862756681618,0.13684336668016173,0.2686257296851615,0.04564849984590891,1.854545787042739,0.08990512537833589,0.6402077262947228,0.1291087683122607,0.024481638494258107,0.95898489472553,2.3681802421924396,0.6194714684032944,1.4322136610294658,0.02771099005847133,3.4911134378042683,0.08272374467427607,0.11918125893396847,0.9144873441861319,0.3160791063270661,0.03191133989930295,0.18761060701490534,0.5614748904945962,0.03285358722057807,0.012392158751369564,0.050798295420905776,0.17920148921351609,0.05639075567353424,0.2736614121931449,0.1471364782244996,0.18186024775938847,1.4843009766559967,0.6693576281278919,1.1844648271774387,0.1946077145012527,2.293686191215206,0.6917883747192726,1.1368454388842413,1.8298878606069082,1.2084171834729616,0.0059960370765753945,2.103066789285218,0.005212482591292034,1.6359388917392341,0.25285285824550296,0.25868832590605917,0.04806669245357703,0.026656904669703385,1.0362813816874397,0.1263400372312815,0.13181555829226033,0.007831975082669196,1.3642465669939794,1.1767537050861998,0.09303013601509291,0.3165420493438582,0.3072212944430829,0.8465422147738976,0.3234431498551469,2.254924871714072,0.17457280764763483,0.07546360400993724,0.5113273762905539,0.05451708484373685,0.09434433391331967,0.007565740191346926,1.0469158198429638,1.9545452463995265,0.21133611638738847,0.0300819124863404,0.44437208130501565,0.893857519962111,0.3500302164946846,1.4529956651771712,0.14182799135259794,0.568350222565547,0.25161478655509506,0.15658254730113397,0.32494193959945256,0.07285642211807386,0.18392272389591496,3.413560158267156,0.056514111944812706,0.5681182700223552,0.6049841893705531,1.5823996941148326,0.7065549997732814,0.1059011694635745,0.2359416560343408,0.07461650440828471,0.09028808865870164,0.09858876994688637,0.15474875025619633,0.21495108795692286,0.025891233687387105,0.6405293587708385,0.030240707069442596,0.27451300751016117,0.18586163929323346,0.029455448385554805,0.08877659578055425,0.11932511803409734,0.07169333098916875,0.10852380395918981,0.11028982230466608,0.05951662732491869,0.011096791769825143,0.9971395003689298,0.5603960165303765,0.0825518520282536,1.458437177955925,0.04933907916812985,0.11643077427281034,0.04242118759339342,0.19083036617968063,0.07899158671077733,0.13967760158478892,0.6513231335043296,0.15583014706196102,0.011004185601003247,0.5224034009190534,0.4117753221198637,1.2819171724950371,0.31908308589420586,0.23109013245954252,0.14529255925349982,0.21646614171877893,0.6275783647314974,0.01425598163476438,0.4719052061298683,0.09301899639344602,0.5071920643816481,0.0031444107049989345,2.75510735310807,1.4638347754411594,0.07689963951743259,0.006120863643093943,0.7446265869412914,0.958770478537765,0.00029274710329330045,0.49814062415373495,0.2914101103033162,0.3001469950748361,0.008100061063578218,0.4703053868112914,0.02466305482165243,1.218677137015969,0.4159396641076508,0.37792741341388314,0.07648216643312222,0.26161531593796394,0.5963074432808206,0.39307635770985383,0.8192251301803456,1.1974448757646334,0.7488930316483084,0.02752466520053165,0.40848360921532967,0.07588061558253922,0.2760952087874278,1.1912656377340374,0.07466570203227296,0.21664700789469427,0.27819513645764626,0.2578886537108431,0.19073026462975007,0.08479854853784285,0.11056554019161058,1.0936351012443515,1.533584133420828,0.35817791881756517,0.6519688937875949,0.24030370062022172,1.438338905827802,0.07077232618268037,0.5490326521871565,0.19750673073485098,0.7950046499312231,1.7620480573770303,0.008083628847163737,0.031657485239132255,0.6626268139445988,1.2055068845265695,0.12227535290644587,0.13113964024284142,0.35690661626529174,0.9765210495076555,0.08904544319340246,0.43945737633755,0.24717742351776373,0.04758775585480568,0.0209035675396797,0.05615833406650683,0.14481473978000992,0.10562931289621245,0.17788611587340242,0.2630961135650758,0.11918263014557962,0.09137495540913565,0.08118613957308252,0.13958766697040748,0.3436994163070551,0.061587464574866746,2.034867086588158,0.6612015840396596,0.3865249477842986,0.010596588279455421,0.38340935349914135,1.0246187666449735,0.4984101031628887,0.6903288373402241,0.0477859779727878,0.13954718712012038,1.093055912991093,0.5695515876238861,1.1448485326611553,0.19164096892550225,0.2985073500530201,0.5234140439096617,1.5306976591494765,0.37725711633748393,0.01903507608435029,0.3863366592467794,1.5820446414454232,0.5453609099059625,0.12426514227143409,0.40088256871709027,0.06601906250043688,0.38667441199527236,0.23254451184272062,0.0005341433885829305,1.4276156544053586,0.6070887757468668,2.8050967212905413,0.06188704087216634,0.42662275545633677,1.373652884635236,0.6086927193555628,0.2805997147218875,0.13904466234705704,0.17155433685784738,0.31489647244532115,1.5285228728359503,0.20966882436915746,0.14937624954555206,0.24893920486152332,0.24993367432602548,0.2503895344277009,0.956401485139287,0.0450416623560963,0.8608510779734162,0.20095455978033183,0.029118168275143574,0.02290368090095596,0.3770842387956754,0.06385629021342742,1.5407051782530266,0.11942895205823956,0.049474955519736685,0.30257076933607674,0.19418203122588662,0.10549099133371109,0.09359717674034318,0.001306587165553319,0.09629860757286468,0.49426733498249353,1.6420150713373403,0.09598220304239757,0.1878983714747927,0.09569374299540934,0.30747006556389517,0.0296853801880268,0.25882861019188597,0.014467013236664106,0.6074007821443266,0.06689731266971766,0.7168351237119188,0.39146339462317065,0.07784520633011272,0.051356217826901585,0.9903457377088589,0.1140131448581192,0.43326452059024234,0.103336909909994,0.1558985653222208,1.209983605298687,0.09755290337544165,1.107641463265538,0.15846278287630144,0.16705305315308228,0.014184071377011997,0.022110304985485052,0.32955449870975717,0.6082592017674993,0.28566066267578727,0.3676066950874395,0.9878130377301755,0.0635937070899793,0.9938480499389108,0.4360868557366417,0.17151782018840422,0.21483646089972697,0.17582219645463193,1.548536306458058,0.09398779153912087,0.308835767932364,0.03643102911525398,1.8757088691673944,0.009596721592307816,1.5296335401818495,0.36760544611877605,0.5294803084722339,0.060834161624476746,0.3374954823198664,1.6846877839516474,2.2909354172710765,0.06647880505656056,0.12720217520139637,1.1524678711878773,0.09117073803016118,0.22025671309450923,0.27165546147241326,0.1858551338564809,0.6855095905848122,0.013264457088790649,0.26091907490239885,0.16682048349958079,0.19754677643381624,0.3535322766676767,0.8639337637902854,0.5898217014262285,0.42715363467977163,0.18447108502522536,0.705171926135597,0.7403769265226402,0.08236428711046384,0.1134842339426726,0.0016989236276376413,0.026790788057669213,0.4011272778054866,0.4501260603799596,0.7022043295761387,3.227180032050174,0.9459938310163102,0.036969499033608466,1.1325088910757324,0.05109310648642129,0.33568911370164756,0.39275800066269173,0.02813946046591509,0.1699752014088871,0.9270109891651506,0.29852018654171686,0.27467050190068387,0.0005518237390422787,0.08256705315023338,0.8759827535064553,0.18947680103727915,1.1764828398505076,0.1500488255915251,0.4462472584180428,0.6371662400078828,0.26690877627101867,0.12293547125795623,0.13855640131919905,0.45021565782687145,0.22311836556998232,0.7340529270490265,2.292232894769713,0.9903367703277985,1.1213778798100262,0.00227004214885973,0.9975295903714022,0.24435892795519548,0.250649517597072,0.3857824440079862,0.18603029125945525,2.2837391977698918,0.1388965639785592,0.19329864753478532,0.9734736797208824,0.07406171637406411,0.32750267009788603,0.14770410935648437,1.340833146939037,0.0833150263212028,0.26720149913527336,2.2290167174337583,0.18048110332604939,0.08217055612824303,0.27101279172154874,0.21667815173617666,0.9134824519822945,0.23851509781595476,0.33593513793901764,0.08133227383871056,0.20730460208665252,0.503622946556057,3.9784959620541556,0.6076436122541823,0.028787754178327796,0.13893695977105414,0.31631971142102155,0.21188498327738392,0.16615140407186813,1.0123629178374494,1.188662226313588,0.04953899922311944,0.00023532377517332392,0.6767377775043746,0.26832493853262607,0.017143415898420722,0.22146055841696707,0.4719822036257025,0.3621615928622898,0.3587408387488008,0.07788592547361517,0.018080588680347454,0.29261927831125745,0.1527756775391571,0.05096946284431303,0.10436011128823208,0.002778406208545414,2.4424828548693,0.6108496214126371,0.47274401960794554,0.07808749432339801,0.23065887621521636,0.3274867582377716,0.06311288516803626,1.3950733619446358,0.15707346162494784,0.7917280044277456,1.4687189335753106,0.19078523986399276,1.3409739970771897,0.2508358279340812,0.2838978392257083,0.29238309389852546,0.14239032998949763,0.05607070437486239,0.020434318893216466,0.09123485840801038,0.09159746624111931,0.15298833507457316,0.06353683564647972,0.0654488666496803,0.019385214813326446,0.03363646152775446,2.7087148774914724,0.40240141220342446,0.5144799120039224,0.18618484004986513,1.0041625674462096,0.2573114723163278,0.03746752896155536,1.610999194669449,0.6868212455103226,0.12826669926737555,0.007863482447784786,0.01255477258143567,0.23926168846676577,0.018964808096361363,0.3105432417602221,0.8129695143976503,0.07855279519883351,0.11869131555531653,0.450036102198783,1.6688338506122868,0.019340739067353008,0.41806893140852497,0.5633369134831989,0.20852899395121227,0.7997284361932773,0.011613432126293621,0.34675431126513834,1.3396593931387766,1.4299045718725558,0.24304164347162693,0.051327135660852785,0.19672104377088506,0.1433216343370961,1.662115064927177,0.21501643216293764,0.06857874001201059,0.008240145744601135,0.5426964855718448,0.9498682178466376,2.6351438911609506,0.5620831639579553,0.02784582024268145,0.27861773160543424,0.8381437898058204,0.15238323361698258,0.9363970628567275,1.8885071562756717,0.495766098336365,0.7994523403774245,0.005443519921715767,0.14820143215608306,0.23965864582457036,0.07394692331047215,0.0976767452449957,0.34860649231475493,0.43830036493333835,0.8221853215541987,0.1448221938815406,1.3523306714666103,1.069587272669533,0.0057402600341593946,0.03746919798003867,0.6922899446821313,0.3471835058012991,1.6690253652859717,0.15148503774602884,0.14346512161786795,1.2307806414780154,0.22717303851014425,0.029538344115335402,0.8083845971883216,0.033291135537921956,0.13383146196403817,0.025371946342474083,1.422877102987545,1.576702573474325,0.417442811497561,0.5397647814736977,0.0955452230753373,0.0062212568059036855,0.3695993849308783,0.03016065189126993,0.7447949178581605,0.02866368164005939,0.09829773247371532,0.3930048616005959,0.9302875345941786,0.6080949114654766,0.02006045769445286,2.229600345772269,0.19285929030508692,1.3634193074876586,0.34621452676452663,0.23826771381440048,0.6093485882059022,0.3011072650824911,0.10921774032466613,1.0473553091127805,0.31209012743198294,0.020360660260376306,0.18055888995379543,0.48466829258092115,0.16189584650800337,1.4971532906095666,0.025836978935479427,0.0914474848816435,0.09784296195399411,0.5174984846223853,0.8762291349683078,0.16418451602716555,0.2616512111855026,0.07957837568329063,0.9681858722502146,0.002074812705650436,0.03349464460373486,0.632293222436633,0.18015092217564865,0.2681582055018008,0.08964856032058682,1.387759518169764,1.5342765172491668,0.10612250780064936,0.08682801410195312,0.2540023347352979,0.18049532690364045,0.06359901170830384,0.2850740743089135,0.67176356374365,0.083388523642144,1.2714709533288935,1.6951106486062204,0.08625531001228859,2.3388912328763745,0.060801577788073935,0.1643026784676428,0.08537177889662706,0.07237425684290691,0.001537932875488368,3.3102409138391464,0.12476137892546924,0.09163423542015414,0.7685315301758151,0.020155712012213778,0.07779842913905011,0.1736960847971749,2.751983123586092,0.602090610879789,0.6816272688286061,0.1397715170834823,0.20278809826808286,0.4644779727988233,2.768650615117717,1.1894010202153114,0.39933724882671895,0.05949606751408762,0.03601099040695177,0.15467814660506796,0.024543890526424972,0.4709403853646116,0.050071353514140715,0.2904621041215856,0.36202332975291096,2.45346915804135,0.28602641140735785,0.09768515245802822,0.5072631031808756,0.023596790641546184,2.2932301690713786,0.5236236605165996,0.14860867380504472,1.194835239827011,0.05506374026378141,0.07724865857717589,0.005692188254956654,0.11927598697250141,0.01900884235736744,0.28958045920665276,1.2537236782085361,0.12800236073519056,0.3805248710807616,0.1343417051659943,0.5968536716512498,0.2827440552509517,0.7632208245537857,0.2897130908400595,0.5795539224749995,0.35525592508681514,0.07923316358155463,2.6129149135043073,0.5123518875589413,1.3693856455659288,1.5750217510380145,0.1433583611090099,0.027974778314457355,0.002697369946530248,0.24051722964499245,0.7819405388188427,1.9122215112301122,0.05162740711995001,0.013203429358134233,2.072080097729435,0.39418899854531864,0.3314510616798545,1.549956930642736,0.28788884906577283,0.7642180664560132,0.1876055435692779,1.2878616467915824,0.7393113125697455,0.019494741676172378,0.33865584898725176,0.06422795873780918,0.9774719743806766,0.03884942773849143,0.4805918229837636,0.1503799021718737,0.6034941401480576,0.006547692317793619,0.060244079644009796,0.08540107393105201,0.37085130050035375,2.3854147940139563,0.6180156057669484,0.9464778411701313,0.8126956060119928,1.2756170683973864,0.09485229724437044,0.7880629698468975,0.06167677062159915,0.2604633091755082,0.22051352211185316,0.5320682431537418,0.11229055607838556,0.0517191224743927,0.38054158975752217,0.11530306546479785,2.7060039385583265,0.2617829898722528,0.4651289897416633,0.061029353589811874,0.05554804204994512,0.7441808455249964,0.4555584503706016,0.7670498889000628,0.21367687804448066,0.26861026825837775,0.18358093576620405,0.49861093821543745,0.33208600540573896,0.2849500615235241,0.0662079152012397,0.7514446315230914,0.4273843908469045,0.31415279292958276,0.15717106027650157,2.007264514122178,0.06863401588508711,0.44925465281995824,0.5763110962222233,0.5721831319319238,0.13963035574324711,0.8453759270272834,0.2515910558322887,0.1892747240856738,0.040919985737227216,0.9864275199784626,0.48633108814429826,2.471569964543624,2.169445489989647,0.02188369327341988,0.020728592782078836,0.03229953329735247,2.649340303742063,0.02067568676432785,0.06165108137075806,0.5310763340216873,0.057720924380672,1.539583118504804,0.4916843904335745,0.16837934912495445,0.66906481417199,0.002559334979831407,0.21178118730839435,2.1893272571405356,0.4366017422283922,1.2340623193171618,2.0766546939559114,0.2075042073254395,0.3357118355483171,0.2015703551608425,0.1553789192507351,0.6521306580063854,0.18451307028354386,0.0981316865820765,2.1183781006350118,1.2879113090516934,1.743669331433655,0.5049101153010775,0.1381034253937814,0.8424797700896463,0.19375877371296557,1.0484395542231115,0.12921912326601148,0.6653606540953718,0.464296136384173,5.431176618403099,0.07344905135863378,0.6704500463117329,0.04183998168015757,0.6734738151510622,0.2842033598405225,0.1598680401948484,0.12045350272126998,0.5224182906260049,0.21526468472572896,0.18411868210453286,0.6495830122673745,0.3102841013790679,2.7857933866738183,0.31188229610061735,0.0893960667892757,0.05728113101155552,0.2876295295999487,0.8860829332987752,0.48591092090241017,0.22688999191239279,0.09105874742157227,0.10632618947915762,0.18888112856052386,0.3006585225160504,1.6030493948221194,1.4366106982332107,2.1505870324304235,0.5720715705152132,0.7865673052524225,0.006036281766562346,0.3232319060698601,0.1082695695799486,1.6890378778458717,1.9060109427332408,0.07329936585076613,0.6713132105594262,0.12789668581394364,0.1058210634871154,0.02392347576485082,0.40520337215197966,0.18954793504169754,0.5411719261005344,0.13528925793935698,0.7985205521513061,0.8221945486348095,0.4472797411708905,1.2960085498113654,1.5461396569549757,0.2936263170072415,0.7851599147797839,0.33546268876291574,0.388300403331891,0.14056132017248335,0.7451710255588606,0.1309875605274935,0.1353361473991514,0.7942877523443073,0.7522358570673331,0.06234931521741294,1.1162760937326133,0.7982502779834391,0.39852205066410873,0.6209811971418926,0.3298905735834978,0.5494249431428462,0.08253429501882881,0.005704748270163207,0.03230628217679324,0.18800349215649437,0.05545871898376342,1.0732522041075623,1.7508946414635487,1.8178070152742376,0.1168475308466661,0.8089856319107058,3.6218756234671856,2.0361018990417055,0.41835164012371306,0.24546082059062602,0.7949166366299839,0.7082538887368326,0.08640025545802088,0.3791086174286269,0.2609919821442859,0.08382989663604923,0.04303539888312957,1.666906766959785,0.029356621737898547,0.26939085564957344,1.0731640076308795,0.11800115052450255,0.12887198081739293,0.011392524223521383,0.8693341111344383,1.990019963493027,0.1414596873044882,0.7803636855738142,0.12982173706645406,1.1672815772494154,0.13466009599326623,3.320383843131411,0.859780623203444,0.6876114189958298,0.15052044350968508,0.4786699713393556,1.2093504212646542,1.0341824288788448,0.09582616548691208,1.6949351529875587,0.02736982395957116,1.4043885855729434,0.7213569271454737,0.6165329440617995,0.49372601454551357,0.14990430895608642,0.532717656211444,0.13269417323581556,1.736563327035018,0.17577860973583548,0.17699390881623778,0.36940262459552575,2.746411526184047,0.04924285497381531,0.3733344116972678,0.25772189860536476,0.22200336293672618,0.07569430083984718,1.9279390162954664,0.011854085138426007,0.7841870793919858,0.006463623225942794,0.23622876101545986,0.3036276028664782,0.440170308850109,0.1990994180697898,0.29585872246277134,0.3611542554410505,0.1348384575723084,2.362319456547,0.007664740026293582,0.3836544939999996,0.060710642997189646,0.0420800924460355,0.12401857021632368,0.32619737747646527,0.13291880873767797,0.08830569752132666,0.09443376969259976,1.2956423561750154,0.00047165110124969267,0.9331091781991163,1.3289859359843903,0.44875681215691965,0.05860618120939998,0.10490400867548422,0.034422996648174775,0.3748859276144264,0.7945388066995205,0.25980031216395,1.709969662959632,0.2536021080740237,0.23263733497178543,0.0017253671329544584,0.24149127116386848,1.7882247589058697,0.4002217133254524,0.08411540797381512,0.3314769883559775,0.8894062091759177,0.06720296297281325,0.03912805284870002,1.4113451130997994,0.6365313083068402,0.22351776968889192,0.06250892396464192,0.02938417533888915,0.7574236248334338,0.07016420281893732,0.11101354291199161,0.13736819495841712,0.11656830514080474,3.534842646605857,0.023770062215545118,1.6090847919752125,0.1997237777700573,0.36020464261702057,1.1744315548328672,0.12050663977866849,0.15499177916231766,1.313128647399006,0.006277128595705506,0.04289350015086113,0.03307489315059772,0.12160041933396279,0.06041382373930715,0.019491866043269468,0.9329983825200965,0.412032471755855,1.048535353118591,0.2548377739910687,0.1744971325699436,0.34753628870884207,0.11508441555884774,0.8885874494156885,1.0392467099732463,0.9583985350572549,1.742995527128933,0.49451076608094546,0.2590926290097044,0.028843638314765996,0.4707565994227415,0.15644527620549006,1.6684345955091486,0.8540232421266908,0.09572898042094691,0.01476263861457261,0.08345213188996992,2.1199821106035763,6.411054246570626,0.10626377504467965,0.485896898943199,0.12201290730952019,0.041809750546580704,1.3402794420624273,0.7708570003208699,1.1450182007018797,0.49320411255300534,1.134636951236444,0.42635674676511787,0.5280137869230668,0.25096361373640397,0.7671948516332181,0.39044418383238017,0.020349926558473896,0.5959013024167259,0.9424412058079183,0.011885748672586072,0.27993936505372297,2.884360048153765,0.5874031597052429,0.06969492275285832,1.9133168174629245,0.9953305307578915,0.30722202734037773,0.05780424089335323,1.1656434902308435,0.0973063817736518,0.06799783013122718,2.2319530639445473,0.03807093400265471,0.08444368476610054,0.08758819863398903,0.024925612573526934,0.14334974655034194,0.662000889492881,0.12714250728567644,1.059178569980358,0.45072833399606926,0.9291339936720958,0.016497689143225802,0.7331344571272911,0.046405412058934115,0.0337524016509434,0.4539841412940324,0.30099187716365416,0.58511894869302,0.07630149386124163,1.176006767307022,0.026846375376071957,0.10378651163882302,0.09009070669878982,1.9941860886720122,0.07128996049257097,0.2966171313542667,0.1420077422812438,0.8120866194931691,0.15870877920729543,0.7187336797899752,0.1752269482304305,0.15261559364263222,0.8661036288015709,1.3130982003792326,2.3922285126662923,1.534548884385609,0.4923959287616133,0.8978130653526597,0.19511450960755372,0.04941689680277506,1.029376134440237,0.6762856283258967,0.05674064508015131,0.3963035317261353,0.017742089362452085,0.11800350282039432,0.7851698651426751,0.7766369621707837,0.38837728648764136,1.0097811145449156,1.2752250498474502,0.06976412119903819,0.0872646368027809,1.798101984517378,0.22902215110379853,0.06589323093014943,0.09742909606578998,0.24631236097737474,0.3541605258119389,0.11922293027594205,0.6888618173052221,1.1788504910636606,0.4831747336869321,2.221410306658763,2.0746764762327974,0.2667615516287229,0.644235897139832,0.11620222514743483,3.224194480532161,0.025819331467406004,0.14906065984107264,0.5855529157113404,0.03588214599857886,1.2516037715623078,0.42981559908503364,0.07635519799712104,0.24765206235403792,0.7258367975517122,0.15990953614543946,0.917745770244409,0.29460634319425183,1.2144846713354411,1.26156516094796,0.4778528518547329,0.14341946578330145,0.5190144825800991,0.1501056380571231,0.4020886155202784,0.2929347828420865,0.059926019501749986,3.0129615280094173,0.2193018977411359,1.4020834906903272,0.06716222047099885,0.16112526292642526,0.6104130153462679,0.04167700685250364,0.3628455991185251,0.3922883094703129,0.5802420674066782,1.242198094748819,0.013275561511635114,0.24177189646519381,0.17592619362171702,0.32679743295088526,0.16816379096623235,0.07939380172400817,0.7826298344892966,0.04235885744055029,0.0020120964097488647,0.14152510428074971,0.4968959797285981,0.09399516337597924,0.10735076893131801,1.0540665587210534,0.0033277772534737737,0.6589256346994032,0.6588499989029084,0.09791195204700553,0.006443802849585123,0.008005041185763506,0.1057994862477295,0.15417428383745224,0.076526850292432,0.6368104974372917,1.6404141614732821,0.032102859464267886,0.40735568768217045,0.1545720161034887,0.5914982999302721,0.3331899784945235,1.3397058333448808,0.4456847197865791,0.10704313758054318,0.918448742842682,0.3150014594882727,0.03573224288342869,0.0788843366915104,0.07084510057450655,0.1578345816944431,0.13678158297018816,0.08584295033452727,1.1973559673855787,0.041784145192648725,0.6250957673653119,0.5963607275817006,1.6348995468628686,0.12418701527914133,0.27952288642322815,0.9374692808051893,0.023896201997167688,1.423163166372064,0.1595700488577736,0.24060607271707546,0.1357223864307306,0.12388604700066908,0.9408178757918498,0.6011315910777899,0.3508951100032538,0.05118301442592421,0.28905563754498664,0.1239902641451971,1.4725765721406514,0.16047451180638395,0.23617869892188526,0.09353119361275614,0.9378466635588181,0.18327995288330373,1.4614005890922384,0.2726129941936527,0.060796006552715,0.713856322831791,0.007551429061515014,0.003999409350106564,0.10653917336934793,0.09969276557341611,0.38936231937004134,0.09724983254273378,0.46545574701538095,0.3673743393833731,0.2175407127895128,0.29585127772429426,3.435098936728597,0.8176092111567889,0.14439187257176556,0.3440337950487989,0.47910925899474865,0.2067215104954956,0.8410710627853016,5.140076268012887,0.26755665910034504,0.6528819870148711,0.5788079937102381,0.451551892089346,0.16084743126876866,0.043171486991047225,0.0005621912414202068,0.7642053699707635,0.27840418128982364,0.7359674475095466,1.3412312709628498,0.7447499964197333,0.045250848854534675,0.27112408408914224,3.4883960576578517,0.30605903262134254,0.18126701783161048,0.16828968227009566,0.07004538178640013,1.014557222931488,2.445172697186533,0.1463927322495815,0.9340988709232482,0.5626177792801068,0.07772116283343611,1.3429584652803848,0.16422521058060946,1.4606310516242318,0.2932254282639737,0.007975362141157571,0.7738055374398212,5.053666846278864,2.0587350616803968,0.6102463671945029,3.3773821363458536,0.27631283304069687,1.049300471289207,0.8478662523869502,0.2645996064975349,0.2243902664622569,0.03973683095927097,0.11539185383977951,0.009915273033282324,0.03137999236176947,0.028862575027903792,0.02274180312025348,0.8427809149180219,0.8581224522865987,0.38064356815619593,0.014092586138497093,0.7993131078726143,0.0545219768095255,0.2825621129501661,0.5755439463518142,0.00568031702258881,1.0737330769060864,0.18536158415999315,0.04074339988829201,2.69271055482003,0.020098524571350473,0.03130563101699946,0.7537234377373516,0.725089043719918,0.13848759913410835,0.32340162800189765,0.14494431488573145,1.2858649082475881,1.3341979533474835,0.012614668617262126,0.045884394035704545,0.08552299668466101,0.1273827058890294,0.41746578725853745,1.0645595405296011,1.2630566597327135,0.7227099380234829,0.09461244545234537,0.1286248997453151,1.9584769695686535,0.07549314775815752,0.2251086420811209,0.054002695266936865,0.17548782556167186,0.27570001457527105,1.3026143287919263,0.04467187568623632,1.337619822081872,0.288437948715897,0.0120707940411513,0.06025265901620913,0.18016899742585013,0.3935813016295566,0.09361880689688845,0.3346600043824144,0.07670758392418664,0.0787483223329522,0.4273032327627746,0.8727885326639575,0.2123739514103451,0.3016064487431014,0.33360381917236204,2.76153045927049,0.09866743816379997,0.025882854616261053,0.5020144408803476,1.5697339214070354,1.2825652061915984,0.015810282329848935,1.1053917362847892,0.0772705475755869,0.03332660763283002,0.983087172034115,0.029556672323892252,0.08144814983914506,0.14440444163893562,0.05485838105492169,0.11107073254472666,0.19940109462660582,0.058772969701822775,0.00465459313099309,0.022180063851192866,0.1401471168092343,0.14754043743431844,1.6325061205871183,1.100010553402083,0.1776433723028643,0.2272375586493498,0.5708396649705991,0.04852463961907694,0.4838919911941787,0.0027362693955236272,1.73396871840046,0.48303360789842165,0.13604026599461672,0.22228563897860532,0.015241218341860596,1.3486064469569932,0.5063163412244186,0.2781872606095557,1.8688802369474873,0.3756067857387495,0.6554880631264535,0.1284065668009431,0.8605734112727872,0.10857868713577856,0.22600961287175236,0.2509040224273531,0.034567802849113316,0.48540961732228727,0.5501371241234665,0.5264062440671851,0.047370657765480995,1.678547673893164,0.9088652591230181,0.5808377952445545,0.028898748995039525,0.04814306112551325,3.0244982590386207,0.7786160398467362,0.102091025421223,0.12282763464555896,0.0771975772106124,0.020684682211305816,0.04527931636113358,0.03553784865930876,0.18789674194870987,0.3057241244531921,0.8965667995278487,0.2207601715124663,1.818004459204398,0.8970223873060448,0.08949031886715747,0.8158447250611223,0.021014903783942884,0.27733245332913503,0.9368140452613831,0.004413837992628289,0.4518215659240825,0.015891821115974147,0.11653649734514993,0.10269427035220308,0.03840483952466345,0.2516080437941611,1.0998128619790872,1.5949217318061635,1.5995344213364484,1.1895055586805154,0.46071925345641773,0.024370707270758296,0.23636120873303007,0.8157480706400015,0.22474795386462443,1.1936257773272807,0.3966349207847435,0.7781620409949112,0.5867874042532666,0.6970205582715179,0.17674496692871577,0.08308261863213029,1.310812420338308,0.17397673157261284,0.43387782217925963,0.06902600148753923,0.23475161336917227,0.27234126578385176,0.5627629380118295,0.435940966026518,0.17053095913072325,1.4750372174881192,0.23989212499663326,0.008293229384176037,1.0304923363461451,0.0024222472561521435,0.31133081710000265,0.11071160880921738,2.739288923352306,0.5878883319768222,0.21801978146769352,0.11034808963230325,0.04697835480255763,0.07613755037227798,2.0038685759049413,0.2906260591615462,0.46907022064889214,0.16413512872430802,0.6323868256743985,0.4160795700565556,2.4762098035400197,0.270218859816732,0.08582748767803527,0.6645652282622492,0.4155915840945045,0.05281046653086641,0.1253716151260762,0.9658022534824056,0.557791505102434,0.3056335458326035,0.23452138592112248,0.018891378108090606,0.2634538735067933,0.046655476565945486,0.2508861826789046,0.03599230284300131,0.33384034262051654,0.455765971338738,0.3298319709570354,0.26006955902015627,0.21296629735515427,0.0691036230350427,0.43698423713975165,0.1716976842129181,0.04603616572965352,0.05584222035658992,0.7032372052302697,0.37333003767658446,0.005869982848959232,0.8727582526173061,0.18780075084868053,0.3512029505857662,1.485202510318654,0.5939653556715839,0.21889668643008964,0.7308822397905154,0.04050802199978015,1.8471689771054218,0.27758273064533645,0.33284393015607294,0.3640300707790407,0.3088103105151466,0.1006465139337609,0.2197748275457081,0.030867577555173664,0.13632101484487386,0.06962024451798676,0.5955389499382606,0.8339695541612997,0.030860212426335742,0.46222026077068035,0.35389994645281847,0.8892788268796635,0.27952773543852083,0.5159381910267875,0.42902994274403583,0.1924061234630623,0.28051260548734414,3.4588726843616096,0.5650525499083745,1.3252622884332264,2.585465863927271,0.4194688023412815,0.24718073161354104,0.018044252578526487,0.009732652955471599,0.28973704920653476,0.11193656711542443,0.11504583909468391,0.1136390639484891,0.6682035098200563,1.0200052056896847,0.5233968316657385,0.07292948443032099,0.15550790973657758,0.24287352257881056,0.03840496248708236,0.09085001032621154,0.42575535069695514,0.03275379994009542,0.26658077509128286,0.016768245963097728,0.24241858383528503,0.21985924413915892,1.9741272718446343,0.019498136047987447,0.1835156882503743,0.1351929064204096,1.773073112434339,0.5323606220039723,0.018581495845879037,0.25197764583646853,0.26985410401711185,0.08036281650834443,0.5055819352478425,0.6688269313988902,0.8101486666609272,0.3544329720724919,0.4779463909448376,0.1756439170480086,0.2413531027796153,0.22293190117400508,0.0066790686261328225,0.8044903386628484,0.08766696337649588,0.4733718322972229,0.18341099064582467,1.9362211894438783,0.4009492976355181,0.10371862865691422,1.6273463378057207,0.03332078440735753,0.06482677294922923,0.024070782665681884,0.7725723175418339,0.3482780765174759,0.06608236740385676,0.003017845661273777,0.31901912908631697,0.23830937728206913,0.4021243804396264,0.25910815839037693,0.006064425293324627,0.6624986512198145,0.09619891347050191,0.01858687646361637,0.16107977707871501,0.1064108744590111,0.19447169725028046,0.04221732905926301,0.32478166860886704,0.15151156199699212,0.8431590582982613,0.6792652234319827,0.21300515137775533,1.1511714949739478,0.568829043240955,0.28344155130859605,0.07937540523777042,0.29668239970823246,1.515964182965613,0.09535485166760904,0.2603128911693897,0.03425836176794886,0.47769589743473895,0.14615414307408947,0.00951181084499228,1.2635283508553488,0.2697332552753402,0.37995157644527666,0.09916433905821309,0.14994673466729358,0.08089803753765012,0.3126017077004495,0.13067353225368172,0.05116503370405179,0.003497696569273706,0.01980823911060195,1.691228827521983,1.1138972408523922,1.5722602504297534,0.1681882568888854,0.009996878260979503,0.10091261442125038,0.37147447499697317,0.11632846970456634,0.794347771350385,0.09462152680244595,0.5904094307122101,0.2421266018862278,0.7586590660028087,0.0058367552868624495,0.10065265329400375,0.3231064058437593,0.7965518732071969,1.6314134686626054,0.9464868593337126,0.748699876813356,1.1711830314323983,0.04898528238283939,0.12283227595499557,0.3474168616670201,0.08879016399915612,0.0467128187570538,0.1096638868674975,0.7786921014690528,1.2433807309899907,1.7889816166403412,0.6434826650160559,0.3299261950894934,0.28572104025394807,0.3005338780345459,0.09413562521167818,1.1295066331286492,0.015004085395408873,1.4770137817205788,0.3495555796783666,0.09839624662964563,0.21705187057032838,0.9246575312843048,0.08034819804886406,0.8301961235579374,0.5795188567040989,0.14689368292572458,0.37063234617724916,2.0947810004421408,0.020247195803855367,0.5773824244459611,0.10775778065585861,0.8295796998556486,0.1995584580219819,0.3405076734271838,0.7678253138106647,0.20819885903212565,0.012565417113356347,0.13395299074451983,0.5412850233074048,1.1118735254076748,0.4727813521514308,0.07692568055838689,0.53624192901225,0.15637516227251924,0.1366347366073892,0.01046971542534203,0.32931300641460415,0.038932870138856934,1.049477699250215,0.7094956963060977,0.4743407322005988,0.17359266749592472,0.046627212755741665,0.12156428736839842,0.06484243185020255,0.6802488457572942,0.03139329938443841,0.25555522482915893,0.031096036723875953,1.376947147836077,0.01327679528816772,0.20487354077759187,0.1667403824124798,0.6433568480169798,0.08620011082729406,0.05907459915480723,1.8747895730550197,0.12940782657060967,0.46751946272617695,0.5530823106971332,1.6253411084252203,0.5560939732780009,1.071197547034265,3.211948687784212,0.40581906113601424,0.040365715761049664,0.6320353155776972,1.0950287684289515,2.372195129097486,1.7004038729289175,0.2770627702585637,0.22189743666514772,1.1185178470912256,0.6597917436913645,0.06052299909458614,0.014819641618647489,0.023937054255248502,1.04807576559819,0.19739756117243434,0.8541339381839576,0.9824496553420379,0.871520575151379,0.16649155626405365,2.763977102674793,0.35044283316505576,0.32351128286035236,0.030550501821407616,0.24488728855427722,0.1829890566461121,0.9941007266411707,0.09761743044328203,2.066696630317284,0.7283118592164448,0.004175470646911927,2.5865028740613516,0.05774561466888095,0.108379635791229,2.625648830828465,0.2710540096942906,0.3589841132374792,0.11792214315675986,3.2914903003841456,0.03270973760125684,0.8395570480390986,0.8432134404232577,0.32762178771088335,0.9986237788865948,0.1827969420776222,0.06596678429124203,0.9191456902666388,0.03207952786997238,0.1555227081529953,2.6263984130999427,0.2881483425304032,0.8531608409822076,0.3151215424902567,0.03643629601740722,1.1543133504213934,0.16727798978718134,2.0466001865140973,1.476704570541083,0.2273916309588233,0.5566636801765384,0.00488382239070706,0.08985890888041903,0.1290958432664036,0.01787765616756154,0.312959349712696,0.5481115088387506,0.037378595509250934,0.014628631355143362,0.8300248035091774,0.5934581812474364,2.2518759237884836,0.12255793871244147,0.07430177143704153,2.7799806674827146,0.2801034299888344,0.053275971048911464,0.1972162503423327,0.924620598613447,1.3378068619840264,0.4228337938782047,0.7978729194622839,0.053888059030255425,0.10101615603813022,0.3344245315202863,0.02554360082193663,0.019957199854065744,1.3718356175948094,0.06383988287549114,0.21252801500586305,1.5810705719282798,0.5357624277208581,0.6960454353810819,2.535636139763877,0.5236965238852858,0.09869689799616066,0.08142078537212333,0.08066046307703595,0.17173799884008545,0.15929799676583878,0.31501646021588325,0.25506717231514886,0.31505068454234303,0.22581766195684175,0.8854628983343822,1.1767404092221758,0.5927595875899367,0.14322213705506504,0.11509761005268537,0.4911774677276531,0.37955651418498115,0.3434945607461797,0.3281269497296363,0.0568418160186413,0.13202589945022353,0.11471947684938966,0.06458071525295728,0.020858521290009313,0.19804686473521904,0.0713438176053417,0.21334877070177471,0.3642933315725663,0.5092209835512242,2.159824673710399,1.294473349102329,1.3022025636490677,0.35523473184515925,0.011681190869543778,0.28423938430716167,2.720994401512503,0.023150895178547737,0.10746799522011874,0.07416014948794158,0.12198952666043703,0.0017045043706003238,0.0781531289539546,0.2727782105571681,1.1227720701621007,0.3734780610959988,1.1579952145762977,0.22399232491217919,0.030908556576560997,0.44312833367138127,1.298149393332631,0.14905832644992173,0.14662453380207008,4.509417243140724,0.23240339607673266,0.4203917703667668,0.3210234392007672,0.025314515543296556,0.7043572665856939,0.21878508462644586,1.985828722500245,0.9072525277985102,0.07269948094485457,0.29415136586718194,0.14978493204449128,0.5698376953123088,0.03349353231679664,1.2157315585034891,0.0736996025353363,2.037258686170604,0.30823569625761926,0.6795087449973856,0.007961096968057912,0.611328349106725,0.31263274234979255,0.08671461392320368,0.05392676437246857,0.9306003603595744,0.0734150251157859,0.22789429352816643,0.016529897920478986,0.46665386916687485,0.5785178169322704,0.10669008125204427,0.7863439342946563,0.0893837742526023,1.7273094372621953,0.49930023813740476,1.0890856037929804,0.002625878174878804,0.6331160684206827,0.1476425639982788,0.05580599349213988,0.4766300785260662,0.15049953473945155,0.026416047266590192,0.027321918690970115,0.029395781200833526,0.16353085376840024,0.2907891150411793,0.01418534018836759,0.13124109864753208,0.3015475544153196,0.013908033332225789,0.1971684719760235,0.7716992721047449,1.278280725927126,0.15550572869582657,0.6372802189450116,0.088961941544492,0.881358539715854,1.918345920823478,0.35787072078506466,0.21887867809377715,0.2078250960952106,0.03134049035480457,0.20814785111109613,0.47207226799083013,1.318119356900396,1.4137822732987184,0.11247343181253244,0.03661113838629493,2.6551066092318387,2.1912754548012727,0.14477362098052104,0.3065581856696103,0.7636514936719421,0.20575318833374445,0.2181343679084824,0.02122168122821927,0.1052217899873778,0.5779532771820777,0.13677806110498036,0.23690718123929977,0.07556782934433398,2.499164930572362,0.2567163109701346,0.1586486743785634,0.06495615217667505,0.15880959388599636,0.5597400122720874,1.5900497629580028,0.3769543385099381,1.2777123451568975,1.0542670744332023,0.2046057392131464,0.3348655956464377,0.5609265101469868,1.2825367449518352,0.05963083076132969,0.06714168872815751,0.07347890400048857,0.45210627885578014,2.2469985039151106,0.005565427779162357,0.009758991652442095,0.0658696250048254,0.17241317632960196,0.9900493283048776,0.005004805500633314,0.7628232427123635,0.8625715560231638,0.03270345012249437,0.16920762452176508,0.16708036709216056,0.19674225839297543,0.019683427982963186,0.0009892337287470132,1.7840313344652112,0.3110875621944495,1.2560874843530176,0.14031709704969642,0.0017481414429365572,0.9305947643813767,0.430386700774106,0.09832704233448486,0.02515378836902271,0.29072482266554833,0.585167865313557,0.4234193619460972,0.17805094112262942,1.2016462807958486,0.2746112290154554,0.5181898825282062,0.7757878964075189,0.17408817874723476,0.13564343051274952,0.8397241027900548,3.970279832720498,1.5777679905264481,0.5884275845491256,0.05027033607499143,0.3182793075907586,2.3160782579828743,0.01226579217571,0.3234987041800139,0.023499927363639456,0.29586277582398746,0.454428032940059,0.6795099929112329,1.0161002625362785,0.9130383723100104,0.13608781250878565,0.0032341892917014947,0.47084996811319435,0.14200817562063478,0.7598126540117343,1.8487418418577861,0.3533652629397156,0.10749228795567184,1.086932154145358,0.005018878019275808,0.07240397499748852,2.1594740379332986,0.12476958031571428,0.09623388503631947,0.07763388312942432,0.7821752398938018,2.8645441654251185,0.00447812352776783,0.02333523016533179,0.17072260581812682,0.22339091562150237,0.28202223513328795,0.722110515769651,0.4492088627321952,3.0075328184121815,0.036142500936262034,0.4602192969815072,0.13277021388452226,0.24973690356904754,0.7020180598903925,0.2937145289056611,1.823067903162965,0.017163198415999892,0.5702461686522495,1.5133793380290657,0.0060559958786761126,0.000858525028373136,0.37911948549112484,0.010845964084218895,0.13285320930436362,0.13389493866936575,0.5757560278630784,1.2271558623237184,0.030497519571308807,0.14737138448434717,0.6860995533664038,0.0009517982917596202,0.8295762072189539,2.133313216167097,0.1773680231837369,0.04948703965340595,1.2312156930849179,1.229759973595927,0.014564180658738962,0.08254333060718111,0.2306716099187065,0.9457556318700533,0.3063907476265211,0.0032733770833690556,0.024977799399689193,0.517505783812056,2.0700399870516404,0.023385799881052938,0.05809899126108198,0.15450842915163945,1.313043868886587,4.7692305620913515,0.01045197071315851,0.003343581381008237,2.728839303488487,0.0017198535434460593,0.08694033042914795,0.13147512908855963,0.08897586384465817,0.017756542849425738,0.7599897317832366,0.7232130689005462,0.3604288670441207,0.08980024949454912,1.9490545140715023,0.6015149637527952,0.3716662522429699,0.2195467425917973,0.04846562570568913,1.5256325688588293,0.4002829561289187,1.002423573096257,1.1585975318502215,0.12970595590103917,0.6158926740755308,0.1019836774995006,0.04086244829240249,0.596887038019275,0.043571739882776406,0.344873534556852,0.11332951211414743,1.6830571018185991,0.05314614567427889,1.3063953970665914,0.03110522104847513,0.10461351639080463,0.60865528070074,0.5911488529121299,0.473290539063703,0.1766553185256753,0.07349962975292557,0.7023154506470257,0.05058499312367504,0.061824291998644476,0.016311170273923592,0.5379081056728418,2.223206433970985,0.2542704005113756,0.35863727958424774,0.3837357338079884,1.404874726814712,0.1795914803371952,1.122780141695654,2.1751092541044263,0.15391431352214258,0.5830129684901939,0.2390797962301081,2.047438816932958,0.3572086147105864,0.00813548055651614,0.6019637989790856,0.6556807923116019,1.7689629901004313,0.17344420111689796,0.24250080428344045,0.08425115253833892,0.23130582685885825,0.08890206652222776,0.05082679068789209,0.17768890980030494,0.15243272501315874,0.032774726159844336,0.27174004827248444,0.012792576459213445,0.20247107016850507,0.3388102055191059,0.04071253266479036,0.043091116570911914,0.25659176112176973,1.1693083201589727,0.2744857694314884,0.01808315135314642,0.0037374454954298697,0.7387060643529679,0.2680068306629103,0.2506910756737981,0.29573236915342616,0.19408933189452748,0.015075406637223954,0.45739552556699964,0.5539486132788775,0.07219221682743227,0.1389815756162941,0.03115738567962789,1.3632909128036652,1.5990507487870835,0.11187018479114219,1.0640599427127921,0.14070014268495257,0.3716832525955396,0.6817740663689166,0.09370788354492587,1.0532081367206776,0.8574373225908445,0.051964199773896214,0.0046121682553473264,0.20008649563705183,0.298455628956551,0.9402068960095585,0.3350735807734492,0.8597597470610336,0.13844139012284634,0.15232945053412994,0.9423075784867443,0.021949966972837354,0.587300321046528,0.0444944552111321,0.6075932402422279,1.0386053212253354,0.49044552529766183,0.005931455268402885,0.18842216993078542,0.2958001820076015,0.10154856111120311,0.005381749432992966,0.6716041574790315,0.17852208730231545,0.31676391516816604,0.5730977958404633,0.22658496999187205,0.05296078984342967,0.05582790701561113,0.03949306054236962,0.020493734278428932,1.6582264543397094,0.018478880765950167,0.02035488321891457,0.011912365989782958,0.05448583576011656,0.8898753364343153,0.15241867981837437,0.6886660093177737,0.07510711595701858,0.24383075367376827,0.28278017333913774,0.9310163439624716,0.27386191097452406,0.078158380235124,0.7197613029216695,0.3396844277422676,0.03498652418190906,0.7796597063634791,0.1718970907998465,1.1556493098991352,1.2186925292444388,0.07299298767969242,0.1729325165999845,0.09794819778115116,0.3680104915294582,1.1778031919777194,0.19762536726483693,0.46447327110395675,1.169859530669545,0.3843065961783464,0.24259405635223596,0.4557778259630152,0.39981569230210723,0.06406244687919904,0.02998800297080506,1.4883296438852096,4.279363564717479,0.003288105651656603,0.23565784494800435,0.51026074913667,1.4710251305923274,0.20458886469976156,0.14639870666742505,0.8995547501643971,0.28424437373969724,0.2191314302275882,0.6944343334441804,0.24504856122142316,0.029038025280298974,1.7933882650232937,0.8188525709079156,0.026218367049990587,0.055373861676082436,0.07142584816175068,1.5020243763511494,0.4679420133440948,0.37792799419769413,0.07968510556658925,1.1158078849356374,0.025753137950378813,0.3930505370885885,0.8762105135818576,0.2713366095472949,0.23726270519119236,0.09423236619089292,0.06412880876040739,1.0732240576150707,0.3393240637359825,0.2720332491502149,0.7825709560201932,0.6267516778705052,0.34760724495527673,1.9083062504000048,0.2993136600416959,0.06528423046010895,0.03337462565298355,0.46444371469037393,0.4130027837293335,0.11723536116370803,0.032119800214383765,0.5242382767235125,0.0970021931473315,0.25952201378248674,0.09337019573647226,1.0610619179595597,2.698475383621961,0.1002542072634609,0.6118275538855492,0.004409992206861113,1.257746143245515,0.11238472269538913,0.234270184342648,0.330035758818906,0.02485172687776216,1.0805631940835112,0.07427709510101632,0.07914557278705692,1.3824474393652695,0.0015529154455140581,0.003411681235944597,0.28004484632055204,0.008344003789179821,2.9454043478149314,0.4227125905384259,0.32364162803583185,0.014727166683569992,3.5191674039776917,0.49099256756327675,0.3552126751074649,0.15134147861800917,0.15290207847767867,0.019450618032825773,0.07730935370310663,0.03661839166946562,0.07897674593358528,0.005575103190656794,0.009870471532071212,0.994644466452923,1.1081212458891512,0.07638057393524977,0.17337331685959523,0.18512605040078872,1.1898857878587008,0.07112072386869372,2.6831712313458618,0.1638831475560334,0.6809629762799904,0.3741674028488994,0.5176732648896498,1.4524080825956869,0.35440348300144997,0.2694824642170033,1.2669378749872195,0.04738022432663813,0.1059929755751961,0.28025827143147153,0.16500905046795622,0.9848583427756434,0.022726217538823534,0.1716943979602888,0.6690728042738303,0.25392061858175385,1.0040071201237444,0.015711626723329486,0.0030554025933834383,1.0596453240019847,0.19558037424741048,0.2651706784035657,0.21439373332863298,0.017007532597675956,2.265113595561129,1.999561210611593,0.0913089101025012,0.08183192345746822,1.350992022449352,0.5285318925144529,1.1997993011581478,0.21864916274055057,0.15053414159095263,0.06329042919137262,0.7637784350257011,1.2761066878612293,0.21417948305746592,0.19638123403840402,0.1950463805508731,0.29373437552310344,1.1894740184583612,0.17580172886686207,0.08376759604743622,0.017471227939363232,0.11383749701760874,1.5556636689989634,0.6880323270926356,0.08862932414660984,0.041356018445343645,0.4121767700290946,0.3503175475185425,0.053156559296117095,0.05652157637992372,0.07936611758893775,0.04615364080843887,0.6137996854314618,0.017112111711662825,0.35888026009060003,1.053686696422174,0.613857737078668,0.014937710698368745,0.235532193955318,0.01889248182402048,0.006927235611136173,0.12561046500198203,0.2596166847221293,0.8936660537556871,0.6648699607779274,0.17215834099907767,0.6831951690044376,0.03719791397577987,0.2318482741404575,0.06315595447272954,0.06616107639829671,0.6107296114612772,0.03562695987035558,0.13187127989097497,0.094365679646645,0.3014543719324472,0.1399786599586324,0.046265393327029836,0.37285076391459104,0.18577688552886196,0.8584673922097312,0.5014069011494885,0.34829587354518343,0.7138075090497855,0.13179376344367078,0.704273320581708,0.07365971215699885,0.5795562500380887,0.022122899328578693,0.004170450093124889,0.1999833400655362,0.2557354627011794,0.6769245706863107,0.05905617538566288,0.5887439860900089,0.08177259175026808,0.1692854799411574,0.13432133513669875,0.1971431493699618,0.5658437976598227,0.4816234186075732,0.009332176839043305,2.252575858206791,1.203086644430489,0.050569174203758505,0.001110331099334838,0.1298356657173627,0.26075007749149437,0.21291660025064996,0.08978323773843022,0.43407120727676063,0.9340623923463933,2.264624516113116,0.3102054369583588,0.33045179373975836,4.916620211264314,0.044137782877475384,0.07659068741486919,0.28605703865575005,1.1381319378686432,2.4102210169785345,0.040224537814335104,0.05251790081475227,0.33136123542746865,0.18401168163216008,0.2836771072128359,0.027849737075794412,0.5579707424130737,0.03761007905251845,0.11213376394206842,0.366727544495978,0.3919907472821118,0.6617891054241377,0.4603240164210663,0.2831929469970915,0.0096830711770296,1.3539819985953394,0.08398238136395644,0.6247161160004624,0.10723428133827428,0.16272860994508975,0.49895087462863985,0.03321390295235771,0.1752941407041524,0.22967620854024579,0.8798981779399571,0.5473668086966339,0.003359231068781776,4.056145428668466,0.7995084875168443,0.1008948233980238,0.24437165019147034,0.0524775329819418,1.4911706063279397,0.04469042260507494,0.04426013508249815,1.8451908196662186,0.9162524257531814,0.04910781350149751,0.02554126933491177,0.09380898705796581,0.30660987235760784,0.0017531299826272218,0.6356651218487408,0.7225764218742214,0.12656157397692114,1.0804461751261463,0.2719881139459154,1.5412463134216672,0.49148603307050076,0.3269948050082445,0.12895461799866165,0.7225986824434272,0.149243528852529,0.31257035283631107,0.2346205479999286,0.17324132024486366,0.600000260479977,0.05810207153389513,0.8045421680519438,0.4591766633505854,0.9638561468922419,0.23903934235909463,2.4328793411244307,0.11916350100898365,0.8160474594406368,0.9721035758799804,1.5039571624029247,0.1557623796606188,0.023409118952795183,0.2554704857081397,1.0447936219302958,0.055396544873418385,1.8878032802400664,0.15790022792524339,0.9304636975377116,0.006648799968819896,0.39116263494971637,0.2639415064467928,0.11391656115800478,0.20641103970865787,0.06322073366533854,0.13618013770831983,0.06278120346741622,0.2001571318565083,0.002123467820707492,0.23928046199873668,0.09984772194163494,0.0665487430287992,0.18003006159474388,0.9178747020826156,0.2810531429762453,0.3569556186900727,0.5374247685231154,0.3494899181687622,0.4395443050469412,0.07597706821311578,0.7665316516162711,1.851941887248969,0.23355826381073463,0.6665691313717883,0.44730099388135214,0.01583194680182276,0.37198246972138005,2.776906340556878,0.32816474318227185,0.17519079761622036,0.9077156697972637,0.19024663975153866,0.06060617190404205,1.23679311549499,0.07524067711995264,0.09821690193443189,0.30596733812675336,0.5102548407751204,0.06986584195887002,0.14855011303282728,0.2395999645972311,0.6233552806493026,2.8225866627627214,0.3887488664430077,1.2341825679762057,0.31440648054903053,0.09257812323384496,0.5221039081562899,0.06704003906204557,0.10137272597484337,0.09177696476192107,0.17437498587375788,0.15992734336922543,0.0643248607315588,1.1238240866486522,0.37219494160048994,0.6887908363072806,0.3507928014239978,0.05542696867963241,7.350496817448704e-05,0.6265190132713929,0.02715899041741826,0.027412463641520626,0.02576216538272691,1.0298806029505818,0.02706610163789147,0.30984161692377077,1.7266884641188438,0.2068659042222205,3.098445747094818,1.9362747467012449,0.03739551591457324,0.05204002975471633,0.011516958258969923,0.2736610712368381,0.054637939391550816,0.3580937291478211,0.934638431293553,0.01324676228378549,0.16585013920402147,0.7124390856746983,0.10202774736088294,0.30526437011863095,0.3406004990205257,0.3539654998294438,0.19810427798478925,0.026106928321958045,0.25044637906701084,1.2719764977752956,0.019790178777534084,0.20236952090597587,1.0083815330493129,0.17051562844170376,0.23942113446707647,0.09294414066367196,3.489570172735706,0.014386130282145193,0.9454701294566925,1.4533816152536634,0.12339956001973573,0.49497121854343373,0.2684411800384614,0.02645159051643553,0.05993608815037832,0.9986292692998187,0.014025809256611677,0.003127091817657135,1.761907339789021,0.3136016629972773,0.5751191041396242,0.629874109748922,0.1905432241810101,1.6876050891900403,0.04765069028757174,0.20146655656851453,0.2258708041162592,0.4616371455330047,1.631372844708105,0.41760057250552673,0.3339098185366175,0.8734264043835942,0.11927146469876604,0.3968865498303423,0.9374802064251806,0.17653254293951468,0.004496288797927628,0.11286912910895253,0.9753316277204833,0.017714273880136022,0.600529031483237,0.5761808223816932,0.027542860390627116,0.0024618384046726782,0.02773283020476569,0.31624042508482564,0.5399772442677697,0.010436648310100827,0.058919137228449214,0.10105663105166729,0.1505650577879254,4.5347208333632,0.10393515502529821,0.4764861491186856,0.15544912376949716,0.24134839617558868,0.10133541348763828,0.045745588987054386,0.20318369051613883,2.3542587463416473,0.07272450228101623,0.1437446081047552,0.17845696332302846,0.2921859469533211,1.508757245156722,0.3920283704018348,0.11372139012181859,0.24622404919489915,0.003343312315171154,0.13778579981806316,0.1309673752564633,0.09960769179992446,0.10445927846939546,1.8331140605894567,0.1789582764078046,0.1867880305810815,0.05399059425545405,0.0665133628199821,0.08947575732931518,2.056815407958152,0.007059725891819246,0.019188043460648424,0.5439873131469881,2.1483030561703633,0.162469542302199,0.9474857668291178,0.08816076114596871,0.1584390872003852,1.160322061773762,0.044909211776308244,0.862225857514531,0.01462097015182251,0.45573534076492794,0.12415988077185824,0.008609181461371684,1.6112784593294283,0.04438595148342628,3.6938587822284092,1.8659596920105077,0.023618447811280197,0.029245036852916795,1.050487618200664,0.18026463642333063,0.2028008590717649,0.01822427200400592,1.4984101773061314,0.1300057907184169,0.719366326932493,0.4095145017092888,0.050950783655998255,0.0055872458040886475,0.10926721373040493,0.3170267930595103,0.17218040135937573,0.12640388386417745,0.6672578898690126,0.6125740018110678,1.2048385710097185,0.007267369896969855,0.24556521299453982,0.028738780588182467,0.03981624446322418,0.6172352867005915,0.06340632701737436,0.405827607870727,0.1371655202912756,0.538511820632329,1.0136811874226739,0.2145018612543389,0.10736674962934423,0.3726384273401673,1.621925366133628,1.2726186289666428,0.039839463557476806,0.15255203091602,0.0006017756936439467,0.4751994117529247,0.07761965301607182,1.205844880034941,2.074458817318992,0.0010315961481922042,0.10299673566878269,1.5103659072257893,0.5281883831358273,0.2826303657608954,0.013186662973742797,1.6956149834997527,0.7200027426046427,0.23670042722026574,0.7984539423509083,0.012881014948561864,0.20626135434059312,0.17405433130500547,0.6857720118674837,0.016403837730490423,0.0273171988526672,0.1934016899955613,3.6288100815171136,0.5095474411163274,0.6722013787611827,0.07236850816325979,0.40094983405468676,0.17564132894797302,0.34191064315413056,0.3601089129968533,1.6970188946598697,0.171618023669459,0.2181178062484943,0.5331626012447304,0.37669068815585083,0.6679298115506451,0.5752451763525952,1.651204734980686,0.13392032730202463,0.15959797450255353,0.24698526542643418,0.049473637352733996,1.7674889404507341,0.11090117203121269,2.095845463593082,0.7563016374471406,0.876092768217828,0.1486110520230559,0.06241705432754979,0.1688201518244954,2.9877331405830523,0.25080771817545683,0.7586484843331855,0.9391853156045273,0.275068977018194,0.061248104906578504,0.5799449125379719,2.796024286586959,0.3988240040424885,0.3491502202571616,0.3091860925462881,0.04831426188845511,1.9194736532485441,0.5759135245314271,0.04041936315057526,0.38062674085261194,0.3923809370556227,0.09147652234666537,0.26811651626234,0.00037867389090034953,0.06262786228565742,1.688332643844559,0.10640423542543764,0.05469396581042568,0.2708378824204116,0.20835729428779415,0.004861376905116344,0.4005528652417693,0.17625094940467756,0.014602867569400713,0.010878238616300773,0.072341407769277,0.3331832174736795,0.05801430897640336,0.3785912123063606,0.15681299030282414,0.2093680282561119,0.9726726943287276,0.3840281232169953,0.6258858010658928,1.574048874255396,0.17680670628609663,0.505806804813623,0.9479047892636079,1.8200180635776557,0.24823984163919854,0.6966410419194562,0.6162521377766887,0.21604995036492386,0.20192620613404277,0.2516642672062278,0.3277982557597037,0.5024680139543194,1.9811648847668788,0.5465987119881311,0.0890048004145032,0.5870978849339998,0.09407664660066295,0.05885660248154778,0.4683600104896163,0.002248846683985395,0.040929420315013065,2.726325923099793,0.37464061952219585,0.022008383504218503,0.5860231605201438,0.24457201805008566,0.005722946399682571,0.07652536818768008,0.5761827482302113,0.1994680648981545,0.18683221680023276,1.7473997034409732,0.03043973651222276,0.01757522249226051,1.3051917537812046,0.014457243627385263,0.15329110219871078,0.023729804333848636,1.6279680465404331,0.14635463839111384,0.15198445560271512,0.6201587331493441,2.0214337096559154,0.2792337081788153,1.4508090652468413,0.45801481284633105,1.4596297737482635,0.023774813368974357,1.48467453775186,0.3161578037257843,0.7363466718701079,0.06669198879222749,0.11521284066315574,0.24779568013221076,0.13054729614584093,0.374596557995136,0.06108727650958795,0.034997282295679,0.5062741179981388,0.04153317165593928,0.24492970636456446,0.02491656205215098,1.3559015751556784,2.3632645892553352,0.3389878378955863,0.5110000362414377,0.2624178518942489,0.08920080807789255,1.3784011474207563,0.027363865839397428,0.3802487721225517,1.2573581759640233,0.027790833481023847,0.5291102910252158,2.0412964249779684,0.12713182326402517,1.1282585666835658,0.02051118821872089,0.0516105919732146,0.08694292295196915,1.0320032961109264,1.8271548859886833,0.00156066811901856,0.18778597654122653,0.03307776901370252,0.05097889436413172,0.31618893758150457,1.7973649425982012,1.4310817746265725,0.7978354990002773,0.009182975019176975,0.04047544055098884,0.12957459862485105,0.7873406750638057,0.4832030590574694,0.06193698153667837,0.01675020516578707,0.22896450083163333,0.029230567584289213,0.7218256707826216,0.15767177501488855,1.2198633945611954,0.0886310212353274,0.6735026599765863,0.0072116520770858505,1.1506716160376784,0.07216208216616016,0.18302450053209757,0.13540513182837977,0.055977435283300014,1.172632418413669,0.002762919094392746,1.5229935672859292,0.6663677106413658,0.7088083163888962,0.10337154018329164,0.21775316107856457,0.17417591154056744,0.6113050593623699,2.540932522479678,0.9221875224214813,0.49755780112057313,0.02237431980584126,0.48506240481541174,0.24166915312792203,0.021687874305834548,0.455236605958532,0.07428181457166527,0.4430254313385176,1.0745349911524318,0.20778192337700807,0.16436467839743374,0.4804868340900071,0.02077424028244823,0.20708351385183854,1.286322800813072,0.14589165045393448,0.11856638778252782,1.050284736341992,0.04055497151958942,0.4290014430772602,0.03483255370939964,0.04949496978565862,1.1469120313597694,2.1170600363340695,0.9651859058786625,2.4238394109546286,0.04408590676779339,0.045861686894941966,0.4965379102380085,0.4214620684254854,0.1389942984628113,0.4010642536186551,2.07843548273069,1.6236370659327901,0.04995641951483343,0.4246907658175294,1.4844780023400759,0.25535179638155114,0.32554046730105307,0.03479444164868556,3.919639180123834,0.0245909986262266,0.14736238179379546,0.11474028707742812,1.0510154744418312,0.5658656662247463,0.06078991378036433,0.14360816134387877,1.2265517204906722,0.0528209646764255,1.430994538464416,0.015349945084566274,0.2251046081568724,0.13268006914595842,0.0633839461063117,0.11382341213487868,1.3210807064918946,1.636162655821063,0.24472316526721694,0.021512612794938546,0.019457122203470012,0.0016692012118612043,0.6690816646308128,0.22819481482944293,0.1928220599051006,0.2411470394014612,0.3580666982314503,0.7735066697089181,1.0454970121998577,0.5465749472799891,0.33044381382651744,3.007486786980427,0.00896154332795196,1.8593536209586643,0.5380318383163152,0.27314140770927176,0.6175337444191157,0.05720633618194221,0.021761119917007576,0.05602577598123615,0.005876197443627662,0.02725228331415963,0.2660445998300014,0.09447753948983922,0.5753683849749875,0.1613669965449499,1.83496540556605,0.1766502115415291,0.2695742714135168,0.1072702786877533,1.9882824793179354,0.34795862195367055,0.22583707203640602,0.021082760243819887,0.1393962288228774,0.832948482833495,1.3447365436698155,0.12141537431188487,0.1886936404910624,0.2401925822169464,0.14643571388400445,0.039363590489698175,1.5060240658648048,2.1292524927002483,1.482685760686165,0.7734434163232526,0.1772756982761925,0.461109716339982,0.4846561690792243,0.9890725693714619,0.026261320724194404,0.03895469190201395,0.6109929707225213,0.1707685623350279,1.6836751996658406,0.1685572159283909,0.6735196917121172,0.5001111923294854,0.2633891970927156,0.13503789570342128,0.2994005525383333,0.15856734382985843,0.42879957697138105,0.48389531920397644,0.5090393731558209,0.05489941426709827,0.2633971348868532,2.39501011611044,0.12947256915829003,0.2823435015968216,0.7230696427350444,0.23635658999002362,0.07365143922883854,0.01092064637716006,0.027067903739653787,0.2904024487461756,0.06586761748154596,0.22434623253650385,0.04622073053403625,0.010107972465089515,1.5044430944107294,0.0994180280535144,0.17634153274007547,0.43072533428454296,0.04054780239092737,0.007856566924282604,0.8136169427357152,0.45822396060467596,0.21668483647896974,0.19210432435646307,0.14483367524598878,0.0626485274899582,1.4632384886245677,0.35712958334852785,0.48868744339609493,0.5992893436418412,0.04113152877886339,0.3746964723302517,0.052661235257590366,1.181530838104543,0.11786543796987481,0.4850527634679361,2.283231814325619,0.15363182343875792,0.48575440479353504,0.12002188314506668,0.04260980499036382,0.18301312266502134,0.5832517084904916,0.8986085059068344,0.2529426111584706,0.11556083231483949,0.08752147194182103,0.09158417070347824,0.05083308713621995,0.23562594849496243,0.10901641380596339,0.4854675043789191,0.020620841602194684,0.16389243757520683,0.04978113930764505,3.0032977893010777,0.8114190599368449,0.2600708430646033,0.09455450642653274,0.284499475124551,0.034255907281810466,1.83467710855386,0.6092293912251648,0.15596994234686046,0.045231537951841594,0.3615303193182964,1.9229421061443088,0.5660056748075443,0.546941109153897,0.45028783017324486,2.692158524664541,0.09144779141562043,0.22439341981771022,0.06812946731111924,1.508459263447977,0.030094990066089178,0.023887252862292208,0.4956627417917847,0.3710969102551208,1.144232940491505,0.16085762433350698,0.11265513542194017,0.026490994337381335,0.461879711493849,1.2803294166280814,1.3350505893505735,0.335561073659303,0.030351236709049267,0.4503934168431535,1.2847379608922684,0.827928086939015,2.314101457328217,0.30352891185313247,0.03413310032705108,0.8947611605291608,0.1635555488784458,0.2527920871689343,0.00631683769872915,2.1637080991676516,1.7672658462321298,0.14122526347517045,1.4208334648737013,0.12350874724944505,0.5078320179638098,1.6451950554349577,0.20467824140331584,0.953861530952917,1.3962049658419422,0.18596031488841214,0.40211877426971765,0.8571217521802728,0.046100181933601325,2.5942822770063505,0.7620961014813532,0.22558370418916762,2.887964563568511,0.7973618501369122,1.8743832997106944,0.4334187336783639,0.8950437867175213,0.489445704274597,0.5392095185473624,0.07424484397312503,0.18765123096280534,0.0011856204561420114,0.808819306996375,0.777090858263495,0.07303811182014464,0.33467591983539124,3.2305151317169045,0.39305075967420233,2.047600307362635,0.01336058651339822,0.8642761682401876,0.7318181128534138,1.5191616345940775,0.7709418163207136,0.1334628310514846,0.11796894361461618,0.28868847994643226,0.17492639078153172,1.0632035263925395,0.052999231641824296,0.471565439312032,0.8862447919423209,0.09514716764591202,0.06430438554644236,0.42723095366005975,0.8042483909288347,0.12002917654816292,0.16802748205885504,0.04850566113757493,1.0021983437462185,0.00706445135172773,0.3164476026541144,1.770977684683138,0.44016176764728565,0.00693788428166886,0.8509906775119651,1.3719187614281692,0.03562564087851261,0.24433230950288687,0.009106044508881084,0.17312619426138076,0.14390506865696978,0.7889423573565808,0.0520180327646127,0.11106192676016469,0.6168402654385375,0.10071741918832922,0.4327199037213949,0.4492899350805701,0.035888030731389686,0.2875589704275574,0.06496248086049383,0.07843915396717321,0.30641346119079654,0.08771160587488047,0.01937518594547627,0.42363371901746927,0.15577186584266156,0.2811244524736529,0.17307497027914054,0.832274237450481,0.04508914667937314,0.15559500404772453,2.5717396080420767,0.13996310454067606,0.09715068970693763,0.1766823955957053,0.6096593015056719,0.0006039968315474376,0.47113088185150864,0.9776601699483852,0.497468936189577,0.10042225014265127,2.1336468594777243,0.2600287150053151,0.34272041248666774,0.7597323164291347,2.2597269731813245,0.36419499274179357,0.4509576104707538,0.5269013289494126,1.1932791589851517,0.14355987491620817,0.08759164805970421,2.146731857856571,0.09358337983524034,0.01933647290672791,0.4050542993034949,0.12982591237053587,0.17704614085871717,1.3610355893886132,0.4375052934774773,1.6678991789609734,1.7420977038214709,0.27217883210018684,0.9477088984913817,0.8541419674921442,0.4081501133319513,0.034589243076290466,0.030244594344292608,0.11951784082172018,0.5093642895523058,0.023023006363085963,0.20460966633480981,0.09738080035795704,0.5960001028562931,0.10317785043363226,0.03369309734357184,0.4568920677578361,1.3296809690243583,0.09890671560618092,0.04156584589258938,0.0935946534041201,0.8660827795831072,0.0022776850538664406,0.31523079742949023,0.0022126560215250946,0.001788344575172407,0.08196600413078903,0.11516059154106012,0.30013414208401157,0.13459084722110892,0.3763764743725685,0.2610703718291033,1.343590499285399,1.1167817949657617,0.08696996690518083,0.17912788542758296,0.7184731197710691,0.2571069711947562,0.020309097000137333,0.11107340724287562,1.57815620598463,0.661951452247678,0.0972856308425416,0.013290538181938594,1.2615264099156436,0.5447325195576731,0.37266259321638917,0.17230939754714136,0.21028196973546104,0.01561570249241262,0.09343675048049072,1.351253840144145,0.11475835174570648,0.34314284131381223,0.40140526960557643,0.26088652288744374,0.0019561572860227194,0.6899908830792979,0.20858293950834011,0.8171553136511553,0.5890341047242234,0.11122448933029505,0.21021590478912333,0.25015127876123255,0.42943411385039665,1.6904949926752004,0.5292907250998293,0.31035204331904565,0.28754089331774263,0.10850515295047924,0.22729328251863445,0.04026997460664439,0.950592473489087,0.36122956680069984,0.8473727855098596,0.015430347585021154,3.322368546897664,0.10702103101023253,0.03995809199051942,1.157534793343853,0.12098615513755062,0.030577697420618666,0.4023202276203992,0.013070019495294294,2.2376553195373114,0.22974429183883682,0.06447925659689951,0.5115942185558078,2.0052243753608567,0.034435142215335834,0.5663916216902676,0.15332793683371615,0.6483384781086035,3.7789322733158097,0.14608188026190522,0.029087401839364146,0.6722556266808637,0.010207871746877428,3.44004216613924,0.515760208555429,1.3290698274945592,0.1983234688730382,0.15090780841483675,0.16759450467771253,0.5187497837848518,0.7382486699788292,0.09023108193703222,0.006605036699103728,0.10430342211871763,0.11204075763733193,0.1293439721170211,0.7606000197041071,0.018219528502073562,0.22896948230715486,0.1105627627518374,0.14374344273716666,1.3562004184190317,0.488686948333388,0.4887211004822477,1.3704891943438806,0.7568904636230682,2.55971937627949,1.0014568035320235,0.21372048885172906,0.09082945253863034,0.09778030184990505,0.2079266916684026,1.1502436491206398,0.05268872715167405,0.21368725120566356,0.26573527253984597,0.12175671320684467,0.7403930915463692,0.18846429335999915,0.00577259464271393,0.08306881010525324,0.9867748869342463,0.017831284744976195,0.8045573824132531,0.06452258580977333,0.1683465075709632,0.17971257950049546,0.5219927438815545,0.1748857268780426,2.004251491088521,0.612069211727164,0.8879839952048451,0.007033228600307445,0.5173886882740678,0.1694008111754728,1.298926362355365,0.5770195344963948,0.49973715131653695,0.10276642396806648,1.2171501576026793,0.10298793650889204,0.0027219336460430066,0.07581908980246688,0.3881674574044033,0.34545790360034,0.11910517464984527,0.1709645436218945,0.2874774233818691,0.18793473261031346,0.08168692846241388,0.17274918868662423,0.017290602069648053,0.1571654528629114,0.8803404584842804,0.599648393565511,0.6802781572538,0.9591018273967256,0.5150799341197875,0.043238205196378,1.3665897260934121,0.30559987023563395,2.030921363686182,0.01793648564986894,0.08829539830614208,1.1162472154827718,0.2197175572511324,0.7985110363977217,1.0601762887692256,3.4755027338446753,0.01898201269560229,0.6234894179941083,1.971755754426039,1.5253511927822276,0.024562354564635264,0.26325871891016206,0.34450416831069824,0.06824384559836072,0.1785528158897448,0.16521344216952305,0.00635409471983267,1.5339589570638075,0.2446280377997901,1.350335768056236,1.0292591351130915,0.14888525282988174,0.22435529265036436,2.946253439236977,0.07904653071484374,0.4488278838690456,0.6583470178321715,2.2061452971378888,0.033825231863418126,0.4430559426234393,0.06219247801619732,0.05037798570651575,1.4040630813195727,4.075483301886097,0.2789511691734874,0.8507699030728223,3.012354025429066,0.06786851770137464,0.6105352279047679,1.3283243716524697,0.3871369100552987,0.41657837035611145,0.4276319517468371,0.2746282638681425,0.3057988250006105,0.2712412220631768,0.255305062605249,0.8162322024758373,1.3756617958605624,0.03718488315430951,0.16886017176007262,0.026160982507539288,0.18817668254906927,0.044187645432413825,1.319658217245338,1.1714832760478933,0.18819654106954442,1.7913853278703917,0.08007558182347402,0.31342989863141946,0.017167528769461038,0.03621178326955432,0.09333590081037613,1.484205627591606,0.6634947216494835,3.1345381267507744,0.03437472539195641,0.12266389074511044,0.011546717793191219,0.914314367440387,0.34776918384612576,0.23327581294568622,0.17646901908173906,0.07765535034285365,0.09828380922643287,0.1599235881790504,0.06533201540051192,0.12984166689105825,0.22369876553042112,0.5212862887124335,0.3691920644710125,0.14483185994405884,1.070966642650999,0.13351672969668105,0.5744155215255157,0.15435160193299557,0.022172359372975348,1.8027216112004403,0.29011647877829927,0.04465398989993241,0.7836815791135663,0.08738334767962413,0.346054166052284,0.1587537684025473,0.12155056089179739,0.586147327603187,0.5025747923807757,0.27649718048234107,0.047261312105131015,0.045145676317806416,0.14952368624926482,0.08689446959899083,0.7169842443494785,0.4555630339762291,0.08450244427693965,0.20606353241457742,0.4823089097924046,2.148057726377874,0.18186742464933525,0.35784673155939606,0.04307625439653881,0.04488543016886265,0.1244193804650674,0.28564213024243723,0.6423438676441073,0.6159349750053591,0.10739150430819805,2.1169305048805582,0.021235563781167976,1.2369459720219396,0.12407824474084611,0.024179740025912777,0.15122723594375098,0.3182030721032615,2.6767204731178826,1.5137458114745683,1.12250028342525,0.13932228066972951,0.16663970086731628,0.050144173835401595,0.5569450083813408,0.5115637385867244,0.34467901325402384,0.36677032207447513,0.06273252783024608,0.1926671276420292,0.1467397409925204,0.5496085716506923,0.01030322347741952,2.034216236935503,0.29211768388397075,0.14825303000894108,1.5510067965884997,0.06761160959819856,0.9112846527034424,0.39771739234943937,2.199562407093038,1.7870873598857087,2.2797601671095817,0.08550026674978026,0.07200423377727738,0.45340825181232103,0.04071407154999376,0.6859303161960544,0.6194297904428894,0.004792327976428479,1.2740954662899788,0.47904687637387616,0.38126257947546416,0.09160443055249784,1.8328468264892042,0.8954936109712777,0.029075075010945195,0.08026123999826584,1.0233294161718205,0.7439753374406897,0.273721049075307,0.4608740286157012,0.34824509302625717,0.4222184528967637,0.6053948340245159,1.1647023951648428,0.0033164462265357075,0.3305633062172907,0.21822426482950186,1.506648638161695,1.2390545631279601,1.3240949801274307,0.11286287556748609,1.6105409485746323,0.08072906978352123,0.11293382991503553,0.9246044925470579,0.7652969785717254,0.981509487538557,0.1286811273004419,0.4918276073412532,0.02316698580341503,0.017879945021489263,0.9990645364172664,0.005237853377004387,0.2791233970425495,0.0750758158241232,0.8181991149726064,0.27090869874540924,0.9465074536513708,0.43745372885019773,0.3099773782655385,0.024471021179974295,0.00315478150436288,0.8263861410991501,0.49050611674144556,0.4828637404251235,0.8612596437824187,0.32851486448733513,0.11520258263021965,0.021249234067572842,0.3557017259409959,0.08708752792122465,0.5322889372832902,0.0015965726902572586,0.18237029711303476,0.00040492021348392804,0.663304732036041,1.297219943924117,0.10397240707727406,0.688854407205665,0.0509900147721174,1.5857654760551236,0.0639884050640756,0.10358531504023127,0.07113495627820465,0.0601452502270754,0.49538913451444794,0.034019573457193975,0.041501212727828474,0.24555822463934462,0.17951983262626325,1.8578749285680476,0.3242827621279686,0.09018276169184836,0.0462697864185575,0.10284649013481356,0.3172109891989765,3.1257502791105525,1.2582560068683364,0.15113599771864017,1.3662552279193347,0.8163919752150097,0.11389761733749548,1.937735255888926,0.8769804180159176,0.3204084530059601,0.002722224402363471,0.3199764024283379,0.1001933210963224,0.008807888261831043,0.33794247219217954,1.3849621295435273,2.63855740931228,0.3864177805697013,0.09367728416132753,0.7763842643921011,0.17168015006944726,0.904754318068453,0.038775525565784674,0.36863819422952826,0.03468326997900928,0.7282437034810575,0.03875802706191034,0.8415576869594181,0.538264528890048,0.002135921542929964,0.031219002595083284,0.7750389396984063,0.19420100660834858,0.0802426548106483,0.05441508879834056,0.3811645667152705,0.2866658883176146,0.06657100213298561,0.8037571042204043,0.5946105740476968,0.054888469252719285,0.0658199916227955,0.12746224788749494,3.471819394206334,0.3570306677461401,2.332253542888026,0.1261124729758894,1.661424707093079,1.870537151722989,0.07404427419923088,0.4494767587859332,0.4413986828760559,0.29220785963251095,0.009478604651388944,1.1251303908386365,0.2446789387622681,0.41419809952795583,0.7145074765707746,0.25590517994626294,0.06796239594965459,0.3371184582309896,0.12839092622433856,0.0996723738539762,0.17912230475302693,0.3152854898161144,2.698238872520255,0.009892021434353748,0.029268999139666574,0.14051231604206782,0.7077478386615719,0.6155590224326075,0.371954938592558,2.4657094050572814,0.0005275670394426779,0.5469980891958768,0.268144029513138,2.079237292666581,0.011770902462766686,0.2138889811687743,0.46123284622332933,0.6319521060779483,1.3404793537508588,0.45107237654489374,0.002407042915299751,1.0711610341771596,0.9239554118394692,1.175191720165202,0.1788701912407092,0.5802938997229761,0.09340163242788546,0.40455230441665446,0.0477447307139659,1.1487539255358357,0.05921067495179655,0.023092557946539055,0.1307878458324117,0.04733133797213618,0.2564344418530189,1.9513244412798154,0.16148062894237714,0.04853605299722208,0.08863743082906811,0.025371224020139138,2.3175341782582457,0.30059893016775735,1.5481625445157872,0.10567579664371507,0.17143118203987595,1.6797055226474815,0.3905873206738759,0.76810861665726,0.03740751617284466,1.840705488113412,0.5074485704458986,0.5753206997606856,0.04515108291882719,0.013491812601389513,0.2663647816653939,1.4217885807290678,0.21381367241806393,0.1958519267568375,0.3421005269089209,1.4935484057908752,0.011620162095499653,0.6922697076446449,0.27730534852949806,0.6060066590866762,0.03726049952368771,2.2432726530573968,0.4499310201999906,0.03465235474916856,0.5880613114539521,1.1639053522239948,0.05372770560074536,0.14525166509718934,1.0607693637644668,0.4193645658142263,1.6080900752168796,0.12662401108355392,0.5240605159881468,0.0612611375354003,0.011566190087654693,0.1350795799977319,0.29268777048517847,0.16145944116927646,0.010085268205948683,0.2628545700982488,0.3873848913034725,0.3373827631028663,0.3395968648940113,0.4066374381280803,1.339308811040378,0.7465458850356574,0.021114902430404592,0.19997974199021362,1.0930915665870202,0.053096719112665,0.11097944185368669,0.9311321272795534,0.8782813171084998,0.15757920963700678,0.8079319709190957,0.04601798530351037,0.5187042510053109,0.9191642653970172,0.13418934928630333,0.5193139282871301,0.25059383926842504,2.187957798940831,0.8967891580321794,0.008143541506758556,0.19003245551571846,0.9705129308967141,0.03349950104829302,0.018241315053792673,0.23768408976198518,0.8543662088148525,0.16053252400669438,1.2239926584370537,0.31880557817785893,0.5776749000271664,0.46292385287090776,1.1042706155431963,0.09643089711702668,0.48216379466480463,0.3603098425172418,0.07882231522598016,0.011964871766610995,0.11374088616227596,0.3037993066885165,0.4478760087887932,0.6938210373537701,0.15435543346151626,3.9993043038278717,2.2617470135928883,0.00010663585567916023,1.6167070597793334,0.12506005188448865,0.6282762306383176,1.5172024293957058,0.6273109361458397,0.09271956712157947,0.09577895134211523,0.07706666580050203,0.06133857583869917,0.277528813721283,0.0249273793221777,1.422688541037283,0.2124100433472951,1.7388706734411599,2.096333477496878,0.06538207247422545,0.01481902037164945,0.01474604692222925,0.2517521211327626,1.9046526023623684,0.021779816553378017,0.17697486407288782,1.707719855816543,0.04672108771316896,0.07601313126224596,0.43657364831146717,1.38019466930644,1.1695951706781267,0.010864644097614673,0.20523424052160455,1.4636810472107737,0.02019250158507091,0.7131176952860425,0.7199069263187861,0.06468944077362226,0.22236589145805175,0.018902311578171238,0.07816215741884908,0.10931663122200252,0.09566528447845807,0.003413072958470126,0.7669485926493065,0.06586064859041563,0.034151253183705155,0.3547859728372821,0.00042581095484184317,0.42242080256265657,0.00047386207679056547,0.054407741358738715,0.1305054757238977,0.4357010610190659,0.2920945247457295,0.03496219324114769,0.11671177610580469,0.04691058103927748,0.36266385171879856,0.3399910342087688,0.011232863121405784,1.7116102505919961,0.08562160259101215,0.24076421485726807,2.1844257633337145,0.0824281628001644,1.3393092262631003,0.07478227330394827,0.029444173382370264,0.06638362212411719,0.5740855347663905,0.037620675120307256,0.9547846263587538,4.573572050397486,0.9142255861385895,0.5486758124085465,0.5856297823700785,1.2850336294015265,0.1358942443213289,1.872259779133478,2.072301269896883,0.9260304760931457,0.03432828849139713,1.027651822030233,0.2838821071523432,0.8761086090488996,0.04781835906055498,1.5659116068088113,0.2409152862934878,1.2698956771056797,1.5679765745028424,1.0685261136153346,0.3881014889692605,0.31747496963292,0.6013479504849214,0.38675750565254763,0.755191647343437,0.12332540879484633,1.4511323212763045,0.004349208870143784,0.4848936053389108,0.14932624850036313,0.32140454664706053,1.7642291622961919,0.47472266980349354,0.09408834238341623,0.20443426253710095,2.57041946879188,0.1672217586608531,0.15365420167021493,0.521475248260985,1.643383869813202,2.072964536364218,0.13286098498474613,0.4474296703319733,0.6724837572427342,2.9986819517286714,0.6400882483373211,0.11867866338381128,0.07900857298097264,0.02115708998543986,0.040904844751062486,1.1217311516622026,0.16085841034170378,0.09014529957651796,1.108203178351344,0.06665745762820974,0.3538321416506629,1.4409452870816457,0.6311978856679429,0.3187834934872231,0.5804299263865854,0.04985484377681637,1.4769785188922921,0.6495649104277783,0.577024711131332,0.4520992706845566,0.3619583869580958,0.40250729633649485,0.27230641138317324,1.3673393060831471,0.332797849133475,0.21303164887778347,0.041336523529530156,0.17350175921034106,0.016327471685673667,0.13179534592654163,0.14921028818309867,0.1538375567621274,0.17351908715014241,0.18912952656462345,0.921063464515987,0.35885325174984195,0.005788218759728514,0.19625235810321737,0.0028972887602035646,2.6932362172130624,0.031195072240405963,2.59595298983494,0.7647954659579757,0.004454673049673619,0.6546721754562067,0.15002790588180348,0.7174550682620224,0.5562547490348583,0.18053939227449084,0.5883067664241136,1.1423900868707955,1.370318865840595,0.6087216707062867,0.18331783119349376,0.11982427648680283,1.1785649185836617,0.05673731580357677,1.7732369346355774,0.37868527754422276,0.24092613948435487,0.33409204152604655,0.8465424939747527,1.2542063687781106,0.10115514783021576,2.336669494771452,0.1378151178425302,0.03734330958208679,0.4856398560760855,0.3321649415710859,0.4436967924758206,0.018533725360956294,0.16440213040736973,0.004822574929118972,5.438858832361426,0.7717209559014171,0.18335110261503862,0.038863284550019195,0.6031067344291627,0.5011383325072334,0.3342745260967346,0.48476587174871755,0.23352292423072651,0.08795459209353185,0.056470357051631836,0.008299251697772791,0.32691228185304777,0.33549478473367667,1.7168250268159326,0.005555967079925173,1.5385723912154614,0.11394268927426787,0.7966575946945056,0.16502021533946362,0.2851631891114217,0.8049707968272787,0.9703163739828103,1.7560009731510213,0.27690313297805,0.5765311927766832,0.03223056159222615,0.08293570238309955,0.49217444400357957,0.2237111358091347,0.11167607341330688,0.09645890102182297,0.0674527921662671,0.6650459990966155,0.34388350942204426,0.11691388032915712,0.281485307692979,0.37440251627161536,0.4865694322517483,0.26291229114486736,0.19048865378033075,0.5059114010590687,0.5356051128281849,0.6702095658791981,0.31031437144933616,0.2351232778667911,0.59475007141226,0.014419406867315798,0.9397744897436842,0.10618248925788226,0.25092550084667786,2.141488016858168,0.13076768296412333,0.42328986539492064,0.7949145492825211,0.01657163975843859,0.8315878659365883,0.7420810741152195,0.024962051318924816,2.713339635003556,0.42904923540602774,0.1686747503090638,0.16365391848786404,1.2085825101245256,0.23558289464465654,1.896530138723592,0.621663211791252,0.054098441202829584,0.17651178647011334,0.759464887035413,0.4991450844149846,0.0819502846214406,0.20169870909545473,0.9098336161839298,2.8079836907460862,0.10080563138749671,0.5435633236208899,1.1419421031796324,0.0960430278863772,0.09181980287527436,0.25639737199353974,2.3388987482208066,0.09626332847175945,0.7147397000246419,1.0901965339015787,0.021227796185549708,0.06463518409361099,0.31647030678094235,0.07496280584865367,1.4097004744397603,0.5440517921143375,0.06008175552370504,0.5209735768984974,0.9894499795841036,0.11380890596845966,0.07809857677029258,0.21945968459476717,1.5919120128388544,0.02555718180896105,0.15669942397533987,0.20175166204200434,0.020008805117580575,0.4296880471727673,0.05524549844274018,0.12099155780990561,0.17797596196214993,0.2169943923737292,0.24427466849593804,0.559430223640754,1.1063894691957086,0.017199902818735957,0.46766552863103017,0.3906135761144448,0.1402630343749347,1.5550629777810574,0.026599706670657114,0.01637489862103636,0.12035159718828184,0.17067668567172242,0.020867406617037787,1.8681441486881298,0.0062403470734713196,0.33794200024889887,0.2985284946970536,0.6179170771779637,0.5735532883841813,0.3333543653074186,2.16548736618807,0.2815284812427338,0.33275349722163894,1.058014607864401,0.08434361893271958,0.2365078474728317,0.5080213269905837,0.007767302716626512,0.20389040036229966,0.54362061974609,0.11533847238411643,0.059626380624552056,0.011903410606690201,1.1112743797196292,0.2646876176073058,1.1372817611509718,0.016384379968844842,0.31952959245072166,1.625016187431989,0.5780918723752174,1.1383097347677529,0.032109501685405606,0.39361765410123367,0.02354612852373905,0.11577660152831215,0.012748417689372626,0.7251326160092517,0.03376108759190055,0.5540745445377668,0.5325074158194958,0.8377093857819897,0.013265739965508727,0.43871475590702236,0.22951729846478086,0.10637233977074434,0.074690092167227,0.05517290402341324,0.2447144961119212,0.5519181070436445,0.025602766403797328,0.08952191433381573,0.7926384395676657,0.0929544690735502,0.9548595160221978,1.0322473548293805,0.31972309012371614,0.050994465117279786,0.20719009663878207,0.01856338852728201,0.1756822990256825,3.4351168932987637,0.6965405188922424,0.11449228947892931,0.16626822385610507,0.0250351115940044,0.30242362569520176,0.0007436865697987294,0.17737387262476523,0.17698991962711452,0.08776035819594386,0.6785031981257785,1.4707408121138794,0.3395620369737493,0.32124430219196676,0.5907018896402504,1.7042070494546049,0.0262431939565837,0.45606871203832766,0.4018852902071415,0.03849063888334314,0.5207298656299708,0.14789760671868485,0.009064227749760567,0.30728438538194314,0.7656901762501518,1.645294519118897,0.10286478337402327,0.02930922163262173,0.8636156177199401,0.39003785086988174,1.518967560810569,0.014571263724643346,0.19702366863662446,0.9876618944725056,1.8569088631472743,0.013517570487200148,0.04777700917396155,0.11656994760216999,0.14357776203924866,2.272732908090848,0.7119000725761306,0.03198513302633521,0.5844335109096307,0.06165716068336485,0.26939988862018927,1.4531640015290233,1.2168124062928696,1.991520321466187,0.05696575785351743,3.145668111362049,0.6188183192652605,0.8585901079648881,0.4430013116874413,1.798950209157808,0.09225595834733258,0.10041332189710572,0.052902131428410826,0.6486711531402451,2.045112693858356,0.20090851518988329,0.11346440804900837,1.784000471115679,1.7071314934765127,0.6270432983522912,0.28068900570474176,0.05295191383335235,0.6141469814197227,0.6828250907077775,0.2428620794367311,0.05123208778724364,0.9649815602258303,0.28665284210078323,0.4487989332971134,0.8600465708408269,0.2286091914276126,0.49266924761256203,0.768697648771405,0.5830350518344138,0.708568984472262,0.4358016853629745,0.4380795826315562,0.12363696625859627,0.2911764363134586,0.14682902723513425,0.21060223143123902,0.3342599383332929,0.053467356236703734,0.19721842786162858,0.18005078920168494,0.5996597696981163,0.05639794126271247,1.8043740268653732,0.40444566132257875,1.1860508443351816,1.0406994795833644,0.6800918484586166,0.44080545783573655,0.2919977385955368,0.7823172684690707,0.04927381909845674,0.015356106842222106,0.1471655693449661,0.7110166751521274,0.031041149155509984,1.0103404195284624,0.6915916681472847,0.6727072204022524,0.05325900177971121,0.032281440347357304,0.6051676536873218,0.02730912741911995,0.9257089459172276,0.02149017728302499,0.6378150730685681,1.2446611180914102,1.1833106014662857,0.6597336139558474,0.12648516126391351,0.21640853992398723,0.08792676200703675,0.2651928101804002,0.8613385930185067,0.12284006418492477,0.03610398960454875,1.2716039106335173,0.052681640739968394,0.5119328070603115,0.017748632042463575,0.04514421559421883,0.5453979864728313,0.11339113822065816,0.026217777344054283,0.43729651205697206,0.437969932936106,0.0319826977241946,0.4033860613342129,0.08705137610023517,0.4614862431116057,0.6008929404677299,0.09968816850884021,0.04235598553045461,0.670715238265668,0.6458242397761289,0.0771474535404304,0.15037431879515406,0.13393963568792855,0.4992136528158613,1.7021376868792926,0.44920523917984073,0.1288654004476525,0.06472560629388524,0.5561817778511186,0.12871184455281748,0.0024462122262752795,0.3576251052438278,0.41343467282262414,0.1642481760684409,1.4558627883442807,2.7977430744166067,0.03504312928836972,0.13120898136416137,0.13014887616360366,0.17421290522088273,1.023545942164354,0.6183130916322668,2.845158826714753,0.05402098609767114,1.0106307616217038,0.12555754435744312,2.078377325283051,0.9823636684851702,0.14522154043995744,0.7097648025924078,0.8326592438224518,0.41875055174115605,0.37674355721949004,3.2544879858017506,0.23350161850060713,0.8646667287427956,0.4267268235194217,0.09319577689153213,2.408255006159138,0.2621233848227045,0.40057083612885114,0.6209283609590224,0.7068894839443955,0.04110312117713577,0.0436496548505928,0.40624019908713704,0.017073138088199435,1.3578389637176245,0.19686493138485844,0.13829297262737522,0.08661348412169251,1.3709992655908894,4.263301006661668,1.011631960613929,0.32412881565158935,0.9804560946262786,0.16044151131795165,1.5313382711229213,0.2083634990212319,0.680804303358842,1.1235405574664137,1.0616042641366046,0.17593002940726996,1.352401017150055,0.046244379591737106,0.19486958522708275,0.3610909500570734,0.7698798914851992,0.0025151958440784994,0.2061284916510031,0.025580471847571423,1.5653704316303263,0.014035952073428337,0.2531842519148796,0.620545825093946,0.22336591131934558,0.17540668329947473,0.03294880073088147,0.017304419010296057,0.09426976632305772,1.4032252893721278,0.08633712747951927,0.034474651443547666,0.5692849362790577,0.7345173558169731,0.23160719831442533,1.6899658569406906,0.4471070056965568,2.320958754275437,0.008700401835034954,0.8877731490372025,0.06544075386940218,0.47408715418706127,0.18360483552615858,0.5891853355606023,0.10068103736731104,0.6677056884292556,0.5080197270371796,1.503625270948278,1.577490400632152,1.079491499247617,0.03924219008286978,0.8237786016160829,2.10902782262502,0.2661584846741929,4.098361047714147,1.1596196923972197,0.21392652433677223,0.30175023873500106,0.5078049352291956,0.6726328768900398,0.3671899836430317,0.11573416793728386,1.0034931762771213,0.6488789609654761,0.11131985399245825,0.019508240242843478,1.0626100348052594,0.4026801022277906,0.18786365700255947,0.5817696530976502,0.01875792184624636,0.131634969347585,0.1795158936453064,0.6847377362450945,2.5172124772674267,2.543953707846443,0.4059286794638506,0.03858342651801128,2.5076845503712955,0.01582477273426708,0.461402394291017,0.11814034023819064,0.007273032994286055,1.0262628948748806,0.034738837340606815,0.6830601836012224,0.29416051058989,0.12460680271483224,0.3686949065159375,0.44889658491459666,0.08756365131914046,0.37017558431068265,0.48845029465095857,0.6219397314402668,0.08173492621443712,0.3614693803921145,0.376863195799513,3.312284997860113,0.28866595159864517,1.092560615618027,0.4572175993175068,1.0367351796318949,0.2390810400411969,2.6167260334560227,0.21433347654844526,1.2025457134791029,0.20486242878737926,0.38372947207501495,0.06974825301125032,0.8324518291479632,0.025748695225108365,0.08183970647094796,0.04552314895612297,0.29577862697144086,0.00990976091822543,0.2211000996586111,0.848123901193533,0.053641212908971614,0.12072855319055531,0.025904514882607477,1.0948001858405865,1.9745551725251358,0.006878502501841632,0.01295785478952044,0.557798897689878,0.17403450177652174,1.4772851287495095,0.6911154382367972,0.3024678539114447,1.2224566441433835,1.0883840845226485,1.4246364637331856,0.47516130617028574,0.4516242469323102,2.0009638176401428,0.9050998647616895,0.06359249651638232,0.06439020188477862,0.19505738753452456,0.8011338882085163,2.7930713800896676,0.1679569190080641,0.001233452922290379,0.05063874705280791,0.30017152915356604,1.7345426181296766,0.5541090337277743,0.021248480653489166,0.12647177951353195,0.4173158781820938,0.03158446781719815,0.05063521317735731,0.0723314153622796,0.8923667158508519,0.1516670049931168,0.22579196579065375,0.597531400510897,0.09780867468154031,0.17342057703866892,0.1302896171905299,0.1661297542961453,0.5964233937689929,0.7452205379177155,1.1072230637662919,0.19296128618131536,0.5054979366781391,0.08134387340565372,0.0007213828605893147,0.020207887576756095,2.639544251975204,3.802220620748159,0.4364470231147387,0.14583010425121282,0.5060250184772669,0.008066816890036577,0.6167047250988504,0.009404456845099274,1.5796033514171512,0.12300133824105763,0.11434831473968804,0.006843147419779261,0.028786176517663686,0.06222756931516449,0.2048374666078449,0.10919801358276815,0.09654043111835531,1.9858700751146086,0.0651534227828261,0.453023942808226,0.21758889379983198,0.16299951631846965,0.14581139984345626,0.08101009697823702,0.11612241843322901,0.03670580107472743,0.05255822548091116,0.032323923391388676,2.641369072666227,2.378264925353616,0.2181481764101253,0.15395954493743513,0.5127960751581828,0.02151858754794045,0.04139576132248257,0.25050946608115143,0.5230922867445751,0.3728939978177636,0.6438470759547741,0.6742930405579243,0.015038647745008848,0.05147711268844246,1.3751268360544238,0.39136624843042117,0.02212608805388616,0.00329149488573921,0.03706893261813457,1.0399793091613794,0.15473969404025273,0.08308025189899948,0.9503931737654947,0.2226092540972482,0.45783800730416124,0.09280531976154904,1.3657359514444556,0.09897344592849988,0.30080939881281443,0.042210246519740924,0.022544351376664218,0.06067167442493426,0.11368700812666876,0.009497961158742685,0.4866991107700933,0.5218715912107914,0.37838183601006536,0.006087677112328382,0.016934147682301365,1.2776674580884724,0.04486713689429528,0.034595785540734,3.2745099527676533,0.2812389912863934,0.8451236141492968,0.2288114838227996,0.2590105562988119,0.06619480299579061,0.21392007224336923,0.768601611521581,0.09847195988330859,0.24690894564638272,0.012625041914726465,0.1197437358322172,0.00788231968726072,0.12652414286861347,0.17570444966693588,0.5690178888162386,0.07474222334362524,0.06241400171027012,0.06734073734766655,0.4422710238456956,1.816980308356993,2.2315096362337514,1.8955538606454356,0.32366677250120546,0.15096033986215418,3.9368702251646814,2.3485754183633993,1.1458927853188725,0.1715963948317194,0.08959414639775931,1.6215319084562076,0.34038453014478665,0.16013925075034052,2.539035193880401,0.9742223988727821,0.6776536148263226,0.11048852099787321,0.007245628008411442,0.23372408963878044,0.03862228137713408,0.024929333380766305,1.5143518568037715,0.287692490874282,0.6680203897772574,1.0776714746232825,0.40236438895824694,0.37926176750171114,0.15257228668917772,0.11346603903104013,0.43953259398675026,0.44646095796278296,0.24389910160890027,1.579747345378656,1.1768128159801967,0.09875996066691373,0.03683525714283853,1.701505983871175,0.5654048115988178,0.7423028366249833,0.7054172471260826,0.018336196404694194,0.29388801985961577,0.6862372256001376,0.018985148967396004,0.30266536405959754,0.31648908782077034,0.5681625107657323,1.0780213496024122,0.14862672593035597,1.418524462794883,0.27106592434696647,0.6018322803594993,0.22463735165706794,0.011865536410195499,0.4555685589675941,1.1149475031954217,0.24096656216786494,1.7464405265653058,1.124015897019655,0.5471278667246199,0.09984479238646027,0.11646257973889329,0.3059090165691458,0.9807327303317492,0.0490519400366608,0.003065018621002502,0.09468973228578409,2.688494248700073,0.07319138514252299,0.003647561890178952,0.12579727941489427,0.7438304310851388,1.3757795985912464,0.02855265505669924,0.05335204830801876,0.37133674909769565,0.18382357180687525,0.1734615470684166,2.0446782487077098,0.18408964944961984,0.841716072586048,0.03464843435611509,0.5459525866704771,0.07092538460683873,0.5876505120736459,0.8166033847529386,0.09128286096926974,0.07984808400293741,0.34632822810693353,0.057133217495207944,0.23931197550696792,1.4131609432604213,0.41433484859280156,0.20060035060458237,0.16317080364463366,0.0073161969463404475,0.8193101285078077,0.13269459547575418,0.8979570618854231,0.1811173281481645,0.11441737142784397,0.6616873768906443,1.1677095152972363,0.11101597275470065,0.2577062526754522,0.02346380931966463,0.0553461901650536,0.02821794921971521,0.8888131850229335,0.10794950793683933,0.26482176025900794,0.12694959544044448,0.27046203964802684,1.2475774473415662,0.2003754589238267,0.5324137782163371,1.5162237432665702,0.017154547341137777,0.02921654498813775,0.08829778872106142,0.46149813277775986,0.1310993353874469,0.08266764716278885,0.47443527982913003,0.46452043013318,0.7069039274336754,2.5281830714454228,0.06397171219998443,0.7079280934904382,1.0309884393959023,0.9837797833372806,0.5989899262208453,0.23378637157440718,0.037458766098823926,0.028086820348705577,0.25415926851237547,0.34391728851496084,0.895775219500456,0.06628129099888513,0.43229230415709785,0.1665403110120774,0.7353397345337283,0.5013025488250958,1.1374901164571931,0.11167526931426341,0.13146935087000777,1.8681363399847108,0.1864197202345831,0.7018521412041316,0.2113191707429034,0.09874113072374124,0.01823067755144514,0.06510985385763934,2.7862439941723376,0.039369590556511735,0.2947521937479391,1.5659813807009277,1.573730312714157,0.019842961525511182,0.20134635460238093,1.0002725369607888,0.14805254137645685,0.5270709650004187,0.684814918593302,0.0913566031957565,0.3623779874495339,0.5509213608968865,0.04232696206742892,0.5548662636557951,1.6924838158504483,0.7529412331049506,0.3500644855399357,0.08077831096760368,0.273072017189397,1.2503287208198544,0.8683626128531535,0.9460759835022982,0.34045084763129585,0.3428973108386987,0.1079038965978587,0.10492774912288139,0.10153969710738342,0.9960210812755088,0.16063289837646694,0.06850253133109285,0.7153936566455883,0.2278884374180743,1.333071622551957,0.05599261372438413,0.010973328549199302,0.1450717418941192,0.3638020379398519,2.4476265929726475,0.4656025108816083,0.004448537192351498,0.7060861811018143,0.07553050597508948,1.1282940299555722,0.1771332597543298,0.7254361620851308,0.04911906297030488,0.38959377262014006,4.051826948588063,0.17785544025998656,1.0911762067081887,0.22399704713304347,2.23113053859291,0.18884576033990008,1.4668071706028738,1.7776934476554451,0.0665527261032628,0.08364321704342215,0.09193047269447341,0.33880260258666617,0.08859629563700885,2.1928897938077747,0.2132434031249142,4.882485602799055,0.2424870685114346,0.037274607734395726,0.12776241058707305,0.010009221934725199,0.08427504922737517,0.3325396740984976,0.16337005181763886,0.15449909883496893,1.4809492497147465,3.2189813588334655,0.0016878797231192344,0.1278630213018737,0.9195004568015062,1.1497369934255448,1.249934972818417,0.12682926795539107,0.6607857206878659,0.19226199816824105,0.15549726184128154,0.478179760779891,0.20441814622786958,0.7750631573593472,0.3482857363172764,0.09279748239780106,0.12431919288174925,1.4100032368601172,1.4569552380525743,0.03508370629376739,0.8524238014284451,0.7746363788706416,0.22660564626207236,0.23087704431586475,0.0006539778031436905,0.10746590967611691,0.040815414338181366,0.6259007152886622,0.11759872365115329,4.682134761359338,0.020928703907373974,0.0051019597145571804,3.1051459706500735,0.050449100002445624,0.1679310043283493,0.2904383108673617,0.45480459666973916,0.13670865929359954,0.02950170968605459,0.3087981546724831,1.1055002458752088,1.615726339448407,0.20027809530911123,0.3979749818644158,0.0137200895886469,1.757314817887888,0.1330556015996493,0.051145022446620156,0.04138702503008107,0.7396102748455944,0.09844125570081519,2.5295651059817432,0.7790099282475969,0.5208732687876723,0.18223603373896846,1.2926587693331537,0.05689751109448338,0.4260672819701168,0.10253698899244013,0.34138747444770107,0.07376234435999396,0.016151810021773128,0.8810726044327258,0.07213934883123674,0.4771080184693405,0.7156520726783875,0.005041171216382256,0.502802473110848,1.2860799550521502,0.0061201792602696425,0.221349434660519,0.023977980215354133,0.014905990034371985,0.3233603722219141,0.10167752447719003,0.9455130544743342,0.09847480974276035,0.028588745976049212,0.6261962756624098,0.20270249120303485,0.03616018948671296,1.6155874154858896,2.8109078992590035,0.1427160983988749,0.10709636867183314,0.4136212308000389,1.8241859710348518,0.11677394241105754,0.5748982879040592,1.115105727790463,0.055262437271450304,0.4919916007067975,0.14725834164472595,0.9782662604891014,1.4608214887322033,1.3180046215544547,0.02610234346679574,0.3002558493858203,0.006145957192409401,0.8567627288601887,0.00846200361962296,0.3068126763850241,0.5089783148457409,1.2809875862468116,0.2918381419005909,0.3376884228329433,0.01340893958454048,0.0805867355821977,0.8619698255011523,0.760710819380188,1.4090564731927155,0.039491389048147585,0.15027873517259416,0.0701534204286014,0.39703495526312227,0.08582376118362633,0.2892782425374783,0.008880856902370948,0.00729955594552284,0.08048490019067911,1.3006254166123834,0.4555749616288778,0.09918017094394904,0.5769774957714114,1.5933835153545586,0.5511703970790371,0.07199904724224832,0.33404478417451444,2.53457733604435,2.163539778622844,0.14482547237280308,1.1428912540610239,0.2790992979436784,0.06871561190416425,0.9225071944670384,0.5978739252418984,0.8751312650485048,1.4721456997770677,0.7006504324496308,0.806263196272076,0.326177028827231,0.9362223668910987,0.24438412566349407,0.02709169792669952,0.3379888881016899,0.47268708302519924,1.029991889367679,0.00014527833163946458,0.10017625650629247,0.3376894280766397,0.1499825670635423,0.393353167669234,0.04300646364068128,0.007362932301806624,0.3846511433630222,0.07276749576582103,0.05028173679816583,0.04344733190153094,0.500580663809246,0.14768688804214958,0.03402097378186497,2.082224958063846,0.00588918170497732,0.10695061782760024,0.6406013715354228,0.6276717308470499,0.18924903804562454,0.8529504118998198,0.11007548683197815,0.11429912000358466,0.086506683734627,0.3786809061381071,2.7392940212880106,0.10083188098803486,0.10833393094529675,0.5616987870274485,0.061167236902651384,0.606964486853392,0.23274178093732958,0.10400854329134013,0.801089919334411,0.8007248986198292,0.1832231320079784,0.42999979796197585,0.5039713053124797,0.12773102702597933,0.089097969250714,0.07308560594626856,0.80961786440276,0.29863336663896956,1.4415547502768782,0.6444950147611352,2.4367660503327144,1.9690407272417387,0.1948740313805416,0.10045565807013612,1.099305722925551,0.3269190411035188,0.043897566164018076,0.4248425533351322,0.18741728001240898,0.07051627704262575,0.9598771492158704,0.2815780939673526,0.002308730798954328,0.27162927862439734,0.27187426190328395,1.507611773682588,1.050048193670205,0.42665388666806525,0.40309206618085,0.05172308776966417,0.3939499794822431,1.1047747512101513,0.764584277522318,0.1827180749630003,0.36608902239690355,0.1224788976943707,0.2081348011314219,1.6992230395426247,0.0944509063798078,0.0778265702074622,1.6493058571877754,0.08949472849588358,0.2552767674977606,0.721551474847509,0.10874828282373095,0.010482754719234877,2.87864835951535,3.3122645112188094,0.26156350492394065,1.3077136120724513,1.5858915250496355,0.036103914305846696,0.09647789088981451,0.19252897135908364,0.00012013875908578608,0.0014706612203129743,0.05472887842656449,0.02671081851742696,0.14359389835433445,1.3089102537697197,0.11375224275862428,1.301849314989676,0.05432222230476813,0.06766375548873982,0.04647761296370534,0.027497619255969663,0.16238371110656458,0.010386808335840492,0.5805478814588207,1.6683665060589912,0.1434107066145297,0.37328554202061315,0.009464920257707732,0.4704299056958188,0.3016444131147378,0.06260125206682154,0.5942360782147588,0.5512937613549023,0.20349639261446467,0.0390896023813308,0.015161967097333473,0.004948668873490658,0.8000816577953394,1.6088331933670355,0.522138107428037,0.06812612848149505,0.15966708623776027,0.2167675726205709,0.03449512523629583,2.120678662906437,0.1542000402685737,0.030899624236791434,0.23224431351351393,0.8098208263612918,0.37278843648192383,0.06522173324377656,0.43420529554268655,0.027485496942826204,0.10935137731487199,0.8418838926044725,1.6665973198010526,1.4216393530302571,0.34831124244872225,0.9043473871064414,0.05083323745887314,0.5200357858455028,1.6609202690288802,0.09238956104170204,0.21708224942532273,0.20820452823653324,0.5586502802027705,0.20719055354119598,0.11836749764516197,0.09423302062233341,0.8831105494457816,0.003761428923036325,0.11400682449765287,0.0029037905874903513,0.04683444204278109,0.014844260787745589,0.16024232790567583,0.3135778775929081,0.047790729298824386,0.6573417311337504,2.1797119528153304,0.6067360538228461,0.006396983820824431,0.049546015887452555,0.36241396458367015,0.5689505429657291,0.35337884733202424,0.018512906663416206,0.6296601261362518,0.6170000521797747,0.058742432530742295,0.8592999115278627,0.09554205350892753,0.039786907047144715,0.017153732638812036,0.06381539229282995,0.07813423529984309,0.1686835138051137,0.060972725713477116,0.12283590518858153,0.26588824992795623,0.16559320864224092,0.036113858015060285,0.23579587492116932,0.12082338996608255,1.4124189358010106,0.3523025049629296,0.23010896797632285,0.05748032270492165,0.7167133179206832,0.6556366176502357,0.07848176349604263,0.22488198588777597,0.2983911352659203,0.05022216113856831,0.06074553608471445,0.038754748444886467,0.2900374162020495,0.2470167883199449,0.3486056646359784,0.6084535663923183,0.07912196673689786,0.0032951435333040124,0.01580410638552443,0.36586836881556395,1.250613700056599,0.16928370066804033,0.08382557863451484,0.44216026650815365,0.2108411134247219,0.07167564841745161,0.2475053465120946,0.5688569141450475,0.06580044266360296,0.09580189568676167,0.9533162786727465,0.38026672112715304,0.01620371852568775,0.01615890210095161,0.8588517598697629,0.06187596940681661,4.467441346543623,0.1991265858633341,0.6550476501624477,0.45056316720513934,1.47675456172272,0.14861128246808747,0.00573825793836491,0.4152937609214139,0.09274052283549478,0.49048804081334185,0.3785672404186956,0.03778673102590213,0.05426964716952409,0.004461860521574934,2.5262299008952116,0.20877841869676173,0.048849605694181286,0.27847335857305056,0.062368656400733746,0.06450316824751434,0.9305376882328599,0.09673096833134631,1.7279107283635797,0.3200227621491032,0.2538303445874467,0.06895180868817574,0.10746049938724953,2.8032481885709055,0.06080825599207995,2.3559876981755776,0.03355068072258616,0.08166496706596726,0.10073479118958917,0.6946011483751711,1.8067384953886514,0.2970484647295307,1.6126273450293158,3.0030608752082264,1.3450531492560645,0.16021860175097608,0.008156216813118733,0.20383186734108838,0.6946987018378512,1.4083113288820757,0.030385045416947698,0.2316353536134539,0.3440062454369155,1.6701034045842564,0.669404499267126,0.07009632126395549,0.9046415251830446,0.27960608407772436,0.22118850192639816,0.07814320846258815,0.21353618026370746,0.21535208251250015,0.0019924843562091343,0.10990958921126504,0.15228165146995432,0.5055120230341821,0.7272262779555663,1.4676645840948797,0.25810266716796854,0.015022228189846443,0.2877477284019898,0.6505645645650456,0.0022819506055804517,0.8269490805655941,0.07282737087683089,0.6499676037227068,0.013638631617090446,0.8889313715309245,0.11496626449738401,0.009845035866775431,0.052485393124886204,0.3550378191387378,0.6412582815005761,0.30923451527104806,0.4139934673957869,2.2236113348270434,0.000491133514108455,0.06537440486998658,1.5702469406611534,0.27018221383560315,0.04744879491565479,0.3889340340216329,0.13067996616716693,0.36630981394090617,0.41991788638575056,0.28301788219672297,1.0985726332547252,0.03377186762117157,0.1773347042886143,3.0177679607057994,1.0312576072637833,0.4901952030657297,0.03369149873377397,0.0340583505347723,0.17178749224728274,0.7406714004325311,0.7749780578045578,0.043104363600390716,0.09799927201856762,0.3256892953679691,0.3923370361249374,2.306923305891333,0.10054026738605937,0.01563678797450363,1.2705114123503911,0.258662431488467,1.270284673678484,0.029801888765691342,2.2596562228428017,0.15968601139077543,0.0387988654531386,0.175707622602697,0.35075120621951683,0.09930459734816494,0.15177433741027047,0.960181309945233,0.31138445023045724,0.09225845995721693,0.002341858969140409,0.04946541620675882,0.6389997571379499,0.3564103330227191,0.06679194354662754,0.16758865161904035,0.09299333853198455,0.262897003285556,0.10032456953134689,0.4926180128157567,0.3498985041651611,0.06974745718969977,1.1147219879885029,0.4056125216629502,1.4947781094449761,0.034618623727494136,0.19464376796143507,0.7986045930880137,0.6978896475798237,1.7518046882575844,0.43864285838405537,0.592139169649805,0.5757441761938615,0.6927280171497304,0.13625966874835505,0.7530311334853332,0.48793665949810616,0.18591562622541358,0.0013141342894888997,0.040757531913986234,2.595253510538917,0.025135887506762877,0.14130895002575045,0.4627467567162208,0.49676986891441866,0.0023822747610120487,0.026815767502534005,0.018944769108364234,1.1955857949309734,0.034529346915334075,0.08257107397001578,0.09251540480283704,0.12597470091599738,0.2882565623536756,0.1379993090227405,0.2332738551891521,2.337367868571979,0.4783235460797255,1.0762942685651542,0.04438067171630716,0.16429364367980537,0.43637801005900334,0.6471127294001866,0.4659110295150404,0.6347961422230332,0.10082048869055149,0.046329140408145286,0.7205582238750952,0.04421395631831304,0.031239644514837323,0.12195171696295187,0.04953783761403352,0.8086656225749234,0.043567837688198274,0.08687635006064875,0.1896982666692466,0.36860631317665593,0.08519363481847875,1.4587246985442275,0.03826703374549334,1.0684375909348132,0.010793559828322474,0.11111864246271186,0.1898596482201047,0.14857317906467105,0.452406851718423,0.198679117802381,0.09932255394544565,0.12216578506488673,1.4373676650905536,0.097690165589293,0.5474935197521702,0.19896785239214532,0.25958482596790744,1.3311218902637927,0.20623268293232172,0.6001452811222033,0.2641997095467612,0.1265410586944012,1.3161364832875118,0.06051854531808498,0.05706081993502532,0.6403160221648676,0.10772031681456085,0.034396153568605925,0.026881982166947704,0.017153475949145958,0.06889929129165573,0.05618651872413197,0.039396338047173685,0.13376710726751306,0.9753586849272783,0.08901640633778907,0.023339063334068544,0.14477722224236178,0.5479845097112928,0.6551508508326231,0.2482230458463166,4.170649478234701,1.4395483157832825,0.395103908563881,0.9331095765706691,1.682796463485836,0.32192765259051015,1.6668919120376762,0.19511052910336535,0.12242759334271769,1.2061616354596096,1.0562366971969217,0.2252658330298319,0.7417591269003447,0.017452365288800564,0.20727528932024353,0.0013373644230300075,0.36807680992482417,0.9657784830395353,0.7291519692107573,1.4160545264230553,0.7450175175959394,0.010014059670448772,0.22700122509226306,0.01668959925913094,0.0886221532876228,0.5077803809300825,3.223705866320194,0.039550115839926625,0.8848198276711884,0.07806088031040981,0.762138754152653,0.37797665587855134,0.013152917992797664,1.1079447140868637,0.049581654961520005,0.9456960737050436,0.1681062475316013,0.16390993138393056,1.0811151647462682,0.8839694488869807,1.9436721637382086,0.057723776312592734,0.9933443186493016,0.34018628469038736,0.06417931703959173,1.8347428345139352,1.596700611160979,0.07838046743466975,0.23909700567326975,0.023326732178312604,1.36926089446104,0.2340967734264514,0.01715980730115546,0.1352346166558971,0.06904703881218333,0.004751774207379322,0.048769180332699835,2.060992456950631,0.8463467713160855,0.07479151657764893,0.3027280677900326,2.1050387949407017,3.867158255354865,0.08793762383227532,2.008365087784574,0.1674403355143027,0.04428200634355617,1.017092041313912,0.38794326005230717,0.11651931167583751,0.029219210248194405,0.6194758249181207,1.0738171715216,0.15990738789705272,0.2244250149362257,0.13076774379906553,0.11922161757117877,0.06709865829512668,1.1742685732891938,2.6692135916038966,0.09586537223539615,0.03176777732464653,0.7648803228483145,0.09533016746049527,0.09840966661660211,0.005743052788471759,0.0619121913881826,0.6778824572871356,0.7960723303246193,0.352370858908181,0.4697726940334872,0.07216402226215046,0.09910957083922511,0.0021617393086872383,0.6087532700677571,0.41280379538318307,0.5333841047997248,0.1747538268532376,0.08298067520897823,0.6886773428467714,0.26187813498075085,1.3552134976215218,1.0823775279414112,0.2292642549154429,0.38706357715253903,1.0891316730723333,1.0794426356716391,0.33082630449422534,1.438899657634078,3.128498478088502,0.2234970818492084,1.4088818734583457,0.04300960268386189,0.011880274990125783,0.4193653455893269,1.6327136280580647,0.0506360150299513,0.5227335338975821,3.3494810060054245,0.2299923922268592,0.030060103685991768,0.33300989331859054,0.001634746633010331,0.22511427314547938,6.176723716455612e-05,0.07954929316804638,0.677127167857412,0.20876672367769888,0.10365962031767006,0.3796721219682726,1.2203693941128126,0.027084529572230398,0.0976487448153302,0.8576768001235838,1.5128825515162747,1.604245473372535,0.8908982870462248,0.8741984251424919,0.2419549262954268,0.1250597975107256,0.865963334117638,0.575341222028906,0.2422663707797812,0.26852872873679595,0.07308643901164258,0.07901009484107857,1.2883159406133189,0.13588559714909043,0.18108744764310714,0.37014543784636217,1.1160031650776678,0.7765946729307251,0.0492599618502505,0.13525828109714144,2.6931666336937994,1.2724008590988585,0.3016077473947082,5.553609128095682,0.8522531860094859,0.052898775775239465,0.015613674988846249,0.31514714797902565,0.003198881550497301,0.19514749495928885,1.1235791112672269,0.287492840552736,0.3594323468475014,0.10312967105174464,0.3138224342093583,0.20979845506183425,0.3604989919860893,0.4845706738233604,0.1265571829300291,0.0831180439847361,0.5845879493311046,0.10438232551284088,0.10781996834654917,0.26752197569710223,2.5935775635076816,1.1537724661328803,1.0246017539533314,0.174390323253231,0.36144186426587543,0.0215432468624297,0.06505479396245306,0.13390779131617858,0.286531873334543,0.1430644809226147,0.3121991598353042,0.25772333624648036,2.2614658263756944,0.16010688928311367,2.033719298598971,0.8677182101209018,1.1172762686626458,0.29258888037454106,0.03451790748927808,4.150060965135712,0.3801519335634804,0.34547011683430173,0.0055484054206768885,0.02298078801495973,0.0027907352895644166,1.819494102932688,2.1479454010852255,0.43679423757764924,0.3476165644233723,0.3705841220185555,0.05885459209192667,0.19647641308338284,0.046644797789853976,2.0546166365754357,0.12550037910809408,0.4295989537177174,0.6975430142018901,0.40483990882174553,0.2520364125445802,0.02919337743072195,2.399417235267138,0.021851779460751064,0.42243281880275646,1.2860255965961864,0.010041451110610833,1.5761879711566318,1.9184506106066197,0.07088012554738915,0.11455444541232684,0.004793346633234108,0.021287839227132732,0.0912988452854957,0.9727007969864655,1.273726402041344,0.0184160357420933,2.7403935749702586,0.3830219531534156,0.1725181407074936,0.10591422114544624,0.242658886862265,0.42427171419906645,0.14023411372748995,0.6457312886681583,0.04972349242106236,0.0720248192908376,0.08791937967913754,0.08304781553469143,3.77880411353415,0.10823196127255152,2.862926335591861,1.5739847564982847,0.34522901688024277,3.2727470003443244,0.21269210644992875,0.6335887694158909,0.9249661881349874,0.01763142013387664,0.0017783179034773777,0.7192830845562562,2.9606485418863624,0.09860810085319022,0.32428726612892445,0.3066657180008884,0.21671342267378635,1.0244146731515889,0.34149150186975374,0.21337811810349647,0.186838758803544,0.22234305778431857,0.15828411677881693,0.6659770426957307,0.20060255768795188,0.1189599582723041,0.29635980701779885,0.261172530378663,0.06808397632238639,0.16405861970759272,0.867761506570881,0.7642407301690155,0.05143453643851076,0.07915600006144624,0.42023823510654357,0.20127468694693718,1.7110396755976658,2.3868096030275066,1.4261960220986853,1.141903440974603,0.42317570616421407,0.043585227776909916,0.2981688930176304,0.038965947665138057,0.7161016085070893,0.07950822989860529,1.4934743255850766,0.013841542538645113,0.19353480169878434,3.1721271633391233,0.594790296053144,0.3341486011585961,0.09880500264829245,0.14806018168203217,0.5987057963291397,0.15859836350862783,0.7589964729179868,0.30554547347444516,0.0014731516769339592,0.2604513553050982,1.1923619302012742,0.18959259661010963,0.3614811879372338,0.005952773166113201,1.5395717747649376,0.24172852513985799,1.9736068402459361,0.1480498193291212,0.7282744207094838,0.039602909029816,0.004004279983041481,0.06965350760564848,0.609917843443027,1.390785684816598,0.6107308228838378,1.8625105128706367,0.11121175915074222,1.2625450941107954,0.0018895323642267314,0.0488554080624265,0.0777123255358354,0.8768919871566165,0.3916047042700544,2.1847045085360985,0.22040046473729863,1.320711008472677,0.4944352196606645,0.02066199611967892,0.5750536630302104,0.03875224243265346,1.3684545281395055,0.0984829270022809,0.030371448925755162,1.392142948609722,0.13075380554219662,0.13252578956847055,0.4909923304662749,0.4785412514954551,0.07798146509437465,0.2194117835205508,0.6011987003082846,0.0005366816362987192,0.16596093780056798,0.9310814453318083,0.25691121194333355,0.08631120646537183,0.1343092457921582,0.021856468684439356,0.02835162773369837,1.2892492860267168,1.0191814907479944,0.23989067440658984,0.02125102173201887,0.019638875121298527,0.270486597287645,0.09134610344050631,0.03242937888942449,0.14387725321387612,0.957113194708914,0.2346821810198274,1.1864193642967569,0.4617396539196722,2.888317357326197,0.19748336122767784,0.18196045145957482,0.04042920102187608,0.2563219746629106,0.2815405986867612,0.9164010487533722,0.14507490087723784,0.09452960808807964,0.31013167312837875,0.6278200247176726,0.302849331227405,2.382454388900796,0.2490016014714604,0.6149258297649716,0.0635453517150778,0.5776029601802988,0.08946347020107498,0.14340625828628328,0.3976341160307427,0.011289719967280565,0.3601756401384534,0.16843216492258595,0.0750782623147942,0.5051715995260903,0.18275725951346733,0.9939458512689809,0.6349190156618921,1.4831220949788961,0.2977725963844041,0.18962657453375864,0.1262500022765147,0.01483634039255613,1.3653636295823917,0.37285635112033244,0.5130178749918619,1.0789796825810325,0.7051554360059146,1.055181310319086,0.11508902489475181,0.14373877865439066,2.8403370452667747,0.036977872973611714,1.8783541572113918,0.7564986908443608,0.4617026125710376,0.054314004884223666,0.003537580448121802,0.1430403610568317,0.6472920023766375,2.6123116829442066,0.38230522471679446,0.5285166480370824,2.5740390231533343,0.11665054598272467,0.09487408722298007,0.16423277658046664,1.1383783507320364,1.0706762687453217,0.6253179784188124,0.31331854316762775,0.45185802910229556,0.8020518387476427,0.0048763103840535615,0.09957844684467765,0.012264579511524376,0.6712171348753612,0.9010718283437418,2.91893765001957,3.0192888498010753,0.6115450828488582,0.10483613557631444,1.3163238574620384,0.1427470342123267,0.28703771512115506,0.9004220091590162,0.03475079157697958,0.0020952058970121756,0.33644924568339185,0.4955265503435673,0.10379945038593219,0.4563617652714509,0.007494016253192237,0.2050194686491456,0.0025761257999952214,0.23288731830078624,0.16472417485618962,0.32614409849827775,0.17345067091645006,0.7060786253171409,0.005328968107443932,0.13848284946429035,0.010571723601928984,0.8191320977741776,1.1004541579516258,0.13062895427398313,2.4606804033866827,0.026089464854796685,1.978179193496449,0.744558264370041,1.4279567440938177,0.06896757442953194,0.0820483485582657,0.01788289376617852,0.5205264996358593,0.35367800238276537,1.797556706440609,0.22300394510107535,0.06711797010393294,0.7562659265377295,0.004394435093602933,0.8465096495484215,0.04477477683942821,0.14082462983911137,1.2577954650883072,0.3547216686544896,0.10873994399936304,0.219384583862415,1.3784650296698002,0.32062053549116676,0.05339865848985703,1.7280627894557177,0.2800897688804609,0.04819577661672536,0.16101117705035595,0.013194257394910036,0.43556412399216293,0.2929096400654392,0.3377456950136807,0.007427869203991966,0.620172304933759,0.5344419162101137,1.0497918860530384,0.1484681238888869,0.10427072060613485,0.02369009821176471,0.6563292030244507,0.39439005999527565,0.16000300993812588,0.22468470170280092,0.010982472358085804,0.11675818466805837,0.014789813824670373,0.08122159782510902,0.20390762594089806,1.0709755785575377,0.055083751164145545,0.7782501808732192,0.079261477063168,0.29878624828455835,0.7150602427684394,0.12226055894674626,0.11719674034051775,0.11937960712356288,0.14215911217331256,0.35048017969833645,1.0637981476935494,1.3422785870931175,0.020725838742438607,0.09253524371809474,0.0736001068921723,1.3108320794331922,0.15321386932687298,0.49734530272751254,0.28453743472740634,1.1923984127308491,0.22975591935656908,0.002376803952729545,2.0520609261431417,0.1053460999460113,0.41335954467551106,0.37553926392748727,0.39568249332173244,0.32357538772384864,0.2640365551801206,0.03777230860432923,0.0947886499675254,0.1425887988459117,0.061949416763870446,1.277471883037327,0.2371921057630808,0.1388601953647387,0.14191245188765203,0.2988214375803352,0.15652541584051471,0.2456239940638511,0.5578402578654187,0.7224166500524589,0.617550526594143,0.01716101568613726,0.6648468666227396,1.313001913305195,0.3613565606351915,0.4296700032046075,0.44638219990551153,2.8687420435614657,0.22651093207766748,0.12762533204738258,0.10000692883217954,0.853098033702467,0.4812416445770915,0.07038771713031389,0.008350323440663887,0.2060257779028405,0.7785329004793016,0.45944720205597755,0.8079809239395899,0.32211965087923966,0.08347161735286546,0.09049802240336455,0.18936021977287676,0.09108104699552644,0.7948135403759583,0.6707433826103867,0.6671581609068269,0.1118169486456017,0.20629232049277046,0.030415019055793413,0.07190853071287417,0.8132400353651734,0.029572955470232642,0.15654192295744496,0.05945351612834737,0.43413102132283976,0.06864579092883094,0.12782417768598942,0.13882395270757053,3.73000606529252,0.1705716959862793,1.990480380068408,2.299832488559402,0.06653519926704687,0.004874942094993395,0.29684823592853005,0.06682998486064307,0.028092331843139196,0.27498837653638786,0.7006548679317037,1.2417176098906826,0.10150634550713655,0.454696018486061,0.30326863337546617,0.09997793046877179,0.7637622954018968,0.9818216474942487,0.01851125935765896,0.5160292995273732,0.050354499970576505,0.3198215523552036,0.16504688420795344,0.17870933982612702,0.21644417686357997,0.5270714560787991,0.8149287692221834,0.29939499050812896,0.05163981959550612,0.003711658793333239,0.20209074248603437,1.4248430820073954,0.00048815534683671613,0.509087167777998,0.049173171327053566,0.0629946593668258,0.4296079862953114,0.11737161412749669,0.08887919591388022,0.0020952953878525804,0.11251082291097014,0.01801478163230072,0.30592314120326414,0.09604560371116455,0.008407400337656634,0.4368683758551014,0.4714813232021937,0.39645950729850843,0.8198577755303089,0.4929645874664773,0.2744196714714614,1.2260180592504766,0.04941713812467663,0.5103711877552497,0.04004332034627289,0.7238952175670597,0.16732872086389672,0.4835258664189237,0.06886423026807742,0.9106643042545819,1.3735424868352575,0.039385679833727205,0.029524715829905263,0.44485444811690567,0.48031555545956356,0.0854232798594588,0.20730107905144324,0.716960393078272,1.8919435652832073,0.0071760776117479885,0.8847754695207796,0.27199102413812537,0.3143251815889485,0.05102556444887807,0.14565336114176375,0.37899440657800954,0.080494506615577,0.005851241852722566,0.314278990691495,1.2826675862195858,1.3337042108166646,0.1617257440069788,2.3238330691289963,2.0475011327840913,0.04696624744761024,0.8212103092462941,0.398675654384848,0.4089286214137157,0.12511414021588013,0.06623257797427096,1.6353751847656193,0.05836785851284146,0.030934903675598813,2.363929963210656,0.6319558553956207,0.17886621439675898,0.6131186674593593,0.6322564596530859,0.45625338075289634,0.3200078225284454,0.600047676380361,1.2263640070882875,0.902853361169695,0.3459164623578288,0.6447079314384916,1.2088272190492693,1.105290175246044,0.42816636759141247,0.6814109062356078,1.6211724816073574,0.25232520926025037,1.6390427265030287,1.4422549773237758,0.06523929847424259,0.35738271164218594,0.6667886444098906,0.3312216063540541,0.18787957449942227,0.10937344402752047,0.45745049990877135,0.020986397087861708,0.27742179380920406,1.3940314583821196,0.014718368393452974,0.4890789153336379,0.1958900367905249,1.2144164836266809,0.013889510571587826,0.03767446305902211,1.2049233478313839,0.8822287086169147,1.0522086767016567,0.025955972923887294,0.10612995127748448,0.10514725016238058,0.9415278741746673,0.11000649683370134,0.31271157382334125,1.0399668086828857,0.6480316260878296,0.061995306973851916,0.08377861342647153,1.1624414116661823,0.5295998398228483,0.5828443335400655,1.8006134598308345,0.2928254894168567,0.23436638116631292,1.2657621085546091,0.3120924691419895,1.0068898086924716,1.1992116175657954,0.18929879586760603,0.4882057498669703,0.27066020816463565,0.6600821216437212,0.03196118055682895,0.8529288703327675,3.887679045223962,0.11266499799806606,0.03676605465061539,0.17547381059556,0.19044339518878262,0.15770718353028157,0.22803659560540046,0.058069977276402396,0.28098163111341146,1.0735427219710778,0.06043479940836427,0.5766490832745275,0.41839571883653015,0.03359842905859978,1.1323852226878992,0.07886950120930203,0.03411208243650965,0.4176475695353395,2.988045686951733,0.04044160428414223,1.9781079871921274,0.0017400292068399104,0.0028197511735199576,0.1236622362506935,0.21218324161024738,0.2724123617802555,0.6980523925558495,0.8848510768035986,0.02482265088030966,0.2038593000705443,0.393446644550163,0.15095302876453132,0.191711389330401,0.040556451408674254,0.23425204367529995,0.971117244100525,0.8144294874854767,2.3993517260865542,0.3473384741000263,0.20233242244869865,0.0715120530857205,0.9531413238376878,0.5799862702413328,0.03658418380973494,1.0166214762023955,1.8449633036581388,1.8882238309705848,0.0647771610797857,0.5838280250388914,0.15553933779691473,0.07720953441389164,0.01516535990578216,1.9116144006560267,0.8200212414102706,0.4236855764356066,0.01918651502633084,0.05328005015174797,0.35726097984816163,0.00028504643458804324,0.01569023719080387,0.06486732401757922,0.021571612030874654,0.1859507235596587,0.34467531580690824,0.8129854129847289,0.4227799119648624,0.06572488056268067,0.020991670684137875,0.23424475335077022,0.8984812610371359,0.6384668197309452,1.8733368423278272,0.03777340952537145,0.13240051311177958,0.48803316391090323,0.054913406413625965,0.681333698839866,2.3817385671361655,0.3500194259673941,0.22289783761766224,0.04318474647586873,0.6803565909401466,0.40114562484441796,0.13510132569006317,0.11308820572165201,0.5968824083208866,0.16984881755186954,1.4153606241483971,0.05384041237107595
"((2, 0), (0, 0))",1.0600322210206101,1.041947724373673,1.100862054176437,0.3611499517589132,1.6551819640148617,0.31860091073869157,1.0455153449221966,0.8211084577586644,0.3435634324568475,1.966217134703213,1.0000127204774585,0.28986537685654895,0.795381504697333,0.7455190670158169,1.1492667233512037,2.6291376884311326,0.12044674643579256,1.2824940254346788,0.5429658816833121,0.9550002878136293,0.2922460254770347,1.1730786245277254,2.597428228664078,5.1818418800218184,0.7118650616168694,1.2209020053353141,1.3510568799389184,0.12578014967983414,3.096682150336932,0.5748581355708352,0.6556560713025035,0.6397821540682986,1.1700106391540859,0.575903177886518,1.8597915959335514,0.44905546438468835,0.3851168668866355,1.5592773510296236,1.1700840365209286,0.39927149964200315,0.7589038008058866,0.6586282592172483,0.5613873265669052,2.3013734803459736,0.7676489907807846,0.8210053673251554,0.8327147820562589,0.9468169061176744,0.5207941666143376,2.6316456750417667,1.2496053014372648,0.8450902201276792,1.097058647393446,2.0866375783021387,0.3822132548355811,0.7207210974411062,0.5181107085705973,0.9508510214253112,2.5659985919880457,2.6010769680493033,0.6998595861486292,1.2579167094319725,2.1376829238675583,0.9547420062998659,1.4253721118463936,1.499777668460829,1.0374142754968052,1.4537453491650294,0.6524747842051475,0.42926636627854026,1.7767822023521822,0.8677440238248363,0.24538794578113443,1.4284080403912993,1.973302015722109,1.613649483487523,2.360416406939124,2.401616867046615,0.7325006884377531,1.7098047463841337,0.4567379310642815,2.223178260980058,0.6428273398156821,0.7964253915323262,1.1736498308121999,1.9699637362441378,1.2042607586703387,1.2230408186939368,1.0621814284909368,0.42829659865017655,0.3104852106810243,0.33411457165366854,1.7916514737398863,2.762525486737276,0.22133024131657214,0.10418170731500709,2.718240555497021,0.5251049946794594,1.1603500638879605,0.7670957558044411,0.33589748260548236,0.5048749259106715,1.3427015511389633,1.0687201355223834,1.2078867158143602,2.277300847253095,2.6480952309276327,3.815120944432535,1.3346947256379837,0.27660285491261766,3.3020613124890557,0.7063349488565496,1.5863567370900182,1.0368773995601932,0.9958585425659221,1.030433216038493,0.17447339354946934,0.7297461308089629,1.8966459176907893,0.710399078195985,0.6445603120083847,0.7887424947129851,1.3067977714481165,0.3515571676345939,0.6185704526454803,0.7189201273936883,0.5521908106525206,1.7543834889505856,1.6212264761116257,0.63733140996864,2.3426357697640805,1.3012205274212922,0.8423065809752568,0.8940322586439269,0.389865262233876,1.2913610600497607,5.455094412974564,1.4825691834417374,0.4190861338235047,1.5945688140238108,0.8834486014167846,0.8250274540579523,1.101019559204497,0.3252005783220444,1.1734387979654586,0.5102686101840228,3.339893005646658,0.5486262584108021,0.6717935020486996,0.583188118935311,1.1766363377833193,2.0543805411934333,0.7142146720067633,0.9297034772776518,1.8486332962791956,0.8380019331505232,0.32132128693927414,2.1065277897793906,0.9483560778141172,1.0222202849999384,0.6076815868484585,0.24000661567441364,0.6728147851244681,0.4871187350487681,0.29267156443754316,1.8690062177970888,1.400361147174601,1.875602257998152,1.2102048916356827,0.31908242639068846,0.7986887179332193,1.3264975605719396,0.18625813597411617,0.5982614251246821,0.9607845659990903,0.6976088064440191,1.4881659060210066,1.8777600089335438,1.2332016489260385,1.8088034480911541,0.9686569158092286,0.1554371558371494,0.24102256681582995,0.45289851035585416,0.526922500991025,1.6944282279073952,0.9112393084517358,1.2304251691312527,0.45110880292988265,0.8082791082880398,0.1260964566267504,1.0392111861961892,0.6457633522499749,0.12385653045791789,0.4334185763939367,0.9264869268194844,2.1264958523681656,0.22624133449772488,0.6256395639367225,0.4270060408547289,1.0046386940182226,1.5637802041312607,1.301226067748737,1.3445569929768026,0.1693023754216126,0.88371076291478,0.6683365815509619,1.9062276951900519,2.3571275774460276,1.0254036464061511,0.41465310851093673,0.18107580215733354,0.7776879547649153,0.42843192506408656,1.1972531594733036,0.9709408669650555,1.125916493077267,1.2386043482693583,0.9509312482332848,0.5014719153465019,0.7327868729547071,0.4819457842603126,2.361569013247399,0.6606816739241983,0.79041375235518,0.1408271954456441,1.0646109528086696,1.1292641010233866,0.25707373187627736,0.9073338763775491,2.388690623432189,0.9537589995767464,1.4809931889945425,3.515639430670586,2.2541935287278534,0.4235926111419699,2.3126271254720447,0.4325392992465209,0.30287872633146234,0.808545775128968,0.7270920011110694,2.6798756946935067,0.5468838607788152,0.14578777043132407,0.6639403428175675,1.1281680621643622,0.24375232914850997,4.492096026812189,3.5567565468232605,1.49540891696391,0.6960445519182364,0.4161928370782391,3.811601205036884,3.478319587873774,0.7346985282068302,0.23985121575999435,0.18840544071062792,0.36768001532813716,0.3035290440908254,1.7115276048359345,0.43318190873990725,0.18657546230488864,1.651109700777118,0.45870421573510634,1.7974055136206033,0.2877766217574317,0.38880686109979007,2.1539945764025505,0.8912236357941634,3.0099983242521997,0.39316051109989947,0.8710615825333414,0.32505524801985536,0.4015842601707219,1.1545183802703363,2.6677644286801736,1.0199875687141609,4.023326526815817,0.5057194155829259,0.6827572119637216,0.30410653975489566,0.6024710416440574,0.7702325751962555,0.6750036394118113,0.6394367187256247,0.31065007419370627,0.9689263596533182,0.8291158660482554,0.8345130327429581,0.8335802104419889,1.2302562001300557,0.5119611984497671,1.507163352999742,0.8273004404456978,1.517169546595276,0.964291988540974,0.577504294442554,0.7343507108420758,0.18084927547002505,0.2844912884659798,4.1392248470904525,1.0343192721031749,0.7354592850381779,0.6917055208468796,0.8599399728901015,1.178143586850576,0.4312721428679911,1.4349262607931936,2.5983201804032916,2.0901829296655365,0.352432121734292,0.7851609758292002,1.4910558435222445,4.727403142769662,1.5536905360298414,0.07569375111469781,1.1295476407697658,0.7449492052101803,0.1541101208446991,1.7234980801342104,0.42158549199228174,2.2952540169654383,1.0783937906405745,0.24524406893734801,1.3991807044111606,0.3030856605238372,1.0499520142935213,1.958881018997149,1.2319324704394834,1.562463670599046,0.9433428972345459,0.34055546823875527,0.529443696924232,0.8090071252914053,0.5508362752669668,0.4881501118852205,0.8147636071485878,0.7780147101133534,0.38298131198134416,0.34468945552637714,0.8266130833244978,1.9773400771599956,0.3047853821213853,1.4025772924565678,0.6653802769936848,0.5584204854295192,2.6389022204164334,0.1803611821239156,1.3821564241326163,0.8064206901482254,0.829750327273312,0.6065128084866639,0.594729775720372,1.2163893007867583,2.177775882175587,1.1688276161707831,0.8235493898987559,3.2133179875971725,1.7063509779912167,1.483955876529663,1.2214146267993424,1.3274244397284352,2.413730175222403,0.4935946631504161,1.0993369393762638,0.6836545302588827,2.738439525335712,0.4444428084674825,1.2436606094999352,1.4951997914954342,1.0527165943443184,0.8566047032312663,2.945553867773324,0.8455869120799828,0.9363492684530662,0.8657453011590492,0.4872058042204776,0.6311137906545756,1.6395967438396957,0.11463541228145924,2.9343280975458974,0.8945822802354377,0.8368570514301548,0.44084570935500705,1.059946309054624,0.9932578535819585,1.4761604774780466,3.237103330313033,1.833376920956197,1.566534758751677,0.38866775653453656,1.5261554709719771,0.5471751224832868,1.8289340808405588,0.6092007707199414,1.9722709283464248,0.6053123644564405,0.3412848783784526,0.7274169387208603,1.0736869014100403,0.3529936690069513,0.8833525671286782,0.5896407944101527,0.4683586140348015,0.44725055159980326,0.7132574287194877,0.2934856339707587,0.664319399354857,0.9201417679835684,0.9302880981689644,2.1963014087831496,2.6188106345683986,1.5915228639606167,0.3555459513845709,0.36124533122829067,0.5139287376928188,2.098309992872389,0.31833661073886854,2.64093079437984,0.6312472061238756,1.1048015218515954,1.366349109550752,1.3527751193505355,0.5620567814094546,1.0184755662675176,0.7115889140032426,0.5932943517752746,1.093244449082453,1.5899944106346033,1.051823146998701,0.7458668954789005,1.8881390459262766,0.7745602696889066,0.34711869038942345,0.5679832165069618,0.5359754732766998,0.12482723995798317,1.3884487811098163,1.178578833091902,3.443986362890152,1.2562441015964105,0.8421538562829465,2.213010403666053,0.4008857728640447,0.3924095592462091,1.047438721582811,2.245379467557372,1.9831249930502648,0.16728617884656638,1.9858633833680657,0.43987774116320777,2.485521065285248,2.868972343711934,0.7677042881032503,0.5592029801384402,1.2601517467540437,1.5216193295928717,1.5468933013356634,2.1062036307819616,0.11678451676695703,1.4194158565259984,2.7496899882618977,1.6026933854220398,1.1435280564952044,0.28326949833293436,1.5192975627863132,1.7787279042897401,0.7144226757107563,1.7939828438692877,2.8460794630517556,2.0923542341583135,1.0874478875499047,1.2632216897029804,0.16609998767120027,0.9363411172006018,4.5210138905513055,1.9931991411647731,2.383819886199942,0.8721569345647344,1.1433321546565562,1.4941553363708562,0.1366006469951292,0.9251316884233982,2.8343136318629747,1.468855507577739,0.7182954509933323,1.048334274360918,0.7699151127097461,1.3455016366200678,0.5914830925054242,0.46064611669873257,1.9105875708058047,0.6565492986231442,0.6961477862079839,0.2667763365508835,0.6833565346103313,0.5904350616144286,0.6557109806582805,1.5815704512363613,0.8214177467764381,0.8831949051746608,0.5131191541961446,0.9392077602416777,1.646352099113949,2.532310206207998,1.4291145987869487,1.273763630277816,1.1024609277405277,3.196671845840041,0.5177367516421263,0.8444400820577009,0.799569763079158,0.46325870005820985,1.311156801936134,0.19766833898569333,0.6117135080158322,1.1321316575760083,0.08889522036894541,0.19570783665667213,1.6728892460618985,1.0219059586728598,0.7649776439308685,1.669850013325101,0.9155108831500798,0.25246167328476726,0.832330528266441,1.1153376986236763,0.2519167254321728,0.9764971632668873,2.095686680953929,0.4217814936349738,1.83585209656511,2.028648469532496,0.7235243829247229,3.01479695181966,1.3005505846952572,1.557477163071175,0.4303113508173245,0.9358346822693563,0.5978731666432249,0.47777664814468057,0.24787587003813238,0.5213019588627442,0.6363645484374,2.3873371331203725,1.0944228376867826,1.2056394873546987,0.6520321640526272,1.2536008025391647,1.2756306527576378,0.9491417754103635,0.7745603321384776,0.9378707141198552,2.8603053939927587,0.5568953645835744,1.2870483520943576,0.9287149560961685,1.0501312236471225,0.6323268327477328,1.4210595225928015,1.2990771468954119,1.1882720669353595,1.3361745866649823,1.512494364366936,0.7075008810832242,2.1341805770536078,0.5643217976546019,1.3616738372377806,0.8685936866557928,0.7291214245389022,0.5191384659222458,0.8313150543325791,0.8212398371407269,1.0765538324796977,0.7543406200873671,1.5163929944363992,0.5115270217721547,1.1482818670981219,1.0830747158801537,0.11167991770143443,0.543589480992774,1.6325718514351597,1.7225534717147142,0.8149066145345789,1.2148143657300015,0.9440118793438267,1.1264421544328824,1.3994079846291618,0.41560224160434744,2.4788539638529126,0.2653873933602777,0.38420967887778945,0.36116229006456235,0.15570604268512683,1.4589021976263414,1.5534044390892916,1.167507275726304,2.4196564335692754,0.6363973029687021,0.5103380292890456,1.4418280654964164,1.1899315523923686,2.9437614285033553,0.4624535321640202,0.5752866467543886,2.099250970178552,0.8129969413725149,1.2974502064255802,0.5608958256792709,1.6066071981199834,0.20960054776332637,0.510011146234636,0.5794959369599426,1.2600624050424174,0.21238969037889638,0.579731076189421,1.278041459032738,1.0512212588060093,1.4388004916819148,1.9235421717366432,1.1293817615877315,0.681873214129556,0.55646905247802,0.77779534185496,0.71176668459928,0.680423865676899,1.5838033384918777,0.7936127085575037,0.9696945783234343,3.349948269107854,0.8179813591679547,0.8100178329838865,0.9293545298843988,1.1673181898138978,0.1825909817618333,2.182414273826481,0.6942377083629906,0.8269631644090293,0.8271120312688992,1.1796826086617758,0.09730533280590525,1.1910914713118552,2.21239780058213,0.4313198616060159,1.5091980560531575,0.18825286100825456,3.1598819407732694,2.1937735542840566,2.3191611783865307,0.5426223046039587,0.4564321682347948,1.3202658447266962,0.8196774982038719,1.4170792556951046,1.1760731450810182,0.7684204405866694,1.4839573606986467,0.7819571179645106,0.8271433071672146,0.9682275449955966,1.4372519219715176,1.277242806453104,0.36754511450202054,0.8596981087250747,0.31362439810270193,1.7760829671366631,1.4058890992732083,0.8461958447376019,0.7088115581743833,1.5356114674884562,0.3174926736480632,2.424710029451083,2.1678436939527743,1.3392692666692216,0.7304818424915823,1.2451204233098014,1.2955788120559983,0.6842544588152156,0.08321428560186017,0.5540932008081159,2.435009607725613,1.3702370205668384,0.7462289825213273,4.0052727450306485,0.07516052925706496,1.7780159045948103,0.6137064525013158,0.6093820393923157,1.2394761621982535,3.133308247085646,1.0202859132547921,0.3194901241978444,0.8991073009275673,3.4335892374991848,0.25787631318809334,0.9249374583147875,0.8631021648502517,1.3670728956370233,1.8912682153273996,0.3986294025775799,1.193896083737491,0.49473967618220943,1.1726324433956388,0.1879210829693419,1.189344372516437,1.065737453445666,1.4199202156509991,1.629244757847265,0.8435083417574764,0.45050347783642875,1.9159386428148277,0.29119041228538434,0.6167422418689339,1.1671109251579055,1.7198484561611271,0.7123145952939701,4.922293680539069,0.707249878380556,0.5764770549279482,0.7643339282047235,0.791838507727616,2.6214027279664247,0.5981958110094524,1.20821330414838,0.9344897314829037,1.100685196010557,0.7688172857345337,0.8829100587327553,2.266563952310599,0.7980654998671658,1.5745323382342096,0.5246639595664234,0.17792657367748543,2.0613596672593446,0.5657350565211778,0.574628748929456,0.9825873624520642,0.41268190727694054,0.3620587016570128,1.0061037520868632,1.8071510729452107,1.942115541989099,0.9605678608769938,0.7841150385751179,0.38261392393520627,1.2525652032253731,0.25722997094430355,1.3483730341167166,1.3011210639250526,0.7548559095742566,1.3811753385321488,0.47800169904626466,1.126965606324325,1.5367813328117501,0.3371358283357395,0.8388984052517294,1.2796761673044068,0.4458398060463146,0.447259540825379,0.25320602864421754,2.203734791074539,2.0768021628780597,0.5261520618478207,1.8833358038864114,0.14602829542763285,0.5155028803454318,0.9443468043070802,0.8916790230288921,0.5166492742058656,2.246805834276587,2.1526091626537003,0.6539819439690844,0.6130794501868091,0.8795706877374687,3.139801700175421,1.6289844714972215,0.7308963248841116,0.21527107788821787,3.2428534560223174,0.3204137972773805,2.3607457182439715,1.8631892532760679,1.2727398490046462,0.5818159005239559,0.6869082120613061,3.057774344333864,0.569775410716316,0.6184032645200107,1.7852803188897832,2.123620688464477,0.5178454669595917,0.12106501822502931,1.3863060661749393,1.6037489700168737,1.2414534579675889,3.3073914047205193,0.3882936824722827,1.6442810924058817,1.0827462021610064,0.7887290587229956,1.1584508279971222,2.358924015771164,1.7254302417805851,0.23510311998705874,1.5777430190921675,2.5916588700162744,1.5106176345072735,0.6566434708108813,1.0255848884487295,0.8105853792182424,1.2081714293654409,0.8895461120737274,1.127476824956819,0.2499830262621927,0.8517377222884921,0.8780024223352974,0.8139411581412301,0.8871636999577597,1.6445390131855153,1.237787973389161,0.47253894819999687,0.6667146225407747,1.6374016012909416,0.7408357027303367,1.4047782528361956,0.6926176601564238,2.440671605932852,0.24953158033599787,0.4954482348782746,0.7248081875197739,0.9830032957206173,1.9715763110461428,1.6378750296614755,0.9207411194962947,0.6663877180439914,0.9016818379304238,0.6929936018765712,2.122526346080371,1.7639926358229818,0.14178750189841288,0.877145806851549,0.7943538962379209,0.25128439228393606,0.41742239045773566,3.2538134063934474,1.7613792684706306,2.3761992227058455,1.2173677919892476,0.46445781211449066,1.0041588015842824,0.642526801582453,1.0952342116178448,0.5394968706107639,0.7617970590530722,0.38242124868315186,0.6613756957155046,1.5389750324177267,0.1620162324513048,1.0865563768223858,0.6276587605789508,2.6564096853661137,0.9329566525284222,0.46971831214607485,0.3078760629492807,1.8830817152211745,1.1113017560536944,0.20062018796978176,1.4171306216872408,0.714492117860497,1.4141141752374426,0.526000504258177,1.6039775886974665,1.6681580743674975,3.454240620271713,0.36210309938684715,0.7730913818763584,0.7238367065357367,0.11712309612434502,0.9056960461932548,0.715668080691796,1.2853656873514347,0.49113585508160007,0.17500494552121934,0.7549899268673793,0.34403297465951777,0.5146267341215335,0.36976997750889207,1.3798605844278373,0.7694277186117159,1.191903345025628,0.7720017832835186,2.054308490078811,2.425237564931527,0.27517605146390917,1.7284255125940038,0.3655103818411195,0.38358710529787016,2.345908214599789,0.5324391193255751,0.6500819686081051,0.8816210353901098,0.5033622205245802,2.77951863290826,1.855349076758077,0.9841298072680398,0.13681155376270604,0.6261170999664266,1.7531652764594334,1.0922409333324066,1.0420177876820143,0.6150755101157925,0.8914505267055448,0.9611057134558527,1.6325489129596835,1.7668735843142365,0.4416463751255124,0.30190564983996276,4.750985622598423,0.9675590170997026,0.6075153837421838,0.6428051675583255,2.428450811955219,1.0938753247199384,0.7719678658972341,1.1089927654647758,0.9573632484288328,0.2313142222857569,0.5388684141745439,2.0235453951275,1.665662583966705,1.3056877145431884,0.815034575682668,1.989422640401638,0.27276217489130583,1.3572790997167217,0.6852067866246438,0.1074068488520763,1.2899656640525525,0.4596786479371209,0.9821354431952729,1.3642551788342887,0.8902932681466749,0.8640195402275895,0.35931866993160444,2.3940246429531253,2.3654320816312606,0.36736578176312773,0.6866777697319898,1.836538886904274,3.0882604384218397,1.0134320849725227,1.7526412997815057,2.9310154013204386,0.7020253790312427,0.8596605143457304,0.41903143133449827,1.336155926074869,0.5684459388916567,1.2276744696000956,0.7807623044097816,1.904567765156082,0.688798648421131,0.5661823370665181,0.7357089593323951,0.9800899073533312,0.8283674454993522,0.23952452268571123,0.36618866915606874,3.6748424976638496,1.3645830983851237,2.0233409603487607,0.8822026457808727,2.0687341187496546,1.498217414211982,1.7007329503056465,0.38471635802376913,1.012957975071676,0.8237199194129914,1.2829019424193855,0.32095138165730464,1.8852163418267749,0.3826629800109075,1.690325056063143,2.1340068676509767,2.442345985506468,0.5229334582743371,3.570249026578554,0.7099862203941326,1.768427454706034,0.2578105470970906,2.3926390580479637,1.8441288295667975,1.0645936927272102,1.7531621726460893,0.6430921130678242,0.8205765942065611,1.720325474258475,0.8455737043356891,1.105466950675714,2.394252778534241,0.09454270733091319,0.4686842115616756,0.9938270627809243,0.2168914459023373,0.9533661678883985,1.3057469508579056,0.5205997071538249,0.40758656010922656,0.9011892240608015,1.306965420088388,2.587578693621013,1.7653776021385634,4.701258783903727,0.2794973994378743,2.421179544850045,0.48479908362333557,0.5563760053443825,0.5084684786141035,1.000196550030716,0.27433292497428075,0.3827932853008468,0.6636190269971746,1.1069417891921511,0.7147319912606547,2.6556943287276518,0.3815492105848716,0.7564052168718798,0.6875394677441855,1.9354495386323416,0.8977418812117866,0.5955899212305108,1.4797606568049946,0.7002513611899127,0.7658757830809592,0.80025643112528,0.09670508998736865,1.5117845822569023,0.33198877329194654,1.080325042269331,0.6507269767329722,0.26565799396751855,1.0457622256793284,3.1500141997845765,0.41596417159586935,0.45350167740236413,1.871155345306489,0.627875568590899,2.1800579916612053,0.3915400750750001,2.464219636376956,0.29123645663333564,0.5964675002187432,0.6034056961131522,1.0788909350680682,2.2253416734175473,0.8960505666639541,0.4587306160473163,0.8649362480061296,3.0705892333372216,4.284182402438977,0.5393037477437987,1.341701972487403,0.7454807446328415,2.975113735191478,1.240713554848423,0.26216234219287715,0.14742193664913109,0.40446027638128806,1.952082564523768,0.5291690264648647,3.1791298504510803,1.5066428210258414,1.0058555036080683,1.6082517220319703,0.7384177052301207,0.8832505423518509,2.700451175384801,0.5568703016364118,1.7663799836525753,0.7078540657913825,0.24451982037130013,1.8415128903398856,1.8129328250152839,0.5691136767688327,1.6149207004605457,0.17695621783680393,2.600442880436775,0.7171247233363247,0.50453962026602,0.852392409249017,1.4003591726927165,0.25924574328553374,2.7619215331729885,1.2230434130894456,0.40675008660912704,0.541463660234589,0.53954405473991,1.8347175662279525,0.2815120246738487,1.1040411071126597,1.8757938838163857,1.2437819554008673,2.0576519340695785,0.5797012770876612,0.6606558397407882,1.1017857238882864,0.9294688556705542,0.6161419880441923,1.2613560353106128,0.38502606334393463,1.796736877703266,0.757982658751776,1.7257871021139253,2.9921001116300765,0.7683996171427929,2.076310180237029,0.4288981833494563,0.46575325926067856,1.304723918056992,0.6464699103204334,1.3697889466951547,0.3347522916670258,1.053318625948875,1.705701528893759,3.1871407459029593,0.1944402782775288,0.8679485006209116,0.7938548823404548,3.4800940631042905,1.972453423073706,1.1306738050297118,0.8602087894477971,0.9510529934857904,0.1561255597244717,1.5805231399221167,1.211050642926776,0.6409265447655028,3.6321686896337977,0.8576574032154933,1.2223989165735567,0.46175132138874564,1.3942359468973091,0.9456215624466318,0.5621517338935269,1.3809498272753347,0.48550080084079106,0.7785837669673379,1.2730361767066094,0.6494181574744409,2.1083619851763262,0.33067039717771246,0.540250416873915,0.6898118017213328,1.8939739368317503,0.7821959631971551,3.758667355359715,2.564796048740448,0.5528972809666285,1.1479262028629291,0.5954034392645371,0.6301819574354514,0.916197254208494,1.0367642678018165,0.97879945470588,0.13794242523286576,0.5665568394085507,0.8643205853919924,0.49284769453039434,0.6356960375404317,0.6009058979166247,0.32662613592561063,3.516568192119602,1.6392463436410096,0.547653645999832,0.223297658760214,1.147757627405144,0.362076028151082,0.5303288635320829,0.512902782464514,0.6755862351269175,0.24519841814903187,0.32705967890307686,2.0245056212658676,1.0598426479288263,1.3610448535748878,2.494728521003993,0.1619433669457151,0.17323192263536102,0.39274684614195454,0.7398228542898365,0.7390438681054552,0.46310255887107277,0.5780744917576797,2.0015176482208235,1.2148576503028776,0.7099139147196708,1.763957120882991,5.772320434293158,1.2516508377986113,0.6342466341304702,0.9199217510386356,0.5311266715922953,1.0355544426211643,1.0133062352452553,0.6854668899069397,0.7095584484607571,1.8525608446990518,3.1901890106779005,0.6844749306715564,0.4001269261821132,2.5966813306853833,0.48781443046522277,0.533793106426332,1.416148792531739,0.6297447238295608,3.2930669044891556,0.9968707686120286,0.7457735252619033,1.4897513265167597,0.09248631656394757,0.6343674177709981,4.007532002401273,0.47730921611028565,0.29606132411738617,0.9909611053154576,4.293107942243507,0.3724876287484483,1.5610050364073762,0.9958197527053626,0.37118453163378295,1.173551724548684,0.6659177150282465,0.40252409461346667,1.0894078004045338,1.3943237123039456,3.0829053834105324,0.15545581058735092,0.4900973794091077,0.6361104384240559,1.7176965085948337,0.18967445529104188,1.2290695847665984,1.7144850978353792,0.5816136472789812,1.6566902901399887,0.5947782795199148,2.0910120771191862,0.4883569351688496,1.3954451645841248,0.9511720909496519,1.119720149616829,2.209013412916296,1.1966397025423139,1.6679682620001905,0.10800318267259457,1.4378079437559572,2.502856682998332,0.6024437482143161,0.7916087682068202,0.5101223816433864,1.3986270522301403,2.217848639902502,0.6099410172577997,1.6560779495343643,0.4365627942815009,1.413431016500194,1.5197181162764692,1.4020997843228948,0.3624368526955653,1.209212451836421,0.9591526564903966,2.099648576707222,0.4386124455998268,1.060315829651186,1.0314916449193712,0.6842961516044515,0.7753064113984853,0.8433546329376532,1.770150245902051,0.29823346479546053,0.7067031351423949,1.5049507626346432,0.5055520003094769,0.21649111216762018,1.4869888626785674,1.9291162048110633,1.1769111983466418,0.6330026037807165,0.6535562584843803,0.4231496974276923,0.6100022997098236,2.7242354142990477,2.5221014659342025,0.8800049485729831,0.6491215778025332,0.525225844196795,0.923892213642979,1.0428309948724672,0.4229044145032912,0.5381577859211574,0.3290829817858842,0.7874970432815773,1.2152871186764838,0.30831135643793317,2.6418160378870565,0.13429307769614163,1.6770763071753234,0.9527346629366737,0.38726641831711356,0.4894455098719245,1.9549270011871174,0.19816601009888613,0.6835938969470594,0.8765471942021676,0.7537782462098999,0.6287171759908202,0.3843394113154197,1.6476024409530419,1.7081284482945138,1.929545807576042,0.7246653694910714,2.2849468429977833,1.6360120387487422,0.7789210310263281,0.5750181924949214,1.7540271459222674,3.153187148629821,0.14564311069382269,1.2178130609888513,1.4806181161841558,0.4941641552938163,0.7374899886622232,0.507187853775096,0.2925212530792002,2.1393523140233697,1.9443043394790163,1.5183199608681908,1.74705118286322,0.3205943654476817,0.9693098111708084,1.1443009686943886,3.108004463494967,1.2656335425052747,1.3340051381417948,0.8221889004651013,0.9302633592434651,1.1160025637390165,0.6608411862926704,3.281717122559151,0.46666014948255663,0.9558751080626713,0.6538073342557515,0.6045345462665296,1.1296727860450915,0.9007145572757687,1.3402341206449373,0.8138576101071329,2.761557128528589,2.2309426448146032,2.9171738343293563,1.354192845395977,1.5971283807709051,0.5869866317414606,0.4020249203020061,1.5516282837472848,1.5851060608819139,0.8497671117270414,1.402434663963893,0.41759567655254864,1.0748009920674004,1.442174477893487,1.0787290425055736,2.5975824820406914,0.9696339607042879,0.9116304175200184,2.441547001738698,1.4073672757115854,3.3958247966568065,1.6843848753094022,1.2319750377759018,0.6437131330211884,0.370640559088377,1.3140776827189309,0.8135298683537753,0.3424125075623813,1.4097880196096395,0.9981177145964835,0.9786512396470906,1.59978716509974,0.9153561776848029,0.8909977692150177,0.7261802984006311,1.725066412606823,1.2957452033913937,3.4453706750833044,0.7812593735244395,0.7516116696965327,0.5598377205030614,0.45287434079871114,2.1622503386774703,1.3118577317706186,0.9983073848685531,0.3127228519882983,2.693066895417579,0.27701836627495924,0.7907254135191393,1.242310749069112,1.2826229167587626,0.2504005117233167,2.4225283769727763,0.7547804659871156,0.27389236216595736,0.8687033962617342,0.21717547100611967,1.2272376929967956,1.1094779543789013,2.00610179409761,0.7107521174627954,0.81255630672838,1.6288183824134452,0.6531296491999509,1.2879727347241496,0.31392847667441304,2.623987936647529,2.8782941083403677,2.3304410288724817,1.344286354813909,0.5728326907862035,0.6162198463841753,0.4539416459584145,0.7640219939471679,0.5457750547161491,0.2530210553820166,0.8673914977046682,1.5448107113624527,0.7740743494738926,0.8080681726854783,0.548094807122352,0.49483552642452255,1.709814161685561,0.6643299370894834,0.5475104730422584,0.037336055344837416,0.41355273052485697,0.382754306766774,1.0374223229205735,1.4068352238635642,0.29562242930780536,0.3704484110771926,1.0044324457623004,0.28020713583475376,1.340853444654698,0.2693331602674284,1.5034499359771074,0.13750580847972504,0.4825446386107256,0.4274848039872931,0.8690783997813187,1.0829907244593453,0.7403336546150995,0.15719940154238876,2.4348064775472924,1.102052009267859,0.6168630810760144,0.2546611701284227,1.3803202928453522,1.3492878808880124,0.37242541157675124,0.7402741927665382,0.7225710919219144,1.3588511987304712,2.157681020198352,0.1895322111060055,0.3358652874903226,0.11528884512216879,0.5818883168168136,2.6399667359342627,0.8710006120183902,0.7147795456401779,1.3907124441331524,2.2034067221035953,1.0894277243341732,1.445870922185022,0.7528606216769946,0.8737226946739184,1.3304961719335582,0.27553868068431486,1.5679461287226637,2.3128036699181274,0.19640623205294372,1.253077025218282,1.1023587759508207,0.6796573056942417,0.6699282622740986,1.7750797501070585,1.3231422381765727,3.2634410662533404,0.8025524974297036,1.4506791182897065,0.3410071259041212,0.4693078232445849,1.3160940432374433,1.614115484177529,0.5296556450681114,0.4618810955011867,1.1740773829230535,0.14645756814893685,0.7810060799133506,1.2507453252722178,2.1214990187072393,0.8050383185217722,2.976220835411923,0.9092722052421921,0.975310191252864,0.185529053301984,2.9460737185431607,2.047437789805571,0.46233815634545894,0.5929031189991181,1.8071291217379188,0.9146233795988492,1.9272532141919152,1.1331293477998496,1.3360611184987654,1.8921214049386208,0.6301085507206825,0.5881381781450777,2.883233622159929,0.5644342051503352,0.9582187390304719,1.371919925727775,1.10563300451646,1.9766473178842174,0.6048492903536885,1.276561162296281,0.48322787815489987,1.5132790863514543,1.1436943242476079,3.5955994399490034,1.2812016434278035,0.6992683643867691,1.1361210776652655,1.061750892463826,1.6831492008624414,0.71676195656899,2.6705507624739937,4.372753931947199,2.3746918666084733,1.4381788017684607,1.6845008737363973,0.5026564695105823,1.4448937780912554,0.43574098065447026,3.597790631687165,0.22267531890164521,0.6131063863627354,0.9423022976839278,0.6368840247706141,0.8886433330765976,0.11855510218785734,0.5939977886304668,0.43120773844199334,0.8692792344924472,2.6584465110348647,1.075600654406285,3.5462045386693846,0.443124915999766,0.6999912109968891,1.0730437073152983,1.5436554487751362,0.8963591079232438,0.8631429672974629,0.39152432184690406,0.741032779478564,0.7058433923527749,0.99358886208866,0.5088939389000415,0.38894598568796745,3.612446789429895,0.5022398260309917,1.023060395269011,0.48528847202525827,0.703052710342468,0.8589749478079748,0.6383598328506151,0.21434142743017826,0.472083229903307,1.420558912800676,2.0217935935198588,0.4732285874662035,0.6879654868577125,0.25726082412183027,0.10110164992028037,1.2335173878619092,0.27641722649459494,1.520417779684219,1.055334045471766,1.7399946491622105,1.0346203139149994,1.2279106693557018,1.3311217896561234,1.4172913249661683,1.6057933205552322,1.910701733430097,0.9304526841061684,3.1183639706061217,0.5696900579698074,1.755566619168677,1.5264278186010756,2.542033493031745,0.43362213230928576,1.0384224040580345,0.17942476017200937,0.5999066317074584,1.3134711235782777,0.42900130330167274,0.7871644297525995,1.2563314703874624,2.707370502045521,0.987274465131915,0.481445671233242,0.7853358365299682,1.0206649244194816,0.40592431240110893,2.7608820562659036,0.9631375105340225,1.4009409554086183,1.3957990666716484,1.1088058306981519,1.3916414599572418,1.1752114808455603,0.8978969820246495,0.1106766150431362,1.252069840339384,3.2025899174769656,0.9169342833055095,0.33484524814284955,0.816671052714819,0.4010526380432346,0.5044165093728452,1.442817935348548,0.5555516549363828,0.6400179388758422,1.2005180879193809,1.2186236935233057,0.46628227463661487,0.5242464958114943,0.5507674897187171,0.7946160484044676,1.4288350727896963,1.1297626992392704,0.4112552155189263,0.9683478527702518,0.8241382450593613,1.2131938816551744,0.5182622716222747,1.2144848156749173,0.9783331524797574,0.47473479553965103,4.251898658990947,0.3244804482466412,0.7686680421908973,0.8902072347276451,2.37365559952924,1.3547806000527418,1.5379190452690712,0.5621752758165013,0.8027734307530008,0.403885011646811,1.2268201253790667,2.158894182414439,0.2908197869818807,3.5305461552280666,0.48137271377696145,0.364828188768896,1.2615913946626736,0.334876530237625,0.6693989568729241,0.5200342548886951,0.6714142425181313,2.1049100281815143,2.136868799299447,0.739597473828571,1.863800035441236,3.375951272223412,4.951210129279984,2.8860019860251045,1.6914534585632133,0.3005420902474722,0.8375083547955773,1.0188355479505535,0.43902792933805623,0.6734569601632994,2.5198726978008965,2.6569818945876476,0.8081911663392901,1.0768233574272124,0.9430316105964641,1.6312485493441395,0.8064684253418545,2.6044113385537897,0.49907163636086105,0.5277995016442882,1.6454669950235887,0.8623237094600192,0.7018309742770201,0.9696124925413528,0.5626458042017947,0.7864942972016619,0.41456479558805875,0.6475328269670675,2.188005454561912,1.6451027488529772,0.3680754425656505,0.532879422059366,0.9286866314017495,0.6242973548925748,3.7609288428006655,0.607114695709194,1.4862550759267463,0.6156917781329826,0.6875797222738265,0.8657845441179746,1.176199237590234,0.8339018773574093,2.6676970357761856,1.790354581357331,0.7516799894965793,0.3141268513759329,2.1082894004223593,1.4459534113346142,2.3824899171919625,0.8628070568225659,0.3563670420128633,0.34430218317559336,0.38950762147996026,1.462356874083816,1.4778536437165102,1.1512412978920277,1.5681660211905386,1.466118482101609,0.6419691378473584,2.274107473988478,2.7231299652705054,0.8971568923640487,0.3265728708584398,0.6152694148510819,2.1113247186080186,3.57226356369703,1.1082130801349812,0.7882500588556998,4.3605697986747805,0.20555677602276778,1.1900823314334088,0.35586075672925216,0.7022708862667455,1.2640483446697377,0.5340192969482476,0.6281516383148278,1.189514735038108,0.5142972950373131,2.219872460797916,0.8221745822761214,0.584505631850987,2.1074828427356436,1.1937852632473893,1.0639239327968564,1.8703046063189475,0.8521476005314845,0.960618315018275,0.2556240007020406,1.022915897342751,0.35862038676572083,0.7928080782564069,0.23344061607573896,0.5824994241613417,0.27734586586577326,1.354863240766489,0.16299824626246373,2.570406667932381,0.3233311121818212,0.9658699315244971,0.5467226663552389,2.1036744909776344,0.33431223510373353,0.1368293525564488,0.32251549348778963,2.0404824289002934,0.5464042777325047,1.3989874644755076,0.30431806097139646,0.625348575250726,1.1360246633143696,1.0670278425173756,2.2645993105487574,1.3565782903222896,1.7630178509258048,0.27455164359163386,0.44122748493152586,0.4305384754065411,0.9027751703641615,0.2161053206391894,1.1335283878742826,0.33784665118183915,0.3579418719024255,0.4708239122587301,0.788200520448332,1.537597952381524,0.8223041593640026,1.7506330085927146,0.6449195659990288,1.1725781019265051,0.3248645675357207,1.13946066651978,0.9816377809410483,0.8290603365726249,0.5110343974737896,0.6212200257500611,1.396987827219424,0.7093809519538177,1.1847515155251218,0.47441604400770654,0.7264014291887705,1.643597390463614,0.09262956273408973,2.592887990869238,0.6039618629741518,0.2855320353936328,0.6711691759938191,1.2062133511978899,1.1258082574359758,0.958294816469639,1.8590215226249847,0.939057496405939,0.343557824745389,2.6258109633880173,0.9347372114055965,0.7816128166322696,1.050883836539542,1.0537217123595863,2.0169243355900237,1.8542016026756702,1.8205130661991078,1.0718046918599937,0.45979121991825433,1.6817896717918248,0.24648022467560438,0.4412960337450268,2.6597008858570796,0.9752136216428093,0.8024740956862542,0.9407361749607122,1.2786370268441891,0.7796154052903623,3.6055000436322073,1.1908408200515723,0.5592183738427907,1.091067145499045,0.5251314903971751,1.655471557510269,2.1462721946216305,0.6602543029244679,1.0726739866509212,4.746875906695687,0.4629203126553101,0.6328560281459674,0.295938542741899,0.32885992186763924,1.9792108952447023,0.7485939548055578,1.8491094372024643,1.1066901538688962,0.43140928926970923,2.3652657071862815,0.7385313381349853,3.0522276022548547,0.8821146965843615,1.8364197999449106,2.186229171195652,0.6377134664393872,1.3957560510166478,1.4471330938789029,0.3240376633938491,1.765394946111782,2.524694569645633,0.8050409311130727,0.8575595301168414,0.26596670547451917,0.42487559966053423,1.1673914900578308,0.5428090295754682,0.8120569128816242,0.059206855582368934,3.97075969449827,0.9773127781123495,0.6705303161368978,0.6933524450346638,5.221719065912789,1.8390184207984301,0.6968110401909122,1.0027231732164106,0.7930056718998979,1.403080351711937,0.5609623362952378,1.5798350423210135,0.5164611432347661,0.6582736941950391,0.22055401745716718,0.9116854783306824,0.23232257608570128,1.3476711440445381,0.441037015259456,0.47900208403284106,1.806734745599735,1.8440003497392279,0.49149737536014276,0.6095667205226211,0.5354610532159654,1.3827512761337366,1.7102027199514933,0.6187236100043094,2.3668868818460043,0.4185414565034477,0.5656294621388513,1.2418488975932052,1.6982008103167185,3.59188304962061,1.8445256789008397,0.4697602849793179,0.5438041517964881,0.6677906661590398,0.9982938039311879,1.092151015298257,2.1220912990977503,0.3716484695084128,0.49381687688562304,0.39039850509740576,0.46284294833622985,1.313780828397555,0.5580472102691353,0.28769565838485267,3.236688743371067,1.3783186258799187,0.6033402516374813,1.834468080676944,1.8263459733740188,1.2995885788641188,0.6211334608477016,0.5360137021690246,2.0208957675479047,0.5863741374295524,1.5155130420915528,0.8519363184292409,0.8224655638410767,0.41300551610240277,1.0363825236632542,1.0042350736835572,1.6303477539324076,0.45253489454948803,0.4802177669172424,0.9837382364870465,0.23599094362166617,0.5770475060381633,0.6613467017523331,0.5849302799854388,0.2653649236386074,0.9226739417864369,2.6897517686922123,0.69701447466293,3.614734201665645,0.4841395853267708,0.7869764679604863,0.775972882214645,0.45935739601785786,3.556238954428984,0.8842611031069076,3.2174132283052885,4.040510636657033,1.594517540330211,4.579142940253278,0.7434391789689877,0.7610980417938765,0.2770307911761989,0.8212986811276495,1.134328322125722,0.5836559384318709,1.2016236046217603,0.5780436920727261,1.4703628635927446,1.2332083174380302,1.024374561418517,1.1471206209169549,1.5687154423781213,1.296523739852831,1.5128926115868826,2.64695716389621,1.2337591845873597,0.6752213350532889,0.4628100387099642,3.4605943906704018,0.757290195992973,1.907754760808372,2.0854568293531046,0.40721860371388835,0.17946859937475945,2.600028838775036,0.4690252764051017,1.51684639641751,0.5211166061878476,1.2949469592199363,1.5854692933197188,0.9739508133386827,1.4491245396390227,0.6616768605108583,0.1755434099711486,1.1219863688442078,1.5995660166800023,0.8109681721921097,0.6152526252764983,0.626365736815911,0.8184791299520946,0.9397676865881939,0.9391701973249772,2.9117953264068746,0.4048569268659834,0.4407438260575463,0.5412451645508202,1.0061880550929188,0.33683309724413746,0.24117529100534085,0.2786046309717949,1.634172497034909,1.0359404263772096,0.7785262314754184,0.6537506199390052,1.0199036412754363,0.9391239852742017,3.270087721258124,1.1207242929747476,2.299993292059013,0.2394628482789376,0.8043529641843732,0.5926007190700333,0.5881238673279636,0.1941285927482772,0.5589579086319942,2.0888072388587458,3.439441941014435,0.5439205828968153,0.25737333825857533,0.25311638609516834,0.6159787659097066,1.2502723844858274,1.3751653059375615,1.3572607259474654,0.6740337189190018,0.12931576161021863,1.8392074117938404,3.7690866153341256,0.7512677528202623,0.9028108914270161,1.3043064303714105,0.4649250467965196,0.22791664657452587,1.4368194587203775,1.0465407268776414,1.9690984123549444,1.5334521348213648,0.31690919050840777,0.5146052011638453,0.6935224057298373,1.8901576465849297,0.7602245321560824,0.880755752391311,1.7904066695055607,3.014661018965895,2.1819862482351664,0.9543906023009591,0.7302477675780064,2.6719290311196224,4.175222959013501,2.2747542141537065,0.33541165023198466,1.4885632744636668,1.8152378273522045,0.33184536810496107,2.094104146092752,1.2423424194345465,0.6718878011729932,0.8611567740403581,1.9543727830481314,0.6586867529577768,0.9540469047811178,0.9297190237335866,0.15619008755738473,1.052773687532213,0.4519493498568872,0.9146051737452144,0.4240559069721961,0.2787117006018799,0.5068720430855795,0.6735755924415149,1.2948728211978466,0.26138719139186456,0.10064808757145483,0.4955661667115501,5.838959866102094,0.45495933328589466,2.9151759523594674,2.308315044767691,0.13755210129651196,0.2507773459453624,0.6164403034148214,0.5130897611979066,1.0708500990326826,0.542342619440066,2.242161934446355,1.0318256808926916,0.8227866765201598,0.9601552321707252,1.3893491197040355,1.2026051392800379,0.7785381042081352,0.4153461522104532,0.5601943237907265,1.0234871678814401,3.942238228956588,0.7009012993163782,1.1877453459708907,0.5736298666777064,3.128235508768935,0.20674653733512588,0.7156064916264391,3.3304505608976056,1.658870967167752,0.5402140184972984,0.39300811557306786,1.8543427905714769,0.41270374577329455,0.772170456027605,0.41980048602933495,0.772726345189711,2.060554819194966,1.0252065581761005,0.6623614483102016,0.7613776440026943,0.29154663650156964,0.6827831884865014,1.2710986973345653,1.352573391882215,1.0625394774219696,0.3981650878040373,2.529274141379633,1.111033234901436,0.7327336333966022,0.8910041526171221,0.8614183733826415,1.826927440660524,0.5636387067092192,1.4860413393229197,0.9507523891427293,1.1732461101477845,0.17030212594574107,0.28250380852666823,0.7973761376136974,3.0852803002665317,0.5257060939022049,1.0170692825449525,0.3150498275333099,1.651919850121917,1.1707711774561083,1.0294611669517026,0.48013811165355674,0.7284736241800424,1.1941535751605579,1.2939750391323481,2.1937726009094276,0.7722131296532337,2.237621706474611,1.0357307522234964,1.1075716623176706,0.8808215122530942,1.1466906612700642,1.6838305852605158,0.7461333468736419,1.2011620156690843,0.6200790138273171,0.957019171789288,0.3112744125284749,0.5938001436288427,0.7682047328605299,1.2561375325827493,0.5534427791779967,0.5191924078146067,2.7133400023279695,2.5922925077565675,1.3600856517049806,1.2316192161243387,1.3875661370258565,3.332141016780207,0.88822429858836,0.48244168257557707,2.415218048583802,1.1567140798576219,0.7423400370870091,0.5154519193492143,0.24756381127347815,0.8855294975900802,0.7543846316283724,3.366593210147932,2.880374956573271,0.4610530476623481,2.6923179768643895,0.5304569856987542,1.047063777401533,0.7394211405958904,1.5783694767872236,0.610595238889841,0.7687294506354321,1.0442296700143399,1.409708441375537,0.857827278645391,1.1038114296639374,2.98638782336658,0.625354909611896,0.10409700036555591,0.5978102257776101,1.909896051291615,0.5712654900637817,0.8551056222687067,0.6708190432018003,0.3990777800851527,0.5842241546617414,1.5535946074540559,0.8623408537246362,2.0199445790653856,1.5212412376344873,0.5002949993276773,0.6330960124264315,1.7029929780589246,1.6863079666988963,2.2511588909038696,0.8203095041696775,0.5874699059083452,1.065519427279068,0.14765357401602364,1.6092856141579195,1.2341903188767809,1.4580896079359538,0.31154583082589804,0.48248670228855284,1.0424215586548207,0.417151560233084,0.889061434749671,2.0204807885288263,2.7528141046898167,0.6622133748305785,1.5606478136695359,1.356415095305253,0.9625287555949658,0.4846682925495046,1.6778288363565372,1.066170668951985,0.5876860698269996,0.560151155001829,0.4821012869171035,0.6419108024432547,2.1133361164528495,2.935035305200314,0.8450576988760434,0.5601237078176442,0.2796889902212788,0.2190225528019643,0.17409864764373534,1.1934382179253666,0.4255519493500595,0.3312847136994784,0.4002834883459112,0.6449362994368215,0.12667015480622446,0.5584184469581274,1.7960808512274957,0.5768778282118994,0.9655152101506576,0.9408382770442454,0.8918602182683018,0.5263448281408143,1.7664265071433545,1.9448063238899502,0.5335205781601915,0.25857814029456916,1.4523962015761787,0.5665269938304005,2.159891421126605,1.4545302813071816,0.48246435552768707,1.2859465705845048,0.9727645684574553,0.34149450840872364,4.22937617234661,1.1193534057854626,0.7519920408186129,1.038141962684509,1.455407127693427,2.3822093065541328,0.139310825912144,0.9685930171226285,1.2236309185713243,1.1346547717685662,0.8703953844724155,2.397279279557521,4.146357596527642,0.5415762483595601,1.9118841130415798,2.191627562245281,0.8806569821450112,1.4005036389828422,2.413472947884842,1.9908760355926167,0.3002151114437397,0.5912877462083519,0.17927822342146152,3.4402719130108954,0.30966275200028837,0.7000629978249484,0.4030315130939188,0.48775438254594095,0.8035556504779642,0.6113541753493414,0.8412461017306994,0.623122597962954,0.8446093244112229,1.4670669329756667,0.9793135845085497,1.2322377731073417,0.6466258803946704,0.8600737064813601,1.8677292352488144,1.1811953650447613,2.1669000300975285,0.3755614281250967,0.8626857454935257,1.0063020758754675,0.18743899559961585,0.3118586583702704,0.7010812448016348,0.5200209289887723,0.36917585074896575,1.6855368792057943,0.9522273426710115,1.4915443511310493,0.5201586295247516,2.113971000006686,1.0942772694589233,1.4624105921472719,0.7328421759472239,1.554937645911144,0.40774458852727286,0.7937864746545062,2.462021551142516,1.1397593426880137,0.5347100800344096,2.7595998442189433,0.3057584234562426,0.8476825711587812,0.18932778256733385,1.4567821680794169,0.8481565478265803,0.3442264164301606,2.09486574748644,0.9001756265558433,0.556580730621107,1.1968436717958875,1.2255518014661717,1.3890613030562424,1.6158983894479082,0.21337315595244177,1.9934300069409119,0.8501022854624849,0.5490659001831364,2.5893115272525637,0.295873301695683,0.8634221540374879,0.8458720139850482,0.35227780160846,0.9929931056309556,0.35376125617120424,0.5597311087611043,0.8617170295546909,0.860321627484674,1.0802126101839784,2.74762851706853,0.46588641322176877,0.4135519138779802,2.069279275905235,1.6911217462646824,0.40047122345847086,0.7786733942402347,1.6735903167017567,1.5749102785596536,0.8118945934380726,0.2895303730181732,0.2742269309275043,0.2960140609684052,0.4098080127365965,1.3724439764377265,1.2537166108498132,1.0576486911533571,1.669157806819078,1.6870282509903487,0.8795132109034476,2.001408286247277,0.8576781367483133,0.4941060599029561,2.5402560148801183,1.6802894691684311,0.3363030646030474,0.6775884844465629,0.22456484391807718,0.6862137210206458,0.7780713181660284,1.3735892758352146,0.7932336705357291,0.8407813125784411,0.41268245968610273,0.5750810415639955,0.415681361776741,2.9197279524337922,1.3908374128131125,1.3049169778274183,1.9606320375747832,0.6829404757035413,1.2300753105658098,1.2224631658504788,2.505640938308785,1.7051341603416075,3.3960831938491074,1.4512556631821338,0.7040915080945288,2.0044416210004905,1.5714216619498214,3.866848772888452,0.8727587864688466,0.8248890507116566,0.7452199940299584,1.8574470814388429,0.6263109456728234,0.49497726520323104,0.9076365532060642,1.0804070912655446,0.6880987967655486,3.1426037701662106,1.363302754824074,0.6319109824781826,0.6381504231420916,0.47052452027147285,0.8646664495054657,0.47872197122955273,0.8717309477635167,2.8602765753209285,0.43781176266136873,1.7111551837501624,0.7359422465848168,1.3683948502415497,2.798451961095664,0.30496108160105406,1.1521701457883633,0.1639119355972553,1.1317987957911035,3.6211163904090187,0.5187137065461191,1.0158971368748002,6.0030131960860125,2.2850318455069685,1.210479865723372,0.8542014564333806,1.2817402882254054,1.7986398593551256,2.0871992595852684,0.41899695562173234,0.7473273946050529,0.8070847147386061,0.5639399642339561,3.484207936721241,1.2557918454262444,2.1795544796747057,0.9336454920359487,1.8235521076022483,1.3232044356690418,1.675557853105942,0.50082919749345,0.65921512074415,0.12673477159689783,1.539564431623946,0.5082261150800339,0.6247602420369076,2.3653140103188797,0.9310830838823496,0.36925311425425134,2.5158136740557406,0.6904499965842666,2.0300521387192543,0.3614565794558686,2.3002069590948455,0.5712918665504993,2.037628920264425,0.6525409664937116,0.9275615782222841,0.18141706011331377,0.5909883905135925,0.42589136640946523,1.083556995166712,1.257576068151506,0.3223072113871017,1.0247557502409188,3.5381367552714376,0.11285558642817362,1.47166523062841,1.153647228330691,2.3338885510949097,1.1657949872229938,0.3785191921095227,3.5283601853716697,3.5071067124391013,1.3463292337511903,1.3814454117174917,0.8871352552244021,1.3155888105110702,0.3391457079508706,3.501526911460871,0.7702097654586517,0.20182533539122202,2.8781941449914665,0.958392990275465,3.609294883201173,0.6330452519564984,0.8834483426303765,0.9127955972809358,0.5759225881168394,1.2196871524839015,1.7580333271463238,0.971975850382912,0.4388638948806965,0.5556300060216319,0.7560984766593631,1.2100706048044148,0.8079529954385046,0.8640913621938097,0.19816886868064643,0.7715460508017279,0.9753823177980689,0.7526530211885551,1.3098635824059521,1.439665674229585,0.1687549892501346,0.5969102223487851,0.980528791832675,0.7596186782445575,0.1723690983616259,0.7976400013987688,0.48523290964560994,0.8010189380868913,0.36917610953445257,2.3745153285126257,0.6543783205763523,0.2800950492912021,0.5406197298897477,0.6248549504284868,0.8401566496565555,0.749953800739759,0.3168075758862854,0.6440428340104531,0.5797563194842266,2.7180494821531864,2.442200642653419,1.2115019878998101,0.4996016313330066,1.0657187718989198,1.0687487231325954,1.2628504355630823,2.271651886626708,1.0237836338582775,0.4638781727601258,0.7630355700492482,1.7157919579060503,1.0187482238617585,0.842967389245454,0.41315069228942847,1.074758774159049,1.0928293947047836,0.5585085544781221,1.6701007388306217,0.9130079674386815,0.9694107291201495,0.21454338422950936,1.0424309450142937,0.18008172237032727,0.8529833941361151,1.5895859231106362,0.13047296751073567,2.241824225169399,5.249098740177954,1.0685712034928307,3.8537944179681323,0.8129620459927844,1.8858294277598908,0.21123268531103861,0.17509946060719683,2.2015135038690614,0.3201265748383346,1.5712256831187772,0.4743013744471905,1.762074376839727,2.1925248314296915,0.813659261042862,0.5623535628813889,0.6229378883932994,1.2251467692885194,1.2614823421346875,1.5003522690554425,0.12786160526319967,0.5496786481534558,0.3720235150298127,0.5929068537889183,0.9678683927797632,0.7879087029552783,0.9057060928857823,1.2538916570083654,1.0440733011939365,0.7029398486342537,0.5877470550226389,1.975028535377832,0.4115254249415554,1.4433366240938486,0.46000740944747687,1.0426414724172588,0.3683111665358917,1.9261163987874612,1.1870327010423825,2.755382190994782,0.2726476697894906,1.5062036947056392,1.2905619476470573,0.7381005113365584,0.9552404530204639,0.7180108355522535,1.3722332571595608,0.78094517004175,0.7911726077879384,2.8382056162938616,0.6689209417743933,1.0912872656892523,3.3149408270076,0.15512583338310432,2.5097225483838175,0.3976494816603777,1.0382531092250162,1.217919341306976,0.6296486983175851,0.44406114725417056,0.6493611898799758,0.46630302854520533,0.7647408417096129,1.2805509727231486,0.7898356713983654,0.4773472985250644,0.8273581530163284,1.5416948897506908,1.137650634655272,0.9787308906892846,1.331312280543109,0.757829688047189,1.9490314217594382,2.045084915457747,1.0231781012879395,0.5149608172522485,1.5618839989614584,2.5395920153573055,1.1508524239706834,1.114649300781501,0.4414582473952351,0.6121912712119874,1.713660693160787,0.7037013066447886,0.3759437374492526,0.330521654198022,0.8825177643819806,0.9562863587960556,0.7917468809852366,0.2547387699829029,0.9327150785171809,1.0631277130474415,0.9136708002194995,0.8193374415585467,0.18594159235594632,0.4122026406320374,0.22248254180064903,0.9244752724747094,1.126875560419785,0.7563194065154558,1.3683725217420029,1.2250366894075218,0.3103415807056934,0.8004442405969362,0.367851276134429,1.8482914025653576,1.6510822848391788,0.5208638818823441,1.6717574184532742,1.3529923096599403,3.7225680306036883,2.0309397627871686,1.3180513525151185,1.236822763131941,0.6430439047426937,0.5371890492838709,1.0295959410562143,2.134101057756066,3.7703978557585778,0.6900121261357341,1.0040965674852231,0.4488937279603076,0.4279284621850752,0.9863022314114982,0.2972840802260579,1.285522642886574,1.261192250774943,1.9237856654532468,0.6162909572170935,1.282969551640272,0.38896096511681866,1.6505323728553227,0.6381195417960556,1.0425983917647899,1.0328981324935127,3.2755767360154695,2.6223011004689685,1.637805355227881,1.322360224594318,0.5100463934600985,2.1216130500604873,1.9105301593550894,1.091545380733531,1.2820034820940285,0.44761395946887633,0.8818764672176859,0.8235722899465551,0.2150484591038928,2.3684851409074135,2.5377930030677343,0.12080808514283736,3.085325573275348,0.647541826866523,2.333907812104079,0.2012190579112461,4.459132985306903,1.3807888718175563,0.3710771758095244,2.3720696898059335,1.5019059534051853,0.3060467373631402,1.5721312377269445,0.6180262214010932,1.576539039265718,1.2938928887050194,0.6546022068716577,2.315295157595044,0.7428577503659649,3.70132859456876,2.0821226039187994,0.3000053319496745,1.0317223709840804,1.9055656462139037,0.9639582658417799,0.7571164330736448,2.506126741927789,0.7920910501354997,0.9706370211451298,0.5640825215760328,0.7341714472309957,0.4437907658018839,0.6790216963688466,0.5322411633893098,1.2448695407499244,1.712547867269643,1.5873677265232824,1.8588125492848815,0.5640929707176888,2.0242750539170986,0.6617468870984657,0.7518082238547266,0.5102474409941393,1.2289609947989268,0.5899858585947746,1.1718637580450468,0.3985230273174508,0.9833486046413641,1.232557150308781,0.49064317736078683,1.3681112614299462,2.2039362421162263,2.2222361072613954,2.038313623471442,1.7611318536640457,1.8183909596887782,0.7467386599140057,2.5443742891867407,1.5828575524175552,1.077807505067386,0.5273349771199709,0.6935385327931215,1.7677602832344899,0.858813159857867,0.6108714865894785,0.6691501160738178,0.3320933012978132,5.312176290997856,2.1423602668869264,2.4462787917869577,1.3053697304697376,2.62983406502965,0.25040616131293214,0.7413593712252642,0.9911677808972322,0.4831519775390996,2.0072841032773203,3.3119331608398763,0.641496853150636,0.7432990034570266,0.6597355533720215,2.677471546525916,0.6226926634813817,0.41180547667906797,1.0886566592888975,0.7863108764646001,1.4990422928335454,0.9728220483355938,0.6821572093813351,0.25892553186710204,0.8383013973841922,1.4450426197366408,1.3965791737460371,0.4935269336812764,1.0408247277250529,0.04641529362076158,1.9250907598130635,0.2601641954862944,0.17966211591651743,2.3814372727546624,3.1726490092066455,0.9828663437198566,1.9423265865320067,1.06293843412428,5.670645432898179,1.632661914500433,0.8283320048659855,0.4911904968316738,2.646543757541998,0.5542502155777832,0.54793851577903,2.2988114241219213,2.653449165126317,0.44422487876696093,2.125579969048017,0.11270733243535247,0.7219190048244354,0.31473415384218484,0.2801418016300138,0.9201999582023532,1.9605561493932933,2.541295349695426,1.5028989794325096,1.3621889300203471,0.9214661693785378,0.4364918584594505,1.306617588656886,0.26467694957438515,0.9579991373176576,2.9106285987359235,1.710443680040401,0.930996742824608,1.0293313382410572,1.9493092468345836,2.319759959097596,5.840932524849275,1.4860916960347723,0.8337653549683472,1.0040435553817244,0.1497415944970898,0.4288534799518564,1.2573168434551851,0.5667468971565754,3.2066091175318108,1.577742468840088,2.7532599294950266,0.917910290211705,1.0800118180313574,0.724467972867752,1.9557300134899587,1.362201076482948,1.1200295108059346,0.931487429016048,0.7264438396769943,0.21342433974517927,0.2287108553628342,0.5682924262632967,1.755464168787019,0.6269396006021428,0.4481175295612907,0.813383001815991,1.1734936537373986,0.4994704270146032,2.1603490449471296,3.089028926029401,0.6632934413266378,0.4315587525860359,0.6370594862207537,2.7583647389436474,0.7626860980354604,0.14577383439298172,0.5963918136070937,1.2655247464533887,0.2966435115178292,0.5397574271774019,0.37329295848863164,1.0434624427505765,1.2998111228500298,0.8621546179663491,1.299486900230165,0.756671996176387,0.8938722829747965,0.7310946805685277,1.3495136947817223,0.5539945649985767,3.8934904456558477,0.8304566082792768,1.3974202008849166,1.127647912439955,1.257933854150334,0.8133242544795449,4.210705750275272,0.24154834044049583,1.053132532164975,1.801738330673491,2.2423285672161706,0.8211225349838799,1.3483202516443697,0.40948163780233077,0.35874872824028026,2.032357609638432,0.42753365961334455,0.42997642704037864,0.26237601393712995,0.14921830006661713,0.833811588647134,0.6275446290870343,1.7171763000805633,1.1885652933232698,1.222012466497434,1.1906753191746269,0.7342878434224809,1.4970489494498764,0.621931673986903,1.422501533689418,1.3350802966123925,0.5679678569521311,1.3518718793606133,1.9917739025645869,0.7993451792595448,2.648965414015106,1.63735753869416,0.688083577612187,0.3089031064426391,0.414675034000622,1.3928391559811502,0.23154169898017762,0.9141500392707788,0.6244684946405423,1.4638246541258768,0.22169574764135136,0.3628023483279177,2.1876170833673423,1.991932440318583,0.44630414210264113,1.2187788658979897,1.6183958548928459,0.5963022923395838,1.421375919572905,0.7483835152399054,1.6445522057618538,1.7783051016066183,0.19144690190421693,0.9974174785712804,1.0470893134780483,0.6202899126421713,1.4700577026687363,0.4485518098029082,1.8917192148372257,2.33156745294317,0.3789823338981316,0.5321321814237656,0.6234162701327792,0.645733657173285,1.2262241179326612,0.9576433579510649,2.9695618682194933,0.5803150865890907,1.7290849242297193,0.6434774973310718,0.622108107557328,0.8055367330016643,0.5000001560238749,2.3065712814991253,0.08712036454371597,0.819122849194713,0.1910658740024538,1.2358263924282367,0.6832569130383013,0.5630685724905999,0.9899972369783834,2.1441631362151,2.6494864156336697,1.8780960544190768,0.3505710678331482,1.2270573889774221,2.347193489359374,0.8332548589682028,0.49182622041367363,0.39224539577350803,2.355591642004677,0.6213257292848988,0.7415404243658009,1.828397603623181,0.7045566265547121,0.26338611647979193,1.1271445974740357,2.8951246457078836,0.7436784076858666,0.9033737764254886,0.30908380231007804,2.520777087330528,0.9993318822093616,1.1568404637193261,0.5848919560158898,0.8042408585335129,0.6263051960453891,1.0036483731732484,0.8455236391419358,1.693211910123375,1.0284184447782327,1.4873433666493476,1.7461171214436373,1.5003458327013945,0.4073755910004416,0.5231592829813704,2.0534841873930105,2.90117964759619,1.793398448831538,0.3478235569474748,0.6363438889429225,3.350407163568126,0.8563327661318985,0.3096651124780799,1.7830583296150622,2.8185059319943155,2.310432347572425,1.1043471754855307,2.83990938275714,3.7018127978697244,2.925782536562665,2.6187618780103152,1.218462673968057,1.4555595717320555,0.16580477498457302,1.7974501213728025,0.37759204782578615,1.7827404544355854,0.3305821140502038,0.9754003206145843,3.128257833277577,1.5012195077276949,0.2297263046691259,0.6300281191624834,0.5862261734492105,0.6399381646658164,0.07234894533699313,0.4446958518700766,1.0626130568391607,1.863978935368456,0.7181310760470646,0.6580849383250004,1.2937673266259253,0.797431944570669,0.6720630161351371,1.2945755729787871,0.3259487185663509,1.0553428195512766,2.23846419143032,0.10547287733940933,1.2582683558832988,0.998889078757021,0.5883903613524325,1.6077057771381584,0.9943454201577873,1.1341335970248856,0.8355501341213921,2.801227307456886,0.7531181756623698,0.6482542781558545,0.48296549792577914,0.4035580621585143,1.3650782174516956,1.1416430830255282,0.4693760131807706,0.5508062166525455,0.39881153397301206,1.3379388976580615,1.2127575255220036,0.7132011012174152,0.32227089502282813,1.5357655171510753,1.3756721437698949,0.6856457031476836,1.2044153661783419,2.049113112159924,0.34885325764125796,1.2027758062658382,0.9545285709860145,3.2293685279227087,0.6245371501828736,0.2340239732302507,0.18794219977854426,3.093592790060108,0.754641654450221,0.33412193103235266,0.6983114337327287,1.380024194641236,1.2154900602246417,0.5481216587953794,1.6257079812187372,4.115230281691315,0.4636402497779504,1.6351891293766108,0.3993911231203869,1.454710208234072,0.5371376261919522,1.3234166912202618,0.4826161999501213,1.014719611526721,1.0276537581858132,0.43130590869094626,3.5587363766762206,1.4467448028788563,0.23963535408913983,0.9737335184507108,0.7304344698735574,0.3607147276738628,1.1190497623358728,0.9995947706058664,0.5781932387500162,0.2927117240819336,2.6926282456857082,0.862875751712995,1.4431503563885535,2.373679676058496,1.6927392787194948,1.6520660698219563,0.46571497130864514,0.8272762832615757,0.6824679929327703,0.3389026113935061,0.447405112566019,1.6654623729600075,1.8378026280504307,0.5348600607381352,0.45950585466567717,2.655900837854792,0.9109421549529726,0.6305637310835828,0.29295721549875176,1.4808647287702925,1.9028389120688403,1.5497006648536646,0.7616181020242929,2.4540003059473996,1.1338796108609372,0.2059172314330192,0.392443413637265,0.8210213575116488,0.6225427138373626,3.0042233459062735,0.9019166537363299,2.486787923586927,0.7537604254098258,0.8252107827563349,0.9406176878201862,1.005638846972004,0.2033236636655018,0.8890646639035951,1.885213969428996,1.0297209584328324,0.6965129398609063,0.8209964295510268,0.6578334080084742,0.6975000981479136,1.5884520840144765,0.15820356856348083,4.2228568278463,1.3306376113978486,0.9410115511564061,0.6560861622607255,0.8125363816397106,0.8587875155706342,1.9285419842144285,0.7624280856695603,1.0452214507539443,0.7065381241588642,0.21049041410814007,1.2203572217478178,0.4440602944794475,2.0285526393504254,1.308050699406849,1.197309123882162,0.9233808544155462,1.4021680744036384,0.36795309373527463,3.167144582462409,0.5082087507233464,0.5229677528476444,1.4377502209539335,1.2623223021100891,0.8466931880360764,0.5642129923633051,1.1178534362877381,1.1149674557050764,0.9204278574884133,0.936556696559607,1.6750594758992585,0.27256171862124146,0.8527944170153228,1.265695742078392,0.653497716403884,0.5159645237046675,1.861349522584851,1.3790455001179436,0.43674457838247377,2.403334527506153,1.2939272982080117,1.4146826198583333,0.19737676049726716,0.18321612946409954,1.426178771487805,1.6752521543381056,0.4468355051836037,0.08094132334906012,0.20634596615114775,0.6778639821402473,1.1662706109919634,1.551018190092419,0.7559146390509446,1.4157357231100136,0.2483569154208941,0.5797701339975152,0.1336201194774173,2.5891714758519857,1.2862554139035518,1.774550543938406,0.25138540017132216,0.5249265487275603,2.688127459073326,2.9203996475809184,2.0823157787492907,0.6668538603051274,0.9609067281338217,0.8627296122868504,1.5601841003168961,0.9787217773132586,0.3172495303925088,0.4993872404706281,1.7930393648612573,0.6785248649695168,0.4792985280702541,1.631439381276931,0.7758813835526512,1.240872939053635,0.3111794489979919,1.3357857198457668,1.4029738247070047,0.8354142087484329,0.7520476734633628,3.0365510599971173,0.7501616899925271,1.288988568607344,0.45047581171687634,0.40743453576208144,0.3712756778714915,0.37906336245134387,1.445480062107999,0.9955103911605696,0.6322276338034247,0.8450220747876473,3.7921700139002232,0.902964495869929,0.24099122925657906,0.5610824213435875,3.3225635452127564,0.7556720728009952,2.6713145504076716,0.20499058711674578,0.8362141968991108,1.0107567802558348,0.571181536981266,0.19803738177241015,1.176831645058825,0.5879689253824627,1.4988955370092825,0.3662402500729615,1.0262684080291624,0.9536552955041677,0.8773699405535668,0.3129014901376441,1.7063150905611142,2.071185086803437,0.4774565460369746,1.3506453786307215,1.3222430076903064,0.7988241770870042,0.7592645675165961,0.47945313432644343,0.7291413780213479,0.48430334303376155,2.380204147585924,0.8684886059010664,0.25030755843160535,1.2970611715988953,0.8238298647480939,1.8109134438188903,2.99505204644023,0.5272967160246561,2.6417573151681895,0.22202976459634638,0.821238799848165,4.045595984605531,0.6607081297145609,1.3236921579399035,1.7967476712390638,0.9215142542205286,0.6271767545224971,1.1851289491147943,1.2252459397744317,1.1715978446659046,1.1513818946080558,0.6618342959824803,0.19002169717479878,1.1419326589691439,1.8264671746489203,1.085039455289605,1.5952801539563595,0.4559945975424775,1.3630379466020235,0.6299470986585358,0.23026459896825843,1.2320925475255722,2.960898979799921,1.084970510814862,0.5067888656031819,0.8333473331529282,0.2587864514193903,2.395747304613198,1.37537375273826,1.5007719650111813,0.6396600262181167,0.4455725259325221,2.1061652141869622,1.952270021595818,3.162316187826071,1.2605706849102336,1.409669187283735,1.5393500903513142,1.1654439522278457,1.3564200445026482,1.7507656215219938,0.7356791422399078,0.5916027477445467,0.20350547990023848,0.20427759613347674,0.8359835951327471,0.5470545991666613,1.6789403526634352,0.2907226834398461,1.459478584893516,1.2866734253764283,0.3114003463498326,0.08505165475712295,0.5158868377720397,1.009577124947951,0.8436444222170812,3.2235666618056773,0.9718017392387339,2.0521790557480144,0.5830092379634694,1.90980903279349,0.9706362612523379,0.5066923840798718,1.0206624913157538,0.6656591761321853,0.713373301837715,0.8424062342323428,1.1712708843283297,2.5103394834455157,1.5805581155946258,0.2779287708532767,3.159659887370207,0.2222121353655414,0.8432517188475243,0.579444882525331,1.8635206174316383,2.189289834498701,0.891393692801667,1.0637905386239805,1.0146830322553195,0.3158984596670214,0.6200836618313899,1.6130110209470296,1.4292618558424626,0.30472335181184135,1.1332834364421716,1.6035193890972468,1.2186815885844466,1.0260233789401174,0.6188730982733082,0.6426249663567687,1.0874908638108158,0.53001955630854,1.625017258460967,0.4777369514126428,0.3205453445178975,1.5081305111593228,0.3937574306451893,1.2262740384229596,0.5313712302040039,0.5686056168665768,1.0926170043570478,0.2189174757359542,1.8295459141427148,0.34724982939976423,1.651784260535959,1.780479518150755,1.3031522582417545,4.336755488658782,1.3335385518759462,0.7669286365420314,3.050753409025798,0.5689724591701517,1.3470721962354273,0.841601645524729,0.5959753048846808,0.5713724878586992,3.237546361909967,5.5601499251028565,0.8645747053775779,0.5538891636783436,0.5421613163396867,0.5056965901383073,1.914619873841546,3.3596084689207855,0.36132020214513594,1.5332641128785212,0.20606022773331198,2.1184582411178132,1.414027047680271,1.6158580584687452,0.6736181540152862,2.359879736807256,1.1110320953229076,0.34826532693819845,3.0445655858924194,0.5946891993852491,1.9903976648127764,1.266891738986721,3.0889814010184287,0.28494911456367,1.1096336780381733,2.8201684078775155,0.1982381868033661,1.187193475664974,2.807419490859396,1.4276961891545894,1.1991257308421615,1.7147861355165355,0.7503628777029602,2.0436698600178858,0.699614473113952,0.44772009530917,1.6851307567286726,0.757229684458386,0.5548454870424706,0.22151824685397692,0.4553768916655853,2.070511877572521,2.654364728233566,1.9350990176901826,0.3231282767779113,2.5710564425555265,0.5370933838114281,2.1970795495622437,0.7520404701525827,0.14855358363346477,0.0976902789384809,0.8333224424236516,3.27282959516932,1.2399751184261505,0.5752515774493208,0.4490281538284009,1.563237063188345,1.0688139462258137,1.6345332885159076,0.7806191990584792,0.5675416531946711,0.7575748812745888,1.4313116241571984,3.103399181808987,1.0399031045555012,1.0838593687905196,0.8268574603309634,1.534941863657811,0.25828956653237645,1.0095739148822274,0.8862166123792155,1.034574547593026,1.250698802833004,2.0397983433165936,0.866974224833103,0.6612978808794097,0.9874306552806881,0.4031567393307698,0.4144162589878495,1.0122582262035404,0.24201857154643047,1.2453701503375427,0.2769429006370989,0.5379386450934114,0.8530138574828098,1.0394241418617334,1.3244572543628517,1.0947740362272935,1.0611141880785775,0.9646993215722517,3.9946447922324055,2.950537276227946,1.378232663735353,0.574585116264641,3.1709782333869447,0.4575866462927425,1.8596958844706157,1.2624195267293765,1.184997117365525,1.1266304084997785,0.6909490871031123,0.1134451748109434,1.257547425627034,1.4846023932359889,1.3993293914217824,0.905906018743355,0.8381065845652829,0.17903359500883437,0.9716249651716787,3.228508770180456,2.409396323359849,1.0392690432163338,0.9318469057452397,1.293997300583376,0.46987557176934686,0.33720495113883037,2.9806416530047293,0.9238932394197927,0.415418960928445,0.36937725911676345,2.894038620735739,0.2714294337743738,1.5556056187832037,0.5255487356161304,1.537582791468599,1.9303144160011598,0.23266155326660848,0.41413337401848715,1.820435907694221,1.1127629543239421,1.2089587943262454,1.210726180564889,0.7214879078920201,0.5392701631494052,0.4529108352151765,1.2339791181120323,1.4028615765425876,0.6900765050005278,0.9993115573257589,1.5541992600996943,0.4172233561485722,3.8933403312025576,0.5365190215093574,3.4628954798046467,0.7908747855106538,0.2622641417803696,1.4462044232832505,0.30052438505420165,0.49316783968403355,0.30896712224580547,2.355959932999831,0.2941922057444075,0.4403244703613895,0.5763331261164677,1.2790860315155466,1.2916185869348449,0.9032235494911233,0.3040117183842203,0.5385460800919604,1.3170483298502238,0.8086546325407062,1.2496244529483982,0.7265021388852588,2.3016042525763076,1.0115691569249443,0.30105955330247236,0.7536351222934141,1.7000956009731623,0.3986466482227137,0.5420751632338332,1.1758730307031082,1.0587581027038235,0.36638401427595535,1.7752813153413594,0.3496535405827541,0.3462363110192255,0.6350616985655506,0.9627345986200246,0.5392672327050878,0.8828368482791347,0.9308609405678298,0.3197276447223766,0.5593810042136577,0.32699376564391436,0.35077888725359685,1.147612130940283,1.5500757266427367,0.4033984396469191,3.523550243124367,2.135109240008558,0.6376235024391742,0.1436377591882395,1.1459849096059191,1.6559305183666992,1.011199014101026,0.5625538999379873,1.5822518743829745,0.45496377015869705,0.9396143375644861,0.5926399043543857,0.5326393054905272,0.9224549157800104,0.9932201487264071,0.6891641970640746,1.2799221515936263,1.9248129419464708,1.1387359147956693,0.36840786048568097,2.214833114531294,0.18983310523401464,1.0122885732654434,1.2073761806950056,2.033931970859086,0.5407775932937322,0.09762739489446509,0.47521530089797337,0.18780372401064693,1.364912311481436,0.37556408844667233,0.1829909498953427,1.9364791159265404,0.6889179498289748,0.9745574976394143,0.6021477275292244,0.5107180771163952,1.2487426740316938,4.938129462707735,1.5814661794091478,0.5767334643142501,0.8556274613940422,0.5279933920812696,1.9511832775960143,0.33141810264937765,0.8929121634351258,0.42339602002273,0.6619479714522278,1.3478579131368222,0.5051450293359243,2.1314073825618767,0.20635879762287077,0.7159935397565546,1.3771546841291373,1.0023180602312223,1.1782700394529884,0.9266349809388243,0.0942375391972125,0.9282983576416806,1.0474284159473775,0.5763255885621485,0.37110101793421774,3.2201836292379795,0.5832678131555683,0.28994565896112856,2.3303566344018667,0.7538098572622192,1.36108216988891,1.3108544809950822,0.9910978732941826,1.580462869277147,0.5370484406842513,0.3461375866569292,1.88258174656553,0.3882856975653717,1.6142330375384855,2.093057062423347,2.3205964543104205,0.9001588990007277,0.6797054987901869,0.9419149092802306,0.34226806939150967,1.4207190754251757,2.182731279095777,1.303345123266918,1.8979386217943075,2.09904961969679,1.861261688643802,1.9641452925625449,1.3397354180706982,1.7797707284582693,1.2806281036092386,1.2005428232869155,0.6468406411253635,0.6395455482904207,0.629804839448523,1.2748460996359237,1.8521447044547543,2.401070178689849,2.3484074924038536,0.9462346159897883,1.7267015219677462,1.817617196386397,0.44811928791520783,0.693402598651002,0.6066616780204508,0.5991622571775671,1.617308422317588,0.8871826099162373,2.84081833812963,1.6427791005876498,0.6302524948080694,1.160842968591521,0.9311880492053072,0.32465090405942826,1.1236020458095646,0.8099198389912016,1.47255637906966,0.1923257994116951,0.5372201920223176,0.6306563896210358,0.6024682349932364,3.0801632891982997,0.5219309088864245,1.2956667759014062,0.4822008366291445,1.843886781162849,0.35632419849195796,0.2798725757194005,3.407361801251541,2.8797267292046795,1.2668840990760148,2.3446560077106815,0.18578409562116882,0.23974136844308713,1.7958645720153579,1.7534885643394253,0.2693044932808675,0.826816997448069,1.5803410457141496,1.270993770278575,0.16816499501816884,1.7388978635685939,0.9666405281519339,0.1856114725714595,0.3844332896177244,0.08658745571602544,2.826696005876889,0.47698151081354917,1.6905082929890871,1.0676742501943512,0.33763821386369913,3.1999532741377172,0.14237277706587742,1.1008370323844856,1.8320470858204463,1.0117624026238423,0.3468222337848605,0.06691812298405164,2.642203463006725,1.06863231291899,0.96639178579187,1.5537722320868295,0.6166091687163973,1.1298546805902272,1.227002871136012,1.3141569525350465,0.5705123932321124,1.6610832018278114,0.2877782115231626,0.8204340356721352,0.42809083589616814,1.1067005435207267,1.137501208242262,0.3264380775500879,1.7705626302250805,0.5664119784968688,0.9525880024491976,0.7498896280471232,0.31094040157805125,0.45881524709820476,1.869263953498233,0.3210307502610503,0.6625594811939932,0.36613129400339184,1.7807377743774393,0.34146905660269133,0.35908807067383,0.7709248238084564,0.5298091942605319,0.5200778715683919,0.4041243946355254,1.8332105981748803,1.7861612705523844,0.6677818315453854,2.2980575431153283,0.6074328512111948,1.3798584829816285,0.36899854441690405,1.545099014206052,0.3162782522979612,0.6890053057995917,0.48241378308765004,0.6189130822903472,0.710495527280527,0.36775211015867915,2.1780436821129254,0.39258553322763823,1.2622438410420302,0.3916574724775419,1.748991918659987,1.258191416421037,2.2317624686272017,0.6075184465391753,0.44765200374217673,0.8471213697751414,0.8026985357812304,0.4160887980826381,0.8943821029530814,2.6331010757734967,0.3049276125942897,0.6618118237803308,0.7425652641049827,2.621837240983313,3.544756139090455,0.1551111480515852,1.4657845853816274,2.270584102274472,1.5331475998306354,2.034876573305662,1.8247324180548092,0.41240888747584203,0.5714969914415793,1.6331409273829736,0.8774146126239617,0.9976371499422112,1.3110921719714064,1.0581222626054725,1.9557435662410598,2.8680619515066264,1.2254483135439735,0.41863621352345914,0.431320095917836,1.149819524305954,1.630278000901506,0.09504882002195031,0.5501314179846057,1.2537762449769225,1.0880935153557638,0.34863774541837333,0.894789550646206,0.14926914177616712,1.264775009721905,1.834497667321123,0.7045862464949939,0.9316129918023008,1.8658576720424214,0.661057504932038,0.3102600593241701,0.32844271945604336,0.7425856050004798,3.338024202441756,0.7399595792364722,2.6743757090768394,0.5667483847189514,1.3780701127497876,2.1506804633708643,0.9719665982728556,0.29444223440335215,0.6383217364205103,0.8138856249298806,1.3901053310122946,0.867456516791619,0.7270215061713915,0.897349457313561,1.0362994460433579,0.9684544632023699,1.185181950221374,1.476806984106866,1.4667627073092597,0.6755775662084722,0.5979360084455508,0.5992120626663957,1.5321497724963065,0.9935111597574073,0.9690729906875232,1.4244824514057803,0.3326718279899692,2.8332544059371547,0.701103174482034,0.5792093576054501,0.5960846470072858,0.5036590932059656,2.320652980831384,0.6689947400576172,1.0635385004239726,3.639280959333637,3.919962252893173,0.5534992203701201,6.773693851061787,0.2576394969387217,0.2993899165061722,1.8212909997595836,0.461147759824544,0.39017866565054815,1.0551547422577554,0.5592041425166431,4.139927020565432,0.33953284087943164,0.4972778027902436,1.5140661195632532,0.9152248245099741,1.1666794038960147,0.3159788564973611,0.37546760467108253,0.9231267503868619,0.6839170293918044,0.7727806408341749,1.2479522777784005,0.3968057891605006,1.3050215108007386,1.0965839715483567,0.8167670440736905,0.8818044618703005,1.0460044809835187,2.432878024714256,1.8156299170088495,0.7476334889486338,3.320183535093441,1.472106451519767,2.502078072913419,4.745487299327531,1.000467097147674,0.8758087948073227,0.5163186950814684,0.21490152976379423,0.40961109771856213,0.16362586343114494,0.2774872220198863,1.5554627438071718,1.7133232196628432,1.8553048168806934,2.144030067079275,0.1556095625252492,2.0325638640875474,1.9665353859486276,2.847816242990074,0.4337615849773883,0.7063901318699362,0.9204815326679124,1.5422766203158138,0.872027378328522,0.9843687161876327,1.7203514988666804,1.4594028128617687,0.8546730833450866,0.7076805974008906,1.3859589264403125,0.32535462362804374,2.333795798985004,0.648851143622901,2.8757705381516567,1.137538840124333,1.889802220525869,0.7428276430526439,2.007616280556136,2.6216087463882527,2.5678113496465897,0.7094964868578301,0.12162110217064093,1.1674842214687398,1.4096345522566247,0.21465669801463372,0.5977791699856589,1.3555869978798705,0.4028830303796702,1.1000721725636746,1.0229017091353598,1.5329741589872123,0.40651143130229084,0.13622074634060466,1.8236320968583466,0.4032846809481567,2.377430824728401,0.4799771747221899,1.5819411128539973,0.613778042571856,0.8585408638352559,0.9270584836855822,0.48415533388735854,3.7641646466139904,0.8894267180831755,0.808890281311685,1.131822823262631,2.4781027620478446,0.5835774893544067,1.6316778168665806,2.429886751342153,0.5355982186935464,1.4125844413423905,2.3996074507597664,0.40098441023451925,0.44440939545769953,0.3521029066098545,1.7329622275222063,1.0890730517110174,0.45634653720015006,0.4199754034447154,0.7250153058393249,2.9766141223007594,2.2363903781286636,0.4725519526238859,1.274866921188791,1.8121397692219752,1.023605377389984,1.5858830356625602,0.7350957816431687,0.6651492176421048,0.29784109148368554,1.2590333253385513,1.0666467018546044,1.2603640406472516,6.639416022358597,1.5310240873294847,1.2961934071983867,0.41577447402939727,0.296657558048139,0.896873254949095,1.6684394482051197,1.1831294595677029,1.8970864612009315,0.8866192329440579,3.229560323278635,1.8963496140538243,0.6988292167842624,0.5642880187520677,0.6790653774262699,2.233148057170748,1.6653689237000033,0.17568449656040142,3.172897542574555,1.6264791752926837,2.15027345126813,0.3777540029710805,0.4550681594707652,1.2692725940570289,4.468807755817678,0.4770912824769531,1.1234071362497742,0.44039273742826945,1.4641424313219238,0.6516144523242511,0.5537151931885322,0.9632270027045858,1.004399479616978,3.2359879083916194,1.332528832550798,0.31308857056983985,0.28199380698824794,0.2765907239736247,0.9890028493435528,1.1816428456804937,1.1897994429360645,0.8713861877013294,1.5834147412041208,3.175181816625114,1.0863713805016044,0.4028491309123977,0.7841184652328427,0.5545252963093478,0.8993968492262462,1.0535729814652968,0.46718952348690596,1.044296535228191,0.6746689753130025,1.966641003992871,0.4845160140918332,1.4533588574260312,1.6419269567918628,0.8665648092546636,1.5969795025499454,1.04666694226019,1.703572063242159,2.093281569543562,0.20617422597425084,0.8750356335741012,0.7155172638580782,0.17836111097248675,1.4494486665470436,0.436745340783468,0.9608464973500421,0.40821068381217673,0.4467509928982989,2.100407122393924,1.657817401194065,1.2130809125248325,0.7976322480276982,2.0630369045277437,0.7730967655623107,1.2959513774061318,1.9410500301882143,0.8627049006220123,0.36688460965480296,1.7080384037719756,0.2938073150499325,1.2335093006219995,0.7845869591965821,0.3529799948421321,0.7049798140825877,0.44568884747475696,1.4092257176851657,0.4472523312303226,0.9552967698746115,0.9056309221792673,1.919990312289007,2.517917350347974,0.2988669119015255,0.6539739848249103,0.9587720738538565,1.8673547624114812,0.39348769584603854,1.0982507615540664,0.6045464164224681,0.91379256250622,0.8996041794733456,0.6986324789227155,1.322163582572153,0.6950427954399353,0.7241716049605664,0.27953947512709354,1.1836332816289654,0.5877290966724493,1.3869993711866424,1.4870389905625592,2.649321991938561,2.76546895264292,2.706667579004119,0.7374083084923467,0.49748464703681194,1.3283598913470795,1.0598300293310667,2.016525369136884,0.22894613798552,0.7730728273167274,1.091385417799059,1.4154227672840327,1.4961966160926548,1.6512076870481078,1.1011435845893116,1.3101833962853422,0.2992611864280483,1.6673184703625141,1.4435970256500712,0.18500111347388076,0.5141120213948998,0.5371164436523213,1.531437898456029,0.8339789492678802,0.9538959361694541,1.2762998417114746,0.9340901275335841,1.0047536166191007,0.9294148344555544,0.6095524223177684,0.3357271320081877,0.43177316967457446,0.4626734588662187,0.7513256210477338,1.3368714838553728,0.4510377719762906,0.918626778639549,0.42925819952670785,0.4785716577451987,0.7779646545632435,0.13744257005875637,2.0579999456200873,0.8088800132224989,0.7211336848945094,0.4689051884026285,0.5996462400515047,1.1387206251362982,2.0896191500450865,0.7251993988902129,1.5846906361598054,0.30035622924320615,0.434771707966105,0.7150561959219582,0.36708488181820076,1.1658930048230058,0.2991691433285145,1.2736096419341179,1.3947486678770806,0.3458872902239559,0.42671765863943034,0.3282906565799092,1.072385387102745,0.1437799130338585,4.963237310305937,1.2358803897561408,1.3182455571892295,0.4477024795738713,1.2183374044416608,2.9128991267830937,1.1469171637545514,0.5355403571899633,1.0400168785993116,1.825625177412644,2.2972834326118794,0.14209765766670165,1.271166857677616,1.5676334683337663,0.7157961753906146,1.2896891623654283,0.5760158400311575,1.1168271831073895,1.492690122306148,0.8406676542236065,0.33024859845900556,0.6325673586332596,1.653671886376625,2.4260734970540407,1.2509602217182998,1.8771441930167785,1.983826715385946,1.085073783773897,0.7906968892740969,0.4818395582029289,0.3973769311603721,1.0283385193047891,0.7818332656112863,0.6495345460208788,1.6773258335105106,1.5027698101966815,1.1918332746579041,1.5273410312521332,1.9627593375395305,2.360844686713257,0.6732131757073088,1.504373749191012,0.5259355440295214,1.8749106668803754,1.295742684639569,1.4591502199486408,1.4425157805099693,0.84136497892586,0.3836243691628758,1.9494555008036865,0.6930496544618914,0.382575536023148,3.0032959627511318,0.6188781404461807,1.8281909430679242,2.1187213198556964,1.111912324842471,0.6688447839070477,1.1507186197552806,0.615196428219732,1.1950677453433793,3.2117409175770884,0.11450431140196804,1.7900907840068319,0.6290326932189483,0.209676095918205,0.3852100155673981,0.916313007741083,2.1519692713692176,1.2703283193824277,0.8143188854110148,0.677875116582277,0.3083190657407713,2.7889477926528565,1.7442143364431777,1.8710244980280972,3.0769060288973957,2.4049584838025098,0.8459772117239086,1.3478841099717738,0.5744510334239246,0.42843743737110046,0.3260698429707696,0.5129607723935095,1.210657758865913,1.499048447465643,0.3934762098481529,1.8940504468639487,0.49901970706125254,1.8062204887340636,1.8754079108748987,2.109664376757289,0.13318627304454614,1.2111705109451638,0.3401412741707849,0.7071331288007273,0.8080958575132882,1.748754613071212,0.5775556940124215,0.6503873905136217,0.7120467976607592,0.7118989614356701,0.9066716737430608,0.48078184407360486,1.1398897594756503,0.6809940719744532,1.3868871608668285,0.7943872428097695,1.5998544293018493,0.3528284709853087,1.3742061766791172,0.5668650970664952,0.9402142499325773,2.4602315993572894,0.204991616353984,1.8348514127004631,1.3166388206629467,1.3300509029949827,0.5613952532646839,1.8734037756871498,1.6326004126642224,1.024651252877033,0.38205419928203205
"((2, 1), (2, 1))",0.0,0.0,0.0,0.0,0.0,0.0,0.0,0.0,0.0,0.0,0.0,0.0,0.0,0.0,0.0,0.0,0.0,0.0,0.0,0.0,0.0,0.0,0.0,0.0,0.0,0.0,0.0,0.0,0.0,0.0,0.0,0.0,0.0,0.0,0.0,0.0,0.0,0.0,0.0,0.0,0.0,0.0,0.0,0.0,0.0,0.0,0.0,0.0,0.0,0.0,0.0,0.0,0.0,0.0,0.0,0.0,0.0,0.0,0.0,0.0,0.0,0.0,0.0,0.0,0.0,0.0,0.0,0.0,0.0,0.0,0.0,0.0,0.0,0.0,0.0,0.0,0.0,0.0,0.0,0.0,0.0,0.0,0.0,0.0,0.0,0.0,0.0,0.0,0.0,0.0,0.0,0.0,0.0,0.0,0.0,0.0,0.0,0.0,0.0,0.0,0.0,0.0,0.0,0.0,0.0,0.0,0.0,0.0,0.0,0.0,0.0,0.0,0.0,0.0,0.0,0.0,0.0,0.0,0.0,0.0,0.0,0.0,0.0,0.0,0.0,0.0,0.0,0.0,0.0,0.0,0.0,0.0,0.0,0.0,0.0,0.0,0.0,0.0,0.0,0.0,0.0,0.0,0.0,0.0,0.0,0.0,0.0,0.0,0.0,0.0,0.0,0.0,0.0,0.0,0.0,0.0,0.0,0.0,0.0,0.0,0.0,0.0,0.0,0.0,0.0,0.0,0.0,0.0,0.0,0.0,0.0,0.0,0.0,0.0,0.0,0.0,0.0,0.0,0.0,0.0,0.0,0.0,0.0,0.0,0.0,0.0,0.0,0.0,0.0,0.0,0.0,0.0,0.0,0.0,0.0,0.0,0.0,0.0,0.0,0.0,0.0,0.0,0.0,0.0,0.0,0.0,0.0,0.0,0.0,0.0,0.0,0.0,0.0,0.0,0.0,0.0,0.0,0.0,0.0,0.0,0.0,0.0,0.0,0.0,0.0,0.0,0.0,0.0,0.0,0.0,0.0,0.0,0.0,0.0,0.0,0.0,0.0,0.0,0.0,0.0,0.0,0.0,0.0,0.0,0.0,0.0,0.0,0.0,0.0,0.0,0.0,0.0,0.0
"((3, 0), (2, 0))",0.6547465163752788,0.743736379638807,1.3364184355609767,0.07391745560125362,0.40226103758356335,3.425266577856926,0.1936339844607624,0.8300310133261601,0.3926623057831964,1.1058585004650139,2.3736792155555264,2.8045917501427753,0.17132327511521184,0.8326862844824849,0.7838229798180387,0.9238784513038629,0.3118504054572671,2.221901595591545,0.7290472971905353,0.17384749271151784,0.04211890872390378,0.9841677436943135,0.45974850321813543,0.7724120231149718,0.5601474409605797,0.10457474632671304,1.340863080960737,0.6625108892887035,0.07088261918100325,0.49252302901443135,0.11028530091591571,0.15759514858687806,0.09712742789397788,0.20165465131769222,0.019896623905937938,0.5173521143216022,0.4275370095471547,2.0651771816625866,0.35937746588430997,0.10829328637328695,1.120031553992461,0.6457393977050174,1.2627080118698173,0.8463267342869278,0.2522005920160528,0.5329244060634277,1.3018819853928343,0.8451854425424321,2.042016519086476,1.5505640717403728,0.7289143842023788,2.0702417544479914,0.7384698262797071,1.6923459871194328,0.7490074398907083,0.5497178848157638,0.14600932023581548,2.683605289719732,0.08656497823369103,0.6720839500045368,0.2825674863337979,0.25728138446721016,0.10509392096245396,1.0888366054951264,0.4763212790575626,0.20650637846629893,0.20907571101674105,0.3066936843388848,0.5761639128862202,0.12641816363892877,0.07874158021901378,0.7019987793569848,0.23673410772776138,0.5032655772221298,0.17684068797431762,0.41072064614380976,2.2209664668201547,0.07154690743194947,0.4699369979459108,3.162870740608024,0.7674869282630847,0.20101409831079875,0.6541029875299904,0.2927460212368982,0.207127676059782,0.2603068594527886,2.3026575307665005,0.13488661813046088,0.30533677403235815,0.7584405496275044,0.009520714481658588,0.22719515435830295,2.2343358284654538,0.14085040841779373,1.5892247906701489,0.0460007104989435,0.1261393564976635,1.1683079524385036,0.48538500288994,0.8782801413635409,2.6359534692663757,0.36503635171171467,0.18978004463063458,1.4724871849403627,0.29050798618611173,0.29506976567537657,0.3096234277208132,0.47269506583357157,0.41943041481225485,1.355302037210576,2.0870303155858365,1.6348430502009443,0.08221235523191373,0.3174360327246417,0.8642921256423595,0.890489271245146,0.5116023128446032,1.1150221032112324,0.814190059279783,1.524439054240549,0.5168966409498701,0.5600141298813057,0.2929079621927865,0.07045090511055208,0.4586961254580544,0.03424938447787884,1.3575586459321396,0.1377566192077595,1.4965184225152752,2.8176509513161205,0.02933474904428679,0.007702316452126601,0.23892752130022776,0.20309154138354302,0.37645723017256627,0.4131160360371242,0.32033177967894266,0.1646706684775241,0.06027304242794129,0.39380371931541847,0.14656849622676693,0.10536896150707165,0.0990821957806079,0.09877515694476324,0.15438674905407435,0.0680261246873759,0.26428713170501317,1.0214470641047781,2.3468132252492797,0.16292003852639336,2.0392457690207846,2.7749296067601192,0.22560696216490772,0.5738549962833692,0.46959790309312344,0.29693954810477496,1.480227682090891,0.37595275324711336,0.2386754267372212,0.5848678362982183,4.002432482404192,0.9851527460056579,1.2504535110827333,0.13212029508574186,0.013060141089388577,0.28003076355729184,0.17785239828661276,0.33934492907146296,0.4061574603478191,0.08156801992325247,0.13288647982539548,0.11630184636726337,0.9435813445469377,0.08530264822005112,0.4788064132635952,0.9058853904300197,0.4362831110786878,0.3644973610001563,0.269593026881636,0.506372990691591,1.3117640125276657,0.12336260057441706,3.668681236781873,1.082929393953782,0.22959191860771433,0.08229604304718785,0.4225718982578638,1.2832514580272538,0.3648037659961483,1.2971740333502157,0.46622646837124004,0.6116945615553409,0.14399188760024978,0.458906733964204,0.31540771627353514,0.432247125150086,0.09067481730112037,0.6561981842307945,0.3055498224113192,0.37566218595020806,0.6955615552506611,0.13865316854229337,3.3480282659210614,0.5472009238560017,1.3857819291815228,0.29429437734645414,0.23569194407957417,0.08136097058565772,0.8167530614439302,0.9702094924509789,0.16133630181747893,1.5046268828727514,0.9983497825497576,0.17560415601035761,0.030350999302655404,0.18784441553605613,0.9484171550743635,0.4083884010311376,1.6334678166118481,0.4216963403388687,0.1495430578130097,0.2881824163276821,0.20351057692859498,0.23008579504822702,0.3948564840919888,0.9629613750513109,1.0371113793363422,0.6690887486813908,0.5966226260856535,0.4070116151557732,0.18545414587799136,0.05501302750786685,0.9171665729555911,0.3088123117117937,0.5844803775684244,0.2722331368025751,2.7968838068858908,0.5224030532156465,0.3295619123287057,0.4046351033763038,0.20388037393644232,0.024712926711367156,2.084460146841046,0.7300003594110698,1.429656268480855,0.1009749217149194,0.2064731016987169,0.14183959168785043,1.8180100336157543,0.18803080750907386,0.18613522151962747,0.4058999311429587,0.14628925931189762,0.24992315144504484,0.5508541024886744,0.3190125008913949,2.145477369099945,0.4033843921223217,0.565137785889122,0.2316363563288767,1.058795190514021,0.4650293966103034,1.146560186473371,0.8495630992420385,0.1546771304993373,0.3478427084054292,0.21773696846149648,0.42484003445198515,0.20238508429929647,0.0913963921983506,0.640712673531292,0.6378386818519877,0.37480586824402806,1.0518857273249351,0.3895246063942417,0.13146206928135706,0.16089657173765914,0.12642590230181705,0.36466015548771813,0.4612639591966662,0.9356254809386184,0.25541803109648276,0.48365952348713487,0.9646309955872665,1.6356626565291121,0.23392455321483352,0.4879875787732655,0.6797542606603925,0.9168711485581428,0.48291677464820815,1.1013298994989469,0.5197112590207489,2.8232813933530103,0.7684992391373688,0.04557545306088584,1.8062350392795428,0.5031739703264295,0.6368761556409321,1.1079538770589032,1.8611470947451194,1.3172043419239636,2.687651648427705,1.479484690144964,0.03961199563139117,0.3991756776177291,2.2860596210926873,0.29314279886412575,2.532738713235645,0.8602825813809247,1.4258157637659914,0.3882737580121097,0.43057559532670253,0.843487120525976,0.32913717215567595,1.1863185925205757,0.29719455121866056,0.5433312330013766,1.001414839195863,0.5691487194347891,0.04013446200669768,0.5956650148000242,0.015056201075561826,1.6747396536257009,2.011670446132219,0.3825891132922248,0.6560229917158298,2.609855827485025,0.2962226694058152,0.28394725809500476,0.3371219631601127,0.13211574397338277,0.5168662772598668,0.5352964423432444,0.1690378056322115,0.20248898018728656,0.4992957600240602,0.3738938978158326,0.1780731332107417,0.013042683196182736,0.5856061380181637,1.319340328635127,0.34004616382642117,0.24559192806470087,0.2528428100207646,0.6304314747846511,0.408538605274787,1.4037644991746108,0.22711757235705432,0.4658914711106923,0.6677631743562678,1.069246315630367,0.29494820261298493,0.36431655960329046,0.9812215615798747,0.24811223488733336,0.1611276278311169,0.42036540921492016,0.18458126954723197,0.5538476956129892,0.14513249718352284,0.8557096225547589,0.07261895428090692,0.2621640005302351,2.6326637717784465,0.29529571530596166,0.19686424292019866,0.41912962929946995,0.4182001597244138,1.2022306127673548,1.6654505866377618,0.24438377597169803,0.2978195397688644,0.6186874904275992,0.38033316531436034,0.4094800098028559,1.5278480484453647,0.23528430380364052,0.5403578799213008,0.5935127622427346,0.3019660744183583,0.2558804485084003,0.31759802573645557,0.539398461382729,0.35385992536588584,0.7972972809212466,0.8879093131359312,0.2356737533069706,2.14820647755447,0.035449372407359014,0.3613524295480025,0.6131187688321988,0.16332472328971348,0.20620371465445742,0.3296902315075815,1.3817328916881664,1.0643581965146334,0.06465869461843532,0.36491268688900247,0.7486099173143141,0.1320076621307944,0.2764538563327201,0.428050127134014,0.4162653872059361,0.1595932619297964,0.5233216021191007,1.554556830871728,0.3954930645093939,1.3296747516079161,0.41723461374551807,0.27672491387771025,0.7931767434856922,0.9760849048407995,1.491785356901461,0.6191702310604281,0.47228661899574176,0.17046588198763812,0.32805274023205944,2.4421270016342667,0.17461760212619193,0.8975335684571601,0.26172507571250936,0.6031431941080219,0.5406111507506874,0.7768727619028146,0.2643025003402961,0.21643075886630858,0.38017700452038117,0.23190288835186945,0.9176136970165223,0.17176039407727495,1.4830645096780433,0.17403369164612514,0.6073150781349281,0.2473219320547435,0.15980761004742217,0.19591829709796038,0.11033377141082057,0.2336277175768554,0.6030108484040761,0.17361715987309045,1.1336497960937284,2.00261333475324,0.15428512470444145,0.17267784328829844,1.6235173659243656,0.7943950655053669,0.3772098026873023,0.6354594454580332,1.2390666237696983,0.513841508037328,3.8510930518346855,0.8910056496737466,0.162378849402518,0.3774424208332614,0.8132515678875594,0.42543161332749835,0.19277901063695624,2.2169563379773947,1.111937145065573,0.5598989120839842,0.4712364697290511,2.0747433960241035,0.5932537829824813,0.3367769242297487,0.13089107754301033,3.6987850101233404,0.9237528417477434,0.7028374721301923,0.488924590305415,0.6378485079514558,0.060389129026178545,0.7846086642616452,0.06759557737284128,0.0871339168836297,0.21495267893075454,0.23548775854263493,1.2334260528639516,0.1189317313831697,0.4187884311317709,0.33879436794019213,0.027560096056850503,0.23795872099656268,2.3301555005833383,2.1083791109430994,0.7616951532502062,0.06784082071564024,0.04894454657731839,0.5939723527178343,0.7528351749732096,0.46832527161854914,0.2031880378041025,0.24021636074285901,0.252458824828131,0.97364415800071,0.2317315234015287,0.6308597661821183,0.10618294860325128,1.6151387626294724,0.1850060174078667,0.17319398159929156,1.8396286428101758,0.2456179336829697,1.283512658782608,1.1376251962379778,2.4200852667861485,0.01564415583005274,0.056823910856777626,0.376508582132967,0.03811113647754283,1.1863708665677217,0.11765093019092898,0.7621797752187599,1.1057497887369987,1.1280833536471986,1.1036937315907067,0.25617277613893763,0.1430885503660838,1.2786865022490779,0.04582192242025451,1.799484711924136,0.49391703682862875,2.106255442128453,0.48663066742268324,0.30412209510620825,0.2636703047109227,0.009729968776850673,0.27924340695714134,0.29940200289580066,2.5022142805537433,0.052459083637800275,0.6012204903587566,0.23534265841284174,1.0111863558657048,0.17445647446730694,0.7667348185354399,0.5933124665720608,3.426849587238772,0.06355126939594108,1.944145542813845,0.09616104632752048,0.361401441881819,0.8219673755773504,0.9775491006283064,0.20315779157131908,0.6363181707242291,0.4545691046486806,0.5283631341084504,0.7580156108393656,0.3237511615858375,0.31982515152933233,0.27978529996723467,1.8054043663011372,1.0929489838201294,1.357903359108545,0.8952110330456403,0.17936198432446782,0.7938842040717267,1.8203792892518262,1.4404321474196122,1.1010163659592729,0.1279593433130417,0.7302657312937382,0.23102434133429162,0.4817029148602698,0.42556463152859836,0.4026659291579815,0.3362955163991862,0.3639973063820465,0.4973367291012975,0.09258131712131057,0.2092780446301008,0.10904592030660876,0.0929506162399818,0.17473950195503463,0.23634654623251916,0.07009008755492241,0.5410576629556845,0.058867362743303064,0.49048016389136034,1.0769254721882133,0.16591673564155807,0.07791669024490344,0.22417440879861172,0.08197781076492519,0.1948205878263763,0.6816471174976769,0.14478232147766223,0.3107589951686971,0.8566615523560026,0.30442684982397644,0.3289994960452538,0.05860727503482832,0.17094584812937508,0.9702248444491999,0.8215725361650463,0.12966106752983175,0.7068101949488146,0.6639150605590323,0.2581524208157303,0.12607344394594833,0.33363382103634076,0.4057944842468033,0.7889741000166836,0.48916749669660065,0.23970159836679805,0.27018670143520707,0.725030135977832,3.61013691074924,0.19508673221048856,0.5988759258513104,0.21874032636481,0.16588385979997433,1.1818269750263102,0.09479276180723073,0.08122111270566523,0.5331201539484098,0.034543219721702156,0.5815146928039046,1.6045916536090479,2.2973474187972345,1.4026904563916869,0.24259930779960404,0.010365907815982789,0.33740409235787816,0.34254779909804833,0.13295582476675727,0.19415301848933186,0.5374239074365352,0.31536152332910494,0.26726784558333394,1.800300304165285,1.0065393302716723,0.24067983916269164,0.17685523071692932,2.6482040981481414,0.5694815637400916,1.1043685158902439,0.5075749677318918,0.6117417994031082,0.5430573958427525,1.5938638905191447,0.46422227712129,0.28351897050290764,1.066096218426851,0.06245001985118237,0.44016628851825124,0.33655958704481015,1.108674372681469,0.30443561205477443,0.5632737240362565,0.10987980681921616,1.7664785799996707,0.294903755856459,0.5390606209821023,0.22597397968483457,0.24068181192302518,0.13416389190159989,0.24591938991436302,0.821111997694628,0.15419450917669797,0.5150811426494908,3.721051297292612,0.16496745415993797,0.42349168442241103,0.7375145116654938,2.296752130215519,0.17031008694940664,0.26976663435961545,0.1623651987065573,0.10305418265991473,1.7345950049230554,0.12957473808054254,0.8502417383102914,0.42468350705282454,1.1952436191666977,2.45155835824145,2.8097821386505855,0.34440318680018556,0.2347132698695087,0.2637425962240998,0.19282736308660464,2.187202520398284,0.3007481534488379,0.6114323545594618,2.2657096362934577,6.17439165081838,0.2615936173373583,1.1665947210925889,0.37614249105959785,2.363202593017552,0.410644571493188,0.7152145613575597,0.03471499344344808,1.8351152875432244,0.6532606785255317,0.6947249268738296,0.4289076148169484,1.6326814135641197,0.45717698864075573,0.36654378341638316,1.0562042341261892,0.373596723639801,0.49042341580616733,0.226804114445614,0.39334457885687935,0.40888835831697357,1.450100924411128,0.27130657675216163,0.36059039378955093,0.8194019398862757,0.02988798918795632,0.08000957515804585,2.514928263565187,0.40661481945679046,0.7487395263830816,0.5738284936314411,0.44992710193401275,0.24562252576856192,0.8598087774036016,0.07131501168957799,0.6661671852373464,0.14072322772262602,0.42984033827273294,0.19309536421045315,0.0216282504330787,0.63027920385121,0.5544688667037148,0.49689051417684604,1.2551843274520902,0.7060710942658871,0.37506004348527755,1.5718425079694418,0.5447765705998195,0.1970567344578524,0.7789067999330883,3.3652918033158024,1.8461118789357767,0.08438382721958249,0.1812315495472565,0.25014641468865983,0.3884656968272271,0.3149539916656876,0.240208950962699,0.06359647355958709,0.19717352928115917,0.35029245371838025,0.5060715304004997,1.176832763522568,0.5996820915777723,1.7069061207824094,0.8083654270411383,0.07508207429667824,0.1392718247135848,0.33744436919926213,0.1547881054799517,0.5922824095725583,0.5145466467673456,0.5001286442060525,0.5249155781898347,0.7039050211499637,0.8255145308982859,0.15315831101480237,0.3522892695716342,2.9768386086126264,0.5220557456161686,0.04992200090277221,0.05392607896189561,0.1916752717030894,0.32766715538042246,0.46711765610607414,0.583107916482696,0.20685784017718545,0.451731556272587,1.7352248048898158,1.2297441682223313,0.8269098542723767,1.1026116359211462,1.9087885658532313,0.13284564787576147,0.07839841870878239,0.1679123384867509,3.662097166598479,0.19565972940399767,0.10987203482623487,3.213440081472754,1.944918780009722,0.03791054188132337,0.6924404550245282,0.29419329677961614,0.7266991091620432,0.1549402004347894,0.12158247405477018,0.43975673127460935,2.4009294934383467,0.2717384176436892,0.9776285806349546,0.08692877115714959,0.44539702101354717,0.9949652259547066,0.7905934364235496,0.3982952132136268,0.4371673318380018,0.41931396435931445,0.30825638497562013,2.0238332406007586,0.2538646746601696,0.223056693179557,0.9725593689505079,0.07795117423745901,0.4839884574242188,0.4328045161933455,0.7248251836131794,0.420851203526318,0.3231884714565011,0.6175113670820147,0.4530206296683388,1.0291784893264957,0.34510329035329207,0.030928004368208806,0.37223773068198396,0.0745678857295532,0.057923547856897906,1.4213976856817272,3.759574878828827,0.08956001964755056,0.1748232755448308,0.14273298111774285,0.07437277597638342,0.11225887159113168,0.31474876126577533,1.3748359610435725,0.3204672383921976,0.15232844035730808,2.7584855285690892,1.5914706760944006,0.6770978814543995,1.4283117936825254,2.3325313961417153,0.17058930608541245,0.18037640003786592,0.43981267602106267,0.5385693735981849,0.2249250680902104,2.5588737781282216,0.2746833673900124,0.3484648103711059,1.1807040333617875,1.12618773652453,2.474683547689035,1.759629771028542,0.09229216146662189,0.621708121337166,0.23132090331094657,0.07657770251553475,2.0259772390803064,0.6654446149251076,0.4186154732899584,0.7665270157980153,0.05067647278177212,0.3727822033705783,0.8433557730388571,0.10345746729085326,2.001303667546101,0.5294330144027743,0.02157357908621338,1.551908401549099,0.5841632530920091,1.3792199720273395,0.4320747774664546,0.7864117355754661,3.032478559017264,0.25308112550150386,0.25276591022436834,0.8903097315105497,0.3268645033665052,0.3168058839176786,0.43763719075577967,0.801355867590106,0.12573983691009394,0.7101003406979035,2.9215102988347876,0.04491686368320025,0.3560539008308684,0.27653242913587694,0.8048969307939176,2.327888698027502,0.570228905271785,1.0811113653462863,0.4173443420658257,0.3280801020821793,0.30758445620393715,0.31622313694818316,0.1887594055782208,0.9701822882077449,0.34148037491934025,1.7920404956842069,0.2711910569716063,0.017055660673028106,0.36868312977728457,0.18436908767495164,2.3136795280399287,2.812724526851288,0.9887954662293721,1.128231303641138,0.4810504547201204,0.15949279433632157,0.29208318112525467,0.2757636860297295,0.41538826660615435,0.42635627228144,0.42293139487115083,1.022788043509709,0.6990882088315997,0.11276514933510917,0.4414607419427437,0.4477876667053109,0.013241487081669945,0.20294096255433403,0.11706920683843569,1.1822537923539536,0.24807250076082,0.9061367278908012,0.5702308791817665,0.6998267384865802,0.3254509972375238,0.06932344911987054,0.2830601430729298,0.2563766782895778,0.6264451011062704,0.13423495131025875,2.252437702036362,0.7424902928658208,0.17494554204795443,0.22984474321750026,0.4735170190583776,0.5899897173434606,0.140483470404423,0.4704073328343004,0.34294387612341715,0.6004628953731703,0.22553604636725977,0.1961761753099729,0.6631300535305464,0.05286313774365642,0.5932720755501206,0.16174938306136255,0.39201139866627416,0.034951064444130875,0.29956845320464875,0.18070551963224135,0.18363349877959434,0.5273461595824327,1.4651386759890925,0.13355094380448485,0.0527211930531275,0.2025016928601221,0.3169458780792517,1.048916041637253,1.3741646760755044,0.6624931600009276,0.11240576600082797,0.34460272529305347,3.1353632906560316,0.06669838739746017,2.474260275868225,1.1207174870684602,0.3286068414267891,0.07665397282780684,0.4508879799475902,0.23484518882396066,1.087811011749193,0.565126851565644,0.3701148891356041,0.3022279395763916,0.6333549384336516,0.25235550591424916,0.3850714487406004,0.3098024757171307,0.31282577200836015,0.2978175226390998,0.09201032943133747,0.34392618770202055,2.253179032126096,3.4470968940496047,0.5279474462714799,0.5208921964426048,0.8357111493360367,0.19705116851413873,1.3541786102455151,0.28396980302625197,0.3490482670778372,3.7751320189294555,3.5717817715077165,1.222979207686703,0.5606671397889275,0.31028273181047594,0.9677146751602992,0.1449935631140311,0.7574988528718358,2.35716301190227,0.49585915383967694,0.2678715958445188,0.15499174348935463,0.4167099123846226,1.9175309575223656,1.334208527189815,0.1924623190975695,0.3231633187773679,2.4618336979391677,0.3250752699128734,0.2761135517454498,0.4282206823395568,0.34203458715225654,0.013238434516198883,0.7460348654266271,1.063534527701194,0.06719862709084812,0.518478126968855,0.15524470129563062,0.4106818339115513,0.12184256619062228,0.8142443130124363,1.1109476692744475,0.4470494011213577,0.12193873754515694,0.14860021187558875,0.538016150217876,1.2454013137698137,2.2017351007580146,0.4008332053972099,1.0570157141594014,0.14492959762054158,0.9743275088162591,0.3995826632093229,0.10453640670708575,0.5528655884798099,0.06540933057053133,2.9703893627230307,0.37219228528249937,0.4179218239908997,0.1276030728620292,0.7162383532366117,2.563121422248989,0.03899680044998932,1.1420142296401732,0.01861335656369434,0.47073648022480463,0.8298631236655547,0.05349031994283113,0.20207507407635894,0.7999554221940698,0.24566598757899594,0.6791310906307428,0.11269574326405674,0.28209542142181054,0.2958373622478012,0.36561696056689486,0.8531628353441117,0.2931097280765217,0.5195120694010322,0.13922424099398045,2.020364095547834,0.5328273397622317,0.6337083075846305,1.109721507024378,0.7566873567829744,0.3319541036510696,0.49091903671033355,2.800948943367858,0.9670321013776106,0.190492630604727,0.19347612647661494,2.393607709628271,0.8897370279493552,0.3782077410943332,0.7087287360042781,0.2847801369643403,0.17680526622914483,0.37124004757475065,0.3617394428615426,0.08029348464447894,1.0142090177019785,0.15717190087979316,0.21241504269573164,0.09236437265894293,0.41707467271443965,0.891689831968252,3.1188813276040768,4.762477192539455,0.5059115670781617,2.435794890457543,0.21421144370741962,1.2487130489196114,0.8819033733763804,0.15184336328781667,2.1181681025041557,1.2113357588462144,0.15460910080082774,0.19766121256425484,0.5682075146968628,0.20804242340261192,0.08098692272448971,0.2958126924116753,0.13480956870221616,0.020501330106563825,1.6041314115766605,1.3076652476377466,0.7094303983783776,0.2516822655641383,0.09544153671161126,0.06449911644218709,0.49243027844706694,0.39094392212547296,2.057555383465716,0.8446588761462093,0.33119939577249946,2.0055635337361384,0.05738672329742012,0.0623121300672862,1.2549804329871745,0.26801328636927924,0.4767929878814212,0.3065983572867613,1.3632113083226804,1.5893569388382753,0.801592606666411,1.3640851132640037,0.3162496598984552,0.8452605865727498,0.7739946241050971,0.47441871279599135,0.2971576182850636,0.035465157267131175,1.8787201153549238,0.46550091819490613,0.29948951490366915,0.4171070839339852,2.1211308670737172,0.1166197169986869,0.2240899708358437,0.26289617878821814,0.915330696916421,0.600876770757097,0.2796019369809115,0.28163859930595125,0.13625312252514443,0.09228429104162839,0.30944703898373416,0.30005178655837117,1.8571378202038356,0.9030205911432256,0.054371162876411194,0.2475607439323757,1.0865362635112463,0.1741878033651556,0.26667685590228674,0.9803835887326144,0.16184831834733543,0.3064226607300451,0.12080834630682302,0.08937746017672143,0.3577759595922356,0.8223571138532213,0.6994148894547676,0.3985446382126505,0.45920566509055877,0.044931791151105016,0.5538729159313047,0.09707922975247701,0.39641619115087234,0.715249869793518,0.4554600365176349,0.7910177153367431,0.35092832435025245,2.0477991434750686,1.7633721062289174,0.587521471931084,0.5389028392865768,0.2499232155465434,1.3157643248844897,1.6607320753662227,0.5901307062670644,0.12328693573061478,0.095097347623744,0.14931126692955288,0.19119511136543832,3.326390422034625,0.332348030277567,0.675234616965201,0.043595845135392386,0.23837506842834122,0.060472163004423374,0.12947219702901291,0.3724628856593214,0.555360464794789,0.29238040630320516,0.24737292417850032,0.25737572684642296,0.19421040483280239,0.8945917450706269,0.2842986850267497,0.050134326310169786,0.6576887237040527,1.7028317307342222,0.6157144186654713,0.12914017123886012,0.47203627078054033,0.9439338060004266,0.13916752772723284,1.4606075601919537,1.2278900948992137,0.1442582360090321,0.25639881906621853,0.21640763686595688,2.7245209201814466,0.30431584173510373,0.25327603968278867,0.03691970813177714,0.92169584712728,1.0613652528174153,0.20324680972661047,0.9064089482059245,0.1557350235928418,0.27002430851450554,0.3181224680667376,0.16138450874202104,0.5594699981764644,0.3202835222604472,0.8875794199513676,0.3366805714059653,0.645015573583279,0.389222731970145,0.2841423125103002,0.1126452723258724,0.626706576706122,0.450229808103086,0.45724760767425654,0.26984501475969025,0.15472536620051414,0.10084525537197742,0.6673906478733259,0.8120133686627566,0.7442408065086381,0.23068536175582643,0.44345841629924587,0.620365516104265,1.5004906502461322,0.16698808751606387,0.42159575931744675,0.581539501575764,1.223668411940125,1.3875147521273892,0.46617876744580466,0.4303331412405714,0.026651557447210372,0.10163052517600402,0.08956032349300169,0.8380549732883597,0.985395499586479,0.026269173285460967,0.6000371123336453,0.030031213190205186,0.45571876708881487,0.3486675729272266,2.610497743214139,0.14961241752912835,0.08837535179696321,0.09234827531496564,0.46403877333234855,3.5384692641006827,0.86005333295165,0.14134801749522952,1.2607548546126175,0.12190171406982342,0.7739130110333874,0.2752173859336413,1.1371676828116577,1.1234467375125963,1.4486214852726318,0.7647440801144019,0.12996342725713017,0.674494837053158,0.8617697195784269,0.2676837492174484,1.0606774811199573,0.22427603177267885,1.2710790552366569,0.15608543296545507,0.14957371881643422,1.9799517220350258,1.1601600196937434,1.082090608902698,0.8213671963791749,0.13819071455664744,0.06397285153446108,0.5465699115096074,0.40756910828764303,1.2791373638621404,0.20591086592343144,1.2339517826245299,0.5449654422619296,0.04149592193156293,0.1550806230188373,0.21737357251493972,2.3245831232824603,0.5996221166692575,0.1550018837042984,1.0223260601096846,0.08618122531577888,4.455422942218775,2.1537959762691647,0.14654501920802515,0.9904788004852091,0.2322592206169607,2.3466524074924906,2.5474724490925214,0.2750089494824124,0.5332401547790724,0.10606479573790017,0.8145958146411676,0.2649543510410046,2.1464379731245367,2.7160056047124366,0.030068713882178244,1.2947049734335438,1.0009804129052136,0.8307056231391726,0.48209010463524216,0.09574245261694991,0.1826505615862667,1.5378246948854313,0.7368211030675877,0.3624204086056248,1.7359749348230364,0.7055828897393011,0.4111477133024779,0.7286527953894892,0.1159255992853177,0.1645920787681966,2.5843937484059234,0.8391481499223685,0.01393859523898866,0.37278104506044496,0.614653617258822,0.45469589373416364,0.7733131443541514,0.4449854099714714,0.4558349067874117,1.4673027495294182,0.21363033648974472,0.6896402756363151,1.1476980264596952,4.5175830158928845,2.327788728987675,0.9801705668446963,0.6418246256849669,0.21647512562913307,2.1491116341968457,0.1323323966790828,0.7106023228087022,0.03445641614434067,0.12157275253863958,0.15829665819589112,0.14187220704050207,0.6040702145152961,0.35700510585895806,0.7520234069988389,0.6527543530088458,0.38671802654113496,0.4752197498638674,0.07348045026385552,0.2515700028526684,1.1780625504620112,0.5041271165694103,0.1351382684545112,0.5025436801412675,0.3480000559283578,1.3467013490232895,0.4464811614981943,0.2267996521031217,0.040916836029982306,0.16226575155324363,0.12854116169079027,0.13466294931149836,0.23152713257721558,0.040622038340363376,0.2503773473810216,1.0604808262663699,0.5847787878321612,0.1909604750310916,0.3256875205258028,0.6873159042631249,0.015083512676368094,0.15240136424060635,0.8860125643477139,0.8939525891934299,0.7149738714139273,0.13873358983031725,0.5958002410623037,0.7374705272338873,0.49910297728987496,2.5748491462134924,0.2849279004930956,0.637953400425415,0.36487423533242713,1.4771219141663403,0.2566679154898446,2.3621213103705956,0.3428247923193317,0.11547098257322963,0.783998323336305,0.7263873707445696,0.17794358662268217,0.9834794072503492,2.351521068000001,0.3027884359654196,0.9194197589158846,0.18291609162769928,0.16501138713442742,0.012831932292577564,0.06506527664764905,0.19415579072528388,0.5949729053859816,0.9608824056782912,0.06864323055003219,0.2388511429789757,0.37459568288029865,0.8923058946525968,0.1272583098601937,0.2341325322138894,0.1847299209662182,0.2406840176934173,0.8119265592861313,0.13441725646294334,0.5586920978386167,0.024235731049135234,0.11192456711687004,1.0760635637610765,0.16603614737903807,0.5109167427051715,0.4003946255484481,0.4313383423688155,0.4486904400357097,1.1802403344215386,0.18479618521377528,0.05029976619552473,1.1404284159174294,2.128105956764226,0.6619313307819856,2.569089861744978,0.1815699101188739,0.687462433865818,0.5323295961666423,0.3974710295391768,2.1797832418887033,1.3269000757843938,0.30461657303340783,0.3250758264905942,1.036553282945108,0.8849117882221487,0.26457595914907384,0.34630059321055096,0.9126466138759395,0.5933595851794266,0.41631109013747813,0.12959661563401403,0.3115442552526164,0.1454901851189211,0.3295855142566817,0.29828656759255034,0.7998847694888461,0.6806639747590786,0.35548077556806357,0.15796580890102163,0.48193986731467864,0.9653018963716424,0.07037029742311862,0.36434002094029494,1.09565735726112,1.5166052954862126,0.8543523879070081,0.16456483244040943,0.16653444387604244,0.6551270323178098,1.068288031616395,0.5348478973593506,0.7382572251143285,0.1944106577229047,1.2352228432987742,0.41325257193885845,0.19691615072300106,1.422871933549282,1.076582676391691,0.8690397550104602,0.7172514891888706,3.99184433632311,0.032615870185750406,0.8996615386898391,1.0727080456193097,0.4248683683467098,0.3072593667181688,0.174546840647535,0.3556029793717804,0.3616706159732518,0.9190496195566737,0.37365360898210365,0.0513337824489275,2.052053884582282,1.2160399820413825,0.5871985236450351,0.6358744168670432,0.09059601592705013,0.11339708108448421,0.29446968326299194,0.2644253610261935,0.9126157446912975,0.14950107018159553,0.09473661243326759,0.22098215718932862,1.3401436222930498,0.9936081310888483,0.7736009254679899,0.14733595713579195,0.1463506387121538,0.5538874157793202,0.013271524687683778,0.04742409803421266,0.7199420490772396,0.1019934700914622,0.1106072361367485,1.799692223105979,0.34795180409590354,0.8695327617654783,1.4460675944047552,0.3133483664451996,0.3271450132027258,0.3609391994618547,1.1742670527787684,0.6907509587540734,0.46410380445305144,0.22535000017412932,1.3476630349613528,0.3538477970321645,0.43033851151349256,0.6397714559739697,0.021381134016367875,0.5876027297934274,1.3941587522433312,0.1340111655426629,0.8135055157692781,0.18548378560254353,0.5727844667710691,2.352413906291101,0.3529487769962576,0.29708748516511935,0.03380792135583821,0.18114433096767968,0.1619764832450985,1.0659348339674208,0.2029315146077152,2.5874957577416122,0.5291598518801925,0.29684959131471,1.1702719705342768,0.8285786768752518,0.8451383847737941,0.08347712768198279,0.5567962439524243,0.19256124586778833,0.2931463300757585,1.2837038642598972,0.5487456056774329,1.4210250785915486,0.6676609189217206,0.18551146670654117,0.4962551980947749,0.8983245666574113,0.9920191415026287,0.33981133568451494,0.7028950139882766,0.8420374050560266,0.2193804465476532,0.6811409281696188,0.02617712873346023,0.2781347888401158,0.6682396676761253,0.5644583264699159,0.0834541264952563,0.1644061309866236,0.04263229050296924,3.525706005920128,0.28814298732902266,2.6249089718050076,0.5274617527992822,0.2876634368770583,0.5250196950183117,0.04146150374678936,3.2224944067325936,3.1818495850417543,0.2001485604889296,0.6753227554366048,1.4458359191748107,0.754634866697967,0.8222892288218309,0.08606842763586792,1.268912352901395,0.22458854942317563,2.03535474949324,0.6465618725356598,0.5687391049791413,0.4555736245448505,0.038674803811608705,0.05689319608602739,1.1238724704031406,0.9660186480639779,0.39475542446631995,0.3263221785581074,0.24572683687984037,0.909492363224098,1.3637873748155949,0.5295651894689153,2.0196371334045473,0.5299247872938251,0.8615166780025714,0.9536657331004107,0.09755714023889678,0.9806225243734101,0.9264180122599921,0.37683537198837436,0.6577364878934175,0.1410786103054843,0.1267652746929726,0.1662632094511146,1.3688420710752016,0.7621755146254012,1.787664080988439,0.16447517209120854,0.246927589956901,0.5964868921722064,3.2437462231340053,0.5335214072519854,2.4310596924374965,1.543967553782395,0.37268578960170806,0.1771274087576895,0.6327847166646614,0.4232768835822972,0.49048439583077585,0.159514158996946,0.07123911756742973,0.13992646037157042,1.0600939139743355,1.3341817510948273,1.5832990078659892,0.08776945168878769,0.13745229082510846,0.1453366537456956,0.737067455741609,0.6900341595381223,0.3152327644111541,0.04915353300412045,2.0973859905333305,0.3206476612704926,0.026361898066248335,0.4667490864834265,0.9663437239406618,0.12923738923489375,1.0029650286580138,0.4944637666560673,0.02866900542397044,2.4340493023116485,0.775273293101909,0.48048735736506254,0.21222020561309707,0.04183037024704861,0.34504593502348935,0.047914998470450554,0.12072699319216507,0.7797368241156932,0.13266155022439774,2.066107768012915,0.6100696594364063,0.609813844992374,0.3681604628794025,1.593900336253165,0.30230844030455484,1.8485150299664683,0.40482144726138425,0.24220303338082527,0.18662505256882939,2.117822061180579,0.2711966556526947,0.2708366214544451,1.0091250691458855,0.23529970121729749,1.6672436657777947,0.34396328747602567,0.5251341926133233,0.1690572046720794,1.065492823764662,0.7944207908947065,0.022480741937676907,0.511044227532138,0.24325606394834265,0.3919519910866347,0.47210617403708177,0.11670409763771061,0.10059523546436044,0.19979410871841818,0.14696516621519784,0.2262051121701809,0.3974621499602149,0.20992713012724007,0.8091894345041163,0.12910170491443054,0.8284101434920432,0.1844721685241697,0.03366437075476192,0.09286955046107015,0.8820877364566928,0.22288360160267817,0.06693946693008535,0.24819897374117317,0.39556252788055657,0.7650456892884828,0.2258465352660004,0.7554016255097562,0.246748986115778,0.7558330644602782,0.671732493397974,0.638893463139053,1.360272757896373,2.11029195597556,0.052292207269620805,0.5958224480960694,0.2983414436251781,0.3303783020809119,0.567360027507831,0.42062882332959245,0.04341589329784412,2.1421875429061608,1.2046372962337955,0.5236439905293385,0.6630400211818794,0.32166635370731955,0.2349913787102813,0.16412930380546475,0.5565989949466625,0.07508095854737373,1.212264816453158,0.5765215778252794,0.2673070855981099,0.11421492261942179,0.020744133430815825,0.5335177563492015,0.04207778410571694,0.6590123752119572,0.3481097196821077,0.09042603262876547,0.5431312128893542,0.33404678819012634,0.36106482857471256,0.4929809389400672,2.4134719689497226,1.320107382352833,1.8801672265665088,0.4479276159040668,1.1290065311981712,0.6052612201037779,0.1385682226445959,0.48428734236587667,0.2575791336451174,1.1939636266274714,0.7568108767864556,0.3432761626084164,0.8181411521724291,0.14477701609967308,0.6647302778280532,1.760476337947247,0.5429858674118386,1.195631498695512,0.06820639245177285,0.4054473626260493,0.08512069583101212,0.26841844251766456,0.4967524979982185,2.731129043228988,1.466401865283061,0.0248104822441495,0.19197368381633861,1.7849741051898191,0.40580671076395114,0.36190289870961845,0.15345642009153138,0.04584309123099706,2.950173631862497,0.4983727748528133,0.3418966763500082,0.25793796835153565,0.3295229694497832,0.8749002536431312,0.07291579392675313,1.288969569093715,0.9577012188314715,0.5230391300445036,0.3444045685517456,0.2657508928772123,0.40586349920705295,0.041095699268608676,2.5800431489007574,1.9002196909838005,0.1476919417333964,2.302553754646625,0.6288287817418445,0.6066518883864271,0.8570546464039575,0.4154511914802699,0.16761912849247373,0.8731745303968617,0.39603784422867294,0.17814595709193548,0.1520060368612839,1.3673883055100273,0.4997913097066138,0.22708460653896778,0.16647383153254902,0.8667835532428378,0.44245424305977643,0.10885610457627282,0.12770220194337134,0.3471082812613444,1.7977355549201057,2.0038009261189047,1.7315580660324645,0.46558183398639486,0.2240760736364431,0.5798660124236256,0.5021738779703462,0.2238717575258642,0.21666749277806274,0.09315428405957726,4.259068064566732,0.710489211418035,0.305677224530688,1.1877126026298757,0.6526981998924536,0.054814158321183304,0.04330345044764472,0.327118123198742,3.680050655824879,0.32689325667418,0.3495886137310014,0.2709587205644802,0.871827278373247,0.07956975174613357,1.4980019790979944,0.44197288510966865,0.2847340795821515,0.19291683599643006,0.3325596445684762,0.9797511567742441,0.5094776082049857,0.7655269909291994,1.85801242743561,0.3353766610376867,1.3205775169538911,0.7903236491453254,0.8330374489158059,1.0029131522135928,0.4134680602942884,0.6262026311394473,0.009760148262729973,0.14718114945561367,0.0630816046909547,0.7404420783008443,0.337650236849798,0.5248447846631847,1.4106151566260652,1.2415578980597222,0.346420783656472,1.304769127641129,1.2340582255972725,4.3697235177412495,0.21803914298505883,1.8036406364855768,0.6143550427960768,0.9775421778574416,0.19768789145138443,0.02026882740347058,1.6636313219578582,1.72770080779736,0.19219629364143764,0.7293598169616309,0.08061965364864165,0.12144584416042814,0.5205413252984283,0.2889399623441098,0.31461200138806045,0.65607356766714,0.8880970505320392,0.9865539906084334,0.37230791747429004,1.7385491765282604,0.23924825672916095,1.222126187243498,0.3920739355053603,0.3673197596143096,0.1689524578297783,0.0690549510133136,0.7328731791076832,0.5016513635826723,0.22141209066017797,0.2996407730766979,0.27544153197739063,0.24698834322445906,0.3724629059200083,0.29764644327208156,0.40041091292490316,0.38748759222407325,1.1341422374636836,1.906427522456466,0.5316765789068969,0.5830252864934142,0.6771721097133159,0.8736330272000967,1.2880136767967905,1.4116763099641152,0.526348659971257,0.976664649970024,1.490841707202263,0.3849282102183922,0.19761619363904415,0.3353002524066566,0.5299336096405134,0.5477216475330158,0.32376768184365107,0.318871262585243,0.31408458634821523,0.7927712521725186,0.5029209939449517,0.8168039794094677,0.02856764887410601,0.11180561194383487,1.477634966765889,0.21748770696631425,0.23795609392222694,0.18008944919430903,0.2739815298445549,3.185041994697748,1.5365644836474106,0.22697974116736086,0.2685515145930625,0.15216194058894894,0.058454148517416704,0.062250174595314345,0.7572794710927742,0.5114771915655761,0.12579103853140705,0.5863056968129695,0.14928194047914295,0.5629651002239611,0.44650620824557663,0.19698936216815532,0.11730623856200961,0.2424591757968675,0.07356879549799933,0.14747851379423604,0.312786530868737,0.24937871352893132,0.1303801390268018,0.2058424150396777,1.3015234403549207,0.729280651093366,0.26574821494396844,0.18224552499209157,0.42433578916303805,0.8734233697864324,0.6527966095081967,0.2922684369295095,0.6097863006415031,1.2981081677643957,0.09560636605204442,0.24636520215489677,1.4657799934079414,1.7678098689613844,0.4712938322091254,0.20946047162141435,0.17528981867702143,0.1270814638749309,0.05177763086465381,0.21103389279492346,1.9979560267304213,3.410486252052016,1.0000526976265975,0.3878133315612379,0.11076690310082016,0.58743032090065,0.44565278824818955,0.1667691639656626,1.5492928255542568,0.5598852910677194,2.1145636319468024,0.9720917228187544,1.2805234272096373,2.4339839548471174,0.47423671410163437,0.190834355885237,0.09528249582694137,0.23292782153901026,0.051388808435704925,1.1930587137426527,0.9132093145656879,0.3557518650274766,0.5207415019841306,0.24094532609578478,0.4839122002836472,0.14855813007824692,0.15045117348316395,1.8467161466575228,0.1833893088013958,1.5084945578919435,1.5311192436004053,0.17619447658445475,0.29198344480998273,0.3448793540557175,0.1132766501252147,0.270944524667986,0.40648122771180284,0.053341446452202734,0.08680889952865434,0.9004963178341391,0.38737643391260257,0.19680595996646355,0.18638418906631238,0.08575130784323859,0.3669544728253755,0.8070535940717014,0.3059081941358914,1.633709418542022,1.0204055402213337,1.6517996386877334,0.17190589776923493,0.22856051478014539,1.309648831619676,0.17242547534682362,0.36890962727910503,0.3642643284366983,2.4757304968605705,1.0197278344242697,0.3599095504351615,0.5498190185981755,0.09833152847808169,0.5456506752817848,0.19869135146939154,0.5608089370846302,1.7216602122109683,2.313311906690623,1.1977445247378458,0.08974379025771295,0.4482091092148195,0.4646207693878954,0.18394032046382125,0.44280121139011475,1.1250016984710731,0.39200646955871754,0.41312750381549923,0.09462706433769696,0.19355822869521733,0.5599678024524707,0.1407889427849343,2.070486788253405,0.9141388926676819,1.139492289406667,0.13393557079912088,0.2515511166791483,1.3977031352163656,0.5691787600610188,0.2690074775039508,0.36348778620769895,1.2035963633450968,0.4440285856111367,0.1579842593197529,0.053683975818570095,0.919584722289038,2.088424674364781,0.7818834032839483,0.04101741312442708,0.18135763776753722,3.070110980542163,0.0289945653726007,2.2547649305031934,1.0956030793449414,0.744050251505471,0.9142658723274711,0.3834605506935269,0.36980903296962053,0.269474523536646,1.3853848086761293,2.2104137949579092,0.6021230335629395,2.2510413855734592,1.231650763555655,0.11296260741102959,0.19862322174405656,0.6386314089752994,2.05108027219214,1.698525623662396,0.14126019841160728,0.5945499591660968,0.4341944012403166,0.22639479611007707,0.7273824189646187,0.2804175862734386,0.5296687819072694,0.24786492447488273,1.6325610100150347,0.08776636121940884,0.39790899844241956,0.6775787124295483,1.4775479127459494,0.3576663008168466,1.1417384552740977,0.7288055783137263,2.3440994432202964,0.6997020319667236,1.8044497416991316,0.7373696676466204,0.7738386399915496,1.247033896085483,0.35183575851316706,0.14537568816613022,0.3084635548063702,1.2752296941485441,1.1956430527728101,0.5574333407497711,1.1572407162936633,0.41350903455344756,0.04110994738869145,0.1371034874300976,1.2269916325853396,0.12590184930942538,0.01177378000963869,3.4730985268245655,1.3576045559371974,0.31692666374214884,0.22551831038377224,0.6105953925723107,0.5218097442334888,0.33418225227822207,0.2333099951262636,1.7675476103473615,0.5676388598569733,0.5413438876818852,0.23034686814343752,0.08712610469769677,0.40338768721578866,0.3572326227187552,0.6849326479941564,0.13313008248824465,0.6941453839980016,0.02701828292885955,0.07774570734431152,0.7873808217471823,1.882908616582513,0.946380885545782,0.6146487255897866,0.3994989642826141,0.17644212923425417,0.4844573060499294,0.22686486591521138,0.2980262922458681,0.4230872243146,0.11190751516281083,0.14270543098736033,2.0636684979545263,1.5024776529969799,1.8493204391946725,1.3065214772972362,3.8326565294225636,0.2194567438397308,0.16932865309487588,1.2795717731093665,0.18972035055739633,0.27922613017102027,0.9788657476079081,0.17344323769777226,0.5925023327454607,0.18604372386247237,1.4808812776104991,0.632013030329139,0.027824201181491426,0.5384509226100336,0.1693423213604316,0.22798685065738633,0.8103019571802431,0.623941934408224,1.081840158498483,0.4157706578132099,1.3474270526170646,0.17399515820842992,0.22606075090740252,0.2599784356826649,0.763185636543918,0.4899568442425466,1.473062087504708,0.2799064219860498,1.5574342175546139,1.0153204447777542,1.1946060966702516,0.6450588466136176,0.4515084109074782,0.7467610885905291,0.3774527444039407,0.09730734596384016,0.3515553753815923,0.11075258669577015,0.681581827429574,0.4404645679353296,0.04081415345020911,0.5310980216424501,1.0080427753264627,0.44173139003865813,0.07902994244233041,1.5509536973410794,0.28064763513998203,1.1539412720391518,0.23438051239602353,2.477977406974747,0.16492142817769093,0.10406413621085298,0.456874234419395,0.1331248963344538,0.6998166571018734,0.2929400626653551,0.031275618782236336,1.1918306800684584,1.1189841605548256,0.7427870628688766,1.3379959969148054,1.1860165882298321,1.1750610694291372,1.3805270624291526,0.8625128759259604,0.5164228178828945,0.2446720048011356,0.20710387428887167,0.37005698539036014,0.38296310602779604,0.7370003818705783,0.04419671940121073,0.052885266473982284,0.8681252000147107,0.1597659799941733,0.7476101965464803,0.6761569248566637,0.19698980981980796,0.6645484322515645,0.5612562685668392,2.694437763677022,0.4428550389151197,0.44679944787431364,0.30897100826120094,0.851352433580495,0.2812039684365262,0.013391356313147362,1.2825773092161423,0.3297477935746582,0.16709817906345004,1.3181887379261599,0.8813418678399102,0.2248602886946085,1.4871451863178777,0.6671866455481804,1.3246085340977634,0.1540944689732997,0.781946549259843,0.11034865127794025,1.9377511765584927,0.2238066448932381,0.2711574939979029,0.11003621560060317,1.1835034651454022,1.725306085151686,0.09715262862454221,0.4432381540306539,0.1567341745205194,0.25557131738573674,0.14496253418731775,0.4521568900943742,0.29470142101520436,0.20164182110049844,0.05537125351218597,1.607467147761147,0.610157552672878,1.5293999740729831,0.1441406397688076,0.602591013627293,0.6054339634924366,0.34897696856043336,0.13646465304940447,0.0360085178921703,0.6155064055915893,2.573908621985119,0.1561739665658579,0.4208248529612829,0.24845725525139972,0.22125544472309677,0.6206497288185315,3.792392360818205,0.20713354666371986,0.8479209343839518,0.5687008729724432,0.8506923059217999,0.3621427280343861,0.5819047070972847,2.9161526945830536,0.4172205945645062,0.3084819733277119,0.2647538941331511,0.4507477349432478,0.8269484221217824,1.2447973585510939,0.15670018659477336,1.8222394727606241,0.3436875748243504,0.21031679960490235,0.6777402388757026,0.9477277193728255,0.29211995869401175,0.2532096636278358,0.36182640131456256,0.7910489821930748,0.03646199223914004,1.7895088337396035,0.0784509572286799,1.2422737886526223,0.2686436542820394,2.5495806759268578,0.5558324715770411,0.28533167238161006,0.34729854243485214,0.09231424296758028,0.0202469598654742,0.19603512795042244,1.6301519939986537,0.43560554285731934,0.13650000279381214,0.31001047500875933,0.08929407288883273,0.05004349131088226,0.6327602442346281,0.37144233495507994,1.159037416383638,0.27135294126677245,0.37333216774785505,0.27599534204635234,1.3214973638113485,0.169991615818206,0.07303750214438254,0.1970193437444101,0.03688088568038095,2.0126737089204574,0.4019650501091825,0.2109970031913213,0.5868517037743426,0.6832368217196477,0.07647753917044886,0.8415169853875928,0.08565894838322818,0.23461528551692068,0.21161973947071,0.24706373057277542,0.16870526726536816,0.35661611080837385,0.22411659185096844,0.3939291300039184,0.2726255718134585,0.2230023594397209,0.06698923819065494,0.47329639412162694,0.32923080910244806,0.9476001286812448,0.42870368312283813,0.15732310243895942,1.4719656950881683,0.6306647157798466,0.507919407736572,0.4615755266735925,0.1739921458619501,1.1391779878044537,0.2963429476924088,0.4453877220934321,0.04071293395917647,0.13821060301392452,0.11666709214600429,0.34189063911369577,0.5009737006826482,1.3973441376191613,0.18751800780943184,0.11355533145585606,0.25076651497102986,0.06917267675266103,0.21786058383226142,0.060761627638793,0.35683235827150184,1.0576453221148459,3.055905718535348,0.37158554427857715,0.04069919032444136,0.10182519442425875,0.944745520191137,0.960928043380034,2.406669891103247,0.5710352837727988,0.5883481375193029,0.5650109130560552,2.5770560016175934,2.289561555897558,0.3726708686190015,0.16136307651591075,0.8665939234516586,1.2860373364813602,0.24443663950161154,0.3738563405958375,0.9376096411578585,1.0485698129928671,0.9884217117394167,0.4494205393228681,1.0184821324376467,0.3821562665697765,0.7371008415086158,0.04448614062190376,0.19894296702735625,0.35587430653909413,0.15046151816992437,0.5353312793101903,0.02991757842585585,0.48464440483860516,0.6826729009945443,0.1855569704497131,0.034841238765220606,0.09192735417618608,0.11953905546168286,0.36307044647423203,0.7128449300488793,2.3444906481425507,2.42009615010764,0.8753534215244958,0.10997092752795568,0.085538283852852,0.5014951367353524,0.223876741436146,0.7913684931825231,0.05388251979269465,3.1350547427024464,0.1447436086778397,0.22686941826068074,0.20480985960650022,0.2309469708328422,1.1668223152585042,2.0133475887084256,1.0589859681697034,0.17870836875320772,0.8257468556518304,2.104906029239846,1.306996980754904,0.07165972244366592,1.0284577613855348,0.10244763283752278,1.1115484413248147,0.191592705143393,2.7950900662791875,0.716704657023105,0.2937910971083868,0.26871667537595556,0.9504280762919489,0.10511362682107284,1.8900010354802217,0.582208587739318,0.16572783881810982,0.15314051860811728,0.5330390362386068,1.3070910019326083,1.1057830880401154,0.1522213029778503,0.05711732362671523,0.061079037936768055,0.10559661038317081,0.3725411496943367,0.4577029380246792,0.47940724789895306,0.7034487362102001,0.20871283797082946,0.26207065008855157,0.2710775550280943,0.9452481246467532,0.1041198767138134,0.04743065696286708,0.3420751515103826,0.11472221462927634,1.783726761558485,0.022346988765018727,0.02758799091866959,0.9078306154985587,0.2841507607473561,1.1582578284799485,0.19023185510741625,0.2791014496285924,0.5023385881343079,0.4187084407899838,0.1607889435427846,0.5206954048606727,0.11474161581275277,1.7567836334182578,1.1134846423978448,0.04495785076152803,0.7280200558097525,0.9818431468739429,1.6778775065013605,1.1431641009941853,0.20151455010385955,0.22929675517520454,3.7609040457321194,0.6252607501827401,1.921311493338015,0.5830113222689592,1.5598584241087523,0.0328919892129762,0.0375167365761192,0.0728977881488796,0.23417833777954333,0.08106245580653448,0.3105705055167154,0.9330561711155507,0.11084253474183914,0.3540905313100309,0.16977892031429476,0.7700415836457741,0.608164290797514,0.20436824838327827,0.9186966998551849,0.24731309044184846,0.31395631714276306,0.22346955655765555,0.5221440038535476,0.08672968866839142,1.2714911158976134,0.6002672461561178,0.41348695877585717,0.4770271990358059,0.27443149439542736,1.4865285141972473,0.9089029958366144,0.7646300837333759,0.7813536114417943,0.19256104922376416,1.8348913387883177,1.986489254454125,0.5333040137692457,1.3779203253742387,2.039853934282907,0.17712620263230539,5.990825461096481,0.2949278710352974,0.7979628169903352,1.0925749453561373,0.847714702643976,0.2889287135364691,0.29741677932617394,0.3338673838247057,0.880355390939078,0.3065428757600852,2.633545364500404,1.0246745481045654,0.2649053921981841,0.4802531439838984,0.9304874918222334,3.1376154115429493,0.15128642297144634,2.1874628923002324,0.7703295878497588,1.2599715452241562,1.5634227621744667,0.8558184447284178,1.8605274414924862,0.11977672144597307,0.5512431537629585,0.1703429894742039,1.0444098448881398,0.8426611730777612,0.15580148345315248,0.28524554794851364,0.12861454905532987,0.32723784743152073,1.2663618193984183,0.3194060704395328,0.3097095644924408,0.08996441590858772,1.0753806153785768,0.29669657548645034,0.06966897393335114,0.46055941159901925,0.7725240442592076,1.1384046346719952,0.4201291766755768,0.32046580296371774,1.216402448852102,0.3872216265394961,0.6980151471224618,0.3221071840213708,2.353536632967037,0.06644462948692098,0.04312630465745659,0.51473969948138,0.22897057617591465,0.04382347907484663,0.3086849913328129,0.30015803267273133,0.15959448967169831,0.3867543074691011,0.2690172387987815,1.3949187572474884,0.3828365055725559,0.1981776638941517,2.018714897570879,0.06184240566589261,0.8868759429876434,0.5411739867617074,1.8541902315266077,0.2418576407083297,1.1463452348103595,0.6830658950494679,1.1156063460653252,0.03931864180462963,0.08517618245376313,0.11515282525187509,0.49240560108375275,0.25687470629953957,6.7281602283877175,0.14036747400817107,0.18987579418284783,0.02667031744151316,0.4676822451274387,0.3321138398081769,0.8076974247138402,0.4924829679974905,0.21437650345075387,0.9010049550768207,1.5829994115898178,1.364323993951476,0.867862810857312,2.4624445424423143,0.2722340727713761,0.26720848761890625,0.9526140622858981,0.03953612344450641,0.7832952459582072,0.4332939590549595,0.6456302292078393,0.5237763705794194,2.790311040704533,0.07838534385397344,0.5578253048521267,0.2230416074563103,0.4586383629491228,0.8228365627508352,0.6200298102400246,0.3368449207890225,0.24843219899374314,1.3202678926107216,0.37540185851014163,1.0708842405338803,0.05601935377860434,0.22236376922043166,0.3541960175916383,0.4103779182256164,0.12293982084337873,0.17046726427309256,1.0968085330554642,0.027462175761498564,0.17626594632796355,0.27158690149934994,0.6575705970436514,0.5200212291475421,0.43892554495521474,1.058084378546778,0.41467990446608916,0.9420449727713975,0.6840933716625964,1.3263795972835783,0.5195772281064284,1.6779570101979964,0.3246090338828783,0.7877365789166975,1.1814822121454194,0.5755682695826478,0.4863102194719646,0.4930949322967446,0.33673050254721915,0.2948808650548336,0.7389257371667177,0.4430712303512031,0.19714143238192472,0.9454608287363662,1.25169407647242,0.4148789472865776,0.16423674801506216,3.1501653233054805,0.4340673329322091,0.5038426992567842,0.15899528172600835,0.340318024623506,0.2679067197471465,0.8109890126534138,0.3280302119982823,0.24861188776343013,0.31995824418665253,0.15426964729929615,0.39288947693330345,0.2963341729505111,0.6606411476430687,0.07459061596267935,0.3085155140239684,0.8415575223975669,0.10804373465976591,0.19969687289465587,0.1921192236877095,1.402485087008516,0.4589073837943739,0.37279383014618395,0.18806178376285065,0.4338826957055605,0.3849247669524798,0.2585207054009269,0.0898901427055444,0.5557438363296467,0.12754339398848646,2.4403148161025183,0.4127954699891346,0.6891685157806309,0.28593108300670306,0.07579073264463687,2.578465933801006,0.6092131094185835,0.10539775799403994,0.4161004975979872,0.35593236677879414,0.5433915082909331,1.155154944594401,0.11380035600602789,0.42321050078090494,0.22060487451102606,0.6090633817985001,0.35262719647903307,0.08530894690937707,0.6459343091560229,0.958218555690145,0.544316106712269,0.27377501891688705,0.477596321079405,1.6112156081913487,0.06464637962587969,0.3471128939888313,0.24472743995040536,0.30733913590297224,0.34708063020083957,0.22564677361554408,0.3336249576413786,0.2581273143607825,0.28136394307414414,0.6790040838546832,0.4089015303711232,1.066474285436124,0.3288557626094623,0.043215421521587194,0.057185149323436435,0.469903523794859,1.64956296528078,0.1485776586461951,2.115243306986958,0.9761234807941463,1.0789126516385337,0.1379466138880363,0.14173923287633117,0.2960298187382058,0.37325500940960255,0.47898492914680496,0.30127354767037384,0.7511325948057972,0.44049182057897385,0.7403318038713576,0.33350277032235387,0.03470336155960663,1.1415017550043265,0.43140566227760546,0.7152766168492981,0.14882484947365127,0.2719326167654028,0.12335658756321788,0.3728064929874234,0.48250592937807835,0.15079284366090162,1.358606805540981,0.3873198671670779,1.2880824501672525,0.274654363638448,0.3919696759379192,0.6269025901885116,1.3879941367554134,2.034624501550601,0.4579130870497048,1.6530156723723224,1.5368454383509074,0.39456030569286216,1.1585449585031493,0.3597980245230503,2.636219574621138,0.03234103812201089,0.498221228610895,0.2016042966127276,0.43998506128777937,0.44063265132673013,0.9023551232584841
"((0, 1), (3, 0))",1.3561907010638046,0.4122780659758416,0.015701487855937835,0.7011386461643768,0.012983855567474167,0.30846173198078786,0.23636683047071605,0.05006376173976701,0.02979269806853746,0.04007466178241503,0.15215531336873656,0.05634540557487444,0.05639559091622992,0.7959006029415734,1.8904310931129404,2.0055342227998096,0.1746679091117027,0.2937418939522636,0.10530539000364392,2.8869303816044414,0.059647366908771704,0.0528028421074645,1.4015251796534525,0.10480290344849086,0.3538846160815303,0.2452859761176993,0.13997464780033467,0.08333493013448734,0.17136231529372975,0.025917634008861823,0.0427024727664983,0.018762769769625542,0.16359087320148902,0.041466439238626585,0.0488081314350568,0.2685306612445849,0.14938414345095796,3.0064644520169232,0.07449909671756372,0.5608708912716043,0.40634903634871256,0.07556363826421864,0.12976075328876874,0.11333144924339456,0.1095016287853412,0.37712163064241344,0.5442596709136551,0.7249121511216652,0.19198512693436598,0.4600617609997092,0.3616109141458521,0.05704844292114697,0.05350011391641357,0.47384791889629363,0.3138048532266742,0.471894959075424,0.27727130217543206,0.01785787511454462,0.07388529802962762,0.23087755612214855,0.09812951739981773,0.20409598394963657,0.0978281373313109,0.5244359268695189,0.07655958934154095,0.34945295312313585,0.3284134153454779,0.43050197451022987,0.19694049232817512,1.7006171014383464,0.0009964893781739814,0.5805182748635889,0.0053114512523586566,1.2492849084076962,0.006168846853922272,0.04978199268384431,0.2010640652095379,0.7571962918851436,0.014184082738848192,0.30078949391757126,0.011289336721272525,0.10361587494764946,1.1127162542244675,0.24382271489549967,0.24906007991261614,0.32563954585672783,0.02142979622291752,0.1351099604679752,0.009798848875357091,0.7870441049387302,0.61706452423801,0.23550127962749312,0.008120721484307647,0.09692282620392878,0.3342410144781294,0.45749923468968934,0.039935129711928585,0.2843027573645309,0.054944374965544496,0.06401793062119654,0.40003271150897546,0.4778040646209054,0.22102978679786744,0.28743519626579994,0.017805222881570826,0.13803962568563533,0.2536210612972556,0.07696831755534639,0.01309318274434701,0.0068682873552847745,0.5775156043556255,0.26430066203776137,0.2815597496976052,0.2583288508777517,0.06192847346933428,0.5398699814306847,0.47636367786335804,0.045392075426491374,0.02142392618189093,0.05946889100098074,0.18861014146013877,0.10636353479137095,0.3825231868584682,0.26048517613310596,0.308212632145646,0.02250832896714472,0.17803634995108797,0.19293763605496173,0.125208139156735,0.17626330830543568,0.1740677765496914,0.3867173606122227,0.4261922376037288,0.06377480612222419,0.0004965073275772225,0.026818148065222397,1.1854310196297786,1.4958803393664108,0.021935275810364363,1.468689986812745,1.1491140631534094,0.6447150301291862,1.2594039146496177,0.5225263603348975,1.563037002823422,0.1589240674060376,0.19786325912720715,0.4378786140005606,0.24954347928303378,0.05820260030435498,0.3889841024053988,0.11402218679039988,0.5622903790205306,0.1760576261534571,0.03866248767395264,0.08525654438088037,0.10428536061182103,0.3090806781748445,0.27659599569519644,0.8300901538040115,0.2849852709485686,0.20255906891292907,0.05539521768292055,1.110080966076475,0.5113231929871481,0.1251819503144152,0.173809692199891,0.07061625781863201,0.2827738709850951,0.17576195094654268,0.1346640116431339,0.0004705341412380992,0.3711422506902162,0.23584874808757883,0.0815150018921118,0.03241433637722457,0.04796634791328391,0.301339424571457,1.106482117633073,0.020928402933463985,0.29426467623090535,0.0943946393996653,0.42046575237936346,0.0509027766170882,0.006726954363368898,0.3993555001684337,0.169079218213383,0.14411546491402477,0.2722401520063569,0.22951413867037984,0.10969390942638468,0.15911838038215353,0.34082942254344384,0.021804336766198085,0.07927987064490938,0.036244599163975266,0.6216669888294012,0.362802978274209,0.20870835165772128,0.3513691749517883,0.09283081150967265,0.06010829094110681,1.02468259420261,0.00014159559658821763,0.12962394348746864,0.20217693024833006,0.09752258649872791,0.2547819095851198,0.8164059033684049,0.0513418985893862,0.5189322331664363,0.5433714874509961,2.219208637369461,0.35461428130493977,0.3688743616313178,0.42380247193435805,0.005080434676520751,0.3036321010772615,0.060139372819126846,1.6790786016831376,0.25809256069164405,0.1782942365745187,0.004549021946638754,0.2056419928371941,0.3550868906371354,2.5614109131277534,0.2792585402229334,0.009025993532034482,0.8123483489236438,0.02150308076410057,0.10423040003855577,0.12046481136830534,0.17918015755023697,0.20886085170900548,0.2323532811679865,0.3578905582167138,0.15437177458249485,0.046142840312584865,0.026256037066710203,0.38034498429341734,0.19858692003303613,0.44364058341052526,0.0010526229264127274,0.09568244582717261,0.04824387691161802,0.32381553337741087,0.11061912276369501,0.16239804151974213,0.013791562065109342,0.23403271287940153,0.22954422432991706,0.20100837307932462,0.332362174485181,0.037921111322507084,0.13327238983960166,0.143615453611194,0.028992014117874443,0.35044159647377227,0.2207925902626261,0.4087203349543622,0.024802835078306384,0.24064004894512903,0.00627810015567043,0.3069025579215896,0.06101869319388875,0.1543569052251219,0.018842199721588848,0.07371797496557653,0.13230252528287934,0.28238065327990036,0.23156397877880197,0.36147722786647574,0.06811557948376634,0.26187036175315015,0.0743520451472306,0.091214040773266,0.2973158064700087,0.4427311145862778,0.14102747765661272,0.2224016290260269,0.2590431664860947,0.3239304545523849,0.2503036197697449,0.28856412803967046,0.184262080193766,0.041661396428884,0.6739137847597663,0.06550850712570222,0.013646444294095672,0.024097859660087706,0.9486876533548556,0.02073056507106008,0.3312142070767117,0.26203866996867653,0.573565745276758,0.16382180664686596,0.05649992344199062,0.01521330050865427,0.46275763237581624,0.4447794232055804,0.13084377748175324,1.7858438186430479,0.002329841274181732,0.010305110985219468,0.08314145060016764,0.30785960350349306,0.6987512348573941,1.4785286069275818,0.025336492075261896,0.19704616759043325,0.14805236060408244,0.550369517367066,0.0650930235631727,0.09417942424375969,0.006500913577113021,0.14689190866819057,0.060754426753319546,0.8084997360899506,0.02187263045405019,0.14528561403267415,0.09933965970434311,0.020029134457090314,0.35721600126844066,0.18056786458425567,0.8809696051772382,0.25405747184089966,0.08038033697700636,0.3173295922720978,0.07135516248894114,1.4401577699187411,0.09710328205728969,0.16785279073905168,0.060704513222665124,0.09507408555926994,0.05527411351351674,0.07432153364475602,0.16490836326780378,1.4481733730419242,0.018575943689418062,0.11920106303576494,0.25744630953850245,0.21779595571419463,0.04687774584591464,1.0214968402805829,0.1533779346556774,1.1901849692160753,0.004616328775070233,0.5035140032114559,4.193003839219923,0.38095987568587336,0.753294037745467,0.1869363620578417,0.08105849460573844,0.49715946096342734,0.6098256230693415,0.10278746029817709,0.07804331666208308,0.5152736611964753,5.057920368036604,0.8348615676395224,0.043150546007713286,0.5866421248023892,0.16589080862170558,0.07085381588987028,0.08144974884322398,1.851635142728921,0.06797506613655058,0.712296028523449,0.08712360276306685,0.44204756405667633,0.17156614463885989,0.1826035414249968,0.0019741271774325053,0.26526794745419635,1.3262625639103391,0.47671136597395924,0.62856654464414,0.24308878120461563,0.04319274298603126,0.11442722346256695,0.27881951790143866,1.0185731615642377,0.137242234660175,0.19768282355432354,0.040846110343961683,0.9039623828187751,0.1577532824452632,0.10744141392398643,0.2531451466658805,0.08697196520313022,0.017276332161054064,0.7838706322027948,0.04122449725880051,0.17308121445443625,0.44691634968031213,0.0860016047904113,0.07801433110126876,0.030650460820465963,0.8730795015291148,2.770832205894493,0.028832286911202987,0.044413429079140476,0.4829493411172088,0.11306471000241558,0.8207727087873291,0.06801642636589789,1.0335661312238624,0.05700401363089358,0.40610758126532154,0.23557675581294335,0.12762179892177894,0.07830944881436275,0.4977956957663213,1.2060572368943983,0.054779535884109776,0.11930252052147394,0.14832519009879364,0.5019699192695433,0.1949359280477394,0.14323605699226327,0.15462721737979776,0.43527396808525776,0.2483923172629684,0.0799601083811225,0.19924618995976662,0.07002721990231742,0.14544741367487146,0.10386033843877773,0.343075675729682,1.1799446774534759,0.10114364598639147,0.04833935469667605,0.28877459908258907,0.03426442647458683,0.45822122076220095,0.05484997920905066,1.1785138658383567,0.7241168954357484,0.3837984517195807,0.2528461552554362,0.5149293046015347,0.019652776073832534,0.11095646341872933,0.038442934145322516,0.027864621596648598,0.1175616247928924,0.03203592080744222,1.6425955342126601,0.444444919794429,0.005016674402413601,2.6246956008286917,0.027217433481212083,0.029188683026304507,0.07048130771054628,0.7053245034148891,0.27337822051905325,0.161654686113907,0.23473122255985457,0.23432550714772704,0.21670055321593762,0.07724338392612173,0.13688957490762288,0.14325446257904367,1.3416331237308379,0.12330094594712146,0.07827782407518535,0.0628137981735088,0.09327909619242425,0.29768543966062955,0.04920399981210921,0.0816827417074184,0.007109450362117131,0.14918969519187053,0.08826783702420071,0.012218760230907066,0.5695358158728546,0.4561335503617383,0.16674564469823938,0.14100839245490837,0.24232966367514175,3.8511052698082056,0.12669310385096866,0.05622600488998153,0.21772972655212608,0.04333477071291658,0.8095122463967743,0.12946982044618682,0.5710322693670491,0.4861859286768315,0.03359289358574702,0.13962243402088548,0.08747127373060137,0.04881721671446926,0.7516399769123956,0.0490931400156811,0.6728231480388552,0.012887224309905854,0.042925041784329654,0.5048940030075,0.16568634007259275,0.8692862359979856,0.08505815255413385,0.18373405581290614,0.2512080057363062,0.008743377416380538,0.4909535463349459,0.03296220594387633,0.38056439083453797,0.5311803060335152,0.22464545330507868,0.3283097860628936,0.205495820937188,0.37438735748167207,0.4707855844287072,0.7608946149287996,1.6485759841547412,0.16169234858298154,0.0870690626836288,0.11132253486533361,0.5915766965061441,0.21892277083515832,0.029562665078651684,0.026503780073746985,0.41012202976372847,0.4320093938736371,0.7510747262151831,0.2289477229335115,0.17074409865279194,0.15942332300921302,0.03389036503662979,0.4437354463353771,0.20438131331363385,0.11375362676126466,0.14796761075235,0.1665877331489296,0.007678892732366938,0.5068707058826265,0.04327374912034232,0.115019705915238,0.12222267274437693,0.09904127919912864,0.22631315252754325,0.07646345290762913,0.20179874738490822,0.027894099170616027,0.13315395707696975,0.8440415440095352,0.09612803545082871,0.10597817037715274,0.07301404876674744,0.34939576955387763,0.13064752595143025,0.8215855082339124,0.019539577169019662,0.0006615050236323805,0.06684981156053205,0.7589591019950124,0.13983401974008647,1.91770221513183,0.2720823722966932,0.28754899927731925,0.7560586465038173,0.366506447205743,0.6082585797431062,0.9861205770440379,0.5528800235833898,0.0007804041422878605,0.5485940836028702,0.04048268303230351,0.06962201167310367,0.5132782419437969,0.5158083114806702,0.18686489767560666,0.10046176610066437,0.2369463549900439,2.8538790746630784,0.18220698429652238,0.42620998910527963,0.0871181468601514,0.20335891517009808,0.23911165129669953,0.644105479188523,0.08108475952254812,0.10690295649081138,0.05208712715655084,0.3065600680067242,0.07436250986769172,1.0698798605193076,0.4237579881355029,0.24886144496395557,0.02351444924160706,0.2159507993802221,0.07683316749421393,0.007330315143609933,0.04353349306626453,0.010882238582514692,0.0008437094879911733,0.09046726600338184,0.31302598357005257,0.9193812207797611,0.11179060734872404,0.2076657944017728,0.09832501923764825,0.02175718280667094,0.0884425302813433,0.033198898814655875,0.2922920363675492,0.11079936012912828,0.20155416219529965,0.13746208658472636,0.020315501360619825,0.09802793009629607,0.008700864657064322,0.1242940906932759,0.13655251291846493,0.07957292799215909,0.7262845250524963,1.1769789160393342,0.4946750745093944,0.2561509059336162,0.018916294895052754,0.5856623763952908,0.491644139266068,0.24586839671593008,0.12525813064072333,0.1824885203948921,1.7208067328664187,0.32601453938491953,0.4720904874758143,0.06947435697307736,0.3386460713621894,0.08544878193235739,0.05673203891620049,0.03521247218178081,0.2586591917447729,1.0824812333276594,0.0625343409769461,0.1123811834254691,0.04087876631476839,0.05959954318375382,0.517572747143499,0.1470318187267302,0.0920593449895536,0.03813020467603079,0.31731333227804925,0.10040939129021131,0.32943231718109767,0.44751094227992727,0.025710041878209133,1.0378864061323225,0.0544265156512711,0.27520718513033315,0.14887914318626416,0.4782811398068798,0.028973336078294443,0.8540827497253678,0.5967126246148329,0.15440432481909583,0.07191386144089251,0.9638781210388412,0.3103631129483937,0.004809145469294673,1.3517670726303526,0.13463501422021124,0.2904838978519101,0.24840177347752768,0.05374499658665799,0.2955060177475921,0.41668714729862955,0.2459072286179389,0.05324205960530115,0.3042596688802176,0.08796098781999984,0.2783706027181436,0.6000561025743196,0.06228713294886079,0.7468139506171321,0.423024373845281,0.2465856475323842,0.02094035422001106,0.3194482487843382,0.0012079979532719776,0.6577828078059103,0.458882153112516,0.06968707911784744,0.06575186554424228,0.17924819353373056,0.4596482802772769,0.005010086376311784,0.13687873683596907,0.4019522513426905,0.07410134188731554,0.038840637819485546,1.2116815218756747,0.022559312254376795,0.04130046478309923,0.04609106386418893,1.3601024575942258,0.07681294309794329,0.21360970281260783,0.33861291194168586,0.26789977736914206,2.4445878684907374,0.8274287420392232,0.7336540080084357,0.9472700133952919,0.1171225994243037,0.7672941589245534,0.29782056033655246,0.1881274375504357,0.1361727149331895,1.0210672949685728,0.6315106885808229,0.8245350643313678,0.010498550912724003,0.0565033205032619,0.3721574115890489,0.040442630037825,0.11941863032432432,0.9060360804434835,0.3501772596889219,0.0652649343339835,0.4972549363155443,0.03520605336357008,0.19076267659977852,0.45027101209753595,0.768445399661983,0.015470092945460145,0.1984614060887394,1.3939541254247332,0.3192575627263564,0.10784863732690808,0.02344023081104596,0.3911634314135457,0.672849037693525,0.14094020231250104,0.43567579465313044,0.08258815867951652,0.7061152589015789,0.7619352067723733,0.12424357163360478,0.07978466710752286,0.05586955484815137,0.007607013111811334,0.015996797932683604,0.3328857370770155,2.4514056186179887,0.23377426553883573,0.003227363424707308,0.0674402051035114,0.43393360694907057,0.03368677226944383,0.1815171408902727,0.14959993167861718,0.20106079614161887,0.11835357485533071,0.02745440373821978,0.20913335498917607,0.22600687309179612,0.04615216561563784,0.7592508905351933,1.7319419330271244,0.009482856370227388,0.4942787289225641,2.4406461360142018,0.05648544280825729,0.5430043160901286,0.004154562526284433,0.30168310227651973,0.14907051709521113,0.5462163976256396,0.47071453774630356,0.19135467404117695,0.26698524505505006,0.05704179240261431,0.09120829893082472,0.5873185483285617,0.07240143426930978,0.023969856713974558,0.1799413842273334,0.30797705219780946,1.9301713607642168,0.3727289741011579,0.07866164341204995,0.18921314974147663,0.5673201977178168,0.15630352237010636,0.04973468632296396,0.15170014396772213,0.13986590582838654,0.6249818959547419,1.0740505715197979,0.5331336966102949,0.3519819585515619,0.0411352262906427,0.782520588785153,0.13554804257640796,0.3210968014684472,0.30509909176454375,1.142006335287296,0.14778841770553153,0.2867602378229823,0.28243621645851946,0.006036794811435264,0.4651124535744009,0.7857168579563911,0.23886825734017336,0.9952310757262699,0.18289390397726535,2.706321138655489,0.19638409511286414,0.2898676963117799,1.1610126249133421,0.13281257514461453,0.17142206759940215,0.02833177809785703,0.07309044493852701,1.7411703322607024,0.21209129269303784,0.7522700891447986,0.2028694466099561,0.21085483036816388,0.10039318244717982,0.15375008962290504,0.6099059439108295,0.22275670135039427,0.31629037267839877,0.11979737000613921,0.025224447534665684,0.24829573330408872,0.12100965772530392,0.05544651649911092,0.8382072416344779,0.034053215436479545,1.3966498824283262,1.9129172431767438,0.15360442398073315,0.05697025840751713,0.6311365561836875,0.0003871585648860254,0.0846676299156619,0.24145086045556874,0.010629914332065504,0.008895700763125403,0.10539607535372975,0.1442256540252137,0.1627833239482125,1.4675836237631357,0.8067281294410632,0.09615049966935685,0.5490872626199613,0.4287337601040808,0.030831684254459257,0.05135003456101295,1.1243214226626015,0.10366846090105364,0.19571947353501418,0.3102698015984271,0.01689202863351369,0.6327993048984941,0.03314347657029493,0.12015243245812424,0.1510986705330563,0.37068778137575276,0.42695860987099077,0.29945909989337727,0.07217532361143864,0.19756950226762227,1.3002984981494166,0.16022713065365624,1.0875457791793535,0.39755363604817484,0.0590502833506088,0.6295214122732441,0.6341071458958838,0.004586502094368616,0.5291358519921454,0.3747711017203843,0.18682637334037733,0.0006615949966100043,0.06036047801682165,0.26492096087662953,0.005479330139440686,2.0624635069125548,0.0551819131756941,0.05164598978107193,0.1971906174044331,0.12199226647554673,0.3170301265752826,0.02396709948506759,0.47679266007884735,0.7725576341738639,0.019463600708296225,0.3422203759931905,0.25096035597654975,0.01052789214786487,0.016341710425691658,0.2114093692572051,2.008592387501163,0.022853124762149513,0.23991198533263813,0.1579404990874298,0.09646967235615433,0.23250726794508925,0.03368487220443028,1.6822529122570984,0.2795418410697027,0.468580356403684,1.3105849948460366,0.014564167403635309,1.3296997202022869,0.163025867717411,0.8679004005483852,0.022927272549186695,0.00459595856961903,0.09947604359679274,1.562540798610251,0.5557760319459202,0.052092741239195606,0.026074192958769338,0.11304326201491577,0.34529772073532855,0.5121804903314704,0.07383599425988929,0.03751753304918526,0.450554069057314,0.07074245665798878,1.219913743148272,0.4977250205251098,0.6124101479294974,0.015983117022984494,0.027802005606649693,3.2271280398972957,0.005413188699136429,0.0556375996277807,0.06167891700186262,0.6621584813752719,0.19318142719312303,0.2842631901406888,0.23995258357857097,0.09867133166524183,0.4311927834926773,1.4760847025207573,0.779839468908488,0.0792223284047393,0.5411061209064066,0.25285300190365323,0.26127143513412143,0.007595922360047247,0.021570154973904243,0.01236300891906339,0.2918944253785588,0.3957271683632839,0.014732524147639925,0.20043974096068018,0.5316716194936757,0.0604200422877581,0.0893564369606148,0.6753368061025128,0.5973334096740456,0.030489387330759676,3.315116343711841,0.16112307933289305,0.03528876785818125,0.19393459558081838,0.1441957100993313,0.5277484321978521,0.27943135678322695,0.4166548161347461,0.011488195638448606,0.25557003104074094,0.1556029574758253,0.05368159079252094,0.09126713927620322,1.9742884397545213,1.6631930699463797,0.321359149710851,0.3408655634908788,0.017294576672706397,0.8990141066237465,0.11183652698567448,0.03290829647482851,1.5395358042608893,0.04494239412980883,0.7881390565290929,0.008954520207511196,0.0029146159941125793,0.016017079542425705,0.010247164629321737,1.4020143149603697,0.17937151844052757,1.3424317438336848,0.13167939008787366,0.10083593774011912,0.05819572016329455,1.0290389872431063,0.04202635568553781,1.1167104004110175,0.23614099474920036,0.377615159540603,0.009449508723615052,0.2578213349067209,0.04249610662088965,0.08155799299625288,0.17859001395410679,0.3623793080701405,1.3551966867182925,1.6097377784081213,0.06029309717614528,0.3690422037011818,0.06120367494204215,0.1492810717962756,0.06410714075400292,0.4578446870290287,0.1113669346748869,0.17195203952333504,0.3742172673618833,0.6126355525303155,0.1487655213852377,0.11805392511188995,1.989479934509601,0.3952143209165051,0.007031481841853204,0.029991895879557362,0.6106584596124209,0.3114064876548186,0.018302363356205387,0.10445360209852073,0.009498346045447525,0.20154834759919615,0.20198028351011088,0.7520002236476713,0.023796593197194404,0.2478296179339482,0.09302764893506399,0.6092540901888488,0.9074081426313918,0.061740058444438306,0.07025071944618877,0.009060040149187182,0.2717614918070892,0.47179268874220737,0.38914541510524037,0.134384711100074,0.03129264181699143,0.09139976375877423,0.0019711984166871366,1.3507953548095353,0.511032463873252,0.28121404084049195,0.1966286229968588,1.0453962551268074,0.18819002993326595,0.21105857912814718,0.05368894932933477,0.18267246562888517,0.1669665817643735,0.10000298604686408,0.4937249529159673,0.11033886677187044,0.5299059589669992,0.31003476744059366,0.1105155304539136,0.05659805010081631,1.7979737653247418,0.01966061777804029,0.9800618672518748,0.010845388329731254,0.9165953629059638,0.17377754751199348,0.07303642095713114,0.008344542662217513,0.347392980775262,0.3281701751166566,0.6029038570701262,0.12202170674591128,0.18653975774279163,0.43409101128148486,0.7290157915075812,0.4581066721070838,0.2198444586933741,0.14423386820376072,0.5173674672603356,0.028008769809186762,0.04955873408418543,0.8816066931296211,0.002836856975040103,0.3638299413001975,0.36236966418617844,0.2688834906205033,0.0064115231514239035,0.28615506470768265,0.07106851382160062,0.37382492131182243,2.867680007211584,0.08787611403720397,0.4077640225916972,0.21032520112240682,0.37003138957650217,0.033888542664683885,0.20789739589760936,0.0177913202324258,0.13295744234232698,0.29159523504399987,0.06586663214684862,0.27669789485029095,0.6994546129889359,0.23986973661429656,0.2826316770762849,0.7287901774666257,0.08812158644701706,0.004882024781691419,0.4281540443901135,0.5260230422444525,2.1232165163303813,0.011276137279885301,0.30443114005827054,0.3933532809681499,0.21957237348122982,0.012283647888619686,0.278071848033445,0.05027216125431244,0.027698820383019962,0.07704763033949558,0.4135556797151895,0.18971566258343342,0.21631556337839464,0.6074403773742572,0.036383719210507204,0.06927603885112277,0.10929845004495886,0.004553622644134059,0.4077638130543859,0.014997342891451604,0.889366996549446,0.18590745176472456,0.018048061952048222,0.5508390652194026,0.07374705924144753,0.1990593300860799,0.7195673760362589,0.1534535214811179,0.13079913688305483,2.908060574745378,0.42837727141945214,0.1431158287935781,0.2015593211514337,0.08220171418009581,0.07651354642427793,0.10538849522338323,0.10874999542203834,0.4323695600024058,0.7879902953772893,0.12607889942616862,0.30681333916187636,0.4098144492067841,0.0064352308503097255,0.08325889810818721,0.22990625462969283,0.36548229271060295,0.052317999333142406,2.7751446266964557,0.10003604461263538,0.02016465959908742,1.4082010604815736,1.0467022361765217,0.09574556811631973,1.8465254368817956,0.052954622512664695,0.16710404221620223,0.17774821235685012,0.653036944909724,0.020984966864686205,2.634436077002523,0.12640073146259612,0.023142121124494763,1.2604194217219633,0.10342695962359683,0.3037873087563013,0.05103237042434383,0.012037178222360667,0.031545987555372745,0.1153688061687349,0.03195011698256167,0.8260458229390863,0.19014589943377203,0.2740391501718701,0.14265106544679895,2.726655842567393,0.7325301111296629,0.08990421548074679,0.034933402868374985,0.12756949665442818,0.053692470505382395,0.5386532781653384,0.09431576731147073,0.0003057241234456498,0.27374635344016474,0.09507924303393267,0.49422418727670187,0.11355021857711645,0.16569084637690112,0.21047247719768747,0.20485925664423033,0.7081519026588247,0.31036627318130583,0.0807697411785091,0.44388587047865147,0.1125392051592482,0.1030432501289873,2.7882004526568336,0.13938720410587369,0.17933045494428912,0.09782916296400135,0.06493130226112598,0.4216899116829653,0.2638750524361231,0.006280405017943469,0.10807597072465758,0.26023146969097155,0.7364938149275546,0.3775379399487353,0.023212066725765146,0.022052779266244604,0.1314096217610925,0.014072249298054507,0.11937079873446121,1.022990976805707,0.019115774080325276,0.6177490828138104,0.23699814145363862,0.18903435690052633,0.3295180321440385,0.08531371495452955,0.21631374468607567,0.008061409083945481,0.015320923786616314,0.08132355995502305,0.4003106530089595,0.22203681186205415,0.17214186841237167,0.4008407391600797,0.21343276902008002,0.22747775060517195,1.03798440636227,0.20703259073945104,0.019032945015280855,0.07524850342492834,0.49319059966013046,0.4721656236305069,0.08356707937760777,0.1277238063461148,0.23245452796413502,0.04160318940441224,0.14792201993579512,0.2919721062071883,0.16132457918335819,0.32096700017925717,0.20879913695881447,0.059683757755242484,1.0260417088272906,0.0010107117077586825,0.08617246097080977,1.8260637233665342,0.015265867887467977,0.12715285417117772,0.34682699764501523,0.17061980697517376,0.15326854988244198,0.031255725913968635,0.3987029372523405,1.2170699471809894,0.044650437306321344,0.16203599571159488,0.3233770270769121,0.4759510560772585,0.13060371496860734,0.1843071007237731,0.06821532605593597,0.15127971674514912,0.0953345429746264,0.02097159178412733,0.1299338279425648,0.2974764713594036,1.2926322460940667,0.16853255220655128,0.6821391810466224,0.3011510107709572,0.16023667448954515,0.25103428272322903,0.18426329786638806,0.06910828438521122,0.044774028944149724,0.3378282680522995,0.360872828296257,0.11938916743233516,0.6731547119717847,0.37131425274682606,0.06496040709016504,0.04404270187438808,0.06875293077283984,0.4451011002649481,0.026056241966774807,0.05580293953383009,0.09952618886493991,0.6823693587134547,0.14988598805215236,1.3615810414548841,0.31580488188375977,0.22478327661446962,0.2504596224107688,0.10032463111021284,0.3608456073814381,0.06653562966744797
"((2, 0), (2, 0))",0.9121661116607427,0.9441548427160531,1.1375246790427433,0.32994604519199366,1.3526256033905055,0.3416458946703336,1.1149170353946698,0.49665637728431666,0.1082865425793228,0.9499532098470365,0.4404952928912428,0.4954695876433717,0.08655933489076295,0.4434004685452299,0.8059354300844871,3.3976622466181183,0.17582330415781477,0.650423644076077,0.8692066793803945,0.393432630234147,2.660045078025954,2.3786143364191603,0.04483888136357317,0.11894952046417318,4.717519202196405,0.38167964482334804,0.5812187366910857,3.2011008909060816,0.7936474753254465,0.028400811648038315,0.20399549469342748,0.9515821431740573,0.3883170540686145,0.22828988305908426,0.5276272809565202,2.4183012043978747,0.6956531694472423,0.677238823289555,0.721793377206345,1.1335426069513828,0.3134269188295876,0.37372586649039874,0.4377213971134497,0.20555717499214032,2.322273158029738,0.06161995060942252,0.8219758315569936,0.9078724067242128,0.08547163682286418,0.3078849259270069,0.25748004115952616,1.149418208702555,0.6541491946915311,0.1421718211633206,0.29855524797402144,2.10784959011921,2.6776832555219867,0.02152883291367874,0.43674166293631467,0.15448895649102745,0.49606361214867367,0.1264576314761744,0.0918660009050094,0.5297929985843886,0.5367180795692192,0.5676559126117715,0.03379261363569852,0.2119796846793366,0.6279944921270147,1.585814948875501,1.162294227726092,1.7213535970847391,0.23232940903525023,0.3239768563707639,1.5592505658148368,2.1014666250281664,0.580639641982341,1.6862823987701714,0.08165794715985703,0.3929194713743809,0.8588560470368172,0.24480282808399056,1.1069113741535985,0.5838292265838302,0.1321125040352904,0.26350977249791385,0.7289629859924164,0.1339226306050656,2.604855332047592,1.277803363764698,0.6847974329986941,1.4683525390791967,0.9543445200165186,0.9628576129631827,0.5548305262158589,1.3634072944507993,0.3935128837499944,0.4519900830316117,0.3526802187308442,0.9315081084547445,0.13131313893070762,1.8501542309306127,0.2795581337649179,0.7841656232679123,1.490526342920387,1.0145802496269611,2.6993938411184146,0.29382491281797574,0.12563650869053267,0.8643176241348433,1.602528734290845,0.1822124051046109,1.7065875825900232,0.8042185375844764,2.311477478935031,0.2920642592377334,0.23859603296766652,0.18612666067012718,2.4876565646061475,0.6907101499078558,0.2967408431164009,0.32858478492370535,1.0017084221530075,0.6403599524567167,0.33612773080394276,0.45878009850813584,0.09688082014628607,0.3871637549413115,2.652360244424982,1.026621310675746,0.8530177588687771,0.6376980387970472,0.69959045821879,0.09243616501799898,0.3700237573739369,0.10415438902521956,1.4180155745585434,0.02668662184911974,1.1600965149336016,0.25468001201041135,0.5131713824710182,0.17924277818577106,0.7874069669368923,0.17468978836032473,0.4282427823125254,0.24555729405982452,0.9659850061416755,0.14100268069630806,0.24629227726632497,0.1140173028834498,1.1793365409522139,0.9980627146938481,1.9015557235783747,3.157400997789509,0.050351816327071974,0.9164637002522786,0.7830707927658984,0.07692018024286362,0.4031302502409968,1.0068477238047302,0.08559599420639213,0.39783846405632284,0.039361381333443135,0.3116629464102415,0.37750440859935086,0.2920545559612172,2.009391008912,0.5083086754453685,2.090865875639033,0.2301831443124096,0.9056116827889849,0.26714472516974197,2.2594338011914465,1.3770134792352429,0.29131683394290153,0.24035208168472133,0.6094618498201675,0.25747685661411557,1.016194219001701,0.05498679037995058,0.20783530692632635,3.012890857108734,0.32883492531758973,0.5576756073343456,0.5331907500298116,0.4288016455978647,0.19309604207025055,1.0029380119128328,0.7121798823682428,0.10224203716797026,0.2239769545316319,0.5779370830145247,0.3909473543566717,0.3825948501872325,0.6647253251249596,0.28490399170383185,0.4514102509890548,1.0345796447718236,2.090601408700664,1.3125760951190861,0.11968408982520451,0.08271692686434912,1.4268224335984,0.7672549738459884,0.5056070756433061,0.11051568133808654,0.6989542383967409,0.32422311942006793,0.10235175298704458,0.900055342853747,0.1923811479673112,1.3727288253950232,0.6209149768788697,0.1432891905587359,0.35572304823414025,0.5725429555178738,0.36857927697498516,0.10164634219849134,0.14914128560802753,0.9399617831204825,0.11909170924389056,0.15750929890354082,0.4534081521365244,1.457880248036652,0.11161028219740893,0.3318828497395774,1.0249095286967738,1.3794585277245537,2.828723314613385,0.29406862083903396,0.02070353552671511,0.30887099434570153,0.036823810340869345,0.4387420300643358,0.6800731842688257,0.25357457822053875,0.13592661849155097,0.37826555420742414,0.5382545963592413,0.07818919158192461,0.12259191335188463,1.038370057633294,0.8357892004717462,1.5109026736673592,0.538560025495544,0.37888912572763567,0.1431676400062602,0.2604313669812598,0.4603321583314094,0.3969567996133391,0.09622087984389027,2.115137337872201,0.20165130940750886,1.9860819908149496,0.5502695844645871,0.6044673642100209,1.0322175406248757,0.9215673051189748,0.22057544059127632,2.3820811992840807,0.39201560222603715,4.454470950986469,0.6982220540358581,3.0559259217373134,0.8861487493908864,3.091265462131209,0.48229362587729974,1.947445799959083,0.5968405276369186,1.0210105952813842,0.18094738528869425,0.05606975564654215,1.747802700795238,0.37831770373916035,0.28558706249342714,0.9212083246821422,0.18543367832437152,0.7289315723379115,0.4873120143559035,1.3576858925400441,4.247033535658172,0.1260247944249958,0.6847828433005643,1.253824233168238,1.7956202881623229,0.43037522362976394,0.6161706209594915,0.47532403657961053,0.8071404682094561,0.5471685777628679,0.06684885137242869,0.19290922870272975,0.8269765413859183,0.393429333806954,0.43099528052578906,0.3266322909290674,0.08724800681263212,0.15299684411462444,0.06200988222689091,0.23805359163286766,0.09617479574148202,0.2446892776071743,0.06591186763887791,0.26590724346373534,1.3533606511301957,0.6200001100106531,0.9705489645180909,0.44247776157099117,0.24034978817031738,0.032114160346216725,0.24496773671256444,0.1510051722177641,3.8054451934625146,1.1198052117956758,0.1591051384159884,0.25692247581979827,1.3055181690531663,1.1044847877469293,2.0278221986726788,0.42892344917662384,0.06413369116467216,3.542071242789653,1.2304484465886099,0.4633500068197183,0.13615333845116273,0.25783046879538696,1.302478251645847,0.4538893392497968,1.4293398721980668,0.504441799990384,0.16174379291134766,0.14491220491268414,0.5252370470279024,0.4009210495380853,0.756657389836971,0.4246516484914022,1.332521076636685,0.20717287739285062,0.6755374286832954,0.1505502355179681,1.125274227000661,0.3126346064503141,0.6523651322337599,0.4080165755328362,0.07462405595619304,0.22178545038131026,2.994753751439568,0.25536729872358854,2.827982814603294,0.34534299898113374,1.0325481305340407,0.4176046443804837,0.05828864097355835,0.11792147487297755,0.9819618462769646,0.676355441188568,0.48329381527717286,0.9817919257670717,0.09783219017830458,2.1369607582111794,4.6815629446182525,1.2123293471875751,0.12213110012901585,0.2637906550533188,0.17147437227650264,0.8069082326112871,0.0995803907550285,0.23051444555244216,0.89463252955743,0.27596185517314,0.274205392282225,0.1549505779322825,0.8285917401165868,1.829155136685167,1.1552399255713048,0.3040073080505025,0.25734738200257823,0.24440185708033213,0.1829201802004362,0.4052487005271511,0.01632306625413188,0.3710097023418175,0.6881323003742943,0.578330852790822,1.2503581213093158,0.36691271041918927,1.5131357654936242,1.6300844069166116,0.07268071408939014,0.6189693855117658,0.06861503326013119,0.6718161671820915,0.05556383692549016,0.8316335535093216,0.26481475994757386,0.041573548293825036,0.16669280166099099,0.4357351920050687,0.10198590725830847,0.9588960471108476,0.3225986499683884,1.5506850779307215,2.8124631668596365,0.45726847177732943,2.814501118701094,0.5306711325411892,1.7180361205384624,0.3185132936681292,0.5688250692419516,0.5646777271401988,0.28847663057208583,0.2563637147159581,1.195947973156497,0.4143666038988708,0.7013090357491305,0.6274715279043415,1.3812625470675624,2.3282443406571764,0.2453775311212949,1.0734981779531552,0.1665211623672117,1.9660560479330702,0.3553153395526868,0.41172446015845743,0.31905658811990834,0.08908063834713276,0.4843157802856246,0.2886657997088694,0.32268270936766963,0.6335458272064867,0.22292487906509534,1.0162095792270982,0.3917973539316906,1.777098460702134,0.13090317485752945,0.5057957507759554,0.3478459222678749,1.9728838636769357,1.3556187490820935,0.6004473307545517,2.1487120798705988,0.43135526551482495,0.03178683412339112,0.6958622651063473,0.2938373804206167,0.21005668593048998,0.15982657314671567,1.1343979367377348,0.4850275305960876,1.179812100825182,0.22002928277269918,0.5912057230811527,0.4259452119995027,0.8675306871122439,0.45047605336139696,0.1765874333403663,1.4634968760389113,0.6783266225196231,0.2410727512438835,0.23723892230653554,0.8304643624179925,0.24782270854793054,0.22577197963801265,0.07705101848715346,0.7154650116330751,0.24436252699871924,1.2951596670388734,1.0861037913218214,2.0608413793309346,0.3300908141302489,0.5509931059444942,0.09737011900442372,0.4061447069450178,1.1501151343606608,0.2101221202817532,0.19279213683159968,0.23216848754196917,0.3806127750892526,0.861038442377721,0.992994691578621,0.581493027572764,1.1824854547084602,0.2325567540191651,0.8277582194211992,0.500449407352442,0.08927526022078203,0.1338928039102243,1.1357359506437772,1.654710198403857,0.07120855417841376,0.6291535736869038,0.13795917919758183,0.12892918646414264,0.4717567817567336,0.8271220009652791,0.7008102767096479,0.966351351518116,0.9902086907264454,0.0534912452443711,0.17834550142551264,1.0960107183219674,2.896606617938877,0.7561777198804718,1.1685310898719292,0.09228143415622458,2.573953970286633,0.4476192471152325,0.34200753754183566,1.1070144983862515,0.09971785787261056,1.9678992540017215,0.09198172295356111,2.4696273236171464,1.7784592749130286,1.9247099969767976,2.2985937283502134,0.3459105484908178,0.011801088676529625,1.430825036971602,0.2872949574789456,0.2001429456025352,0.25457420969618316,0.5367212912706745,1.404933308069636,0.7752847007848644,0.7564259663415539,1.4602212994119275,0.826572036431527,0.2590007592396746,0.950100001498773,0.8621612934379108,1.1040921753003732,1.297031575836582,0.3750168357349538,0.17283501102073728,0.2287230978004302,1.4366678828556163,0.660236652882598,2.2485015700359687,0.056992036074542396,0.7906002989470902,0.015074620316782528,1.799193344342373,2.053495663139143,1.6629275379024075,0.9771413061389405,0.5415863780988528,2.1120285534382504,0.1390093117689104,0.8720288236416527,0.4042028519514763,0.25604101706880655,0.27895971502155437,1.5949426887477987,0.10696897268168004,0.202764276283799,0.2660043348917023,0.5252641913185938,1.180444050747207,0.056381152066388496,0.1368262062827601,0.5740359587528719,0.49926065586518786,0.035850508213862486,0.31517422655897465,0.13245772382009657,0.700218912118937,0.268926193995944,1.8648159265430309,0.3735544646795552,0.33312398824695966,0.4378784434946516,0.8370366400463827,0.8760311523762278,0.9170801701494722,0.593214995768358,1.3219260568695508,1.1318119537082556,0.728875020272748,0.22739602093448752,0.903849451993584,0.7940875567888048,0.2938272987636227,0.05226953775233367,1.261851978525711,0.0727065247497111,0.9960560971183638,0.4276565216873014,0.828506388944556,0.04846763178508784,0.42468489102246343,0.2763800560976013,1.4282377037705254,0.2384421503717662,1.43429040248683,0.1918865117011867,0.5946148745218629,1.006865825990325,0.767308053409028,1.1548408479541439,0.16335897767739826,0.34820464568833076,0.4517020611326614,1.6258927458356174,0.3232988126941738,0.30331729399949114,0.7328701656199268,1.0583814462049252,0.1300289775717835,0.5993095544801259,0.35663088379290064,0.19525869301470133,0.05427115762254142,0.47041533240371014,1.8589353859695,0.1630085666972575,0.30124954409050586,0.5793671781641161,0.9345953666965666,0.8034185511769636,0.46852635408603893,0.7841480480310958,0.2626709813172283,1.0917909865211568,0.26092982182510016,0.11801809139885466,1.4378250362503455,0.4441719661618251,2.653829570344033,0.4321670963011739,0.37169336109106466,1.1448310980858327,0.3510803121193521,0.2541898046064853,0.21893624441746518,0.03801844961493961,0.8067857554525277,0.9820480563032465,1.2567416436750047,0.2539626037637379,1.8740217471843394,0.33200518839654997,0.4072666348391694,1.0644738651449868,0.7873640847565865,1.5070702704233936,0.3561299014895569,0.06899153369201982,0.45525247538408165,0.08232396791314,0.6399429013046711,0.20736102543424656,0.4153855143822234,1.825370607352439,0.15306102465537375,0.22375145589665713,0.2902189275425947,0.43522167548496354,0.7429355760612075,0.041642060859360286,0.9899270751472516,0.21592352287326988,0.31876758935353733,0.6548030750183793,0.45817956061000364,0.37951155451209606,0.3214995934434177,0.874349069472818,0.0833496790466891,0.14149838935238768,0.9289600443357715,0.38303319305063,0.14257243031195777,0.29272288325049045,0.6019601441264866,0.0499747742281339,0.1718201056742162,0.1500520649490195,0.10661164637865772,0.40634453665060977,0.04816565181708521,0.4158800505664447,1.8346126476378182,0.1389076983840708,0.09841736229679948,0.6431863110190796,0.3172466639398547,0.6242316249407057,0.31636048334884126,0.17140597975987748,1.364328028771332,0.1673172517793845,0.17425037011922048,0.2938416128508442,0.399368412193829,1.1685506386228475,0.022255806192739258,0.6332916968831658,0.4380217430954456,0.541723869436853,0.11284765684836007,0.28706567110606596,0.04266505579527324,0.2796943322368932,1.156888621476742,0.6731866508761419,1.5553423929275518,1.4348139868349379,0.021357650853644716,0.4206905084556981,0.46662341306870103,0.11810250929742849,0.29217945474440177,0.40168978887229145,0.8738970741690062,0.3205895451857177,1.00666079198465,0.6617162564326752,0.059401003425079035,0.647642504943459,0.8797083056113197,1.30531315327114,2.8144789409490922,0.6565080859669604,0.4208221461308279,0.9361696100405834,1.9160438017675,0.26389958036660216,1.293239855169309,1.7954425118336934,0.8986451836384477,0.396467682197288,1.8305991282672194,0.18165237395422862,0.9544253420713009,0.22909544058660614,0.1664074493575438,1.6342838641088002,0.14241690989219435,0.03108915916899635,0.3800425185134705,0.5706761499613134,0.7165869309480536,0.5668999012387519,0.2652314346674296,0.8205100417461236,0.059477203291766756,0.23251438568365213,0.07575245132035624,0.40493237284711736,0.44122290562370026,0.1303009644748936,0.464679698566321,0.7190268431018274,1.1383162432457063,2.1084353357478616,0.6001432014556409,0.18393722920110311,0.2062949106040468,0.4645755025009166,1.6111427370838236,1.5355195466887455,0.43168121770347334,0.6601118366339271,0.6985408647912277,1.087298926113792,1.1689041526978508,3.9600244505405238,0.30299149347415155,1.0411432610818832,0.08554650860349278,0.6318540497051015,0.38355206306362133,1.494557628174428,1.0791495002353657,0.28456610782864855,0.36661974244186546,1.2231370335227025,0.4515046284324593,0.3943847692952376,0.9517386614977297,0.6692570100686854,1.1134921100097186,0.03707401010602135,0.32736382617599946,0.4485659991497548,0.3303184228037679,1.965986899807676,0.8729107130366671,0.7146633039649991,0.08383641350948567,0.8909111235427514,0.018055327185675818,4.2551665960242095,3.8571123690698923,0.17227236478319363,1.6033879531388848,0.6614178363964804,1.214456810084232,0.9160807775347283,0.3189713917068706,0.0882178701166656,0.10391090450285378,0.160138523332774,0.756770477296682,0.11776488027376864,0.04746693824483217,0.2008309014414062,0.8207998261982024,1.843219316830934,0.12062072477237273,0.6716294252120152,1.3109065187901314,0.1491674742942335,0.2250817802677363,0.36492499983783566,0.23379655759126283,0.037872743198184344,2.524755713431403,0.3609578975096245,0.2447500356966268,0.29197803115623233,2.1533726569462974,0.8886353079419608,0.21155823306099264,0.29684087964933126,0.047943065755557734,0.3403886775421566,0.4833941590199482,0.7290030103165382,2.039866861653247,0.13234084820713554,0.07483103750975911,0.45674561388171886,0.9625175975094709,2.028853463753682,0.1999535864032027,0.054165467965684444,1.4229041298440024,0.5198850345135895,0.3276266272431443,0.7809498019263111,0.3607448376028136,1.1082990982602596,0.4731203577890671,0.24100170048380587,1.0999868129674542,0.6351771251195577,0.3699417017924549,0.6585010088934078,1.2715386939893392,1.9281326877210287,0.2106603233587554,0.405944910997597,1.3843248703327955,0.2954336701758008,0.27307525930303456,0.14999166946420261,0.10730193437555846,1.4624601831266562,2.3510749139184766,2.386697682429204,1.0045501151139051,0.14977857510362724,0.3015713228877659,0.2099487711016027,0.9267302164983242,0.4918065789325968,0.11866623806306409,0.28364522453569097,0.18113793344250717,1.378641638302221,0.2759518761716089,1.2151241277387002,0.6037738313638237,1.2012347331210311,0.6963700235110282,0.7683203044939938,1.8009153476117143,1.671632221227173,1.214130169882371,1.5216685056017343,0.12672067489967326,1.4948758742803685,0.49645011272907746,0.21959179745804625,2.1792589212573805,0.2783689038429311,0.09006771209970321,1.2830209693281331,0.08570860490534926,1.7602762915808932,0.43818631066480673,1.2173516865972709,0.43883512018333853,2.51087408502942,0.6443441265570269,0.31056621580456456,0.12367752744385108,0.40820743032227846,0.10872212805628817,0.7432206120151092,0.6160477836188984,1.0428745747152963,0.15012002598056506,0.2984819130253537,2.6451312728443894,0.12666745734758988,0.6982855874509104,0.12312645403500233,0.2977174228343873,0.3134334847294824,0.8519712147760876,0.5033511274227513,0.2671469667759707,0.426842037305808,1.0081486222752971,0.15002153799368756,0.6358963853670682,1.7572566861447305,0.4122245608821129,1.265811252594818,0.7208881134194045,3.8800301620712734,2.322416686620068,0.3864947995820549,0.05261093713739018,0.07810366230942778,0.3762645739961247,0.2505625946159642,2.540271311209092,0.6908540631533889,0.3164871216764721,0.6364398216812457,0.2597597935709155,0.3584513424505733,1.0187920055038915,0.491979442136272,0.19486625866011797,1.2310026012729307,0.24372878967634992,0.19462029932861302,1.48165780007801,0.4706628032145693,0.6089780341628965,0.6457551850057781,0.21320472024251758,0.3108368743450025,0.3666322295397182,0.5229061257248366,1.8565267470914595,0.4962100771345972,1.1682899670161544,1.8381475752377772,0.7822618738729399,1.0550901404990416,0.6166079749126148,0.6503858149366262,0.4371830600766876,2.012238762344106,1.7528117800075602,0.4942928301310481,1.6513428460109312,1.5409828072827443,1.5381176662679814,1.1320876645977362,0.260103914455605,0.7910980527041706,0.16719042631332004,0.8210560792093045,0.2853069045785115,0.660382644948968,0.5875809805309579,0.5889192850696623,0.5977142430813145,1.410897214143922,0.3712077707181204,0.4119862926431559,0.08616714440461926,0.4460325299495129,1.003982908775977,0.44708966398512406,0.5166483878142429,0.2904628433874352,0.2766588177437741,0.5637397600294671,0.45854380391201977,0.06968909817518165,0.10906119440784745,0.15655097652188865,0.26044042088958097,1.2636501600052052,0.18721687082435734,0.3445361780990235,1.1440227169277928,0.4014249114358439,0.30969630064887177,0.0904831075387782,0.415995135484268,0.2364270723880848,0.09003423629616991,0.5230082464386945,0.19639572020914153,1.7778078408485538,0.8728577644597937,0.34209586317615226,0.0676419929789358,1.2355357914790843,0.5495622948531815,0.3146542325456111,0.49711537681963186,0.5459721899602675,0.34902913172928357,0.9386959417606945,2.248795136580975,0.5589009359611228,0.4484049885461163,0.8511726330756237,0.4108297098188911,0.31282357467625843,0.3053162827814875,0.8434083195956021,0.06743603281409716,0.21063022742291726,0.22874215703098078,0.2008917540231765,2.1600416702827436,1.5865344796899075,0.7904272289622856,0.701869197384265,0.10741129141797989,0.36975578285746236,0.11319416995868048,0.5004885042516267,0.41137065750263435,0.46859778123002127,0.26070334899690684,0.5446189670262818,0.4945981609140959,0.40511196066001287,0.7503033922413076,0.15435170541749654,5.1460584269844825,0.1499196011422435,0.1728863930593172,0.17475041821400017,0.3260047066371219,0.5022388021411479,0.1237867492907041,0.6551218076440466,0.11208648189512405,0.5884975577877374,0.2018925809290948,0.11875485927357587,0.4566431982336918,0.11308496792407521,1.8381383205875448,0.37903954758753766,0.5672016039183638,0.286724278157922,2.04022460293376,0.11842253626314347,0.7272001276590672,1.1884219524848132,0.9536935427579829,0.13808100898288855,0.7378530236616934,0.05725562113569671,0.13801892069052246,0.8612367200502393,0.6548477089797494,0.14047812897557166,0.6316276412797741,1.8012893075335055,0.6654566228464345,2.432905583190122,0.513111905120111,1.0246335883155144,1.4547859699375345,0.2865419031961911,0.10057885778354059,0.628302685164772,0.4201789092705135,0.3232625581052626,1.1172554392695484,0.7002686657995009,0.5815369470238674,0.0839720954206652,0.12272578481594398,0.6868552571415028,0.7226929178735846,0.39647441155411356,1.8196767705503203,0.9495426287334883,0.9340632383483267,0.4889995425583512,3.2979387361448778,0.6564734771309269,0.4248819034124026,1.0610579730246994,0.30647619742714716,1.1110509729939453,0.6156180996472168,0.20655830420996812,0.6597551367818357,0.6720747053796261,0.9495702110976822,0.0643069099764133,0.7713299938617808,0.9443217997093765,1.7363532715498557,0.4869453731293558,0.2860718387105407,0.8691556129948697,1.3742151737505806,0.4237058555677198,0.04674738259934652,1.1379373494343965,0.27205855053783057,0.934654830885598,0.24648283889182876,0.9336377973413144,1.1125236792939137,0.9057824397784637,0.4052661385473906,0.011474896909922094,0.11921159494115463,0.6443801555359517,0.9246833462544402,2.0124357375980937,0.3817730814898046,0.058197863685831575,0.2616723616826731,0.16026400336293578,0.06693726693832402,0.16079942191622787,0.3063885525314376,0.13987647564453876,0.11690083293957731,0.5985185025451814,0.8233763408661856,0.349756302426821,0.45281218885697605,3.883028547065604,0.406964567372639,0.48628160138419374,0.1614451429516488,0.9407984230359646,0.18219768427699545,0.8976877597574964,0.3441196746458868,2.1571369177190607,0.5264053859557863,1.015992198801847,0.38225646261112955,0.099565203071593,1.1699616255189764,0.5245280937772492,0.33647998926678035,0.9189037172141379,1.9740177486760975,0.16518401527461957,0.840686199770804,0.9966867001639874,1.554302196934886,1.2394762989969994,0.14211616769667934,3.472385246385261,0.11179712640289696,0.6490364237258475,0.9472478340896677,0.16815378168961714,0.2503521536556865,0.9364604010565916,0.0433503886827058,0.22201058654887385,1.9004935862014143,0.15832953078285295,0.8613647952677653,0.24309762079289976,0.8009880056034203,1.8992525881293862,0.14117605808417566,0.05586489535537431,0.7636949961376744,0.6686201000582301,2.335070191974973,6.171912682447801,0.8469128450377409,1.1925382775525823,0.27972048865115684,0.04374403182499914,0.44600092266235536,2.3841201784422617,0.5049683866011379,0.3717234777403649,0.769779780909425,2.731644612991998,0.06218757973573186,0.05329043244397891,0.17623521402350706,1.864689940740343,1.121678742818505,0.0564043948344794,0.14796846291956722,0.7773541625862088,1.531867850452311,1.6007185367468812,0.19307580265666435,0.36233607815067337,0.3783190616523302,0.24312623612332573,1.0375824916293923,0.528276893827966,0.5624389179499556,0.13321439222406606,0.7002179979790311,0.9239687961826117,0.30677046751079146,0.9749696185303711,1.768558403626665,0.40242864972705084,1.2344117771749819,0.5504527894643987,0.5700061464361,2.162794374798421,0.3899573008807993,0.11415319233071397,1.4848629448791273,0.05843257781262079,0.49692411823790605,0.47142700063786236,1.014360691665471,0.05014268496510771,0.10301842652290527,2.7399541217582515,0.8681021415063097,0.533991256385794,0.2736169163417528,0.4925690749016847,0.25483116823748764,1.1364312131705359,0.14581983507540563,0.18273744025500194,0.039400850881422755,0.7620145991633018,1.119133256315105,0.9692910038841704,1.4914995947560228,0.867208507303816,0.08671779769478272,0.6399687128605487,0.1792724294484358,3.407988089001712,1.019248785913295,0.8224668041725378,0.4685385253475216,0.5348995473665266,0.030761662979918336,1.0172693581205696,0.5020711758052977,0.7033301428759271,1.3133333146317094,3.174551337524299,0.9584838004799838,1.4063600878179572,0.9666983800194463,1.7013338672823934,1.1970356962229816,0.40207056611167813,1.3183886073249078,0.4755530533803334,0.20149425967781848,1.802538987811623,0.10714902179238761,0.22010787348854277,0.08423469840559816,0.13961965217686223,3.3794272632770186,0.24995882627809785,0.7336003675523941,1.5258294731214015,0.5134264290281461,0.5800647439094505,0.31334432982229943,0.04483924248023552,1.1815631756948886,0.9090514369124552,0.3351164260852655,0.40418802087954864,0.31747831064375653,0.4018773671555951,0.14904555394849628,3.4670826008743956,0.06492551904025845,0.12427127256804904,0.5047548739326053,0.36871950738929005,0.6767409755818221,0.10266612307394613,1.5342093011285325,2.319444277974227,0.811343538287138,0.5552972267048171,0.25733613343545847,0.5038858378086657,0.1611787408746106,0.784384035644676,0.1795528607069652,0.19663798635023755,0.7994004108581121,1.1255807072734874,0.6262377072509409,0.0863482319675492,0.7767889694229697,0.06334626646777752,0.7809538807130615,0.5429631524700583,0.15886778501695042,0.704414796807426,0.9762794678411436,0.16536647943424643,0.23161376695728042,0.4000098605325264,0.2725266212204901,3.4741116364718323,0.10856591418627648,0.9696094224892172,0.559415756371896,0.22391668963427924,0.657127988041778,4.335821774929219,0.4920386085249381,0.13891657104425925,0.9160721594532817,0.15418575837255122,0.08015408365266541,0.15234378459034548,0.4859103531295892,0.12341338426475423,0.8371538022998029,0.7963493436929374,0.31624042425191035,0.5145000510787108,1.4416309257167401,1.5178643618158154,1.3312127149688826,0.858374005667869,2.828020760456515,1.1528537019089375,3.197593953675118,1.6753846535294707,0.48528227018046843,1.9186430888408186,0.13569429377925912,0.38113993000047974,0.1879219237748937,4.349695271628835,0.6535721396612858,0.035584403031916234,0.05205171487996363,0.6467349766335555,4.9195092011636214,1.9642229996057536,0.23861800770714825,0.5958745086179795,0.1274450866115342,0.5841148251028094,0.13310785023061567,0.9246316998416597,0.1339776691517346,0.25135587399362747,0.1000574880145424,1.2061485105653817,0.4556477493674631,2.6326155910556084,0.31480140909357157,1.0777315740775661,0.6405613909689631,0.40853836978424063,1.3804969295738976,1.5335875561497405,0.28854433511820954,0.21712353536540901,0.4963836230946994,0.32808005442392085,0.08193076465568949,1.1641205799776146,1.1659331156122115,0.2879078460112229,0.8273286418350878,0.39516647619016165,0.24389123483713782,0.2959442133713842,2.5762542965168667,0.1585614844125658,1.6334669927886947,0.911542111940089,1.4680128730431408,0.6264303042064294,0.14351662216764238,1.2369107393207925,0.30561753366109534,0.9659978112001834,0.37464750816707415,0.09272863382535323,0.14959035976172252,1.8912615857475146,0.03361067667190287,1.0988482261486143,0.35332076514248145,0.6411127996845398,1.0083354254197248,0.44502005836096437,0.370572843327038,1.6746779370669895,0.7881541242126948,0.245643367042639,0.04316002744593972,1.2813192474850472,3.7747727423477055,0.3665847658494141,0.3327060907794196,0.24116656285506144,0.31848605343037595,0.38493539069243476,0.06797852220230255,0.12461324110203559,0.1309961976824121,0.20174733413915047,0.9162021754273131,0.1650176998379831,2.213268730147627,0.32659039349112706,0.661246898994915,0.1111355516778797,0.3076652918761877,2.1604330832015686,0.1060673647769722,2.737048236512919,0.34508376487457715,0.26599159804529815,0.08896366434155528,0.4101855639952221,0.12160384477999664,0.17870237595307137,0.9272823075600319,0.03499061528692948,0.6732946316739432,0.7245489824170003,2.6319155832489094,0.8351102237505121,0.19851933205537153,0.3514123076820628,1.4358289850773782,2.3836463573405937,0.40135917049633774,0.630995517889555,0.6061509292324336,0.23406169802754273,0.6270061900003839,0.6498148786471367,1.0295064961801004,0.3458677076130019,0.1599092101431736,0.2821203418847348,2.3851516026330883,0.26082620577834625,0.15205493150457605,0.11722648712907491,0.4491856156605505,0.3289698586437224,1.4409660351565066,0.3075467644786307,0.7180863486135969,1.2093049391618078,2.998939368002653,0.4783944108139584,1.8966220607574862,0.8301578253751776,0.10991702614221399,0.1843475702121362,0.4553450025791319,0.7574783420096205,2.217408934884272,0.4219844160315749,0.08594348225454418,0.059705924088188644,1.879603107332057,1.2017761828619002,3.106939190887944,0.6840084723136902,0.8163153013695035,0.11948227418754165,0.4277224689485848,0.3965955117891693,0.5952498051328299,0.8455558166127857,0.8460555339022668,3.069180013332578,1.1755993812511627,0.1387960272301202,0.5097059958394878,1.5830775325308497,0.45501360822909787,0.6541458293693313,1.403002712154859,0.5267260660460962,0.4761926793314576,0.263289664864679,0.7254859404652154,0.5679657973871315,3.0737757078557233,0.10560132292505564,0.20867460943114335,0.5359304658743017,0.3026883706367769,0.2559850932307156,1.1631263690886204,0.20394009254292178,0.27310918454853295,0.2318933990554617,0.5560981299648404,0.8079001679469945,0.2884796062507763,0.047212202251095015,0.09624315755922619,0.4208953989804203,3.807483786328631,0.18369274594608698,0.4601203746412891,1.2049867939008854,2.359213559457268,0.9664104999938447,0.50119952227482,0.37967569832283743,1.0303537965168057,0.6238780923178444,0.25252612235473554,0.12253411438897865,0.09837021452679973,1.1395789765181141,0.4708938251745678,1.080222082762416,0.14007136966717082,1.3223972316627142,0.5483155201185821,0.31583480444227696,0.22376669534148008,0.9547776003387405,0.7762709319130106,1.8200353039084047,0.03854484354931159,0.4892465172271847,0.16920356892536614,0.2417201145578236,0.7821664053029914,0.06348896085277178,0.3206323824158549,0.3170842864200793,0.09221071019883137,0.19694019579529803,0.4074598700771619,2.30853391824054,2.7788336004638476,2.4709673179933542,1.1432754894885022,1.3167865810215706,0.4741842311458108,0.348730257436332,0.029853700436940356,0.03724479176970563,0.16264804814084877,0.2963297779548447,0.8316868974560402,0.27095919035432003,0.284045742117379,0.555346624569119,0.641469480428854,0.08215475236909049,0.22930203453250136,1.3013624556707177,0.8956746344244014,1.0882549993998643,0.8713401901883986,0.08441020980524816,0.7182118797600165,0.07476126115382553,0.07100819246833784,1.584941893816417,0.032115294497658375,0.7508324038589331,0.3251198370550922,0.17223843850355658,0.5355922789584346,0.7796106037426529,0.8178547851014939,0.03285083005487899,1.229795162001774,0.9288840453532006,0.34520366284487103,1.2149182021095426,0.018843646305718942,0.13175939750219046,0.5074827089664581,1.0478213397648728,0.27604651917091627,0.45241826025689597,0.19179641272310444,0.6336310325928414,0.28960647604836876,0.7102972509463059,0.13654315091381675,0.8980716852355544,2.3729077112696615,0.1728365013742854,0.6948596361117803,0.14149550668960198,0.06928589996324552,0.11525858780897891,0.5842988756083923,0.6318482447343049,0.779829193253801,0.5700568299286007,0.6593968347246337,0.38295543321598363,1.698184998243274,0.32620892309619026,0.6449705292804156,1.4379379329471071,0.4073745608813708,0.4591144340783485,0.6962173860952197,0.07735320370761617,0.24205346440260933,0.15559630735170116,0.5116364154305415,0.023958435471772246,0.3729633621878208,0.05757930048312687,0.0758024251131384,0.36249038016998125,0.20581518270635946,0.3099603075736994,0.3977500018333342,0.8673210411998461,1.4743261946010813,0.33718624510709483,0.1495270931128886,0.05092263869819891,0.2697627263822656,0.041375623497262703,1.4290389381061939,0.3360760938850129,1.171068456749205,0.744420673471593,1.4182606022062154,0.17971582394179197,0.24075859142925715,1.5217127032803666,0.037725679048354,0.7395255429421199,0.5068731259990791,3.177411674726776,0.2848651631189347,0.34169016086241466,0.1491052654110608,2.4931415749005543,1.3924657226065391,0.3768176378988418,0.4985804178227672,0.4497477634771646,0.4472177414647628,0.18235478236023273,0.07518255762427462,0.5602074841442801,0.5795508648521632,0.6851466847833827,1.0112423649793296,0.7846570399918551,1.091738243743661,0.09072940949222597,0.3738932229853903,0.6015511491330566,0.37078546912762556,0.14977800891495618,0.2780829435343741,3.295554856332565,0.4375007595642779,1.1740780276571678,1.273062701749211,0.02062384594471156,0.354598230287437,0.369405923475819,1.6769704119514048,0.3109408122784884,1.2354320127927618,0.7957426202254086,3.2925183338400874,0.47918680813318915,0.43372959038137804,0.5230799208799527,0.5867129810085392,0.4718087448742274,0.5523805231311449,0.33075937284803125,1.4629122733104503,0.4172113013154334,0.34989056478193825,3.810826090139928,3.578512509917468,1.1798645959936207,0.720059042838006,0.3982909752129853,0.6073624628301078,0.36430756171898726,0.1322248456218702,0.7420587574320248,2.0705256148660496,0.19972461804402097,0.2326172340273167,0.48103804662846184,0.37163748399983376,0.6713620837579449,0.06477160026659134,0.24865745657020644,0.4328901739975253,1.3343986580388019,3.637274855116333,0.43495174925973357,0.2580265208865895,0.1966566546138946,0.510916727059517,0.4853760212772791,0.9761766269471422,0.32530133536689576,0.36656333703925326,1.9201473952848023,0.6491826035806492,1.159742150796258,1.1672034503837905,0.8066462459773227,0.42914888896577696,0.19739975578035784,0.3456916571570172,0.2768483999407628,1.42319784891616,0.14485697935460717,0.3361295726519805,0.03277481478331723,0.0556483000707626,1.0979070257926788,0.366725568954684,0.24223175650188578,0.5255421387487087,0.22628615604091507,0.2958279238160667,0.42397797583114394,0.18438091392379471,0.7645033365347472,0.045124113943992405,1.193925888208709,0.09097959961022939,0.11031122745142774,0.053142710027575424,0.1769757977177841,0.3017441118147419,0.8327599158788508,2.086465167468933,2.205478816781548,0.5650562900661111,1.063657740457986,0.07248517301348167,0.14653393947084958,0.8272768703989115,0.19187966765037756,0.9884860406670823,1.0234754201577805,0.015641325020642638,0.7815386578688917,1.5418963982791396,0.5420267079592211,0.09483836017046265,3.383277217888711,0.4311540983081946,0.09832414992553262,0.07974000777790743,1.3142859599735273,1.3489949173557834,0.08770166739416885,0.31673845658414396,1.310266377240371,2.6685106292297758,0.42060763085383374,1.097941052047953,0.17023516273131634,1.092170087660957,0.04969538285679831,0.8642205320172975,0.4491960635853794,0.09346040251626175,0.5500622650254009,0.9758973872971438,0.09081780454340765,0.34538246442386655,1.0405742931713957,0.977545149132432,1.126269210027687,0.5992285443671699,0.09790988485944352,0.259490587732926,0.31876508978947926,0.32961867123544364,0.27432047061637976,0.3101948462388183,0.4384996099095496,0.3501640185603374,0.920395448531008,0.40773334625341884,0.09942822717442024,0.05861227314920914,0.3900393162011137,0.4737957141680034,0.2183860092073433,0.7730521257139031,1.2379210516903374,0.2611619472795794,1.6767819613734791,0.114338749031484,2.12286052643157,0.4894910254975089,0.0807183573608703,0.42906841743501023,0.6885418962029234,1.086219454612555,0.47488474130909564,2.864447497488625,0.7803874409634708,0.0858093105308948,0.17521617412525192,0.07194348533365147,2.9449097849161063,0.7915239342587514,1.3858629557200932,2.2489881156396976,0.25041727115717793,0.7339141418621261,0.6017174441456393,0.2611805887974253,0.10373811643848357,0.3394616847979546,0.21218819950290846,0.6799541765720818,0.965612025671525,0.4711024535107461,0.044746716251840235,0.8587869559767423,0.3795003483095538,0.16349388915490404,0.6365809403366206,0.3239805632332142,0.9184234141564054,0.09930957713229183,0.41575934044170815,0.26889298633392833,0.5912760041931298,0.24501576134912462,1.694202003133746,3.074063949027499,4.770989918256854,0.831778625863976,0.1789081784022788,1.743258591128352,2.3788609226144906,0.5986808360424176,0.07475445674713982,0.9261121350078029,0.26627440076142395,0.17022233089319205,1.0916937665760384,0.47122161461845646,0.2026213187573469,0.05655874250702686,0.10015947494228361,2.173225867899445,0.11765769915576274,1.141499168999206,1.729572841253776,0.4071382004914169,0.22940487023453948,0.31209734369206543,0.5694810047249002,1.4891943755972759,0.16207008076326934,0.31928091480176146,1.124708606842342,0.04892679478273515,0.14346211750574855,0.1763494133776471,1.6830146576761948,1.4033987445880631,0.04513603006319167,0.045322296919930394,0.723143030865818,0.5877292262377213,0.1669500489288056,0.48927380484448113,0.5807345205231071,0.35940432798181227,1.901583717995996,0.1862317141272376,0.8029984674299362,2.3840984524931748,0.3319830014383762,2.1254586143339314,0.11686285734828727,0.4294274142044616,0.5734054231529793,0.9960922497447813,2.0931402111327153,0.1121866460088809,0.009489132681533063,1.370279880749472,2.067022106908726,0.8943030341591686,0.05450421772227304,0.4219745836050166,0.15147202353829115,0.2133532155980724,0.47449090199306926,2.483464423685399,1.4601384633520267,0.7941580211537638,1.4245936525535752,2.2539531215037427,1.1668027892124075,2.448314910333441,0.6029571565500647,4.016514635392318,0.12284565485001253,0.8739559209517473,0.5876154937872974,0.10047596213549237,0.8641601630750221,0.09558072975805931,0.031236271987962194,0.35161272245151975,0.5921882758919363,0.4509412297511467,0.43929659731362536,2.1109257518599516,0.11876700655810901,1.845979177561908,0.37607575736939514,0.4030693759958661,0.20336398698379887,0.2358237409245546,0.45832174181788854,0.18023196050640408,2.154680399539278,0.1530406890414303,0.45533569059908363,1.3310952562474045,0.6044257981196944,0.5378509884181463,0.5578589159148128,0.5134912467454531,1.2371859141715411,0.5597428644929758,0.8152452793404605,0.4902302822057576,0.3105009687819207,0.6995073849977089,2.272667632605813,0.5913722442071636,0.21697064152702583,0.06575306025872041,0.8854369201424785,0.4116919943041302,0.9663729939841832,0.8313645777511269,0.6697029330740296,1.6507563866298467,0.0420314765915466,0.911312115357116,1.054439152039852,0.1183541214382875,1.7651542933418205,0.38892600239930414,0.06968506062560542,0.14386866901061868,0.06284313687081977,0.7164457032976713,0.1936431879082341,1.0989001628699557,0.3617990873302175,0.5171061910188517,1.0029365065747262,0.28229454822469763,0.22353408029327068,0.18918404172869052,0.0960082693897244,0.3348753142459602,0.27578370143053443,1.4497177312978233,0.2343795543535685,0.21084772246722472,0.9687648463492682,0.7531184402066637,1.3599211752987252,0.830765201218151,0.24595705962359438,0.2011589296373526,0.24045677532535875,0.22445772265278552,0.4637908454148324,0.7369856291035796,0.08310330136429064,0.21395219047833836,1.1402344635076993,0.08987897050424509,0.47497725209400055,0.21903283209854124,0.28263652152947194,0.4069402756732783,0.09444174907121416,0.9500940446960497,1.1092995222476907,0.2655110793623203,0.8153423789122928,0.268651251869659,0.4713236356368503,2.084773692576544,1.1937655258794988,0.05080652275369274,1.0685669886277671,0.4919413768675085,1.7654635303143758,1.2562373689290967,0.16834441036538894,0.32030570964903005,0.8408817062604937,0.43483157561072106,1.1522474511417253,0.3096338011079217,0.14251782403679547,0.6976325673930369,0.15276315567882648,1.0162131754901131,0.8293184866962893,0.2934414998941922,0.5724475659789464,1.7278328288506586,4.154774958629323,0.0935919284656117,0.42694193476551767,1.0271016789547462,0.5735798458710181,0.9067934002093605,0.4155448850265129,0.4907442832140769,1.4668546168304615,0.15212157414562844,0.22269947624703643,0.27054278741294,0.5602605911506922,0.9245353940994288,3.036331370852887,0.41852708225983515,0.5899952260524732,0.25665274387400994,0.7115571905209165,0.33171317117255006,0.38595177742858944,0.809887639449095,0.9992740369104528,0.9216679881990878,0.30891189287749427,0.7176893951347779,1.1193677288524209,1.8879613038212337,0.10212489541863301,0.16424625921716085,2.257700865110559,0.5254130692281279,0.6954899261682712,0.40671753765908836,0.07527006339492337,0.6152862062250019,0.13292351913638412,1.2149454913230833,0.8362615152142616,0.29719123293910676,0.0860006532256159,0.7815227385356937,0.09777953649297211,1.6691149217473453,0.4793288198539111,1.2590208064208759,0.467271733198489,0.13732272272719315,0.44038550931206444,0.09662557112997516,2.856380123434457,0.17333089445340982,0.5682735583774643,0.5741382371917642,0.3074748901734825,0.21743370178103405,0.15590205821734804,0.3384354076779741,1.5027615942635217,1.0912819891106795,0.9986319673814625,1.0275421956469941,1.112736427509658,0.19998084366482466,0.2036338681707739,0.5665659990990451,1.4767429889001207,0.13393623498031482,1.2225934806650627,0.9431569787860825,1.2730335131119077,0.4909441138688015,0.8041190474521448,0.3855995790002913,1.3172370953694235,0.13109104535823235,0.06332076112621238,0.3488576819829228,0.24246752152097617,2.762987554873846,0.6425163973924553,0.5269741590176791,0.16792710274694178,1.0885338419014903,0.7978928761637913,1.1023528092956791,0.7839939207650702,0.48988968150476353,0.1113630406797721,0.21246539072034606,0.4069886579619807,1.7791992491858792,0.5794038541174329,0.15770750151787138,0.15749489585468623,0.38493461154650666,0.164102392830042,0.6923326086467742,0.08670289399584585,0.8116307656038428,0.8082490086964259,0.8575737562055195,0.25714114095522644,0.04771153856327642,1.046721333687033,0.6772935346151397,1.0604596400617181,0.542943006513089,0.6829568772751116,0.06802993183273531,0.4246503777015954,0.35776064268082397,0.1761623108610839,1.4296365850023456,0.38606630505608797,0.521946436831366,0.5634607014193594,0.5785328047395761,0.7302806988172885,0.07546660511142522,0.1491480482590133,0.9212429848901427,0.10450733172121651,1.2151622201923171,0.09347771574812724,0.26131065443571444,0.31895199906285604,0.6213457005136759,0.5115431967251063,0.42056073729904075,0.15098905621671133,0.3754052197323354,2.5179855734296863,0.5449682427332059,0.17399401671101966,0.2340919309616909,0.2994988107763996,3.069058175003987,0.18924491374791674,0.6072988677613342,2.260114327085025,0.6376568319191258,0.19887771363291074,1.4143166235230087,0.6914171828243575,0.17446059909689726,0.7384211641279071,0.16564250277890136,0.846224298272884,1.133625216689699,0.8381135047644789,0.1887506071936631,0.5908871094716984,0.838956406008261,0.08910342706825519,0.11813598077619458,0.17636943436384378,0.7500812744419904,0.25107447095799074,0.9156159381643632,2.6070104965449987,1.237514580061014,0.9550042102627968,1.4326472617524455,1.2739206119201028,0.4749056818544719,0.5743595099106202,2.0476725367900346,1.6766252525650551,0.29709625619856195,0.29708583991299675,1.408380716263826,0.5328754467940154,0.3379239084783878,0.14511860766741047,0.24125195361942964,0.1245993812006323,0.20569070251102328,0.17078862187833588,0.44895509852559956,1.3216650338230989,2.0299908976736574,0.38367548855929257,0.18318724746432435,0.15871415198192984,0.42416645633537303,0.6084519333342412,0.26944241482236675,0.1128569255454348,0.5615277966435781,0.03475808702633654,0.10817987902507564,0.5775001739184646,0.2985519585701064,0.0947526994127772,0.39347107766995393,1.612829628650743,0.20639439936255477,3.1310499411422827,0.7888733154439296,0.8778938849479605,0.37635375315284875,1.0852061445208123,0.09068868616508163,0.595381738544723,0.3626664530437871,4.365360702977785,2.3167646952552987,0.7436917372406818,0.5771784416662813,0.09501190676109517,1.0058453549808573,0.03038139291909303,0.12140281502319275,0.14229465016852327,0.10966951505595723,0.04001377627693342,0.49713384792177284,3.4861269731943434,0.1578647083588295,0.38562056846166815,1.668567083512599,1.3338913713168272,0.34507880216712894,2.127944276500922,0.2680377788253723,0.23191793955137596,1.7028872997531193,0.831023646040507,0.028807998762798104,0.8183515795279419,1.901690856721161,0.21767203749218988,0.27024826584691614,0.10935597198297042,0.10406698509627155,1.7137796257765665,0.2595214219818569,0.4586748127209615,2.1935620440194206,0.30678211764559005,2.2181747347441743,3.2361695198594056,0.5987517478599886,0.26401088968512765,0.23354922386220686,0.06100704551789626,1.2675522600973677,0.9515466992565569,0.18207041779406313,0.8362628895681716,0.5210838382078733,0.03418059766842729,0.13463486962006888,1.6459520702832282,1.432101361818979,0.8020951499342109,1.4472273026359224,0.40635634698843226,0.12658388247303443,1.7626036529108544,0.31880645741102165,0.3487997947158983,0.7734159063741416,0.3503148566239258,0.4416739130313705,0.32658052317638187,0.069245824557849,0.323515452349513,0.12576332852482658,0.05719045162928105,0.12916461442124588,1.9537616652804028,0.3008590441787742,0.5320313048124331,0.19824031227093586,0.8702903726896154,0.01826248716756404,0.12127363697908067,0.09870783974129255,0.3962483972063323,1.258748261868457,0.40548024094210966,0.15617097602032404,0.3413295850606126,0.7263800758043042,0.49537519984075096,0.4403991813289523,0.5396922159697455,0.1761921269201143,0.8954874291724007,1.9178280520992896,1.477921964460782,0.2797183224459854,0.03471361732806055,0.35826112965765455,0.15751580209390503,0.22613253531116845,0.09236127633489555,1.8539529902552017,0.32027804515005875,4.496749830962463,0.1654705320120824,0.20557306059295521,1.9145352762553722,1.062323238981774,0.8112163469952802,0.13637825145527782,0.8332808552906399,2.4078714746956633,1.6977691718460277,0.18207573750363082,1.7214825998270933,0.18891466840876014,1.275321818404601,0.2983149613029734,0.7356977371191964,1.9682563380645866,1.2472296858805296,0.2574804081727642,0.7011312574902933,0.5300037958332084,0.23606935798244555,0.804035578596009,0.5607848485448974,0.14120788958293584,0.8368315471258821,0.6776429632013995,1.3390834280143036,0.07908242514596897,0.4463730520554112,1.1963911167031618,0.593399426169769,0.7410595282545354,0.18546443027416515,0.08396808467011119,0.47347817154375327,1.8376750056724764,0.6118833295274975,0.12871985850547152,0.25495758399900215,0.06078501905479461,1.53063611327791,0.4066235540712395,0.38113751614897984,0.9589796836299946,0.16609048252268976,0.2571264298126048,0.6852619373527695,0.14951719919743933,0.42555096977139284,0.4244290327354938,0.10318512457341045,0.7086873863017333,0.18613043637497084,0.08503398225172021,0.5344632199547485,1.9610928469554518,1.6456639837198508,0.6108598020311766,0.377484879612459,0.719007263273318,0.8588450727148849,1.051285219476813,1.3168635727609936,0.20522695670434588,1.2755153112020552,0.26390495770662015,0.7731512263142885,0.6055854179723263,2.7181909895829675,0.21756243575076373,0.30594167886191326,0.46170847544996885,0.05232068700786341,0.3977980254758041,1.607451747760961,0.12213340713311399,0.06318367586727491,0.043221272693311,0.27771414782578363,2.777840374461152,0.44912302251557834,0.30034878623461037,1.046844220221506,0.2333564686586196,0.5827906310466967,1.0186497062843354,2.8888082683679177,0.4447897411227042,1.0018017879506163,0.0920537845326177,1.4190406132769982,0.4240248972313325,0.6731831022976207,0.015389636616730762,0.09573220669676996,0.22461152553494923,0.09535793853572427,1.0185843222077375,0.9232239562942991,0.208743864555053,0.602459204263599,0.6498037783972865,0.5928485374367606,0.10698935243224117,0.6765522964056978,0.39972437662577764,0.4073608940771213,0.21281907122937305,0.5886118906306704,0.8486484370884351,0.2592916633409078,0.2486534556407265,0.18919445425823522,0.35353737258910733,0.8106693384083603,0.2182604631953865,0.18654853091011558,0.46022009489742316,0.2801604371497177,0.40753494372855725,0.03710503943525234,2.1974045023057123,1.4486721694655291,1.0924677506066218,0.21329809750692097,0.640690151670847,0.3091025854259535,0.555717166667792,0.46113873739363653,0.4689270011684832,2.0394770255096626,0.19928218263465458,0.09783294017627106,1.1276953926916744,0.1937643629226783,0.4141809433801106,0.9072583871049639,2.1649802120325443,0.3616496652167076,0.6571286933190548,1.5880674424881982,2.638503358459052,0.10359266707946402,0.2825648571147923,0.42527417904692166,0.7789276342939118,0.05085282491515741,0.3457603696467153,0.2114083077110125,0.09476513938488706,0.16946582072727773,0.7326060118751192,0.42293986235746306,0.6090674981134332,2.1348801720329007,1.3647241459148778,0.1034246033930672,0.5403618883825605,1.471869944721722,0.4202132292574621,0.9067513194375851,0.5001891016668641,0.2528745975326421,0.8816311464132744,0.054290579329065114,0.18236299426018165,0.6698924684913348,0.29349409182064445,0.9423633235290341,0.6494914555546135,0.43197944852150116,0.1484226565977709,0.11428606734556718,1.0544564928270848,1.4925223243176724,0.12122271919148919,0.18465132014895408,1.3712123979450708,0.16643295725159435,0.5069148394362591,0.15457571726351615,0.901750973647079,0.8587122819847375,0.031733080324918006,0.08543430404883706,0.27531089639685125,0.49852088695395014,0.07220424649736251,0.16516608266625532,0.6088857670841246,1.2987241974252972,2.1673877971663105,0.8737782223179862,0.07528068613270478,1.3786787455302703,0.1738412267530105,0.08251213230409116,1.7815524894311174,0.7840688278759251,0.8299771431327456,0.7850146428398971,0.987434874880011,0.2800816673041715,0.543598626371687,0.2025000691891691,3.6073004991866227,1.047601056786819,0.12664434103176414,1.4513924115636616,0.14873483922791375,1.0577000393833202,0.9398583637603807,2.046732410453901,0.10468612213641854,0.7697353784405929,0.3915753517380216,0.1906021921241272,0.1589632516779642,2.2474025508843876,4.037694215516552,0.30543754875827445,2.353826189406116,0.46792448554361066,0.5833924905093255,0.4474445395718549,1.1385573034742953,1.3602412331400378,0.0917174745118654,0.26474486300609135,0.6721589480859191,0.12989124822597997,0.2821770969696811,0.287125718760078,0.1990075135299516,0.5734910276218943,0.5416409670003636,0.3564679973037711,0.34053680134698205,0.44433290374540013,0.9436624619977318,0.8993679045926624,0.36882831482359124,1.071653831567362,0.5632176689882098,0.22323047632472393,0.5732335160083142,0.10389651020357421,0.05679331145630595,1.1587302378427538,0.34932784732870625,2.205370255317784,1.024931842114387,0.12078738200110528,0.36937048350138224,0.7037373080946268,0.1414080716499604,0.3075594904188985,0.8659557615216907,0.7627413196111318,0.5231675224837191,0.7434823566899174,0.12246090866332648,1.135333706907355,0.6128905126187629,0.7167335959516155,0.4613250868786434,1.1614171971908065,0.7705429021426589,0.34226439792386976,0.026960177519442463,0.7081339436043683,0.42413609149772136,1.2866021007987674,1.0011007203050954,0.3448654117168486,0.03847387116598033,0.8191794099634363,1.0609243903165355,0.29816659724815897,0.08579896818640287,1.260017222610231,0.23510738753117255,0.09341335659208017,0.1750948437988309,0.18552011281366299,0.7508428805559766,0.5668828865243294,0.3734589286807022,0.41982955991218696,0.7925545697632007,0.35923516172972253,0.13555069678944376,0.35026561863521427,1.8467831745723038,0.4423482168895725,0.9604656608746702,1.5710183326023794,0.16954755120930443,0.25144311078238135,0.4956657776900747,0.3731747293394878,0.3888072706236625,0.06834503685572191,0.15584405285974423,0.17988051021792906,0.0660961506211416,0.20151845102910354,0.3095615414713022,0.24066201984325897,0.4517921726951688,0.0335317111745298,0.7747312063885419,2.0091706315946896,1.0316618192126434,0.5434309257914159,1.5732272582791398,0.2474794603855952,0.7120831894419177,1.353240500741816,0.25187648815409636,0.3761357711883959,0.5601849225566161,0.4790784683588959,0.5419190446403559,0.48477339664502805,0.48660679850754107,0.04243070526528503,0.21924519539231513,1.811772649938403,1.358704378986464,0.7651689477753495,0.28782872759990696,0.9986401628762596,0.27211932394645855,0.18891217223424533,0.972996094208158,0.9838128217408677,2.2308946028989696,0.32515629140903685,0.046055132360243056,1.101862970481416,0.5121863961742812,0.6036950290861514,1.4304800761606482,0.646852281799388,0.20715281289497967,0.09489226705835652,0.7180505383600376,2.568528605384984,0.6181763418850705,0.3065527889219887,0.39165868483221544,1.0848579828348472,0.8289099140444035,1.0845834195809434,1.020159614759108,0.23599989868761662,0.3883414326495449,2.28736545624797,0.5593637292735465,2.7319944915521477,0.15090389768422807,1.525009515394764,0.08579528985316998,0.19375040095634577,0.6586542639135206,0.14166759541953733,0.5495108984858452,2.4511312793891817,0.9544943451701136,0.4039590508177513,0.5990362663314218,0.36266146812561517,1.0350693375893394,0.07040570487964071,0.24539409523935973,0.9102183823181303,0.2618021719941429,0.2614515116542353,0.6988316758467126,0.07458653231835566,3.2971323380887845,0.5682909588231779,1.3349621665156097,0.48707054920011894,0.2814198394744366,0.5619688298266226,0.14748965696312172,0.05589944135806246,0.7661116962386443,0.49321178991340475,0.07377325305661842,1.7232295991539024,0.06893547561978408,2.7488395361867903,0.05895124657163098,0.2005260052037432,0.5176714735751955,0.4875069272653043,0.4622273549165409,0.05880151746995077,0.254569130414831,3.1375610729971473,0.4465778209034392,0.40698309369045527,3.494964905673552,0.6578475692537897,2.0549786643352927,0.4309803779640866,1.2949451335390787,0.34754303898316735,1.3228137350631624,0.3292305476018278,1.0035723840195803,2.099958004567056,0.31063416022526624,0.590209761829259,0.36090280202749025,0.7670084704312106,0.8366665541059696,0.7995984031491615,0.39782217223630045,0.10768581798516008,0.07750018516938773,0.19919603618000942,0.7512426829696055,1.2266347664891653,1.493478146029815,0.6605558535025539,0.9857754937222244,0.3997169942889293,0.1551950607700553,0.20971126716290822,0.32211771821280494,1.2221473741977646,0.5332911072392522,0.23955373773540578,0.47754510038700726,0.331603126757891,0.195899209343811,1.4366420481683386,1.5148714603669269,0.8426236495084543,0.6073301379262708,0.14673700128815526,0.6212864530686962,2.0143024897510378,0.14828185601470112,1.7394187352747252,0.5747895209190247,0.9347175302659809,0.15219838697325772,0.5783388769120519,1.0937062833135243,0.35985212489465734,0.0776906138643938,0.10579095212104683,0.6328021794456055,0.6770730968065203,1.1137097972694607,0.3064290921085595,0.6101910537500074,0.9260564023378649,0.8301922255568992,0.6534605021683686,0.07262788012456278,0.16836552460119125,1.4853837309224849,0.03617874870004245,1.3197188618771025,0.3044732373568271,1.9105058919677798,0.35399702323664006,0.0692140553149092,0.3066360871157545,0.6032810626897338,0.01372827641278962,3.5556392180695378,0.6338179911621502,2.4337138885483474,0.8020172807568969,1.2553177437171295,1.5630470802747483,0.2863234776472916,0.23721096457182733,0.6965303399216041,0.39581660437626637,0.26171833084013374,0.23883443633717283,0.3517001221450571,0.03531756885595083,0.4541490850494565,0.841811567726357,0.19963152569927978,0.10616814520310819,0.176822301381091,0.5743124491997909,0.1662620312891696,1.0258880485238637,0.5432730670376595,1.1568531849986206,0.6008093477929084,0.044254708293249845,2.10732027409221,0.44881893680019486,0.18884955850583435,0.41327522105652414,0.08865923073367132,0.18881669565706338,0.469031382281632,0.07267912931465648,1.0177096224647697,0.030463948125787232,0.20203215531181618,1.3220019196327373,0.43775692852861203,0.27496135290144674,1.860410186817156,1.2108094556598195,0.6928158577408686,0.014426820429337184,0.10133831860312825,0.1261982601379137,0.14711003512525755,2.094426115904558,0.43626388600188676,0.05581754107651826,2.173719197905473,0.5095125844035595,0.208013231537733,0.5423926313960468,0.9520473981991832,0.9374497360766265,1.0519419497372196,0.306328474552817,0.49081340655507755,0.1684029353102796,0.6871764498956173,1.5933463846112184,0.07493170254269854,1.683153612559533,0.8103563521426991,0.7068859834191406,0.1571505245027649,0.9867350086713308,1.0070942996379921,0.6592130431208372,3.233416431290692,1.5792404483257478,0.4127687793238085,0.302483264916769,0.3955844017870623,0.3385647567836636,0.29563498073760175,0.474266009634393,0.30194754749774183,0.3917169014601216,0.2352864178845857,0.44810506473824585,0.24234816659070124,2.683757494198458,0.6151215868610258,2.007823420818145,0.1908556845160776,0.5230939372346222,1.76853897223774,0.5173399491545516,3.8485603931213226,0.5945893799070802,1.215522718828894,1.1815173679869821,0.27806065599132546,0.3568532075422084,0.36790200881094215,0.14217843374407035,2.119136546300075,0.35732021030404404,0.8688421237094676,1.054749501760242,0.27667541914665095,1.1483837279324445,0.38169006476543066,1.6642246698759315,0.7378822152657174,0.050078935478812925,0.5143159446663277,0.17092540763854214,0.20348609959556185,1.1006901166950334,1.0594407130920338,0.5477821590682802,2.2306802733533777,0.12828229850831085,0.6055255237800038,0.18840012808756867,1.146889722437716,0.5458228184843227,0.27393414149350775,1.0630102817526574,0.06345952228896046,0.3465812406754284,0.4674521749046262,0.21030767059165933,0.42749251991483495,0.13899953845468194,0.35056724567086683,0.41390112030294857,0.48169822202773976,0.5638908454742582,0.3734799188525906,0.40873548667278237,0.04237919276846058,1.1071884358625346,0.7912456785719246,0.0651796154126465,0.20294107056349636,0.19022419534845048,0.4873908114666172,0.2714043128359931,0.7786784434104168,2.2026739837656173,1.115976279436456,0.23143239253159886,0.33648222990140875,1.891720816854984,0.5936942087562803,1.0997181863028862,0.21815504656400142,0.8038065753077119,0.8784060301741641,0.3576656389744127,0.04827516306516744,0.2857023321253523,0.2916647915563551,1.733351338653331,0.25018914246148616,0.8547971483606274,0.10175695517570471,0.10387186743349663,0.28741647246639224,0.2840781580762264,0.481887409590642,1.3127039631330084,2.2147932342076633,0.9200160502072502,1.2709993567732722,2.3832733522257517,0.8088780127306956,0.7170821116678454,0.9983184347512501,1.148236467263281,0.5188498482725964,1.5928733125967711,1.4248486695493816,0.15804115917629452,0.2646305925507244,2.1660028265318654,0.14083709676871803,1.1574407586881472,0.029342972437767845,0.9632717948974514,1.2406751423629119,0.8495150606394126,0.6256545669549957,0.7375945207935448,0.5621956259072447,0.40939380865840447,0.12290021538880924,0.2550039254214671,0.21684659116302019,0.9814796504722472,0.18596568319366047,1.2453355793482923,1.1607260002363966,0.6987524122900837,0.11760752322130019,0.539326869196799,0.18086317675263586,0.661389393153767,1.3030792197869043,1.93686487177813,0.1443317609336463,0.5533549657838017,0.30462192736695193,0.6153482005729085,0.3186475452274584,0.4339606651316157,0.2992905795786618,2.951539824322499,1.2860850624543807,2.1211700528898243,1.5426012557781492,0.22350400584508456,1.1592486302029694,0.7009168323058244,0.009935151874370218,0.20552631990349002,0.9942099252654985,0.604691039388181,0.83197325192759,0.329181384976295,2.520744718070681,0.3487861641866389,0.7654262121227157,0.3880836529860685,0.7382423576146707,0.8745337359891658,0.6487572812040414,0.22569646063648885,1.8196154920752639,0.5548493644717662,1.541540461442949,0.13474218651330538,0.15179718214339477,0.15218413832700217,0.6611662702847483,1.0109464068056817,0.023860731178524053,0.9019593058261788,0.3172865661292694,1.5227365958444827,1.348879247801595,0.8563419772314367,0.33816780611037156,0.44200385952580956,1.844519954122907,1.0526910853628564,0.5051498203627127,0.38038374471830816,0.2675455759271771,0.03777061307657592,2.988609294952831,0.17955437963158438,0.23445231025117952,0.8003511355886639,0.3410055733919999,0.13392290663546713,2.6676785432317525,0.42187932520383464,2.9408377413809554,1.0008868087090692,0.18984012486695045,1.8353671266919225,1.4848767532839158,0.6011145548503882,0.6603362239000526,0.9595709152385641,0.03555936958704686,0.9511177612905901,0.290231362257101,0.4215700282532837,0.23990194024474498,0.45458621984582814,0.41139530234619104,0.4187221805463289,0.2938270642599725,0.034424824724672565,0.9184575575266043,1.9209293103617635,0.5739919422758822,2.324922496131181,1.0225970031620226,1.3087413809946358,0.4201148913629389,0.9544403285064245,0.8651361104312286,0.7882208999384366,0.3210833613117503,0.26609954785056,1.6359541688169852,0.7934685499966972,0.1473249924936353,0.8946372182552629,0.10777214968863857,0.1792969015670688,0.0785241932172197,1.469351161120112,0.5929732905169696,0.34568122285092195,0.37200230315053184,1.1249840172998857,0.2584004021598468,0.4645740769843738,0.6883265333278329,0.13981623080150102,0.3716387283467856,0.6697729241034026,0.3878265695418945,0.1562821336777911,0.23700269275484165,0.18691018858461916,0.8228586348188409,0.357738209271554,1.8794701594028886,2.953389649157484,1.728732409610938,0.306343437310428,1.1135676937905337,0.08085449228327912,0.20024471856431836,2.0226397061969883,0.34122648304498016,0.7727854354296884,0.5865965101983157,0.23776524084434084,0.41383021239201523,0.7562379077634894,0.08937817662194192,0.23023445803246378,0.11614190242452271,0.6336100816122738,0.3998547900964628,0.47158529510557057,0.08505853742975555,0.15052251329587002,5.2198205751968345,2.3054351466880814,0.3894721541114947,1.1938428921080269,0.8319032699751883,0.25723874667896407,0.08408669694197635,0.08079426956376123,0.7624022744100096,0.5867459972767461,0.37832803492560485,0.16703723839591933,0.4393120798318891,0.39471265853522974,4.14153593976751,0.3355840959903802,1.0573446174623353,1.9719410367185262,0.9211545080792545,0.4806398210610856,0.9402365075540855,1.4950444051195106,0.446609795169648,0.3569350458568219,0.11905401329771317,0.48431360408417684,0.34588677150520986,0.9071698455092732,0.362599300699211,0.3308621150271869,0.1615377011937431,0.6289733255103496,0.17667469417217996,0.17385606941245368,0.08305755748241987,2.261407998234047,0.24754281033229147,1.9207432179700654,0.0430360912104526,0.5418019621672261,2.405658697730022,1.3288165104370127,1.1935888547313775,0.09165946190860641,0.7987699346848627,0.6082047910641262,0.9029157117001052,0.9962996277627861,0.5175188345197996,0.42155932898950144,0.8263825903216505,0.4487471246470829,0.11586490987131048,0.20353402906146523,0.1898008488491536,0.13794773009487526,1.1257553026456524,1.4280549017178772,1.4686947370213133,0.6106724070352412,0.1527300358018714,0.1423863553554695,0.5325593300164178,1.419724208957577,0.233551892807913,0.192748134956217,1.7172342099291067,0.13333826191753506,2.644455907296133,1.3086358517533982,0.24730245007362628,1.1478765643416582,3.3972057920793737,1.2609775491561008,0.32728931197533273,0.2821885456594173,5.053162605221063,0.27592756709277366,2.0175265270915776,1.981661380750035,0.6015335244209049,0.6215626187235579,2.387389279867389,0.10665924789784254,0.816313587985098,1.0033420795741663,0.23092165388746633,0.344153971187513,0.2318071254652937,0.3122592414396907,1.6391413353815123,1.7282409540313934,0.23808407337240056,0.818356869441535,0.8589300497165099,0.5809529784181396,0.45065204358731004,0.11494822946186023,0.2951133855799968,0.4954787237466765,0.8588632761995364,0.5886262026450821,0.17090873636830972,0.6166327856567526,0.12335530041555076,2.8251841970219536,0.32902674290865835,1.24218061229038,0.040973050240397546,0.2080341119704796,1.7119581178081402,0.05346061238598984,1.067968104738983,1.3834542604443834,0.3834252557806409,0.24604762538538993,0.574775370433277,1.8978461283184536,0.4462676733768096,0.6492836333055197,0.29139404050647055,0.3883516412479897,0.13706715366575917,1.5051523089199372,0.3735099735289601,0.25229154083482774,1.889169032901993,0.8249220746845913,0.3883647860458531,0.20555403030050723,0.8157355592690934,0.2079863773620817,0.2841757540130684,0.33207135422534617,0.26733300919928205,1.7708811128223951,0.09091791704093138,0.006007695299125704,0.1318714855372929,0.5573642580174379,0.6565358192847968,0.88697324415245,0.24110274613179677,0.38405944510201717,1.35732717658728,0.43009201538039543,0.162560617400474,0.04929494313330135,0.11888781606800208,0.07586869721809064,0.11452195772930251,0.7871527106414766,1.512523735118545,0.7930639227144864,0.8249377033391951,0.23341476503213943,1.6932304051016953,0.5156164458690697,0.6941314050239948,0.16802560360606678,0.029911414944541415,0.14347836675429648,0.21681646849344283,0.5361828911538482,0.23792257821810195,0.2486846668651248,2.111850706966268,2.435356152699983,0.4319443089987516,0.47000453818711,0.668157879013402,0.10811982352733118,0.05674101159064021,0.36251089236924794,1.0793701547793948,0.8106265175897445,0.1348196808320028,0.505438149834468,2.784870545727163,0.4977070656977812,2.218141129373487,1.2291068241854153,0.42000389727039855,0.13687102380574753,0.2452151588193474,0.9371404095330746,0.760030357861109,0.11361688421013272,1.4708815929495576,0.13148978730423444,0.23127876938533187,0.33814937513548315,0.8646938196543618,0.5334558410176957,0.28352906746656403,0.8186127770315318,3.1951794980812616,1.600095873421437,0.3529951422818237,0.18344473168111852,0.3022203367331999,0.23661468411925934,0.287818415042427,0.7049042138359667,0.07639096994163197,0.1363787242755598,0.28201753440053634,0.25641428699806446,0.29135348638098,0.5362114114851652,0.4517302989514673,0.08896232930856351,1.0161138557981015,2.1506568204065912,0.07573628209752259,0.5303813284837338,0.6149326940143145,0.16639149297253955,0.7746952686382977,0.26723704458860187,1.9204762129065251,0.49712593028440755,1.2124614946751602,0.9334333756853423,0.41291294152850533,0.16680056089092266,3.0994690741293103,0.3364121025130884,0.26161446694027946,0.3993750412490197,1.102804989116401,0.16979147546056428,1.4671224764736885,0.0824008282441897,0.646374024627999,1.3770048600003335,0.034880013009710886,0.068690243767485,0.9606179078162662,0.6516935211629962,0.12371723418201541,0.38397829699137037,0.23752918617921748,0.2180832707047844,0.44276696862227705,1.431448164393124,0.2730261435439414,0.719261348538855,0.9455851978256586,0.25450852027103954,0.20573188549101457,1.63611482533504,0.3626143746673382,1.773447001561667,0.5457564523764156,0.3062295818259978,0.23728173067894076,0.23363777924327256,0.07933521153584,0.9748672197828465,0.41528983526137486,0.09782923221675244,0.2529655189144937,0.32223495684809944,1.633791835146268,1.9258347259883957,0.2587484080595901,3.652692034344557,1.1219453207040733,0.9027166213294661,0.12089960848311665,0.5343776938113624,0.26809845279988753,0.23658800106150601,2.1269881090642264,0.7022806652804046,0.8807113394992687,2.227010616528063,2.0326692469486045,2.318594570021227,1.5449773938628777,0.4968985044225047,0.19125109051701084,0.23499739291350163,0.21951104247217082,0.08140606275443907,0.07890734640584218,0.13045841527161323,0.010136053360431774,0.4619394949322885,0.3398707875749656,0.9735886793640371,0.4180974476106991,0.24971067755110554,0.17513811062294016,0.12470034499453853,0.10004545194440428,0.5453297378759923,0.6357315146426312,0.27087107990076775,0.07862644781168593,0.24793815239184214,1.8952038681905576,0.5518206485687518,1.6417092558595423,1.211661474785318,0.3859937795355792,1.3712793023073198,0.16728863003680794,0.26069107920572365,1.1693578152859732,1.313650245857433,1.3003734469657213,0.9795226386636638,0.5901972284474861,0.2435362195451206,1.762546298330003,1.0133382398826982,0.44984704557038696,0.4310408889342685,0.41442780408336444,0.12106770708202275,0.3249461367030903,0.049296127232251075,0.1258650231001916,0.20380985102522642,0.38838309018544326,0.2722387651268616,0.46720857435081714,0.06669091865992005,0.27931915898314863,0.3132422471992409,0.24362973212918293,0.20285527802341652,0.07351816833185199,0.09998997556423372,1.2153345724988487,0.7837448811863248,2.0303224785290723,0.3180132915160989,0.12156083464960976,1.3582489378009646,0.12286517769122102,1.799871731607365,0.23741153194582665,0.43692491167111047,1.228010279401993,0.17387775593107913,1.041357402490748,0.953961118103454,1.44984718135189,0.636713963075997,1.0061413170023903,0.510762066399109,1.3590750288478242,3.5338615292549354,0.03641927550278784,0.04931915186303648,0.09479306080413213,2.127045914635109,0.16087568581807027,2.489130948766487,0.27418543191379396,1.1893292743829402,0.791364883307236,0.41139902425711017,1.2914411372540788,0.24211506440079594,0.8193249712855313,3.417293943812143,0.678473775748248,0.33874699647339623,0.4661644132392886,0.38320416747306774,0.8086803897641857,1.102116690460151,1.0372509719696348,0.07769697635073838,0.5769655818271353,1.9240593208487484,2.2692903255735413,0.27474899157903243,0.18315501481088825,1.1885425757801573,2.165915065682774,0.298446314400697,1.5670191827684998,0.5212003694557567,0.1363540172258455,0.5031430574466519,0.8704665615646786,0.4937017276732627,0.581449889408047,0.048271839791655946,0.025585186056617415,0.8110131482147753,0.16116128739513497,0.42626273895815325,0.18410228616960467,0.25596230771305484,0.5060621310970577,0.43548960946721227,2.281137008163338,1.97033965493646,0.20250957417977666,1.1521497345517728,0.18552316656054058,0.20091505740171844,1.4723710592979746,1.6457520919417472,1.064066715786224,0.5266740530185372,0.5731023029515643,0.900337963312972,0.1502682840463594,0.47890267850546975,0.20020742429306157,3.6722336459697225,0.3600060359776076,0.22061555780975728,0.8239876172403824,3.783341741438074,0.30417407409763286,0.6969619347656187,0.6284576615042441,0.392956864254302,0.07619442787006592,0.9713897911125127,2.103051522014728,0.837930453700378,0.12715258399170637,0.3328376327246221,0.14254928962087732,0.3403404658582101,3.3434229718974637,2.8824191034904643,0.7021261367255296,0.22271592498215353,0.38379139420160335,2.4125326212792784,1.101945570455909,1.1346541401908496,0.3178607031497533,0.48888418947737544,1.003978403759598,0.1610412863084525,0.8873699574044565,0.3991941722041942,0.5720718213379538,0.7647260087641734,1.431523759984059,2.2678781209104812,0.7398004724962826,1.5252576410340806,0.6664700972718537,0.1630437343540303,0.16173266544099052,0.8621307191527234,0.3386562376880564,0.40471834829768716,2.2988841971407186,0.3973383749154057,1.2995067972232692,1.2577209423232025,0.19622130323871745,0.26558908831895234,0.6420920172896674,2.0408630541790025,1.7587046486103337,1.0006943512046667,0.1438378274157297,0.7188000782374648,0.910922080479752,0.4397099571289005,0.2497248230952413,0.21829124925219595,1.8760721542949022,0.8019692474309774,0.2904332447467225,0.565339589804883,0.369522606927291,0.4503409268060412,0.24890406725693337,0.07987057275211523,1.6282590584609415,0.028015160187665034,0.8177360105114304,0.10895508336669579,0.7655427140571841,0.2428114928394398,0.6651415989972178,0.685636937520107,1.5000929465329162,0.14452143806246892,1.1966377129897061,0.6544017250271094,0.2616681885357166,0.14487382019742395,0.6703752610912623,3.098574796315449,0.5963910665258543,0.6863453462550957,0.0879706902887995,0.07592944634830323,0.36141283799822943,1.864456489204651,1.0395211039359558,1.9997917772839706,0.356865060723794,0.3985564224919025,0.187146626734752,0.8280310995725529,0.37509935255776244,0.1873189139714173,0.35884116990931714,0.12158671041023483,0.2536745095774226,0.875578660792184,0.3082814152950383,1.1703733898387678,0.7082295273281953,1.2493646512364651,0.6490081093920971,1.1938030174999876,0.04365763010781587,0.49486702862610366,0.33604241801236795,0.36460339791455854,1.0723321060442843,0.252039662427081,0.3469373504526605,3.397565088879454,3.720650633747507,0.49554370877070786,0.16531875663371137,0.49773738467434675,0.058557624634553274,1.393780691737207,0.12914137403031328,0.28614786645006873,0.27322173139998385,2.1973374960313463,0.04554517335187236,0.13900651498029581,1.007909182485426,0.21138687886874086,0.551827700842813,1.7512637509464026,2.013419819347405,1.9789671340229151,2.622543019618083,0.22366579008230436,0.11856126136124212,0.17684209393111727,0.782857688086969,0.2859811584308669,0.7427693620875947,0.7477686806679777,0.8254367707046081,0.8721679460109913,0.7272756141067842,0.07644359903442588,1.0145123190037184,2.215380624336485,0.13614491781292526,0.9620530275135729,1.2979055789898575,0.3712688240504602,0.34663106901809815,0.05697002140036611,0.7929945619199694,1.2357506693068752,0.43254779017968925,0.6655890710897205,0.3205079059602065,0.09006686327879121,0.6859274819254022,0.3956894507879951,0.07543912297961652,0.7208679782732185,0.09759364794469572,0.2060801563209015,0.18066252364667013,0.5022136956320493,0.4880828491147263,0.23533508332683062,0.578377606469919,0.25042025844185456,0.7671783972137864,0.39902013234217426,0.35319385011659454,0.12683977366294757,1.1963965432628823,2.3077473004446265,1.557413387255326,0.09141147504342867,0.2837208185907699,0.05579964927125525,0.06560238262650786,2.803806795831473,0.16194603938833096,1.424759087546763,1.5469843589166643,3.8579872000879285,0.4514283484488353,0.20840552677800395,0.7610546479192972,0.0631117526387156,0.2759306042282391,0.11660601737548526,1.6760082434951968,0.9995429731858487,0.45299116382211946,1.5052871262288736,0.7851393654561826,0.508331097802855,0.5991250421440129,0.7546555292787708,0.024297617449169362,0.5738173933195325,0.23156837751960357,0.6161803664430434,0.8581241309291561,2.2632729114373786,0.3667041645279143,0.2807079808576235,0.6144084872311848,0.9494165345101622,0.1982414663561296,1.4275737964967867,0.07761015948458305,0.2753643226682366,0.9429367555786176,0.34190339966608896,1.1561629150030366,2.815112287849879,0.04992423444466376,0.18358679976189707,0.2845056762715521,0.34167468036539794,0.6361093489806458,1.4470258195543613,0.34734765360293307,2.1650711678177164,1.0661903527834076,1.172510364580928,2.047001240007705,0.29900449406360297,0.1932158754111586,0.6020135609213396,0.381096703251564,0.7958390477362398,0.4424741225848303,1.2460100395354405,0.12650037560102345,0.6743671349240888,0.02846159406731341,0.19239550822125023,0.6336375027564296,0.8088257795952227,0.9288272458496241,0.05708088224201546,0.5679499395258518,1.1371372236007544,0.22455820882587818,0.6178723744626252,0.4681086976359822,0.9366337567976586,0.04485290497893568,0.23402083881025781,2.3917387085706823,1.3837881398861476,0.23537590248968238,2.7453976086359098,0.17085271105039426,0.11284118233584362,0.42405634737608433,0.07641930522388962,0.4669295249006318,0.7775010813195118,0.3368692442698009,0.16105862316219144,0.5312331423935471,1.2151605213458512,0.44542330948995446,0.32019237495478636,0.7110995661733286,0.6923940981694241,1.4057688665011137,1.171166307625024,0.2631101692885378,0.4479885871461452,0.294848903014607,0.14212949402331487,0.09650776986991344,0.135959008718465,1.1504196031007112,1.45864421234706,1.1491722287087907,0.5138957825474528,0.1270788413639301,0.1164188610233372,0.23891398138334474,0.05694078575501588,0.9610947494853803,1.1417438125688308,0.23068433149911072,1.5048417876111726,0.30494328621371397,0.06715919502521395,0.08498736210977742,0.48188716400230847,4.149259492532442,0.6561366330733802,0.3996507014156143,1.6290625791890228,1.2381718021064483,0.1917863812166528,0.593334305056224,1.4441544609014318,5.73643809308575,0.3388005432917831,1.1069863706971161,0.5753790328159548,0.579521090106801,0.28439505730173886,0.14330589455722476,0.9309582021885728,0.31606519049646864,1.197752253921891,0.8969300656035477,0.6110747841722174,0.9921725008052031,0.9508592903100004,0.26707957189939874,1.3027260774578626,0.7700424122345868,0.13002513666116372,0.33676419687435655,0.2693020665430358,0.18682857047599,0.1676056597440213,1.292718241780067,0.9287830547030278,0.6654549747429601,0.06781613498754302,2.2001742796427664,0.45055429405693137,0.6112340350898747,3.2900251855158986,0.20068655464867724,0.7764724954756809,2.937259710941062,0.19613265217052045,2.944182127740571,0.8723141258106604,0.5249870997845191,2.0493101851953313,0.25620531773666055,1.0674670776390736,1.3938948171079102,0.14936108566891337,0.46580334259920186,0.27326148987089205,0.18391532803877153,0.5731891297844509,0.36067057415312087,0.20302683343233008,1.5683480746740917,1.8605959751700003,0.8125550612733508,0.255522869715745,1.438396807247132,0.1212036672809707,0.4734027883583899,0.5017677899918622,0.6263388403494403,0.03373030063182181,0.5122160890069951,0.07758147953579542,1.1914164255055133,0.1859760804815349,0.06255136379849313,0.1906441390706945,0.276449450511037,0.19226260025149683,0.12147159798902575,1.0829142591393803,0.6580060204116459,0.12087226456493905,0.5179289095108163,1.2959496673351418,2.6006023743816447,0.7854791458350001,0.17190770319901433,0.17180619499826166,1.1715469617972978,0.6583940762296521,0.5484356130136367,0.8169564988780735,0.2556811493747848,0.7050618311897845,0.07771441030062337,4.326116323327614,0.1334674269535212,0.34091079821505377,0.05279194814939303,0.2715268397798636,0.31843960171468666,0.6937184642179464,1.1037963935389212,0.14286612294185513,0.12959840485408458,0.23733501678644875,0.4602553691686676,0.5925745397295097,0.13022506218520402,0.8594406211080152,0.683709932702931,3.0507782064748925,0.77354785723477,0.13681045808196535,0.43144769051947107,1.5242102815174134,1.432719346809002,0.5705321186448714,2.603969490116278,1.7673673415286142,0.8394068535478503,0.1575562482279279,1.2271069566730208,0.1574822323430094,0.296734820978412,0.2865640704455414,0.41394401702659156,0.13322109915440694,1.8004578494449315,1.0657926307706602,0.9080722160903428,0.6965231737885399,0.1051899052309555,0.17339777629132558,0.7204680320028662,0.9670946196681914,0.32134002662273664,1.0827684584586843,0.09085932714040368,0.27261128813200947,0.2629379386828614,0.4799473723917285,1.4532558201159507,0.4785525071223573,0.19659233378549856,1.1299724365857018,0.07976730181628922,0.22850093403344224,1.822557369295498,0.19244673318545769,0.7316516521238254,1.2468161428239726,0.27349338137086104,2.6590404856693794,0.5714971253794648,0.31891428951446876,0.22313945803902158,0.2792065357845479,0.48353150533265676,0.3640093442283415,0.4974999878815536,0.37605046195404157,0.27391420426504226,0.1597752535889745,0.18082581089545569,1.2685496032888366,1.0406846804194672,1.93081252928249,0.45426290060240326,0.3876782533045563,0.3472838636232618,0.06854371530676762,0.1219686526787821,1.086139117588392,0.1204067742050261,0.4666660680946761,0.20324376317352089,0.12461331818973753,0.39062748277586956,1.1787175108240067,0.3232873411202497,0.5697457438498597,1.1772675282388767,0.05313656124450061,0.6276838665941273,0.3008488540556272,1.7435642790978256,0.3835891186754451,0.4663323855530919,0.2841968695986322,0.2899961952543131,3.2781835329822995,0.19144061183290706,1.98855399889512,0.11677369283353012,1.4847323245079036,0.38553683083065726,0.1196035687738769,0.04673284678593986,0.15880816842218393,0.23846745386912838,2.1190595084300354,0.8299939948656658,0.4302385757821243,0.12480318890553199,0.36050896681854405,1.2822581413301486,0.8728744684329508,0.7332962677285247,0.5138085953294953,0.39421105865283834,0.08984692734759625,0.29428852528842286,0.8383219816167613,0.1411205416145117,0.1637978849931061,0.1405137778982466,0.12003267195803269,0.0865928896030852,0.8480314984024133,1.1754627925703978,0.6521787834911392,0.2557581361427482,0.7909231326363735,0.3891270992794884,1.987087732224514,0.25896803367003973,0.24502436077263323,0.8001870933249903,0.7559138778805727,1.5150141935605017,0.7074088539525545,0.3866650993290299,1.6016709399826308,0.10890738496815566,0.46544372200047446,0.24113933556602396,0.5259920420099461,0.23802768456993761,0.11909812360706407,0.4815297901152057,1.901573425275316,0.348578743511464,0.06872541728437365,3.01640394617614,1.7086168764878509,1.8283736063109364,1.606118507044971,0.42481876813126745,0.1891627925619228,0.8593123212044186,0.20006904272961867,0.28875273076404184,0.1450562771220376,1.2468228535636916,0.16648737246885692,0.25154709046534024,0.4114371073356994,0.17630235070475186,0.029374528364676467,0.04158866845552611,0.13005185856251839,0.6078739364054077,1.4417092145329427,0.09034700611729535,0.17362124823636746,0.5093767508993832,0.9282749206933942,0.4500005897111964,0.18942473086781209,0.1341484913744514,0.37287848810054136,0.055087307968892246,0.5198082654601793,0.0926037519925682,0.30296382297234936,0.8060409800899446,0.05550746354866215,0.34177657641143266,0.3987441809356301,0.16738425652969446,0.06265414900648181,0.5995013690848121,1.331290883343946,0.06050266356204326,0.11015671899005591,1.0142580582771104,3.0734452347203267,0.24682019705842007,0.3468881411053921,0.30470501070149525,0.3418299813586937,0.47044561404738605,0.963735821255594,0.07336232010791305,0.15540812303683374,1.1220547685461235,0.4283697231263188,0.5548909691728297,0.0774157131775991,0.5848222301290775,2.945193044022118,0.3575911716546669,0.4800332682397448,0.6738519292021948,0.6572566718297492,1.0875451441853454,0.5091910558444668,0.08608561186693198,2.5948627435770284,2.290968388632674,0.3915604544069299,0.20646770336606268,0.20107830580436115,2.4800071506096866,1.793664902151945,1.507151941171287,0.21944760414269648,0.1465700355386772,0.30468764097987977,0.1816833536302639,0.12262110195763709,1.5969073333402062,1.6597164033569796,0.2524994240870193,0.844002578655949,0.12149941543167098,1.0546249929971476,1.3272271788437318,0.2420302356469053,1.6784833614685843,1.1498310019248486,0.30031235098615583,1.4845458757390806,0.6682901506470802,0.010569321183817482,0.2955135435788032,0.36443583659914136,0.03906090246024241,0.39123087299393733,0.1883407012555129,0.03475280187467053,0.16971605676278045,0.5892949366888331,1.1752645593994864,1.0148750042454338,0.04285079348609511,0.3474911604994424,0.17579838125249359,0.2341863186495109,0.045814872138200236,0.5593103955358659,0.3363490475125842,0.4690802996872391,0.7321522256705704,2.349437517428446,1.4006962477956435,2.472237146948136,0.5921353578761128,0.06693376334697665,0.15202813375317192,0.31868927276464487,2.1564274264866192,0.14878452172764642,0.5222789916969794,0.2761648146528437,0.2417437835137255,0.36775493685085076,0.6270861062847337,2.2019909028223603,0.12726280891683828,2.9731424686083883,1.0469008541438618,0.6894891128718115,0.15402707811153732,0.40612640187966187,0.448785572141735,0.25830717803360004,0.32300999583209555,0.19098606301295318,2.1058611239770784,0.16343119596982308,0.40483344148678646,0.6912276817625316,0.17140824786376874,0.758308992175192,0.31974409385846025,0.7776600195391674,0.16434187471719197,2.0930218181494884,0.35062605767741595,0.8890313310475747,0.8546639445087909,1.6974292741852612,0.5551624478361206,0.4036370640092306,0.21448050195774437,0.8908384614312397,1.2153393136586186,0.1857339833444614,2.8522857626739135,0.24206046627369077,0.8453681134733317,0.5932152392821781,0.2395270238442977,0.0009821667772189624,3.4983545481922858,0.22339590531269193,0.8173314791837891,0.6900064340590284,0.4806719420347867,1.0890722684450733,0.1680060881535343,1.620792751932293,0.7152688307563778,2.371809830571869,0.600002948883348,0.20624466437757194,0.11327840807609935,1.4543503995095006,0.2528452436183626,0.3206136173880657,0.19690467631511033,0.38893050996019696,1.078649842061992,0.12842749652426672,0.10461964131468182,0.3773049999063596,0.36790883196746804,1.33454543763415,0.3130723813871559,1.1733309587357335,0.15402004361079635,0.17896738022193392,0.09553844216074936,0.4055538124160093,0.5067719545851548,0.6419733067243087,0.587709343931984,0.2923405310521255,0.23263997957951665,0.1606760616108786,0.4853518839619484,0.7083695095935434,0.49844328161246754,0.32845479639075514,1.0097921067472462,0.2780319517434049,0.7426507063560246,0.3050357653551242,0.24675998223082518,0.41582095690844695,0.23525697498620457,0.06349321366115279,0.015624995784214057,0.2905001501451879,1.0646290439970558,0.11969994314974564,1.0185256089840569,4.096670431185242,0.05095451965477493,0.6472720888869543,0.048947573685533374,0.36760044393978886,0.46914098435961604,1.8039797453183748,0.5296303515134274,0.038271592259333964,0.030284958717318178,0.521488182735253,0.9942570965014506,0.2017814528524643,0.1894298821464473,0.15166664539406516,1.1954384882561975,0.2352739637850858,1.1481950112288266,0.30441553341802063,0.17188391260475044,1.2936985510070202,0.6745880480373803,0.16170847778266828,3.072304297095082,0.21833864963804728,0.43133742413314946,1.0550835694282026,0.9247586192358388,0.19671428086127962,0.1942347892407481,0.4847527705059915,1.8160780437942179,0.44941907097125666,1.7466635825572099,3.4043736236963538,0.15289736765331785,0.6651582913426728,1.06830744577428,1.7492858698209595,1.3800952628305079,1.3399675608989705,0.9803417168210655,0.23606732123018215,3.7735022688447586,0.2950927121962206,0.05902514382345003,0.076573832573398,0.035907061896230275,1.8500268450483126,0.771028055064726,1.227437142483271,2.1279692681514875,0.06915878000291265,2.1906906708003246,2.0404479891071667,0.5813016173806723,0.9825507267011105,0.14267734803919774,0.12709025350987663,1.2482716327293648,0.060280461621118386,0.47433450692296486,0.09644635555937864,0.07024925193469866,0.33261285570799526,0.3435263748673194,0.5912663238562359,0.5053233449018043,0.11749058163738901,0.9811974205149064,0.6827525397419714,0.36881668688927416,0.3267184315276148,1.0000760129853519,0.36317923049637524,0.29665683170440177,0.8200490784163812,0.14910633103063897,0.4023541446547083,3.1693498213377818,0.04856161049812835,0.8178326610427216,0.8253679302766336,0.3252981335760673,0.5046793221091017,2.3790712627194672,0.7956577194681944,0.3742940136829025,0.9063723881059261,0.5757855892143802,0.24302988413762827,0.6993509974512258,0.16940020911946263,0.1757919676236127,0.16491380158047836,1.2948244558944255,0.6426460615377109,0.4634471470222381,1.0122915958042678,1.2254820470060412,0.9648643972491466,0.03899597160138013,0.4932775851921608,0.21375213556154216,0.11812135069010338,0.9701062607829214,0.8544824629674308,0.4161516418313398,0.8585225517745478,1.23645455469197,0.4664319701099119,1.840431501651407,1.644497878843075,0.43286189386943613,0.3904823534489945,1.666179705740325,2.720502349155535,0.2365932978554663,5.893847618198558,0.3377159759297127,0.08042528649070535,0.3756760499507299,0.30947146951624105,1.0249238397177522,1.6781095116505549,0.29463727097623865,3.440263944512629,0.33782568282914355,0.32793273959564795,0.3866247724280827,0.7210988595658555,0.1685618598094858,0.830517276326015,0.2585135184421459,0.12779627886518385,0.9399534899222461,0.20877225449277403,0.8565928767372984,0.1631232731252602,0.08356390759861787,0.28541735351235353,2.7945980942869575,0.5625886156106659,0.15700002137046742,0.6178211600995144,0.6927917292947621,1.9697351700333119,0.583589587843964,3.1471727350614405,0.24606088553579408,0.9440245817070044,0.3528281868355184,2.3212543074618286,4.390158178655734,0.14712448517686605,0.09620607513111112,0.24101283227583925,0.15412117130063802,1.05464038476016,0.1336311603571132,2.126912144855412,0.11689117367388357,0.8489297131309281,0.5068549476576976,1.3071624897143044,1.2373829428842567,0.15668899127744307,1.2246816452374305,0.6114927694316903,0.05704360783477158,3.068745534782027,0.5790683160389756,0.09879565780311739,0.2424101417413591,0.18283906023948926,1.1231367318885939,0.21573846527552298,1.4420265166440174,0.24678626488759692,0.5373047535078743,0.2720680462992676,0.5227463034265005,0.2460281382213505,3.9017194230042516,0.3924700397967136,1.749624275836092,0.3100822414767408,0.3508700447410694,0.10459603976544662,0.41020719943628403,2.856403120780633,1.1039042724201817,0.46141498412747983,1.3062043914796215,0.639734676893162,0.7257917173297164,0.44980597766625763,0.14248614763108092,0.9442684935157116,1.3965599545577296,0.3993522469980887,0.6420166967565089,0.11138456424844817,0.08098462468662948,1.6255797075188965,0.297350218231906,1.888573116522113,1.2677782324782425,0.6033496970046182,1.5393663411806124,0.6728790513343894,0.2721754224241613,2.44450895854023,0.12604052553363987,0.2928421100470484,0.9638152837778164,1.8019707762404173,0.11563388855647738,2.3225016239486296,0.5300387796674695,0.22459465563435776,0.5902677046229186,2.501763498950216,0.6386751378491368,2.0208187637492845,0.31606323408163617,0.6750560192529522,1.2515023102401077,0.1747963837065281,0.43439046832910844,0.30484018244716593,1.6514683319268129,1.2243770082630459,1.436381657629524,0.29437983618248154,0.653221049601513,0.17082238373481573,2.1718391288349688,0.08782787648245882,0.969261534799549,0.3390233093830354,0.04365291054816356,0.09308468027480324,1.502935506495017,0.5016396490314332,0.4991838550969052,0.4209931940583072,0.3883375818796277,1.1042802664113316,0.7622772772477379,1.1621375934179534,0.13006929283095892,0.9470758885048969,0.9127164308663105,0.22344000321297341,1.0929129160390079,1.566247548169017,0.45702537248479236,1.0054602363465566,0.09120451002113283,0.17342652704549533,0.3247079465362255,2.610583352018078,0.5176200095959904,0.1584824906036959,0.32577877956249757,0.5086210525588049,0.20562858928142735,0.15656928754028165,2.412069101514241,1.4915678763418576,0.032782644578220776,1.667490115624063,0.33129531371599485,0.17645969316565435,0.6876960805404909,0.8006890488157274,0.7181362200231297,0.5920562657621584,0.8401420612633834,0.011395868196501624,0.866859288661267,1.1838917265388496,1.5327936680639067,0.7434363753838162,0.21580911015645654,1.0519450497625598,2.6682675555178292,1.5164102023872275,0.868328234700207,0.23426967973843282,2.3653960408087467,0.8248784417681985,0.02980087425739586,0.3846465894811937,1.4018803264331434,0.02284761849137995,0.937610561100406,0.8897737939914593,0.6183358277213935,0.6525853253761904,3.061697626758124,2.7718924304617616,0.7972907283620503,0.6370078067279915,0.3359542614001594,0.40941784198959574,0.6138112145954924,0.4487828537570068,0.425431363949615,0.26974007356967483,1.3666965721100015,0.4682235436441815,0.6863528096530822,0.5644511242727255,0.35964268563912494,1.3345311021654749,0.514880317290302,0.22808382548908956,0.6484747987810475,0.04494128409401954,0.17390746369932164,1.4200172829488118,0.2916145142703802,1.640423432790267,0.30917370640179076,1.6721199543751295,0.15884524477108253,0.6451427746664136,0.028588374978457842,1.1903115910447803,0.9460200270845758,1.8794405113601407,0.09102573809258141,0.7917330743351437,0.1319548117813385,1.064270328458142,0.04495340308480422,0.11392900849054799,1.0933885887579917,0.13049208308560045,1.770809415554965,2.1792164927375266,0.22620910048326992,0.10973370225391843,0.09210952170294884,0.6418636698185314,0.28943425396753764,0.789122624879141,1.1976659102077323,0.4484266230341185,0.047171787185803726,1.0718723048128442,0.279664073871555,2.4823062080942826,0.9715964543461026,0.6160421754627493,0.9179980321892424,0.8218065172459723,0.6992218309272373,1.2050918305036182,0.5410964589065095,1.7229724660092056,0.16486457234851803,0.4715003305079636,0.06295235747235772,0.3475139147294738,1.1084306857589288,1.0460319905704119,0.23207504033983395,0.6724571119090001,0.6855279202850144,0.4486380216769905,1.2099150784782315,0.9905592743236602,0.33118607834028424,0.14693473984682537,0.36178968476645934,0.4450872822902907,1.0925291591810957,0.5245753454230921,0.43915632475531546,0.6832415948230334,0.08706298171575844,1.2453737740330417,0.8570221521372816,0.32211042557822367,2.1726201150810858,2.6616156723132667,0.7855633692626924,0.4903790419114987,0.5393075996754533,0.2740178156326153,0.8900878034882587,0.24171624049814738,1.354740575370052,0.08127605656665471,0.4432443859630124,0.09844447693936298,0.37708521027821895,0.06752332133018157,0.3550476931400513,1.3128139453303715,3.3895056691850565,0.7369891401612318,0.5165705017467711,2.046935584125129,0.3064814825621305,0.3455149123480234,1.299754994653186,0.25339026196303727,0.2638578710845991,0.8979737820001503,0.1531231847529646,0.06730570720223228,0.46115524651930884,1.280133807251274,0.24481809321889003,0.2143551259811758,0.3126504751503305,0.11887055258211587,0.3137923899746975,0.2344243556307809,0.6382976399759948,0.3957892282193721,0.37766090743906955,0.16183766477883466,0.2982269112735032,0.1358221326479605,0.6477933160868767,0.052221935369526185,0.8219022578979156,0.5123506260523079,0.09246939282985661,0.038519824822813464,0.35767877035664686,1.42693936455506,0.5629886464065456,1.0444383246801738,0.47484808277842383,0.6615989197826637,0.10159952186659493,0.26102707637177947,0.04452966890269905,0.7216538560130078,0.038314615390490636,0.46632539600028544,0.3990033640730546,0.1933042620269405,0.27243550050262777,0.5075322400351389,0.18173465246190235,0.30421030017761463,0.2678500920852547,0.10646537579193445,2.505217761984366,0.44008080300965696,0.8351938942433044,0.39006819649677693,0.30722092866415146,2.407886061078299,0.05102392892261909,0.8819771644957173,0.07119434053358331,0.3523334064486958,0.5589157973239902,1.229665824334939,0.4288282219331203,0.085523371397634,0.01596528250102569,0.43607111720131964,0.14629946443983277,0.23231327490607234,0.18190654475111545,0.06325364288336588,0.3433431425592795,0.5182692079709771,0.6110835407283581,1.6197730564827426,0.668018282660396,0.8499321682836047,1.355762348416376,1.1042005959688497,0.6092904763391553,0.5287766939205452,0.6302048486269705,1.4415454976649307,1.6234154775006355,0.20486002612826282,0.7902879039306947,0.2236371292178756,2.798350368581036,0.42740670512062606,0.2876404793240799,0.22172562069399326,0.10823472403541601,0.5708301584982863,1.59485952549133,0.20411700434614344,0.4956557779456876,0.6818949441438771,0.559015963174381,1.121394276343369,0.3878842200979469,0.04623205831401833,2.244378492176478,0.5435190917835863,0.3123113437878705,0.2878008962991745,0.25929992871267804,1.2797250397202014,0.19419872579545824,0.2610741316586077,0.050745666942422885,2.3914605804249387,0.3318528887439216,0.964611945036979,1.211067280176915,0.8865404928281913,0.4911810767903776,0.36835391716018884,0.3903435945538556,1.049717743136319,0.5708271010100694,0.18371857343087594,1.018418819157314,0.4582858845078013,1.5398270699821532,0.2890736807630787,0.4859983454132105,0.14822045198655465,0.5338693782092356,0.2618017443847074,2.2353451089514653,1.1430238938906114,3.009655730842158,0.2942523399476006,0.12789454546374524,0.3429899854473497,0.1410043134036325,0.6855990710460512,0.18781972305927797,0.3773562582755729,0.29305568724679687,0.2965354404446018,0.25630087669528834,1.0272478512161827,1.1053327078435016,1.2760153292119394,2.1876793624536868,0.03568279003973207,0.009081140647115571,0.19772334641999878,0.40642133151363136,0.5411003560085234,0.2276153121014708,1.455267974808232,2.05081932966262,2.1252255884607125,1.699245150337463,1.532584726418317,0.7452036588809066,0.34919200737892586,0.03567023380037071,0.39959990164424797,2.0614870143316004,0.16900031249783265,0.4712149028964179,0.37363631375960704,2.793543420044962,1.3060837524083468,0.2383847500771834,0.7433732526047313,0.21710773400000694,0.31939576940821934,0.5461334770876874,0.3559326328453374,0.005874878824218888,0.23463096640153713,0.17434119096877332,0.3035625769655246,1.513985616370889,0.45761946633336203,0.9231341740261184,0.2577766340993686
"((1, 0), (2, 1))",0.0,0.0,0.0,0.0,0.0,0.0,0.0,0.0,0.0,0.0,0.0,0.0,0.0,0.0,0.0,0.0,0.0,0.0,0.0,0.0,0.0,0.0,0.0,0.0,0.0,0.0,0.0,0.0,0.0,0.0,0.0,0.0,0.0,0.0,0.0,0.0,0.0,0.0,0.0,0.0,0.0,0.0,0.0,0.0,0.0,0.0,0.0,0.0,0.0,0.0,0.0,0.0,0.0,0.0,0.0,0.0,0.0,0.0,0.0,0.0,0.0,0.0,0.0,0.0,0.0,0.0,0.0,0.0,0.0,0.0,0.0,0.0,0.0,0.0,0.0,0.0,0.0,0.0,0.0,0.0,0.0,0.0,0.0,0.0,0.0,0.0,0.0,0.0,0.0,0.0,0.0,0.0,0.0,0.0,0.0,0.0,0.0,0.0,0.0,0.0,0.0,0.0,0.0,0.0,0.0,0.0,0.0,0.0,0.0,0.0,0.0,0.0,0.0,0.0,0.0,0.0,0.0,0.0,0.0,0.0,0.0,0.0,0.0,0.0,0.0,0.0,0.0,0.0,0.0,0.0,0.0,0.0,0.0,0.0,0.0,0.0,0.0,0.0,0.0,0.0,0.0,0.0,0.0,0.0,0.0,0.0,0.0,0.0,0.0,0.0,0.0,0.0,0.0,0.0,0.0,0.0,0.0,0.0,0.0,0.0,0.0,0.0,0.0,0.0,0.0,0.0,0.0,0.0,0.0,0.0,0.0,0.0,0.0,0.0,0.0,0.0,0.0,0.0,0.0,0.0,0.0,0.0,0.0,0.0,0.0,0.0,0.0,0.0,0.0,0.0,0.0,0.0,0.0,0.0,0.0,0.0,0.0,0.0,0.0,0.0,0.0,0.0,0.0,0.0,0.0,0.0,0.0,0.0,0.0,0.0,0.0,0.0,0.0,0.0,0.0,0.0,0.0,0.0,0.0,0.0,0.0,0.0,0.0,0.0,0.0,0.0,0.0,0.0,0.0,0.0,0.0,0.0,0.0,0.0,0.0,0.0,0.0,0.0,0.0,0.0,0.0,0.0,0.0,0.0,0.0,0.0,0.0,0.0,0.0,0.0,0.0,0.0,0.0,0.0,0.0,0.0,0.0,0.0,0.0,0.0,0.0,0.0,0.0,0.0,0.0,0.0,0.0,0.0,0.0,0.0,0.0,0.0,0.0,0.0,0.0,0.0,0.0,0.0,0.0,0.0,0.0,0.0,0.0,0.0,0.0,0.0,0.0,0.0,0.0,0.0,0.0,0.0,0.0,0.0,0.0,0.0,0.0,0.0,0.0,0.0,0.0,0.0,0.0,0.0,0.0,0.0,0.0,0.0,0.0,0.0,0.0,0.0,0.0,0.0,0.0,0.0,0.0,0.0,0.0,0.0,0.0,0.0,0.0,0.0,0.0,0.0,0.0,0.0,0.0,0.0,0.0,0.0,0.0,0.0,0.0,0.0,0.0,0.0,0.0,0.0,0.0,0.0,0.0,0.0,0.0,0.0,0.0,0.0,0.0,0.0,0.0,0.0,0.0,0.0,0.0,0.0,0.0,0.0,0.0,0.0,0.0,0.0,0.0,0.0,0.0,0.0,0.0,0.0,0.0,0.0,0.0,0.0,0.0,0.0,0.0,0.0,0.0,0.0,0.0,0.0,0.0,0.0,0.0,0.0,0.0,0.0,0.0,0.0,0.0,0.0,0.0,0.0,0.0,0.0,0.0,0.0,0.0,0.0,0.0,0.0,0.0,0.0,0.0,0.0,0.0,0.0,0.0,0.0,0.0,0.0,0.0,0.0,0.0,0.0,0.0,0.0,0.0,0.0,0.0,0.0,0.0,0.0,0.0,0.0,0.0,0.0,0.0,0.0,0.0,0.0,0.0,0.0,0.0,0.0,0.0,0.0,0.0,0.0,0.0,0.0,0.0,0.0,0.0,0.0,0.0,0.0,0.0,0.0,0.0,0.0,0.0,0.0,0.0,0.0,0.0,0.0,0.0,0.0,0.0,0.0,0.0,0.0,0.0,0.0,0.0,0.0,0.0,0.0,0.0,0.0,0.0,0.0,0.0,0.0,0.0,0.0,0.0,0.0,0.0,0.0,0.0,0.0,0.0,0.0,0.0,0.0,0.0,0.0,0.0,0.0,0.0,0.0,0.0,0.0,0.0,0.0,0.0,0.0,0.0,0.0,0.0,0.0,0.0,0.0,0.0,0.0,0.0,0.0,0.0,0.0,0.0,0.0,0.0,0.0,0.0,0.0,0.0,0.0,0.0,0.0,0.0,0.0,0.0,0.0,0.0,0.0,0.0,0.0,0.0,0.0,0.0,0.0,0.0,0.0,0.0,0.0,0.0,0.0,0.0,0.0,0.0,0.0,0.0,0.0,0.0,0.0,0.0,0.0,0.0,0.0,0.0,0.0,0.0,0.0,0.0,0.0,0.0,0.0,0.0,0.0,0.0,0.0,0.0,0.0,0.0,0.0,0.0,0.0,0.0,0.0,0.0,0.0,0.0,0.0,0.0,0.0,0.0,0.0,0.0,0.0,0.0,0.0,0.0,0.0,0.0,0.0,0.0,0.0,0.0,0.0,0.0,0.0,0.0,0.0,0.0,0.0,0.0,0.0,0.0,0.0,0.0,0.0,0.0,0.0,0.0,0.0,0.0,0.0,0.0,0.0,0.0,0.0,0.0,0.0,0.0,0.0,0.0,0.0,0.0,0.0,0.0,0.0,0.0,0.0,0.0,0.0,0.0,0.0,0.0,0.0,0.0,0.0,0.0,0.0,0.0,0.0,0.0,0.0,0.0,0.0,0.0,0.0,0.0,0.0,0.0,0.0,0.0,0.0,0.0,0.0,0.0,0.0,0.0,0.0,0.0,0.0,0.0,0.0,0.0,0.0,0.0,0.0,0.0,0.0,0.0,0.0,0.0,0.0,0.0,0.0,0.0,0.0,0.0,0.0,0.0,0.0,0.0,0.0,0.0,0.0,0.0,0.0,0.0,0.0,0.0,0.0,0.0,0.0,0.0,0.0,0.0,0.0,0.0,0.0,0.0,0.0,0.0,0.0,0.0,0.0,0.0,0.0,0.0,0.0,0.0,0.0,0.0,0.0,0.0,0.0,0.0,0.0,0.0,0.0,0.0,0.0,0.0,0.0,0.0,0.0,0.0,0.0,0.0,0.0,0.0,0.0,0.0,0.0,0.0,0.0,0.0,0.0,0.0,0.0,0.0,0.0,0.0,0.0,0.0,0.0,0.0,0.0,0.0,0.0,0.0,0.0,0.0,0.0,0.0,0.0,0.0,0.0,0.0,0.0,0.0,0.0,0.0,0.0,0.0,0.0,0.0,0.0,0.0,0.0,0.0,0.0,0.0,0.0,0.0,0.0,0.0,0.0,0.0,0.0,0.0,0.0,0.0,0.0,0.0,0.0,0.0,0.0,0.0,0.0,0.0,0.0,0.0,0.0,0.0,0.0,0.0,0.0,0.0,0.0,0.0,0.0,0.0,0.0,0.0,0.0,0.0,0.0,0.0,0.0,0.0,0.0,0.0,0.0,0.0,0.0,0.0,0.0,0.0,0.0,0.0,0.0,0.0,0.0,0.0,0.0,0.0,0.0,0.0,0.0,0.0,0.0,0.0,0.0,0.0,0.0,0.0,0.0,0.0,0.0,0.0,0.0,0.0,0.0,0.0,0.0,0.0,0.0,0.0,0.0,0.0,0.0,0.0,0.0,0.0,0.0,0.0,0.0,0.0,0.0,0.0,0.0,0.0,0.0,0.0,0.0,0.0,0.0,0.0,0.0,0.0,0.0,0.0,0.0,0.0,0.0,0.0,0.0,0.0,0.0,0.0,0.0,0.0,0.0,0.0,0.0,0.0,0.0,0.0,0.0,0.0,0.0,0.0,0.0,0.0,0.0,0.0,0.0,0.0,0.0,0.0,0.0,0.0,0.0,0.0,0.0,0.0,0.0,0.0,0.0,0.0,0.0,0.0,0.0,0.0,0.0,0.0,0.0,0.0,0.0,0.0,0.0,0.0,0.0,0.0,0.0,0.0,0.0,0.0,0.0,0.0,0.0,0.0,0.0,0.0,0.0,0.0,0.0,0.0,0.0,0.0,0.0,0.0,0.0,0.0,0.0,0.0,0.0,0.0,0.0,0.0,0.0,0.0,0.0,0.0,0.0,0.0,0.0,0.0,0.0,0.0,0.0,0.0,0.0,0.0,0.0,0.0,0.0,0.0,0.0,0.0,0.0,0.0,0.0,0.0,0.0,0.0,0.0,0.0,0.0,0.0,0.0,0.0,0.0,0.0,0.0,0.0,0.0,0.0,0.0,0.0,0.0,0.0,0.0,0.0,0.0,0.0,0.0,0.0,0.0,0.0,0.0,0.0,0.0,0.0,0.0,0.0,0.0,0.0,0.0,0.0,0.0,0.0,0.0,0.0,0.0,0.0,0.0,0.0,0.0,0.0,0.0,0.0,0.0,0.0,0.0,0.0,0.0,0.0,0.0,0.0,0.0,0.0,0.0,0.0,0.0,0.0,0.0,0.0,0.0,0.0,0.0,0.0,0.0,0.0,0.0,0.0,0.0,0.0,0.0,0.0,0.0,0.0,0.0,0.0,0.0,0.0,0.0,0.0,0.0,0.0,0.0,0.0,0.0,0.0,0.0,0.0,0.0,0.0,0.0,0.0,0.0,0.0,0.0,0.0,0.0,0.0,0.0,0.0,0.0,0.0,0.0,0.0,0.0,0.0,0.0,0.0,0.0,0.0,0.0,0.0,0.0,0.0,0.0,0.0,0.0,0.0,0.0,0.0,0.0,0.0,0.0,0.0,0.0,0.0,0.0,0.0,0.0,0.0,0.0,0.0,0.0,0.0,0.0,0.0,0.0,0.0,0.0,0.0,0.0,0.0,0.0,0.0,0.0,0.0,0.0,0.0,0.0,0.0,0.0,0.0,0.0,0.0,0.0,0.0,0.0,0.0,0.0,0.0,0.0,0.0,0.0,0.0,0.0,0.0,0.0,0.0,0.0,0.0,0.0,0.0,0.0,0.0,0.0,0.0,0.0,0.0,0.0,0.0,0.0,0.0,0.0,0.0,0.0,0.0,0.0,0.0,0.0,0.0,0.0,0.0,0.0,0.0,0.0,0.0,0.0,0.0,0.0,0.0,0.0,0.0,0.0,0.0,0.0,0.0,0.0,0.0,0.0,0.0,0.0,0.0,0.0,0.0,0.0,0.0,0.0,0.0,0.0,0.0,0.0,0.0,0.0,0.0,0.0,0.0,0.0,0.0,0.0,0.0,0.0,0.0,0.0,0.0,0.0,0.0,0.0,0.0,0.0,0.0,0.0,0.0,0.0,0.0,0.0,0.0,0.0,0.0,0.0,0.0,0.0,0.0,0.0,0.0,0.0,0.0,0.0,0.0,0.0,0.0,0.0,0.0,0.0,0.0,0.0,0.0,0.0,0.0,0.0,0.0,0.0,0.0,0.0,0.0,0.0,0.0,0.0,0.0,0.0,0.0,0.0,0.0,0.0,0.0,0.0,0.0,0.0,0.0,0.0,0.0,0.0,0.0,0.0,0.0,0.0,0.0,0.0,0.0,0.0,0.0,0.0,0.0,0.0,0.0,0.0,0.0,0.0,0.0,0.0,0.0,0.0,0.0,0.0,0.0,0.0,0.0,0.0,0.0,0.0,0.0,0.0,0.0,0.0,0.0,0.0,0.0,0.0,0.0,0.0,0.0,0.0,0.0,0.0,0.0,0.0,0.0,0.0,0.0,0.0,0.0,0.0,0.0,0.0,0.0,0.0,0.0,0.0,0.0,0.0,0.0,0.0,0.0,0.0,0.0,0.0,0.0,0.0,0.0,0.0,0.0,0.0,0.0,0.0,0.0,0.0,0.0,0.0,0.0,0.0,0.0,0.0,0.0,0.0,0.0,0.0,0.0,0.0,0.0,0.0,0.0,0.0,0.0,0.0,0.0,0.0,0.0,0.0,0.0,0.0,0.0,0.0,0.0,0.0,0.0,0.0,0.0,0.0,0.0,0.0,0.0,0.0,0.0,0.0,0.0,0.0,0.0,0.0,0.0,0.0,0.0,0.0,0.0,0.0,0.0,0.0,0.0,0.0,0.0,0.0,0.0,0.0,0.0,0.0,0.0,0.0,0.0,0.0,0.0,0.0,0.0,0.0,0.0,0.0,0.0,0.0,0.0,0.0,0.0,0.0,0.0,0.0,0.0,0.0,0.0,0.0,0.0,0.0,0.0,0.0,0.0,0.0,0.0,0.0,0.0,0.0,0.0,0.0,0.0,0.0,0.0,0.0,0.0,0.0,0.0,0.0,0.0,0.0,0.0,0.0,0.0,0.0,0.0,0.0,0.0,0.0,0.0,0.0,0.0,0.0,0.0,0.0,0.0,0.0,0.0,0.0,0.0,0.0,0.0,0.0,0.0,0.0,0.0,0.0,0.0,0.0,0.0,0.0,0.0,0.0,0.0,0.0,0.0,0.0,0.0,0.0,0.0,0.0,0.0,0.0,0.0,0.0,0.0,0.0,0.0,0.0,0.0,0.0,0.0,0.0,0.0,0.0,0.0,0.0,0.0,0.0,0.0,0.0,0.0,0.0,0.0,0.0,0.0,0.0,0.0,0.0,0.0,0.0,0.0,0.0,0.0,0.0,0.0,0.0,0.0,0.0,0.0,0.0,0.0,0.0,0.0,0.0,0.0,0.0,0.0,0.0,0.0,0.0,0.0,0.0,0.0,0.0,0.0,0.0,0.0,0.0,0.0,0.0,0.0,0.0,0.0,0.0,0.0,0.0,0.0,0.0,0.0,0.0,0.0,0.0,0.0,0.0,0.0,0.0,0.0,0.0,0.0,0.0,0.0,0.0,0.0,0.0,0.0,0.0,0.0,0.0,0.0,0.0,0.0,0.0,0.0,0.0,0.0,0.0,0.0,0.0,0.0,0.0,0.0,0.0,0.0,0.0,0.0,0.0,0.0,0.0,0.0,0.0,0.0,0.0,0.0,0.0,0.0,0.0,0.0,0.0,0.0,0.0,0.0,0.0,0.0,0.0,0.0,0.0,0.0,0.0,0.0,0.0,0.0,0.0,0.0,0.0,0.0,0.0,0.0,0.0,0.0,0.0,0.0,0.0,0.0,0.0,0.0,0.0,0.0,0.0,0.0,0.0,0.0,0.0,0.0,0.0,0.0,0.0,0.0,0.0,0.0,0.0,0.0,0.0,0.0,0.0,0.0,0.0,0.0,0.0,0.0,0.0,0.0,0.0,0.0,0.0,0.0,0.0,0.0,0.0,0.0,0.0,0.0,0.0,0.0,0.0,0.0,0.0,0.0,0.0,0.0,0.0,0.0,0.0,0.0,0.0,0.0,0.0,0.0,0.0,0.0,0.0,0.0,0.0,0.0,0.0,0.0,0.0,0.0,0.0,0.0,0.0,0.0,0.0,0.0,0.0,0.0,0.0,0.0,0.0,0.0,0.0,0.0,0.0,0.0,0.0,0.0,0.0,0.0,0.0,0.0,0.0,0.0,0.0,0.0,0.0,0.0,0.0,0.0,0.0,0.0,0.0,0.0,0.0,0.0,0.0,0.0,0.0,0.0,0.0,0.0,0.0,0.0,0.0,0.0,0.0,0.0,0.0,0.0,0.0,0.0,0.0,0.0,0.0,0.0,0.0,0.0,0.0,0.0,0.0,0.0,0.0,0.0,0.0,0.0,0.0,0.0,0.0,0.0,0.0,0.0,0.0,0.0,0.0,0.0,0.0,0.0,0.0,0.0,0.0,0.0,0.0,0.0,0.0,0.0,0.0,0.0,0.0,0.0,0.0,0.0,0.0,0.0,0.0,0.0,0.0,0.0,0.0,0.0,0.0,0.0,0.0,0.0,0.0,0.0,0.0,0.0,0.0,0.0,0.0,0.0,0.0,0.0,0.0,0.0,0.0,0.0,0.0,0.0,0.0,0.0,0.0,0.0,0.0,0.0,0.0,0.0,0.0,0.0,0.0,0.0,0.0,0.0,0.0,0.0,0.0,0.0,0.0,0.0,0.0,0.0,0.0,0.0,0.0,0.0,0.0,0.0,0.0,0.0,0.0,0.0,0.0,0.0,0.0,0.0,0.0,0.0,0.0,0.0,0.0,0.0,0.0,0.0,0.0,0.0,0.0,0.0,0.0,0.0,0.0,0.0,0.0,0.0,0.0,0.0,0.0,0.0,0.0,0.0,0.0,0.0,0.0,0.0,0.0,0.0,0.0,0.0,0.0,0.0,0.0,0.0,0.0,0.0,0.0,0.0,0.0,0.0,0.0,0.0,0.0,0.0,0.0,0.0,0.0,0.0,0.0,0.0,0.0,0.0,0.0,0.0,0.0,0.0,0.0,0.0,0.0,0.0,0.0,0.0,0.0,0.0,0.0,0.0,0.0,0.0,0.0,0.0,0.0,0.0,0.0,0.0,0.0,0.0,0.0,0.0,0.0,0.0,0.0,0.0,0.0,0.0,0.0,0.0,0.0,0.0,0.0,0.0,0.0,0.0,0.0,0.0,0.0,0.0,0.0,0.0,0.0,0.0,0.0,0.0,0.0,0.0,0.0,0.0,0.0,0.0,0.0,0.0,0.0,0.0,0.0,0.0,0.0,0.0,0.0,0.0,0.0,0.0,0.0,0.0,0.0,0.0,0.0,0.0,0.0,0.0,0.0,0.0,0.0,0.0,0.0,0.0,0.0,0.0,0.0,0.0,0.0,0.0,0.0,0.0,0.0,0.0,0.0,0.0,0.0,0.0,0.0,0.0,0.0,0.0,0.0,0.0,0.0,0.0,0.0,0.0,0.0,0.0,0.0,0.0,0.0,0.0,0.0,0.0,0.0,0.0,0.0,0.0,0.0,0.0,0.0,0.0,0.0,0.0,0.0,0.0,0.0,0.0,0.0,0.0,0.0,0.0,0.0,0.0,0.0,0.0,0.0,0.0,0.0,0.0,0.0,0.0,0.0,0.0,0.0,0.0,0.0,0.0,0.0,0.0,0.0,0.0,0.0,0.0,0.0,0.0,0.0,0.0,0.0,0.0,0.0,0.0,0.0,0.0,0.0,0.0,0.0,0.0,0.0,0.0,0.0,0.0,0.0,0.0,0.0,0.0,0.0,0.0,0.0,0.0,0.0
"((1, 1), (3, 0))",0.4853550607814754,0.4121538408234562,0.4960373497765609,0.5808371821275392,0.14811361267289236,0.04290064852184172,0.11170127021746934,0.027434684673956378,0.3995640322334917,0.08307753133101792,0.011123206855795598,0.38780786789854016,0.09021913515984603,0.04978907990875536,0.1178101799821456,0.21222173924855237,0.10006229778601528,0.2368797833028914,0.19513967695651302,0.11057639988391998,0.14863459664394663,0.047331010970061094,0.2444986787778709,0.6521222489271687,0.10351560399193516,1.0727674809406502,0.142436495168219,0.2856684378726868,0.5838613791113982,0.4014216048545318,0.057344870384564706,0.10132132240866465,0.366602841724041,0.10862336725121308,0.06609190392095998,0.1363497045572355,0.33819749411606526,0.3696412694256208,0.4394656689312746,1.2829488099116613,0.5002693662758935,0.19975196387112382,0.2419750013412687,1.3724022859945249,0.10197250105378974,0.8651209169770366,0.2021637227796409,0.12958103297207513,0.08071275693404711,0.20235248163368258,0.006960179203992056,0.16448270077160432,0.0206838746415966,0.07450081790516228,0.1217575811644398,0.14532494567591703,0.26049998213815856,1.9873718697489626,0.1162475780905019,0.9760134393785194,0.5266851243504012,0.19475131854959132,0.13909879284072724,0.06770628334761086,0.052736308484409467,0.17024080221122428,0.10712115432391478,0.033446583512398154,0.0552892033131791,0.11267065310133262,1.053970866573231,0.14349503008295894,0.09467058511814874,0.01075104582657671,0.08770785800055392,0.18755782111122482,0.7362418502894594,0.1537314526667899,0.27515354564671723,0.12588814005553184,0.08541451624108953,0.34458026127694463,0.01503016856315531,0.14781131270943404,0.38018002339106816,0.24005730374411094,0.247139565947617,0.17821567670613914,0.37483744835595134,0.4703269211545691,0.009970007940535375,0.17819922043039493,0.09073877145906395,0.10482122805366667,1.6794889774565802,0.6454031284949859,0.4861721517614117,0.7666525220984548,0.05747983224198616,0.10424044592233717,0.01222058134417603,0.03682524774523177,0.021831005666474335,0.20508570775041335,0.09478239220377171,0.25375108080500486,0.35800489264618773,0.02336961266836335,0.11568445617529033,0.01743537018792707,0.6153164126563722,0.17457021447693433,0.07301221130696489,0.06674362296565572,0.01362310387939325,0.0085987966577592,0.2537185198699694,0.20553503687441066,0.10292080892202371,0.05504298511745098,1.1234396899380432,1.0605286437371348,1.4219363561990892,0.10740338015514228,0.16463368953378588,0.10977107361305016,0.24635028664976644,1.1977533704937926,0.5046222989748683,0.00037497970010380577,0.5335276745461024,2.0508086631582323,0.001009877098473444,0.10997202139967222,0.06071058016622333,0.002352605982172351,0.025408134861084397,0.14764642629523017,0.7081403451683159,0.3042654590399274,0.3654338700022324,0.07291368485127458,0.13378607643843365,0.250032970528536,0.8205137248074881,0.28093225434160285,0.10790304536789552,0.8714075046720999,0.03926881746937538,0.05561994127393488,0.2881538019252008,0.052628496452864715,0.27873664055898495,0.21683348769582195,0.2174597941319713,0.43195507877714867,0.15483741717328636,0.49679214756871604,0.34258241818369783,0.019730929259605734,0.00700522207822285,0.0580941584516908,0.19921826813616184,0.0103005493271906,0.0016978168373711355,0.14091054590725627,0.048746371891143836,0.37279314356860505,1.3488423262357587,0.1586814189464203,0.004396073971232983,0.1606907018348347,0.03384725648641229,0.24774263493870352,0.10554571752603903,0.05686340908072074,0.11145446665158643,0.0887338865152012,0.23836188634543043,0.1417525991010351,0.14165007323849044,0.4721897586867838,0.025473995729906385,0.16255870257116145,0.08308786997391016,0.3058490740536902,0.23414738038105032,0.06380536075079246,0.07026810978927989,0.329620768714201,0.06632148736951415,1.5292063202952129,0.04346156976164428,0.711328881192173,0.4051015724668843,0.19904462780785304,0.05216708873155096,0.32707769557938515,0.3497183033025816,0.7518377267093379,1.6574355052362129,0.2869868720817512,0.16053202538465794,0.11850687946259542,0.2769345209090247,0.2959637228506671,0.04237624849688948,1.087791260256751,1.3668805213984896,0.17777808189944877,0.06777457162730349,0.021961131931386935,0.08342321378867634,0.01352134750934253,0.06071113209495471,0.34694636030984793,0.09976786155826689,0.09663792759322354,0.22797214794352638,0.5546130140073435,0.14397072646244735,0.07386966024114505,0.1580964406854638,0.16178680642628285,0.5822995489560332,0.1268860046231458,0.2742451318148973,0.10852180101217956,0.17779715447163164,0.22409491141769688,0.030617480454475654,0.23446493060984208,0.09683206113459908,0.20328464560945525,0.17584095784183873,1.0345145419479094,0.09576876628890563,0.1756821684004285,0.2155332964111334,0.09818302580357668,0.4100566064226139,0.40678275677693754,0.14571809065878094,0.2596621305093852,0.004256779504164587,0.01649097430635571,0.08950498912554328,0.003798538019591513,0.03436784040501217,0.5265538420043648,0.0964372562326985,0.06263951330740092,0.2005283232942674,0.060834242011723494,0.20431034423847505,0.005348323599910554,0.44554640356969144,0.4956701182519173,0.452532812116911,1.0891524763938785,0.04509882100580387,0.25035881390040815,0.04612815339318066,0.09753899078749217,0.41387833337072766,0.013877463328066497,0.793578823026579,0.011197476328723255,0.029856110039235273,0.22892987764432315,0.2505133274937277,0.7036406521641356,0.27550154213043276,0.04904560755596016,0.5607390334432041,0.1828835195535643,0.13791842732863402,0.045521061395507934,0.5936534524939666,0.0957856401270809,0.002692008738508056,0.5188972271045991,0.024220432291710114,1.2323924521580674,0.41416114976153895,0.20389196644566043,0.5564988765425505,0.027604143099979828,0.005982727696029477,0.2565826236676434,0.5883994881467594,0.05414993699509818,0.09046206167275761,0.07466733137793558,0.0417417558412565,0.9714533621063619,0.5509131070404627,0.06404666592642094,0.012888444163072887,0.14753033118685277,0.7262225413846607,0.07648612010161099,0.17650047497547638,0.008738349445029325,0.02243475464924516,0.7288288355375505,0.02448477409055516,0.44101752627798196,0.26420198529496197,0.04404334457043113,0.08283486229000026,1.3754947426098896,0.521274404850482,0.5700142960514292,0.35953817849914227,0.760255936343521,0.0647462789590636,1.1733137942409306,0.001734406896129581,0.14303908924272013,0.43395013932699733,0.002438317792872735,0.019172156896090642,0.41372035306293964,0.17501275655358295,0.21390463814691674,0.07875132354117387,0.3148709006583279,0.36517464877804606,0.9947072606093488,0.00232058632020693,0.5308639264255384,2.252492287178212,0.05950444337801608,1.844801045217139,0.23900890401680774,0.4203497124343485,0.6110718222802024,0.2517433505540616,0.14864517720817938,0.14719468944923397,1.1461337497185486,0.1457547566570021,0.1969254583247267,0.0869766415232277,0.1595163585798024,0.06699957984314664,0.03129720495351873,0.6681458418144139,0.040327119476093465,0.21750283889782174,0.035894824274403714,0.007377520385143832,0.3302139010078611,0.07748333228333903,0.8057918025466928,0.008615742855503372,0.3237370025981292,2.0992259744746633,0.23126856270582485,0.0410314259254021,0.7377376527837249,0.912577045060357,0.24750914917044453,0.21969537215691948,0.3366879184295841,0.9929147519296522,0.08925491202457447,0.14641163933480283,0.0749373865721028,0.3400922876812563,0.09060029762460561,0.008777478914511916,0.19130314083704258,0.1369098958607145,0.6929758231958669,0.02215195798646219,0.2862422749658574,0.029247030802491913,0.4241187043223802,0.41177125409913595,0.4867277604865241,1.0152494158932395,0.37600036224137545,0.28417076802671015,0.6197407235919661,0.12886441030044365,0.07187993926620762,0.028486614939994603,0.12734500827516881,0.30622263537184025,0.013252947293327821,0.016688339416958242,0.5690923011567512,0.3505179680970354,0.14252106860579383,0.19392372861631646,0.18534129992325532,0.09077799649405854,0.001885650529149352,0.06936925973706576,0.0028820132692697342,0.2266434757618656,1.3178615421529085,0.004975845321304684,0.22331585222753536,1.719278364228428,0.07704624342556654,0.012838992147687689,0.05778392990252201,0.4744383945542754,0.08505571422159786,0.7422305722586482,0.45291613524214647,0.06163643057618584,0.025813881302594655,0.17025272713287842,0.03145588364976282,0.03748954904248897,0.28693990426357274,0.7827641132851628,0.13607606984319942,0.13782450020197412,0.018650966963456805,0.6930926652975538,0.0955021562663747,0.05370828932187921,0.028748995645702546,0.1226260951877276,0.01659393537862397,0.259606799725007,0.3482786660651225,0.2573941331450348,0.05138441481657385,0.19213598649779495,0.07579176592292935,0.6909247981054139,0.004097509046763592,0.4348126192759212,0.06251143430848938,0.4136670978176279,0.02278741134872453,0.1879008304512817,0.4655585895129475,0.21974069856215261,0.006978948062956292,0.34907461568200815,0.1009086077438135,0.11376122846140735,0.19451383032157865,0.2109450669428916,0.21716933201713018,0.2654470230627286,0.016674150805210397,0.1528748192778,0.3435142261752123,0.6764585626413397,0.14519933214956637,0.042338751037975686,0.5414952772780515,0.6428888911757524,0.2051463113538784,0.34463026579303824,0.7564756315109109,0.017605923032845472,0.00870079495378584,0.355744414178665,0.3959058956600352,0.0016105094330922665,0.2646175719195467,0.0024448948225395117,0.3894041440308553,0.15159144442487038,1.0858579253289797,0.4658941386132671,0.6290487964844462,0.6531114257452856,0.02711598419735628,0.08256875985281542,0.6700073674532689,1.5463809363184238,0.13757446598448753,1.3633470282820537,0.07535978141172617,0.8117729229987728,0.058674501989473216,0.8000489924657004,1.3968612107314602,0.01006055911904069,0.04437254101732391,0.0018160347539688537,0.1211716932640372,0.8068005778007238,0.689519094862501,0.0014970630353127734,0.13308539809016495,0.024090950740842332,0.49414577593878817,0.22278984117722467,0.1440996993789796,0.023650282731227268,0.1407103957535325,0.2846092732899703,0.49251445789491677,0.3387177817537448,0.8989484420405653,0.5020004617779884,0.46825651027534637,0.5405921414844224,0.6279857552307226,0.433883339699201,0.1410816006105612,0.05089557527633981,0.17922935550206753,2.7220884351127475,0.6406400348221561,0.10112752585941465,0.10062553938392949,0.08527580462776962,0.032962334753795564,0.1890620224035331,0.06291831497212019,0.051534078997254706,1.1297557998358352,0.0424253290276182,0.42161038755107993,0.6086012546923245,0.01404260217131481,0.005106457231334849,0.5641928510108181,0.43169078014868045,0.1749803836713819,0.029125606932709047,1.4119962083983149,0.06633985048433999,0.06387652194492405,0.41771028408959987,0.669727123084739,0.026401841398335124,0.1954845824553857,0.029449230541960802,0.12683554435607536,0.03679094217338885,0.18320975883395363,0.014251563413725132,0.29695321215052695,0.5957118814489634,0.39838100980392044,0.09013625952082216,0.2508081291162376,0.4017137409203525,0.5071280649732108,0.10544553106011678,0.18328952970388146,0.3299506851210121,0.021522837628709768,0.25523490137275173,0.15598154065647063,0.3051082239128382,0.21618724897661473,0.031101617694285988,0.004580355571376593,0.32290677491259656,0.10348026723660109,0.029356375529472123,0.1974487794444808,0.16205484153984973,0.061760025386912276,0.08475265274539101,0.48417285663841936,0.023730902715036972,0.036463640776477124,0.16366659893774416,0.13304885706848735,0.4267041339133555,0.29693936452136493,0.016684998968984677,0.08058720464874869,0.12227924800091472,0.3507405210113721,0.01611815324301058,0.05494357713060749,0.32438208325265283,0.03103965269186526,0.0653761934112208,0.06259579548662575,0.0834749552164582,0.2831304573323383,0.033524382945607556,0.5404571263539097,0.25651062116925494,0.07603968682792828,1.3808304863995475,1.0467144718444343,0.30765938757309397,0.5808993441152297,0.07922278845526387,0.09367186464264121,0.11684496456156346,1.351497590491104,0.027030614129380237,0.5507774512419412,0.03369926445333493,0.23543738253769386,0.1962434244154403,0.3142444994637321,0.038374040100647044,0.2230776629090223,0.015128478503667386,0.2177496258071665,0.7441639137278,0.009867130003724633,0.002563337001812105,0.0015145848451330046,0.3952127628906037,0.21748500326896325,0.006331504976019531,0.16614673434086724,0.008017841699728523,0.21745599998965393,0.09915531848383796,0.05401796889864796,0.0876750845698756,0.3724007917697312,0.20891654825226902,1.1102946365252118,0.09679075913810231,0.10197076593829246,0.04001315541257833,0.022926144171502072,1.6058739500166928,0.15885678922447655,0.20887361497654078,0.20869470445338312,0.2364593969440829,0.031059772478569503,0.4967320808578244,0.9277546566883355,0.08548267395842402,0.05953263282710175,0.08199263995451667,0.0977214947230014,0.17492464861500756,0.6218638011469797,0.38248736369502423,0.34645626996315465,0.5304196185800101,0.0466404453211382,0.3138415334902753,0.028348196790764835,0.38800880828164885,0.4671015232681577,0.014968276226980937,0.6132916262061908,0.1812951245579667,1.2727379701814532,0.22444642132823356,0.2242310642795987,0.30070749298777355,0.02839205488738683,0.5961150726311059,0.21585568733797375,0.03558441327525108,0.04149479244908982,0.353803691844222,0.22167449993768007,0.20723609315854974,0.05640668228841933,0.34537817330420073,0.05656012672406252,0.08146105964286132,2.222787525574168,0.040493756613149134,0.0467291869945321,0.16972548597031234,0.22288386035165098,2.2882696117098873,0.17734812975504433,0.7477140234507931,0.5276650418630842,0.2684892292148138,1.6655862526464165,0.11018446236728674,0.6521983784979863,0.1929784641839687,0.11495984282709504,0.32022571066214667,0.19100838367414374,0.2174335232804392,0.27786373791777413,0.08999937766539445,1.0644491224424808,0.3764705145463152,0.00571487204283283,0.08676149021226132,0.9332791807111658,0.13569057895571057,0.07030978722763881,0.09620354740578274,0.13077083764628117,2.046469080440085,0.20433127131189543,0.07582080390311363,0.37060655502824713,0.18949134288700487,0.43787612458826897,0.33903349210620115,0.17593775061132244,0.24974247454936155,0.39334224539428075,0.12294883341462048,0.3155298958592887,0.13391685154322863,0.0020744770404108603,0.6845346306752194,0.2878872307751861,0.14073337462144164,0.05439987250384348,0.20900079502165125,0.2679869386928613,0.13490411325332663,0.2148235319311298,0.9874562647718701,0.059398777365818556,0.002482944935816578,0.14272620501699684,0.09666469695199476,0.20562502173364305,0.07592363678815328,0.1520663086362236,1.076497669424271,0.1781016515199494,0.06910896766302788,0.16800670392038297,0.10056035878565206,0.08805460912934338,0.48496093477018387,0.25464689271816443,0.5202319774210626,0.011107573337455268,0.194657346482221,0.4322562649437063,0.1303389513131905,0.7094380485984344,0.16871157708270595,1.3154616415853144,4.025287833856068,0.04610724127822907,0.011044836580152873,0.19232325533301653,0.050155355921187805,0.029986522662250104,0.055067037412557696,0.14059647203569658,0.18046139031604547,3.9867986471852923,1.3784185831951128,0.5484559292256547,0.01282736429304765,0.018312703224474314,0.15995956290459246,0.2201071105617407,0.2192192812060929,0.034180603629685,0.527684194982618,1.5707099741994512,0.22231675813476426,0.14347954532619345,0.271196765468519,0.05537196990295623,0.2217014335907005,1.0099938719511687,0.00779366625422373,0.7459327199098057,0.5663963006592391,0.1515833948612837,0.03538449685201561,0.21954303456495194,2.0220086569545366,0.2567687810349507,0.14365887511646325,0.11247664154113801,0.0686154028580368,0.2949613076204416,1.1118433935789727,0.01040986653913789,0.15062621753015493,0.21961034449016648,0.0076578572307979265,0.19227672115195726,0.2986515919174062,0.4229595918954425,0.14438077178554698,0.5708301168462708,0.024852657264891054,0.19606771538845935,0.06901752172055886,0.25598796469952145,0.049006451707056864,0.19217554298235395,0.061369354187936764,0.34849489145900425,0.17263895386194172,0.05553480293638602,0.10684323355377395,1.2806122357830207,0.15973122723328403,0.20884428956710144,0.34212017425790453,0.1907809643314513,0.2578119233272719,0.03749347097364353,1.4607369369212733,0.008832949712606508,0.174597394762387,0.36341798266751724,0.27919032214506057,0.4304295015029762,0.024140495960649044,0.45673447044590243,0.05736972554595443,2.616400761915812,0.2111883014888276,0.1571496954017375,0.2491711559944263,0.7142979342600995,3.0608178684916636,0.13523661933307984,0.1105213253961308,0.6414553717689766,1.0656261826503228,0.1474938735461334,0.29054247756835105,0.13135474029522998,0.20233372348072898,2.6278922432034832,0.20480901755217307,0.4628163345750035,0.2706780602075207,0.3806280148356894,0.11111473214643053,0.18671882171249876,0.1402929960439645,0.25248579736681265,0.680544421437298,0.38988628797746805,0.6039147426373388,0.36448885995836366,0.09866173531807587,0.48058582016954077,0.0466874788630845,0.27789291011435235,0.19501157697510918,0.09084662880854832,0.11568980377370863,0.005166058203809332,0.10658267603489158,0.12738529652113928,0.2476651957154391,0.12044665479378136,0.4383698372032918,0.24672024450407426,0.6149492822900944,0.059662562283684384,0.06243898224275668,0.41565931089664576,0.38026643923114245,0.02072048478051247,1.491452563626972,1.9089337223127776,0.06332936855941718,0.8922288707615451,0.07401077289235147,0.10943470097756425,0.08339001380070687,0.5376095105947589,1.280836874177242,0.35077279607708833,0.01759731191786007,0.10026149843798027,0.6341786205941247,0.3060613533923182,1.1047317743332274,0.3481474457412459,0.30130900933887017,0.13963256336256324,0.35778868674017805,0.22766987095948954,0.2883064557751455,0.0952115634299111,0.08897343825516035,0.062342018531284626,0.4289040602218055,0.01751552126767808,0.17462344055874057,0.4592303163942131,0.26867926170646705,0.44083119364013934,0.20770399843247778,0.06089968238279542,1.79484185477904,0.025553061808123334,0.49892035761323217,0.02856525976937574,0.25744778041702476,0.08969517295998564,0.3666352781274709,1.1686172656789133,0.051288272846753635,0.924589957467095,0.026406564355659246,0.16003312949860304,0.036372766332565476,0.08159402343991173,0.31465335846731524,0.15642507562243768,0.6044759640978168,2.8947732233396817,0.7158132077933403,0.2285555256200823,0.46528920230600734,0.42583320312769657,0.22733555666352967,0.07889839218389616,0.03316594819559948,0.05925428721944026,0.09097432880732592,0.03421940904776388,0.06068522069798887,0.4369624884608598,0.07522323623177496,0.053863659112979745,0.07441323673479527,0.16402544593597046,0.003895744198279205,0.20607698610058867,0.06733625540482702,0.1828793232729069,1.14739836151255,0.15509658678735794,0.015062672696311008,0.08703831059360156,0.6848045996349911,1.1829574874857913,0.06056716611581536,0.031123769418267333,0.4005669614036853,0.048157671552166326,0.2929264334046754,0.5928372133658805,0.08037202306491653,0.048639932683693377,0.33135554530196565,0.28571734133587756,0.21566004111229908,0.06686461573032476,0.9793678235052159,0.10449765793297716,0.34364867158935875,0.35228928878829924,0.04988852847872005,0.07273467827650437,0.27845530953955716,0.4711123983326049,0.005997825186224381,0.023944739577812735,0.06415392647048168,0.20782973231230417,0.40071540271886974,0.029572617512449995,0.07648864305121839,0.4693270205390614,0.759016675641146,0.25449940464852094,0.46143660375924456,0.7931320581650387,0.3339385179938845,1.119578161558982,0.6660266815873244,0.2166989269969295,0.12975694711524266,0.0011771284444831442,0.33733000062591945,0.22736496173820253,0.6407145006029928,0.19410756173608523,1.5112008943267359,0.16741626354263417,0.07154819982420824,0.3201815614826602,0.5167807227208137,0.0021775803922190473,0.21677336064566166,0.16487362939029437,0.5833100037183592,0.019889275192190192,0.0971449229355652,0.3269195286299398,0.5947163118257731,0.14261023629011715,0.4721842299913379,0.050894706894109465,2.9080157116657217,0.3951581246011018,0.3934934074272405,0.36003085758504394,0.1276639480539814,0.005493928878166687,0.22794280803155909,0.8977900670205123,0.2088702930474864,0.021026736247101274,0.04520874481951265,0.4292389372987564,0.3239015351350645,0.045965894156730025,0.2459142884406873,0.03770159060678946,0.4005327448975564,0.13072053326134492,0.13793814879941269,0.07845767278667592,0.22873236547828846,0.32911289655758424,1.0286877609727214,0.08750960196520813,1.75805094304874,0.7318786674965772,0.25849538272615696,0.15294460972545654,0.41507701197591995,0.3627835263431263,0.5392093568872247,0.09957963014034821,0.35404877360888726,0.0327769334492074,0.09158109210789933,0.810247685021742,0.25058530203499063,1.0171093909598192,0.06638490668129904,0.659429092754781,0.20412968089145256,1.0437880909594477,1.979484810520094,0.29867895368094777,0.025154067458350804,0.6965554487425595,0.39698185625183746,0.04892425650648599,0.037520125715678976,0.013879818561497892,2.780453551689015,0.014336532214421549,0.07334662676853476,0.02121330470965377,0.349714018525344,0.15463549343212057,1.4312055556327805,0.9882130957643586,0.459738731914241,0.3733610350875365,0.0024350075459520504,0.10240399252202037,0.004027144148773365,0.28877023942056046,0.011320239941411181,0.4720898517439629,0.056791624141573294,0.2913473394756414,0.028057073913618558,0.21408003629808103,0.3908200168418935,0.2392916804829721,0.393485109644808,0.2080751125028909,0.4218856572060644,0.14368522336347955,0.048304556782480024,0.3607085241389565,0.04207220522836508,0.028051242527282194,0.09127434664338852,0.22617646318371465,0.07186989944788214,0.0934253870797006,0.289378465306775,0.13420794583558315,0.6829247375287426,1.0170105468600315,0.004548327642054595,0.09612217753410857,1.766395674736323,0.04472148947765153,1.8238385525109944,0.014384553112147591,0.12235654480791225,0.05550678198623327,0.046783479526701144,0.06466501847967832,0.10348734975157758,0.12644347205234152,1.1860206753873919,0.0813380973946276,0.06477511974456429,0.14033848096520574,0.09918378634792302,0.039555852973382155,1.2601643009083745,0.4333403618097773,0.14871945915546747,0.5532869941565708,0.17593178925894115,0.4173762606388629,0.01982922320831393,0.1216021373605638,0.1891272923797347,0.44928200238476834,0.011630978464959751,0.34554267417889095,0.25592280552009594,0.31189360827801915,0.3707971346549086,0.001654383085932687,0.42242982154209185,0.4350482300953322,0.9584212568561303,0.2876485821654535,0.0073532632212147675,0.33428922364719327,0.3527449281710795,0.04626006965871943
"((1, 0), (1, 0))",0.14685241216431066,1.083815776649902,1.052955730942033,1.3105688356766023,3.0317381657784965,1.0708695234574344,0.578515395145026,0.37258039357804856,2.033613096683592,0.7483722290742788,0.8788708066846181,2.0583016601706925,0.18528047962574856,0.23781188551584792,0.6839675283637551,0.6803272813182667,4.6766205943790755,0.4635524938574189,1.7104529005573834,1.1440986513819973,1.1727222971567104,0.6211199515760055,1.6499254491560762,3.0786601432813194,0.21962725617020454,0.6068298654014367,3.7614849669672394,2.6103518864321984,0.9641150630239608,0.35213596809484243,0.3532915306673504,4.99994271573257,2.157115710369272,0.7216720458323008,1.2324866418074114,2.155400596676725,3.24518938528552,0.4087950359039496,1.2108874765782667,0.806717592849796,0.14417720209085985,0.5463388082001737,1.6687004326739125,1.0350881442452287,0.44110184154751286,0.2893345079030023,0.45452670747391544,2.0942486741146285,0.4813422875571155,0.21864360773975838,0.4323178388584308,0.8115970775844668,1.9475728330880089,0.8767078491903743,0.19452140092780867,0.4972971073181554,1.3000237934929317,0.7542769047160314,0.6617546918929444,0.6321207267489601,0.5645466131048431,1.2429608568826478,0.8973733846835413,0.5860614725320326,2.4046385436015774,1.7143737143352982,2.5683061181953946,1.295977382556875,0.7202594227425118,0.9255039740310715,1.7521251400802935,2.25490559271205,1.0182496726863095,0.6919320338965691,0.9123358481998548,0.6574426909433979,2.704173109453038,2.910767217670194,1.2576037702124374,0.5625993889730818,1.4436288805198494,0.826630940386847,0.20095076340836876,0.6458709537160626,1.0793772627301679,0.8828877887829912,1.9058021074488103,1.1534539190156674,0.3940135366854435,0.8899561038395459,1.2461223221356859,0.5479872564607176,2.815318397244576,0.7832870942967333,0.8899755623231477,0.4775287159567956,0.9872547158218304,0.4661168925248924,0.8302228199361958,0.4926358634563735,0.7790468205709302,2.6032170332319504,2.4100123348696636,1.8670223795762464,0.4373913778437881,0.6861379808897292,1.6368532523565094,1.7899588510145945,2.184500057372129,1.2679346948637407,2.036674045484422,0.3686043329857137,1.4919914503165776,1.5294035218173547,0.2688350333559767,1.5096979408982318,0.6837901642674131,0.25801120743445183,0.4547405611041613,0.8568003549978047,0.9448806792819742,1.797246378242288,0.35041111325062313,0.5516901138295621,3.128823767267513,2.0389554298090156,0.4174518807840497,0.1828658326471695,1.7034531091200542,1.9864649977488167,2.420229128457142,0.8138501088319028,0.4331381356679084,1.503759053123974,0.8588913255020827,0.4269724908000659,0.2765362672463755,0.8432619029773218,0.07099373546535459,1.9418749610736574,0.541095480860851,0.32900608528110087,3.1086863279361965,0.8356389571818255,0.29923266448364716,0.664836148056482,1.7338617931344942,0.8624101635844744,0.8738421086436604,0.3554675516066592,0.7920752106478968,1.6866017032686687,1.2000500750660632,0.2210885831689855,2.9756759834090882,0.41113511349033716,1.2394775643073501,0.12269183469030787,1.2876068778544392,0.9372459131187334,0.5627317110549594,1.810917536777574,0.9354943539183803,0.1003978373092741,1.4814280293993316,0.5363448877745859,0.3537951580160872,2.7369797982101374,1.1278644029027989,1.7364669545370943,2.8573438051847,0.0738792331218302,1.373918985832141,0.5039891219927434,0.36371210989252833,0.5053142848358161,0.0962127947005188,2.1123456989466542,1.1637933547850203,1.3545392213290013,0.839670713815834,0.49561617840640176,0.825067019538724,0.6831326034216609,1.2690741928335838,0.26667914340268883,1.0566474414031706,0.7923679682032838,2.298061090072604,0.17476429773968957,0.8715197866708383,0.6025392864226962,0.6777947379112949,0.6330640152779312,2.4803399515798623,0.9886061590648649,1.1278271484174562,4.402198370543044,2.221464868329476,0.7406366114582972,1.3847450892886826,1.8928775895050158,0.3412735883013699,0.8358019475266166,0.7002628253869307,0.15665252503868354,0.636988779304487,1.0466227606215914,1.0757569883447535,0.5720466837290512,0.2208098016087106,1.0577395654853636,0.5935283710909518,0.5342195726405883,0.6312495850341225,2.9759528645890407,0.8006438401266462,0.4607242324428511,0.5033057010967503,1.2383898925510155,1.672722842128238,0.5712696688831898,1.0903451427949071,1.6265508106882098,1.8372506065389849,0.26072185074438625,1.668023403827909,0.9435016100242918,0.5703574657908108,0.452258788733632,0.5974777349348428,2.3630355913532144,2.0069156202632668,0.9666210799004709,0.5743953902441646,1.0233911680982872,0.4540713275159576,0.1274549833815899,1.0696458942030547,1.1816419159544065,0.21271082044432355,1.5972514058480431,5.49944788868114,1.8363893244536287,0.5105667128252602,1.8680778703983623,0.8202665151604165,0.2542881074804143,0.7143820697852182,1.1217139069791608,1.0222686948209891,0.5088929124616562,0.5479038082258851,0.3541342986227973,0.4114445473341787,1.7730134268833186,0.7374862813346035,0.4383259144345025,0.8793637877425491,0.3752884024992513,0.6439477751485281,3.0746348747046897,0.5506074841601734,1.089652898934386,2.223442630393471,0.7014202421211067,0.46132370213097085,0.4440302845189823,0.46724808257028216,2.9697564676033728,0.31123813784453924,0.9604113313501972,3.2914152157778096,1.4401433218524002,0.29114041561998105,0.41601148520790654,0.7124059593862542,1.0795778906332254,0.9801549106409593,0.34565633251992567,0.5768505433938982,1.8517759305176553,0.695553148764567,0.38453318766270583,0.40018302994978006,0.8509119924476038,1.1334316126703252,0.324972976760908,0.7517428923592915,0.6876890697180187,0.7472706298936151,3.5749011514996196,0.7161791259567098,0.2856240839650932,1.2839525002833132,0.29250128623522464,0.435053922427844,1.428285487235851,1.7369397483657472,1.5549334124468897,2.206595719420808,0.9522993088631997,1.0322245382411375,0.26262550581793564,0.14471245565026136,1.3852399164819724,0.26254305822368185,0.8527835877633391,1.9256142530053144,0.4735403415657084,0.7015643429674885,0.8950859719591386,1.0062734110133547,1.2346542066727437,0.5031424922594848,0.817447832100091,0.3724636074189043,0.3667852192349812,2.369860211206171,1.3342312447009932,0.2061485941490293,1.1339880317022577,0.44590166119676067,0.5138982265868663,1.319623127050059,2.0284800653658706,0.6101671905946674,1.2398918447342198,3.918801851812487,0.25836453769044376,0.0853673686671724,1.8648878761646306,0.09305448451894749,0.3620119236042153,0.5297060657357557,1.503417710330381,0.6371526458723882,0.9919249086690702,0.9798917892219154,0.5055707518694739,0.43911442989517724,0.7847795732844487,0.467459814099469,0.31985941831591663,1.6796140324153512,0.5167438527914312,0.78472867655258,0.3290548780671827,1.2485004000289317,1.154333531608382,0.20925361789439223,0.4032384070957121,0.9409339677260267,1.7142295111827635,0.135942260859734,1.2396205497844963,1.7407516584502098,0.38538670632861305,0.22871380167158628,0.8875532023558212,0.46598430622831755,2.024275694513487,0.91024423628028,2.2606380605188914,0.10405742031693824,0.16440696084577588,1.0946511429076693,1.6309134489975903,0.6755640176261999,0.5098140176450625,2.934448106658236,0.46746863490851714,1.019686528312401,0.8615783161286961,0.3781659091683875,0.5549880700264168,0.35244259083472973,0.5698360282456711,0.12533264436791472,1.5066200365172362,1.126569891180858,0.8504682718287051,0.42989514601642415,0.9319695333707634,0.6345555497838105,0.3224816231925459,1.8591267403653085,0.4722724058995712,1.326994228955794,0.700627827820766,0.4101988380732935,0.40209936407664715,0.5830878838606188,0.36525465940838053,0.3035335455110083,1.5708430307773382,0.8006384861882372,1.7123074020789981,0.4889256291295119,0.21246938806899796,0.5410934116363175,2.6542930750112936,0.5607129501771512,2.261143700564694,0.7749931987224206,0.7960092967077934,0.7061734297351365,0.6737583381080867,0.4355806678273122,1.2449027173133933,0.5703595910992675,3.22326396529601,5.084890424012032,0.9406680818077657,1.4257549972220591,3.6764132283564424,0.9976283816540746,3.257216662499523,0.1711449336849471,0.9988802505734979,1.8227570272049545,0.2835970317984072,0.2836376516709852,0.43528618417326315,1.2989033390804878,1.3807862231537587,1.2015525683377317,0.6213872851968855,0.41302594220293154,0.7464190436924212,0.15732354322008923,0.6145484620702368,0.31047768471746406,2.359695345671966,0.6404736997849293,0.39265262640501086,0.4401913273411535,0.3843390338468999,0.17245752551469362,1.2031669344806426,0.4041264506603761,0.9093141568431027,0.7556135193514489,1.477820745475809,0.1577739032648423,4.919805918520797,0.3236646962760056,3.518282044462858,2.2518947334408193,0.6970152134358164,0.1128188348216829,0.5800307366193881,2.44739909784746,0.5415526229294008,1.191602564840166,2.9289220772316584,0.7284398452526578,0.4475998832674902,0.31518853091111454,0.08261926313383311,0.45359926628514957,0.6052950394557088,0.8898023392119702,0.8448735470925142,1.3177605744505416,1.6672265561786284,1.5972280079180816,0.5134320996140506,0.2310856319403657,1.2108577385963497,0.19591335490211437,0.24881004753305236,0.7339231338101214,0.4395791980070558,0.5233339982118811,0.23409496048490652,0.9825564986110388,1.9461021237083378,0.19663846612099922,1.4820616277301115,1.3619631720005168,1.3161560854007084,1.2049116058408258,0.20748637365612518,0.19332294367562786,0.5235477947532144,0.22017479330922396,0.4410309877917052,1.5266006658951443,2.1958714322446724,1.0320775254861339,0.5223880103082683,3.859789419297003,0.33489423063935253,0.1497764219991563,0.0657937460068807,0.07529568817149856,0.33254562420279843,0.19697438148022806,1.3056565785852965,1.7887088953834036,0.3590803339970575,2.1178111782539886,2.7085780998168065,0.7690290262834897,1.054783338002394,0.5499908323444453,0.04029389288226881,3.196006323233866,1.3856045507357935,0.5230479146241153,0.6684043605066379,0.4824866542666567,1.0084178312810987,0.9469764341748633,0.6710259228095297,0.22044071899501083,0.3486723888806911,0.9618694609790904,0.1787944724762096,2.0120753928818953,0.9023928619344161,1.524252485773358,0.6598016178299042,0.8593520447616895,0.47793810632673817,1.0054346770900178,0.845220452840898,1.9407117182295064,1.6520492579573482,0.9129732123906593,0.7961072481747585,0.8479104201163732,0.8972790293697643,0.45456083361452526,0.5466348626507517,1.7759022802566713,1.2717872234493688,0.40630807032309035,1.4231733834505111,1.924755603921749,1.1389083215602533,0.24526214586200434,1.1513906205456546,0.366313492494722,0.8540796862496122,1.3736855803162722,0.19202442102295747,1.2026229520373506,0.5322065205185559,4.023589080631633,0.6673322945763713,0.662818523261417,0.10766202912362771,2.1806196569317415,0.2714177960948848,1.1412934325497832,0.6591407139148293,0.14562024981189514,0.6692449726880263,0.46167432489413784,1.0422214792014535,1.0421472594844552,0.31505671362747034,1.7367166337813114,0.7514020185010416,1.0821032427205335,1.4567076639127663,0.5703400519611566,0.3007239193769328,2.94354297618465,2.2647232763665297,0.17615502499893407,1.7797332264318584,1.4627852334266813,2.4717403282902417,4.470945260906344,0.18928565557225818,1.4506125355728385,0.24269394166504454,0.6217660531883399,0.33041677856833723,0.9681366550685073,0.26543864948107937,1.0078228152823234,0.8149296141905192,0.146356801025939,1.0128009498892234,0.8610604862607087,1.6356947173099472,2.296708539789963,1.593640626014812,0.28099213130649847,1.5544472336319084,0.30415009740056687,1.0747508917217559,0.8702074780169162,0.553318778311376,2.5295707213822083,0.949350625513689,1.6213166372642875,1.3279485459778315,0.9454592805084812,0.28863724634289767,1.1925656889787883,0.7237807490102595,0.4734547700374573,0.6161253819979317,1.1521556750810995,0.14306718213958555,1.2560174862330475,1.2550973321159296,1.0108808249856671,2.019311653919113,0.37755869537662556,0.46111012603729484,1.6625850476865969,0.8265923129066632,2.4399068045413737,2.012335015197341,0.5750665777590782,0.9819078684458098,1.0572536772619672,1.9837226817697255,1.1099951249087878,0.08334346675823143,0.30949560386216923,0.7435053741991953,1.6067250335748087,0.35386152950409544,0.5874066808641376,0.7382953281384165,0.27313648834566695,0.7627476151996455,0.5039885741313438,0.4279731403751277,2.7148362710322322,1.8625349918301635,0.7555704104218889,1.004715958920031,0.8934550871723216,2.5975327896664937,0.3474427409808719,1.9841956895297663,0.49845807839202283,2.1278080530033576,0.22635929114230635,2.3099472409831465,0.49232922937810075,0.6508468981162957,3.606027826166302,0.581860982209194,1.6102868875872272,1.226448116252143,2.268940550308462,2.8136096119742247,0.4136146881964792,0.7362528831773569,1.3989806738760828,0.8142831868403192,0.8806090388264973,0.1804992287797381,1.1617036968172614,1.2870853596446752,1.5018184797246896,0.7395640311406482,1.3169361374597308,1.1695480284886566,1.953455812308315,2.538745448483909,1.2065298556087791,1.1453244138367953,0.9325363668804958,1.1240071171503263,0.2545536189761564,0.2948115611099811,2.0654135482451044,0.914867685782576,0.8222589368633331,0.5825658862430606,0.5808908139257166,0.05756681489587523,1.8239037139666046,0.46984414730660784,0.11440155988217593,2.4812151239062046,1.085846170926092,0.6883601764144848,2.089141911137016,0.5661680971355207,0.8363215644321115,1.0202030797605128,0.6403073143205515,0.2907048325170864,0.6841970819398245,0.16952863948428892,2.001748965535224,0.6529005430632688,3.1017101530451954,1.6008660865935571,3.216501229688542,2.4007306042804633,1.097692494449712,0.5779188831094942,1.2509009465239467,0.24939247723129052,1.8246689890958532,0.2665414668749829,0.44804869226391064,0.42743056109201394,1.9846782506141971,0.6617515729555543,1.562967691822252,0.6665139209369396,0.2726366994954291,0.40422668627581965,0.5732678439461661,0.4685742663990316,0.8287540015905073,1.0093298942824156,0.4135742332924616,1.0637793805826958,1.4454497720338189,0.39991455669742515,0.3512146851496938,0.8906936596231535,1.882310958117861,0.9459532668851875,0.4514887798608118,0.4116444379525312,0.3493415427038233,0.3422820394147946,1.196576719176905,0.23173435504336048,0.5273709895291114,0.2908613342954989,0.610950269080375,0.6159825626624731,0.7062464144772177,0.3398660265341713,0.7745733571321314,0.32527643884435165,0.4642258441742275,0.9055569885668602,1.7767828948520663,2.6017253731072802,0.9489776790151138,2.5013086796048354,0.8159393877553915,2.511563660049254,1.4151073825564313,0.3662875619214243,1.1766586804647297,0.6692699034279377,0.5973672219556577,2.031162499667607,2.6788771242112266,0.5011406113431794,0.26234262063971403,0.564664208900002,1.051830127682668,1.3758142603183585,1.8699543981911606,0.8763771147963184,0.16923532111387235,0.7845714183786742,1.2966169236666714,0.8409545503561716,1.819170278390212,0.1751336923912653,0.5995707136054139,0.4005787111988399,1.2822980292332886,0.38167721050526277,0.413657501040679,1.2465074296392524,1.5987598766964897,1.7151181393798796,1.1007565490827242,2.402072823169351,1.2402004419946837,0.9940296626984003,0.9187928388160258,1.0266589050671486,1.556160573555331,2.464840514825094,1.2998201165927186,0.1565170506853557,0.3170787247383043,0.8104655277621339,1.782417247777485,0.46242398906489657,3.5003294759259576,2.077297320840126,2.570252033832677,0.27082362134421556,1.2868408518038355,1.0282778057695598,2.4197745515036257,0.5174858801421559,0.7414123835179579,0.3929024442516773,0.8575475034261749,3.4501593022969734,0.3591897179531526,1.998133263597893,1.306658438506171,1.046471171750121,2.154485489311459,1.084579953964054,0.3924131189762229,2.8407894951644157,2.3443456429019762,0.3130311992342014,0.8218028366455252,1.1149404728951295,0.2752604380665406,3.3115708223514546,1.369483126699936,1.1124014635228,2.5521407448826583,1.3419422685868743,1.1537018613567604,0.7669732491936063,1.1614701263975422,2.9610863961436804,1.2673533334384146,1.6241169784246128,0.5462488720902066,0.7604405877191349,1.6764323210389436,0.6598159682696347,0.07877859993357558,3.3839593819720024,0.977408803811398,0.9250573297060493,0.1956658822342553,1.6358636344363406,0.6357195178771289,0.6715014870869309,0.2905485572090164,0.3803012588530374,1.4182892761951131,1.8217691438733343,4.293867763381983,2.118699354650456,0.2675069812204082,2.3185383743637256,1.315099821804609,0.2226094532865287,0.982478780662394,4.766589129957342,2.0789976581587997,1.3802926312304726,0.9591115787773773,1.402651067445002,1.5161866852503882,0.7402760669165187,0.1547319839489582,0.3189645823649436,0.6564646189120029,2.8168892979954383,1.6187372940635756,0.746241541847191,0.9967890705434883,1.4691846486907059,1.7389927977253161,1.132636737321368,1.510362380430416,0.4439926024947343,1.0357330005147112,1.130255928442507,0.6306164255342709,0.9688423545694484,2.3867595112996938,1.3088848618927014,0.7508797541024732,1.106712527086051,0.5540094041732817,0.6002784078717824,0.75398513689769,0.7313438405419959,0.5475593768196076,0.41274680330263,1.6349973813652623,0.2683463351688302,0.7011300616647225,0.6697624876303004,0.635306423362914,0.295031498302634,0.4961260739999577,1.6140456922199597,0.8097516240605265,0.9269486800368888,0.3853204469798985,1.1672504817675906,0.3018303296482421,1.601176332239495,0.4399069180912786,1.7053175742890077,1.1048591615502732,3.589285743899724,1.5183701370967653,1.34594580672452,0.9332291018713397,2.966243967332479,0.8462733178460957,0.5153282549303014,1.067734302980706,0.43630411146970693,0.5233298679349804,1.461177595751582,1.050277252113179,0.04967608597497353,0.22214259410021164,0.3583818073968797,0.5012458701290983,1.125276119350516,0.09741445719739626,0.2781027240320195,0.48077493768278295,0.3406793546487887,0.40985998188646455,0.19044087676541915,1.4377229990921865,1.7512305342798336,1.672900637990986,0.8015761019160714,0.21674300780126785,0.7306731667097456,1.7425550528916598,0.3587761470429842,0.9960595883771388,0.4832165727463762,1.0853267969576021,1.2716041336199493,0.34293701129117976,0.7759516968157489,1.1784486346930092,0.6091682947162533,2.657198748433818,1.888291721758797,2.004338021761106,0.5757892835814304,0.2935321106616048,1.7529291207462026,0.3422878502399508,1.050377404991836,0.275627448366081,1.9655458096538356,0.437108160860739,0.5660290478094925,2.8152122797644648,2.9148532536967,0.7134993274341641,1.4878441223474654,0.5966570700342555,0.5328002389882178,2.622714843770813,0.07739980724818696,0.7253698922101064,1.9453565272831197,1.1738791160945792,0.761657674780869,0.5821767788453749,0.5560363628890911,2.648095128109343,0.9838311545574177,0.8342112640437436,1.5599779581359245,0.26565758322608946,1.1086326829954798,0.2148070591519915,0.9618447229245426,0.5842320392864422,0.08351538119772356,0.3763044060771228,1.3324347055874457,0.7583259160792976,1.3640184167056417,0.9910639916741137,0.6925457938078738,0.30995470827067984,0.4078701161906475,0.24664172500030257,0.86615584696184,0.4079148058772454,1.6154556904545176,0.9307103604217728,1.2086419464256437,3.4800518395157503,1.494337621173767,0.9250781392986911,0.2695092236889138,1.0991734356177822,0.29243313596467035,1.0074733944182819,0.4638875525766266,0.4894738529970979,0.2777855877417795,0.7240754309301529,0.26273317337895863,1.4281513674985793,1.271759435179745,1.625918474795125,1.800173793494429,2.0798656129890145,1.3281773908862151,1.4395717793066596,1.0527859360121998,1.5131931068442095,0.7687252700476122,0.3056495103297049,0.6019020720977023,1.2093755866256508,0.6093782747880232,1.7473229325373363,0.8976234140688949,0.7226748583029227,0.9079292008902373,0.753063889822739,0.32490706042649586,0.7970553834987396,1.1079185245445289,1.8465995447420869,0.508142157130911,0.49836242559620725,0.1752578264850062,2.3399919435746197,0.863408706604369,0.32068941566256587,1.3751431989084635,1.1355890399610509,1.2871063922339276,0.20804777828087656,0.5278473989966443,0.524946811181198,1.4708386494579546,0.30855227884207315,1.4591681810178785,1.693861150254314,1.014379938639641,1.3293303495660405,0.3912404522051865,0.9658960613579437,0.7338366209154433,0.16520577320403373,0.6989541374987103,1.7675119400067014,1.3810546258504734,0.5528086957758641,0.7552345812475717,0.34037729891239776,1.5474319190330417,0.11444525780068926,0.22971200527613733,0.37405471151862607,2.313295365903851,0.5772327441312031,1.4667697707981056,2.017479234175295,2.6986343136317217,0.28829896190123927,0.36505826671335906,1.3949215403864708,0.7489109230350787,0.3679190002857058,1.794134269800719,1.188389046456862,2.5186629235004445,0.8633081165589486,0.6354908339715358,1.1373325234042104,1.408895446789422,2.4138487417443395,0.5344952478918521,0.20749120651000297,0.5370268890707752,0.8924362011081504,2.005076953303299,0.43972469828259547,0.906736516521736,1.0176511533279906,0.1991774664179576,0.6916944329094556,0.48620467784980825,1.7047230312858437,0.4925750191483072,0.9505898468773684,0.4840565790944221,0.25616626976170914,1.0730682399653348,0.7616242581259602,0.40428613544013836,1.001794690961931,2.225328656935983,0.4901514413674266,0.458094929278752,0.4541630962856739,1.0219559549302974,0.03071035499991348,1.2789361397091001,0.6015367011829322,0.17199260585683934,1.7934556535088362,0.18368856002692135,0.631576472078262,0.9931935219763907,1.1289515507788828,1.702074059960268,1.9513419247544557,1.2744176352974448,1.5825725587243047,0.5345942210621027,1.5102363259030418,0.5971168066536661,0.4499167418653379,0.8262051068907798,1.376540178541053,0.4070675929944515,0.7651156181978676,1.2095691194151759,1.2333139247306055,1.0833842006070542,0.6607480704917088,0.7284488122214405,0.42071549856049667,0.11359685694691224,0.6675082036831854,0.7416662573032902,1.3344047135656616,3.6388481189598507,0.3966255407278607,0.7890966886346793,1.3007315206736707,1.8326617808232941,0.6980516960084231,1.4755911896948484,0.23199176419541528,0.8864590292623609,1.8833636653591703,0.5636703064332724,0.3293049167097172,0.9909996853899962,0.2179296415179629,0.5577866798529045,2.4112123991325607,0.3038560298740045,0.4782178377051335,1.0679520891867766,0.6869217993519937,1.0152530198628245,0.4550496883253625,2.645944713168829,2.042011886655893,2.1942399390535456,0.624822202202985,0.3099928312643145,0.7698156099936516,1.4289183163302035,0.7655322862197655,0.36001188806333506,0.9624107484356459,0.2984992005254956,1.1055854738691797,1.0304453703502032,0.7451083098487572,1.2004052146689606,0.9797182053413555,1.076388945461065,0.9322771341293238,0.6294335772851918,0.9507942175454829,1.5456778006175664,0.8515876361280736,0.6230545859879537,0.13874925283328174,1.0616450213464863,0.8691761414552872,0.8412923242842829,0.1517617931185083,3.448811063775119,1.0721494850688664,0.2891082961003214,0.6868406237410509,0.42492924862238984,1.0109824764763764,0.7787238772982112,1.1193169600759771,1.5712926303971748,1.6488025645366107,0.8743489512210042,0.6649822632165785,0.3898739326550224,0.7150025584920185,1.076407919543913,0.8743681184930364,1.2933667861956395,1.719806051755384,4.669359000517499,0.45094815631708696,0.30157622836976394,1.6242163521273998,1.7248607783112972,0.4430754831702591,1.3850669990477469,0.6697145176363744,0.30853155983011094,1.1207292528800958,0.8496794233500669,1.2621718158333128,2.776159624290524,1.4108686531461705,0.5452122385232894,0.6136506991107998,2.5806945532140357,1.2396196520402025,0.603333609985627,0.5915583771441046,1.381203129480495,0.7544295362936813,4.007260780368684,0.263057644157843,0.3083558811557314,1.1246957665040611,0.7084057305199154,1.7573871303518411,1.037909574055178,0.5747761427793561,1.4451509187823124,2.1829450929262837,1.3750057888789367,3.0677335801922325,0.3461771479931962,0.09814625041903091,0.3296752562025283,0.7616102380781737,1.3417871536045256,1.139920295504911,0.2992180594200279,0.27912286224947114,0.854143726228558,0.7297653693522665,4.381805591634164,2.6651619379103892,0.1863081923059869,0.5516697058438049,0.6535732443264138,1.031757115265661,1.2694532962160763,0.5831566072395908,1.1589250992467695,0.4194942661366403,1.9590545334840277,0.3590123068205411,0.7212265273404554,0.3541128085924131,0.5928869732060905,0.2599921566831812,0.2891325128334911,0.4282787242785634,1.198567954272433,0.14183744688424083,2.695486978061224,0.03578680595047523,0.905229912216055,1.2953105724153966,1.9309971577489384,1.0414818577485168,0.9514528651118351,1.2258347712219122,2.062690719443304,0.3340308810098178,1.4566671230868646,0.5138826336637761,1.7862082678715288,0.4632772121435378,0.4469227705700207,4.272138041713182,0.6685109452737041,0.156242391287285,1.6828949911579325,0.30966303395063943,0.4917170764547274,0.46166254791817607,0.8212199992155107,2.7604155733859264,0.9304831144334597,2.942658327464353,0.9644117325524876,0.5554977528522927,2.312726490828253,0.3425730118559476,0.3301291576060743,1.8837182893141713,2.539708922126104,1.0237869537411268,0.5402959110215202,1.1083879253972846,0.9538249794039511,2.309033565279167,1.2784834703376506,0.384867983729381,1.7717739012889995,0.5618352574380712,0.4371647168233366,0.8929146434118885,1.0706299540452808,0.398628866410192,2.1070995063474074,0.6317918609083973,1.0268851281959126,0.9455360332286129,0.11443667013380637,0.6930069444088973,0.9603404082962808,0.2943435765008894,0.1568469699160503,0.5049644162200952,1.0278124214050346,2.0949030462340077,2.0916431586004784,1.0332402101591858,1.058281792018792,0.6723503521625794,0.23822546733360123,1.5265063587929475,0.5523375023342043,0.6548656508503381,1.2633755856152955,0.1644748580620683,0.340838686601187,0.9063777668806561,1.0153754244685496,2.277980551821434,0.6751214385756557,0.24490659053660735,1.2300423518064134,0.2428228459273341,1.15879941540016,0.9292562020578232,2.30570848801068,0.573434169643815,1.1472843599784033,3.066872529182534,1.0021094157399455,0.9818944163530093,0.9104604281375284,2.1731919828538575,0.5588121120744193,0.37011544878730757,0.6371366391809099,2.0724529064515527,2.5514640625588534,1.1547396580120142,0.5273759850905967,3.0996375279410966,0.09865960289618877,1.1406308259718188,0.14088215120160846,0.6954447614281497,0.5916518311936603,2.488697520082372,2.541766189810422,0.6125459739654512,0.44961047041347346,1.3337589717983431,0.4791158379979338,0.3898696220228487,0.6376536797144813,0.988648417167582,0.5276525549576856,0.44790754978639463,0.5528630725737723,0.7753268116757923,0.9104577124428546,2.281156216451128,0.45314621496753626,0.7405928248577001,0.8492103530835506,0.9456727701456642,3.0373139253025987,3.0904495675037373,1.321888559279948,1.8990598680509951,0.19138813161965557,1.5450316117272633,0.5733490520377459,0.2399995524584677,0.7420124141438148,0.42606447087039323,1.3190000332744596,3.2813028016696673,1.584592326647533,2.3866588149856196,1.865047863840162,1.7930023729974693,1.108557893631335,0.42866596177230953,0.8929755385418889,0.7911351532403534,0.7471335032573768,0.775462762482049,0.1287950001148349,0.7599890026055744,2.611960601947728,0.27400941320532834,2.8250713183672964,0.5526783460448221,2.5085153749015983,0.6623408278419498,0.21475805223387592,1.3251169370697333,1.308019160048524,0.9914219601187946,0.12085885441220144,0.08378049174494337,1.7889051293770546,0.8451133994677016,0.45882183301620383,1.3218046948231084,1.9444265241923258,0.1646400227178076,1.7103229589670084,1.7341290953058568,1.8237940773079802,0.12824823835846433,0.38832230288336655,1.3782343360624278,0.7284696965152957,0.8498980225755638,1.1637733499637597,0.903423411294862,1.0414431818187297,0.9875785743900602,1.9796364662512977,0.6318613021114315,0.13947025947429353,0.5605136027677762,0.7286756266490705,1.40055192001236,1.5033955571216389,0.41837978097829853,2.025675930186729,0.4965216040537067,0.9913669556537605,0.8945457986531077,3.952750269805663,0.20290536985781182,0.2497601022359719,0.5201965703060683,0.9653193203818339,0.39711563991471216,0.3993842422332737,0.29528553698076165,0.9111221765113305,1.5181870743634116,2.947213803289858,0.3335287008794813,1.1489496302335251,0.8516682779787568,4.11710960776037,0.6005601274001187,0.0856015117225184,0.5330480577534968,0.2789260129365462,1.2498469371387888,0.7458590113813075,0.3714711264832382,1.842216089381742,0.7215005823963778,0.541528832644482,1.268526214779194,2.004498512376233,0.7436631151543067,2.112727376206985,0.2694446248330564,0.5954190941073322,0.6756767321637909,0.8834943361403175,1.2945381045929354,0.9517824139406638,2.620125359492654,1.6608061779407983,0.8559259071281754,0.41027605715161075,1.0338943048754892,1.5468233153500246,0.8035052422567115,0.437041490331637,0.8574566153885941,1.296723392903814,0.495139089010857,0.6469639273347639,0.713484449489514,2.810402366891943,0.7382479640917129,0.4651283096158112,2.1512922471555584,0.12261230850079781,0.514023363896334,3.196853306520928,0.6100139949097707,2.2761602139680956,0.7741534540006504,3.1884860626796483,0.6838626216931711,1.4227077840900053,1.8101999380167515,1.5928223475496517,2.6321695268905128,2.389751894877056,1.3895773659688706,1.2537942195833751,0.8539912011308116,1.5506731150578843,0.4763177678413155,1.2059626432295403,0.4784339360586044,0.6501095311410001,0.942853986985108,0.2336576548111573,1.6928803507907755,1.5987390398903538,1.0938138760397265,0.847868234354216,0.7107748547656022,0.6488839277725819,2.507461811463436,0.8488704777993237,0.44171343271971075,2.1282713508191464,0.3196837277651494,1.8280968019148032,2.6039830260864285,0.19831797115786087,0.5016292286862594,2.115544764424163,1.0949890897473522,0.18069061932027242,1.3370592278450906,0.5968830037779763,1.6712136748054032,0.1325386825454991,1.7019796543056378,0.2104846532629619,0.30608481445876334,3.649246333473248,0.4589336714236769,0.23377048115150367,0.49012570237298236,0.4137165709634144,0.1496929357724799,1.1007237097077422,1.764222099570347,1.376349851752796,1.0376984553001527,0.7490414833265787,0.8863151244011355,0.8785198833450525,1.3893027823421298,0.7468731778498716,0.5373084186956909,0.462537312770994,2.616419352208443,0.19574807394288007,0.617229331537405,0.20819799666582084,3.0584666100702758,0.15629322456104056,0.9245064740062033,0.8335176561557106,0.7625983903814579,0.6401764111549221,1.229397501376753,1.3588532464057417,0.6215280535610846,1.2848022861691515,0.334073844133011,1.1273750525927784,0.5227988883472479,1.083024889180567,0.5435580830295014,1.031810661755729,2.364265601145258,0.3053670924474571,1.6490485197905969,0.39621261908304906,0.15215677260720217,0.3299212590463364,3.111857856119385,0.7973344296416178,1.5689245641301817,0.2617949776728976,0.3429292526340127,1.8488128616313189,0.2556804066057415,0.6267877229538956,0.8518379606983523,0.40309720917450687,2.8664096521282665,0.4491642302581813,0.5526137451535397,1.7278014659224636,0.5104536225911851,0.841871825821995,1.2711351348593427,0.5037866935750527,0.5546893864136846,2.8372524366413967,3.0321392023466136,0.49801772599226635,1.1535216474090177,1.6755376855510342,0.1743094631779783,0.33107141214579616,0.49060168676149163,2.016778160242893,1.14562259256816,0.9693374008847122,2.0777748210981812,0.9288799075297994,1.446272333881294,0.23314483837851063,1.2213587484677741,0.27432348150859265,2.5501696855502543,0.8333335663636954,1.7789907084415522,0.4432420916495299,1.0574737275456183,0.09923134353944185,5.95807778439687,0.25015033088321803,0.12706385846784554,0.985698569742917,0.8246799425897788,0.8452710513490911,1.0389947364070582,0.35221498033451915,0.2658040998482235,0.4849707196163717,0.6397813828403739,0.3607387092716061,2.147334708236954,0.724375974051589,0.11870913045747325,1.1406308253582325,0.44279741708548315,0.5180428233707178,0.8957172553483135,0.7782352277900964,0.6444441971238817,3.2120270563988758,0.559384048478472,1.140958127641165,0.21258016769436128,0.8724057855576443,2.0380417139707854,1.1604471093534867,0.2022574496589994,0.8386218894151009,1.6182864543586617,1.7974112008197098,0.37211898144059474,2.8533671245602497,1.766775399814692,0.7196945841625881,0.2048902949701874,1.183207449056399,0.11535590387024608,0.8865392106613713,0.9042738844421758,1.2439206606489996,0.823030288137973,0.3676997222416206,0.45979433214601406,1.6618856567013474,1.7420606900064137,0.7438838384089448,0.8201324404729762,1.3667486409698495,0.19377146911948206,0.3739039353231137,0.5780836646083037,2.377044597073229,0.8643770514881353,0.3957345370433646,0.2809365006288256,0.715078643284412,1.2248001190319207,1.1400455238612137,0.7307701928760006,3.009634475027681,1.6541409437556165,1.7891388601755076,1.1443981345401968,0.5004225597748018,1.0253963881478483,0.3894528523395655,0.8538319888441964,0.501130301292446,0.21196916455691844,0.5407174270969193,1.5122429325817128,1.3796845307408754,0.5977452025431294,0.6444701930219032,2.4352988585243365,0.7550253064556957,0.203205721128893,1.714207927711848,0.4755725160945357,0.6094992694193696,0.7304441846255683,1.2750990675017,0.9620210222640718,0.9084235441099866,0.664323113729576,1.9680565859238943,1.9303901008945217,3.8430562047430334,1.917499496994716,1.9443443587374496,1.1982223045326437,1.0524142823332379,1.3904452081259224,2.402277832582466,1.6597003660263567,0.4067232918195762,1.146434013669012,0.9389427418327817,0.13504255901329865,0.476143095792116,1.881500317965286,0.8182876207800102,0.48623183377367496,0.2615837333080264,1.7369595825224142,0.12205083649357318,0.21513497600761422,1.4740625128411302,0.40854771067008533,0.6092180903193682,1.083527790645915,2.2906480169927965,2.4675358670520846,0.9333675461166854,0.4951288435909593,1.267989554242495,0.1166516530462118,3.4619468192613216,1.4634944168736292,1.1131690183092056,0.8334515632588183,1.7982868706983794,0.7721960782612961,1.2192137566424184,0.3153891327068104,1.865776345158938,2.06367512037179,1.8985951544206654,1.2019066942502525,1.813516841787625,0.9540675592602205,0.7147763984759019,2.5891747510674743,0.9716422276239914,1.250762577650027,2.444478212231571,0.7453270795302587,0.6948815101526042,0.4735166612894057,1.9128691218594636,0.21480266766121786,0.18358454345236253,0.8760488081450155,1.1005611327786706,0.43243950034760403,0.7273346920250341,0.47793025360316704,0.3924904832520047,0.24915356926414575,0.5840007921223211,0.49241245387206856,0.65638363086782,0.5653137827210604,0.19812610344826193,2.654712957150078,0.6491885272799813,0.7915061753765534,0.5989371132893233,1.7799453627195567,0.4563342019361631,0.843126618298469,0.16603354114836244,4.359107409618632,0.49911741676144317,1.7561066552270999,0.8421937252094954,0.3437640887229021,0.804839447263676,0.43216740526396535,1.6504285977828137,0.4127490985228004,0.26504109442134305,0.47247759138831724,1.0946317347191152,1.5275982660935536,1.495880951804622,0.14864483297401732,0.48098296393353956,0.12851269680438582,0.5921529827719781,1.2072416786083375,0.5218401531920634,3.1991988247261527,2.674841860809404,0.12863925981662688,0.7094644142435366,0.993934662364294,2.8001024311504734,0.7255912122314399,0.6004222477126824,0.4948848642403838,1.2006672138168295,0.3269108609176824,1.2581459563766801,1.492856036628982,1.0928594110426175,0.3845004859553527,0.6195626202104028,0.2330951354674744,0.9176688305794931,1.1257262601055804,0.21989600442079038,0.23635034361209806,1.5441554917641462,0.3803645552330822,1.342070641385789,2.8740677255157148,4.40283517311312,0.24736034580597155,1.280948034354735,0.15488951537473145,0.40887496765635867,1.487865367809138,0.3398245838921724,1.9652686731442057,1.8280475279992632,0.5290128415464768,1.9565503448823813,0.6319321612229035,1.0176873956885089,1.6066170065721526,1.5995664645898446,0.46765312881642784,2.8049639679417067,0.3816979134574505,0.6966369118796596,0.7888493205851967,0.8651003575622468,0.38133331624351074,1.023689477045864,0.6727046289650478,1.3656449915415203,1.1194144599361553,2.7252476516869883,1.1930497742675215,0.7766813907619352,0.47628187425524693,0.37565885971550633,0.14105700348114214,0.34002574063709745,0.9697293216050196,0.24080226282903017,1.5637129182672238,1.1295003563489192,0.4381220787352665,0.2775566755969916,0.9297953253834931,0.18085162740747773,3.025772086695021,6.587374867990265,0.5800490968711569,0.6236789194304428,0.39116761379494946,0.22069616899549072,2.5313115245314544,1.4332747311586056,1.380141174205918,0.6215945342332794,3.0452076348564567,2.3292275244614036,1.2991957342530682,0.5562589400860275,0.71195777954151,0.8105822048997977,0.36197713561727773,0.6150961922340743,0.33959384376537805,3.3408597097104638,0.11132851677176242,0.6667471658355731,0.7722524637945622,3.0650464308139136,0.32981785091199545,2.0593061958548646,2.6623248965854858,1.7333357110385215,0.6705766963428667,0.7642195278746144,1.2704878717125319,0.5827983814354907,0.9546228535986745,3.00197496363168,0.6159648194250876,2.2736564753383997,1.2312233350682158,2.093327246160792,0.44840479151407353,2.1931159640388147,0.9131376243509972,1.8574030104584343,0.6431126221561954,0.5776795368095436,0.9397281106613546,1.4829610497708774,0.2605600737724542,2.7405232747781048,1.2401271131776028,0.20037140074697657,0.8787413626988956,0.6330564137243044,1.2542873957316678,0.5093316911936558,0.8802673320582349,1.4942144194935318,1.28457953156606,0.3987652196493061,0.35740217185047807,2.1079952575044,0.24188034715963203,0.4402786859513268,0.16048597946003273,0.4083151937038394,0.5418681880922587,0.08420628489253312,0.5145422615048084,1.65981275743446,2.004234425199138,0.6080782388663135,1.4543728941736382,2.4456773661212803,1.7079078597780006,1.2615270261779692,1.0740174307800934,1.2873175782071025,0.9900786887052806,0.23401917348331613,1.1599539422274006,0.1528666577808067,1.046303264796886,0.7377378497361492,0.5719816547796633,1.189742835194795,1.0175086358492063,2.8053769040798215,0.7987012642444562,1.4309617625785056,2.4405292366579396,1.851385324606359,2.653350352006843,0.7615982151884348,0.8137155512820815,0.4058510559039781,2.184048477526172,0.44010544964942294,1.2055872362314897,0.8180117413952672,1.3332597918446145,1.3026940450324749,0.40918251363646396,0.5876547323552114,0.26690491388433885,1.1746958180108291,0.945617621357667,1.9228062149014915,2.0548446918940697,1.5796563302134177,3.4672668296226217,0.5051018708737071,0.9940017166773321,0.22980059944571102,2.471551638233251,0.04438285149289853,0.24498960178191914,0.3567526042026352,1.4014636385169537,1.9658761110571008,1.1498939447052114,0.4629754048868121,1.1486426841852806,1.0666481549582703,0.8672882531429421,0.5646671703399658,1.005199086790158,1.6619106605464358,0.795720049098549,0.2417310993510549,0.4239131535053183,1.174032049425123,1.3629632047930464,3.616258269220415,0.41356202348780124,1.5091913275301,1.1241028104230473,0.4162487369024449,0.14518328097602906,0.31102974053659227,0.6947954054661978,0.9267474992490041,1.142197256619423,0.8722669934834459,2.0271312433794972,1.4185845370741883,0.5149770520412349,2.159315734164621,1.8500823104212283,0.832388521081812,0.6423720342123083,0.5198744297113472,0.2585987371784326,2.2775454046990773,2.117612897558097,0.375932891636492,0.17543789993597708,0.4130424999844828,0.2988228542670187,2.0448613595069527,0.23354032388246343,0.7335049606317143,0.16872999756875406,3.902669525348662,0.4516183543051462,2.5914843768356763,0.6418605006972241,0.489309486611345,0.6661962047268055,0.6035806513281214,0.5011050354047577,1.353994963833078,1.6769408034190214,0.9505675027828164,1.224052538428883,0.15273685506472146,0.7008581004108707,1.1536246784616715,0.5390663025723195,0.989336267779664,1.5002344154385643,1.812841236666701,0.6661479370243683,0.25067027031938927,0.580831594971536,0.5734056186245247,0.2720986243965605,0.6028799198809156,1.057079054544407,1.5419679317331814,0.2653649556776768,0.35361289271497454,3.537904176416818,1.2260984859679491,0.4597767786124507,0.4230403281731162,1.71974162141927,0.37126118974671196,1.052673652567381,0.744586230480468,0.7119876082230123,1.6414166683393514,2.3298681164381563,0.8322117672570897,1.547841844108552,0.2218140568709464,0.7751360624444927,0.29214269336487764,0.6115668199142865,0.20271844244439613,0.6773645703591338,1.0096016758797965,0.4136468902537953,2.1407692622026797,1.231286831698298,1.383493353751747,0.7952053596631825,0.14089191511450067,1.8633903876824942,2.8253254944970467,0.4630358691698187,0.6460696170938032,1.1140593347216137,1.3887428604716248,0.5588028206577128,1.3901073179933108,0.41249934078169165,0.5015433489128791,0.4866328285047172,0.37213298700746444,0.6694865888101633,0.8088856728972389,0.8534359790941409,0.46282347370035465,3.483245325414533,0.14464414807047232,1.5071866105564025,0.37125839836584634,0.6805549570718705,0.9974477418262759,1.9505444972197525,5.410447215963739,0.5847701098060272,1.1329738208636118,1.428057269963761,0.1370204756429549,0.34280442513770437,0.5293526538991058,0.9448364219132335,0.29133480972655346,0.8584872129742417,0.9769015220872268,1.5088078338790962,0.8231615588573069,1.002997904318121,0.7463191671047985,1.5643076300847438,3.752739103558443,0.57751810825828,2.5970067955051266,1.6190514126765325,1.0794133819375122,0.9509092204810023,3.2673541087196827,1.7910582806152302,0.570549645409223,3.3724464833703225,0.2514037759486864,2.003767214942469,1.2779278052064478,1.2712444962034746,1.0334522635946055,0.5791190835350365,0.7804451540718901,4.324151089861615,2.106014153462971,0.9397893076617787,0.4870223292444564,0.7083998944800138,0.2458449451684791,5.054478457817595,0.8405739793677062,2.4985243683078804,0.8128726026950668,0.8475269001881304,1.8520820623024599,1.157252158241724,1.4271097910368664,0.21455141215127507,1.1112306463833994,0.6701415259177829,0.4312739526262998,1.0921019300571917,0.4133071561663079,0.1693263551163869,0.08389873897947198,0.31577980265024375,1.2964910829380039,0.11206588991951333,1.2460184825390936,1.1146180699190005,2.673964593409956,0.08242449825630721,1.6028981929841113,0.8209843549831808,0.8797597354529846,1.388259158544732,0.803599205518418,0.43830282415274635,0.10717180683579708,1.0855501464023636,1.1946867588917771,0.6395977452538146,0.741990102192429,0.2599208679876194,2.3938462364172537,0.37602442782433587,0.3120557626643441,1.1041513856351277,1.639925554869744,0.04980972213708492,0.6089182522452059,0.1561962439454726,1.8919090639484533,0.5352350269144978,1.5659120940453146,1.466212798185013,0.6224213744175285,2.292093493825684,0.5415837128399905,1.1446867425451548,0.6435123550559628,2.179325332887866,0.9228950492263055,1.5455641773161546,1.4464682610131905,0.2744781009256798,2.2822361314769686,0.1924101690508379,1.6497655904597974,0.05692979023739886,1.2962386815576936,2.523143492023785,1.41394188521969,1.8677920387531521,0.3509809605101176,1.2577584194117866,0.2469438341292874,0.5771364384210119,0.2956319569881334,0.7099126763198254,0.44499888729849046,1.425608223445372,0.3740031568653013,1.0737133435266424,0.7692423544074305,2.1650263964877494,0.9833372343312209,0.524347462353505,0.8684880037777505,1.979996365546191,0.722554543847676,0.7580454018011451,1.2833035645943327,0.6156948848691741,0.7775837591375672,1.7766439756232293,0.8170209290436755,1.6425342394194384,0.5262529572222405,0.6985666961665841,0.9604216838070085,0.04137001869887946,0.34745211711960244,0.3769048273513806,0.12427069175327321,1.1580645860291963,2.433132748424305,0.7721042209513027,1.0915992492004736,0.8680599828669254,0.3673690536905672,1.4059007676477733,0.7208248594949554,2.629517560083393,3.9887084543166145,1.4361738686785626,0.7163785811337293,0.729451802192736,0.3798842636493678,0.3995607224530511,0.8108913759565717,0.435689860547763,0.7451692942085297,0.38776821229754965,1.2545104679487298,0.4143698854274049,0.440248654408994,0.5308616577527834,0.2649855494658856,0.6118827057479708,0.34399731431478214,1.6168789518161804,0.2975099213635319,0.694073837412916,1.930801557075832,0.6775245274083861,0.2273998568404664,0.5659629085286132,0.2639486787790576,1.8390122013684098,2.6018946584645093,0.5755938626786492,1.596868956182652,1.8303570135359846,0.3933113292902963,2.575625550474839,0.6588274701595422,4.425150121454758,0.9692993405648335,0.3759345034262743,1.4190368782770209,0.568940000190894,1.9334534343423733,0.545098904899489,0.7510104315027888,1.276813616507824,1.6869721033756522,2.1076977285260616,1.84756153654748,1.7518554653487461,1.1632704111120316,1.4881680622131408,3.291362512989739,2.7482641461459694,3.1998267575539248,0.5632452007158807,0.3693911848313624,1.139037602405171,1.3624861266119266,1.670604794113478,0.5547942848994154,2.4069118441166752,3.1290128960335863,1.5328244127278314,1.4759388173959225,0.770533341031254,1.0205496079717449,0.580084888117125,0.846205536548718,0.29939201236706786,0.26686604609852277,0.1152287471565584,2.3217837775355137,1.977277654674808,1.672313314231347,0.8539619540339903,0.35094280672153777,0.3252116707989752,0.5725391960988625,1.1181586784060886,0.9679621595507104,0.34391197510162064,0.5271830457708918,1.159668400562885,2.852641106695331,0.4831384408754882,0.6073395279783338,1.419830387856018,2.0297103798177267,0.14300304032068376,2.4695930044018777,0.8504669468823399,0.010970221676816772,1.0813364290693812,0.9168417309667338,0.4232698417389866,3.2497488906880294,0.7752270917665827,0.49354370037875717,0.30562160100287955,2.5844420133207002,1.00322120532357,0.8030800818505774,0.8522864538864804,1.0945659469665654,1.013694173570444,2.2531603561988462,0.3712679459108289,0.3400770030668263,0.6562986780756177,1.3666207473509078,0.7685152007621828,0.27375434696712864,2.2107441895389273,1.3493268484961571,3.314865520464995,1.4182764503599288,1.195420268517718,0.8900246049666584,1.3526599015372844,0.2932611248376287,0.7212532030455838,0.18488518643881746,1.1492912239152737,0.30425199911643347,1.3029898557456496,0.654272024744224,1.8893830017716144,3.509268065784765,1.335636781698231,0.4624168605411851,0.3939459902169149,1.339019032292251,0.3107274150801205,0.27563000036009033,0.08442714135502494,1.723797818184365,1.1620662766449505,1.4228275945598814,1.0059217337018858,0.7654045037361396,1.449787464495492,0.675605501833906,0.710240003237744,1.2179182834756865,0.34026838685012584,1.3462856999527881,1.2249560012733907,2.711238995086596,1.0295601137633805,1.0157255872749436,3.2617532555286863,0.38226456752128163,1.5459609759818687,0.6737802260837759,0.6969677496623885,0.6652826595214669,0.29664282150467125,0.8042973532855427,0.4404085787880483,0.12350514215280212,0.4442930454145576,0.3700059435832026,1.210061036727212,0.994843431057459,0.9263348893907599,1.6341352020723898,0.5270128267219477,0.5612865240241554,0.596484955354722,0.5083714645649482,1.713978847167379,0.8944377604998425,1.6112529665422053,3.9430934386567102,0.25983803103970415,0.8687980132197604,0.6189024403429046,0.5867520658602166,0.3985744696399487,4.536543492569999,0.39323983646597643,1.1123679328987022,0.3042488369922257,0.770900446631225,1.0311394970550047,0.8232846445825255,0.40041411488229295,0.23294211407632376,0.5718418366596252,1.2031629978765868,0.7420804795422062,1.0004388099010677,0.36060409973389407,3.232788156014356,0.8270701538034123,1.3281032050594281,1.1231967245213348,0.5596122378619078,0.2500078262455715,1.3422914903094874,0.0370092294634497,0.2765105435850366,1.0271406871711801,2.5500033820540606,0.6622304904910643,0.36383339050960034,0.2662389973440898,0.25674664350161736,0.3058847208944109,1.39990937127245,0.47776864913459505,2.82908465176194,0.7122833617994835,0.2623719117737367,1.1162316684924534,2.246193194031102,1.9892462617910263,0.5834656085973768,0.290758322545865,1.5960410419402558,0.6139070809974183,1.647422538733426,0.13234749410012503,0.7189273188128892,1.0985648198590936,0.22285836919883012,0.45553566546875585,0.27084465287649384,0.5567278907495328,0.4404704369303593,2.1272936267714546,1.0629967274221568,2.7017560016389575,1.0411065438733034,0.45886812571868424,1.2495160708800417,0.23385784146105604,0.18402422167174162,0.9235791103354595,0.16268175142733024,0.6227811797471644,0.5115171038603032,0.4940928944114905,0.6179929259474253,0.764149900217951,0.38699680964320804,0.36460076977299616,0.5551917967217301,0.3071404895560763,0.2414805294044542,1.1173112348963592,1.01420585416689,0.14966656312277768,1.5690085668155627,0.40867922999137796,0.769353028594333,0.49592470171179426,0.6210482626949274,0.21575668062260178,1.1084774496993084,0.7671172482130162,0.3662936574180087,1.5988636684797004,1.0267670818607195,1.507100542389856,1.0702027492508848,0.6556701176686585,0.2850175383097526,1.8416015006259274,0.1540574023005601,0.12224356892324212,1.5258387664146744,1.278903497778989,0.5704109199118761,0.5045549171156913,0.37015794636526744,0.6262344175671501,0.5997147024962293,0.585292367937416,0.20928832135891753,1.1914950111795701,1.476581680013912,0.5642356547337664,0.07919458119034448,2.004084486243954,1.1247680563097973,2.5828510142315517,0.7136043376084513,0.43288040388967386,0.41367949693128503,0.4135612763928562,0.7179842055352698,0.2873315700284515,2.326971082054575,0.257774446362035,0.7308583816436158,1.2650066729541423,0.7294375807461443,0.7083589169049067,1.2334083769553432,0.36015882604740546,0.11054171916682565,0.2611884339961975,0.6471325519121123,0.8345933337028446,0.7984740740280036,0.5989901119146448,0.5238330662709887,1.8673498057616165,0.42948282991203696,0.7087955192811528,2.4808732958846864,1.080890064381722,0.4381975904331311,0.7336085017977014,1.0818078947760874,1.1901597055796198,1.7710280693304106,1.9689707538421424,0.13384130079868928,0.48980209408157493,0.6731387997668457,0.3526889321431833,0.8421199314085115,1.3074086311774158,2.1886064929282836,1.2135793416513805,0.14975718585477135,0.8481148666362872,0.9733795913930762,2.588390371902765,0.20207139480446734,1.7205717191668186,0.45155177132207713,0.14031490285614323,0.5306795325958769,1.3348149909898581,1.2296858289245565,2.4514774583668366,1.412986988729432,0.6891190510465891,0.33893820899336224,1.1323445032055222,0.5278155037313096,3.263292296292554,0.11085761456003801,0.17665251160107637,1.0785707948595216,0.6280111520511396,0.923884384833584,0.41643695211102094,0.6397626108949732,0.8707097215258914,1.2388090462392345,0.470686508196227,1.5831893272080342,0.4900357919073665,2.700280949897209,0.1632286931795358,0.3743443842844171,1.4412326825304862,0.45747162751015213,0.44610902774378003,0.4559206270803868,2.883624489858609,1.3530479351457274,0.9994964193608108,2.9123079316052674,1.09435264842879,0.17448183627697067,0.5403636948136248,1.7283734100065842,0.3595612796311903,0.32766037187439323,0.1098093914475286,0.4703768605788022,0.5437180958907217,0.3260264127838004,1.8127963897954245,0.3139253774623185,0.27257417320228733,0.7210358465363074,0.1959500880506133,0.22576084246587305,0.37877155918106126,0.3830062633408872,2.5344288993951753,0.5484440352668971,2.3644818738647175,0.7281209456155778,0.42458665560240616,2.3226718232682613,0.8697268946065428,0.17473188050472332,0.5573081860257766,0.11767196026252147,3.3477077920477254,0.6861409500938216,0.1528719545098985,0.6712838073171259,1.219204789086373,2.34900976206064,2.7401432756803077,0.3629908737034864,0.8195734403082247,0.4202142778402427,2.466878327132314,0.6572358406235781,1.097622279223364,1.7894651746615966,1.4492933016019365,1.2673737959313391,1.1950711347974148,0.36007832315970245,2.3185765286061484,0.3806071985206514,0.7736863988947552,1.5060709198694269,0.8662064474712066,0.18829189455404488,0.5792472218957999,0.5205110635873915,0.11595051265279288,3.43308722262586,1.552172729902181,0.16611774397800194,4.032234342527164,1.3227575093507418,1.0390625565946887,2.3794702494680453,0.5212706506138547,0.49238319511954276,0.6881434810246752,2.1491719260487745,0.42113293196269996,0.2243348180540073,3.6022336099658707,0.9998356234010721,3.2152772054129946,1.312953622159734,1.4548927599703305,0.7934074087286226,1.3037496036214884,0.7105233108005325,1.7576751643303425,0.26591513849510506,2.0256733251138472,0.8396566212769161,0.3983895544883084,4.396637344091096,4.36145512408867,1.5563651403469583,0.9957806382761847,1.4484021926841997,0.11754963540097596,0.49696464645726,1.8710891508464371,3.600706216811674,0.5314225938613764,0.37273082011797454,0.6194566293311614,0.40462184424582825,0.5348361914589719,1.1122795910401575,0.5885674578509488,0.64177525047117,0.4402901511822357,0.3178984019039438,3.3337114212504035,0.6498154060876781,2.171262725230633,3.7706641770528657,0.32798151399384334,0.8359410058149993,1.0358667950020106,0.8660440516453506,1.7810834705264762,1.0886955813702306,0.5344395188297192,0.874765540275706,0.4587055553269138,0.8759734341882845,0.8965387312713866,0.43788447271013153,2.0762635303734234,1.4828622297860192,1.470830723139842,2.686113101478646,1.1117904009038293,0.6191186986738435,0.3855179853717554,0.8727786931117003,0.35260695607002596,0.2902979470507071,0.6432420456149532,0.41691505659103134,0.9043364975141694,0.7237087711613908,0.41838328751467874,1.210655626788572,0.1542109073368888,1.7183669068733274,0.47622506868870607,1.6395593022779003,0.869949342516648,0.2299946233656603,0.7992418458705798,0.8055172995942206,0.4775524479601265,1.3439322583937674,0.44242607475057527,0.5003582951640554,0.7479398605199725,0.28196408553101443,0.25373323206617227,0.6026559898630323,0.5900557468329003,0.11221091169725161,0.23500272378175116,1.0648992150938015,0.24999392278034782,1.4417131117582436,1.0479011009002233,1.3878467821921516,0.2789866310500243,0.3211080593717556,0.316633361131169,0.33507506278422705,0.5855368435501769,2.0125979083357475,2.407978107574525,0.7905555717208318,2.5623441660852597,1.1208649041988703,0.46517066413003005,1.174808425569644,0.44758007342424755,3.053009171753693,0.270401234513877,0.869301347927018,1.2465010290992593,1.2612824665834501,0.20428982630812392,0.2546665874073104,1.6792317151340803,2.5645421518051346,2.573126737555402,0.6858670260911908,0.147007811449738,0.8790716755076878,2.155791491072586,0.4460574852388613,0.25027997775795874,0.6203871133296868,0.15407010906818328,1.208599696255813,0.15103166259934997,0.4779359537891848,0.7563292268152346,1.1450811714252391,0.5244067959969325,0.0995576364811151,2.7097320316249465,0.3377475028893096,1.6925901593186925,0.5375734337370168,1.4083521883801189,0.8102224817412365,0.9427816914950375,0.4391710939222509,1.6833885114711866,2.2929051320317333,0.5979740200927539,0.8081954505614439,1.2526148338998926,1.57462132124068,0.5895407772717149,1.4048854859666595,0.21928335373058613,0.4452392462072794,1.1494813972332576,1.176171916690914,1.7844901066631205,0.9348419461183124,0.6838954496859256,0.2908702909240022,1.1364611618389655,0.6626294258224773,0.6442118045062827,0.2747117108063986,0.34732178540925274,1.443329317352851,1.7087756458434773,1.6132277947512783,0.7582692285150672,3.2431754126430534,0.49362885457195527,1.6758094230635896,0.3432671567545218,0.6518956405744455,0.5423697055695857,1.202062141194317,0.6821701244237107,0.624332193939775,0.7214359100946123,1.1854408725711871,0.4424408215604909,0.4996327545506848,1.0751709483640393,0.7111101871118676,0.6304800473119648,0.13961599207810121,1.5296804989006314,0.5225522122421369,0.3511025374736114,1.1523182229888336,0.648039151252016,0.5110485562393379,1.0340617807908652,1.3389838867203092,1.3349099438950505,0.7009985669169221,0.864704417415544,1.7701681193061698,0.6002641831811444,2.3541663569512266,0.5489941382391746,0.7992172033387166,0.2739462500737035,1.7696476931655425,1.4687192738285253,1.925018448215764,1.1240283747355935,0.20072565297561928,0.8279526135139661,1.0283105518486673,2.4842283539086623,2.2551690777911664,0.6583036819126917,1.107816325524454,0.4601853176371373,0.691301320283974,0.7118554213002557,0.47159158545494273,0.47134533026478825,4.277832667551784,0.39607511918548344,0.9863785604085274,0.3490206112427324,0.14618521717245142,2.9594530417066824,0.26456665888410547,0.9908655583326562,0.3300219252450944,1.2293768644247736,1.3991739791002211,1.8198078656979801,1.4436873598623372,1.6763829812263515,0.6040595591590268,0.04818545973078292,1.9437506832930453,2.4993977134901533,0.8179880640191457,0.14167388713955642,1.178684527427476,3.489518549910943,0.25864438322952554,0.8559954972144176,1.547788318615008,1.4420072983768506,1.1755181270740314,0.6714864735947529,0.996878943928776,0.6881826129589576,2.3534658583674415,0.5517502185713131,2.2182460255083276,0.6100303517272894,1.7408024970230687,1.9819133827460815,0.4289648886094821,3.8067873217056407,0.36444042137390364,5.2252927544186,1.3196799908708987,1.2602037842041165,1.8186620517781642,2.9014333156680605,0.6912636652960652,1.7077232837216962,1.0303905749010518,0.6811351346637445,0.5733957365842578,0.59859889809623,0.4644085143385078,0.8841872568875726,1.7376198324874375,4.031293768735585,1.9434319319257831,0.6910316720359739,0.7252142977403201,1.0274019136221513,0.5929305179506313,1.4731601395019844,2.585481311349767,0.09480549496146573,0.6033179969159855,0.533106487530167,0.8778637091382766,0.7915631292476004,2.0004616448197803,2.096735283466643,0.4730590921247965,0.7623352436077434,1.613387385735825,0.6441985676727014,0.5205125175406784,0.8211680583019952,2.148991268060371,0.5222189538481564,1.4930471592406134,2.286202439863949,0.2792811560952028,0.12581430183673828,0.7427028110235456,0.0918288277592729,0.4603996348326187,0.16195018559964502,2.0411080776965673,2.216138264722208,0.22966917738970072,0.8052453102745203,1.5780552725489798,0.13659150395933217,0.6634078939511638,1.0130002114915564,3.3293784956988084,0.4300109784628112,1.5035665070406647,0.7252793695288795,0.8726752742179341,0.4721789869744342,0.2157201091370352,2.66230700592164,0.3050212434993317,0.2599968938592183,0.5093198278662874,0.8463554274256371,2.333902892725914,0.8754757367625449,2.458972495794808,0.43750268117163005,1.3892331913491944,2.3664473231527197,0.9021331124196641,0.3341871086363692,0.712676676197147,1.375926617212129,0.9328621971346458,1.352211422764966,1.8259036846596783,1.925354547157911,1.7430320306044216,2.2314769441805367,0.48377213404071717,0.8610858758893646,0.4096512414973596,1.5670374349653002,1.9276434573008505,1.7386662550659668,1.8395199601767225,1.4826524322782466,1.5249415656514789,0.1657561585984658,0.5226803596789635,0.43054874525927345,0.1994611720679157,0.6061333352884081,2.0052352920475656,2.403439011729428,0.016516687610664993,1.5923221452288492,0.12481583489136225,1.6100109537608343,0.8556782408457586,0.17015884089706623,0.7952953098251563,0.18383370976466004,2.3785575076600796,0.3185178579734437,1.356229373531058,5.146162926801343,1.3774267069944905,5.149838664305081,0.7406434805802836,0.2194404662555809,0.9497758764752442,0.2292865881047565,1.2177811395276266,0.11333983420903826,0.2258956646936382,0.659905851984045,1.3171330216978028,0.8336579028440716,0.6664610585258676,0.7357355433355881,0.17883158890820328,1.2696753044012277,1.4438201491537361,1.821067283522114,1.1851615326012748,0.2966198734520131,2.321465541492651,0.7452397751725544,0.1753194723969994,2.0831552758245837,1.5411495773167037,1.442003772773619,0.36585075441366804,1.2312427532971912,1.65352277363903,1.6089114036732604,0.7396867622760788,0.5154150404875042,0.9184557286676478,0.5002257541789722,0.5796895778139968,2.198972202431663,0.14598184258285485,1.4221134371660709,1.0035458334106768,0.14779459598486017,0.6845638367320754,0.2810456704448794,0.8355017060482073,1.0343108972257982,0.5526941788968207,0.7552550299926976,1.050259053271746,0.2669176932551968,1.5347430288964672,2.9472850826923667,0.9606724509724075,0.16834818733151158,1.3864611602300925,1.1682240598754265,3.17250200142847,2.353415105048483,0.7613318427617228,0.17176165890195116,0.43184630501021665,0.5701666092652327,2.561361227159339,0.44955594203268484,1.1271609569670085,2.3530454799624225,0.11308860953767547,0.9553151986447745,1.1770102426593552,0.33296632665383497,0.18574878521495852,1.4771597186535645,0.4392680246583061,0.7728741132738197,1.1761844055305102,2.0648803717855158,0.17226244326526458,1.1837107673952336,1.876656306533639,0.4899493033584652,0.5699969506681501,0.6245224789522825,0.8794494654787548,0.38688913249286183,1.0050328115555844,0.8224027487648219,0.41016322631018615,0.5150738656563947,1.6095614475604894,0.10686653926863926,0.1943955931435994,0.42534003677928844,0.6093364261908543,0.4855128675194697,1.4506279827755197,0.3278303551349651,0.18161918450439496,0.2808779201073546,1.050897011247847,0.31221043614358573,0.22828925639480174,0.4448254773036222,1.7399614004691195,0.5193956614798765,1.1383396563667958,1.6809100079785562,0.0913527343951212,0.752005313512145,0.8182283671071239,1.1137892605180109,0.520368090779804,0.32844803880130247,1.6113395531710422,1.4310669937445932,1.355116643676209,0.4478083132555269,1.6905155014064888,0.8179912213622895,1.1667040396104522,0.2599747820090924,1.649862397059755,0.2284923470889777,0.3015267910003663,1.3201969724637614,1.5370139642712108,0.06136785562371809,1.3707593050479074,0.9055461127378683,0.36759330294563414,0.27027912789882236,1.361392784112848,1.1225527196430232,1.061680890417905,1.0631149673536164,0.5646630213824461,0.6795211530015149,0.1672804634084054,0.4150148730912244,0.6352240915879063,1.2275705200940403,0.19943154182387918,0.7016572328292485,0.16390232070645588,1.219995833026453,1.2445707425834993,0.8000345035179528,1.2903252334057855,2.221196834242426,0.8030233769866287,0.9919838014244916,0.5878233182324152,0.23593487999040152,0.17534595063028968,1.1105899719269037,1.2919184616166013,0.3325351162643922,1.1262877190646554,1.2078283025815117,0.41937057506003805,0.6667160703483079,0.9259002252934316,0.6534343963279406,0.5029195683619911,0.1807289879868078,0.21215904252845527,0.2083171128009847,2.512866754416187,0.24514651874958382,2.3145752485019893,0.11041512777937101,0.6944917641982513,0.399362334290272,1.2168624870851867,0.16935671747161318,1.2889924193883966,0.9274797606571913,3.0709858493573354,1.8400900612025666,1.6234112988407459,1.9196010714534453,1.1941351595552663,0.1721960620675739,1.2906878787772673,1.9539849372310019,0.27225434242967794,0.5624415006102573,0.27107315808582344,0.7823476432783706,1.2510385271979447,2.9264777417642907,1.490342545471753,0.9472829656751177,0.37292348848291845,0.9427263333129235,0.4749877910760637,0.4324014962965884,1.8867317711944807,5.350558667604995,0.5824825169154989,0.8224622742331351,1.170390675726863,0.5499261516485607,0.24857050205428022,0.42280880832655976,0.58814434578007,1.0924022842550272,1.7533290457732447,0.5249850457165735,1.1595646291481143,1.9361150923434818,0.8787340490207891,2.3303410775886104,0.32987934293166377,1.385219582700441,1.0863331429556577,0.3719858571189189,1.0926768200309422,4.3923466311362205,0.8554032367552229,0.6035917202269652,0.2768022812216995,0.7654265365105105,0.36974607816363475,1.2245142417858506,0.28536993778280445,0.04460855983363894,1.998232166737929,1.3433102324580453,1.4561866658941978,0.7918521162485755,1.1665999433635563,0.4052654448917109,0.335578392554001,1.1673096569475163,0.4981634709191265,2.038840579915926,0.6384964842855436,0.6635207256305518,2.2179605645878104,1.2888246746463232,0.18098045589918776,0.7080424013938872,0.29971398156789997,0.6648367685806007,1.514139394715016,2.2194214144468707,0.2701558069654944,0.7771085060820316,3.107066724698657,3.6731718036241365,0.8236512556713479,1.1386509836405088,1.3809678682490953,0.9171007688270312,1.471218624893832,0.6405196396579675,1.68124970383496,0.5428130170379687,1.3458634827601021,0.5532011789391043,1.3104741720866657,1.3166855567331386,2.5126588242509333,0.6276810155350395,1.033979314959739,0.868164241953156,0.09659169183736388,1.0012431840973786,0.5594362582874141,1.2262853576171877,0.02802134455099531,4.251103068119014,0.5239836825277147,0.6405322953131135,0.6372815204120641,1.3227310322049424,6.057078741832788,0.725470976413033,1.7800357175152377,1.1897784019848259,0.07599723676305264,0.3674409201548116,0.64880748707244,0.6023114327354065,0.3555597166475763,1.61195411831398,1.2170500634612866,1.1934548547622537,0.4486788232467398,1.4566017669283848,1.2180575312268545,2.7976051736888756,1.2370041778402223,0.33617900848649973,0.7943394876110533,0.7762933147411203,1.8906406853190614,0.8243921576907175,1.1347116295834883,0.2532580186250686,1.4985006482474028,0.7735642622364626,0.34275911119815006,0.4045779104501183,1.7222592895592825,0.3779529171281882,1.884667952156632,0.33508966279879226,0.32541336714137725,1.3432728128624556,0.09793666269874901,0.6143934358888702,1.2619393389554079,1.8482157693073582,1.0709329891693438,0.956005051334258,0.1922231793091409,2.291773069186652,0.5160592229376815,0.9717962986367821,1.3759058462353528,2.1462683236341924,0.7521926863581907,3.3309541353810657,1.7323023589637134,1.0378055055375923,0.41019310151010535,0.33241045334662117,0.7050246887079673,1.564544446136276,1.6287832342834188,0.6648540211101102,0.6198103508577434,1.1352119522040847,1.5153150695567916,0.8673734849860945,1.3090353392996077,0.29505462044696196,1.1440220088279445,2.3096650415465563,2.0939137370787355,0.8403322753707829,0.06614095682507348,0.49446312794151925,0.3541740571539279,0.48742743500648067,0.43019331444776965,0.7177311520326077,0.6348324867201846,0.2595994959486603,1.4456963829910983,0.6933683315021028,1.245261273632482,1.2806541218421756,1.012644584303925,1.299481283646025,3.3808958376405283,0.13345736238034073,0.06179652099156058,0.33582174085798555,1.4029572000506711,0.958907930971348,0.921744591013933,1.425924111447727,1.0032559177386267,0.23335376707555833,0.48916549940615073,0.20579145152524259,1.237188980549915,0.7169754922885427,0.6655286214652409,0.15829272358422364,0.9212602162793806,0.2923188573104689,1.578798844119662,0.5321673972147257,0.40124359498966944,0.18636399710659202,0.1417717662831957,1.8919718934837002,1.80016661087407,0.8431097966323348,0.6409034983279476,1.0188745634489194,0.3473615894140271,1.0593068616935597,0.844697346242658,0.4614792073191658,1.3094041733353992,0.6551425308050014,1.5871622090165194,0.5657842694829739,0.23211125712856262,0.44983872570364614,0.5470684535284542,0.7449785108889333,0.9493701591037779,0.6464944397263903,0.2862277060283154,0.3769157123235728,1.2267442351171856,0.8830203613966146,0.7600754212959844,0.9549210187718602,0.3735113919481692,3.0806508689867833,1.2790495122173957,0.735338319536964,0.1226552491915942,3.5064724966088425,0.3587801210398389,0.5955129799700262,0.49284234678767147,1.0749072950502403,3.5809711443843564,0.734609050965741,1.104779747226816,5.0442903647045085,0.1935266983159381,4.297644274947227,1.7428543125422273,2.5921547588128275,0.9645765911005435,0.6531491135531928,0.9659509987971873,0.4319145449373176,0.975968089409783,0.8233778254071009,0.48483540735841985,1.239701943148725,0.6371676548803082,0.9685532866343828,0.13336311553621566,0.5884382105112134,0.5251554920926688,0.7887177372107522,0.15883966750725714,1.6100718112780008,1.3629314599354834,1.6225436337044112,1.480921765003377,1.460314270671042,0.8542848879593443,1.1134455754296027,0.1356916852344418,1.6867303855452698,1.548643735975708,0.6357431532427689,2.718295180761082,0.9409395669077252,0.29861177209876766,1.2377437527435533,0.26730089402532675,1.0447885313798517,3.467339999398093,0.32260299004727944,2.0119504231298366,0.9943916080911833,1.8553226189117846,1.563522809204056,2.0394643842346403,0.1805399094893857,0.09674881579823152,2.1547201920973094,0.6989311853737694,2.779545702355516,0.15462021974915868,2.4472630294041555,1.7151647812724393,1.1191420976337294,0.6703410196170172,0.5500202567103499,0.7990512028238843,1.4545743138545062,0.4670417028623186,1.8516326853833613,0.9403219917174082,1.755856145925366,0.7292189442011405,1.3149984873481033,0.6001643658763707,0.9671599696927906,0.9591056722424783,1.1291203018606768,2.5798828312431747,0.8756167400509411,1.3327290861661483,0.7487331735776186,1.6792948178535554,0.8384769672323005,1.0295718601230965,0.551598010176994,1.5405980838588271,1.5622768751755496,1.8557626253868817,0.8247535550353655,0.9018657078811938,1.8023059426679287,0.2817777795257892,0.8639411455642331,0.464387539824292,0.9563842800976685,0.9789490976629049,0.16940219293384473,0.9568027566087488,0.9303685909735142,0.2473919912253647,1.5784672545507927,0.6698213507314428,0.6835647787139267,0.8963229969280004,0.6792055030153175,1.2896431050046397,1.0966854497213372,0.9452195881833764,3.152929239784362,0.9934420005719066,0.5125022965252494,0.30581710656222827,1.9680202009911791,3.5127678677998873,1.144270897633207,0.881561811067541,0.5916579276649667,0.4622123308335075,1.084048057689181,0.9541999648633366,0.4372109164185337,1.1906535292760339,0.9165221766224825,0.7625306265429386,0.35813903286988,0.6625442313761919,0.6782492092199328,1.2547328095241923,1.8440893897114365,0.36390624950027406,0.6709516820115753,0.5478165524344307,4.627893432603825,0.9911563467634601,3.775063223898775,0.43225463822271887,1.1703219099744415,1.3014987908757827,0.4828609711694357,0.4242039502705586,1.794613265116661,0.5890624659776036,0.11642566827231815,1.3392156129050827,0.06796314371950113,0.27549897336828305,1.536364466321358,0.7203722444275424,0.14237501632213995,0.7788133143910609,0.630761044617288,0.13627664854690846,0.21410732013153755,0.7126746960529481,0.135394147309575,1.840336592121872,3.396184284135911,0.9234776758875766,0.4543442725507627,1.0612661618123915,0.40944495468405084,0.842532790924881,2.9058653940310917,0.4989231993370428,2.4515315620780758,1.535729059253246,0.39178704303504225,0.24575221904262756,0.2233499269290775,0.49541246294925145,2.1846101970038605,1.2080481444596949,0.31945272351498466,1.0068311453402028,1.761390442065585,0.4913746584625085,0.36961090669735286,0.5463991906951955,0.4115496110375741,0.5522572183048872,0.6099463408714053,0.4119297716872117,0.5942571180080355,0.776672133677209,0.18010950588103383,3.080466257042541,3.8551578083351314,0.33114454182026737,1.4366334204539357,0.8470967586283885,0.7936435985120471,0.767733490812348,1.176845918251103,2.8866351895224214,1.868744142169783,0.34039598021888456,1.507062295624573,2.4004909431075014,1.5639449770550757,0.3604132532970098,0.9859522923614954,2.49437235956331,1.0596135317959143,0.28571128505033905,2.145158512060931,0.9663535443884592,0.741055340730779,1.8916160473905816,0.7754515395053332,1.0762205751988514,0.640832820987938,1.779828814698585,0.782252905516204,1.8365092944778254,0.8746388868611141,0.47340257366185035,0.3875478293812662,1.7127838234048844,0.5620024396401487,1.2407318708854236,1.8323386673415556,0.38553569801854315,0.48343944524451665,0.5691520560041221,0.8977566012562498,0.24375103253640815,0.47116623979083416,0.18582548457228198,0.3991629662418311,1.1862627784813766,0.3777812474092386,0.6990176704717198,0.5724894367778762,0.6910130096679521,1.525951199615849,0.3720693112806339,0.5597477025982295,0.4453302950430867,0.15678851544650865,0.5133983634210431,0.247596044660366,5.7358811038278,1.0464222376698775,0.616773139313133,2.36087258755702,2.608512770643333,0.06999723282785253,0.4317952839083584,0.613961762685928,0.36522445387300034,0.8637578814491367,2.4655452815298964,0.313847066765489,0.8109184896854893,0.689465622000115,2.4488759919313994,1.3747828465876648,0.8369901811921028,1.400985828071502,0.9917978111658778,1.2316561427887738,0.2774685125916344,1.048347150002863,2.043557286431776,1.59670160412009,0.7702126466864698,0.91878194640163,0.5444194676789628,0.36466974465776925,0.6665587374991448,1.0376456803977383,0.26391633011109183,5.488127799331976,0.4694403471065565,1.0209146854742646,0.2676739784265555,0.39617904382114477,0.5394142571047067,0.25879433470063784,1.6045157197338022,0.3225845643695377,2.692065873665659,1.1844312768210212,0.6315417659028805,0.30310840073898554,0.8800160517869579,1.5248526132978206,0.9166748748707683,3.6489560927001676,2.0960295951742243,0.2978019930079674,0.13680202194579022,1.7820161072657197,0.15292425098232318,0.2851787007373323,1.8660144079159249,0.6892255907985744,0.228492356571583,1.4062520167103814,0.23895085837295083,1.30756690054339,2.4181836183840706,1.9780011531785475,0.7916662694217371,0.7663295490796778,1.2688551929903,0.5341662752028526,0.42953750021760284,1.7557902788867972,0.5154992281514236,0.6407055373939079,0.29816977794756616,0.6782806220473155,1.1548280476275992,1.1671001953604514,0.9232787953847964,0.8048868292071402,0.8011392428321009,0.5936084163395695,3.3205999341758448,0.407461393104799,1.8158239550382258,0.8588588625275069,0.16683008429054208,0.8230166145963091,0.62239143445074,1.1113364327656297,1.9101486531037386,0.932193069308348,0.9320532805722842,2.0216714841056533,1.1367948987730863,0.5948088908475552,0.2638121298031692,1.8399869704191807,1.2014418972335155,1.1770030402055667,1.6013981705889682,0.4338057765471539,0.74645205608133,0.20412910195659506,0.32371838421193055,0.044035247402338606,0.7184585710590771,3.7704751354177155,1.942307535415786,0.5463079323312244,0.6897595809573744,0.5651686321443418,0.3459218704955417,0.3318712757189978,1.3715607604176194,1.4190459064187888,2.000409648174928,1.8462669324064953,0.6518091710684076,1.9929823895232828,0.7728200513959599,0.7230228800926214,1.6745386859054745,1.4881790541570652,1.8688490659028134,0.5849848680010303,2.4814729780894518,1.274814002387791,2.2808847647902435,0.9428978472658489,1.700932411577886,0.8371169214924231,1.617166980883752,3.1165701972129956,0.8272348671645043,0.5454118988964454,1.0951969056354176,0.9248699757079686,0.7593529986306425,0.7850737142079189,1.892526501852866,0.5494163117666222,0.18827327341032163,0.9942450262321052,0.4017972047491446,1.4765469720547326,4.2271237579108325,0.3107901502979784,0.5207983390322981,2.832341631999401,2.4467695240341296,0.47900115739005633,0.9483301094576015,0.7875895186979713,3.6081900365112487,0.4854518350207636,1.272918735958554,0.6264796020839251,2.6989473066289182,1.2983452382153673,0.7794541668249275,0.769076697648806,0.7438093625128483,0.17879333897331995,0.4979845090166568,0.4428074745334508,0.538310872892859,0.8024887033489317,0.09787595136424687,0.8207947102293144,0.13715207086973236,2.2708733090266526,0.3078209846810134,0.889040206445855,1.3251131201579178,0.5229498495728054,0.6986033533443204,2.078214294461683,3.4852200336168027,1.1799832729915987,0.04179653711878986,0.28194363889352697,0.9421780181344597,2.028783837079251,0.6333036027415436,2.7898835695448687,0.7992648747559344,0.4830086468315855,1.6929150069898968,0.7568845796397488,1.003809523368715,0.450260660954399,0.7543354575103434,1.330992918846807,0.33785551852134416,0.15387785260832665,0.6358641509582372,1.0607554134857509,0.6651219870031593,2.484833427108078,0.44152275944954467,1.5335682708345812,0.5188251042521472,0.38783552480715733,0.7904756973226149,2.7633477855892665,0.5585225516084827,0.6015159377156555,0.8601355416903353,0.5564030501895157,0.8084895876591447,0.5198991566647186,0.48851577145134856,0.10012751712320367,0.3236385158228714,2.601347681939333,1.4530251350285157,1.2261737173794347,0.27454613264160177,1.5635098267692273,0.41095395665477313,0.3262347472134032,0.6643117428420228,0.604124596141739,2.7731293095692306,0.9498709645494778,2.6156471998162156,0.295258401441192,1.5009310006936267,2.593968011569055,0.43062412035105935,1.5883081438829738,0.41248352657227016,0.7470991723916622,1.6704666318436092,0.4918457639507374,1.6910613936829313,1.7972757598221651,1.8089343944822516,1.5594199639241775,0.42955550968235146,0.1041178981601587,1.414715953957879,1.1104089406840083,1.6811856537936647,0.6729209726635601,0.9149212446082123,0.39779149041147777,1.0581321068626595,0.2767064194432501,0.2987598110072641,0.8345492977302147,0.543909431841044,0.6272453116530785,0.6436915079486955,0.2871372401930231,0.2840234118754361,2.5062456071716586,2.793947980939182,0.8527006238421138,0.2952417713783221,2.3259770238881234,0.8756209071821333,0.43578567013361347,0.33327325439331035,1.8934963674452117,2.72732086176034,0.3110180030471089,0.5688475775567245,1.2400141761855346,1.4114296861351865,0.708884707137942,0.8262064505725388,0.97230018784122,2.166258882840488,1.2000762483463678,2.8331581712415446,0.7988933449540119,0.5326660138248199,0.9789200967256433,0.7273508568374929,0.15597340812607374,0.3634724285323071,0.44439542585789327,0.24343256087524212,2.2052125660963044,1.94037832286832,0.8693813587556556,0.4610976772676715,0.30596447313747555,1.3038679031397244,1.270916105385211,0.3795850308033821,0.5456632611705043,1.1717476366159347,0.8523695293324236,0.9825547307643565,1.461501196481036,0.8651187689214623,0.10113351374567073,0.3450574185227734,0.5783742929177922,1.786844124774345,0.20514667756552338,1.425258415912181,0.13661377886849896,1.1347453671994159,1.2317578032770755,0.2504626127120848,1.5615883662484764,2.286071636110143,0.60986160695276,0.5737086687615135,0.7575902145879455,0.5172827624221261,0.31134211617774316,0.7024649723482209,0.4250562341768368,0.788463113414853,2.187851129168177,1.657090567655957,1.3243192466244897,0.9254228740719579,0.7209982159699035,0.8776257437651662,1.124247160578995,1.2261903967963237,0.9001960072670185,4.229644414284254,0.6552360765803046,0.9186669620416372,1.4710391842014698,0.11144781486145716,0.34677169231317406,0.232364417355148,1.5199540194506105,0.4417554402816808,0.2606392270461163,2.4485461565268105,0.3100879851850957,0.13509021145610972,0.9563188883789181,0.3458347385076179,1.714037731902927,1.0638402182533455,0.5801294540820355,0.2739327886636579,0.9179671491286613,0.3626950147729592,1.7311279744964678,4.466336092022668,0.5821932213613489,1.7456582820142827,1.984655287969427,0.18542820362305462,0.15759691767375938,0.4513167349538355,1.4850680943379437,0.9331811858083642,2.2435221042075697,0.18969803435165433,0.8684204889342201,1.7846016045010886,0.5242212681715552,4.069041576282992,0.2531269959544839,0.7566961035235436,1.0164253055485852,0.38254054951424,0.449801821240028,1.2195154238866006,1.1923721383506076,0.8812300109581546,0.681755687692627,0.14780073213125822,0.7259175239390732,0.8978170627873385,1.307831025639963,0.21129030106444202,1.0814344624280243,0.6757339384325727,0.43815061066706573,0.49179729077133677,0.6070998406062698,1.792703000724064,1.5531565128623297,1.8665067993778526,1.017703612002236,0.7636028384953066,1.1578786489023813,0.22945304760105717,0.17233270801688333,0.3058702461275229,1.2253136186372076,0.4623613366046503,0.32925161189946106,0.23497928182198186,1.624942253474058,1.390332691695809,0.37293165259886896,0.5678650043937598,0.42543169407137915,2.223789498004598,1.4631954955217366,0.7472611466612156,1.0097587486790127,0.9870187368701329,0.391807745654929,0.6547030891424329,0.966964997343406,0.19864437568747934,0.8575468989550127,0.9478997359921877,0.7114152809112781,0.2834529512915809,1.7905805788344296,0.15829454694386802,1.2073299799637915,0.3078284014341288,1.3441823848114178,0.7640228550655046,0.7800785091018999,2.0269224859894743,0.3708326295574057,0.21111712391140547,2.2612099129897616,0.9628489292570374,2.0137631205186106,1.6130239007411484,1.699863266023462,0.284522701554193,0.9780306941150764,0.7988987941947463,0.5755930815008989,0.32353940304626605,1.0667720012882782,1.4016223350778625,2.470898976299164,1.0863979567867013,1.3891095944383534,0.7448444957217927,2.7687030465355242,0.2526498384357455,0.9391415514274466,0.05866565527071532,0.9002447425022011,1.4543242555372253,0.37531661090565693,0.35213576323412554,2.902037662720119,0.3791825817019391,0.5693941759328337,1.3084058376076428,0.33349368157465853,0.22267332617876628,0.9649467048753814,0.8605114257089495,0.673121945606049,0.19001513038411966,0.3671424928648623,0.9474075959687785,2.4826203310979555,0.9385444661665678,0.579265169172964,0.5201880656612393,1.2898794021858806,0.8474629336493855,0.8313743824134538,0.4502324180307818,1.288425174386598,0.20418228890614448,0.12317532661319114,1.5999333852508861,0.9779961851938949,0.6116067755476827,0.08420013171185997,0.7730810179966648,0.0938000386692859,2.1685849117617675,0.8256034863222178,1.5716800680124712,1.0841673218214258,2.202403898326312,0.3119416950100743,1.040855590210128,1.017583423991841,0.9966973681637932,1.0653241108119322,1.9532561582218435,0.719354210380617,0.30700872137387253,1.571118040642197,0.7693737221168566,1.1245153541346413,0.5807081337107168,0.6408902915087394,0.20440943271407247,0.2559153835957074,0.6492348143749661,1.4865787260380263,3.9516933849221303,0.4901055136240523,0.21474363150976028,1.5100265944825395,1.5087827462361811,0.2979340126689125,0.9512152971631309,2.392286517253107,0.871857582530943,0.3767325706689363,1.675472491161904,0.4232335188107179,1.7001291693341565,1.211137181549369,0.7456938278347223,2.5760493195388254,1.3977076694569692,0.6172234087774517,0.39588462651703,0.7649152279034372,0.818840646467529,0.6264939920385715,0.38491471080211503,0.7104247931116044,0.526828035237239,1.494980828948572,0.27304650999378377,0.20035071470156007,3.2217567450301763,1.00484837958671,0.3672841497710557,1.6368224841317796,2.268493386498429,1.159932944834643,2.063091953328125,1.7405073946764495,1.9872859871394415,0.7224484202273576,0.28096913325504025,0.3007978564983738,0.3281449900698348,2.701217468708424,0.8946032846734615,0.5533547580267878,0.8970919651570585,1.1487318250460332,1.2157602284301852,0.8781761724889078,2.541172940728219,2.9329181012564276,0.8321730645788367,0.3370044296652079,0.5360077625509727,0.9071057310973726,0.4215814798071517,0.33660128386509713,0.6175307570929977,1.3374965177890132,1.139308663408055,0.1711814533626701,0.5723316901362441,1.8130530395560855,1.2244680346822059,1.1797570582214352,2.5346110825349566,0.8096961793914557,0.8277069079092901,0.8854954074461718,0.49076628859094745,0.6157367024316425,0.7754685224083104,0.8443493942830947,1.1196208009179194,0.15470581324606503,1.3220638972655836,0.36994906187535204,1.2281378682440653,0.5185343329431671,0.7609704179791318,2.2402565566580215,1.094865426162722,1.9500561462469423,1.2450420499207986,1.2137537488991286,0.41524782259721166,0.5780355787040434,2.9978612552123627,0.611625095499448,3.1280531551063837,0.9351199830529091,3.459620029048945,0.32558292241023146,0.6084893093352173,0.7540812945785121,1.7465396235251727,0.8527186385335594,0.8056805082419448,0.6098663829586405,1.440807395570387,1.0066889566218307,1.200431849362534,0.4494905045602267,4.1436314627430955,1.3173208413514141,1.0515858190083327,0.23475605771486158,1.134400795101176,0.46427920621810786,0.8494231336671583,1.6713952004020483,0.7999686820913559,0.98537037470506,0.8817795353912968,0.4815400620019291,0.23959077628569825,1.3217791031931736,0.7552310256040404,0.27521213508366416,0.6614890136954429,0.5204448590072546,0.6080269001641488,1.2948119584493702,0.794433838463199,0.3331398747866383,0.3891890987394958,1.0585823781376136,0.21264249053810436,0.7466809390834027,3.327422164584127,0.1506617972103398,0.14735341656702672,0.9948134796310404,1.9026250524102202,0.05711100583476858,0.17267377884614782,0.4428881151300379,0.7087680575429318,0.49204265784014894,0.585714453443921,1.607355308204582,0.32886126185316455,0.21616168966172536,1.6069850651769286,0.5496553689868733,0.7953815650245077,0.2883470179461742,0.6267222071658798,0.5394529845316632,0.30599646322268675,4.89060271253122,0.3776329955710518,1.7193892984915418,0.08913790643951147,1.3121006673500495,0.13330592360807922,3.032742163760682,0.3216688097035135,0.6752564275393096,0.7585563325213792,0.91542504211494,0.266952764413131,1.182814714693343,0.6242229219586783,1.5147080395586683,0.34421601425367315,2.048452499286342,0.3974663890051352,1.1610031460912142,0.4189066148441529,6.425224675479236,0.6203767659187085,2.4259539479710313,0.6836452242542805,1.2753858412554473,0.4508484907701966,0.21474620233113217,0.2261953075580927,1.8261018907063251,0.6069573523929632,0.1841320698136858,1.3858144567054946,0.5305505556905654,0.9611889936863282,1.4858649242419935,0.4772137537853258,1.9834734876012379,2.2206283661092256,0.3873947560148842,1.546877979033714,2.152026172079809,1.225655751985323,2.188647427583745,0.06447096815885828,0.6557802286235028,1.049276746407088,0.4046207490381296,0.44801196358708484,2.1775047101134573,1.2639923944922473,1.4503459299846848,2.0260505295365503,1.3570344895793156,0.4359306700188029,0.515653423050785,2.52949569718532,1.5766421045267822,1.7539854077627048,1.741442536082545,0.7553585618375831,1.070117734942888,0.1324074725267466,0.16731093682339349,0.7969519496772757,0.24639454106266745,0.32160837104576945,0.530997119787798,0.7239740589270431,0.37777053348490386,1.5713310190949377,0.8243806034674432,0.17870625256133482,0.5329818712469384,1.0703405344168522,0.40053308076382377,0.7196074918640775,0.19611807516815838,0.18814564001491313,0.5848252966405985,2.030339973065934,0.7860829788904251,0.8185375617603801,0.7529458370568807,0.41533634677661707,1.0096321438829083,1.5040242808898643,0.5590835246263158,0.8188493022318315,0.6103366172347328,0.3709291320887721,1.3483565731238663,0.837918070047015,2.2663240581742414,2.0469583819179973,0.8799646746979728,0.7177363738481224,1.3854679647901769,0.9274063754733387,0.27928712552437895,1.3044441332017023,0.7570448426399677,1.097324156714365,0.13811367683757936,0.175959607203251,0.22664353344777396,0.8896543394248301,0.7689444152367372,0.8360950172092703,1.0874571054192768,0.8586240426794904,0.5526009975688098,1.0095202454631222,1.1147361511566911,1.471116915008843,0.8127833476182469,0.6158614372439926,0.24958773803131906,1.1129081542839812,0.2553033719076905,3.466776852757376,1.9157158455449876,1.4310833752376495,1.2406017034290744,1.5237158737521903,0.5629372155329921,0.5177861454591913,3.568591054137034,3.4591909906081497,0.2737840252846786,2.2730017840946886,0.39401078712087767,1.4936772310541035,0.9042698193840197,0.8079523523207102,0.6379585409549351,0.7753962075929517,4.044980113699146,0.8363215728346569,0.2389969286195078,0.07305519682057621,0.7829777041076678,0.046079092687927314,3.900329278976591,1.408867157324086,0.9829686758141642,3.9278270622382547,0.7709536550315139,0.29408609437013744,1.4993469697854342,0.8910745895450253,0.21582652169969138,0.28831530107267955,0.37959027640739984,0.23558053198381307,0.3319363242625851,1.2778580971398734,0.9746034843295233,0.7769689569373931,1.6974538395613643,0.7737851125251991,0.8928610392663408,0.5981620611428843,0.730856504942088,0.19567438306070972,1.49971507074677,1.5287503041765123,0.5839641676618903,0.08679579338183074,0.5679859824589198,1.5709308982313692,0.5770115198842642,2.829529622477974,0.8267098119540988,0.4674628498144061,0.18862041622978865,1.1614209835966862,1.189912195183708,1.3216988197132238,0.8438555361490759,0.24739643134359113,0.6798895607877797,1.9259530308055883,0.28320047737433907,1.2659967318058405,0.6919700918134973,0.8123581847647223,0.111135974418199,1.2967673446839965,0.23651936298889348,0.1619744268360115,0.026235987007082906,0.5197683170604044,0.9563163562440432,0.14382153622267335,0.9167016102917518,0.21309037835318762,0.7902579267171873,0.3134143676078442,1.1352635232621737,2.410453113727318,1.8344515637805707,0.23709776119807555,0.5064435936176013,0.2989662539901716,0.15747236898804745,0.7807124719524959,0.2680179584361975,0.31334615705157776,0.10735260573706201,2.631434536147964,1.0261820481804547,0.6447603666639189,0.16339823327982028,2.232198000526011,1.2982294801279404,0.6536823094116693,0.6983636760929117,0.5417340056572559,1.0364581807832176,0.572676010342452,0.475756384737543,1.4069285457333718,1.3346387598125347,0.25081102650567455,0.348757319391049,0.826730984785458,1.2213645410223826,1.1445086299694187,1.1011057113073488,0.7835355762119636,1.2787396369264865,0.2598119359402484,0.5424705549234834,0.7946457716489502,1.752835739992855,1.3964197096667885,2.738688955610985,3.080362062143342,1.4099801639004357,1.2889476094122025,1.2886212006236615,2.088184630490754,3.62133009436664,2.1437538286572684,1.0363913804926503,2.313184898346481,0.7671108132806433,0.43036716544498904,1.6762705175510637,0.7446970557480401,1.1560882502120307,1.1549167855346782,1.063736161067662,0.49339661425492803,0.9323522949227743,0.3562386198053364,0.8116877237453765,0.09737217597850822,1.1011994501132396,0.2780880075497992,0.8754044319130505,1.1849888365243264,0.8250367446893391,0.2116012355487642,0.562538130197425,1.3662493818345895,0.4022438037234931,1.5786314053395485,1.0998948612669313,0.1664926846873103,0.875020119175812,0.5759381590672696,1.1191732264354963,2.500367390666874,0.2512878635364433,0.7577972845697181,2.2431068847888254,0.08080724200841338,1.627887330454093,5.163656776678134,0.9983934854913988,3.383711822801036,1.4048164466177906,1.731786399617286,0.10662948958294638,0.4990232486597548,0.4719777275353524,0.8012953706840948,0.7262203188213141,0.3731794270341888,0.2025028415935619,2.0968146543649695,0.1319024436314551,1.8822278275379152,0.24219829558473527,0.8860880673505807,0.7092086025670493,0.12725772202401975,0.7785725260642082,0.4141449324386006,1.7412164206611755,0.4623672768916719,1.7875168137187547,0.8266712542377556,2.185993501816705,0.2968517542104255,0.8007596086965485,0.9148158434832134,0.419546457718893,0.31600718814781337,1.1616251306598833,0.607397747540498,0.7525550131147031,0.8130622997662189,3.2226788871333887,0.3051294304982002,0.2857947823479757,0.18566779044976853,1.050789894098755,0.4600515109335366,0.647907745905532,0.4090282527052604,0.9771545828077652,1.1756969207966699,0.11183856615340104,3.052991135272172,0.5735703237000744,0.886493588087353,0.9948994620284208,0.52810095659843,2.7973118286446677,1.262196028351389,1.8557826328850495,0.37710390882428624,0.4975808338475037,0.6150472011432253,1.327204029446138,0.8830041019885341,0.45252606679990004,1.8294554115240131,1.2401471721245692,0.2458267619852203,1.8825770348549313,0.2577656833711326,0.7621689925001367,1.3899054989199122,0.5199542217085213,0.23033799493402624,1.7008436850254873,0.5430611547578019,0.3818934234203063,0.13178008070455463,2.925870354352533,1.022447533090714,1.5630067471593216,0.9605477430431041,0.923157241318423,0.38447149391012037,0.642905210256157,0.14634482732026877,0.7663547226983676,1.1523306395451547,0.7646669673595269,2.371991238588574,0.3937174505054022,0.4130714343408265,0.8865585919728189,0.3263171099773277,0.4145846176384178,1.0902755543299751,0.9417327833344384,0.3246695407351152,1.2517541986141938,1.1076512325165417,0.3535828378586509,2.400148438823787,0.221147732435267,0.37984738881858293,0.08926036094071364,0.16897680638654988,0.5786776904038395,0.20905510442526332,1.4857543113599834,3.6179975641518887,0.6246784876088837,0.28792868725198295,1.210982308425223,2.225982930351171,0.26015369225668067,1.179885609648742,0.37269402015432673,0.7593586075692591,1.1827782052057618,1.0647300024699504,0.512154883853575,0.6042438922594869,0.4023231621396124,0.6774384291944092,1.8326366054368406,0.5233537801804733,0.5611970926841803,1.113268471452088,0.1604791770320887,2.3059404322354147,0.8043865831520365,1.19539196179203,1.0944481294272181,0.5020830414018511,1.9251573222177434,3.5147780805934112,1.0543435686402391,0.19569364936333977,0.9164286213345901,2.39750746775986,2.0377629654475093,0.2781754668313595,1.541340644428291,0.05783745146366295,1.6068810803876892,0.8346708443142821,0.7039471348795054,0.28151761873253656,0.5332695632308355,0.7697706043241992,0.2854984337758497,1.9291531865425773,0.19899639130500257,1.8084554188555395,0.8392641328066951,0.7909274950653593,1.4064355391221808,0.2866952485033759,0.6925426703364236,0.3937253950986686,2.699479069087044,0.6837004078065398,0.6696210422688325,1.6010496769682148,1.5869282692486624,2.587365564307407,0.2949044631289136,1.0803097211456294,0.8358387799314926,0.7513849854055631,0.6192175143747243,0.8264746800645076,0.24813520797062494,1.0654849692431987,0.12333704971123949,2.499771607958294,0.8517193818856238,0.7326203849329436,0.28306711898347087,0.8867296608791371,0.9947223146487054,0.29247677314791176,0.6203023165339061,0.21856024099882349,1.031546391004969,0.843465094613687,1.2596760836745213,0.7078479826063637,1.000819296381942,0.5211445378226788,1.3887477674786595,0.2153035021888815,0.5970545594809347,1.196596010695624,0.8575545466043243,0.7712102920068762,0.6024340061571166,0.2815114973085361,0.5384724439803488,0.6542769956695393,0.45456235557474917,0.0897913133708948,1.16647911178324,0.35028347965139506,0.5893542352919374,0.7883738769976179,0.6899945824875121,0.8098060001827465,1.4084606494238985,0.8324400814338981,1.2410414609402094,1.3967518357235955,2.233014469164687,0.4469420618188476,1.010406725868592,0.5609710938831507,0.33984656794495594,1.2456348285660037,1.0419844976806911,0.561213521039713,1.412313376587882,0.48742956960446315,1.2434057148715798,0.7891192150617817,0.679022061515727,0.5033231265694509,3.7438476280011392,2.0042010366748815,2.2470264669473474,1.2605102784576414,0.5119109037218011,0.2317191620519708,1.286438666309457,1.8295435809538296,0.6808380463411969,0.7266468757117782,1.2440432276031057,2.5043381079543527,0.5165945447300011,0.9127473335075095,0.18551419017665793,0.5941731464318879,0.7967015623347473,1.7070472799487804,4.053701737844739,0.7338630753278208,0.5354873163149129,0.14918660847020107,0.9174315504470176,0.03288383429691155,0.9163018144892403,0.5774372723224436,0.1550125083553756,1.6971106468844954,0.2985899760545564,0.9470940128753733,1.7065349099116158,2.2330336521419003,0.48683224955020044,1.731102725765748,0.8119839163089191,0.8236530352406718,0.10133895235646484,1.517236645126561,0.7120981443494188,0.8237552096664373,0.9382817237406875,0.4238214152382358,1.1170894079185731,1.2259287934047598,0.21050841645917995,3.166340419637164,3.4164737181685316,0.4184005017704754,1.694309233174617,1.879553336926301,1.4201270698292052,0.5135220458618498,0.5814773686088048,1.051192919697307,1.9119385349663935,1.1137923902824596,0.7328795832152772,1.1551103446015172,0.4671081006070079,0.4777260018003304,0.10974499060083764,0.8006568330444419,0.11653202936170948,0.9871038777935568,3.1783854650229015,0.13169527919607965,0.19799774699281236,0.6908878643845404,2.4888439494310513,2.5609509826176176,3.4049852275018506,0.3697711401424366,0.26398864864505195,1.000951421095719,0.450478498164345,2.3230677910067117,0.4718989794759828,0.7715733618446305,2.232546830432468,1.0635327170882807,0.20206119066771833,0.7351533873888789,4.524883850290535,0.5675666954765174,0.6414848252349932,2.6425834055780344,2.5677610065226277,0.44915714299350695,1.0751184024678093,2.374068974468562,1.4614864315223615,1.492903077230086,0.5341145463536539,0.8768003154255708,0.5643890728258683,0.13803709073383508,1.450294985123953,0.47050038255969545,0.5939283826170337,0.6070564753144418,0.543805130451772,0.1725865706878767,1.7914903106940527,1.288498899671172,1.360875309867778,0.3605391451106429,0.13555138662538985,1.3339927895762806,0.6022963593288635,1.048351216799693,2.7038723167669856,2.7459141104244305,0.7504385575843673,1.3835629731738432,2.9065058986069054,2.0835048557060025,1.6648211364847594,1.3080980132097209,1.8952414231394528,0.8953488953194098,0.9810676416893477,0.9660113212561106,1.0958436034425745,2.4234089099908322,0.9987957509493145,0.45146703196995736,0.958705557981053,1.6014268480210956,0.6252048774501011,1.2510963273042406,0.5902193383516602,0.7488660550792658,0.5657198912071528,0.5864164369998949,0.2770572069479286,0.5431264076178456,2.0217415856546452,1.260539622524844,0.2021016410609661,2.81005612209643,0.4428477743009331,1.6851843158584154,0.4451596557990466,2.1537300704342632,1.3325228742907973,2.695485947739115,0.14759101269874975,0.3205930918035984,1.1722679288443865,0.41088119362738373,0.7090389817521185,0.2626908960042056,0.2628977921703304,0.5271718324888418,1.0195611408024867,0.8411964359671237,0.6054102296807986,1.2566424395747524,0.48170981046307787,0.9689693528424131,0.36447289902148394,2.071115875109553,1.5278113732710452,1.531682755339529,3.043688172642308,0.5893439495485482,2.078269582631845,0.48951232826262153,1.1347293120939046,0.09611770520992635,0.38505956063014657,0.9968168160305583,1.023148111833768,1.8786589348106983,1.0345492525651947,2.8255961385218673,1.0780676428047582,0.41513265777639075,1.6354019133397517,1.0861423366967948,1.1409292789689236,0.07545425292346941,0.2844281187592697,0.31899714001361684,1.1271349823362204,1.5697923170041919,1.4804104952738397,0.13641672059427812,0.5488759956728477,0.5348978253648593,0.5156133596290989,0.5211366768029622,0.9495566746780257,1.1866517011820297,0.41584769901824087,0.8853376199824786,0.6443462650161635,0.4975873970216486,1.145097819821903,0.6300286310219823,0.20148210390404858,0.3764523758485641,5.263921418634725,2.4391681249085737,0.3496137750148032,2.486454126998389,1.3053010757944816,2.5026631428102006,0.4200660755586054,0.17998430188725922,0.5519279615164205,0.1822129438782147,0.41212905953452267,0.874793085980264,0.21995625257483453,0.3103123396379044,0.848251240065423,0.10048934490570449,2.0015106056158194,0.32449644224113794,1.899331728787361,3.6120789230266643,0.1488264937032514,0.7965675169402261,0.7777785246571263,0.6322848888627173,0.8069950532193293,3.334084982302353,1.207818642199791,0.6778029449022898,0.9500276329386176,0.27834783290729304,0.21991652755090457,1.9327250821453874,0.9418172179826552,0.5063993793624839,2.192170874798793,0.9661116709447697,0.7461770895884803,0.30024924104431294,1.7860859757846037,1.4751196018128416,1.074340233161802,0.7288267998843169,0.5560189209753124,0.14970258028464473,1.2349271055688966,1.4234373770274975,1.5631334114831463,1.1844296292091545,0.22514290262749703,0.2820516423193384,1.3860606093922825,1.110884459701818,0.5779677023882774,0.3831363602232708,2.297725084172699,0.388293119646666,0.4038816008313957,0.06674357958950819,0.2505545050295718,1.9077756786187658,0.31210351625731686,0.42067052326794063,2.6610232915461554,0.47265527561270365,0.06581177520298676,1.3985070179299304,2.784429142501995,1.35150024916213,2.065171132747942,0.5189097011435256,0.3337696417956453,1.6712706653402236,1.0933517152405217,0.23866688570547695,5.581541751916689,0.8538406083386889,1.1184236488738786,0.32038654838796243,1.465668594881359,1.0744262094619088,0.6083325761931117,2.1677744131145738,3.3025888644924515,0.575377234399904,0.583065923836853,0.2584895818307831,1.1439026330798432,0.4226663080841183,1.308356622137225,2.3873828066759972,2.3032070725537714,0.5771807920090989,2.23192992513694,1.8560329774854505,1.3658211421315474,0.641221518982906,1.3510933178849187,0.3555222407191228,0.904431824823205,1.1872692915926124,2.2020982700877463,2.561148561584322,1.4586592889176992,0.9992101757466167,0.4412381373126977,0.6132557599848125,1.5717451262027222,0.48902855165401016,0.49209487344956254,0.9688060183280848,2.9471195379534207,1.7767821237173185,1.5291110283396652,1.2082495837619487,0.6627487233390494,1.959805649650871,1.7685997535413291,0.623644418731514,3.3899269651133195,0.14493929902926936,1.388104821898859,0.4829546913346231,1.0041860163656986,5.7516278802132765,0.759897442542879,1.6286901283743327,0.25199101339538643,0.3611196488566769,3.2726854859982595,0.15868290107903849,0.5282962964840545,2.0571375686432214,1.0028207021342799,0.4319350515126949,1.2911063716514302,3.2760931028363585,1.0553696697642976,2.435237897740401,2.4930996532465137,0.953831918159745,1.51122630201303,1.1607267911520067,1.2313768669919505,0.5014692834757714,1.4102990874772319,2.451347828183433,1.3162227933482726,0.2487290931952464,0.21430488263797687,0.6278162030500973,0.49963322376422115,0.7649452749724407,2.022498381837602,2.0320583856847994,0.7401319462902654,0.5141423852946991,0.3506575194237609,0.09876525195469582,0.5186202159572086,0.13455988078218328,0.2558995679198177,0.45838528871528683,0.8590162789711997,0.45416869792281556,1.343220798357038,1.0988263849012478,4.123748633238441,0.39504711807599713,0.2815455292597638,0.2903156156714725,2.996773581538684,0.09871618182387801,2.8321414176787534,1.7693012382428057,0.6114600517972782,0.8000430061580517,0.6485130376471628,0.9619722911422688,0.659630946657647,0.5351095012559254,1.1066720379409838,0.9694656761801608,0.9136375948613135,0.7206328115399532,1.2173540747662923,1.1248737552827164,1.574403976214331,0.6599803052656734,0.6673389869196165,0.561819526469541,0.2603601859564061,0.5922682834816823,0.3419387799029219,1.748377957920385,0.425116426495043,1.474153071614022,0.5626331872264814,0.8490229943830591,1.511073892217589,1.6140046268998751,1.3336371163496903,0.8727531278028471,2.8389566266544146,0.7261010172689079,0.6885034631062058,0.9451425006913747,0.6704625844031327,1.7140819547701742,1.0252823588050985,0.3660515061372509,5.995967234316214,1.7569452579112905,0.217497578270214,0.8150560666442328,1.3286673388655217,1.3822770875325583,0.8306925308905633,1.3363083457682203,0.6205808040568496,0.7359498204589052,1.0816592581442364,0.44144203803220505,0.6270901502854165,1.2024472438153397,0.3793216793406222,0.9793190400609543,4.418876312515374,0.11653430092174369,1.3430150190107133,0.9133586423784333,0.8948056494318282,1.5242015799138806,1.1103970233844613,1.027287487080455,0.41063926966991887,1.8151627547336129,0.7404726112334672,3.930648950394277,0.2551189300899714,0.7875836868126658,2.4292386587503576,0.6630088718863026,0.5443664546180011,0.29144805879812313,0.8294111917467023,2.477616671698316,0.9319899723800585,0.23886316919881284,0.10365053538219393,0.12673839006067683,0.9140977731850944,0.5621210551155457,0.7671821320928256,1.5473239749291436,1.2663189091946747,0.8064419114615966,2.064075931761148,0.10602777629962573,1.0783707320696865,0.6586183576550456,0.8614581997620688,1.503701162936029,1.173673196790586,1.1496137840312541,1.3098775338645314,1.338530608532141,1.3821589155354912,2.6155143969913626,0.4166001491849736,0.3404091013311292,2.1566951997150543,1.700316416369225,0.45110395313899815,0.9731214015566837,0.25896952186874334,2.406359985909246,2.575557007406754,2.181038785735814,0.552691701177619,0.563856559685348,0.9934783546861733,0.4327703655881841,0.4159860235921219,1.5670069288859438,0.26029144763659706,0.3564413813553704,2.8630101033673307,0.13758013396907992,1.4014254478080799,0.8312485347628358,1.8943076926374238,0.14315621159635317,0.6075318599590913,0.3420286259187964,2.625676012816095,0.3259830356458597,2.253473663300642,0.10558200986858117,0.9410296601525245,1.8110533650844896,2.01798485179326,0.278280975448081,0.1733411584107797,0.7344748844312099,0.6325546697121105,0.7911510574556428,0.179573181811727,0.47440972335481923,1.6366297194836286,0.36296129805502475,0.5366419061057062,0.17872990096744804,0.1802620891471053,0.48627631136988325,1.0089158627616954,1.7297530132649257,0.10958738650597966,2.4145397676937215,0.5232337385425769,0.2763045291922177,0.4623526052617906,1.8924021282427694,0.8007706411444222,1.5081183907267093,0.7113503414196851,0.09215398442277856,0.3670040905636019,0.4333755451847285,1.3420162400636038,1.6772192679727325,0.9712727887749917,3.300870533290714,1.0240732636907621,0.4308498866296758,0.545007330243833,0.6912826828977543,0.7998729602120221,1.2953103505428736,0.9624319055240059,0.3108927802304242,2.055119390160309,0.44385921742386514,1.139059370661041,0.14197715152439716,2.312178311579946,0.6320708037408123,0.6019723543468587,0.9251873395015567,0.1736790871142329,0.4575277027932463,0.47456216674672325,3.0757370304121747,0.23793916287223027,0.7674213626985462,1.6402777082106559,0.21305322927392914,1.492622617103919,2.4176064961472004,1.3096654452429153,0.25524586404012395,0.5103454106080841,0.6586574862210974,0.7526422176106713,0.9568850002784982,0.7286726585868976,0.1500407238392224,0.6822281817574334,0.9708799271388304,0.1455803137323749,2.144863251171783,2.5204591265287397,0.7923171280824035,0.6111115314084576,1.8076252040240488,0.4046597696013374,1.3861265861002279,1.2928089718913096,1.0101467890929472,0.9294083701589377,1.7160182432598925,1.0666159844931382,2.9892843513436937,0.8661461455482645,0.954372549418,0.4316103606629892,0.21752013491706468,4.078686413468658,0.9125519868722773,0.75264734580731,0.43841272305212386,0.7523618753708217,1.8714981761950804,1.1198115262140957,1.448053916110883,0.31235257999413935,1.846206790754905,0.9091874259074888,0.20691311922770328,1.0869573560248311,2.8401580677490377,0.6948610702094302,1.880044261910892,2.608216919841658,1.1651417664677788,0.9098266638724672,0.9955649094044863,0.17867904256498712,0.519379264429324,0.546121293215661,0.6967033363520937,0.6887638000046814,0.5060286053578158,0.8582996909928637,1.6004087543467258,1.0563407111605398,1.6915681124763988,0.6680337578075097,0.5126167442557389,0.9039055240028785,0.4879758162750938,0.8041459741194158,0.4445704841260341,2.098906375345971,0.3814092903558478,1.7023475740400513,2.7123408576390924,0.25244657217828237,0.13729599193253228,0.1785364029824668,0.7801312289168781,0.3755826582047981,2.530588123175731,0.6878361533459545,0.31291921029328523,1.0653089866720364,0.6030306460306831,1.2809263506769208,0.28554087185591503,0.8513349581287363,0.499281103342563,2.1806394835070653,0.6533200698891479,2.049795211788421,0.14990743363527104,0.3345372262584342,4.325889551312595,1.7014312958565094,0.9514569265595664,0.5393228064524718,0.46528125048262897,0.645271751083677,3.3127487508569002,0.44260559050121023,0.38912841472073156,0.30149398558038354,1.0186336084201155,0.3586674110816762,1.6441552126123462,1.0963049651708308,3.1238406041131053,2.3202238469899026,1.2736879741822693,3.058847313189334,3.9811223365223016,2.508711004937572,2.9680996910327107,1.221868641966076,0.4294001266740647,1.2345240967915325,0.1830781935631811,1.9757508487873658,1.7321392485828935,0.38169442201340964,0.1618117689589147,1.9307923693833549,0.23271923090773045,0.5735247088785937,0.754590371475226,0.34865333916737073,1.2980774003362323,3.1509610861350676,0.5067146343733051,1.6709027527122753,1.058166222682892,0.19723528369343513,1.0332430521339975,0.947181017185042,0.6530023644673895,0.3901761802257163,0.41097117532683436,1.0732739354300096,1.887656312478781,1.9748562272860082,0.6527151603804346,1.2419433674771276,1.1391630093414884,0.7566379374994289,1.5528046927707693,0.762227191825189,0.7731990989133842,1.2973962036517506,0.5946216246845657,0.5789333999999126,2.266140330031693,1.7776169757633866,1.7330746044820144,1.8545799968026775,2.957889962065889,0.35633295507503293,1.3572926240442023,0.24907072318302248,0.75969974861269,1.2141811977111354,0.2629711921724719,2.5509150265359963,1.4702074213081329,0.9718542829092434,1.2957571587274055,0.8541517571207062,0.6492059487147582,0.3254036373331719,1.030088324520908,1.5027274959786214,0.49177302831259795,0.8724677779295978,0.8851683629416623,1.4446632163029043,1.401160912496043,0.538355402324608,0.23331319607499773,0.4060702469221509,0.2400353355115009,1.1951215332830982,1.3686888619116706,0.1365687846153707,0.5051957241297549,1.4033332889832275,0.4652275802903322,0.7185411133047885,0.6862353808064326,0.1542427125058931,0.22565839092845005,1.737762412528789,1.5139336161319024,0.6376053594870683,0.35688944449409943,0.2321257740380327,2.7575150807168733,0.3624547585549095,1.0375131530785584,1.2029832117121255,2.390585316388419,1.031050175273541,3.958475313182162,0.6917008876775915,0.1904416053135526,0.20990106705109393,1.082795234072958,0.2623939389731596,1.4045473184791195,0.3599368029832768,1.0474415273713924,4.043653171461713,0.8614037889991969,0.6650061150711726,1.361878365305284,0.6445061501054375,1.1220432271968,1.8801723893537252,1.9012684238301882,1.5132267328554239,1.104333859432018,0.2528396207245188,1.4731131928427788,4.163335237829127,0.28251316429936935,0.5498543648305383,0.9963911263627772,0.8976559939985598,0.599034694473145,0.1317148115936806,0.43124967769087164,0.2796555081589466,0.6150591301385004,0.6019147002205463,0.7327126650643939,2.531262908748198,0.48706629624839115,1.0443528893221787,1.6077119733491738,1.1522438980768406,0.7037069379744942,0.7993719676111359,0.21465083578743957,0.273120609296142,3.954966516992884,0.5491952652349428,0.3732815801077386,0.958950982872595,1.0246349687969063,0.9051773089346928,1.2616858358307284,1.1578043418426978,1.0518031825237883,0.8837144461355737,2.0365519335256153,2.7359979949864854,0.37972445559543033,0.839542342315676,0.22831093497337948,0.28797937185667744,1.7716427401041455,2.5206558947253486,1.6013153240611997,0.08140376909106625,1.3382059675496398,0.0941132048668327,0.6772591285121045,1.9419416090575097,0.5388948831715649,0.711947696366277,0.6932978960325565,0.9959989202497158,0.40900347986248375,0.4630387985083637,0.10231560476811247,0.50442426053798,1.7531450317542356,0.5543724199506223,2.154492517242703,0.36146236423382205,0.20250170699456926,0.5880806042577511,1.049765942342011,0.8282400383317933,2.187874269127461,2.6403437398859304,0.7384443545795852,3.0892215289755742,2.182670940222636,0.8069872921929098,1.9004743406167324,1.2358176248181634,0.4119122450751459,1.6643481051961784,2.538253402223072,1.2455273050655207,0.3543839990576234,0.6786459852893666,1.4714580080267856,2.5858749298520696,2.2165337942718426,0.283882301316115,0.7138587077148807,3.8625925759175397,0.6557925849360337,0.9165483963552266,4.250806283139337,1.5962310317166262,0.7880050206100551,0.3644369092157353,0.8774851372564003,0.9920602502054185,0.5888335808852865,1.5835672538060248,1.5835506346150594,0.857921473143884,2.165026926978341,1.9083030318207448,0.8086716372603117,0.7525114955328973,0.7873191255188056,0.7253518398979157,0.6634823952535032,0.34092618640756056,2.135280639652285,3.0123204035514335,1.0132874250770796,2.0595740651814634,0.7015873378410761,2.752735174385898,1.1536020585092144,0.716826555183776,0.49906007373874833,1.5868771223417057,2.056521732648867,0.7872791459131653,0.1547589343755783,0.7478111292387453,1.3245785079566708,0.7136982904863355,1.2329265407636179,1.6099828020883096,0.7516651273859007,0.665064841349352,0.23287394289374075,2.745474225572875,1.5730565969647077,0.5963179141950051,0.4525268576888299,1.419594203320245,0.9254326117302103,2.163734498574601,1.7237213048884032,0.7810660599739432,0.9650976638749109,1.1087781655974582,0.5588488545796786,3.1891682834475543,0.4713381358311284,1.5918588503828455,0.385010665720085,1.5701582520282606,0.9670454624437751,0.5506226436456023,0.6230096331307328,3.85377772264704,1.0057396627847304,1.338353352274407,0.6311936429217578,0.577856109161346,1.4143168158420143,2.402651445595982,2.149019372929586,0.17071470221673818,0.5307516561021338,1.485920444216136,0.9425028661069547,0.626052230653598,1.5044366366203978,0.24658694889096217,1.9260892958749325,2.0646469682559383,0.545601006049323,2.469814188087457,2.3414544303764586,0.7809429370884473,0.6804186493799859,0.7720788820168749,0.45158731529450113,0.148291197342879,0.2556951184464432,0.9037722374185827,0.19541065362885446,1.3171648238977811,0.7324896388657183,2.304635283996467,0.5888158131614454,0.09712325188724788,0.9236189232966143,1.299815475967854,0.983906902198945,1.1068201691372954,1.6611437140290453,0.4256177883130344,1.5773993696421926,1.0061910662708677,0.8363135095475815,1.1267490716969792,0.2569029675456377,0.8984514670013364,0.07876032941791694,0.2692754141639915,0.3427248047932586,1.1272246316759271,3.110717563712902,0.8612557832772167,0.13536726734962579,0.1052551462900651,0.4610414681857664,0.1855493661268498,0.5296146867911246,2.714127667768194,1.3257152894751711,2.276617923906146,2.2514311927399957,0.4999452248370141,0.7204592961250729,0.9653315478618515,0.48011520244813466,1.5591404146736303,0.9950077540348488,1.1761947310368925,1.0584867259276118,0.2809438566951279,0.42443653022295236,0.4356106077601886,1.218184664724952,1.6584554018869426,0.7508454684199859,0.49042334163461426,0.8927496119921199,1.632771141296601,0.5016066444276414,0.8189832927760067,1.405710956032738,0.6952594520980308,1.2157300277949095,0.6204112753721471,1.433500357048195,0.1628685390203146,0.5284542155178515,1.2963454390545759,0.5356792896439663,0.6059125837022112,0.0982418796368135,0.5727671314066086,0.244427576760193,3.90499053258234,2.7874121147699884,0.7498279056475842,0.3186306929208037,0.9064209572290138,0.03854267872414596,0.47209094656732237,0.5044375351770679,1.7779796531928862,0.4344699223234576,0.4196470579977168,1.941470496097393,0.650303166029585,1.0319355969809352,0.4335502304335976,0.27612148069503895,0.39808086756610184,3.9354936560669564,0.5647820573788329,1.2917799371792775,1.044335954981336,0.45817539269387697,1.0342366951701953,0.32517049599752196,0.942127633172298,0.8373627339094871,0.6304051726342285,0.765409311721543,1.7911267171444818,0.4765599663915987,0.0750485134311808,1.0182496285895088,3.1162342685050666,0.788398298924778,1.9556399625057865,0.6206050295993444,0.17379545658308126,0.2890178217077865,0.35984926756189806,0.8053837514617889,0.207195854662232,0.9055425327627358,1.4610444997570138,0.9965144751630948,0.512570236504603,1.0686032318423022,0.3007716559035541,0.4935785034533957,0.46826379136954677,0.1946060066116605,0.06429187556642961,0.4219355197285004,0.8435361326872322,0.7160414748617391,1.0108028745556508,0.7561000632409229,0.6263451853735842,1.083532139054981,0.29514582959479857,1.6285761258621383,1.193216076806047,1.0587851796242413,0.25354700620593806,2.8850969908916664,0.21414422121919985,0.36947197537870446,0.5516393740253956,0.9619247097321443,0.7512203420703115,1.125489219368134,0.5390526685674268,0.13538623869523403,0.4921606375667792,1.271818871499793,0.12192577302167593,1.339725286923474,3.5485922815203432,0.39553077259593195,1.2625784856525186,1.8751513345979656,0.5049599478016188,0.18541315471683834,1.6440985881831292,1.3177227013180042,1.4521413350419627,0.10408589563532428,1.025673178952109,0.877650219903382,0.330499423747708,0.373421536340969,0.3097394405088196,0.8394843211892422,0.41398041545030323,0.9304612138274829,1.0655333713086756,0.7437300407826318,0.8337563275995592,0.9348461246161393,0.3064826463747117,0.46676793464650423,2.3658291133249416,0.8993965626691982,0.23032534791106513,2.144508705386455,0.5334301178652296,1.044722371361926,3.854817431080042,3.028436671231338,0.1325392021668758,0.5486274583161552,0.25042901120383054,0.20622363255412784,1.2373045378466485,3.220804980599652,2.304904774872342,0.6923397634869842,0.763572304142345,0.8720376092343536,2.6418207848677113,0.44859319954666627,1.0310185251459005,0.6894810833798455,1.8613431397205378,1.8523356729732126,0.9218356551350712,1.4329477198486278,0.6591931011089875,1.2229819072420425,0.5237854371665717,0.7602038440522401,0.46118280622965485,2.0220593444882256,0.39897514904571485,2.427648448666992,0.7332072822844682,1.3649633840255504,0.1855443034960378,0.4214637629191079,1.7140629462463046,0.251550074089253,1.0417852838076893,0.8527816881444534,1.103957306975334,1.9057723296549638,0.820623872381524,1.0316651361413953,1.1668569501453223,0.7034550888776709,0.5152494043389684,0.34053558566405545,0.3162763625201195,1.2645559538880138,1.1970767042914512,3.1478169100881663,1.2157123373885979,0.17171305879496623,0.8362674555562034,0.9503769339798125,2.2436516127239274,0.8490566123234096,1.6380796808999896,0.32183004405613036,1.6283869615923487,0.6518465315972918,0.7299087290033471,0.3022140807381476,2.0697579012855134,1.5442331561722682,0.6110431837969695,0.3175818716414247,0.25500752712286123,0.4036599998186141,2.6003611751245543,1.0962897388908357,0.7806670253848557,1.9095468128490765,1.5444513269291547,0.09478550398840196,0.5047047561420761,0.39802966913507565,3.0713968063742776,1.038789934533608,0.5120591679256726,0.9744405644503813,1.4599362603234578,0.2137196568605662,0.35781395385907216,1.663166167254102,1.090372674373877,2.5918945852983026,0.5559039225621808,1.3781881010729418,1.3745373113704065,1.7025097370341868,0.14255775551554306,2.2910192131475124,1.0251303517259085,0.7299892768274884,0.7369494661293416,0.5793264516085899,0.41254371816898305,0.2604241629120021,0.9758574688215979,0.8950274427929279,1.6512926356372721,0.6590042869695483,1.4813414631671968,1.4007504460741065,0.4891846235361814,0.1355236851155448,0.36332506577981005,1.3672638979170588,0.1438199515029398,1.1889451042154486,0.7008375241864917,0.2670740307332201,1.3055116902526318,2.3734668564931587,0.8573193698111649,2.1122268436857894,0.6489733897270022,1.9588385026732333,1.482644117263004,0.6914151334982231,0.7503496660210949,0.5718970126793451,0.3400758101491328,1.0771997890326652,0.19446566028440826,0.8432419741001129,1.010909417871387,1.236882676780187,1.1282026427465675,1.9353836329384697,1.5617216552261675,3.71568287627494,0.3248701829834535,0.7657430447667304,2.131764090396227,0.6444264198025843,0.8272950426031387,0.4829708320391576,0.262669496183761,2.0405868933404934,2.2329872110152533,0.1386239731744524,1.3579208209014069,1.0220672862918136,0.5287283696375655,0.29914091153573646,0.6609522502509203,1.075904269679393,0.8295412583904231,0.6349593285944113,0.3245187585636986,1.8490682791302189,0.45599918027052777,1.7767433775485146,2.6404142711004073,0.3810325721065955,1.5493232646517763,3.0171417903966504,0.0729691616478236,1.5988338343483923,0.5622838991813821,1.4789648189976679,0.07825996162971913,1.9437669858102553,0.287901528050741,1.2243673191295892,1.2051262957196154,0.6610337847586254,1.0471934797914653,0.8175485366466685,0.24002442518279687,1.0895231024582905,0.8294867655166698,0.1727284703729779,0.14837870084386817,0.35542677185721394,1.0776029197394168,1.748394728429609,1.6441481975430856,1.048720107240786,0.25807220116084084,1.380333791437373,1.3795930806029828,1.3602084995666612,1.2714123281509253,0.8900735310738611,0.45413362303340316,1.0533341007346209,0.4826144870346387,0.44074983179142874,0.11532432468772036,2.3277254387072293,0.9963898643499307,0.21679079858914543,0.35352460614186776,3.157784949903048,0.19837548296835283,0.790572736976864,0.1992361364122539,1.19286914533166,1.0351636455013722,1.26105443587039,0.6176552240150619,0.7132353597148593,4.598386613006742,1.3312431267485738,0.09706000812598145,0.7807010619317639,3.0390824156192737,0.38932680398559505,0.5603882922814536,1.8319808253364211,1.3983678849065768,1.2607219323935765,0.35669970906172455,0.7214612075203546,2.204525387730857,0.8694355413235044,3.2451520628524206,5.65943571512646,0.6936479796662397,0.6286220252504211,0.4723592899636563,0.9569097187257373,0.6572971895221589,0.8624292999879171,1.0013798399491483,0.14159921489851457,2.049578324625846,1.8872714565878967,4.190368920937958,0.3867580454692618,1.430486596207262,0.6864968863591716,0.17279832146436114,2.0556510830504546,1.3185300771830977,1.9280731157680946,0.36350768787063914,1.8390525121577412,0.8330141423824226,0.20168802063200864,1.156941736748424,0.41001859183725825,0.7881890559110599,0.8274090348710293,0.994769862763061,0.4114360598777511,0.3038873591449026,2.5365801759227833,0.9736935555312846,1.1874475648308034,0.7648479378206992,1.841202087558734,3.130057700475174,0.6855976316963204,0.5943902461615489,0.7000215434971188,0.5651561860375727,3.3808971318687715,0.41612791831000406,0.4123263155813547,1.1734881295448338,4.8879009416210115,1.4649694541707718,3.649732899071557,1.0487419620619138,0.031978539889622626,1.009846461301167,2.548165762425274,1.460330292215764,1.1359154283005637,1.2437157992265526,0.4275845439315036,1.5301257467078562,1.6097425708973578,2.30168962568517,0.1663903749025694,0.6665144892129977,1.845663220410767,0.4513247148817042,0.28762456112958434,0.34066778378834917,0.6706163481273621,1.5918304193591841,0.30297473324878654,2.645763290460076,0.4142442869148323,0.8856070088326211,2.1527149519082824,0.9629384872605738,0.7088202554092895,2.407525189248645,0.26458094006566685,1.1767570167421668,1.3876863188785795,0.7341923857078676,0.6170753940559466,0.8402854221455675,0.09869308009615968,1.6908312548003164,3.036470173993188,0.4302713560872821,0.5753978195829763,1.2650350272464836,0.2884450207856198,0.3383852578379304,0.48664783288387103,0.4621879618157683,0.1588909045372856,1.1804226187891071,1.5415288582807989,0.5920605793028534,0.40727926161852807,0.6813983357037672,1.0960301656992772,1.4860795212003064,3.655637996789319,0.9245963983759884,1.5480593983427433,1.2836580619574125,0.4914883505805007,0.35158094586490396,0.9838592852379806,0.661831648490103,1.4581535081518768,0.11883176642843296,1.335178512676464,0.7621528903082677,1.9962962294024482,1.673999273088262,0.119586398883475,0.7168578035155724,0.16001145359333785,0.26608956490037744,0.12795287432187533,4.724180740055251,0.8167178869506827,0.6162150333203638,0.4708394520033637,0.6862439953055756,0.4025199082326092,1.5711555480550297,0.8306875170289386,1.5012522534863741,1.1193056416870868,0.9021781717661079,1.2730379348877139,0.2759586338287925,0.7237754647726228,0.17290500743220116,0.541935471788111,0.26835462124445464,0.10876339430607457,1.0791437223265188,0.6557988330810951,0.17190927401575565,1.1229681678068446,0.6913250871836805,3.133440917673288,1.0167466842406876,1.1737026624136793,1.7266761711811256,4.032762367275648,0.7072005964648965,3.1690225951688498,2.196297355380814,0.2680209754126154,1.0903970911719174,0.1873470447288681,2.629781520745068,1.4209737993473457,0.23779205944568443,0.7183705720523105,1.406886891174753,1.2795903030183373,2.0664746282743236,0.6057111836310011,1.2138502834296796,0.9728765309558531,0.7861894081007972,0.4622662145723824,1.1165498831107192,0.7723598650159683,1.0552573979425568,0.12681006649604054,1.5473168912344393,0.3871508017751121,0.23785946722089812,0.2996417098387259,0.5739633477137395,1.0799715185635472,0.5906727889036842,0.4264923273803226,1.3779710883437661,1.7666482927898672,0.6272683197125231,0.5724495809167983,0.5593481282376802,0.20635882543831424,0.9858417545752904,0.5178806265157159,3.417486759602018,0.270268094600729,0.7849727763726454,0.265187542308539,0.1920843769976497,2.0916798954830775,0.42913573247661174,0.12119746318201075,0.7976757279404443,1.035043419532876,0.4838557366605663,0.43741202650354905,0.5344418952642771,0.42144360631527833,0.3450381679117139,0.5513032352592939,1.8864678198925129,1.3983760145258077,0.6174292158004868,0.5911384540167881,0.968084345091984,0.3459250111787405,1.3211889765706044,1.9160432670942331,0.4819908128725048,1.4032822595275554,1.0167785988023519,1.036520527697113,0.6141684046713157,0.24019422724626993,0.6579817246065036,1.1979184664027893,0.200564659619974,0.22971352940736423,1.0970023254362484,1.9047862550771582,2.9142641317858624,1.192554881416991,1.6837320554026602,0.8001681399825072,2.561172285658766,1.4728341542861363,2.296541906009049,0.18201802103462,2.0802815326487543,1.936497573538372,0.39836685506359487,0.5497143521078909,0.6619065329499333,0.23521735093020923,1.3739562458037597,0.43542254189144763,0.05994336999899219,0.4001130993712505,0.4209019959658166,1.7962649978299503,1.163100700399041,0.6036996400474752,0.8056121991468344,0.5381443356929358,1.3856247955518588,1.928170887523627,1.8088010680412712,0.6531817866340281,0.8011354066338155,1.3432827996577932,0.29979651230426874,0.5040506212250236,0.19788279953892696,1.849470969578706,0.4130612313866071,2.533305914461144,0.3470957616046366,0.7748717834229921,0.14397345008787105,3.2642864585475913,3.583618124631199,0.5513721325615545,3.7711969142933537,0.9148230621952738,1.6377798540634692,1.926497061531545,0.7817826692017684,0.3611594447261034,0.45924883742394634,0.33328645698004244,0.33202947082067813,0.6726388754804749,0.34342220553463243,2.239290683703775,0.4630966975621642,0.08737074222348185,0.47449732334620154,0.6917369712077843,1.296319739860465,0.10956669128375113,1.73846674064398,0.956244382454321,0.7608663883918861,1.463776571760642,0.7848546468475278,0.5705186858207418,1.1468741937653681,0.7804295033807747,0.5000020402455899,0.12425378400774811,1.7166065956640493,1.247984643087773,0.21204097000263128,0.13848606340080985,0.9890884167092276,0.4480892798155499,0.7245966779193962,0.12596494524801027,0.1531318220307666,0.8895021838563761,1.402143739455781,0.37439984141677507,2.2735743911314157,0.833111648194818,0.8501545024321455,1.247982655848397,1.1593342713849795,0.7017650706508931,1.2516894582756106,0.11575673111496204,1.1353686268893555,1.392767232469504,0.4722349756289437,0.48731318865020856,0.4749764100844506,2.2610713459605267,0.5179951668890849,0.34182682112120566,1.2792720941311753,1.478564232373163,1.768917507186649,1.626881833529865,1.4439778252557676,0.42309234312330957,0.42254418852389924,0.31678122845008894,0.5124759632750291,1.7148306953074202,1.0272126569651934,1.002832474967256,0.26053636828542825,0.9338559809114133,0.8486489981197854,1.3506672734855512,1.3677026959378864,0.44874905642872265,0.39612752216089353,0.7754424973374235,0.8089104370452085,0.4696670179317591,0.27052461164471187,0.5633271614839874,1.1986680734834578,1.0366615163288475,2.2123771477085814,0.8058014452373289,0.4870017821774742,3.5893492259705604,1.5410211061056824,0.20735897194344066,1.4662621137020795,0.8254074582600084,0.570173538626539,1.647868887140727,1.5834612478362822,0.5953861980551343,1.1389295219900553,0.7080462717957019,0.9538435343433462,0.4971831597961945,0.9310255956674853,0.30656975745327797,1.2991039142269,0.5675498205297702,0.466268155076518,0.7548855410324182,0.8656948850039439,0.5483757161118394,0.34436974030972145,0.687634224066752,0.5221265376237196,0.6828138978936451,1.1433760909898512,0.08600850069000221,0.9604348868839135,0.21399610902576452,0.7042498254150176,1.8890463201906464,0.8892971266655842,0.12866927759467972,0.773850146567864,2.0736618669079405,0.8739085978255923,0.8079713966966862,0.5062163280114151,0.522409925399518,1.1490256625655935,0.7238751895317255,0.15675607457552698,0.5242477667652011,1.083611352361213,0.6042827542394228,0.8475773569272324,0.5330028500785138,1.176037507636371,0.2435347220340377,0.9640148391455569,0.41335628619531994,0.3654493209565901,0.32011771004734485,0.12407832304770366,2.214870661045508,0.20211276389440036,0.44468232350418907,0.4129987464205061,0.779145827472329,0.9395420041659361,1.0819161665986634,1.2156827577573035,0.688144938719159,0.23440425956248973,0.2832225294701106,4.587389455419693,1.6919994404982965,0.6487716143983975,1.9444215115283099,0.8723615277018455,0.4588944893884791,1.2848006966626282,0.6393650335513993,1.4897258229461077,1.56628039990951,0.2814763497188969,0.33285983153237425,0.538508106937226,0.31250223994988224,0.797028142289972,0.32105534433166594,0.6014329729519061,0.9470173987870772,0.6892461571496697,0.1884624462376201,0.4413324780564497,2.688271638394074,0.4147436744167856,0.592560519266269,0.34940169351609573,3.175483621455468,0.5140445320349744,0.09575202709568034,0.49665285975588125,1.0107304217398676,0.3006135907596007,1.4181435262908213,1.8806822728175396,0.21365449846104767,1.8200854107435782,0.22900393605918046,0.4303185519099775,1.078196509683921,1.7729163228775071,0.7677945915679605,0.28629397933967343,3.4179443556990825,0.3567534312853804,0.16472157436088747,0.46275477922736163,0.8374696461843172,0.6222502593455366,0.31470976739858286,2.0201603665201855,0.8088063806613872,1.9558707407450415,2.572907150206684,1.8344620200372734,1.494552063919175,0.41151624035480316,1.1048802684918764,0.32630294076426936,1.4778646836947364,1.0276870853274904,1.6952588169750702,0.3310944955641933,0.26361978335573955,2.0964116359264917,2.3356221304332436,0.18087995589330064,0.911897705667757,1.0268291646124545,1.1936599500428993,0.7114062177623426,1.2288469797144779,0.6585633421116073,1.4377163511316784,0.5090262142005919,2.3080558304291365,1.2007479880595289,0.22862162579089157,1.7418432265689234,2.3345119246384063,0.3866637249303619,0.6031699569831702,1.4918519437179945,1.7848054977531345,2.1363354011128024,0.40377861855891023,1.7875981289008622,1.7516193784976308,1.8470362211831215,1.114298892129077,0.9855154314575263,1.1035845895743115,0.19371464213856654,0.8656759574529186,0.9268918542255856,1.1293602421202833,0.7395327342588116,0.8415338713098559,0.8788991403607924,0.9505804292837108,0.3394511502334487,0.88505418152453,1.8626177954856769,0.6097227468751332,2.270137761937705,0.0744405235507006,0.06443412731583864,1.4598689773022087,1.6343593541161163,1.3726125409501257,2.353087091027582,0.6657887623192933,0.9377343942553877,0.08957804419287452,1.1834692281706245,0.9323828796879349,0.6320941721368893,0.6060270845689264,1.7353345280090575,0.9901926560090941,0.2019960533357822,3.07039062428556,2.1386390268778745,0.621023613228481,3.080268430884561,0.6367571040826122,1.00393357191216,0.3328332548647574,1.1530773154470653,0.7045283686924552,0.434521349310532,2.204130012667063,0.5062685236371944,0.7256749052891153,0.9574860689220668,3.124937502351846,0.5383583215365372,0.5015487729137159,1.390053875323905,0.3917125148902404,0.8498374955072571,0.4959663777664065,0.3996775612644203,2.4801695441620657,2.391531420489204,0.22221460294173845,0.6973934155053534,0.31632690162329336,3.618704823064648,0.22388734188522286,2.886825963752679,0.20254389252624705,0.621706554382721,2.3907552638445067,0.39210323222794496,0.480801154153261,0.7532213887218814,0.34699289923479293,1.07169930677333,1.9436477456553527,2.1292014602034515,0.2782980624437281,1.1412443578441165,1.603647762172952,1.60391613702867,0.6296875994026974,0.8533377814308651,1.991228432958601,0.16524435979331525,2.324679727192561,0.3967562962187921,0.8621139107561905,0.9149282966413687,1.5486101222508666,1.0410638537824235,0.7326546934238306,2.8849292650976275,0.4878687973008474,0.6245557840994175,1.8332992090812048,0.2355973729018941,0.6361552350504208,1.2930141635251773,0.9926127453037874,0.350434299784387,3.597028248910008,0.5905078189740031,1.320131655009729,1.766877397230075,1.772905497010966,1.9004487552815037,0.35844170645440454,0.32074513878904665,1.3988973656930779,3.53807980269042,0.5730462257278115,1.1903850903344377,0.39522495153307335,0.3000503813885893,0.3346230801661124,0.4036971469870452,2.100937400171344,1.10188268541013,1.23919223795275,1.1147844211159033,0.23415544813698747,0.6082121657995428,1.763334240588058,1.2089424598155776,0.881482896982213,3.721885070863135,0.7446503304708414,0.551456362402784,0.6402663645579829,1.1376860756248097,0.1499844188272129,0.19648246306761963,0.9045242615629485,1.6676960361159572,0.28021977349957494,1.266588711593918,0.2295750774762958,0.4223331394620923,0.6784739207883759,2.130403185094732,1.4059412235085649,1.1766650219269428,0.4384297432923491,2.0500169399274686,1.8774388841756657,0.4835476648456093,0.10013106735942956,0.22040486628223332,0.4905580472511879,1.165439199872651,0.2878734513926794,0.9691394031995424,1.4104611186328286,0.21309890108605933,2.39425567221935,0.5402091351459813,1.3135330736229092,0.34730708254570186,1.3224604618536322,0.23048780085251547,0.39119524338549583,0.18509062746442662,1.3362306103699906,1.7148190976224829,1.0232053122673992,0.4926278336398296,0.243044796571402,0.5904447845601064,0.2919583002369275,0.5703475140708821,0.4971900952154545,0.29417880662228413,0.545907613109866,0.07920820864354189,0.5409752538642612,0.2789162019438142,0.17102852203226476,1.9117203455717058,1.4991154408880978,1.1205358076138998,3.7631493252946076,1.5181249375572818,0.46365454234652614,1.288922909627602,0.027001964832219227,0.8771962608993771,0.8890471096122347,1.8514914272072232,0.7053579034990453,1.906024699992146,0.6791620302120438,0.5003970740164881,0.9099433722331544,0.5973732503754419,1.4488693629536806,1.1434736875466025,0.5909970113727254,0.32037745234062065,1.7977853586467314,0.4269345932560011,0.5052033303691521,0.2445756635410945,0.6374729946131252,0.7423963922824972,0.8388430183892406,1.7658510726547947,1.210178840057805,0.5147972776912622,0.240524330764218,0.9628365075007291,0.5400913812374778,0.3676982277259349,0.45186330105122674,0.7869032702110232,0.7811635798779069,1.7914798198778572,1.9085799419792797,0.9187240364301898,3.0424654397670166,0.15570727623527697,0.21147374136673036,1.4987598737371377,0.22335751903262446,1.2141579661658197,0.7998554668125235,0.9699174350447788,1.1790316063694717,2.696673974564181,0.5279529139418574,0.5293939055974458,0.40265481919695956,0.15474349319163572,2.1387556543928476,3.386522415922751,0.21621427726318593,0.3950612576088307,0.8403770525513399,1.9074602711079192,0.5811089482888523,0.06853243540323839,1.7447196945154102,1.7951936321308066,0.06551606303336416,0.14784271120243206,1.8627877045899006,1.4312397167190212,0.5219227761389222,0.1967583654526306,0.46331238816835285,2.1412103270255907,0.49874394722890836,2.4243967350784397,0.49247560376530286,1.719532017696485,0.5368579261613204,1.011229431743916,2.0344469304106143,1.4742749042495153,0.9001992734398416,2.193582721195013,0.45464476193416753,1.1099767508259308,1.3513616630518017,1.170247594844501,2.135292328986028,0.8587986436450801,0.18105919400852613,2.6962852592000317,2.00681882986317,3.172677870387143,0.6167680412289626,0.9107037186475675,0.8299087389838431,0.7485816281535319,0.3123500168145519,0.1505982453859578,1.1639745149523792,2.5556734800499505,0.5856858595201817,1.1470801191517415,0.606052392634405,1.2640198121109,0.13736484910289143,1.1853392589433225,0.6843545657070064,1.0093721149576798,0.72174780713122,0.5832135346603862,0.9572421461536256,2.3205227684775855,1.7090942339506177,2.1064047023384234,0.5040822328233844,0.5098501794784076,1.8428636118917578,0.9639024416025996,0.7251851657430235,0.5569195973581301,1.3954304581587962,0.13085695099308042,1.8033145418729242,0.8655804102176295,0.3656983929529868,0.9400109975904317,1.3782921213388417,3.4397069115535968,0.5081076486886551,1.5086994498941282,0.9614032157312474,0.3426265829231644,0.9102021085708991,2.8410371511026455,0.40832240461678676,1.4483223587842853,3.7109592363831205,1.8789008765254374,0.6278632921869819,0.15304209788914536,0.3554280991616766,0.13666950371092385,1.4014635638297954,0.5355069928704479,0.8891859763105864,0.5415453568705357,0.1995362261435779,0.2929285196036356,0.4991918618017681,0.632004100503095,0.09208474257066607,1.9538296649382971,1.4257442157834197,1.3402059557950619,2.075977556465618,0.6832991798167747,0.9690708356340558,0.5536236181167228,1.404543568223766,1.0480068421622684,1.5434828428209852,1.4193379749156687,1.449254719637076,0.33559423265210253,2.963736348141863,0.9510976492619394,0.7638706003652924,0.6180546566393151,2.04133019186072,0.6475047968676647,0.3452956872347086,1.3617909631460197,0.9172709741109384,0.5741603600273789,1.4384877681949504,3.443595546389065,3.9795441443894877,0.5568208350426702,5.053964596347106,0.4465154165901929,1.4236795405146951,0.2537005893023986,1.0196250767658865,0.7740914367410552,1.0309371280264283,0.4649822929348644,1.7964218305854174,1.1652327394475084,0.444405672215124,0.5436191562484853,3.8361543306537835,0.7033405589310259,0.7912082629690131,0.35595930089781846,0.4494872963109303,0.9891886829938679,1.6054751544833419,0.24194669689347598,0.9478189000038851,1.513375764785981,0.19426833668808713,0.5271145171422675,2.398640385615078,1.3405324595538683,0.9988467291299263,0.27846791187333475,0.245209192807476,0.6576031930112584,0.41132042394114665,0.9609896887641426,2.9664702261761082,1.1647850435680818,1.1956946988792931,0.21524907421622685,0.9374471083562451,1.4096819544122001,0.7411046373067514,2.415147087016967,2.324425943603798,0.8169705039290102,3.3270162653082105,0.6501388456756374,1.6914683630933895,0.28408805346976895,4.769794751776712,0.2381792781466623,0.3105017388855652,0.4312026310852929,0.043277418935894124,0.34339338340932146,0.12361508617199884,1.5754130079971356,2.182509358018502,1.2230189111493284,1.6986232010667737,0.57184967404492,0.37680433949384984,0.2719862562501651,1.9458996333969774,1.7110815095564862,2.073377032289929,0.16250799156298817,2.8203538053930095,0.1214071212104791,1.6217399132967714,2.13102462396076,0.6419918261478363,0.7369284402224934,0.21082593075478093,0.4208356287708133,0.7273638662689352,0.12985270507508678,1.0625924267962592,1.051803348643489,1.3977171942815603,0.6771066827161782,1.9635891990404994,3.07710874462942,0.7586151962330548,0.28345364710418036,0.8184924340040725,0.563119872939012,0.241718395347727,1.2401884418119686,1.5399072349263183,1.6077188794486161,2.3312623036185736,0.9861527317826209,0.4395049244756162,0.4114580683251955,2.8881168004418565,0.8952687340770791,4.248653009293502,1.0495740887593252,3.758192303922122,1.9550149766234135,0.8512615265775558,3.0029756146565663,0.7464967505789906,0.6385988696975288,0.3554196710400526,0.8658754491500036,1.0504293186573794,0.8201659887041614,0.1624753041246978,0.8025896505779404,3.273332913965143,1.3114763124308808,0.24704223809903714,0.219123432695137,0.5916743398463191,0.4118585700573713,1.3870159648610556,0.4257454922381467,0.35832722884085405,0.728983093033435,1.106644030241779,0.6013655490869435,0.6531162109454238,0.7126581435364475,0.893037774998826,0.4510895354478904,1.5939159008268313,1.5382543001035087,0.9357184006620454,0.1427257312380753,0.5963565604289428,1.3786222941719921,0.28521692004011334,1.9280944136595355,0.07226459200371638,2.0323309033848136,0.5038781944269841,0.09371806191324426,0.44494800021172753,0.15548533704703288,2.0841465807457715,1.3445079509205782,2.654238112346186,0.8116015504388865,1.9923385912227864,1.0556721492771441,1.056544591239196,1.7236496830282446,3.2696943086232944,0.9616267726985501,0.1974912255153256,3.933513122678857,1.1124540346584246,0.2352350695414584,0.7642492557238922,0.3759646957253695,0.3576159391880597,1.8424857179426795,2.5098834414192623,0.9515608255721586,0.6175269591144397,0.9205800819241757,2.977094534533004,0.7216673289090259,0.7319223833149417,0.40267391967940924,0.2876916247696043,2.8042945134906727,1.094186142981055,2.5791483688339842,0.5812911415377651,1.2829486010902504,1.4418136416672533,0.19475578505873967,0.9750604974871957,0.6938784884885375,3.1877864476594855,0.19163065025009063,1.9461304007393303,1.5324074897821922,0.5080908453500073,0.6962538441335947,1.3519194384552686,0.8266692761283878,0.5089412689118651,0.23979633449288112,0.1433298512091341,1.1687779513209764,0.10303230047814473,0.8418905001434351,2.88342863699081,0.5341485297729993,1.5956451860472545,0.45794657399225447,0.6662767589418163,1.24520750188597,1.1756728670005108,0.6573190560502158,0.5447479287791066,0.2993994426810368,0.779190433366828,0.07178170330198941,1.8889175478808926,0.33960980595250423,0.9401070660843474,0.25120208401875976,0.34759076915813386,1.7812210407230231,0.2604300349777037,1.6924520901884694,1.1685530332285499,0.09547286098603165,0.9688205409548363,2.025673901684959,0.9760888492745137,1.0828742459186058,0.34240615745786773,0.6339499808441105,1.1264006418360397,1.116714615908709,0.6335855392018823,0.33983032474196784,0.3735974757605467,6.9249739853739705,0.09842913736999237,1.5680584689287231,0.1965205852043666,0.11293350307727418,0.02675139011795588,1.5004540926825962,0.3844017523992921,0.30288049785732474,1.877525008619107,0.3102390132846269,0.7116485549159517,0.7130637280513148,1.2942778098834191,2.017705411508313,0.8087324782945106,0.3210072940621282,0.9705749204805716,2.9040057628118925,1.7752508697580565,0.25780492846531033,1.0369830126385997,1.5051960254343415,1.7859890743062607,0.7917351968118445,1.6092703854046042,0.040404616912814065,0.4002133886674959,1.4662037042031284,1.0924546193387896,3.549492683026285,1.7952048632046718,2.1914088800700884,1.594154024174795,0.976084001828802,4.554216021500798,1.67190316629351,0.9471985335220245,0.28440343301014304,0.5370996797076268,0.46432664532799695,0.8855173634392073,0.6326175010268986,2.154416644570256,1.7343649358797486,1.677639359257618,0.9952116547827021,0.9640117486832028,3.4731248236420016,0.5396859779003143,0.5100830571285145,0.966253673871032,0.28184959430707807,0.2125968392140427,1.1245911439250764,1.8118517713635458,0.8671803900670425,0.7346850012180027,0.9811602865853684,1.1752454182707868,0.5054881487065708,0.3485897239059081,0.846779429681088,1.371303004563964,0.9794506481267862,3.0821622035971825,3.3527831342405228,0.16930450053535917,1.1413600830837256,1.3725491957703322,0.18345618973066835,0.738798921477477,1.275069646709953,0.5611774938005152,0.23078438227315723,1.1173402828966565,0.4180699101058848,0.6033473793889252,2.26266544576033,0.5687094163436683,0.6456433855625188,1.30129563529193,0.3772114403257507,2.031455722582288,0.5891782763013376,1.4000364664192553,1.0325231817127039,0.29615205253233645,0.7711776009923523,0.4412207321480378,1.7616784982439542,0.8946056102373222,1.1949613181518839,0.44659279173992783,3.2750489238587273,0.898318165701496,1.9992890148662552,0.7245286268313653,0.1405764609466137,0.8911815126296496,0.8269680748329706,0.21267685837728684,0.18898553859042477,0.5393754770932624,1.6047250083766036,0.4433484582547531,0.11148889583813137,0.9155880737451497,0.44205369167289577,1.5030699853693308,2.1879858584046117,1.2357023644654865,2.1900140925987883,0.8827880619878291,0.6060406812722874,2.068950888050407,1.2950273224781548,2.157796273837807,0.9759108790155904,1.379601119198898,2.2810280400418104,1.2307151963627623,0.19478080244726353,0.37016359438896096,2.2484154542911643,0.37263782213374336,0.6012359941659821,0.8768502167259626,1.3109636027627776,1.100857700100836,0.1619434662120466,1.2873416776822921,0.4883248402430086,0.2631479461640307,0.2915242339498926,0.028380769715778298,0.31636724038715847,1.0702603597732343,1.2901348251355926,0.13965028044206584,0.6148133560083159,0.2674959792202028,0.39040076535681795,0.3115993625236553,2.5514600180404647,1.0561334011634347,0.5253309332175856,1.070240248832957,1.0002728380223262,0.9326760115982238,0.5668191099419347,1.9912058718473573,1.1375282100329014,2.629548996621607,0.4871940691154908,0.4308473787178311,0.2656862315352424,0.9716730666855641,0.07744972096601956,0.7634289344907876,0.568627569767325,0.5502498497079555,1.6665362020474612,0.2282125954081744,1.7396240645346672,0.8776511522636258,1.0260436844107552,0.4060130559631465,0.24830642643283718,1.584384238381656,0.335709697416168,0.9058576235740798,0.9460162225000996,0.822046929749908,0.9606092215710178,0.12527741000058656,1.498994529127232,0.6020000438964294,0.7292728606930864,1.0129281035082076,0.7383630465882459,0.22644156699824192,0.7002765256585443,1.0448963648664726,0.6403021173131874,0.15216166899460687,0.7202286878312794,0.7390721263390027,1.2178101548595721,0.6812506960524228,0.139123949550894,1.187009885749125,0.12609110822208391,1.3927272861905613,0.4551194801784524,2.6698652330416204,0.49506913092780247,2.7807970440853103,3.6337773601171914,2.1785229445871335,0.9133537409327792,0.3209404987957448,0.5795945154881438,0.2289109669024188,1.116400032184283,0.9013091957336954,2.2842812629334084,1.8773794379506192,0.2628500631042926,0.9109787062149817,1.342237407005903,1.3988290999794164,0.3239416129373003,0.2353302679160888,0.21945585914530152,0.47986961510772824,1.4573768485825327,0.3355415173784436,1.3567173234775876,0.29190901078425935,0.8642551985893807,0.6790576344801535,1.7521398953397482,0.12519021292562788,0.6967509355373405,2.135453726787826,2.230886906817578,0.6121927786517296,0.5538947339943655,1.4002265471937303,0.471463747164145,0.3908244876060718,1.1956506010957852,3.9117715653957172,1.5731954543305162,0.2554899491282904,2.7485820674771304,0.4755626099003323,0.5109075116292742,0.3262190074106086,0.6868758042410851,2.129763753442209,1.0117741720682374,0.9651665055906199,1.1824318722642855,1.254519895444312,0.6787446732356767,1.139357144893748,0.5638517707684528,0.8583639795778685,1.366067882587063,0.9618335910326872,0.9579277277662842,0.5071177602515411,0.7303035398128843,2.5399400155795724,0.6020995060717063,1.331452475584784,0.33466288984721415,1.225495555404507,0.39740870888599467,0.446501378652277,0.8464716273027371,0.4635401253665094,0.7725732782249765,0.6498788915476622,0.4583876918385019,0.8400267441788927,1.1434152580498154,0.1587779628788925,1.6449110157015294,1.712895947143406,1.42384996112144,0.6197255369792535,0.11351190949227274,0.5124979089822055,0.743323203967716,2.0841145770383736,1.0993228860302522,0.04132179337498701,1.1478739159887152,0.5015977685558941,2.2449487511873207,0.7539863033739824,1.5114386593814184,0.7442074319807511,1.5670559673355189,0.21548454773423076,0.495139157501427,0.5398878175671158,0.552359782069614,0.20714633289639062,0.5000626567956151,2.907725096132771,0.31740110249665465,1.736182484762378,1.3763376258962292,0.501076878755316,1.1301587132107764,0.6560935687980317,0.3292551030437257,1.2578293239054927,1.1267046765369095,2.5286637713872557,0.12941461666348797,0.19965747069847,0.4320829950129295,0.14559453821513624,0.08899784451977366,4.389109501122489,1.2034177176708258,0.5450919145892499,1.472663533729086,0.5567092524305264,0.5263080237510885,0.5095377110223065,0.14469876194461503,0.3473172634677,2.058994111110837,0.482523607624023,0.9695662097654725,1.374941207540627,1.1589655874101301,1.5877389386923706,2.177910744450092,1.8906987566042255,0.15145479705465598,0.9828880804273707,1.8791066125338638,0.7896643263122908,0.39965485887649754,1.2873993423355596,0.5719401589630607,0.11476381398955698,0.3778408597694322,0.47870514690662774,2.3464916788209838,0.42044495103280066,1.294176115268377,2.060911994343857,0.8514924123059515,0.521334755411538,0.37040999517450124,0.49509184823652214,1.1221053622716335,0.6526769181599039,0.35020570092057407,1.471802286723567,2.105030962764375,0.6769172426093673,0.28124369020855455,2.6239672111362697,1.1919181494186235,2.8280077731892854,0.31644015278958204,1.2986699002806488,1.6121092686315746,2.3422960412789124,0.6511475790834237,1.8271770407014007,1.7242583267422171,0.09846917242079695,0.6322280939490661,0.4371640943195987,0.8438351052913767,0.7723908335232277,0.67008206136898,1.1575469418001432,0.5873307402432965,0.30423357300391163,0.5827629095576686,0.3022002887981319,1.7247889214095982,0.31358975118806254,3.4095510832531777,1.2132948860543828,1.8734569022392447,0.37268063778136695,3.1004330534522824,0.6411253319670438,2.4836853800391516,1.0496541754518165,0.30185956957690496,1.3794457255639787,0.780990361035556,0.20642695692675023,1.6190214056160033,1.6058941379095422,0.41696088871178005,0.18240447511691515,1.633739398856838,0.6248018558816438,0.749633460250837,1.4003527031551568,0.5572812889521259,3.463411302190476,0.5699213486680971,2.0153269760302917,0.7199066549203138,1.041148510644324,0.7451647311005523,0.2925093276323617,0.6056392882354436,0.06304023056269856,0.3724767599147383,2.951390496822748,1.132442326148468,1.677783544444999,0.6757827311289754,1.213487632131234,0.732513939919583,0.6898870082577206,1.2351986823597354,0.5248961925099921,0.0713781697167874,1.053766357770519,1.2585030759372695,4.181040792949184,0.46365050603771396,1.8921100552412704,0.18150888599695666,0.3429365994502819,0.14728500798341979,0.586849833157705,1.165953545307872,0.20037696506101432,2.2074150436720332,0.7382040465891547,2.2482189291213364,1.1176163117286593,0.7414684621459045,0.6726379481746282,0.6778013057248446,0.6853447252885561,0.8769168181176672,0.9009516890701491,0.3081795669547762,0.1508992632983992,2.3166798860104945,1.6864449748134591,0.11446761599446573,3.325806248946493,3.4946990558710427,2.198707316951178,0.870319331563658,1.5883545295093553,0.9215463989711667,1.2535249851891619,0.3708634128261105,0.7359923224199965,1.4249363455757267,1.5824695318706468,1.9467121509339123,1.701393146758672,0.7387947134041801,1.582045507163747,0.7157362193220508,1.2099339316122866,1.7433557436144955,2.469209425031944,0.1020879787390725,0.25740658787526505,1.1537988525776752,0.8033880115698613,0.2101695976027975,0.8320844916736271,0.9202219928394608,0.7023204353297736,0.6761790615528741,1.8252685523542245,2.242050302396119,0.6502380899934296,0.3099051413869725,2.133701830767442,0.30494366739647144,1.761112052086784,2.2394862335906636,1.0968717086979372,0.21007567053799803,0.21573293860707166,0.25972727832324277,1.1683674801982238,0.7874017540832565,0.7187890430277395,2.2592624929905374,0.9059799301000119,1.3948299280219911,0.41212233417433497,1.534728992061035,0.9083164985068527,2.843857292978817,1.5416161000584403,1.429028391888362,0.871550859296919,1.0133712540881592,2.6979863850074137,0.5282381827606151,0.25741723248571746,0.595028893591049,2.080110448017111,0.5206662457095226,1.763234037300121,0.6617940672396396,0.8208110015216614,0.5855909909663679,0.20147318015211804,1.8203833422302602,1.6068276295870416,1.5269194538347644,0.4264055249213334
"((3, 1), (3, 0))",0.0,0.28321490695769125,0.228949582569139,0.5342590836553902,0.026227652210800256,0.24588217085546826,0.3809277653486245,0.15402294653777848,0.03495477731088403,0.07905181441994857,0.022154071974604506,0.0,0.0,0.0012264608337007044,0.08864473740279855,0.23587614880061514,0.04402779396693446,0.002066752384270343,0.1963106696897523,0.05869223130453971,0.021785900526925417,0.06869939364920818,0.0,0.06828757151762499,0.08729238450219734,0.11252891581618929,0.018022477412629967,0.0063735145901376855,3.7445530883549587,0.0,0.25679076855736305,0.06065684384091308,0.2859147812454137,0.0,0.0,0.27236544371643623,0.07945344000337418,0.24302957517176882,0.009696632433528918,0.052387009236596116,0.19976838943071318,0.1272343768724642,0.03321590997303514,0.24658945161043033,0.03973251961092572,0.1978043483997718,0.8192121299528277,0.0,0.04093455520391809,0.11789159524055126,0.17936750956128927,0.1960624746140156,1.2924978657741786,0.011395252098546527,0.004119485508718768,0.20233941090101226,0.2560798095999963,0.12322560477368116,0.08898576737696318,0.1316830904941777,0.2748047851709139,0.00833409194330681,0.29194245432912336,0.08158789665177779,0.09233721563146169,0.0010708752995067794,0.4408900634811376,0.1424429213856313,0.022826282038256096,0.050390284963783394,0.15085673364384689,0.02222042054689144,0.33640879098865484,0.0991475902871708,0.6505559298362631,0.7875089767563007,0.01824655749789006,0.07024530643810611,0.0,0.14219655631550943,0.09083358697937272,0.6770476257122892,0.0,0.012265272773696045,0.05734504482339675,0.003716125913766799,0.0,0.2191646521853413,0.0,0.18555450558616438,0.05265624622070497,0.3072100580253534,1.0087763262028047,0.9278913395529158,0.10493385491301854,0.06912296327464684,0.005466079111889011,0.01110659132061842,0.31117107221536866,0.03022384750404883,0.3607551095707633,0.17794869318271345,0.10937587470179988,0.013272327776769233,0.007489134074033732,0.0,0.09107232659122788,0.3117682353951099,0.05329474277056079,0.20934056037542548,0.29118909142240557,0.0,0.30573558844428717,0.11634620252081596,0.08818959693237838,0.06444640180906314,0.39905586571799967,0.007080660278556916,0.1580321005125298,0.04030082483800379,0.0,0.0,0.2305319242272219,0.4311467171924419,0.18611899260887865,0.019634478620836004,0.05261420555646312,0.07095399172464578,0.03786850301836675,0.01650201928894135,0.029779766608066804,0.47603867593276794,0.004212021513156916,0.049446732957739714,0.03985455720514608,0.03629977280531449,0.0850697595148977,0.13826570719995468,0.14502540558898458,0.023120900062455263,0.3808168749543439,0.30486834197584023,0.048958463511646566,0.038447963234869986,0.12904439029238834,0.37576084968694357,0.07084049311093632,0.0,2.0074122216751835,0.13879209780680046,0.17855047884312003,0.03803144183169893,0.0010703439600288078,0.07089360925924004,0.1204277481310132,0.027052014465397956,0.6241162576659338,0.2994155417757316,1.4851837323349626,0.0,0.5932561223358266,0.05661862533383433,0.18250175004872315,0.0,0.14532426608048543,0.17717671199360208,0.6962977727459625,0.13389419167290562,0.018924249767327206,0.0,0.29907612598792976,0.5291230861543581,0.49026747401197524,0.022415502339226956,0.4180235792418646,0.29034672005532625,0.006224452397602942,0.1394264403956258,0.031035487326313005,0.025259715861631893,0.12204878164492605,0.08097912180825695,0.0053644417683083034,0.0,0.2840476521397679,0.29870748503666933,0.5499470105873892,0.0,0.26382515623795966,0.0,0.9962656396139561,0.10223637604923641,0.0,0.24526010037156953,0.3399332812696656,0.10964169059570117,0.0037865641692431673,0.16133793931010176,0.07370233633096934,0.14144679025124463,0.1322172817220204,0.049986070743998634,0.22020483207733177,0.03526334463391856,0.0,0.0,0.0,0.10874820756969283,0.4953769542869102,0.16494183156155562,0.3488006950647967,0.1850571574377602,0.35964353237479796,0.06607047243727071,0.0,0.1384991066996919,0.11710472051383758,0.12321068898015164,0.1021156054150098,0.010630016880706528,0.4520176367991584,0.5314077119049674,0.3439419901083427,0.00034463239738746765,0.019794803836634678,0.11407537133995849,0.06251262899250887,0.011604989721587078,0.11411000690437634,0.15721590228949367,0.0,0.0314192370118731,0.07122484561067188,0.0,0.0,0.24290726586298805,0.0,0.06744076543396149,0.48910360209343784,0.5129990792297603,0.09298099897686019,0.0,0.4478004953983469,0.0,0.0035166596566964525,0.08166419820243753,0.6308002484577069,0.0,0.13639323631012168,0.0,0.05809920969673921,0.1286469756772175,0.09626425076296519,0.10147461297246152,0.030852082049962315,0.00019450641395279966,0.07594811819706226,0.2877881385750525,0.09688869454764348,0.07490620617177157,0.03410700092594743,0.02836398897037329,0.026480892618946927,0.013124952150171065,0.17975671458463327,0.2012092025118859,3.2349736080225817,0.11636417702332236,0.1988847583158173,0.15079080588264282,0.013202392966083387,0.18679673891815318,0.010412774435890837,0.037304084146856376,0.12644778725379835,0.2704460251433849,0.0,0.07466059894285881,0.0,0.37549437561892285,0.34005943796162197,0.1685292813181778,0.09459503629435184,0.043669218889767825,0.03497878579472524,0.005386811543973802,0.0,0.0,0.3117917176997218,0.2324805554638234,0.7364339708129584,0.5759033344615307,0.018661726828220093,0.06165478728881224,2.2758831700457334,0.19351699632929265,0.0,0.17446894287473935,0.0,0.4266844917076211,0.05146779857233197,0.0,0.022153183770337925,0.0,0.17633516222690426,0.0,0.11894903358704667,0.18440715170670197,0.21372778516258317,0.2762618778784325,0.20526008385979022,0.10164292509993,0.33295614690123265,0.07936519922368523,0.06535516697996768,0.16147808714447343,0.019107138084571762,0.0,0.09660983842492055,0.4433073447057283,0.6578703877622933,0.0,0.0,1.0099410766828072,0.38868536252357533,0.05232502444353093,0.43557502721528696,0.03655624165605642,0.04687101618885858,0.43165560819757764,0.38600217445934293,0.519640781461191,0.02513511242998917,0.5177026009713288,0.12533476016486278,0.07087929196932641,0.12466186286042613,0.15303530573480684,0.12445684749836272,0.041661971519802776,0.09233831586996166,0.0,0.5403144146810517,0.008261651325427444,0.09822404884483804,0.16345293476279843,0.21116586986490948,0.48758717683607145,0.25111332788543406,0.04616996344232871,0.2727567615547495,0.12183969666644257,0.5688577086470192,0.1237040735031888,0.0,0.054001934321883605,0.18041691472474608,0.2759374766284184,0.029367927094382518,0.18281444015721338,0.08985351105113493,0.2261724722193632,0.2984526294076839,0.04458577733737368,0.04708222487256486,0.09029137606648852,0.39757090969981834,0.0,0.04741026275659865,0.04743136361245626,0.09950133976334824,0.05652444017031244,0.0550420633811155,0.1636730746729569,0.29730176425276045,0.03218207109381943,0.11980555820813699,0.05333897729215398,0.030539571671054366,0.1919388494071217,0.016449205500016717,0.04013761526565296,0.2522324385666428,0.18833728203064481,0.02400651789909014,0.07864254062241716,0.013596431575829682,0.08239021652034739,0.051428812489522246,0.007435326942169862,0.16579362311311596,0.07621571081159395,0.09364061836421639,0.5841520910530048,0.0,0.31652127584411716,0.009415982069254536,0.006426246236322486,0.15783944240548675,0.0,0.05192998599310483,0.41219023833520585,0.2324435213290379,0.0,0.7101433964512132,0.07677635737233102,0.0,0.4476228339313688,0.5108734228063602,0.3048975525498434,0.10287380841601834,0.3652234875002802,0.024305827149069703,0.08882056361800095,0.06376912764106857,0.0,0.2414255353631065,0.07944521533572857,0.4990345150167097,0.06903431532637394,0.2999267723747743,0.05295189839267733,0.15243918113781652,0.034808065513319164,0.17723695069055379,0.7626292999458717,0.1178775267405181,0.04435928657876609,0.045401143697981095,0.05194852457933141,0.013833050795783675,1.7163938526569416,0.08212397472019206,0.012003100989675941,1.5968893878013526,0.48319053706865733,0.3023144966176762,0.2629788281491945,0.0,0.19580017823068863,0.031845018566090344,0.04768439069056374,0.11285729794166022,0.12964729282313048,0.18583830114852118,0.7482755283260396,0.0,0.020954361289013068,0.030223261881980434,0.05891153726603737,0.10698145353733635,0.0,1.6461109085230083,0.02144405449817488,0.03667257209398245,0.03287554962539119,0.06817945353529975,0.07531057508458838,0.0011056830927116401,0.21519131264558866,0.2734149417453122,0.06693871349010605,0.5574592861880274,0.05579954212492816,0.6218247419646268,0.33595502764319063,0.07572526709087635,0.944701658039534,0.03906133852845706,0.0333521167838412,0.28426974791446424,0.2784947662582413,0.0,0.0,0.04926881893618884,0.18670190810837717,0.0,0.28916925460549403,0.01718695174642848
"((4, 0), (1, 0))",0.3004793621889126,0.46590651471485656,0.9357816758464845,0.031171718414926053,0.9756481652137146,3.2514330254753077,0.7896307244292098,0.24195762337594773,0.15919445094179707,0.08700296812565311,2.579716448728717,0.7593921865483795,0.24668411381958305,0.4719078577878075,2.2199892860207204,0.4519554119843492,0.27611308116454736,0.9502430349338022,0.5330969043161422,0.22659076953163604,0.6806525608479601,0.0258603870734726,0.10788088447340338,0.2954333428548841,0.5455799367191785,0.8260193363305312,1.2360148442172747,2.8048226575209054,1.5815200048003826,0.3994600541530633,0.33371770668314316,0.2784478249303109,1.5384159578254517,2.5739110814109014,0.21361550286030717,0.4520922155799907,0.6015710730733899,1.3426831603109899,0.1078358402458266,0.36866272323742,2.025767479239695,0.13405504213054464,2.142773515657618,0.15547502140063374,0.6237679291996738,0.22371511539645406,1.42392994777679,1.487197567744487,0.6633803544500264,0.45002145376551395,0.17733984985976808,0.27971453343096053,0.49254609720246534,1.3785699940685276,1.6960905082429256,0.8301571355059314,1.5642935401203153,0.5530887881237213,0.2533311480039253,2.48576336399705,0.7286460534512208,0.2602455298725517,0.4754074790878829,0.7348880749365521,1.2542277652564584,0.7519501624132596,2.721704645148705,0.37929937159838556,1.8992105598262372,0.3129221270986736,0.09612576888962543,0.2749994706903133,0.19010583370789125,0.9387850370236652,0.39261186844715046,0.1575245686328237,0.7306096382837638,0.501542202889375,3.83615692171095,0.221684783291753,0.25215066173625356,0.5541210073033296,0.5380435855721988,0.2713279786815874,0.4832502907407339,0.003538016956559531,0.5163090257664371,0.9251201165377134,0.028228272042730262,0.9650290837658924,0.26432129186072,0.06292148179205428,0.7485704784126007,1.5190272741548796,0.20809757632118542,0.7747751102100344,0.25552242551904647,0.6499837551711634,0.31539343083104865,0.8044047731928023,0.25290812211021607,0.3283328777847415,1.8847542347099717,0.27660115574422217,0.1157347209317976,0.6325079367189779,0.2647464932171255,1.5468842675237537,2.3437305371911954,0.10320270903662987,0.2723169683897354,0.4562455606230249,2.1780002312746145,0.4579975135831158,0.6336231995795325,0.43939619439088884,1.3548956717705458,0.8884145481803505,0.01889741877393647,0.21788055774170378,0.4656366264473244,0.05060639634006092,0.40409594258186554,0.8827503061880128,0.20589674658722157,0.3631969790706344,0.46286580782267384,0.8548839949203234,0.6791842162962571,1.2289883460059878,0.5345000189877287,0.2449602764936043,0.15112217031454922,0.6535869049653888,0.5449113851117311,1.2673415001690918,0.8665855717206987,0.6377006100380582,0.014093987068008573,1.7592056474250486,0.5433961924169624,0.27140055880288827,1.3719346206056942,2.3492307974937785,1.4508705220837272,1.300556824299616,2.481064716588859,0.13417956275324416,0.3103095496393863,0.6240151291682705,2.7056508092959297,0.8235946911448084,0.42468366044825673,0.3827674811659605,0.29196046527867314,0.9431297380689394,0.8766926101183339,0.5704791589952132,1.3642054431540966,0.9066183909858323,0.5453496688197754,0.09876032286679837,0.3821831798903925,0.5525630655908177,0.21320506750018364,0.25906908976838294,0.46697618369854466,0.1436512562686595,0.33703745582563727,0.67623286980941,0.432988674034257,0.434771109243673,0.42087018602714,0.22990632396453992,1.161085583428743,1.192401857016752,0.49152162561309054,0.1219083284337441,0.39629347398640036,1.1285507994084554,0.5228365763064453,0.5983436513869453,0.37637972661152297,0.5493184018082049,0.7399409031280145,0.3265288256619001,0.032067233075524504,0.6441216647615955,0.027032260761513993,2.191862837427209,0.7934842393839512,0.17890167069601715,1.3059362744260516,0.9737231832847739,0.4701152491670793,0.384918586734303,0.70477683529455,0.2648119553810666,0.5806081903423108,0.8778449533404524,0.2879614124318882,0.34877928596488017,1.4711413024035709,2.1001231802258324,0.12255230392239003,0.7754248574575893,0.9890320446030143,0.4896314841113112,0.25136753479771945,0.1345631066249673,0.2818696110541503,0.8907669679658156,0.46702283431144753,0.4220440942487126,0.16862981974500846,0.6862296325872616,2.037498736708815,0.00928272943859676,0.8879625666091722,0.8386426845361221,0.4583627072967367,2.203537619062227,2.051562314645484,1.6784288564760428,0.5070918757546419,2.009845920479533,0.1983436683794766,0.6392105570526189,0.8099974757740589,0.07556830067660858,1.292091974173956,0.11857870403340898,0.5513752841287896,0.38052166652937225,0.34245150417660175,0.3221897774760282,1.8412135952100324,1.5011766116727097,0.5113849111975453,0.13598562699108196,0.024160182031834232,0.33057533042918485,0.536839753547129,0.3206066210089549,0.382255810871424,0.7125580573587724,0.21577768699186906,0.066814671791809,1.5735943350625332,0.2547161157976795,1.4468603794391575,1.136736427322666,0.27242065797474035,0.34236581704064484,1.1603312078212988,0.32028223828147073,0.4009815728566525,0.6092307959500989,0.11108985994249965,0.1899062536338394,0.7443620631572623,1.5622437396589994,1.4326532806551124,0.6308704630593467,2.436328429296845,0.07463755197562882,0.2960322851630961,0.12781786268093276,1.4681645613469017,0.5494263088622819,1.292826355057302,3.8165566408662173,0.12285772625808497,0.7361184639813967,1.238365759013524,1.009997930290332,0.5494201124666639,0.5778254189520289,0.8446926943702973,1.8935778908988417,1.1121311175643236,1.4355831665542278,0.6286924197920492,1.0793010316847684,1.907297096965314,0.43057671349422333,0.4046444534732895,0.4185423281006777,0.42623342535277775,0.17114418258612357,0.4288399657788795,0.5598898801393912,0.16815395949621603,0.04355250539177091,0.21691278968069727,0.4477209420200037,0.4123467597792949,1.1871401280148957,0.36820873421681233,0.5299354566991926,0.21604030039386934,0.24185768741823044,0.2735712325997426,0.21313551336363146,4.063180658153545,0.27286079162946786,0.4367250311151496,0.22423985792001577,0.2868290325202052,0.990087960641342,0.1706703546468109,0.14323763016206548,0.7692667461272975,2.1523966817742157,1.5383200250587314,0.535157929961732,2.1174879364117016,0.25609647807897473,0.1909294379846309,0.6373617798348774,0.210977454879838,1.1598768702892817,0.5492026320082535,2.47410512939346,0.5642278804617975,0.051537459629949156,0.06181497935780922,0.5353831247326244,1.442875251536446,0.2665788932382622,1.9978026583869606,1.2566795302951164,0.44747772234977234,0.21443584636622748,1.6592358960560147,0.5223429642946686,0.708287962723255,1.2552743231524677,1.1870522898898932,0.8058459602927257,0.6046164998631833,0.7813127184835466,0.4892380546861854,2.75427420083168,0.4252028860236571,0.018032030669624388,1.6883436683659996,0.5807212896573382,0.18809858399798696,0.7321618606861175,3.028271582771664,0.6129263620354231,0.33192271912933835,2.2098540485153864,0.6099829852576566,3.1302347484300617,0.7667835276736978,2.351118744311212,0.4555045985871165,0.5026803075126558,0.48389253211909367,0.39415602061791577,0.019442935884819212,0.4425558177641231,0.19948061821670238,0.549322458410153,0.6602230476380813,0.48640857133749604,0.1989472386947866,1.2355453868403488,0.26345274132321816,0.17440189489391678,0.720527934155994,0.42784686217147483,0.6495866103135526,0.4540344353217608,0.5001191449215897,0.055426162498136144,0.2921098955898227,1.232638127301919,0.4374890494138708,0.01612493329513809,0.657365163724583,1.6142442967056678,1.6269126957192726,1.5811507570810388,1.3580163769634113,3.002191139935985,1.7235774119934573,0.21374226381759742,0.028550551253253342,0.20921364023177613,1.5388036516895804,1.9238524487453197,0.4562095270218003,0.595879202979068,0.9686363542375993,0.5088998539999703,0.393825842560822,0.31642021830414424,2.803194772599425,0.42153377561952254,0.8088284971217479,0.03664096769320058,0.44094806060700353,0.5448010512274568,0.44845105680037245,2.0493389193349882,1.8677425644304226,0.6187546332347074,1.7838172635638956,0.7553714178128179,0.6914756144107901,1.0080699181678425,0.5748756209677341,0.7653974257454663,0.000155963020309402,0.5069081694077933,0.6940204590931065,0.332641181464856,2.1073936141755745,0.2042532849264984,0.45370480683931347,0.5429665350882964,0.13574030807776283,0.08283829460894798,0.8790432778940348,0.7683642756601378,1.094363318771337,0.40555972390394646,0.4698961131576016,0.42986415337299544,0.49229751364181273,0.4771920843324271,1.6064894504092166,0.5128494178969376,0.2845968775137597,0.07642712011986691,0.654859471089011,0.36630926875082315,0.15610946791639096,0.2854220322793994,0.08231481849760214,0.4979235414478599,0.8271362303475018,1.7109459472129538,0.41125131167592954,0.13809177377943616,0.6015245533448241,0.3846995075550448,0.3834476671270708,1.5360066572902753,1.2511467237446317,1.4065772191329866,0.043929046529973814,0.3252664091348203,0.4053809799840201,0.2021970480542985,2.6040916216086005,0.7407966184371826,2.4666842801119824,0.4132592747142183,1.6582576343638349,2.6493126633801927,0.7048207509831059,0.03447626997407238,1.816605714957781,0.6791183736139714,0.08293567981326011,1.4545968687360262,0.6248855184759039,1.1108963860969006,0.2711997155906307,0.17952219869581754,1.9308537019275658,0.436905150161657,3.381059875458587,1.8853216776075494,0.1957846894887365,0.410907348307503,0.44900795515724323,0.7022000160140329,2.4374083542115437,2.33431141862183,0.21100494256476654,0.45487381822369855,0.33317317547075664,0.42827449350938573,0.22620772125450184,0.5411604994059744,0.011125094452574258,0.6897217352782283,0.877657056501806,0.11726896849593305,0.5792715435986582,0.18199429239635556,0.08707188717230419,0.2498677219697648,0.2533423049737209,1.3694893265785801,0.5330810265374839,0.5753763430468994,0.20209327479190864,0.13007503014498112,0.027299831458056922,0.13727063608192513,0.01850298004108722,0.07446090651468706,0.5526818081646946,0.258862520953417,0.6087878124643039,0.10775057164050178,0.2618309029156305,1.4471387659551036,0.20929130132885887,0.6708039314911409,1.3079347397731371,3.040301552322229,0.3952905876701802,0.5538190294639402,0.9158145627728234,0.49157366131840563,0.8251137479710258,2.228538672011196,2.993290708941641,0.7377524060186416,0.506006189878732,0.06079948825213455,2.01959637772543,0.5390830113078876,0.296599349338019,1.2327795302447833,0.5846253078237422,1.2813900672843075,0.31486961889007636,0.3193031515811202,0.322827964072397,0.13678459189210823,1.5975593548170375,0.4162426715210441,0.10250645340753384,0.4020821176335856,0.33435472600605515,1.1065355884446646,0.5504596756795439,0.004226363552976675,0.40692433402050976,1.741591363250341,2.0769560662894992,0.9740327357996197,0.48705338872627535,0.2857584698530523,0.04531889957671287,2.930088692760751,1.4459796908514315,0.41136219921458617,2.4847632315331603,0.8893099433601879,0.46442901998763975,0.3536950394518411,0.18390010719076377,0.37275653059932934,0.879361649528252,2.101141821811801,0.5383870711219665,0.6662611069004911,2.4008407837813848,1.751513909700517,0.3046260877133239,0.6210454145998417,2.732236044084231,0.11826429529799432,0.7699597526162193,1.871149062652467,0.38445152991809894,0.35684414452019175,0.267327363219652,1.1079101506249627,3.171854661188166,1.3121728921521951,0.49701496474893747,1.446087183573178,0.017907435981894038,0.7537841722682725,1.2980182577645496,0.031033402345724492,1.0794888587505245,0.8759518043752754,0.3095895332190205,0.2009529262643852,0.2951384524550993,1.6847361819368367,0.0019322192655890635,1.991763925530367,0.05027557057157361,2.185376399060655,1.2163015848122258,1.5856662593207063,1.1861303251205464,1.5981967818662592,0.2736639889459221,0.3945536891693684,0.7036725297553992,0.8878906901464001,0.27053457154224714,0.2761978754350928,1.352066628477749,0.27216657387610255,0.21889373665788614,1.2122339712335168,0.4907126971411314,0.16758386522893912,1.8229679732396753,0.06326563357245463,0.8218809339267086,0.4894670019268119,0.806416415738415,1.1151261182715895,0.1576453998789179,1.1815217414229882,0.9477941539415151,0.5296958256733706,0.07104041839981856,0.590912825863255,0.5914338864135251,0.8100957758459508,0.18132821469352667,0.5997901470347884,0.014851976413330525,0.10675340654013277,0.776681358825616,1.9998337580072223,0.07875597407547019,0.73911715588677,0.21414123861623158,1.2478260964863686,1.5925039096101856,0.07231125883905687,0.3203155535072258,3.3445677285645425,0.36431644721373746,0.4162575956412078,1.8220046420913598,3.249615947457542,0.2670658872813736,0.0811367244672967,0.7623555555520152,1.7515489054769795,0.6681381437477727,0.355887312101389,1.0566627079230402,1.9450356437366345,0.4114709584669933,1.2192505556292592,0.6150657885770887,0.39486701100225263,2.394616109297729,0.15335333006005758,0.21369583096843203,0.19063986142926048,0.98090576490236,1.5609370120769492,0.8308870552428598,0.1515381188347118,0.736635749228979,0.056775203899114945,0.1381920514832924,0.2799955627565476,0.13781697479435895,0.5120477415745879,0.8884995089751202,0.5000309496745222,1.6736566539239632,0.0777383127574035,0.5766184012978701,1.4646296714208422,0.7104606519203214,0.3815454798658193,0.07439369063946999,0.5567504726884811,0.86775364488604,0.05940665604589401,0.013488218543712738,0.6083962408721937,0.003657958093638003,0.5456737417931331,2.0877515510991134,0.1716900074117651,3.3740366284397223,0.9142881173802953,3.1148986155855027,0.560691371113254,0.8755436490242048,0.8860532365582653,0.6710534398958654,2.0944322718795614,0.16269440477716168,0.4248609670224,0.15422090333363064,0.5190985116497027,0.2833448130269627,1.147170023489706,0.31705786520503376,0.025400358076671736,0.17892476346742736,0.2005288578470379,1.0755964981863522,1.596261172020064,0.3103144125111942,0.5773452250038387,1.6154222764042592,0.019277208106332266,1.1053653983429064,2.0126002150588267,2.821729737637265,0.6888094079258797,1.3802885892952461,0.9375953044880578,2.13043860214874,3.177299479591963,0.36296907501514575,0.6892618744459125,0.4401739565095411,0.30011414624487465,0.7731298962896258,0.053607168087406454,0.46789129160799003,0.6947288610421161,0.3564438625212478,0.5594659161469548,0.7894900386587667,0.2904386873172137,0.181975017789693,5.18716415216241,1.9861100085543693,0.30722202001582033,0.6790039863018205,0.4760066664243434,1.4590423171967812,0.33626962026371987,0.690439726304575,4.2335026234794375,0.044491452662489106,1.856979077560889,0.2528347617485027,0.5654262200010691,1.8182686041860814,1.7634171287194256,0.10148904706710615,0.4579088816166538,0.06214627521058369,0.531801413887077,0.017537285772997235,0.6953258654003522,0.3514525694807944,0.7183831247592262,0.2291863795877358,1.0296032230122218,0.532668268566087,0.21001764652589983,1.4301002767475772,0.6624180177230481,2.644179426496405,0.4885983427565789,1.1016508470660353,0.24676106937136977,2.358678967566183,0.5751931054081312,0.17758858914612752,2.34817008882331,0.05814051248480223,0.2686591170150989,0.3707085043788053,0.47632033079102265,0.0961812665680688,0.0013289106798157757,0.729483085839167,0.9756589918158024,0.15166508896491704,0.14799545531683667,0.5341993263516349,0.14677809235111128,1.0078280559142954,0.996465104718615,0.02417086607676744,0.2466138337167887,0.5310499018292483,1.2184732878516575,0.4699990414011175,2.537296761996152,0.5245638483827739,0.7737410287979269,0.2366699647876056,0.8796946847891527,0.36462334807826213,1.501444805345153,1.20359816022055,0.2252306364271338,0.10572194600488327,0.23046629081689107,0.5836684029466641,0.23935575748700977,0.2731637926604349,0.24454996100682835,0.8653578813694507,1.0822322710088392,0.30646216059486375,1.252233048189077,0.2494139337775071,0.2625448270252806,0.486126992451403,1.289987523470224,1.1305216480441507,0.6534574284413208,3.109491141229938,0.30406504486113495,1.1282018013796722,3.541701560524956,0.8501820212915094,0.4261916378962985,0.37958179549587534,0.7112942242810905,1.8439428164218328,1.2404645324561658,0.6296526675852431,0.040272833908968075,0.34397517115087506,0.4118073618871639,1.6654818862647986,0.9205177533308533,1.2476116128834613,1.0627515342491325,0.24726926098797897,0.11539140346988558,0.265390182379994,1.4042374827571509,0.04003279513762559,0.8555483817392205,0.3654044599701869,0.7315441001850674,0.30991997729445075,0.4257863351558211,1.220085751632344,0.13379920367891573,1.1004860061338408,1.3469002339447012,0.5368076732898346,0.0986818483571894,0.5987150229822338,1.2348061837439732,0.4694046757556878,0.6601286075971622,1.3954214467720605,0.8203585884270574,0.5781839809957442,1.1213834636977669,0.0031119069464113913,0.22917286562772127,0.8337589298317116,0.650307921949018,1.6732628904908755,0.3524969849682029,0.19942229344660678,0.4131412305301576,1.1511959782421046,0.26866283450775785,0.4738497694652719,0.9730468406270689,0.6753349664785564,0.2835823431168423,1.5735604540454542,0.011324151157938611,0.15755376071545268,0.7590044204973553,1.0361255623723353,0.016304881097159052,3.749816502845225,1.1067188978253883,0.04679162816447269,3.3501663201207843,5.1011964231608005,1.4340402674396104,0.8179948759823426,1.1875259578604076,0.0008466439453972407,0.04721202288096915,1.3439938356501808,0.5090740281511934,0.4855412977248068,2.0447987625595636,0.33123516333816494,0.17677096564419026,0.39499721367757723,0.335608599348336,0.743587568438913,1.3056518887403623,2.265207678653028,0.2361853656842784,0.483766541986284,1.9740170956955498,0.7886809843955875,0.6069822804843497,0.12333129369295781,0.18316414238119627,1.5899180590779292,0.6158882845923064,1.633166273704271,0.562149587177339,0.7391399095904376,3.34306360325824,2.0530915635466633,1.4508434966075332,0.027146941751896636,0.12377615208309906,0.152759080335102,0.546453489431298,0.2332363531513877,0.4559475172882874,1.2801632062365784,0.0828829137932634,1.1059214489721725,1.7372066077692283,0.46241415957990706,0.6782762938579093,0.8731184399426284,0.5546366421193004,0.36221075134987313,0.4213654456183722,0.11498915500205587,0.8892781525202295,1.3476313208825963,0.5497252453346644,0.621366150333851,0.630785340029774,0.001778173068535116,0.47092348750093405,1.278046153899099,0.47468724049274,0.1160554223435466,0.15658037674395864,2.53956316429162,1.366623405237565,0.2192009767936388,1.3977175843913678,1.4389663400445345,0.6421669112369246,0.6705524040600376,0.24038435636931665,0.4478374577213692,0.19688223356697399,0.30113232026316805,0.1337183358055567,0.15009654687949014,0.15980808794811716,0.17190930239647328,0.9685564950829648,0.453051621810721,0.48540390467256955,1.66917441108584,0.698503258718977,0.039013253786283175,1.3984559185766,2.0784136844790373,1.0542894384142811,0.13519400840160944,0.3258147171047274,0.4604262881028678,0.12009183033919801,1.9312327442614063,0.7102143896615526,0.4340256135841716,0.487517230013895,0.3963615554916067,0.16263754688342225,0.3931504701435822,0.1037873216202807,0.37411111065116964,0.22595636533846852,0.6930274364647131,0.5227236741091004,0.5605220937918416,0.3375420270916816,2.0099542515508886,0.31239562471545823,1.0669239805722346,0.7475095225749387,1.2758704133392686,0.4958736766840246,1.1683172037767666,0.2507920601313376,0.5999367356115082,0.1323021021258035,0.2204893069470183,1.1272526570524892,0.4528649385368393,0.4157145229209571,0.022963103732528523,0.3478313741126613,3.5285821731517664,0.96669945711754,0.2717659894030846,0.5955132140368931,0.49802346360120997,0.8840024289141395,0.0850448552960551,0.7986699183280419,1.855647611650586,0.3699414715060213,1.7693656618974387,0.6842080666738919,0.8236456546715311,0.48373151236836986,0.22069414340163862,1.0341857403038548,0.17574545438193967,0.1258262278577541,0.7855561347326903,0.04928284022954066,2.0857062608482577,1.7504632653070464,1.2238403052115971,0.1298737862549052,0.2980617327774132,4.769299573817645,0.6425811351798032,0.09710169853867573,0.4825350318356767,3.746391137870334,0.41244661916047476,0.17349349618033238,1.0531288928342184,1.370429723820656,0.28815522062427457,1.8514585688845542,1.8168715802728803,0.3258437539372545,0.446623269257604,0.8480263220394721,1.086896839183224,0.9475515232230217,0.05981537001623294,0.26916226342522354,0.9825602908665279,0.7011079871218593,1.756016010383535,0.20355016852858077,0.4297706727232278,5.0366821864003235,0.3090284337780794,0.5970389012322648,0.3271914590218314,0.29675017252079017,0.9113339952607602,1.817057009232177,0.5728867326629627,0.47107588018844593,0.6294515892487806,0.6521417141872063,0.3687625824958296,1.0334473398106432,1.9478649180414997,0.12162895158681097,0.6972880841149713,0.5422916521094203,0.5210196557729172,0.3430209497106247,0.31101136893747894,0.7069280251697001,0.17498351570287962,1.12711344402893,1.988577591394622,0.518709634275333,0.18015588259130766,1.0805885818438745,1.0021375653438707,1.078382506761147,0.14257149882488007,1.1647424270729445,0.23672284765831275,0.4366175758410411,0.4590148612090328,1.3658010820439004,0.0803235544828872,0.7467064954509213,0.0006895999440102996,0.3607441230311189,0.1106567316116307,0.014278478381035131,0.2866924732603806,0.46458162249471213,2.7627792803346387,0.10913921117506886,0.7032256106939688,0.3012253060836269,0.2882692349757614,0.3974315978060323,0.50239669490611,0.296780889010142,0.7113478411221494,0.5708140848967325,0.021364992064234034,0.4152487437625183,1.1948971604571743,0.7459907191082036,0.36960562301539546,0.2610282341660477,1.0864628648320385,0.3353353880966352,2.0191879091144602,0.5351576190261937,0.6743488890158538,1.3790630369963992,3.4497154009542363,2.490371364794649,0.13811925850167062,1.0285701609813829,0.3729987588873733,0.2995070437501799,0.8742033919221393,0.4648212058719283,1.4875777680947109,0.10714348909007154,0.2420278732754868,0.16576662776071693,0.0851523774160603,0.49969194875511047,0.7572086879315328,0.24181725007369925,0.8991928798251663,0.8553470345616725,0.25287672401465655,1.4382016128275326,0.20411981548934421,1.7214345030922715,1.2074797477523251,0.4257560828871294,0.25517669863450443,1.009703357625471,0.6177989899229481,0.3405368874984277,0.7552622701061729,0.765497212931757,0.45458785224193665,0.36862943724886554,0.3567571249377737,2.0896804976480587,0.2899152799875775,0.6864103098377845,0.5725824440161199,2.1496995882510634,0.8269196031167318,2.364392069697231,0.5104005534763534,2.0390562491134214,0.016822125165442126,1.245139312130017,0.11251160404161265,3.8691531234877505,2.242952574438034,0.7877308632369022,0.749575167704825,0.9445283594976703,0.22157020502188307,1.5597235786736108,1.4923554015093445,0.374389542470944,2.1402190959561507,1.1363542106176983,0.8413850359970378,0.17899532261326456,1.2261598383782566,0.1962633515825971,0.1936517090982406,0.3523137669211406,0.7886277017040235,2.418100655626487,0.9263276317546991,0.6282150859037481,1.2352289065325304,0.19624910752172053,0.8144141560578259,0.272963967058921,0.024067353554980464,0.01583418152793037,0.534672253408377,0.017997064112040828,0.8870273665250314,0.5006134363296046,0.2368052160812557,1.1168169649914779,0.6242971730324713,0.5318633569297873,0.27411138297778237,0.316578261042868,1.7945803159357407,0.8309957920290469,0.40396914204029666,0.6937379681845182,0.07488914622822462,0.4120592940266965,0.30622340351616373,0.19545105123125905,1.7250082830515674,0.18999204897370292,2.174442589537966,0.6429818904167335,2.1544323792961304,0.1682388597625688,0.7294152155443241,0.12247011086831316,0.7789285367804489,1.4682877730039428,0.08118493932738313,0.5054243930504481,0.7108893379205016,0.24788751397406505,2.1879192239020613,0.6804982269502025,0.5021081098263904,0.2307068717288704,0.8867817368122828,0.9493041418201242,2.1313313034701116,1.5082732462016781,0.9627799381146998,0.19419502505714958,0.9124700406955215,3.0475262490591875,1.1184206918714117,0.8817166697896182,1.5219895411797189,1.188725710050146,1.6092675880203466,0.6952620529681711,1.145160607394109,0.4461247526357417,1.113417609974348,0.7472535197542449,0.11312409655382805,1.3135651905800492,1.3605247179827962,0.20765613576292036,0.8276733835688921,0.5616398642727385,0.5969298234548199,1.0394136715598281,3.291296399571184,0.8404697692330332,1.1891507045436776,0.1231603223697324,0.8338780800813711,0.7407783786959556,0.2105848661313673,1.0058673291458695,0.7497260328867794,0.15541419912016874,0.23991205862701326,1.1453405712010547,0.23949464376792973,0.07083517478488766,0.4686813696055423,2.3460774840775853,1.3014656024799773,0.1827523167366612,2.2852037800610123,0.1555281258584329,1.6025817793498918,0.09075902500277666,0.38414250798517946,0.5527457077797455,1.8244479947278927,0.5858566350028109,0.39711309794505345,0.5240090269011972,1.4438720801147005,0.40415669133295107,0.5336117854302698,0.9200587339545984,0.6150043084187446,0.023815439684023998,0.6042332684431844,1.0494460655101565,2.576670873332272,1.694502707454884,1.3989332904309557,0.022484782712769436,0.16408728863615896,0.400839786855578,0.08128639051112108,0.7550083515445487,1.1721583389824313,0.015753098883974692,0.0012092151809467433,0.08519087171515127,0.055275152799439065,0.3960277892531089,0.26944854727679934,0.300168565731183,0.4165327977582919,1.1528732542358175,0.2314532699543303,2.287466955392463,0.7558274172448698,1.1088526457872434,0.4046323558279199,0.46381687347145284,0.7992388885995245,0.04861452475091488,1.056937859101889,0.5779761308636225,0.6170694757320532,0.9667592415204396,0.278429248087278,0.9840178757104519,1.5302231483596307,0.9845066944572807,0.3730450939648031,0.4693084270001112,0.45557627011865875,0.16108877938288035,0.6056169646872136,0.014517622951042641,0.3197621376388155,0.32535785180864885,0.9371260763485207,0.3414141768709047,1.134722184336175,2.4497718840769984,0.004921464579731527,0.45594917502194177,0.7197392498750483,0.28477374871523775,1.7855457807870772,0.6327871050155753,0.6096867530105303,0.3700497424176912,1.4416325504023195,1.4826305837145797,0.6118724145412582,0.24990275995114475,0.12153241201176135,0.14198901582684353,2.143965516106616,0.4591708265266399,0.9306818557988694,0.2575413423817639,0.2004643797248442,0.599672854502727,1.0202919641353843,2.2170966559476986,0.858683466946089,0.2773233689755392,0.06817374240672391,0.4678087623273594,0.4279066167855732,0.3630863414511799,0.44652420726920455,1.0149551264395176,0.564343040184146,1.1289891047875587,0.9048471354903307,0.7489025623112542,0.9978468378823571,0.7198974771641531,0.9705716815410028,0.6335865964711104,0.7431322760260434,0.9730210295593742,0.5318880861513482,0.5932316860547739,0.9435280916873126,1.3867297399670808,0.006823212049710037,0.04423849663155632,0.3682133253904649,0.02394767894015648,0.491435229555826,0.04666344629385688,0.24031308140517282,0.7496947556549565,0.24813633300325955,0.5186849361902552,0.5425851253898659,0.4701130706203882,0.48544010771114643,0.24439636589714775,0.5371451910536984,0.564035885255433,1.1543996050030998,1.5767136625709388,1.1623485809559904,0.13654235786283175,3.613167650260695,0.42350135468606576,0.973021946570543,1.597370961695998,0.40286952767873707,0.31666181252909276,0.9238280013805902,0.4775769325292587,0.7193722115459222,0.7594419317808252,1.3874732377077246,0.2113390688096055,0.5413708734038597,0.7296907424631607,0.3480160007170736,0.35491908374251957,0.4534759154880692,0.46185094186464015,1.1999189533521566,0.37154632009264177,1.5693079094632785,2.028716080775202,1.392544249896103,2.1363771874480957,1.3031300726693011,0.3679818143371567,0.038182428791916134,0.2687411798290945,0.4465405790461141,0.27518308704162986,0.646568427614872,0.4733563546715769,0.33106081630329376,2.399804459661353,0.9221708178480074,0.20170563988700696,0.46008226089809634,2.7434993595984674,1.409991466226694,1.355170897518528,1.5513580488271013,1.798472279576942,0.31084610251547096,0.6361898363522545,0.15219106276056837,0.00852495288121835,1.1466383842443326,1.3355374731872667,1.0176018054408422,0.044585419520573044,0.34440926741198785,0.039790859891921215,1.080582863420611,0.0016875616781586444,0.7990105858835737,1.9623291494800612,0.04112797934095802,0.5068182576411928,0.7266553671294482,0.05323728831535801,0.03130274854467674,1.7235513463915022,0.7285842000747158,0.4295590922752215,0.018943601220122952,0.5304641842985345,6.39995538617886,0.7590564179272121,0.5491889907497032,1.8239801794311075,0.42427121439563553,0.27382830242470035,0.8423115024337119,0.7369592770340425,0.5684362067057458,0.040637748927957185,0.4017331063820617,0.7938191258781746,0.5655990091398008,0.2962225231673833,0.7030451634546573,0.55149865779841,0.21073021616137932,1.9780744303491644,0.628255285868819,0.7800959934185927,1.1991479629920807,0.5290750534178357,0.9159340032592884,0.751596173877404,1.4408361997161587,0.0043012958301944515,0.2085143434476456,0.9479559237118087,0.30533993030386286,0.5912845789803405,0.9288216690749181,0.5666259340301236,0.8581607233785578,0.9557154427666237,0.17598400203300424,1.1302283359833962,0.19107874296621113,1.4247159017289954,0.5009488570147158,1.1347341612916098,0.5110918773873194,0.36811718701438556,0.8324965675402477,0.7108350211945855,0.16112222018242217,0.2529864994217413,0.15180974915275025,0.6218853734996791,1.0323258775124566,1.424907253013944,1.2809181234836422,0.871613005601217,0.017114190409965424,0.013427324537854668,0.07857603304899996,0.14084767506528062,0.04131265177616894,2.329756449612062,0.49812112535319164,0.18870130109298755,1.0426704205529342,0.6715046035805133,0.18060461652119242,1.6041002100083113,0.1199120027965419,1.2828078858248746,0.22624490674692033,0.1358758141166736,1.2703452392738832,0.33317343035780933,0.31772729480093287,1.0435085738181664,0.34327565928106574,0.5223384922058338,0.42049371180488093,0.5853213960675093,0.36597831676777415,1.9985453786202654,0.7082880390513178,0.35614842517870904,0.35951449740274843,0.14155487953845713,1.0716109211588678,0.14700909832181308,1.2363543029799726,0.4077236956444559,0.6296831034113277,1.4044044719558781,1.2122295839381063,2.784002134850514,0.02253171734557896,0.5557532390251385,0.4174740584150687,0.4180226379059555,0.7417977023343647
"((3, 1), (0, 1))",0.0,0.0,0.0,0.0,0.0,0.0,0.0,0.0,0.0,0.0,0.0,0.0,0.0,0.0,0.0,0.0,0.0,0.0
"((0, 0), (1, 0))",0.675537725877128,1.1696786038932034,1.7877610367927133,1.3673409205225526,0.3855020774958774,3.25032171667715,1.378204791403543,0.6703578375465884,0.3715507357571348,2.087515022026506,0.8847878537755955,0.9060062168639051,2.175491640099475,0.4412986721957193,0.6933194110244456,1.1011804917836887,1.5616573288525224,1.2618539806946314,0.6651643720684552,1.3032112004720715,4.981270047051079,0.4769474362459941,1.840593297477157,1.1423666633947018,1.1041098254337125,0.49648317742092474,1.641449076680497,3.241068923323188,0.9284701346933085,3.8182609956604656,2.6523696113049775,1.3259651225963083,0.5149029380251209,0.10650566767843991,0.5330318799290829,4.623410608559601,0.4379774199708215,2.188280671920744,1.0370265142513422,1.4485992043364757,2.1895995642337307,0.18896176573626178,0.1836743727700088,0.151670156242447,3.420878960763067,0.6482838717701802,1.1863203132246474,1.4608693763496048,0.26615567820327474,0.4710591398164087,2.006267922612327,0.9727290827450147,0.5356728287819121,1.2941249759412985,0.2611090177752864,2.61717592360828,0.8512729589338798,0.24095808816303188,0.6241179126137641,0.2870798787306477,1.1944041859619876,2.173309574675976,0.5243401542151466,1.2520474758336353,0.4432320364322008,0.9634082752110724,1.435086182173618,0.665044287189078,0.8251607716835763,0.96171469186671,0.3418564367596862,0.9258263942063195,1.1174555219569657,2.393319819575412,1.7732226833218585,0.22349921578370463,2.538284179387057,1.4973222510546194,0.5365151643008639,0.14150331797708648,1.1113388870321466,1.8781511289850197,2.2667314469606383,0.9905080942794549,0.6955337587094451,0.42417609325197325,0.8576115783962313,2.337085649692958,1.260166098038217,0.6744633651927414,1.4954622558836637,0.1257562987092202,0.32298839697664933,1.1709221839702257,0.26566228760250604,0.7431622433064434,0.8109746349171134,1.6694237884882999,1.5588161829563734,0.18459526434331114,1.0086868394681374,0.8839772036049182,1.0474321376768159,0.45207524435716234,0.844140872309001,2.972668526452099,0.5820177479395415,0.6859416316447736,1.3577901116448894,0.5441728459957547,1.0582016770251181,0.46201984437619126,1.0795258542682522,0.9238840579677745,0.6598443310066404,0.7927800483938271,3.3010240115377956,0.5378666906416429,2.349712472487308,1.9885939461092697,0.2745178752389432,0.259106719280869,1.6903397989748359,0.8469116822177643,0.14646079904885334,0.3345821173837207,0.9693845548458331,1.3273950662430254,2.050701953615082,0.3780462125443403,0.38200952782313,1.5286217021291824,0.25206022149163343,1.6238703055076311,1.3725134219903978,0.3686021297085078,0.8735801540354334,1.2641545289144474,1.9223406105811918,0.5848579652285207,1.2747511486934955,3.1436981736569543,0.1626318824087588,2.4157996369114616,0.4307157217121029,0.36160181052818646,1.9989116443123927,2.1152020597943175,2.1733137281591035,0.5696628298684157,0.6457216336131147,1.7702497648488258,0.8715144633787014,0.23725321862098592,0.8050335124023976,0.5434285544286162,1.197533994247617,1.5311924342315142,0.5937590811745274,0.7666959009828447,0.3460201069301828,0.485619556505657,1.2229300203977664,0.4430472345708599,0.31747901803416817,0.5339676490640026,0.2852244915890887,2.027861080990748,0.18341199073429781,0.9557394532541075,0.5122303530712948,0.16808746756352916,1.1102059200521521,1.362342202053902,0.6385877965792608,3.1029655903861078,0.02443183251478176,1.6152305121208577,0.44114203147999226,1.1771471091827452,1.3431699952310048,0.8961149683768559,0.24509772662113405,0.7099574814537893,1.8598142230064123,0.8864256759910991,0.3577224121307707,1.6911844462515833,0.5044915871221266,0.4641372382148519,2.6724039686317504,1.0962435026145503,0.10014140320766635,0.17895717128580405,1.995154241962426,2.844433233533853,0.35670215115592174,0.5342273376865921,1.675925989119609,0.41695783668993824,1.9177192982254185,0.6040142938236931,0.6121268011772286,0.5922718786736613,0.7033061488321762,0.2635032251857235,2.906533035264125,0.7587157442146903,1.189998835310324,1.2839971894076343,0.5375557881138365,0.2879766338947467,0.9952118784207727,0.6461207825993257,0.40957790772207703,0.5975783601449958,0.7859835231416497,0.3675357466697688,1.9051698924231104,0.21618256169195585,0.9755480767167173,0.9785610713031659,0.6512312989117452,0.6809693985920098,0.21741652470066136,0.8914195280912172,2.5363430179417956,1.0101073066167938,3.744600141989558,0.47287497650744315,0.46993024272660716,0.19668079300261776,2.3949833130214087,1.7933481356742103,1.4869041188891985,2.26255977691845,0.40638726602859687,0.8882434522082696,0.7360617295548009,1.0098633359113078,0.2120173374888763,1.254963191205403,0.705485856854826,0.46648131507230894,1.1588151925338563,1.3478546001447929,0.8763890611914484,1.1012002989514762,0.5980282758805685,1.053711819650125,2.7739759412230622,1.1217339377056985,0.4698356118047937,1.514896017111331,0.5679245043571615,1.5277044880638189,1.7250682248185356,0.24227752672517314,1.3634732663809643,1.0162629594221697,0.4516246261895597,1.8440254522510764,1.8779303899468098,1.0879652286763046,0.5947977046582894,0.9632572646562663,0.8658823787957075,0.20875530883265686,2.7716133543950328,2.22681761662682,1.3960779286551224,1.098224131576743,0.4474679544424073,0.49125485390483453,0.24373424542884303,1.2749364218320343,0.837158805306819,2.8702352494626897,5.564329879154342,1.8689185457635595,0.4150189476256134,0.26043096303848035,2.393325484956077,0.4343907097794643,0.33087697366058466,0.5670056268108223,1.284369383470508,0.2097170115809884,1.267011444400162,0.7514390728826034,0.548116805711512,0.4202664650620126,1.4140721755238492,0.34264742875336524,0.9301528006971699,0.707942143459149,0.3858490605866266,0.5660781531268011,3.421088543123894,1.269301804177124,1.1153048986040568,2.363171989801212,1.176638245982705,0.699964997716958,0.43910944860984125,1.8295957786200558,1.499399883884068,0.8306279252871331,0.8945218353384836,3.0048825794153107,0.3780405702846086,1.1219847084613548,2.9819439136062105,1.527067921470453,0.36148800067287956,0.48048588500599065,1.936466745547499,0.2933499569898781,0.6618667339478235,0.5981497029535581,2.317922191296175,0.21679234573991735,0.6990016679397231,0.4839451066551589,0.4437925292038302,0.5233537878572175,0.9930045923563822,1.3663038041073914,0.29797245747487217,0.6636372080443131,0.8117390874559225,1.4290549952656226,1.0328747166109726,3.567429687507171,0.7452499331355851,1.4578538333623967,0.356606302746761,1.4542528033697566,0.55481899767019,1.233963500273529,0.6147823928391705,0.7382387511510866,2.4755810907260303,1.5670942367938898,2.6819709352835286,1.2236175499861504,1.379247069199859,0.34748997042955937,1.9567522138707574,0.195027836738916,1.2170753534585095,2.1931296844803976,0.3473724547212991,0.5577582804964321,1.5308409059513084,1.0767057850633694,0.8001560101398599,1.28993887330814,1.8816160091727296,1.1334898259613193,0.875835464351105,0.7569043718919992,1.173012462368686,2.4686615283293714,1.5498248191582513,0.21311523361467244,1.5580816901396082,0.5467581535954594,1.0029523051750096,0.7187115311044314,0.6949426807810108,0.22520299309832054,2.0830018832919106,1.1898759020950398,3.9832734059684918,0.3729078224427049,0.19651142205078398,0.10907708814096762,0.6746531128121005,0.47716714996160586,0.6262922854170503,1.8651330026471098,0.8854365321693412,1.9898398760432938,1.0546007741668417,1.2406421212335996,0.9270286496182021,0.681945872515832,0.697850485757683,0.4339282824573101,0.8267480886139652,2.467160108723216,0.4648832562262822,1.6891680172622412,0.8513245898571137,0.2982972316190175,0.4883788256195045,0.17615766113001802,0.6692520742804001,1.4637272893050903,0.3461642453100661,0.37602894452803415,1.2448740132366845,0.48402714760458654,0.5943025025093212,0.9557038739993537,1.953090562426993,0.5211547636572852,1.3456604028348096,1.858754001657328,0.3821470694139365,0.3931831824512596,0.7879475084647736,2.044139502379226,0.9893490954897703,2.2486664731724204,1.1569389861271933,1.2256921421835292,0.11722294600709324,0.6972737440318675,2.17916497462212,1.106513538979988,0.5657624115391721,2.9851341286820743,0.8411973324570953,1.4144165767079886,0.9125462443678088,0.4956541576341994,0.5620023030442955,1.0596514101163665,0.5902659238368947,0.5717489389016094,1.9828927477124716,1.6276039406864262,1.0075797304283602,0.43643268235208965,0.854765522921111,1.0792861456883747,0.9222260253819955,0.4693079538477229,0.2004174842029702,0.5890636970442595,0.3151687521955901,2.039089389135098,1.4120982787385954,1.693353258355158,1.391543149964613,1.8228840512741429,0.3529842164208279,0.9076463320777056,0.7677500633533734,0.751033596711124,0.5442293567013186,0.3771912980645782,1.6499305802359376,0.5332439911505379,0.7778016675515713,1.7504363614353449,2.07487612120281,0.21684265032697037,0.4742051658520383,0.6304023304243442,0.5579307960835715,0.6476337407412212,3.2552773802594572,0.6970766357638025,0.6300883571107838,2.1547329834745845,0.8558436006179119,0.8356358321365647,0.7691315700299157,0.7676786209874296,1.281188546079438,1.5533115499990389,1.5148889952089597,0.6180007048850322,3.1526477108678574,0.9167343899413122,5.178043483822197,1.251501651656557,1.1616452887567856,3.2641451645210964,1.0197867605469215,1.5584563494604748,1.340800077264812,1.269499990951846,1.6350191390539783,0.5599139154123154,0.7441184251503636,0.5323661920036107,0.3284701570590683,0.8542157592306443,0.24989807548730208,1.0886544324084535,0.6363393027642634,2.8392297522435466,1.0990469753093428,0.5290080826020314,0.9058823218236784,0.4467784801394071,0.1789244117250739,1.214828737269663,0.7597320971400481,0.8737049272893946,0.28646963324542263,0.28163931428249345,0.8668846379681806,0.7972518500895276,0.5870511895531852,1.012381816510572,1.4852635789968591,5.353572740479011,0.8976898924498716,0.4980161101995232,3.4332423068255244,1.9122165365600454,1.29951406183691,0.6180336628164165,0.6961458942790739,4.339036688883037,0.6167940713437988,1.7139906129485816,3.593955518396281,0.782437365103547,0.5785765934405432,0.8353333650551812,1.0310248315194217,0.478958252153009,0.46500975823204105,0.481599793840601,0.4871261410757842,0.965599632667433,1.2586650425842398,1.632396914231248,1.8686461498122162,0.48192905739047603,1.2484979598348585,0.6521608958981412,0.25756625600064054,0.7415675859642888,1.1733219555894143,0.8719663148936265,0.38866391464555344,0.3978452862262438,0.6013151059518533,1.0182945638126168,1.9771500045121764,0.355299141559085,1.5569276727241388,1.4743011420103074,1.5544937698088201,1.2394272278597267,0.10712184609975148,0.939225758690922,0.7894145632896437,0.40517873405665783,0.5389164238382929,0.29081379291320064,0.49516918098196305,1.3602274200833744,2.3470343473158106,0.4520994134557688,3.2234475823274633,0.7881792344465458,0.39647958161000124,0.2762554565880049,0.7075821337160377,1.3850001737617157,1.0980110603908595,1.8432555646916196,0.6629829492946266,2.9742098920547564,3.1168248321793657,1.229129580195351,1.4272466779876016,0.6585433694536431,1.070003639256865,0.4746409332159781,0.26833778210777437,3.08887566244604,1.575763827081257,0.5504990675206085,0.7353609060443614,0.13943971934139215,1.1189609356276178,1.1951020292818606,0.7144461048106314,0.6511296764529957,1.0709199163285472,0.24204789785603556,2.8489216451102175,0.8615775607678333,1.691677735221946,0.24205065421963246,1.0236817437367782,0.16661037689598723,0.42740293134363005,0.18977968311299406,0.23745876821646944,1.0400788487052208,0.847384931974677,1.9817907295696569,0.36417201956489187,0.942352325282815,0.7142466465135431,0.9398554705865798,0.8661804759396843,1.0341425914858564,0.6018253467983362,0.6380996104280972,2.218893132993094,1.1805299655090913,0.5352617104051623,1.5116258066447517,2.812709403975669,1.4002994134768847,0.5247971187454511,0.8326045863421101,0.8847585624293735,1.1744367603487555,0.44896427418821366,0.9383614396912824,1.764075040953111,2.380225389402106,1.0662785871459595,4.200967341200896,1.0403385748715155,1.1237942563157575,0.3111021314260901,0.2964098597664611,3.010623675539821,0.6576462161020213,0.27404477026818785,2.184733530214641,0.5475789872471454,1.5864679325438955,1.2914921875992176,0.19525748471177326,0.8521321558100899,0.466762801069134,0.5632383977924043,1.047881052929616,1.3148294825167004,0.5058008924703312,2.036653696414756,0.8292167885740752,1.3684537548822826,1.249845494515191,0.6785828408660368,0.5079811730649421,3.317051130159518,1.8316238419880118,1.8894392520284569,2.0195960538477244,3.3968856291650456,4.004981570264642,0.10907379371011461,0.1597115207575434,1.6830406189417357,0.3024933707619207,0.657323383315746,0.7222078573903511,0.24285832328328869,1.5471665360005573,1.131678404690829,0.4000463925057049,0.1882816224022797,1.3369778797179575,1.338406829299167,0.19211715370460952,1.0884536383904915,1.6736177369414036,0.43787225129566826,1.9197155614317647,0.5628887541026876,0.4946457440064067,1.2309643598741598,0.20733123745725668,0.7815612530969268,1.671255294558053,0.621349218951174,2.7275708259713767,2.1598721699929855,0.12364219875570859,0.6674554975651161,0.6401217331428182,1.0549868172847412,0.19585160505112956,0.2008729292640766,0.36692491517811615,1.2300309883477025,0.9727057780401812,0.5799798890558456,0.7331553472285446,0.3704170944338475,2.1142769632432574,1.3634737433882664,1.854429961641495,1.21145588610878,2.2171975267923143,0.4852987268170577,0.3080125796088406,1.8134211960372848,1.266952173198882,0.17899511069292795,2.582775134735165,2.129654004065881,0.28568178796828214,1.2697028416409868,1.3108698912082999,0.2695601228734287,0.33784288399554707,1.9955894028107521,1.2078061376471614,0.3751289329138364,0.7232140207682385,1.6470966582843563,0.38775238364909126,0.8410345634898899,1.326818655113396,0.41479671275452146,0.264869558057253,1.038520672962009,0.262890893297507,1.3265906373253245,0.8825893311907177,0.8701860424385806,0.3770857558730695,2.7208418346514347,0.14415220814966445,1.943789161282649,0.7533977861691359,0.34185595642478644,1.1825582316847139,0.9457944370186193,2.615673215520708,0.594831270035793,0.5977096447060516,1.0852190467255938,0.2511652144664652,3.52173480828846,0.651751217973515,0.6800098562086923,0.6036531680275922,3.607863154103864,1.7305276073755995,0.6587479873141823,2.0629120913794736,1.3585185035419363,2.2947667412585724,1.1077638336729128,0.8419922887531428,0.190476640817897,2.9452714616047975,0.2550014711297355,1.0224168391293498,1.6187758140511195,1.0459386504035018,0.8761287629608961,1.137726885566963,0.661934703532983,1.821310298890048,0.22842266976121067,1.5103460564335351,0.7332601208943187,1.5428487590700306,1.2779779290642899,1.3286891807523058,0.35435951629202384,0.46192294492087743,3.3672291214040055,1.294947112803233,1.6290944388390065,1.367677216561034,1.1456062828144908,0.1780948043768969,0.38462573170178116,2.9922533908192577,0.5791480289677835,0.7299713752092352,0.7537315550555226,0.20328137376990146,0.6083307745891832,1.1200211571930367,0.6754290609523798,3.0891453361982366,1.175940198939111,0.18876341607995661,0.5925488794771661,0.5163391517498649,0.5001204393119785,2.3061919209547224,0.5909404946194873,1.4682254902518121,0.8192623328553577,0.33625914094220105,0.8485847950705563,0.6243182856897914,0.45873087779690874,0.34544689309127263,2.0795452294110714,0.3917299974177436,0.9936615269920608,0.43007899704899344,1.050283507113303,3.6827972803048716,1.723243081067152,2.9879045102984696,1.5125578370331556,0.949183499600401,0.5824900281178386,1.3483843002934108,0.7436144597775477,0.4264562802765017,1.960737769642384,0.3377693692048279,0.4825061935311204,1.120259374013975,1.7310660877405026,1.025133692050391,0.6430120579951554,1.5409450101190485,0.6947149697465852,0.3572335153535527,0.4418032077047109,1.4120922501644018,0.42483727263073956,1.2105639823434244,1.017316152951872,0.6356854324214262,1.048183417881251,1.204919608883492,1.306601498517347,1.6489925906205989,0.7995473209724695,2.065545948832526,1.0888871079776292,0.1403018710091617,0.6974989028674727,0.4910415745926016,0.32686636238460753,1.4882202779270055,0.25834043648414584,0.5840716140211196,0.5136222712142438,0.8114755099205165,1.215673685557294,0.6525460015132973,0.7145653720666767,1.1776383060626574,1.5284357186271875,0.21955670319540202,0.19326893240219448,0.40943573874601036,0.5138368412409989,1.5970545359904742,1.8196568323969042,2.7009018212691895,1.2950608593413468,2.5354555561455894,1.4440484246642218,2.5135067978893075,1.4715350031978984,1.501957676455899,0.7868920660072455,1.1939577543578546,0.6448094458456255,0.7667397153949959,2.134059790988551,0.41037370494416425,0.9673490538084069,0.34357160690007327,2.042288088360371,0.9992830961108444,0.4712229851152786,0.5827232078311795,1.5403035056755008,1.8759122589900992,0.9197879256744061,0.3439987876076135,0.7971279774242765,1.637306626604947,0.03761880064045084,0.8513294456858178,1.8905673586049594,0.360440772490007,0.6111764800836533,1.3225309679894803,0.7538995326963422,0.5883891077822075,1.2485873841435742,1.6473661570648417,0.6630656955788942,1.964071280773672,1.2232596141669352,2.634730314281295,0.756235454191228,0.8083159291288294,0.2639272261140381,0.8183193560520748,0.5546396512011911,1.8813305136352816,1.0629326959311491,1.5827560725492318,2.2420821772411306,1.359929443503905,0.6516402087664834,0.6246606521655464,2.0397918015601983,0.5329759154242204,3.651199853208841,2.153834618079165,2.6842901440788225,0.29860351119031026,0.8767042171855958,0.8048691745611999,2.7773432807120972,0.6064189016421254,0.6814897910010984,0.25236671620660206,0.944686854963347,0.9150475933725046,3.451538879384998,0.6688668720302081,0.5347368008590552,2.354103184981655,0.5364954252460399,1.600971375647993,0.4689253474204893,2.726129453975633,2.089116712435016,0.8265304370334601,3.0739802382810155,2.3329611587237777,0.328812170462359,1.3752923612265548,1.1662376076615066,0.18974118111499289,0.3134266580320486,3.3911353864779916,0.19800043654916588,1.248077753591417,1.0688462395198324,2.7677717762674647,0.7537223899934389,1.3123389234461995,0.9003055722426888,1.8435246992345367,1.7052219875661083,3.756061478373241,0.23815252968695855,0.3575523570636445,1.6236595256504962,0.5706108308544726,0.5015254300929267,1.0993554229233082,0.4809331833032422,1.7754382477118507,1.104962981529653,0.22587353747422442,3.8421038807469383,0.16276422234711388,1.961978633818416,0.9553405230090133,0.631960729722443,0.7711562541616657,0.43622580049955273,1.7092049178983055,2.160975836138332,4.261216420343692,0.7988779480106663,2.34256876276471,0.32838379224467684,1.9829712966224482,1.318176197621235,0.23348514799039466,1.2483875758188776,4.805900785067459,2.13367062383495,0.03609100566432101,2.5504374795050984,1.3080298180508552,0.9338042862900556,1.9914811954013452,1.8549012819462656,0.675411623725387,0.7331649277732104,0.704930618659631,1.3351954818830716,1.8373608302685722,0.28262960665418446,1.2025245933964674,1.2441140618221087,0.39719425506274997,0.8665703985984405,2.097712737012121,1.3999340979790276,1.5189195840376757,0.5188836030436919,1.0655049089357904,1.1709126439206232,0.24851682947391712,1.2428134908441133,1.515708648377645,2.5255497197248915,0.2666015388918833,0.1974240515669785,1.4620260267268952,0.8258276617086917,1.148842777075926,0.6128374662361241,0.10690958116747445,1.131707893587219,0.28702313915364785,0.21750376100380792,0.6767277594027132,0.5740172043729793,1.2171078884217372,1.9676867503637125,0.38010865463810983,0.6787590734691399,0.9141865496762857,0.6177493308916332,0.4414203626172531,2.019040527932416,0.9350040828070973,1.5409375902992895,1.1711756995404083,0.4489681569571186,1.4986241227062265,0.5939838348993063,1.5988940496000934,0.3045521741352807,1.3927712822210454,2.9265767055541825,1.5484382779800716,1.5277744491260368,0.9983621268552796,2.9601377473610966,1.0080288527133474,0.15352943220109436,0.46075474684852213,0.283760763759297,0.7679760821089007,1.0880401331050975,0.404896080857331,0.35751224278588234,0.21034911991588848,0.5303690512442064,1.6761452111270612,1.1103623524744133,0.14857915398308597,0.22454121648478456,0.6223716272382431,0.5273249809051923,1.1448330666999924,0.9317095561026612,1.4836667449781618,0.1855442729114387,0.42891211856438416,0.10625843793401726,0.5092957588383615,0.39412418349370776,0.34571899307453025,0.20572499902036148,0.564164442734778,0.43365288367277827,1.394838050058107,2.370314256279699,1.6958616422169848,1.200561851540423,0.3274439214531394,0.8642928906682555,1.7858146753766475,0.48126409263872594,1.161255725579533,0.545196015921647,0.5316951160815017,1.116998517853287,1.9252253418311511,0.7590248138926112,0.44116000916082554,0.8579909577125556,1.1746830959492203,0.7506692872378438,3.3598978877078958,2.0946023966808687,1.8803913605175855,0.7717247156001099,0.5034137635857963,0.2787007475543393,0.32036800248139896,1.8241424472864927,0.39858379094306096,1.0416905292537175,0.9039184245013262,0.6908230160158011,0.9762959570840943,0.9299224294975793,3.0558587693285353,3.1703701445718493,0.16345820536562483,0.25454014528024715,0.756057891394802,1.550270998090612,0.598878933979731,0.8339830249624803,0.8409652865746022,2.673418691627778,0.10949095701246053,0.6504794703972059,1.2048661382648267,0.642959500278993,1.039956140256593,2.0620637582255568,0.5294971692378359,0.8792320345518314,1.2974091180372174,0.8684710313842634,0.5864185914507275,0.8377885859797868,0.38474107766637744,2.8196874461648447,1.246876418029714,0.9538221038276746,1.5980181844103267,1.3378863560335663,1.1675501528632968,0.6981610497057109,1.2434982744020622,0.6153288528267244,0.2401910283868583,0.39988166963780863,1.7292591721503714,0.7461700840953621,0.4772980303229093,1.5488969970899458,0.7684640890191823,1.2055270555017716,0.3603361351686609,0.6815946943448502,0.3150778891607364,0.7927240903629793,0.9571055851719171,0.5766767690578716,1.6439298230673942,0.7992753246948897,1.2562702132318573,3.5531396115728184,0.7242753564405161,1.5204801713742584,0.8634591816772508,0.3622992736424583,1.9378964998623982,0.48281363181708403,1.604637657732291,0.6349539805996319,0.9325369274823486,1.1776791965980475,0.5158492883902258,0.7368381134797536,0.3066608242785274,1.477626142831076,0.42315224962948017,0.19302414344887686,1.7047252249482856,1.8097792376015924,2.1518020861968097,1.4039602567141944,1.357123718821258,1.4540341993736818,0.3814633985125462,1.7079041270729654,0.6845215517860498,1.877248288764406,0.4137655202811546,0.4344148796732047,0.633168063454192,0.6971919196335565,0.8797718198560434,1.8298577244285859,0.5007004689977368,1.5306750544398526,0.8179477285994754,0.9038880809254242,0.5654234850179456,0.14955904757116362,0.9387468254527638,1.0110367238373907,0.8820670797786804,1.4020372689475336,2.363342169185466,0.8404109855395705,0.5460714910794722,0.5989393152702982,0.35370961135178935,0.2803991813377359,2.38717850801709,1.0235182014633724,0.48711176650314825,1.8439641852255524,0.5991569622466022,0.8853491716657093,1.2427606021189275,0.3881852648274477,1.0201754498258326,0.6373781550597735,0.49497328739254026,0.0838547119954503,1.5983635425373042,1.2418125867437275,1.605251549978079,1.084550550929284,1.5174723786987325,0.9877582665190734,0.7816856869154984,0.7758180918271155,1.9273415302872583,0.6929823521425819,0.8138355575705446,1.9752079867346608,1.426586247864406,1.0373405234981712,0.165430320999936,0.5652654495764781,0.3653285825659296,2.015175326372288,0.37720074402376874,1.6508521987537041,0.5148710902868796,0.6276266214856276,1.9436550309133993,0.2023394258104743,2.3841736588073523,0.9226066988884228,2.962390098991582,0.5102660336307057,0.6104916522455098,0.6273045993834606,0.21527529627966535,1.384271228714063,1.1840385321986457,0.7973273219544761,1.794415575607611,1.2361160554187993,2.606592691133886,0.8892493560461148,0.8707295794330678,1.9120638084121064,1.4963602160915157,0.4740936775564005,3.5379739163119854,0.5685588155921325,0.39357491800982625,0.25572263896046815,0.24204743834485068,1.0185212980910405,2.2958989052113177,0.4060474020321154,0.44573888707200204,1.120666260816796,0.919679313312949,0.2572576486168727,1.0703828318549609,0.30885036050203896,0.9924800628338143,0.6131901377979863,0.8493262472996932,1.732971446886351,0.5481602570939739,1.048179943121005,0.5110066242979696,0.12998523850292237,0.4897027778644157,1.2248694858466325,0.1864066316506765,0.22269988331556495,0.3085427664912206,0.873980952111607,1.2584427359653607,2.2600068108729614,0.36580489593757537,0.6276510436939369,0.30574834366557385,0.5570104538889077,0.547271664793568,1.2058170761265878,0.21225022016787798,1.4674928887862015,1.1294753039254306,1.8440121180978815,0.5323446251981105,1.3971720474737046,0.9629928425452734,1.2671969589510952,2.1436733060951716,2.119733922491008,1.2963060065336367,1.9125101411492604,0.6344587814086264,2.1242509266437533,0.13975467863021993,0.6305851796522377,0.743818155231858,1.4781793329839246,1.092176071728542,1.7141985041282046,1.414552637274198,0.23297273441477673,0.3537582963492184,0.1931845028190915,0.7190935799805219,0.5981712259573452,1.8765870981021708,0.8354374489241989,1.0611406948795454,3.739002689563159,1.7141259082374256,0.15306830538484018,1.7541792721514646,0.8218740977838442,0.42076849693123536,0.27298317089017354,0.2536374832914609,0.3737222655787815,0.3853918958942532,1.9431248769137088,0.591578434526017,0.15863748302184044,0.5624930893980309,0.5487507543079991,0.9704597970876261,2.632861817697069,0.48152645915981307,0.6183470503613613,0.1573049898574727,1.763911894904035,0.832823059384824,0.6394010133529767,1.2006496502813944,0.8580889017782187,0.5006860299178799,2.1141453516023914,2.451704307072947,1.0995901303202613,0.22206633255185648,1.6095605878569683,0.32135355220577533,0.415430235037894,0.43104801123718745,1.0675284646609995,1.5230105024596414,0.9575363644303291,0.6182861059676436,1.0952175281625285,0.5243929327110415,1.040307050062205,0.8140395944927739,1.2584290160742186,1.2154053525390025,1.2582039052355432,1.0392843698809837,0.5184923381094977,0.9743753574805318,1.241386411580955,1.180947425031648,0.8120365595499108,0.3511616931921462,0.03628137598493281,1.4132749007760856,0.8223792420205505,0.20882524067748082,3.5015333456457576,1.4601055846146134,0.7627258773762844,0.9564986828459396,0.7516091650098005,1.1225368833519265,1.4234781373617236,1.7284050923383414,1.1872456070768544,0.6685790743047774,0.7776567430596861,0.40834359188433667,0.9716010828922523,1.40231013598903,0.9098147203865401,1.3639619351900918,0.12399540570660952,1.8386133848170125,0.44063854265143626,1.37846569216476,4.867725534577096,1.5896094130261607,0.35337385837171015,2.2246796122011876,0.9696886560204878,1.844267059076906,0.4674700479265761,1.6233601053460565,0.3850124515224662,0.7891410948100647,0.38640056689564656,1.167163193721111,1.2886918671669305,3.0560145884323493,1.6381398338746331,0.7361737691901378,0.6377810029849855,0.15255038714377125,1.5865944117822712,0.6374532381061139,1.2481124348676889,1.5044228056397517,0.8617686909841757,4.06333812807028,0.3669778143918481,0.5776051481113059,0.767012716694023,1.5523203130352787,1.2108546797557256,0.6246005975960588,1.75553414707362,2.372099185089282,1.242436882007323,2.663675699217404,1.0009923275990729,0.2218983412883514,0.4189057906357866,1.1411912361831997,1.4732743197187075,0.29430868770762186,0.49134684129233097,1.051435502328583,0.4517807054784673,0.38480946787307624,0.8003179778576754,4.411924187269424,4.157755691286708,0.8578843257827304,0.30312954366491296,0.713193658769074,0.35461568087746753,0.7082689122737158,0.4408844174515245,1.0577647342660677,1.769003029669807,1.3384193514678344,0.6283385713863838,1.0194037056329799,1.1812602872035698,2.119674772794483,0.43837842739825206,1.4219515159174605,0.4758356113699659,0.8123553180412298,0.46349556816622633,0.5580379673900995,0.20276303771267773,0.7484941717777616,0.42564335749591664,0.3595890286738523,0.29815194569946446,0.29892340880386803,0.14488993185004506,0.3041370117438096,0.6969320906937866,0.18113276684701995,0.11517346417087587,0.7160523098461192,1.0688669968798605,1.2517184880927785,0.4558526405307659,0.629431760482166,1.2240031006901717,1.3658059098692574,1.2429446159379356,2.1076342876993777,1.2971886930421257,1.6995355355386805,1.5500289601295012,0.42712762268267657,1.799506562907145,1.1859480557280966,1.0569120060555022,4.373500495414339,0.4404379836845099,0.18641135778763593,0.797112729531479,0.13107043780175354,1.9037874899125602,0.7181719053880584,0.36851021097705167,0.5634503004585,0.860192704431389,0.24171466085410917,0.49658268043267295,1.0096875579238593,2.7200453021266378,1.098831851176762,3.5716298846944885,0.5474911551539751,1.0429091217479076,0.575081810141078,0.6774305461735979,2.552031883320581,1.427677343126554,0.6397756102187457,0.4967808053211643,1.1465305722798298,0.9466929162355254,2.5431410931445617,1.1685474272359668,0.500848108333812,1.0688918060326316,0.5546512672687139,1.1815737552879615,2.332000723043372,1.3935056394435101,0.9095973342453016,2.164601207945236,0.5477046174344322,1.361109247781375,0.20435355359275395,1.2264616040620706,2.1423593366702756,1.1681341569212444,1.0038110355171328,1.158718882081934,0.8188700352433458,1.082841413727066,0.7039366754286196,0.9738148900313095,0.39058779803430527,0.6745126283153507,0.6911055276922723,1.123068817617606,2.1021295134043934,2.212038324389641,1.2067247831029955,1.0372025678149421,0.508802445974874,0.9705295786445859,1.9130598367818095,0.5393206024338739,0.44546487253820954,0.4233820030272068,0.9122193218869495,1.359235112705421,0.4968309417148128,0.400284935062913,1.1491235740549015,1.0551145570257465,2.9543745522423865,0.8531301393527768,0.47560709965671516,1.2006388971496258,0.26605354991548713,1.2324979167175536,0.9301264397170568,1.0961048405268659,1.0749435279551394,1.3493594937826634,2.3779927227030764,0.9736018324364357,0.6902351540422451,1.2794483539327621,3.0998217067152405,1.0715033127781601,1.0698188017272903,0.5421257243040645,0.922446955681209,2.450671136658632,0.5863525973512307,0.36624442284796405,0.3232318987381899,0.152690289340862,0.8545851073501158,1.8266910387837578,2.9824110934330244,0.7572726948429401,0.5702524549153908,3.0296382445600667,0.16966037974781825,1.1941282664603325,0.3994885507039756,0.976738168648457,0.7333633787491627,0.17465716322083857,2.606084800283181,0.6956560691479039,2.653148406716131,0.6567609039852084,0.6278942165148585,0.5044560038987459,1.583492208236493,0.4152010315245289,1.3786068533661335,1.4585203743859112,1.592931799592314,0.7372449136855957,0.7960356174809258,2.404992570955,1.7751211554894462,2.330574087931542,1.6793575097723696,1.0634451850107711,1.0846652919687667,1.0398935949697583,3.2515294643958725,3.048285110480698,1.542775526635025,1.8562260617314397,0.24264885072347508,1.544492268704666,0.6928344609574669,0.7290194216664824,1.0813210346206457,0.5238926950743245,1.2011202427329588,0.900420598845168,0.8439772689555614,0.4597906510993547,3.4371377270818,0.21059875499063557,0.7798234128652927,1.6018233152245274,0.911970504066296,0.40504869756694517,1.8333324929396482,1.1984792088487517,2.214881193490805,1.7310721297221283,1.4519781131618759,1.3004418339072308,0.6118682824442563,0.4091381238203659,0.8674587460240057,0.45691301124307226,0.6398406888978642,0.9063124166908312,2.6681857668341364,0.1892261762607672,0.2623159706345205,2.603304909129351,0.680662020561203,2.6847887313040757,0.7320602941997902,0.7433876963783647,2.2493986699147435,1.0219990603166633,0.9793613247460313,1.4945599457131447,0.2004138125519211,1.7133495470450548,1.0330047616411673,0.4619854335763183,1.3769319999806537,1.933253804607978,0.15151240660646792,2.00200023224884,1.794092379052007,0.2593291440006722,0.3874922669987436,0.2186073599721841,1.4923640588528655,0.9707241109785013,0.92467096248209,0.7500112612737371,1.2240577558199817,2.162220867447429,1.0081827273058388,1.9414640436920467,0.3405684450249862,1.2530431061298595,2.1861536862856825,3.1091289073101143,0.24658421905693964,0.5591899199712971,2.698460360718838,0.615214369367672,1.2892085824336608,0.3881961215210479,0.8791420599289522,0.08524034228439611,0.25174254661456796,4.843997992514622,0.7450808012066864,1.8008308121884924,0.5113939333170155,0.42738259280632596,0.8561713345669018,0.3028710289630461,1.013730493101363,0.5034471912786331,1.4777627941356986,2.9797062469784024,0.759242984743676,1.2281965782905462,0.38512009495322236,0.38888121805036263,0.9954943038913006,0.6028844683693136,4.152297065076606,1.4705720694907067,0.8176675870810357,0.23674748770238116,0.48608493960129595,0.8888543467488412,0.13585927634224013,0.7617505791752919,0.2698700274997782,0.675939402822316,0.8743079128764518,3.179621480409217,1.8180038832208778,0.9021129681525902,1.9666871399016386,2.608735649055848,0.6091965215511206,0.5958043635182402,2.6774358122113537,0.1027363376793835,0.3572529238311791,0.6962910290853696,0.19951744650065556,1.0262316676829326,1.3393832498363787,1.044045740604401,2.701854300258873,1.8900492517306557,0.961363709700173,0.4473727124178816,1.0997719617225399,0.8842810424675788,0.6877254674491913,1.2017475213522935,1.51448497844056,0.5892120915115885,0.8296261165766485,2.807987873310973,0.9655089175226564,1.861452357718534,2.2991777115883076,2.00942235183762,0.21133537017688844,0.6849906988994368,1.2552123223484386,2.4365956174704664,0.963186471317945,2.5340201545801806,0.34667965717485594,0.13721142654913487,3.189341767429258,2.033083561259201,1.3726820599385432,2.0442435328980384,0.8848272525200009,1.7246973421467973,0.35933052280522493,3.3708930205370335,2.348106257106089,1.4711269552118966,1.5149267611179473,0.951211542234882,1.7018304572716938,0.8190636850711422,0.22859966264251336,0.9436129817387524,1.219637868747908,0.8412588762393234,1.0547300884409136,0.7325971960189048,1.752590853718191,3.0636487022809638,1.610632528364353,1.3005151077027124,1.0225021915259016,1.8891169608755396,0.6975367059312767,0.4756617355769519,0.8662304515180883,0.5755313940818143,0.12121866684814478,0.678734586310075,2.487225054074964,0.8421495773236616,2.1636933679268053,0.9856017900134924,2.1145921908875596,0.40069406973944044,2.4996186886435336,0.1573251031368983,0.5612517608498948,2.0714581760247253,0.6787520309994761,1.1130777235650966,0.3062956462827126,1.0105064313758998,0.7429362198207919,0.8879887886996441,0.15246648819203973,1.7267904510089056,0.5198502809696591,1.0083332900306803,2.021077016227721,0.7467400390925479,0.4248750715463375,0.6344924666126227,1.211173225888235,0.7874402585892671,0.6093673708512393,0.29189537304799823,1.509839852291133,1.7366315253911768,1.3997950234497036,1.0344456618975575,1.17319488998261,0.8488044298911009,1.413466090331979,0.8455999523447322,1.1685519467639116,0.8190854303944093,0.7538608850890132,0.5238257171517182,2.4857750231648543,1.259699092210199,0.4788027067673586,0.5075976783005359,3.1476448154826193,1.0745275092986462,0.9626212620243889,0.9072247135766208,0.7683771785832919,1.0469586627126637,1.234263694297557,0.4488944413887769,1.731319799619246,1.0169075121237368,0.9567104548306778,0.3871459435886283,1.6667087916502288,0.92137965554982,2.926543661760625,0.4173973163891943,2.6585681890029593,0.40397992777734254,0.3985813824200945,3.084250527769749,1.5374041223406425,0.3352692173823694,0.26013822939262465,1.6391497627238925,0.527394252603262,2.340865696243858,0.565460142306382,0.7512478252516486,0.7896999572452645,2.906956265536892,0.42467615953628673,0.768088312583171,2.520192424528001,0.9267024348803687,1.0476083252268222,0.6321017965699675,1.0140383580406598,0.33631646009890404,2.8372665775903982,3.1813180031877697,0.9154695531073236,0.9961124165637848,1.6453726728176883,0.3798585639987514,0.977697713348993,0.5840269903769265,1.2832002926693442,0.6891650024677982,0.23653484219908344,1.3297286752198214,0.20334617342634437,2.1419889688517726,2.1093308582685935,1.8722376179397715,1.3575930446103799,2.0126301970501546,0.5660342669830933,1.5816933344211441,0.7440213489019327,2.412297376518292,0.9618797717465357,1.767113364244271,2.0803453981908913,0.984344073220428,0.7465179039084426,5.975523717504875,0.2515703779512547,0.26236032178554336,1.0319933275415132,1.2618395950444463,1.152773138791086,1.3434041198735347,0.8232699803440089,0.4040540844637408,0.30957928496890696,0.7130287983427205,0.8641940405208172,0.5301169059118634,2.0044006922199813,0.6080967464230645,0.6501737364133051,0.5520824159941786,0.1471079302860306,1.2495883433255093,0.501608156608963,0.39096540958118553,1.167244154241015,0.8516575870451281,0.392502328346501,3.284694892845451,0.5856814688151815,1.2167241803733422,0.48719402141388946,0.8725997597620752,2.240172059099727,2.028738634878142,0.6409022141017536,0.2754636166263589,0.43768833794809325,0.9600947024249346,1.8077163714369537,1.9728973308361992,1.2658059436248537,2.8285993041007678,1.9500157760434909,2.510060430079801,0.6467245477558703,1.3391516378417592,0.511110013126124,0.7327152248208046,0.6185161284694538,1.6289821685267905,0.8304867275275022,0.5284299742301857,1.5310269270542423,1.8801585577381408,2.1558097391019984,0.6297420336986613,1.9277517651632377,1.5349116361405541,0.9794211693232346,0.43868026919097264,0.25384851263686536,0.9354350440349172,1.3637653524454971,1.0249169283112654,2.139434164098671,0.6793469609050821,0.436536042855881,1.0012345415406148,0.8677308610652128,1.187410274328847,1.0911536759446112,0.8222990062352813,2.811822552871895,1.5943089015331178,2.2208120102471076,3.3845124719164525,1.2638016427355665,1.0956226232218356,0.9632467404330567,1.7120063044491172,1.530523329907464,0.542484603431712,0.243444743635072,0.8826187208676197,1.4339303764850877,1.6557318713468705,0.7473280418799257,1.4861142679764736,0.8865583390097228,2.4339490462846425,0.9032783580876316,0.5388358736855088,1.5314329119494268,0.5724865866658174,0.826275645502783,0.25993197464374773,1.8895036066030884,1.120726023347925,2.0309177141451396,0.5992589591244224,0.0888185994187877,0.8252193749015442,2.054315220505552,0.1514598612956265,1.508553593195603,1.8463747713364456,3.939856962610155,1.634877913869544,1.817700345031438,0.4339420116806934,1.3439421465275327,0.9704828579861304,3.7146901913661448,2.412549674649365,0.6028716796872743,2.0314494554589513,0.6682399803644858,0.5417204614005009,1.0071214340773593,1.1434464110631146,0.6984292480852067,1.1073718608601615,1.1580090350919623,1.9263157151461665,0.8253186954612602,0.4578804566368152,0.27852750598569864,1.5421120734814817,0.18504403599732205,0.3151917891959176,1.4929929825644825,0.42092055897736985,0.6265594498287939,0.34887920917050375,2.3237754900053322,2.2200284899148564,0.8815461337395629,0.8316756406670858,0.5689023031113989,1.4368003557592526,0.2695473224909364,1.6147253209176853,1.7129365819552531,1.0175200604349817,0.8539931190746282,1.1939759045852916,1.4939374962836638,0.5889807334555481,0.459102228827092,0.45432984644620866,1.9792774365624046,0.08089569078812547,1.5770929175637587,1.6016671616939222,1.3108316625733643,1.8236477705830023,1.9127747268110644,1.5259246095853043,1.1856737086784732,0.4022669824360708,2.793299903500021,1.0835156150434895,0.6977035002167415,0.36832788101501057,0.9184743717952168,3.1209844469426837,1.1044108251700386,0.23190464443387482,0.9207735912344837,0.7634044060785473,0.5016587083592742,1.9982502360703849,0.18594191457189857,2.1665915418955106,0.9561284859211169,0.9978403604847896,0.113250482861976,0.9776707242618261,1.229287741364221,0.35793073558020827,0.48066560030790373,0.4921886395603838,0.37239926610909363,0.7345731052242638,0.9210906660351276,0.4088072894546191,0.17615402246927464,0.4849881346850147,0.7586416009320497,0.4705244795521044,0.2549880225775099,2.7852315359638227,0.629896255248573,1.0513413484650576,0.2339430415858261,0.5991235039984626,0.13898043747564004,1.801681660030309,0.5631690542185032,0.9705874969039943,0.2662879798964134,4.373140973142908,0.6872701498716647,1.7699817464136776,0.9014740619819137,0.41425195841406387,0.3895301705343923,0.8340691021400437,0.4963389323067139,1.6854411480876836,0.8290912250872415,0.966458378950707,0.810540154239295,1.2848074650183297,1.5909008744551896,2.334014519253223,0.12637074831471395,0.3237404448287699,0.4558200004660465,1.2645544327150962,3.3549095619309997,2.695479663321104,0.4313548146415614,0.31870948307239905,0.10716011059045316,0.9234156929061156,2.8357311228061772,1.0411364189196333,0.6445512011174179,0.4433248593290582,1.2869413481198104,0.3751917208815183,1.409982165963515,0.36960745099396985,0.5768157602249772,0.31202335759725675,1.838856628991061,1.077210891146266,0.7723078133721688,1.091808581321446,2.0609612737951006,1.1325973765121058,0.6133030747922549,1.10392722293049,1.2161072527155692,1.6324428240487865,0.6861907251770246,0.4557806752624732,1.798864363607742,1.6021628726953652,2.964472948909367,0.3963907712133988,4.420168988245113,0.5936927301642615,1.984761680381897,0.30470041445385904,0.27285047070804,0.3860828761979257,0.27404299776055485,0.42742995560497987,1.9813130985959226,0.36120095520092665,1.9403149437288445,0.6472884142390699,0.0490401503073047,0.31531035964111614,2.0500968886608444,0.707711346957423,0.3877660489266179,2.5740718221855357,1.7635004996145387,0.5321879033019417,2.8728852402357035,0.3989435796504968,0.31605498220023864,1.1416105107583618,0.5601041751474465,0.8397713394676242,1.1468747024579544,1.0987279515215622,0.6866827464467583,1.564774135048852,1.0138364791666983,2.75835201922628,1.2718798129715172,0.7932152040477403,0.6450302125689596,0.3837885396325802,0.736938602775933,0.7380169344768415,1.7945838652137522,1.0560520998168665,0.5308984916583107,0.2886996038370216,0.24576546915996467,1.042523694317747,0.3165218446791499,3.676513959899721,6.628558352639204,0.5965330783951488,0.6777041084337034,0.6807912104859979,0.6413307264025503,0.4610269245554729,2.5492192113189844,1.5537332553011949,0.831258411408914,3.0293225010170266,2.4948797235489,1.3444674140192905,0.6010415524648545,0.19578866864045716,0.7814740930030488,0.9664048091922777,0.8169159103988218,0.6261760935764114,0.7006354433048363,3.363653789152555,0.5999227365579324,0.7082517429616884,0.7735234234332569,1.5434887629664795,0.534595093248549,0.9285161657469739,1.5816764896255204,0.19046119749484958,2.730718317008061,1.9126948829299257,0.42415628791555104,0.8290634137592602,1.2120985193413474,0.28584796067216217,1.4450849456202044,0.7630144152039391,0.15874119225539668,1.0397064521676311,2.4546684273935506,0.651782501794371,2.4810056363342685,1.273555731990667,2.0277002569811917,0.20569782465206404,0.4576183369894835,0.4432629193076517,2.1930604086496035,1.0916074656837536,1.3346314259872407,0.4983160421316215,1.1266824791934174,1.089599668688567,1.2757978402209558,0.38933623996271033,2.8847009450283814,1.849189860503263,1.1928029352833767,0.9279919807369704,1.2754812215430291,0.9914936187609563,0.9939372261855172,1.173070829389021,2.123921527425037,0.6278946659965335,0.39281565369030236,1.331171543236958,0.20323056213896226,0.7257568473691565,0.4941076536209193,0.25700952507120234,2.5342436804802384,1.3755498464087608,0.3417972145345346,0.57858416794374,0.8974713446029674,0.6977090521746967,0.7836819872486288,0.5059553044306443,0.44621057969452155,2.351567567734397,2.2602038066728944,0.9216601911662539,0.6426861785945128,0.24451970542997847,0.37975074382382923,1.8116666908139454,1.3781253291260849,1.8843915342277282,0.9872709511177948,0.6858992597023547,2.3809108638362595,0.20475611950921863,1.2689632960644355,1.2367267516336218,0.3532937277997533,0.3722346042240406,0.11821308558611959,0.16076976169113338,0.8955751523935654,3.0008215082004925,2.156523263102835,1.6143051054078017,2.5026699106800745,1.9223047652087204,1.0547316933063542,2.3163164145466455,0.7528225387596785,2.2673895964969377,0.4604931602530479,1.3889824435949223,1.0236743225762384,1.681302982907638,1.3774213055648437,0.613415154292588,0.8721469503622451,0.29322824035419304,1.214691709396062,1.293897623430688,1.9357572952026505,2.686655697807594,2.7325422795553433,3.470703500919263,0.4301277652356018,1.2304941882871259,1.0275528828869693,0.6215239710345009,2.309552625359906,0.42024264145520374,0.663583733078869,0.16212270388909344,1.5125678123094963,1.3961472197697529,0.1914646878705424,0.8120328834897769,1.390935193832508,0.39746471852136755,0.9622434000028309,1.79141498852237,0.63314936756781,1.3969576662491865,0.4676620741451629,0.743895620702091,0.3414080448858856,0.8287729733818985,1.1264450200314453,1.5634357905045004,0.08681093989019764,3.5719526029521997,0.49613974226230606,1.173164078188919,0.39254725175601296,0.22727110907390374,0.49507765295072714,0.9482882524647045,1.5573302544031273,1.18728155149322,1.0964432841815122,1.6214039718449564,1.620624398618041,2.3283333328050007,0.413835667184958,2.0368741765248344,0.5015320002842878,0.5973234114453315,0.5384266094227365,2.317857021919861,2.1298691585903273,0.4378617707653142,0.48933642907272373,0.4425814663951893,0.9634021272488935,1.1930821838229146,0.29793115024422456,2.0463542868682345,0.1186399321716311,0.1984220848470173,1.1510907055523194,4.227787280876967,0.9304462505706202,2.6689867210656884,0.2565861727544174,0.8183158623911111,0.955114308039369,0.250602386889773,0.5713117078674013,0.24878148108711484,1.6607780706156474,1.7438140507797433,1.2426456511271815,0.3247071024096605,0.399097943837024,0.7775322891060111,1.3225524010375198,1.2235931674792675,1.4266640905540444,1.5411228219575723,2.296780934219946,1.0338048562617388,0.7137679356633807,1.0474517850359992,0.9712615110785447,0.35333663068259213,0.4417978414520257,1.7284382636819289,0.35290935729637996,1.0253891310688992,0.17212519809334054,1.6673205460408196,0.7500774449377209,0.4631043005306053,3.624987787363584,0.2334870538388122,0.6563547801973282,0.8498186149152019,0.6554038102730153,1.7422757121413952,1.0095973098317168,0.46992285611582785,0.7550111651735513,1.3900009604707728,1.6701048395752958,2.6337032853081666,1.711487995045749,0.8495623841877276,0.4387942652176571,0.40060849018760114,0.4328385757494055,1.451918078463365,0.6229914092617419,0.9059999969603867,1.1687113563173759,0.5983116810157728,0.4518215078671215,1.1854968642232229,0.4267182064994256,2.139424587177211,2.276742289295106,1.6269136837988483,0.8371502253770187,0.3232408616545809,0.2831121786894911,2.969858693016415,0.30640831484433206,3.372181058320055,0.5677849516236732,0.7671314926570415,0.9341225111047002,1.1798001050774503,1.6382839354136123,0.24701437906604765,0.8477238616377841,0.971762313741101,0.35396414929913594,0.4802595007768543,0.5284829190601751,1.1649038775010487,0.644295108745789,1.0181222082479815,0.9555638570598464,0.7804024260232068,1.0076027196210915,0.37595288198686305,3.8582928768812144,0.3001193304630828,1.6480103350857123,0.3438678568392462,1.0392246752962688,0.5623910023326886,1.9671094092173573,1.0553003084813677,5.374045214280131,1.135632367727067,1.1416375373722851,0.7008478952950281,0.1985224501734012,0.8570682763711751,1.079685573695465,0.43958023580010486,1.769902353781676,0.1026617871544997,1.0121387029423417,1.243998937379878,1.5004193243213428,0.940219147320845,0.9676114126328303,1.105469861666678,1.5511245828478901,3.7947615480342773,0.33463718798312453,1.1469086633469001,3.098484671993752,0.35657596545320863,1.6088723508432599,1.0424459917253217,0.20576309815954222,1.3767616985502071,3.3382922422337256,0.6140782724473011,1.0360974331657098,0.8192228057034148,3.366639645706164,0.2997835099292681,2.1420970064374663,2.0741472110381443,2.097986986112765,0.6566049270990995,1.053186306349326,0.5979974067694532,0.9894441761945988,0.5021358021692652,5.361530602373986,2.090036698004318,1.0287853611142606,0.5376459558510172,0.3494366953950111,4.427279909695579,0.7562010986610245,2.525969287960553,1.035416315023151,0.9094876433944646,0.8498537931830745,0.336453410691399,1.8424036590160882,0.2671124561248106,1.3459979216100706,1.9304470367079214,0.20379027160228252,0.6850754554952176,0.6976865504530947,0.40612508668147806,0.9464823004447687,1.1442642196015531,0.16737161749596752,0.46934431104470975,0.20185271095736718,0.8602337104403582,0.11641202428411956,0.41496406137252306,1.5458290020401815,0.2494458223241298,1.861788895987696,0.1695211989693341,0.9205295513879923,0.3507969237965188,0.090276013375576,0.43995118322738497,1.83438845521241,0.9627953682924286,0.8397111129623579,0.9530895334815743,0.6077268788195576,1.7090126368062035,1.484496810014504,0.46590595634145976,0.300660725037787,0.22791271379072411,0.2585236480830335,1.4413932692935365,0.303239298621387,0.7958577281576542,0.6191048894211172,0.5287808404154346,2.526158736385742,0.2692178764510033,0.5446461888159658,0.06483418291932083,1.3459013772528214,1.2044663274814307,0.6152644272351226,0.43711865893354046,1.804393440843997,1.192958136014741,0.1713799786277067,2.3871480984553104,1.7115797210753736,0.9116181106744647,1.0761485491567175,2.6708928464109896,0.35672500587198586,1.1604564931522703,0.7770706491745236,0.3415369061512794,2.115759252035205,1.3953195182864147,1.5839473057527347,2.505292847954498,0.8403826312620661,2.313942514438979,0.3836929497714681,3.1662821425506467,1.7960949446373933,1.1122481102987494,0.7150763751284339,2.5666707604291097,1.6044164609649985,1.931954543028663,0.8747841475721729,1.1824921956898398,0.2340588803581475,0.6207155279133437,0.526703893137255,0.32352687228078375,1.3639123331581355,1.3979629212006528,1.4942623355179798,0.379043031711777,1.254754576595703,0.2757947223950361,1.5456807474002545,0.5032221845026077,1.8581892876569075,0.6248994751068857,0.785164634262402,0.12446253737304393,0.9305788113025021,0.13797421762965978,1.9818174638587627,1.8650526069541278,1.3549260937498702,0.7601800076486278,2.090862410439464,1.1971871558486264,0.9279427045264932,1.7995233738389105,0.5818014466663946,0.600563988668911,0.699907199172029,0.8714059602285595,0.511435676456012,0.772965194126986,0.31447765618741463,0.7049129644766816,0.34880770197095995,3.347884402884284,2.4769325872515426,0.5320529660988167,0.7877763545957851,1.1275378169857033,0.8561185129772346,1.063861803064017,0.13492776377628646,0.38052317022698035,2.0785038185388647,0.72125164821105,2.2591206450821164,4.016134871720728,0.4227814458262157,1.0288281983574985,1.3449705253011994,0.7648536054285154,0.9514570012161211,0.71797576278504,0.576288295811699,0.3394710271780282,1.35674174178675,0.4969358367312081,0.8125617633749982,0.5630784015148376,1.3103732050992636,0.49647841387929675,0.4593588172002291,0.5844617843721027,0.4184170149199964,0.41265980266033775,0.6227340147031184,1.5699704219395103,0.3307960481273734,0.9203319407794945,2.2475987896303278,0.7482929820260444,0.24497821611143042,0.8821799930871038,0.37791843077386744,1.9088640323688946,2.4364176473114285,0.706655247791554,1.5415812429460087,0.6775213636538083,1.8454110877955554,2.553209248141485,0.6919891949923678,0.8770345748464143,4.029136354368483,0.8543584437759622,0.5764110801719453,0.2376588517144023,0.3584481565780071,1.2725408451986042,0.15324989082896032,0.060687169949169784,0.4760963776814549,0.21419765925983936,2.6422023962306245,1.7373001288085994,1.2025032034492604,2.6106370018705225,1.9941958453247752,2.7544380611774884,2.0216162081402747,0.3289482112741008,1.216968388901479,1.712880708764947,3.7181125553992005,3.463571541240098,0.08411928733108806,3.012154580875764,0.17022188961952514,0.6436667197478574,0.32974122858144594,1.102353535864499,0.4526671406622731,1.3194619966772079,2.08712502210081,0.5949601773091899,2.5478050589942587,2.0614409280617263,1.9718790442386336,0.9781346418324027,1.2969747404425203,0.56997609933758,1.2339138230922708,0.1751703406416953,0.9231805479488758,0.541354638826366,0.408819762507708,0.3259368281724503,1.2684726843196903,2.8989126362521525,1.7779172866899695,1.6794150961856746,0.20919037153173414,0.8599538758800225,0.35362933271825614,0.4736316417756575,0.9023362682122457,0.8438837319650252,1.011568731582403,0.34617362451216394,1.4167565843532735,1.224160405957546,1.81880370883412,0.3632281155618507,0.8885420708296432,0.9021652738114107,0.6741833568922764,2.029817876014281,0.14449009893365308,0.8246353522301095,0.7480818204652865,2.465814565930702,0.8130440971081722,1.3693484479841376,1.977511207610459,0.4478666685116362,0.3305119711393726,3.3549786480580135,0.8114023353141517,0.5966762452568138,0.5016606050674277,0.1879328025735244,0.4502390369271625,0.8610508316410719,2.529430702991261,0.5405575391495387,1.1750039195493125,2.0067482502263774,1.5088046968577702,1.5217341513950948,1.0220745716775999,2.6858531640632077,0.6185902225624358,0.37475911908853293,1.3705063186052655,0.6863059164150791,1.2468268300327947,0.7293286746716188,0.25482325969157144,2.8127298683462576,1.5649675738396265,3.5676827709204475,1.4915747007956148,1.347206959434813,0.8717952600422733,0.5267875697890002,0.2962031289213514,0.490682563270773,0.7654217074139085,0.42550487942399784,1.4806449249753042,0.326675923853434,1.4295933671090506,0.58809446026334,0.8214588298230308,2.239446086035476,3.5141847550687464,1.6901315235818695,0.8206277895569861,0.7759321889745983,1.3103367300124291,0.4250407738060349,0.4991269701066636,1.7300414968236835,1.4387305821353935,0.5617579914864127,1.621766002385194,0.28228195037841886,0.9624679615216579,2.6023495518867596,0.7793447806680808,0.9303483990283957,2.7068196731921814,0.39616782986253535,1.3804866668420963,1.232484211054421,2.396874663779891,1.1859421965757804,0.2513783296681007,3.4226430715260876,0.5568202525055387,0.7674871743787645,1.1422508051277291,1.3750422566409173,0.7822165145485632,0.4260335975731957,0.7674174849901835,0.7344552809616013,0.07279219220412336,0.4519124827128273,0.44034531050380926,1.1088604652069531,0.9851754937318483,0.8352302077922047,1.3422650912241507,0.6627281348051237,0.92686551972719,0.48809067978870546,3.230360202481633,0.5261116438596258,0.9381165861161991,1.764377679556924,4.055224142154929,0.9313543064763522,0.3367711964772213,1.0769698650133845,0.8483182676716233,0.6130264299211636,1.5669874305551,4.728843567075284,0.4055966285998503,1.0640220807997867,0.9607957809395145,0.8723059414561656,1.0535500895215761,0.8666410741488503,0.7842338171890804,0.30692431800652853,1.0755140675550314,1.4761528901219596,0.39108619917639365,1.074046998764453,0.39325322515884176,2.1026186968839635,0.9574990201833735,1.4026767553174655,1.1300671306827734,1.198803166039441,1.5272738956921401,0.5626605014201737,1.482703052396665,0.39557530162012405,1.665256454579057,0.17822010998127946,1.2377017078146444,2.581320351179101,0.7079952422936296,0.4355723889277107,0.34266592426120485,0.5322805804117328,1.461203825371452,0.511485192601753,2.888055823703946,0.5344849915036327,0.7054294594530468,0.20610771447303392,0.29619609241350625,1.2887379084102948,2.530002779985107,1.1782728997060405,0.45934493579228564,1.510287561510045,0.7975351419439738,1.5397376537103493,0.6788272720848728,1.3582223365737056,0.6851403398097093,0.994118048806496,1.061255722000019,1.1301891955782235,0.23326608394965082,0.6404350125811086,0.26155462285669406,0.3402387057997142,0.44072869730476516,0.3730904762073617,0.8309896575629991,0.2997231538767938,1.0703271142409672,0.4435794874478628,0.7720436552645147,2.704045743106428,3.05118203501433,0.5775261355024266,2.7863141767726116,1.033317804035399,0.4749968247100169,0.2326925770524468,2.5650344024845664,0.6955316856834923,0.26859065864701986,0.17497431369504365,0.9494394101116436,0.43186373186960864,0.5806200847324268,0.2220323067760962,0.5158588097358019,0.6975433027306024,0.7150237330345769,1.0014709715291825,0.2891232554186095,0.4291417998067838,1.2662322419167298,0.6744373838266358,1.123489435971181,1.0887461373788465,0.18851870231066306,1.6940451656601256,0.4479916228532369,0.5838284932786229,0.4095552764641728,0.4146218627679703,1.141061279945415,0.7644305484027545,0.9752392826626476,0.1739634605306691,0.46018259053794697,1.6077977246362676,1.5160179099215592,1.7285496356512084,1.1187703851342135,0.07948658483720977,1.1364076069728788,0.5316074271756474,0.3783753798441785,1.9660152440686172,0.1826432860534928,0.4729421731288751,0.1345467808774712,1.780505475467652,1.6806797648164677,0.3276407860020475,0.09621929194231282,1.305462877837016,0.4878397898441998,0.7881509297591778,0.751384122964645,1.050947228545826,0.4670857476690432,0.21472996488632717,0.9685482504315673,1.5755887275653357,0.7312580218992178,0.13736371774497233,0.09019853318409643,0.24511704747506272,2.461052892552832,1.3449315718607466,2.64398414753668,0.9850544797076208,0.39451729662155977,0.5448868795767644,0.5776041547213216,1.5089408968773628,0.33215270096511257,2.614584598598341,0.7756024858956806,0.7191835525216048,0.7066493780851016,1.3071470858541325,0.51944524771562,0.13096817865313043,0.9030820935798078,0.1931142034918229,0.7457556596628059,0.8360987972002876,0.6301532599151305,0.6587173943622553,0.6626399672600812,2.0327655966111964,0.7671879692116805,2.525954152835442,1.1385322916148772,0.36668185246783874,0.9100030153093579,1.581795245512702,0.9798500530844251,2.7866026172822767,1.773802405460307,1.9194261277655955,0.23956672010079666,1.0527716470866317,0.627956749344589,0.6112148427727496,0.9156497504321033,0.6203947958819251,2.5299405013152705,1.023961052976637,0.6506623362716644,1.2246473075491877,0.8499345627181846,1.4352565444458838,2.751928267711446,0.34714465517449916,1.8257972631659753,0.9372328137742638,0.5180427962024835,0.6122829304054749,1.4356860531421856,1.1387471622273169,0.20779497955121148,2.5195673923059982,1.6247447708328113,0.8982070093970356,0.3379771227953122,0.5650996199535316,3.719521468180716,0.9283691856488974,0.19425380234309977,0.5977523207538971,0.4213001280429345,1.1070450093608108,0.7027014358477065,1.2805602688416666,0.7827246266291807,0.627806143997873,1.2420790499253176,1.7844510701728686,0.0969989077345103,0.4662382817296171,1.6938586676348208,0.5813865159095604,0.5408342455807635,2.669563912611526,0.3556316991446139,0.6722795420256911,0.520730368958092,0.9853510398358107,2.6549747667367765,0.44093704260542804,1.2435421349581612,0.6444644063779511,3.0326874065548695,0.7932947501944589,0.5417103653909638,1.3642253640246418,1.0212464407647253,2.894999104222666,1.383302163641983,0.7100954297479118,0.6001756029672094,1.8524725399353097,0.2022116875942403,0.5080127041789106,0.5540038382612511,0.3470266136084285,0.7824855693826605,1.0819008228840048,0.316420240573668,1.8724175355984876,0.41472569277502846,0.2782404074138146,0.8411541580554535,1.511346443975454,0.27974403762458666,0.6850057995528066,0.6403773331819778,0.40149520433601055,2.671700767180108,0.9964003164719121,0.8294198958683231,2.44704144642791,0.23323324639416038,0.914033509029949,0.9601069873461154,2.32511530423707,0.26784028908380575,0.9258264702098175,1.1052854811380939,0.6469762643426649,0.4678621426682916,3.4634119676875623,0.6716193422430058,0.7346505362598058,0.19519335285084688,0.7777313062488441,0.6968004348459624,1.395145714862925,2.816901231624641,2.8846927095598405,0.4354498890841182,1.167812808303972,0.9023765717662754,0.8222309033514374,0.5723045722523199,0.14039484523053894,0.5346468700703436,2.4795850675007376,1.2084259980861563,1.7751122396374586,1.5915364323157826,1.3411868788586252,2.1202990296515294,1.4262099040082656,2.985643347558436,1.3514208221831192,0.9279326790508534,1.2458450422806338,1.3559156899027824,1.0622700268127832,0.28660924604172955,0.6586607034232627,0.21296507404361575,1.1613832602843601,0.3236676883502325,3.549572515908633,1.6561118848945244,4.196319427808955,1.3576524650377442,1.0625144685104573,0.40526379939135093,0.40230497385925507,2.761093781898374,0.9442233897787036,0.6628138121660858,0.5940202268073005,0.6506286383727586,2.1404515539786595,0.6444907732163192,3.7919285453375946,0.7408310831097815,1.3158602903313836,0.9637310490193218,1.5604506233678426,1.1560618075660372,1.4715826767010711,0.5608683375434157,2.3088617697273897,0.42077554938484457,0.2926026210399616,0.26452153263812334,2.958720726260037,0.8677631389117969,0.09698495172232013,0.4950155870305098,5.040377994111628,4.397861758094529,1.0705482890322902,2.0546547894812672,1.0070436947098647,0.4146384703026449,0.24478570388361917,1.7132252302392734,0.6382081383270093,0.3764598535416148,2.2329700952499376,3.015527333069444,0.6427803278320436,0.5861584541731139,0.7116174808906327,0.6966378752743739,0.20392633935131121,0.8266305250566902,0.9988105581485969,0.8794582338555966,0.832856987632874,0.47652448149249743,0.9731608470838243,0.9894670309429846,0.8293710821334852,4.824892677613318,0.1775605778094843,0.7426856246099284,2.2448405968545466,1.9014349504289276,1.1933941828245356,1.2262371794146067,0.5115528304876669,1.2208030989648495,0.993575940932685,1.633588287853364,1.1256249821391466,0.5796621467280482,0.8677027012020085,0.12197187354731376,0.15286107062785276,1.0247447906315645,0.47908607129605774,1.2294960015188638,1.4908954672785208,0.49480147077189324,0.4602458206404015,2.2256216443840744,1.5044713110232077,0.6076417462246174,1.6013396313116164,2.7510644881279163,0.7062874370180108,0.6150773745763152,0.3228973604973875,0.5215432867021674,0.3972250107037826,0.8771731356231236,0.9052702816454818,0.7442933585201751,1.3809619268987805,0.2718510089486749,1.2097002523987344,0.2273653296909372,1.7207813640971767,0.5986578920563863,1.2588062724180034,0.8156109911475031,0.7139087425182706,0.8110328322923216,0.467313549928959,0.6415037095965341,0.6353300473424681,1.3677510541239157,0.34780119022537315,0.15274217950920538,0.6095948478987007,0.5698136534090792,1.4246697653917813,0.34989547029018375,0.5397371483293132,0.7148952628956778,0.6310190536531934,0.1284291252027442,0.25468961699995185,0.24210195773901305,0.5025901777360582,0.366342508865676,0.47455622298710465,1.4019287110918346,1.1330304339046728,1.437967740253565,0.46379044127505287,0.5702660035976069,0.683694302226062,0.2549908808290373,1.7760330839196166,2.312248980229602,2.4158430711697583,1.2310718921231354,2.536538821061642,2.008045958856776,0.5502671222290002,1.5444921847128679,0.7156697590225634,3.519126092135324,0.6712778599725002,0.3251754175868667,0.8721345047405827,1.1416611485169987,1.3307546566357564,0.18501255113409365,0.38159530161950805,2.011323143483054,2.8304214609519773,0.48407161400441046,2.5005082922980004,0.29418793797569615,0.7957471766367308,0.8235965139933099,1.8724040918406781,0.4800840432288157,0.2899617656514865,0.7857780958566859,4.737745982271952,0.9912306866116605,0.5740949205251848,1.1403340017038732,0.4188075705538883,0.4923600665191781,0.24925286382036685,0.58730389948575,2.809408156867804,0.47116587433349844,2.208683324533731,0.9313526459319359,0.21177581691037228,1.5670269241801418,0.4589255086777881,1.5502999830923483,0.9325402546507955,0.44255845587864956,1.706079778211358,0.32794831825608994,1.850225008720898,0.6550045065656401,0.733052368786929,1.6194040458099608,1.573919006173002,0.8769072504594383,1.5356325116587324,0.7120650955778368,1.190071827061343,1.4630256215658077,1.851173120333118,0.33245321750670487,0.09864281390713514,0.6406154372236119,0.31755891603838443,1.1760156946104132,1.1124349896997157,0.6604466219700493,0.5983536734904998,1.4961132701126185,1.737754207553217,0.3396688920224977,1.7688697986389355,0.9881116573730716,3.6991151502440944,0.6445459357136021,1.4880911934667185,1.0387839371200411,0.5577278488139572,0.8133822869645791,1.5846402002951476,1.4050570170471368,0.8799902927069869,1.0078238330585036,1.3824435494970253,0.9352782834208935,0.511321939113787,0.3196567918531061,0.8141809803866663,0.8030098678789355,0.4546590607763314,1.5738217825561094,0.5538495875031142,0.31106145391009965,0.3480286747756841,0.9461443307647778,1.6231252027043352,0.6920585674176989,1.1548731966316965,0.8570380995600235,1.335367093287442,0.6519563582275136,2.049502862485843,1.7512502444250266,0.9570838834970681,2.395399711238552,0.6836211286773823,0.9549846750080148,0.5266074586842686,1.7492193508229494,0.919821335464547,1.0410203219516505,1.552338680439041,1.9382516462617667,1.193719256937874,0.3332585589304833,1.0993369280724608,1.7453567501271119,2.9708963165816114,0.33749226002981714,0.5563586347682612,1.0083809395776453,0.24190485102350534,1.0204411526670165,1.3485598267870549,0.7105905809163233,0.4034546636073911,4.065067040050773,0.2558340789053332,0.45655841017724574,0.8726337687542158,1.6414301931273485,3.079105800506788,1.4104502932766794,0.2750578247286208,1.0076314350965192,0.3976868993802783,0.5964347471008794,0.3921134278646129,0.6188274685885472,2.586674352439762,1.5881216461596102,1.9686857442088328,2.321466886300175,0.5623117792541403,0.47879980887841656,0.6567569370258575,0.08177952225695151,2.027699988347725,2.6284200619024207,0.17364040669098785,0.7149677637138455,0.8868876143419695,0.2442831100399964,1.583642215774049,3.448584772566838,0.8315031113914171,0.6045287791137357,0.9491736211056577,1.5157370415244151,1.4604985184941457,1.1466228707674646,0.8587347581142135,1.4285732635652468,1.6766047554446788,0.133282548351913,2.3789260647736032,0.616855991271227,1.8371021045159863,1.295295934476326,0.07179806445619757,1.8269880436200414,4.001520139303149,1.1189003937000745,5.177222499258372,0.9927172355700117,1.3323846733415026,1.4104199765540777,0.20188992142564915,2.1760494635089302,3.193285552132053,1.3691404332627068,1.5559257510573758,1.4813473126630674,1.1795790749464015,0.9647491138219808,1.8499582129150764,0.5251188749178761,1.0539040754620645,2.7047752838336003,4.512326741976216,1.967744665416942,1.1149480233181799,1.0765029131093566,0.34070475153573965,1.1019539893113195,1.5026938765271431,2.4773024132818655,0.8601008602348174,0.6596498571820645,1.1049667266345558,0.1789207575590799,0.732264866836619,0.12284435711524652,0.8228990420715491,0.8576215807070827,2.103131896334849,2.280627748849296,0.48793826585502814,1.0652727708484475,0.6565940998091102,0.8550844749425455,0.29515049875610005,1.6636192678696724,2.193643727122141,1.5398715645732048,0.31040265511537213,2.3380110418023543,0.17696728586772703,0.6681236633856866,0.24186736537955475,0.46953368208358737,0.9183577835146483,1.8815277951134965,0.8107970999232406,0.8268372670069002,1.8866088014550737,0.7007931506218534,0.3394326762660029,1.0061845048092246,1.2314327467081752,4.207455294954581,0.3972961094219416,0.631324704549563,0.31810600311253867,1.1533930363411262,0.9817601879046843,0.29801069357219895,3.3323689762927735,0.7768518381095391,0.7318186780538332,0.714878758470203,0.7021286365463574,1.006809072951683,2.528662589824906,0.9431352929253203,2.8218243087121415,0.5707305493458505,1.6147141926103616,2.5042617657973527,0.9720215228947554,0.15379042191566494,0.7145726037787905,1.506922588009707,0.07694680808239718,0.9494241479042685,1.531542433339368,1.9141382022412476,2.0634312300232933,1.6465221430453403,0.10692262594067664,2.170295017090141,0.21284689531849924,0.9108296296496692,2.167930211823435,1.828728944599371,1.9968799769573187,1.5057924241276923,0.17998696954029902,1.1484965810918237,0.6063282070179153,0.3963608343928908,0.31856423183146915,1.941933051406227,2.3524904648582012,0.07820451734545103,2.5978363919581597,0.12236677964951867,1.8574594828668296,2.4047683020884447,1.053205616934613,0.3357999273214654,1.9733387372971127,0.3786469553790086,2.3335200036388337,5.326512186771846,1.5878177837153278,1.023844949885929,0.11735382693216574,5.161088939899464,0.7767124274581935,0.5078235272049021,1.2417376842364531,0.1545160745790265,0.8064448704248247,0.8179734034927355,1.32422958052215,1.060019380992936,0.30714710449830346,0.9245364178572519,0.8411109128371868,0.5865860618043508,0.9085057570641268,1.2689428334049513,0.15928463896872608,2.0131980693557407,0.7356034273058074,1.2872769330880653,0.4755328714508603,1.516344758815175,0.9065298765865506,0.7371068614584089,1.562610633499409,1.6382204012305308,1.269740335740589,0.3293366001609005,1.6476572965547842,1.5343844544483263,0.7621522727358582,1.0459035886476906,1.0423423726479215,0.6030790740340025,0.6478379330071663,2.4948847473322107,0.22267197204069153,0.4718575348305524,1.5235546996122822,0.7464202218153064,1.0327852218582547,0.1942050462802331,0.847168887175769,2.204188919623224,0.9232846057049945,1.0875386659472641,0.7084309445151727,1.088649191741306,0.2728742035736587,1.5356033941002736,2.951715828961193,0.895872668555846,0.4856760857670843,1.4802923648759625,1.224649392205072,0.767634255406328,3.1784459940309846,2.3969676378122857,0.554434923160393,0.7361531714506085,0.8995892724979274,2.9652322387599916,1.2783911250499247,2.561894671158862,0.19953800786313747,0.5819983142128243,1.1662411980462244,0.4380075509456951,0.4560887061969428,2.1446268470952923,0.787432110167523,0.5325853063490966,1.650772157280307,1.3470506474764765,1.070289999318142,2.5312558636666926,0.27373202027667887,1.7042587903132949,1.9049782829512183,0.23838466990833876,0.5852383348584009,0.6852610772965351,0.4223042274623373,0.4471343979095195,0.3733129102619938,0.9881785614621853,0.3584171543704805,0.37873952356826124,0.8182189416613012,1.9992265745422937,0.3452798563880078,0.3183182967880638,0.4761281030308862,0.7775975643930979,0.8786096459020969,1.6892212250078262,0.2605888669136951,0.30483837025378024,1.4705418352581865,0.3132101202643707,0.24717799038882945,0.48691834907539244,0.9296902171690238,1.8408741869661551,0.6064642387192882,1.0935613336457386,2.2333796547499203,0.6286109077509003,0.21602117772827095,0.7500818921292552,0.8534378346865474,1.0893257417759612,1.3801635961142538,0.4781233901002087,0.33958567212228163,1.622123561286863,1.4444701292205242,1.9452860209554879,1.7118249732306245,1.0924807791958913,1.2711403782379687,2.0438311806271066,1.1209459892436564,0.3252764548875709,1.3236527192180083,0.12621605808553604,1.2019112565895391,0.8352758955653133,0.24933938577386833,0.6960014086210637,0.4620246924410985,1.0727059224918234,0.5330590748568965,1.1011502847276058,1.1367141988857066,0.5599038703546476,1.0044790646235033,0.4010753666351523,0.6889013371987266,0.7767369187137694,1.1664464038704994,0.2049875791559978,0.6763795802718813,0.17323729145251637,1.5460540433554695,1.1754768436816843,0.6390288234940682,0.5044230797488021,1.8151030141182172,0.7804834311371495,1.0981484158242811,0.6590680003909832,0.25101117592660677,0.19582920921164942,1.1746239572429404,0.7175162530690447,1.6534774026917725,0.34011322979139524,1.2543790068348173,0.8046417318578869,0.8211642172256837,0.5989870361272587,0.5269734170285585,0.18662770975370957,0.34403868525908504,0.2947540729781313,2.7303984201579663,0.2674284643554477,2.343534500350927,0.7472680158247323,0.41651328565892,0.4105517598269426,1.555623368490259,0.3185689632559571,1.2418357522914796,0.7812408624159968,1.1446655083292812,0.18721657195183727,3.1036080802198667,1.0507699803205022,1.5713119198571492,0.38182398729772415,1.3905495963750316,1.3294431619552551,0.349828877330167,0.1058306466873691,1.301693725328177,0.5737690495721902,1.9807080667485693,1.4080095300198099,0.4696797555261637,0.29633532542392704,0.631978248292915,0.2923139009888093,0.8297154298328785,1.3921095403499686,3.0404261072101533,0.6047553439829063,1.6488900809415217,1.3031748089988937,0.741974353379293,0.6437233118594794,0.44977262826255726,0.6157809578555062,0.4476619849957769,0.23367888167705622,0.658253347486569,1.9441186899797593,5.626347247848558,0.8246084513868306,0.32326125627242785,0.714720429919246,0.9182323282999583,1.7260149671482854,0.6777463140377726,0.2946810506028078,0.9615620074769984,0.7599519873426578,1.8010998306054218,1.9181006447047355,0.47797354374005,1.1368683281589105,1.2244431469113324,1.6239096368489068,0.9961851751408017,2.4262623185858456,0.5065870659546162,0.5085610580179438,0.4026549604990562,2.0289452804709556,1.1679371661883948,1.0564509212271527,0.38990504343106747,0.05952655621541603,1.1439336706606502,5.084241878936389,1.5505370921614654,1.1234599171491346,0.7565445804231168,0.3303608283488302,1.4221902534722088,0.3268293729180494,0.12727758624967567,2.2006491752415465,1.6177751818690826,1.5407640426838827,0.7431453282799885,1.2942341093327292,0.6777636501786436,0.3445952401467487,0.44333541756305156,1.3995873500440241,0.48121786999258875,0.342846699660762,2.178127887354409,0.8479169403269612,0.48469791621856956,2.4230617156997996,0.7667772749255716,0.1706348160240071,2.019746138924062,0.7660548771250122,0.42752229723233925,0.6354045827317308,1.6946043795159351,2.2152154744710306,0.3183077851750196,0.08053643896566437,0.5487714745059815,0.2525564130091409,3.1308063664567545,0.1984912845183424,2.2756435636171224,3.569124333961983,0.922376383202554,1.203688717652225,0.7554479013345577,0.31631759697165823,1.6106101518104952,1.0110829958693741,1.5406928158898499,0.7405322292251368,1.690704306305504,0.5642772443738663,0.529275483189598,1.4507263182017136,0.8605123854573373,1.3419140096237998,0.6725976519139758,1.5633845683427374,1.0808116423601064,0.5087963232935551,0.5664521575021175,0.6787454826176547,1.0987826953621518,4.509840350532176,0.5151205856342305,1.4551487144611805,0.5940555092974329,0.8190557122988614,1.339950099674084,6.45244275230407,1.72463946322994,2.2098630309800007,1.1057705393066077,0.9472889773658453,0.18433910329404174,0.25011485323298127,0.4478586095385523,0.6966021479545915,0.5892343295777558,2.131067053484946,1.382287519445852,1.7748379456879524,0.1660771079607815,0.30658153116751063,0.327027466342918,1.6562487800612187,0.5312448083098996,3.4767364192483594,0.24211157424263974,0.329062308497273,0.8964357514281143,0.800995936844876,1.8958836005135398,0.6257642359876194,0.8694308501414901,1.6247716013785285,1.993159462590441,2.0950714276725204,0.8563603639511552,0.20773878479859148,0.2514366188813688,0.21815159350380176,0.4604399732409209,1.6181557950293122,0.06679316133648402,0.4806255916124272,1.9586790126433287,0.8723993847553582,0.563237264048773,1.3593873374334196,0.531355114032205,0.78691820610685,1.2974164308067084,1.9488313132870825,1.0997237656171102,1.1724182044373852,1.3035256230549939,1.4315024519189317,2.31801238025873,0.7923277833471308,0.12693163161008233,1.9326104460685083,3.313171581681901,1.9735049312904438,1.2179890817075103,0.4791844826904834,0.461568441969835,0.3899420391189181,0.7517708425272001,1.9007531079422804,2.0466834212976224,0.6688423320503059,0.9903194321541426,1.5580077299063033,0.5521269094374566,1.6931899854267283,1.2389835505637097,1.3541686998306195,0.30153076128993894,1.1958970984684925,0.20845864961215788,2.3438369098794665,0.16463272577117108,2.3103527032591638,0.7722367959832674,0.882612367810233,0.7596764988347531,0.5403969448716484,0.33407162030209836,0.8342238548839125,0.5470787000819639,0.8367929467771443,0.8682547853294357,0.4019653501938292,0.10205011141452958,0.7262039021427429,0.3158488615842699,1.409005804509636,0.794237664217215,1.5108121107757255,0.5349696229677783,1.0202975012043263,0.13028200852460797,1.1046499414532462,0.428273143868919,0.2525052251953025,3.1649284499160557,0.13518070656748055,0.2293739920385256,0.42498612864025476,0.4097613393804691,1.417886657964667,0.9285099207114793,1.4663134198860397,1.047968677605949,2.1078767691127918,0.5720936595312605,0.3004102350118477,1.4966741713712601,0.7892090423037348,0.7817251863262956,0.8748009516284043,0.9228533922110224,0.8739447765845895,0.2064666996701588,1.6754005202712308,0.9884372487061865,0.4255546743783416,0.30931613346372605,0.24732322458879272,0.15044722809289535,1.929342900467359,0.3887842968764072,1.8438582520453515,0.9043176986896094,0.981395350121653,0.9187410309660984,0.6396116021853138,1.1117014075026492,0.8807289613042513,0.8228675207847354,0.31052760897074705,1.6071499153302629,0.6278925069243726,0.23678253746072697,0.48518979397439743,0.4811507530741846,0.7313926045015129,1.2092585876636774,1.0272618117627887,0.6668126565799911,1.268124601018988,0.561003515228673,0.37083909454549757,0.3758986806505715,1.6047699199703247,1.2202441281540248,0.9044003768775338,1.1404999472771866,0.8243856410060686,0.4058319191299117,3.1375710773087313,1.252896928576928,0.16198472745612258,0.28663509707498813,4.36915893017136,0.58264042368057,0.6823911695204982,0.29768144896893345,0.9108545738587747,0.8519856577674609,1.6550482269564226,1.4995270329163795,3.722334723442735,1.0472325299601717,0.4326551888467528,1.4222166476222657,4.1707021829856465,0.08812789079464373,4.453672447556523,0.5124447752535672,1.8288562653296068,4.639064482549389,0.3520959309253043,0.9758246750943271,1.1035708693795585,1.0027531868215251,0.45504847170216706,0.8318633597527776,0.6834094939979201,1.1065722171587526,0.5516427783006882,1.269361380958786,1.028161217994606,0.7419580023096368,0.8408054036644297,1.122668494510147,0.8498439250532979,0.3588132304355678,0.14644244724839092,1.580622431486384,1.6243394278921957,0.1815051440417598,0.7406777025529314,1.8559482515234869,1.4802354343353334,0.48440819266002033,0.5576078349608758,1.0970336175135957,0.9420647844205801,0.3377724795864426,0.4247578679877125,0.37299013251940294,1.7287945406397118,1.4883250494295561,0.8062181217493912,4.292698683038351,1.699923203566307,0.31997855571849726,0.4855893963446652,1.5121432846405847,1.1442014886658034,1.1152447535795362,3.6938107511683436,0.49137538212157406,0.24968820701268368,2.559067821146274,2.638907105148194,1.566263147108101,2.205606386718589,0.11206903642877156,0.429820539348643,0.7173973713772571,0.3308703113586707,2.3044485616878205,0.24568100475519888,0.7999289026795757,2.866020406068842,0.21932977365700426,2.402258893753546,0.8681475772159347,1.154575763554871,0.7080860454249165,0.5740555656934484,0.1723996281714132,1.915527620058433,0.8298273104362972,1.420570630002283,1.769977693143158,0.8433225705442082,0.559044019159469,1.8815960072721714,0.7446702431343886,1.3492503562851283,0.94843404581253,1.0407416876950373,1.0140396084665704,1.1965855532760263,0.7456059939089623,2.5915429554976486,0.9854573115992524,0.9531469119579379,1.516611120453857,0.7711797323973071,2.090029222099042,0.651244579982921,0.9961867275166791,1.093396723530151,0.34406371188559776,1.233455116750692,0.8332040533805517,2.404582386409608,2.093775599037179,2.352595985736837,0.12364168789540622,1.166904516484002,0.970008713590936,2.3425802698744063,0.638965143449824,0.2984198519190218,0.29810104648173064,0.803534108026047,0.561643564269236,0.6344313541675949,0.9185088981992903,0.9579713461316809,0.37035540961726376,1.111762971045784,0.9065485445140322,0.5500554925008111,0.397588685002795,1.1931189103891924,1.1148965726460038,0.7339064844214154,1.240511140811445,1.1990493545075187,0.9513866196412358,3.4026755325484905,0.3221257046004793,0.7548310787192327,0.5634623756982198,0.7069239377060748,1.8952022019585266,3.4771343770673995,1.1442979123325268,0.8709839475723253,1.02643322817276,1.815892944229158,1.4731485133832216,0.5109145741241581,1.2555397024544785,0.9967060920610002,0.7755556793865792,0.4626924854688259,0.916864481713743,1.3597234905743765,2.5127396529378503,0.5434251520023596,0.9325416462200282,0.8750574049361679,4.792095000339127,1.1494847125277468,4.042387317754209,1.3166477221881587,0.8774258303132605,1.160574743812731,0.47742882829437316,0.9431125535069216,0.666435294140762,0.08007306579535198,1.4613595332060074,0.08332950920835208,0.11898425331061994,0.2908093006960435,0.23616787302852843,0.15053190029702773,1.6048827772501624,0.918447697491277,0.22988575918959459,0.826772078913899,0.6496088028204499,0.1398455383683997,0.6470567271938332,1.3640561754913154,1.4693920039258725,0.15831718932847955,0.26698075451257963,0.13554654587399115,1.8575510909103579,3.6500966006355102,0.8694046704603992,0.6479518904157695,1.8230146498347635,0.9810835397573421,0.8863664416351504,3.1967851047722826,0.5854629326038241,1.1706439611515105,1.485911375686231,0.5731228036479341,1.2896875232202005,0.5191725889579781,2.3897128687459768,1.4349294641101737,1.0989416149160216,0.28717974193971846,0.5848200037306174,1.368423924362315,0.06327315755829961,2.091262191017744,0.9732879683253626,0.8162956156121475,0.4526023686743009,0.6159717627538952,0.5065749015752573,1.336704921090389,1.2890286579665826,0.7059280914092372,0.45667248251830106,0.4217405090573173,3.0956156787722446,3.952089685436509,0.4218319860942352,1.8721410633669175,1.364410065777379,0.6758284365971743,0.7730650893017837,1.5399819403865354,1.9160010746796163,2.633670253427908,0.44198952862574453,0.3623842761034144,2.4722537628726506,0.46812426827441267,0.7183724340131935,0.37456774166085716,0.16385896822497842,1.107757085476948,0.5003032622809798,2.3302166024844087,0.03772318833942134,0.3975227746567329,2.1775320665337285,1.859602888787775,1.112204899975668,0.6390161359698597,1.062164068245874,0.8992151488174773,2.154594002006721,0.9668531892965204,0.948511301021577,0.5619757093000157,0.7438110133211459,1.7156613888088923,0.6448654106256502,1.7598557167741244,0.5949501156405658,2.1233277159951807,0.6321137863421347,1.0822583819384974,0.6566607138466966,0.8997558018905736,0.23727408812372297,0.5768259368606681,0.22458873614922106,0.6716611440588854,1.2719065332337656,0.44244050543484015,0.8376174057045758,0.7913686128283508,0.6595102664724862,0.8467867196251618,0.855566859602395,0.22506127312552604,0.042122547282247014,1.6250003699717896,0.29294853912966157,0.38927461072547864,0.27734321033884524,0.5413103984150427,0.21593184695492568,0.6585798227718204,4.750769615770054,0.1793597655252082,0.7997508000011269,3.459285480227627,0.3006297546705693,2.732718380098837,0.8512311743182994,0.7816770938846738,0.2890108894108382,0.2677973256566871,0.7887684255504915,2.0288951990250683,0.14856381703482907,0.6770925220617261,0.34163729251930064,1.1175065357849572,0.7670292844525894,2.5201246837600353,0.6701702755173888,1.4507091166393487,0.9570434262274612,0.09656052470384838,1.728875527614026,1.4145929299075788,1.1880616773909476,0.39757700186701794,0.3127988575702889,0.25427865080117246,2.0778847035839485,1.695969798474941,0.4185252390646628,0.7786245455839872,0.6297231175993954,0.48952298390371773,0.4892505678205236,0.8986211160100309,1.3598355952675225,2.2379626662015677,0.6419937050580036,0.15861710840560392,0.801828089498515,5.648380558432651,0.40376420357850984,1.2460792748489404,0.7730678463543987,0.40314933462029207,1.5407288680353628,0.25404528934945353,0.3337904383600436,2.0076914518511937,0.9277763639415475,3.217789781485784,1.6872769200766553,0.32388076036788216,0.3558423781090762,1.457232581831987,1.6388538920496099,1.0233806432038681,0.08400235309387312,4.3095138420277745,2.2544543209783785,0.433908501065972,1.0633388454489683,2.0728284602144296,0.16169263119970262,0.4966044763708481,0.29704286857511997,0.21942925834830057,1.9062030973068325,0.3358834884994236,1.0296699400466462,0.26880154238207254,1.3272532991779844,0.28916067693378417,1.5236342550707604,0.8895815986525247,2.4487027748131873,1.9569050952088327,0.8531805206063646,1.3563405140250457,1.9516013226022255,0.47816839461626354,0.6367845755737429,1.8189611415908056,0.7453389945520165,1.2509883903756052,0.17841913140584179,0.8697340174178506,0.6932213203795403,0.9775926247095416,1.293804628383212,1.3558936421628012,1.3795827720615643,0.8825559866832845,1.5954540478556705,1.0671514509071502,0.6452163366131755,3.6407768927838196,1.9878305718370322,1.2495624485370478,1.8507955979655728,0.37711156968612003,0.9664440076599952,0.35433983889139653,1.2589391858832315,0.6685046282044755,0.8431593224845385,1.14623630043661,0.29554362775131093,2.47122229452666,0.9582057330938158,0.45345680586480885,2.1719986001341614,0.029816304163799746,0.16733617442372753,1.915174857124682,0.7591074006738676,1.2969202463018645,0.9037573244757999,0.07251292681868457,1.9398891931732427,0.9563940438949473,1.221267583670775,1.9082043818929657,0.4886660377424813,0.49602562270983735,0.8749252209042461,0.3447524230622759,0.28535698107626384,3.7877219715195753,0.87900299985215,0.5218821581942173,0.6261550640226087,1.9832795041232207,0.5464282903633242,0.9244060204166329,0.5625619605336442,0.8050283141542558,0.2290782855876985,1.867261415133393,1.7787252871226624,2.080062757085066,1.8742056345134437,0.7162740727474769,0.41733642512609104,0.9328652402972153,0.563299821103165,2.00439436976621,0.614881273299116,0.775910464498376,0.813457988110374,0.6628820933827586,1.6744082960007995,1.9454065265636373,1.6418973526094904,0.6337139735714549,2.374309038259677,1.4650028490434805,3.0549635034936515,0.20032395795864436,2.7977623802160205,0.13834660397909457,1.5885878849002388,2.8812230805580983,0.9857669696190217,0.6205054888873633,0.5701396349148948,1.0121774397995569,0.8566854571731357,0.7929385647016557,2.2648004514689495,0.4349165422291744,0.22179679037221545,2.0519161130174473,4.226595603605946,0.4430002091909802,0.7408345258284319,2.8849692276258656,1.2258123238630936,2.1520430717343766,1.9717984491538099,0.9967327907075696,3.6096996699070814,0.8603717025228765,1.48708804331782,1.0356369452401084,0.8321086304467671,0.3952766541470083,0.1781349552058081,2.7193037509220757,1.5295073405568278,0.9036892440187257,0.7791119973382656,0.9083853466957142,0.5585719323190655,0.5259480009462036,1.5649359048061706,0.8327517331810836,0.8383181174386357,0.32383741085179574,2.8567937546839253,0.7054226630310516,0.9924496044438179,0.22022281592976223,0.31167005342693094,0.3272244886881579,1.5632620510813244,0.701703547397218,1.908713610257192,3.9910582319126813,1.345528599675466,0.2041787307083094,0.3265879828830264,0.16419333436856198,2.037401198866962,0.6844407311885242,2.744823232913037,0.7969469178344515,1.2132345690838242,2.812070523766094,1.0503996490215346,0.964288415720569,0.7040248186755026,0.9681901313352341,1.7521192803941992,0.37450026783887796,0.3385215924775012,0.6842035444773314,0.6737034202754966,1.857200503605944,0.7458301629635725,2.6578493521382565,1.3212599584155909,0.7611731943016646,1.7096150256796312,0.7576376320081972,0.5246497760096895,1.169497949253775,0.503699172980548,0.6256050520749084,0.8971179983162146,0.5331564965106371,3.089041522009949,0.856551459204967,1.00110360919484,1.0095452400404519,0.8035607785943789,0.7969146844561149,0.6968862924959003,0.6900936559673412,0.44826737787221393,0.339838886176762,3.065659797997121,1.653871843683605,0.04192959855712116,1.4985257289492282,0.32104941118534974,1.1646518771633765,0.20846038176347365,0.48630329571155884,0.6920352881501206,0.6213424869559463,1.8090591862627101,0.3566359255357239,2.7018817850035357,0.9781820628121125,3.3338983480647477,0.34514061446170097,0.2672931599706851,0.29575005655964964,1.3588828005681823,0.3149840422220841,0.20437168159247365,0.6155473095949443,0.18621249724361882,2.635868200181867,0.5019739702146678,0.888215224790209,1.765622415783113,2.44461923939406,0.9810351826888967,2.263730487356937,0.5773668388761313,0.22570242081252112,1.7186462541270005,3.2235281621639182,1.8667194344742588,1.7969149427065678,0.16404983710496684,0.4392888230094233,2.0194671548490946,1.1758301996109086,1.1105373782553816,0.9871435962855492,0.7793899523909477,1.2661533004498584,1.0266395098422438,0.8152725040136258,0.5859214351920259,0.7043063177106259,0.35411988761748836,0.5243573222205506,0.7736272497623923,0.4058403485856492,2.6433187968791465,2.9612478574696732,1.712076211225683,0.79412472645099,0.6529293432132826,0.3163672942831165,0.6939148787249267,2.4674779863534666,0.8519043656030221,0.5874463566870299,1.7709756209137584,0.07916197329484309,0.6600993513249293,3.011328164010565,0.4982095106898268,1.5182508746626575,0.3224038335854049,1.7251442618965143,1.067913079282304,0.916575415455027,2.2850890421704837,0.7554010254140962,2.123508593830463,0.20187514931638262,0.8830929006055981,0.9956676303824961,0.8287902619454943,0.2908116622020706,0.3216997041005016,0.49363187461868996,2.3386439709181035,2.123750764751135,1.2474577849208708,0.7189132771900286,1.6388790106761668,1.4453574600754067,0.6951060780344895,0.571904909921571,0.42856308034744334,1.1743767636590492,0.8879585284029069,1.1948703100172302,1.406277025217902,1.5027873011600263,0.3409209301944776,0.15193507357890162,0.43761541685941513,0.8681444713081997,0.5017740395813756,2.256616986171795,0.21642082263321527,1.9313288374145319,0.26704237058896985,0.760959478525101,0.4391668572389758,1.1485224556811944,0.36619357975846595,1.798514879865439,2.388485937862615,0.3389613094911137,1.2658577028921674,0.8153364374592682,0.36130772774586584,0.784537707128984,0.7051848138720662,0.8005005782798216,1.4585061630010534,1.6857750870654928,1.6142565869295633,1.0040425898321528,0.6970809571661023,0.9311567222659481,1.3839792144170378,1.8897856684502679,4.081655156966955,1.2428421064570445,0.8074832618213046,0.6197284152203403,1.6465004017662748,0.40395157667044806,0.18340522167263454,1.1369539722401587,1.520070757378713,1.1652121939701494,0.39817446503694814,3.0596051355354192,0.33527661025567046,0.7375641232576123,1.1197758185155848,0.43850467603459,2.1738203964492877,1.1650620153894669,0.8289777785273735,1.7929567893885643,0.6564641886709741,0.9382332034586992,0.30919331583573006,0.10010811826860423,2.584770016322277,4.43016689965358,0.5906600823090372,1.7648352601377304,2.5894409090813575,0.3623369121092035,0.060169617613459625,0.6038763959990954,0.4852812879981012,1.668116624960098,0.9338101141956204,0.5856861921455679,2.0075767207249893,1.7346058030262643,0.11121198545421679,1.047349691579352,2.07670190787017,0.6848594942505497,0.7639363693576195,0.14256934208002248,4.141112221895096,0.3093460108429588,0.9351393105359509,1.073333690645311,1.5639781926557335,0.4654604974493761,1.305123596516443,1.5019439974008926,1.1012597519511695,0.6995254779448834,0.7240519942553122,0.29230133167945893,0.8539872126358294,1.346789403752123,0.5937846421060117,1.5135449477266638,0.18643369851656055,0.8024524331717333,0.6289962493139901,0.5985249335300601,1.842145832770531,2.2154717931705115,2.068238357932409,1.5019962060327556,1.1313148713233088,0.34787150090719154,0.20210985558825884,0.43512511697228073,0.3500317096476605,1.329261859064269,0.8609259920332331,0.3303885479511467,0.5377815314913115,0.8483209283238219,0.8884169280614885,1.5421551981083703,1.643469599861496,0.77460413082001,0.8298094892414564,3.217415646435262,0.11748069525166488,2.275496621759897,0.6422290044575849,1.2999755246399038,1.4960996641080688,0.5896164634800334,1.1401652444948769,1.1895225071556659,0.35828024244767875,0.8581713853898895,1.2661034445612345,0.7029935398378723,1.877922561350553,0.6154352353412712,1.3035239963452767,0.3713592315614911,1.7392918754891844,0.7965893499783301,0.8252066444751961,2.574345897921061,0.4587226434976865,0.35154034243889504,0.5196032055618529,2.352570426961556,0.5613933065333563,2.307556444850906,0.14128685341349168,0.7193556388636866,2.056786533984779,1.7940489849482895,0.7517210839699153,0.9378378984781479,0.5813504295487865,0.6590171289998444,0.30206463067836264,1.8695440766464353,1.3227818633133577,2.4836609208071874,1.0237353534678229,1.56074610094766,1.1483915892720347,0.7548776786474998,3.230701250998315,1.1062578839738488,0.9895324256485591,0.42872535869559125,0.6756417881751422,1.3144258970505893,1.6987055671506321,0.13829014203145334,0.8103976779456007,0.6580490035806232,0.3845226574058443,3.017802917917451,0.5375987923781065,1.5141991179006082,0.5765965860807685,0.5680986883895733,1.0823440335507635,0.680654044962586,1.0999713045391717,0.5618783754861223,1.1036839512018404,0.25673544344965055,0.3183245005944765,1.0333112339245385,2.8446702881520523,0.9615768694845158,0.6257462517738873,1.2793996215518408,0.403386714417779,0.8863624221143597,1.2631211973991363,0.9064915250154323,0.5969391305052631,0.13919666289993002,1.423929258740567,0.2746319376759341,0.45226601709863623,0.3292132605972738,0.31507267382285203,1.5625586267099036,1.0282510377589251,0.6318457702660287,0.8082703170620392,2.4761577810597726,1.1446446684606464,1.4896811725810322,1.1986990647041478,2.4098264509335614,0.09253209989467685,0.4304656953225136,1.0575683803997074,0.4680103656142978,1.2515094660124242,0.6252368842600547,1.0468330705817075,1.3795692562945718,2.211384990588043,0.7525090405050917,1.46720119874125,0.8165017751675738,1.5755045168375028,0.5591900131048,0.6248304421928622,0.5327774382175432,0.28193368938717445,0.7079413346054124,1.8869051088716355,3.9698871007943115,0.9253038040035826,0.5756893397424612,1.5767436751558492,0.6500441044440051,1.756480047288211,0.6253258006997316,0.5683483271091934,2.56474449024459,2.551478890124324,0.8077916344486386,0.29085651994391837,1.9665436758961803,0.2765662437401764,1.561176091961745,1.936233743612862,1.209903563341959,2.620646631721014,1.1404539769785615,0.5695544556687244,1.7429251596423652,0.34644246460743666,0.40552200484642126,0.2382447950879244,0.8072053275657158,0.7685229780566483,1.2207383358533153,0.9546698902522598,0.79909487962038,0.7543445346853708,1.3648488116594266,0.3711079830446555,0.18178468480488036,3.3254448529301897,1.243851001033752,0.46604282993978396,1.8590360280589027,0.6227122915699611,2.792711784213254,1.123550625872802,0.0649920821328582,2.6648279700832584,0.9448342411658871,0.26083038168924805,0.4860343749897195,2.0708841501161976,2.5205768319353736,0.8862057676847995,0.9039973739690224,0.5189230629776779,0.3085227984792629,3.0235600497642174,0.7343824973885705,0.8608773541671209,0.5660937659163722,1.0619776407728818,1.5597486272223362,1.221534558966301,1.2254552251496336,3.0105197239964467,0.2731774264784703,1.2987714741546408,0.519636631993608,1.2937343247544777,0.6104326062840478,0.3297080134567061,1.491099252255143,0.5250112124024011,1.7092988100110798,1.689570604554377,0.9553746626802316,1.2999809292506328,0.47430979128406514,2.2948987567814325,1.5633623206790361,1.2034576096993082,0.9597546146738714,1.1166342650502734,0.7539209207363764,0.4760943271085849,1.0076918257035332,0.8029692588673717,0.9285325165862397,0.22843618703094914,2.0838128875744784,2.978767060738161,0.39468336637599094,1.6363436760275272,0.862895477686672,1.008086809673769,2.4052582924858665,0.22822175952353924,2.0044887775701294,0.3308214431476403,1.2722457374357938,1.3640067049117852,1.4249779887703773,0.6988659471887273,1.037065873441512,0.2619999664207828,1.6177761065131058,0.2503591843149913,3.4330833114725148,0.4853120043943455,3.6656597630925534,0.6546231938126512,0.5584407417760205,0.6166353769270901,1.730129127625028,0.9771372905029907,0.8215752449850499,0.6427043466868732,1.164036757245987,2.1583877571777563,1.046749471380423,0.4732517753049039,0.8012321175675562,4.153344323670393,0.7700283171411205,2.142469039674707,0.2249342441016839,1.5351579290370316,0.45390059535394084,0.8643627019292974,1.810376058530376,0.8433802378842978,0.29675365881887694,0.47155618369665464,0.36849818237793275,0.9790995859213507,1.2336506992833565,0.8997725665341152,1.04858083475931,1.3079821101955496,0.7803494453567268,0.46029253206153753,0.6615390851661942,0.9634861966740347,0.5515832727470271,1.36264187361778,0.9555766231706917,0.3282462859923582,0.7883130556097951,1.4935696349450591,0.6777099213182523,1.1447555838152488,2.336300555320042,0.6660651798121476,0.21859616753098154,1.018312619073016,1.4834037478595679,0.39955649879050903,0.3054383428159658,2.2283846903797353,0.1666784576019661,1.1216064831121006,0.49801913162098344,0.4588309022739937,0.8698224152741643,0.510611753836405,0.7529563801158348,1.295137928159379,0.3092557749904471,0.22778035497960972,0.6750039983350394,0.34187492539545283,0.721168307522758,0.7843875669049352,0.33349450393149516,1.2288186756305588,0.4095021087741155,0.5395584883352263,0.25167396171068057,0.3901476742175687,5.024666964699087,0.47967197185679816,0.3547094585248005,1.5204483447864974,2.042254111134964,0.8505375439840411,0.3922043694533298,0.17878665172983954,1.3264728554005405,0.1999421110158585,3.512749291802972,0.6523689640934183,0.7421475344375783,0.8042990335931792,1.5247352757483141,0.27756079532300126,0.5422444441880288,1.2766648084265109,0.32746297090359305,0.9390850706095902,0.4964349049899678,0.5560215674157742,0.36836579931510516,1.5185604310623302,0.6043748670367284,6.224579273965944,0.5935629809108979,2.5675712690575203,0.6939383172371336,1.4480800735451553,0.6113009777050751,0.2878190651437765,0.5045610063761704,2.5069669364232667,0.5750772349615344,0.6905642174495363,1.4095292745512822,1.1451046796348376,1.5532773456611944,0.9993365044390078,1.5110271716708559,2.138714193476073,2.200676295316032,0.3781362240240645,1.9014139180831564,1.0450285861771482,2.7194180249478825,1.2497016488245616,0.18443298603629094,3.47645302346732,0.32282893886898856,0.5586777081419353,0.3819514461163005,1.0911087829924737,0.40330940307363555,3.6329712575966573,1.1866666441157225,1.50852589490944,1.6872939989436528,1.2302684150121503,0.4341005673165218,0.531778908635078,2.3348071524103684,1.6965689202473975,1.894616639890347,0.9438734222754734,1.3204436851681793,0.7592636097657063,0.29583590310091123,1.0234414212662635,0.5216043619138677,1.5694353412201694,0.7237719010519218,0.43276338344364945,0.24609192668354238,0.4885700505652326,0.7741325266943262,1.9406153127509744,0.8806063259682564,1.4264510142623021,1.3228315449754877,0.6040115704747112,0.45522103766587385,0.8519275911475456,1.4728047336743781,0.19747480652903274,0.7720488341007461,2.745442170408438,0.7036445503920556,1.2421570294396749,0.8015562564227429,0.5397408281154341,1.225994674130853,1.51473100826865,1.285918383660355,0.6301677380550563,0.30468601658290484,0.40316642830334376,1.2462949795975715,0.8513838991347973,1.4853604957424562,1.3189547800852959,0.6953154732466771,0.951378164947042,1.1666794159469065,1.5296980906331517,1.4001676971818113,0.40633918035136973,1.442236167357833,1.0531695507658254,1.0685046980127861,0.26535038879217177,0.2518790071842453,0.9666483561613163,0.7950642997599362,1.8923229078067492,1.8388478922881506,0.9451736064831805,0.50377812350916,0.5692220722355612,1.5229684438017133,1.1517402597420454,1.5832243575966702,0.9897233649436168,1.208034214272746,0.5285679791642737,0.5791548766968982,1.2720291233932184,0.26659477907847107,3.67884726220126,0.8072870525333755,0.4046143132973611,1.9585195419224202,1.312654014812836,1.7322614428139693,2.4897484429470618,0.5290431769927894,3.6729248846680917,3.788978967801962,0.2844917950731621,0.65371434343137,1.748883446230771,0.4268457634997389,1.1835851409490012,1.1865230738310346,1.4004546376147589,0.6228163824555395,0.9031130562637701,2.186592218180079,0.3155457924215139,3.9625790188263323,1.4198270569236864,1.4361238089244182,4.053472151215373,0.6434333743807118,1.4867722279901592,0.8532468390693665,0.8466975694530189,0.4764802726261602,0.49777570231764,0.4805916950477058,0.14916880027326884,0.46884244638268313,0.21490567625955936,0.40789079099947456,1.3923375712135397,0.4621112119778039,0.10683070284980768,1.012761760171624,1.6344463894601728,0.8618281437581392,0.965537005988246,0.6156095387843932,1.070678007774862,0.5928276910753854,1.7701500835133515,1.5406023546980863,0.6235454577976243,0.8068484155308158,0.6110160118152795,1.627436945370723,0.6242617644325796,0.8623885483170739,2.973021911840318,1.2765811153102835,0.251320276987554,0.5041384077123784,0.4482216145421938,1.1193280298821437,0.9184314297554879,0.9454961693218402,0.4006620598660456,0.9085227308696797,2.570449592121295,0.8058890517593493,0.970800911951684,1.2381499156072118,0.9513864784767385,0.8646082594055137,1.2686335420953374,0.38707224622415537,0.5156194790609334,0.16861962288601118,0.9387340469523119,1.4055753845338355,0.2798860609951949,0.5169475749224073,1.038968434827642,0.5617136513130032,0.22405430597915957,1.0415609713252996,0.3606439895229253,1.2260938252699627,2.9119953584200444,2.0407745908989825,0.9657590972221766,0.4533235058399826,0.1244962481959129,0.3378334767846218,0.15782301667374854,0.7288991125543793,0.3326210030847919,0.8141832097669739,0.8541081136842258,0.3172168226173973,2.6125873562434268,0.5882420417242917,0.7755409765694145,0.6419423737823089,1.1563862761517016,2.233789093810246,0.11577234977505799,1.2625756790752258,0.5993824121041389,0.6320244018229885,0.07294061488291576,0.782487350421959,0.8744632417389855,0.5635987975088386,0.8296866437019004,1.4205740755308367,0.467861565780207,0.25545824164295244,1.7636392535720011,0.311788152820102,0.7571328157795828,0.19866404968923956,0.9193912505867059,0.6925801457081001,1.2277173805991486,1.2922934593076743,0.8173548150583133,1.3193426018784713,0.3480233339133583,0.29503171821662694,0.5926639510082801,0.205394552162265,1.4929208414142678,1.4722921910476374,2.0041593696893933,0.4295026114012785,0.567196011980053,3.058542382997831,0.43706949578731336,1.7262181422233716,0.8446389920294571,1.6439893271615686,2.0626949428871444,1.3673163275284526,3.7872714192558337,2.2314888609099466,0.04567938349114703,1.1239170796378923,2.0807246091021145,0.7963016966808234,0.7205375960446971,1.8470513198256346,0.651673571633142,1.550750270363871,0.1335821209680007,1.3970866182620418,1.196437703813607,0.5931447860494304,0.9895044032603844,0.6972479239618949,0.8841915162519463,0.48604628604168654,0.8980211416463229,0.24520484216788105,1.5899807026142179,1.9608215492654844,1.8418290909689503,0.7393133417517979,1.2168269445217648,0.6811959078854548,0.7225375661118546,1.0180411846359454,0.41639912233537285,3.152638214178967,1.2281659357558699,0.8749446461870951,0.7111742062235958,1.2147667412472465,2.5690492870506723,0.2793868355162397,0.9713736551622891,2.302444288438714,2.585295623823334,5.3986419262648475,0.804784340984816,1.5756708308680916,3.379928515766272,0.2933401401422095,0.19983096484853913,1.412366885170945,1.9970805999736163,0.4351562475754021,0.48418397717849837,1.4553409233585755,0.5713974455101913,0.7654491310765869,0.7371280178331396,0.5339743165494546,0.7507986825087645,0.525480495090197,2.0829808039274336,1.0682475177600588,0.3950499180712277,1.838366696966164,0.12373954241499463,0.4465119150665452,1.6220826821611343,0.72380478857548,0.44120195028802023,1.3642711212098044,0.6488283419758509,1.7651785994452203,0.4351150224705549,0.41205839123844745,1.655739557759181,0.8656213241746824,2.170614630458454,0.32704986907744654,0.8753552028219368,0.9870906301075346,0.42180181056699395,1.2930339003188065,0.4524745238847121,0.5927765251839479,1.6710728379590194,0.6647360717665531,0.8314405079247902,3.3719171373842287,0.42115155202527954,0.32921472594573004,1.0117999941576712,0.2642847560599666,1.251309686527542,0.4980396758962429,0.7805658054515653,0.4939746693388184,0.44604743887698395,0.9325816298815798,1.204728507319944,1.303318436412851,0.6748898903256358,0.17706474123222132,3.0883784839156574,0.5961325816338795,1.0131524254425628,0.39823409904242685,0.8038182213566815,0.5665231407569253,2.853559074383313,0.32333634914729614,1.6234092506387854,2.1740823920839776,0.3949880875316943,0.6473510462501904,0.5504972545347668,0.698820145137032,1.3483371637361479,0.5794919158558186,0.054648979135677844,2.3322346067730515,1.264602732997014,0.3860402426066872,1.9076604440752443,0.7123472931062543,1.3828591184367038,0.2856234718636428,0.7275142640631919,0.337340649929881,0.23561473350061501,1.9697053578044208,0.8672166798724522,0.38930732351493263,0.3442703955332987,3.080536874482099,1.4719356064630245,1.6068428000814001,1.0617786864691146,0.3962295838449418,1.102760717385221,0.16999078430893444,0.33010905442978994,1.399956932395726,1.300185831739256,1.1075768714323093,2.4097033626073205,1.4863568974617811,0.9142962327844083,1.0232453897628346,0.10903410399266941,0.43209009157339,1.109047903090593,1.0203797609103857,0.7072300343516312,1.0131323469557878,1.764397431337019,0.3298486098969055,3.038871015627171,0.21953730209108382,1.6893281768861426,0.42507953584157376,0.29629042708123704,0.7165440074388224,0.7104949758865311,0.32324727627268374,0.492697645339224,1.575004904902269,3.6605568279368046,0.6557022086776516,0.5371672070232835,2.6956899607239926,1.9567007027283112,0.4817254706451123,0.5476744289630486,1.278127324788562,0.7530282718485738,0.6779081337476864,1.4606524005474917,1.0249663441859236,0.46563996731021184,0.6660368856606469,0.7090143250161727,2.120046206256081,0.8262141974293971,0.6465375871387445,0.7348377053888201,1.1053739309626869,1.2402935375140247,0.3867915491494457,2.738869522576805,0.9009210143632934,1.439809542572985,0.7549463900332823,1.9404915192458332,3.8225358096518263,0.267373539781645,1.5779422660616411,0.7272587893487134,0.92142377493984,2.2025057282179867,2.5349692559911876,2.4806744114212087,0.11654490039381168,0.3537544504684166,1.2495667784893911,0.07475395659565014,1.731981018715708,0.5168265235647549,0.6601498958121791,1.787577995124687,0.6723952296069245,0.6795525762155228,0.33694998695570744,2.214185328218237,0.9752378018665044,0.23772386428671666,1.2158815688819398,1.765624812105601,0.7562639410211361,1.0491046481544055,0.3141925041028093,0.8584924527520734,0.47520512320137376,2.7005794618130583,0.517151446145611,0.790886194398325,1.6253033921327917,1.5338089867132783,0.09720837110866061,3.178316486620437,0.7732769333653348,0.40596704508067327,1.6355699519350688,1.429974299031531,1.4109189586188313,0.43316427095258153,1.8089033859615486,0.5383362427463688,0.858228371208215,1.1622004085716084,0.8301569515103397,2.6118900031410686,0.8347379653136373,0.1920573999585184,0.8918614591775159,0.6151707184535138,0.5803173194739675,1.0212610681287517,1.1169606614269343,0.031071376328967892,0.37713740710573296,0.7295951654401048,0.5367630924198488,0.28798518905467396,1.0573210034460476,1.5984645640002073,1.5606903717455416,1.2114099232953428,1.2164761236517017,0.4880968018097025,1.5499604685800383,0.7649247199473158,0.26671247112161944,0.5542312972133129,1.3545225594086825,1.0391431989431577,1.0542581767267516,0.41788472186555436,0.9443234390517752,0.5135187582285013,0.5915253326916173,1.5950371637093241,0.7411320803295717,0.7284098754892216,0.22969691630918188,1.2247900553073137,0.24774242883812245,0.6546163754388556,0.19841250103086924,0.7717044917651757,1.0668151717252878,1.399150999559898,1.1038202311002536,1.4111747612753303,1.06879518473303,2.46651110199462,0.19076089965576898,0.48260724534517685,0.3426967328009747,0.6005442788753537,1.2923573024906514,1.5420969783493992,1.395665293000306,2.069755681464247,0.9036797177595327,0.25093036674112124,1.6949683840985912,1.100817177786693,1.2498298465182167,0.2267484753113874,0.5835958752012844,3.804272785037305,1.8895215937407095,2.2718777141457527,1.8298904992621556,1.23483008661024,0.35369503607763286,1.9828757806026738,1.835687134631638,0.9073697792962636,0.7417259671298009,0.9341063834136013,1.3110150915864283,2.5273934529770092,0.5741818048143417,0.96989189088075,0.3145435411230092,0.958980466992924,1.713565053216723,2.125910888649035,3.588634872885435,0.998710357127829,0.656964987922516,0.21545205311664914,1.1368231113655574,1.0876739210673296,2.2442398150440788,0.33103143926044554,1.4843264941538719,0.815126379849341,1.0432678508937676,2.983935322266488,2.3040590667090575,0.9643794317822475,0.09898465491897071,1.6404454026777195,0.43846200182299516,2.749529625736538,1.1462518055774622,0.2562985603741777,0.27845603188546486,1.4704132009615294,0.6188676445593618,0.7557255898390758,1.1130182556019452,0.3768232011530097,0.8653582978781669,1.0652465006612493,1.1552778652441273,0.2702862103905289,1.6103777224468252,0.2920097763174484,0.4137360421428859,3.5832264675675254,0.7412334277340304,3.429181071619585,0.4261513189651156,1.7896874724185117,1.949474543455013,1.9172167059416334,0.5354840154988074,0.8683438514710876,0.9332991201359635,0.7399915571942279,0.26245328485298236,2.225465481823506,1.9708214015206327,1.4230430521121347,0.49925659389634414,1.1484985485820287,0.8455182495552006,0.7869625341221388,0.6700968179361879,0.5432528497969658,0.6184573605862367,1.0032182716814562,0.6961336276397575,0.5804982282972179,3.292245862224574,0.3644215264604839,0.18960220642762765,1.1410584844553282,2.460565778724496,2.452687837966499,3.645893336432272,0.3930897258777262,0.6580831683669612,1.041363546168528,3.1808454803404547,0.9515894407791057,0.3397036391605064,0.740978933958949,4.047964300035769,1.8493743848966162,0.41844799707644764,1.1111859255351326,4.730548571552075,0.8246903439341371,0.2699398564989867,0.7705091125091497,2.5752491384899305,2.366692536887229,0.6165729207416701,1.2452210460510245,0.092578973825838,2.399007739068918,1.1325554199548376,1.3988439437084412,1.2648466079075609,0.8700464367624381,0.9175111299351816,0.9620283470761762,1.3657840058481545,0.5546050123001698,0.1861948467494032,0.5775796377168941,0.6022744828044992,0.396733927282419,2.0510573359642787,1.7742521059467398,1.3620655659517427,0.3613486105367504,0.2408453509217714,1.4912688275312318,0.14700903172397495,0.6828181984638263,1.3751654434551448,2.7197660508377934,0.3830226900536714,3.469353129521447,0.3765431364723166,0.7669656376898856,1.5009244196282132,2.976158487437087,2.4641564156593483,1.7425982584265138,1.1697612244135724,0.5621382697386127,0.9088926589212958,1.3154177376178355,0.7306382207394413,1.0714988132569736,1.0712598324653726,0.9968948125568118,1.1381493438598271,0.7952889617586762,0.31657927723140966,0.06961098617054023,0.6824495105668988,2.981481994415115,1.435704476355266,0.48384571708589885,1.2308645501542053,0.5522931116567981,1.8010651755156197,0.6368485448514808,0.5148515351798846,0.4891281165877916,0.3253607073916059,2.2658899048435432,1.6419733821023599,0.8147469572879984,0.2986424405621279,2.921479473087934,1.8452385565746428,0.39819255165500245,2.1048094226020297,1.383712431096318,0.459037797857135,2.997546135336097,0.7359750603149534,1.461767619991338,0.32798332377865,0.29120580777477717,0.7551390005623259,0.6521323627017723,0.6306244286203114,1.3219583253475369,0.5530884429267139,0.44308181950527303,0.4208359911231282,1.2612282973346722,0.8890132032741782,1.521441329160314,0.4389049034703287,1.1738954437738092,0.6372917789773066,1.2685211152208726,1.8030393346668279,2.1720522513067775,3.2384870508467962,1.0401866259031345,0.9548837448141615,2.3796262170029934,0.532909265654228,1.3579085785221614,0.5194766397392436,1.1387945750071948,0.8728057839741561,0.859734214230233,1.0749493915731494,0.25155580813508077,1.1951014228507506,2.8276969135934222,1.24262620645563,0.5333316187796402,0.10082539232555637,1.6769458716550611,1.1150336689110707,1.2217320430157317,0.22234723522560673,0.407466865614231,0.7146485738860723,0.43751696948913765,1.5939097637400343,0.48382616049890736,1.4707325352575706,0.42178466373240864,0.43262132799600717,0.7899676225935082,1.2939855750821379,1.265914693548701,0.37659147731096004,0.5742879996237745,1.3928968941766948,1.2088966639821621,0.9358369570437589,0.028936596470083426,0.7120962561595586,0.5910100139068992,1.1481337974800692,0.7103488297553817,0.37050469125081487,0.6444638932924899,0.5056376678730643,3.4435814905332407,2.503637803080925,0.9242508723205309,3.0074976308723302,2.4827191579297088,2.601001713110122,1.2885699288322585,0.5965297498169195,0.4379713859932006,0.22022586439045727,0.4022627829624462,1.2457293235077995,0.43496030199096175,0.19308019598570086,2.0089023968779185,1.869060496921521,4.034198542596329,0.815706405401691,0.8928266945576778,0.7031676535079209,0.13776009485366625,0.8431129117840265,0.8737955575173881,4.318206993885961,1.3124844579216,0.696398224267444,0.9873756642987841,0.18199863783622794,0.3760865154143114,0.22463733334778724,1.2408297278063833,0.6482423889728139,0.5870297998357088,2.1309003269763096,1.3798464586613755,0.7431743416825329,1.487181278438822,1.309898708701437,0.30561418899555526,0.4851345824236055,0.7607310626852037,0.078439419659038,0.8847455766928538,2.1824078911561013,1.3674870177691985,0.5655101819805923,0.6085675408614739,0.5813485810759084,0.2106945625644835,0.495235343844392,0.10900009308522744,1.0956027373405024,2.5578199441049763,0.13654880646403292,1.9966772319736323,1.1899250079037502,0.3265454720511708,0.29743279869140443,0.4035735994341168,1.2865361144829348,0.5864429382333701,1.4407123131605917,1.6214155783961512,0.3910959582951057,2.4048624570910593,0.42162736945587465,0.736481286265299,0.33502651366158537,0.18465953453136508,1.9009369418706865,0.33701957170422536,0.732454727780905,0.1550162465405309,2.6710990156743013,0.23260109725880132,0.5516974991300154,0.3194310098151043,1.6420474628512598,2.837519422144506,1.4386227516907821,2.192185162872481,1.0406764132927684,0.6513956657581567,1.6341765193565008,1.109891558770097,0.2902103439872555,1.5123042077550242,6.435587331128659,1.8865629494228995,0.5837277523928396,1.3890548589568146,1.6075369559291892,1.287137912636749,0.6574585684758322,2.1985933771977635,3.318457410270709,0.63372849247881,0.7430004360604507,1.579469560492929,1.0710953493475386,1.2904395709026302,0.5646325662563438,1.6007918633938618,2.5399896910256583,2.381584638212993,0.6118122102084083,2.2253110431716268,1.7640622950934264,1.60668789113602,0.6165227458788514,0.583748272837326,0.9259202506962485,2.583121246763097,0.8795435084236144,1.3270185265809233,2.3870244697783694,2.5201034480666547,1.5188193510115666,1.0330118528005605,0.6485307319720637,2.0691091054428443,0.9495593920668474,0.9131399975915275,0.6793073680389361,1.2957875565577845,0.9957645334451799,2.786024090283689,1.8052209142232647,1.7867788116959666,1.0885532842211143,0.75525088240384,2.181799316565129,1.9571970867571493,0.6271985490587186,3.61792947574637,0.13914945655765235,2.2360014830072266,0.2241938690405017,0.5612939348413702,1.214093422123212,5.590626383749831,0.8810072484228435,1.7519799691492017,0.35707426418278465,0.45711567890505217,0.6082374463894129,3.1302348097996235,0.6116122534162967,0.8411365479292279,1.3637447842465236,0.5421572991941676,0.9364666249032253,0.39003054526247527,0.670024416698275,1.1857900440479434,3.289655607954359,1.4018605387030134,0.17688372401832855,2.132017859645369,2.532503747081167,1.1165846830308586,1.3995042684689365,1.2933076399602237,0.6972345309767471,0.599393509912986,0.5411249845627095,0.8314424947912955,2.4853655456429924,1.6516460358453766,0.7432689422892481,0.8849496873299487,1.2944379502422183,0.5053563864773762,0.8894978843032527,1.8848028354198498,2.305136487666486,1.8335303078253555,0.5679710259824615,1.1667339173387585,0.3521548469452288,0.5260811601398895,0.3908760843032177,0.39164302284665253,1.1006165602656761,0.35274905805805623,1.3801216169323707,1.2323073877933703,4.080247473489198,0.8025924767902567,0.13229384924398382,0.7007381662535409,0.5373718804953534,3.0402184121491866,0.6609920452821093,0.12281695613891622,0.24646767393573193,2.2428536843151097,1.7697040412990572,0.5601139243467389,0.863490935385343,0.8143527972491793,1.0302241615812775,1.080653471294183,3.4865212320633923,1.0315910058484339,0.536238456214637,1.1073135947514254,0.9032221307884001,0.8551558668680082,1.8026127903732683,2.591484891667075,1.0723859209790518,0.5555686776407087,0.599100054835773,0.4899996453011645,0.48288878129504303,1.736951023051503,0.4607675702844799,2.1272389278914954,0.594064446230443,0.6036327419359866,0.8849492151881049,1.4013928260760875,1.7994300650725452,1.7465130040480363,0.2481089843214647,0.6718938088972475,3.5175569562816746,0.8396380118293837,0.23505647074463684,1.1127687536175153,0.8191843932016338,0.6483618401616333,1.7786410478034755,0.2556866062578514,1.3430246797264347,0.8551464556671212,0.501093323576093,6.056013192262096,1.9488371117737406,0.7632434741236431,0.787809312740863,0.30620679736906564,1.2335378842014528,1.3577319250228608,0.6319375849028779,1.4232400828300897,0.5164165656082702,1.4125428134686255,0.7162200811743611,1.1589607699415476,0.6292046947136686,0.7313592455504064,1.3677699464609516,0.5133181627817799,4.367982475617759,1.7587595602504522,0.13552120269773005,1.0325708651349348,0.23586709064763475,1.1846975868827059,0.1340279861066377,1.403017503759362,2.0237619808709497,1.1332818711676496,3.9121756319555336,0.5826380397232966,0.40299488712979564,0.449278256568875,2.694048233252519,0.6232681158731005,0.6500497683211748,0.4041418716392208,0.8544668282899136,2.4995133268149123,1.169397425474859,0.6153247371057351,0.33673931468990537,0.28298849936623394,0.35298042294720866,0.29267563530726737,0.21356756511923086,0.9582587908492323,0.2851050873317803,0.8594893628848544,0.6925019647309051,0.7274514484179857,1.7722045521042724,0.5039841519281671,0.846343429728479,2.3943937582869825,0.271035782489807,0.6257127250437065,1.0786421869633758,2.2270165129246124,1.1897481248776858,1.133586907525499,1.4760227791949887,0.18735480266164595,1.2835696819028937,0.8961575862591383,0.8412516489555371,2.9280457447770853,0.47372983983400685,0.6898821023221714,2.4172770020044756,1.517707927102407,0.4718336624308297,1.0781304532243583,0.524602495107629,2.45674616129174,2.846717379759264,0.3759816133537386,2.4540881475654626,0.6045025931849468,1.221549501470197,1.0115320397026764,0.7385438482110124,0.7453446439714179,2.0973121025105854,0.22145662985111617,1.260744280399225,2.885579479112756,0.3760672749119851,1.605324075966365,1.054383034864411,2.093230931366882,0.7412275459219941,0.5211602778832036,3.0661200070489447,0.823020434202989,1.6244831745511799,0.10506513582387095,1.2139340435520465,0.16199494683450982,1.8210306922763428,1.7332464981933766,0.17962463316341126,0.708557423039422,1.107243555774923,1.9186743301232165,0.4718881083404923,0.10376937017721766,0.5215271253942676,0.6225961614106752,0.8753600934759622,1.110103937333376,0.7163212848091715,0.2654197130194519,0.38985101049441234,0.7295704017971569,1.3306885748785569,1.1139843236871718,0.6115462377292459,2.3666443653193934,0.5835044604962305,0.36229502420617526,0.27695887850396284,2.2227790240299847,0.5819931909825927,0.7399757926541084,0.7010659763624064,0.7266654745748993,0.5844957844112496,1.064406235446934,0.5880445966618715,0.4095465444738225,1.7707630813223885,0.13043870864775903,1.602100713653059,0.19104273606305017,0.21888980410060652,0.25237461690763435,0.9996976010713641,2.045818732270498,2.6986400063046796,0.5792376296588659,1.0675534521917798,0.5544362596503937,0.9060182337620678,0.9153214918106819,0.8456699951496405,1.0121876944937327,0.963171137595509,0.4039562336689617,2.747421395642268,0.8158083936461333,0.5303774330261103,1.2070869931434092,0.6297543075598045,1.5194465019738534,0.563520968210607,0.9498800099132467,2.835389194946495,0.6743309443497936,0.554458862966034,0.9655762988590436,1.1021454782007378,1.3509707690541735,0.42653717935538893,3.1915635814301115,0.14978880310162968,1.237513802781286,0.8137136059872248,0.3409290863762958,0.6314390238019145,1.8979064944390487,2.330393770411372,1.0533115465939291,0.679862597749711,0.7194523575861943,1.1775755834702766,1.1941523682579542,0.3252085539491077,0.35523809505930315,0.2738696151602429,0.2625051963767264,0.7052250049809268,0.29769874425499543,2.4957914831243397,2.3799972776676457,0.8938687175757227,1.2162503497039407,0.5651816567182484,1.828310955231055,0.7633482373882459,1.3213384480331376,0.2756525994926412,1.3066280961751828,0.6832900237482376,1.0686424354479422,2.3028799440567576,1.1498734429739392,3.245189395806453,0.39729824378496204,0.9279008265248194,1.588015002716792,0.41093282540369225,1.4476493677476265,4.160220787850751,1.0932918717513234,0.43212385569011513,0.8293752082295495,0.4897866511539609,1.0102449288875512,1.524338639416332,1.2384063417647164,1.5881507815109084,0.6473813464029503,1.888331193520142,0.9313909331253833,0.997095815885761,2.989342989312636,0.9223568442014171,1.9693624482412062,2.623398428057024,0.7695810607861027,0.6387184681686936,0.9314578634945889,1.8127024492435062,0.08054944871474534,0.5356823632184343,0.5498969683906654,0.7142219588447831,1.0019588210083565,0.5613719253901972,0.7167000728442128,1.6618068075871397,1.304560145529031,2.5248949421873585,2.5968695054880238,0.7726471095381822,0.5789411486709531,0.9864394530494424,1.7070874795564863,0.8205028798406883,2.1740493658874356,0.19966448454709274,0.6694927206591426,1.2246879977748741,2.809638405297566,0.4688129922077146,0.4177502434347762,0.40145780552862453,0.750845094248202,2.133889758647697,0.921092132600786,1.3464262134456302,1.6303989390010345,2.456677725263646,0.29410226965482583,0.6124887689113931,0.905276089717896,0.4710041881832064,1.280722877786992,1.353391929208707,1.6629010596272833,0.6489818182114748,0.4890602918305206,4.357826852171062,1.5932017855880638,1.2945736875257448,0.6007792705506512,0.491586268460496,0.7440947702252592,3.0093114725215946,0.5063648516200675,0.36519108406647005,0.33969489366500727,1.1822319803678782,1.6843680238547805,1.6968955099677885,3.1842468588328003,2.426645667831997,1.5308951891156988,3.067302389795754,4.198945909529003,2.5113973427709024,3.026163648577191,1.250319562467085,0.3467545272188651,0.6754491890762633,0.1932059151488278,1.151190819801658,0.6243202624261203,2.298529704353091,1.1356592745641887,0.9762348699705863,1.2567467996986172,0.5706161056624023,2.308611875892133,0.34399468000158306,0.9470150628707281,0.5214625312920023,1.1488701021400287,0.3662086332431696,1.1687222370261199,3.249711950079417,0.7616606417971883,1.2458275778806898,1.0584540077422784,1.3573381472420953,0.6577728784659741,0.6625021398012924,0.7846497152192254,0.4134449088114345,0.25667035122480114,0.7670617733771785,1.2896552138567092,2.095055656623593,0.33839076626881515,2.3496768334503364,0.33790615702498217,1.4345656117997823,1.220951993135376,0.8163236221106305,1.8550580744779854,1.0401269045215338,0.8057441339956877,1.3229911817447302,0.6838735185687931,0.40382205767741003,0.8618336900838502,0.5682131986749148,0.10768778361103826,2.4165744297988914,1.1997087115935576,1.8966914672635582,2.063900307530683,2.787132432412806,0.46972981738145225,0.16146136160662122,1.3175256060959024,0.44450176930676066,0.7633582827267718,1.260944860990425,0.3858770754541253,0.8812020848037068,2.8766451646289926,2.1537850431585714,0.9920724193350491,1.5529884110447156,0.8687833202831585,0.374276187315996,0.7150326396671078,0.9846055277156815,1.1097204560367355,1.882493773964947,0.8317924388142047,0.20378508990227528,1.51069002803615,1.4416314972442443,0.6090822688911781,0.22733622119692723,0.10045164974208239,1.4499083244606683,0.2035652715066184,0.5915523649325536,0.9720385615472078,1.0629385156944593,0.25580025265268924,0.6102549379803752,0.5685188727422371,1.4639900212492725,0.2097408686392223,0.5795648818315866,0.35712255814615795,0.19212160655778476,0.4871690216867422,0.8251093214413963,1.4155720562234158,0.6418427078014104,0.7769531305524247,0.3302020862702144,1.3493933956803565,0.4031382324330112,1.9725448126789318,2.5271955774831434,0.7016823040418152,1.5048883337568442,0.7896018292534768,2.8417611073400444,0.42344620916472975,0.6391706597957343,1.456362742466019,1.2965775019507804,2.460856636512914,1.3162427240697239,5.031062488958472,0.5257992217709349,0.19215912837987012,0.24865363643546473,1.5660833545769643,1.0733119996296068,4.049298968754162,0.8936801668223298,1.1389025907702006,0.5582487997259549,0.8080628296896786,1.138404349312946,0.2639919881469144,2.183463663111235,1.9070529566296017,0.30371074328254644,1.6484707903994567,1.8001680318478708,0.9522067880196897,0.9254706759773177,2.4672872695783963,2.9515481160953465,0.3578726400651838,0.6445796208518938,1.1330514406484664,1.4946589282921912,0.21313321260111223,2.7060714779628863,0.8267699688871404,1.2299635465031633,0.4942924377623297,0.651668740242303,2.0025546779990204,0.41916751547141406,1.0670618891065626,1.6802785801351339,1.7574720101498182,0.6951043998273978,0.685086382170699,0.2749893145971336,0.9399811838979127,0.8783809417922465,2.1312781271497943,0.2918698496623212,1.7148964182561692,4.4948098966094285,1.0745850808776263,0.9587247817755582,1.1758871432145999,1.093744067025289,0.9969273919340861,1.3288945548419484,0.5640445813799017,2.2217907718781817,0.23611323262854422,1.2089129104736833,1.606515513473758,2.064776157518306,0.5847814468614894,0.3565385093248059,2.1401188810041907,0.6430645019104936,0.8751978795874613,0.28442770529483397,0.6964139554616393,0.39043605858010755,1.9279764225310232,2.501224717112252,1.4699582016166208,0.12897154383443593,1.7784140767475958,0.0989987189204133,1.999095043486284,0.6051130415497117,0.6450954914514642,1.0037848590660032,0.912537513987231,0.7416508846822356,0.47109669644717533,0.11501813714950428,0.6479645130654201,1.8107785063674662,0.5540324755965214,2.6195813853098984,1.1361152344065615,0.7403470496437748,0.34890524327925354,0.7038112456103532,1.1109697463271253,0.8776353139507297,2.393514035333503,2.6033278857228415,0.9284707428373011,0.8494937009810921,3.2193102633246227,2.257096431456539,1.1755442771628468,2.10252565888831,1.3323129409945342,0.6322680275937076,2.202838790560831,1.4211611101266608,0.2618271420488001,1.3365443069001683,0.39717348702270505,0.7044780020669335,0.9299495368104806,1.6162303350446297,2.647010492778702,2.260177855280558,1.1975972871336231,0.6607753892653934,1.042992126887713,0.2743662458843128,4.045118901137458,0.848684729291274,0.21364357152313898,0.4306198835161398,1.110299825369753,3.2520462129823198,1.3063466450615797,0.37883718162177027,0.9033350294907989,1.567830446070531,0.7318666432264531,1.1235311962478154,0.875918900681907,1.614984484732043,1.641411232748037,1.2173232684449884,0.9577593809245015,0.22914660546314788,2.5171153826297674,1.9782161519140913,0.8781994774888584,0.842278915463996,0.8727237811166133,0.3738667625690691,0.2685824731102473,0.922150394103106,0.819633779236379,0.645673456463161,0.37592475221967975,4.511900804860433,3.1348108623062703,1.0958085295266307,2.157518474500548,0.983373102727654,0.3666955396542282,3.15030568043633,1.7129121523155417,0.5617417636250199,1.5742859454715978,2.3604741072851048,0.6907126586983185,0.7885351083521166,0.8145691450358459,0.5780903331808381,1.0992854058697425,1.3249529434945448,1.247679576042964,1.4159580456029175,0.22417667523671014,1.7048973550776663,0.8111931618974516,0.8074232353899496,0.2797191120518698,2.620332361902837,1.7157891177878892,0.7169255460687969,0.4811212414117152,1.2130598045772252,0.6508128783898727,2.1967069215024857,2.1588743207426098,1.0523713010507363,0.7199344169612564,1.1037166582045355,3.6197529795459884,1.9889760308858089,0.6371586473181723,0.4322315695290355,2.4022873831102176,0.7467567668423926,0.17269690099974605,3.66717948804173,0.6282295906038788,1.3018261758180882,0.2543058082791968,1.035106381006053,1.117902213014771,0.35031854989847155,2.2925906315518585,0.1731565718405562,3.073916322757145,0.1891958057357609,2.23013340756609,0.05321783562918819,0.23834506759329652,0.6945202370050532,1.5925078869806815,0.9543926301911091,0.8294982891978807,1.4695306411689475,0.5754664785339205,0.5467962041105573,2.086591516716928,2.003774333387827,0.6013784337081709,2.6008678312685727,2.3036167617241508,0.8282447665733882,0.7733005618299744,2.2266817641829677,0.1425872915747322,0.26228791017174236,0.6608509251302728,1.4726645215112528,0.3726975424042459,1.1595349335954928,1.3170168885247469,2.554605971493256,0.6476795831472311,0.7848395919985276,0.14440027341875192,0.9960094939276706,1.7890355967139613,1.4516378400870447,1.0312678309541177,2.01287537547316,1.8010043106848548,0.46600215069551304,1.8159713490372758,0.8257592325279591,1.6774999448743235,2.04917706529721,0.9376941256766291,1.370729347009832,0.37599110301706024,0.3314594451735891,0.4457117137602613,0.33068326373847856,1.0672918904353526,0.8926748247630706,3.1675646841702387,0.4523122619605658,0.5087719602132884,0.22780229136986868,2.8972688854806883,1.4499549239291771,0.28993909160665166,2.4970822448888486,2.2577556064313313,0.7516189709284387,0.7054241971613018,0.6232232431162954,0.9031736180730353,1.0777989523319271,1.15063767504128,0.24613194477044686,1.1241902712840273,0.3679993165006502,0.4517566079346884,0.41952466774178576,1.4552119614055268,1.7789830775935411,0.799618719628874,0.35470089448388936,0.642050443170045,0.9348519486659517,0.8226864248924899,1.6378868030851241,0.5914829091469427,1.141601001242696,1.3711460119019836,0.7137080324928151,1.6862874704018658,0.5209410909897612,0.7190376235337679,1.6332954662925936,0.4964572859391584,0.6741853232814431,0.524769627264868,1.053623492619089,0.42951674091348957,3.669316447520307,4.417745023435324,0.6134032208032609,0.25664988582807335,0.4003554660218414,1.0208840297108686,0.27403120955283367,0.7722983576208462,0.47684035427822763,0.29350477686761584,1.8995832657374723,0.5254053977459281,0.2274466631664529,0.05293344368352028,0.3157067567752031,0.5453716884749227,1.9442530313028987,0.836638156816646,1.1840663507777105,0.8657778001617047,0.5963738604047233,0.5963204451331745,1.0943491003766355,4.0417246393035136,0.705513402546557,1.3636003897350042,0.8248668037581619,0.46535098981875167,1.3014550292016502,1.1600935437399795,0.9943124196343713,0.6423203459550129,1.0651850535928296,2.1708928119947015,0.8127228579644874,1.4883400532609252,3.1001949431443836,0.40102337926061127,2.2408830191355626,3.0379329277161093,0.28560663376537343,0.569000461605092,0.5452096153663079,0.42062533999482477,0.8296962567558319,0.7165351031254532,1.6462153690748393,0.5066867848114692,0.7778758221954936,0.9994134752673277,0.8673154111949426,1.2055167007755159,0.3289404539240588,1.6642532911923718,0.49384955284792414,0.5788089145659292,0.2894947144183176,0.10234311504347603,1.286744567205803,1.2289926484058173,0.7750307653041473,1.2005659091040906,1.2810600968826835,1.0308282929813897,0.5903186066019734,1.0904613321014083,0.3190850177704543,1.9171865711965854,0.28310813152202685,1.1310769581613804,1.064582041320119,0.284245974820157,2.938813999008466,0.4693826694952508,0.388791318010461,1.541419783854258,1.343416958666816,1.1607906747833874,0.7809163729976257,0.10753397524476965,0.4876828773785069,0.17184402834476675,1.3909591202393425,0.18736768055338282,1.4573991063125427,0.20672542589152698,3.5702827047469614,1.0004244679241636,1.5556142044877863,2.2777629119456098,0.8643425832940173,0.49140723848090306,1.6906985792341933,0.3126644229759899,1.4948027712577103,0.44300536438337373,0.15714737493984882,1.2390034545873974,0.9255769226763999,0.7278533409801067,0.4485421723778892,0.972956884592425,0.4177609252343391,1.0499802896907735,0.34374309383290963,0.7023438126430387,1.1243136013083348,1.0353881236303115,1.049753553907994,0.9818234890892857,0.47240486580413793,0.6523982062982909,0.7231415113799168,2.065212123026319,2.3334686935172035,1.0142796664317648,1.4944909710585264,0.34980480766786026,2.149050890283039,1.0619969518419676,4.071841553143413,3.2792964414327046,0.3847209882875448,0.6222154994179021,0.4171473422804256,0.3502238000089112,1.3135879647548823,2.3198946180962117,1.054709411726213,0.6993610929921679,2.6904408606834878,4.143091506507033,0.4436057911662429,1.1141245097145769,0.250768853558285,0.5429120406082686,0.5319549515235173,0.5568956973326773,0.608526369015533,2.2407017259493958,0.33456124533801246,2.2873433999022956,1.0181861388196307,1.5417640740455179,0.5310943886275019,0.6755300729706234,0.48501353796171454,1.3117000488769324,0.1835176379075068,0.627239365344963,0.38053507432693345,0.9319529684976325,2.2321417118841995,1.441058241238031,0.2583002047295898,2.497385958657474,0.7779339679129376,1.3880015989550576,0.16846889514950045,0.5735861734367476,1.1942951379246973,0.5875533459565405,1.3091942236037637,0.887246158640326,1.9739659294525624,1.028894137441923,1.0750261300196577,0.7069065327201619,0.6333026280156313,0.9825452258084827,0.34736373802370013,0.7474867308805236,1.4625500718012978,1.243421372142085,3.3337882442755684,1.282465102359709,0.17591289353876297,1.4586561180206663,0.49544610091668545,0.7352797848305785,0.37761633944172834,1.1051911475865304,0.4837717768443942,0.6414283062318148,0.6558554740195189,2.9348858644629554,0.8228763293587782,1.9006816406133624,1.8906483359859136,0.6592047642538728,0.6553366195263175,0.6293400685638695,2.6311044357773317,0.4007515031541147,0.6113254810602327,0.5945949460290595,0.12331251163504689,0.5404301246406852,2.9818973113300853,0.8671657459599975,0.23962475873564437,1.1520357075395349,0.4234970895001686,1.6055857386192387,0.5274720862587605,0.3363422400621859,0.507309229530618,0.27733185821633954,1.1861848877185035,1.2527063734884736,1.065031041964813,1.4838871806493266,0.22142512800292385,0.39196673834067053,1.7098219129200891,1.4468872820032888,0.9305808744946535,2.2862638624511247,1.4376115306275077,2.0386112543604336,0.9588955308240018,1.0609875843205703,0.38747756230212893,2.2924281310726093,1.3788086863217763,0.9031946365300159,0.7866843758026948,1.2395237481290933,1.1042859085772994,0.7569932136109733,0.9898583368255569,0.9914997835193889,0.3363366416461615,1.9187620303436734,0.23183254710933002,0.7368291423391166,1.5384782213267019,0.5055167976345447,0.1700817684082922,0.5301553750258129,1.077884782024968,0.4754552613961988,1.2959889020519784,0.2902305268425708,0.3878996483258228,1.201599027003013,0.39037987726284534,2.628167671970982,0.8029852006668846,0.6738487774361576,2.3328367515518242,0.16501668134641914,0.6512145732819701,1.926234744586604,1.467329119236445,0.7277601727736129,1.018518940669118,1.1611954114459517,0.41100840438681796,1.2064883207437302,0.7545069209181404,0.5439100463914088,1.2780518722762273,0.8090345406861128,2.7896180223373785,0.2724545242985959,1.015814515154776,1.35528096962054,1.4017804512605243,3.03372070558259,1.6572969211368396,3.6716962098779233,0.19129511987984438,0.4444492672680651,0.5979056565784755,3.2124355733701333,0.259211369571001,0.5561842267900986,0.5870115047395257,0.697594994026037,2.160279098347378,2.335929423586438,0.20663721555640469,1.5586591754808883,1.6643797096699036,0.5572320032862028,0.5113850485816216,0.49662171328037513,1.1885592740017468,1.4661214761286083,0.9047612619133184,0.6595694244748553,0.5338156377756761,2.1363189793371795,0.33865390541662416,0.5474992360187586,1.7937391217902101,3.0352993423030794,0.4031952092586116,0.27942194012442106,0.368899003298899,1.7686353788477953,3.1776616735591006,0.10554743790361928,1.7063340310122137,0.5371548276308831,1.7539264815350035,0.17827676402893822,2.01427246119743,0.12864079731086622,0.3818628875013377,2.6460508930791904,1.499170362777897,0.7343627607225561,1.0906164309293374,0.7944090242350872,0.3153005300347912,0.4106057545610741,1.1588218901375786,2.1264377374224424,0.21787049225974672,0.6811749478865372,0.3901945594249902,1.0486177127466412,1.7223014812415,1.8410865071905103,1.121111768764754,0.5630829902666474,0.63630343571585,0.5301062763298748,1.4494360490701605,1.3808647076715463,1.2781734463042709,0.4055742234673756,1.0274988024597302,0.3124961768926233,0.34497648961252136,1.036268970117279,1.1212000204813992,0.471951468039771,0.44397029134239485,2.440135811845481,1.3308361522732068,1.9515697588218321,0.18647577779119845,0.16383225372914567,1.238447174374528,0.4076018410145467,0.5603822016614144,3.21297868821884,0.5678057722825078,1.8477706944127035,1.0207598402517004,1.273693451688493,0.6705795621327139,0.6680021361751771,1.0798242710935861,1.2536942462069693,0.7357176883327916,0.3368640160465236,0.9858618686590301,4.579400771942686,0.2510489797251759,1.5267083268751507,0.34174691796735746,3.2425313152692263,1.079095351171423,0.6364289366977562,1.879285572554338,1.8708670828671994,1.2883298492837811,0.5228006303428708,0.9919858071801828,2.080757807695017,0.2566365858927723,3.2583012707074803,0.33569852229027686,5.9544980495346085,0.5270409450961321,0.6835363745420634,0.45861159759064574,0.7305893453999045,0.3363547226898978,1.2038967741602016,1.1023110887661218,1.6852262142391063,1.0021419668206772,0.18005750047370608,2.114200754245595,2.0707423083737715,4.251722930054721,1.6580703070300682,0.8878235636003102,1.9333299638985935,0.5609300727713331,1.9647459505829898,0.5194663777036297,1.932837157173815,0.9227141895339188,0.26668308909435684,1.2585672262682874,0.8065309279697537,0.9477868039418782,1.2129219455104308,1.0669208082128687,0.5389943977294714,1.1291620732491612,0.3905624824996215,2.725348083904952,1.1671353975088514,1.5275572885300677,0.6696878177193889,0.15603926955098943,0.569099911359371,0.543275078197842,1.7002501800699872,3.1449800742978775,0.7485452777320037,0.6611932731187468,0.7349983217754114,0.7569569608358344,3.6001273572321364,0.4985149466354481,0.7843506813478163,0.1356634110582146,4.3345978666949465,0.07744347402335006,1.6313024804211231,3.407124331266093,1.095164374540102,0.2934777798672538,0.9654062824448246,3.0338201915231875,0.512175997167635,1.7975120745760733,1.2790409573059112,1.381615755512383,0.4765808630565078,2.488806399342343,1.6628150554026242,2.278770769128863,2.402344401940604,0.23687094927898641,0.7549622349865758,0.8841011625457073,2.4308001058010085,0.2374750508210671,0.45732284258948425,0.0600911056512545,0.6245461995406959,0.5177986616773755,0.704127754130085,0.33466095892613956,2.4091179449063427,0.47231630515407086,2.6279921400013966,0.39297986266985535,1.1152720653738064,1.8627111389915558,0.6892489801197457,1.9994844434597958,0.8638051840187613,2.632163361812064,0.20522953659141396,0.5445405942429199,0.163714263172619,0.4392961906850165,1.310559913573954,1.3913547261850583,2.1257032190728613,0.5740986100465814,0.9463980719816356,1.2096536726892824,0.8548647395201743,2.1598505403632706,0.6128105469298022,1.7897007757546946,0.7942914744254507,0.8720541299431943,1.6483772290157737,0.3312281942247665,0.36063674132417944,0.3518643562334114,0.16055270193898247,1.0481463367314932,1.331703145186721,1.525184755926501,0.3017264861776774,0.46482773594769156,0.6995081274246006,1.244869670708403,0.35749562152635844,1.706957709338045,3.7454072791863995,1.0699436307696275,0.35109459771417106,1.629584796088515,2.531001169067369,0.4418236347107514,1.3864812796730661,1.4096894425829742,1.4303696402054507,1.2945770520342745,1.3624337309986307,2.1132743618033283,1.6005474193892408,0.40193197240237843,0.28108586608362796,0.3536659512223158,1.0731705460090346,0.16962308286851874,0.6186100740626339,0.5633046589425651,4.941749849497823,1.2254191880133631,0.5150917865198033,0.5082774098762367,0.3136643127982322,1.2558730065434756,1.0135830915336193,0.4217360079539788,1.6445847031868939,1.0929035510617644,2.032419652070087,0.06315002375870038,0.1767287565515843,0.7923462239956538,1.2737955899801765,1.3882643417176612,0.7149192453075117,0.8677383807316428,0.4989978783908485,0.6966028527299959,1.320221780420831,0.4480771656403433,0.22935417122254953,1.2944090038593181,0.7415405802458258,3.2574050646469663,1.009034001181151,1.763723557423588,0.1924318813834115,0.763004748268245,1.8849878108305071,4.059740208683891,0.43537356756746437,0.7778679379400095,3.226754711641298,2.527763180780403,0.24903421696944575,1.0274319248894261,3.1741710488095944,1.3638092998073124,0.8041441023864071,0.1915256297324509,0.6929424127566838,1.0260661709014303,1.2998458531964476,1.4469675400897584,1.0786563327528247,2.3943681667510335,0.6072421122039738,2.385910331565956,1.6190202476363016,1.083582439546382,1.2164331548872858,0.4081870822118458,0.6102323391871743,1.3515565427256098,0.5207169453465954,1.826277376774821,0.12875442784930075,0.4282313189204639,0.7501366448988382,0.30473550530684695,0.5719803584537693,0.7115352156843574,0.5741840056667095,1.1143807498954001,0.49931106415426113,0.7915225367949139,2.057218755541637,0.1339715978143015,0.28460951725901373,0.6009141460942885,0.7173842802754743,0.9176929423600753,0.2193855550241957,1.013486261329972,0.4280893737978072,0.5772107832006769,3.4357022608125756,0.5262310750193364,1.0621121296962306,0.2786141995649999,0.5055158998429278,0.7886363737394336,1.1802351513698561,0.8365111344125522,1.5548286722747782,0.5007882829712449,0.598765181921709,0.20298412883032135,0.49502070713586566,0.5509646945776345,2.8513338874730323,1.2022100079582687,0.8153390425012871,0.24703728655641802,0.5325394282046573,0.8129276823251776,1.2870198083841908,0.12685198494597258,0.6610846565483907,0.35240077118143887,1.2622785974254067,1.8955869799747678,1.4394089698971386,1.113043299468697,1.000222993463853,0.26998157836238107,0.8522124168107409,1.650489359617014,0.21825696212236567,0.4015790630839302,0.1331610381499273,1.3073246190163412,0.5248974995017456,1.6940367375476946,2.9899819669713534,1.6495971041013737,1.2107091293286403,0.15184035952297736,3.489379196857655,2.0061738646034573,1.7851807173111398,0.36583844432649987,0.46558366656044226,2.1567727085630755,1.9576608059589076,0.4713937819489463,0.23216324698120838,1.0366289197439453,0.7710072213839834,0.36988437800087093,1.5268191402753946,1.470896895824212,0.577504297239202,0.04019899729329657,0.6645811733367499,0.6324401505749697,1.8022738339291868,0.5078513560468944,0.9355050080268464,0.7480509476268202,0.6075527063834198,1.3585199613162666,1.9683886750056103,1.8415199867995848,0.4367821680840639,1.073620520922418,1.5030249837648355,1.0586687961193337,1.035044850837471,0.4283671347765788,1.9058869575635031,0.5573949173501636,0.41574825366968177,0.14677388678852532,2.5336849200926723,0.2249880063022036,0.795523813272389,0.846618382721445,0.7126165559663181,0.7778602476107443,0.25875517983200164,3.292815294909167,3.5652665494149702,0.8004628145718133,4.29466679865418,0.25110502783812094,0.7063418811525528,1.9889837626023799,0.8489112354004955,0.2617976608777272,0.593966841233716,0.3249189535174369,1.0085598830767886,0.740296593740386,0.585428497152801,2.2824164331729415,0.31155577809871515,1.4632229992562615,0.6168366562116443,0.71451600538154,0.3269863200424642,1.7302337498860412,0.09490535451862647,0.30236785393033405,0.5135703127228831,1.7976216125945048,1.7480007907260493,0.6002806644354024,0.9698897786997831,1.5189182532597627,0.48093853700456446,1.282282983314576,0.5693177511023396,0.9069199987785276,0.6446622404434417,1.707742839493131,1.22644898757406,0.34445901025797393,0.2740119080747454,1.0475523974935002,0.9364935546504443,0.7428057129912801,0.26944321564434354,0.18188062576418695,2.0076285358722057,1.4883229449297002,0.41229087918413293,2.2910471227680906,0.11556589178097143,1.2749370102233895,1.1945689972832187,0.6587040905347523,0.06298324391867127,2.218640020642583,1.4368482005011343,0.40302126670642335,1.2047597986193714,1.4946316079207875,1.2220040771976426,0.5185435680579853,0.4359174355032611,2.714729106596019,0.2624007071550897,1.282710994265294,1.4913724788510514,1.8171546881028948,1.6269447591681518,1.7948814879023733,1.00776861236396,0.20217132262186277,0.717286018616059,1.7411226032362601,0.8844471478591327,1.067484336661691,1.0567027151224424,1.020706661452502,0.9088920193660832,1.160367904527663,0.69067430021851,0.2551194866133573,1.4551365973665733,1.5862936397977043,0.8485586435659168,0.7732699619662778,0.8572732877318652,1.1237752727492438,0.592963941848872,0.26671966309935485,0.4466614405639603,0.3862237142899704,1.1763057258113891,2.536697617432411,0.8910653336259362,0.49131743959608604,3.6588968725074196,1.331156568125222,0.4284491581688263,2.1116036626828074,0.6317860176420875,0.7787793254192226,2.0029566494968836,1.6069579799831337,0.6255963236596289,1.7016128365306613,0.9846560609646443,0.9621223188773427,0.6109921496751369,0.6405673047859322,1.0139088247854433,1.423877033190971,0.598777995708298,1.4286213779637018,0.6301622973461305,1.074909116092903,0.5504453922194668,1.6885306337699975,0.41096493722496347,0.2331602728767186,0.13995315385268417,0.9462778891814623,0.7706375824278486,1.1920458459230157,0.5111843474086895,1.1341319339935074,0.23081883346619866,0.6885903929698205,0.35362175228619375,0.7931428867932546,1.8404832256653685,0.2829565758829029,0.42419982513896815,1.0487331784209846,1.1001810753015442,2.013387436824535,0.8502122017102647,0.21208172191665042,0.8586667429521979,1.3973709972141335,0.16737251205235465,0.9045883809221107,1.4389429733500367,0.9444541543500207,0.2519713507377705,0.83574103598025,1.3561571051505688,0.9285706864572784,0.5817285823416694,0.8170949771513716,0.18472242768443814,0.24276218749136902,0.8250490908663816,1.1883111191650355,1.4388636229170448,0.9409040387297578,0.2730284769467517,0.6661389878240093,2.084784467265589,0.23383060532316124,0.506621752199914,0.729115769521181,0.49673933385596913,0.29065437888869367,0.8271124216168623,0.964364987438833,1.8221681075830751,0.7401885394270318,0.3576197086812573,1.1870464477664289,1.500231026598875,0.27916044729616046,3.595112313879751,1.7661811919170445,0.8180361928956301,2.086964703163898,0.9716986882868096,0.5592837512033785,1.3982135238958386,0.6347234087927489,1.6532024455652186,1.9402042428281112,0.3754579638636109,1.6699708785381784,1.2666315091365248,0.4958834921558202,0.7440301804876197,0.1537013368385815,0.6761648176948727,1.017761372152195,0.6884798382868247,0.8154890784140498,0.8919700928068569,2.719942640447561,0.49626073060583065,0.6299889101087242,3.1282757102391154,0.8451578308058042,1.4324703937798229,1.5708407085704432,1.014331757626748,0.9387563885764368,1.5195061818367819,0.41602798211555375,1.8850745020622601,2.3253810270713373,0.4819585223721684,0.47025221062919975,2.5662490954464205,0.2607012978208295,2.9438152598401603,0.6118053665770484,3.4911487955281832,0.3869020505006233,0.2395315523512632,0.544980625037697,0.8723595186774838,2.576721511867063,1.8202082623066527,1.0282925224292319,1.9425471462038773,3.0484129027978355,1.9071110548303636,1.003447833229329,0.2989028832403455,1.4045220383071806,0.3423462874080389,1.5839487647400408,1.1670904454607038,1.2534779535822844,0.053961458346996186,0.3879532912136465,0.3795879514643894,0.8441282293867574,2.254992919720511,2.8913648716120686,0.8315917540444214,0.6586866836147867,1.2000139782203871,0.9890949073332356,0.45056837474601436,1.6149997882002984,1.1348483566166263,1.4646129038062892,0.8385262195629067,2.535289206509238,0.4609647824107733,1.0799686381231268,0.371293578641482,1.671304632488741,1.9772492258551597,0.7364336692093776,1.3024231834405813,1.438492604341308,1.4845768102381052,1.732995055068884,0.49798140094275134,1.8133065431617539,2.0952806633172076,1.1999741115022005,0.19749181129071475,2.355575272888654,0.2442178563220253,1.089535853944976,0.9888167037459563,1.090093881851127,0.6099254310281895,0.9271455289093069,0.9430380760376289,1.6071676441789813,0.7426884556785445,0.9044059601568635,0.9029965345721208,0.8508089869764262,0.43377088237256745,1.8858364906328966,0.8492985259625776,2.791862126268573,0.11868954242007232,0.27891750180645536,1.3616277030799335,1.881247896950607,0.2093508415625715,2.582936734847491,0.5706531489844551,0.668517367538679,0.91262130897927,0.1350862463114944,1.226364718443791,0.3111720056980638,0.45805826269904854,0.9614189762230156,0.7857470343683886,0.7451146913018786,1.2454202782893988,2.22234926181578,1.009810470658956,3.1321024074890533,2.0845687013704053,0.5743514925651567,3.116015280980422,0.1148647659296729,0.6544697463515948,0.44106786081331206,0.3995639160909381,1.3447138929876885,0.8940345081492191,0.8191599821610758,0.8845474254824627,1.8572008309555095,1.4228862271028309,0.09588919873163237,1.2113796939930643,0.7217968073861948,3.4760713231734246,0.553083450550817,1.027019713975831,0.6202380816292931,0.8933828073775563,1.296749253737173,2.980637906012783,0.17230331753744876,2.425612182026475,0.8692512732883282,0.6650907628195788,0.3721274475697074,3.7230919551503403,0.2517211021084462,0.24407776492487343,2.495876550569037,0.2025729701535642,0.8865916131703371,2.4806474064973023,0.6287613337020794,0.6209069639357612,0.6583384995530934,1.0035480475107774,0.3923589931521432,0.6559758463332647,1.0604787069787076,1.9536278749175895,2.358907251637002,0.47838960295414634,0.39187985985380297,1.1685810811487503,1.7033451856728776,0.47841471227291077,0.3408330695026398,2.0058229267882455,0.6099992572773834,0.8159894669351747,1.9847286214518023,0.5118050643001523,0.48052914974818806,0.8105522488971331,3.2778074431097735,0.6670451577157284,0.81555105568354,0.2184479509276593,1.7625668612153147,1.8083445313315085,1.1560527118256647,0.6524943327060813,2.6677926016560267,0.8555924348436428,0.7047798301059864,2.7118267680136148,0.6293000786184518,0.697112278691814,1.4032368870230072,0.6191567767324095,0.03922741355767756,0.39020492278312463,3.616604613727458,0.6647499071752165,0.3733748809286157,0.6706779539048355,0.2430661410898783,1.5297993378045185,1.3151171174611502,1.7830100561448625,2.021547620515891,0.5088174124427606,0.13559668620695683,0.24475449674821614,3.826325951946981,0.2979606437250458,0.2721847704400793,0.6724807268659891,1.2140859635688481,0.394149561093764,1.1895166095392427,0.9964298487276916,0.32419542750308905,2.39837280920841,0.9525565888922651,1.8962987847384953,1.1688631200054764,0.3286041936221533,0.7343984686988279,1.797991109745124,1.2665548134402587,0.7516395953364188,3.9007870455952625,0.8194729045505332,0.6686953796423507,0.5598227064573253,0.8143463211271775,0.6876932003579352,0.1529553924265561,0.33774653930264953,0.9571347937578696,1.7904755611834091,0.19298783922458224,1.0004606759782038,0.4205040759789316,0.8678193749278508,0.6559340613608751,0.7248926760025931,2.244874224873399,0.28583352872809975,0.2604199878318676,1.2215818891410164,0.5020832880234893,1.537445266804017,0.972159404145431,0.5009958156545199,2.1040098260478484,0.3647872101865887,0.1770402371566589,0.5398236494384545,1.1049312405386515,0.6180096272884568,0.44331398210027395,0.9958423849882647,1.5266716645952243,0.6012885304296489,2.9042524868904973,1.3147067687071878,0.8535690955764018,0.35695190954104905,2.0330952646171334,1.503388383110969,1.0716062449856474,0.24611839690531162,1.245959697122901,0.6044566592533158,0.19754502489168707,1.3805022796686088,1.7317165678906503,0.2899204359841757,1.1847103983929992,2.076589346918155,1.0198326269879423,0.5509647180919974,0.9939459447104982,0.237394975995754,0.6481951054188467,0.8760114592308783,0.2939758196660306,0.09918369538900312,0.6817416458338823,1.7166731693096735,1.1735245840522213,0.13730167658077655,0.22052944633788518,0.30965532193761014,0.4103035379807349,1.7665080617382942,1.082408488454146,0.7595124215089826,4.586492297635472,1.6131825356435594,0.5229933786118012,1.6759562256774665,0.4839043197423253,1.0768554048461367,0.8407541814091652,1.932648939783803,0.7988393296838147,1.9535934165176507,0.6219514764739558,0.6164994535487918,0.32902529447889817,1.5306939105111557,1.257676779222375,0.7727556227492005,0.32962904373132085,0.8936261413261226,1.8902852034845565,0.6976828156668377,0.6198815978091039,0.7288193499267555,0.704736582241868,1.8859895798844186,0.9997678778292152,1.145966212433177,1.7881466573122107,1.211576365743643,0.7056558553950716,0.3593293531114207,1.465477821432869,0.48545336228353464,0.5341956401701791,0.8359971016470399,0.9862188500258555,2.0562542275952773,2.0657976463469088,0.9769149770760022,3.9079159475026612,0.19828892701100226,1.273390325876214,0.7223045234698093,0.8057354774522303,2.5695564529572716,0.17590314359410353,1.3583834543647897,0.6766642398281902,1.1721494575431124,0.8141156611837295,0.4699058526526207,1.598263290527291,2.755768861129006,1.159383762503691,0.732311826449234,0.5139487060613859,2.47338628807601,3.3848632268112406,0.13017716455269268,0.23655667915650572,0.9451121292003842,1.9109366253666522,1.3826215768509993,1.774932140956083,1.9713654947703185,0.4053094798430757,0.29353826432690155,2.252738912945319,1.895087408306523,1.1723902685487788,0.5792286639933554,0.49144667666769154,2.4518114312085535,0.6190069358013206,3.963108791266423,0.6207583480563064,2.290138372519742,0.7380179243681464,0.981835225547234,2.105115013612653,2.009113615416437,0.9513116658956282,2.9577096111836316,0.7935071360414641,1.3900618491644057,1.579504350979582,1.4399696197938203,2.397328891713007,0.6701646904279777,0.19134732067447113,0.21070057834803013,2.675557526449357,2.0471171650813917,3.3140621470918323,0.8730146897650182,0.9624031018082876,0.8520731015386734,1.3860228583406826,0.6599830160065218,0.25263900463781563,0.398779874424981,0.48510354723498456,2.4215744661794747,2.629864272284976,0.15446964897255486,0.869122648720114,1.2432007505562341,0.9108956304520889,1.3020767002060105,0.9705079751219418,0.8962296851050575,1.309079890739387,0.4202984800346258,1.01381227584649,0.3537759648900235,1.2099956856681677,2.5545466591862267,1.6620922879040565,2.1179309949067715,0.5443494988256838,0.9425524769707102,1.5618246842511634,2.1543906526573595,1.138411916752001,0.8686442434285622,0.5736889926046748,1.2820085898303057,1.9043030235038165,0.8980703104000454,0.37930905271503823,0.9553143144394218,1.5738263165058233,3.5378204375482047,0.5586265979266017,1.7181452012291776,0.2225914978154449,1.1833395331361747,0.7666341487458744,0.5353551518849826,1.667083940968533,2.986820107642038,0.4195911211194471,1.4540521319340918,3.8538363204231314,2.1793902323932373,0.6097648617561398,0.16964737725609436,0.47204256051640514,0.2540875238817885,0.5317248298842117,0.39294414778748854,0.3204809815513478,0.9834627653421744,1.2465193988847294,2.6049671630789737,1.1266484468898135,0.917452392133479,0.37028906434594905,0.3585159754943127,1.451245167162599,0.3255637417080346,0.20695453897122063,1.011771436698372,1.8174569112406849,1.8782897121211832,1.5578988492712265,2.1036920243127795,0.11609690187313193,1.1321016724362756,0.8552678780251965,1.8252875027294557,0.3725439187152242,1.5643473081972317,1.6286399270639778,1.51510854264335,1.5464351821923235,0.3525274332766586,3.019459075967196,1.0562532028110798,0.9459502927464779,0.2029691804715419,2.173729590478919,0.8141107753043372,0.5771247189085522,0.49108164261809545,1.4959256934365455,3.0217765860086097,0.5465701410412587,1.8488375352714066,3.390610341978942,4.000627767770061,0.42859603920746914,6.907320568842317,0.5639474628976948,1.4614831896253269,0.20783518369023501,0.18528758806013895,1.5173461273270057,0.3206670744069453,1.0183079503217154,1.1528279025504045,0.761498087414732,1.7989760811413749,0.823422550220541,1.2187416643701958,0.4979357412785231,0.5433762820964902,3.4989504577912856,0.7216498663568953,0.6111245271041571,0.787395554724343,0.46756438177672427,1.275852047591105,1.3861376878379432,0.49791372574045334,0.9565702605942108,1.5928848221968384,0.4076880170934697,0.3896870617877741,0.24871101414314117,2.8624525497342628,1.5505330486428353,1.35893494367436,1.5484522766220186,0.9572115206878724,0.9441719704443492,0.5518527796064272,0.9459580240564524,0.4879645159149192,1.2437160774326115,3.290794917747544,1.9010720576863314,1.4421775457304786,1.745834072398831,0.9807271618439575,1.5168460239572013,3.097216861031018,2.323278597652554,1.2556350874037085,3.3942360628631363,0.953011830461197,0.47002646815066296,1.7367934046516986,0.5409001028420224,0.7763667471061562,5.508576838542511,1.0532407131190022,0.6441275750329734,1.3058653566112537,0.8965283887915805,0.11786897416787498,1.8353621127196516,2.2353097158152746,1.5703068084717007,0.3671726980341162,1.6493459786964324,0.38169738210197,0.2741728583654004,3.2762582979983272,0.4224016923729742,1.716361536349254,1.947679036874362,0.7609390538553634,0.41767757567627567,0.46318757881963857,0.11308591149223801,2.8818231181457055,0.13654912038510492,0.5009693830456061,0.7899938230037462,2.1358257647641947,0.09152634307781216,2.1500285481968557,3.2327233317630153,0.2876635857683251,0.8068232849014054,0.21277517761129966,0.4290564496806492,0.7498279283258551,0.1697014800115424,1.6658062567735774,1.3594465600972045,2.0449689233098987,0.10144944638703465,1.4886467377145962,3.333649311247823,1.2457346750624911,0.904537627465667,0.631192124882598,0.8923255167145361,0.23164943606058272,0.7015111869571589,0.3890461778961796,1.2524620202882049,1.5488024780329148,1.6412574522641696,0.6296935263855018,2.308548065975082,0.7194716651980153,1.0018593106794826,0.11769050371125118,0.4319236056947962,0.43246034125060284,2.934124487908817,0.8950989274591957,4.673799652887915,3.817001148787159,3.81904807717872,0.9364253639921895,0.4881822440232071,3.3333466500636804,1.223720869649193,0.4626424951158677,0.898687976684262,1.237036621503746,0.743606977706283,1.4030737826478519,1.268415297795225,3.388779427827493,0.34082447911097924,0.3563244266153181,0.7253424302133159,0.7541625358916616,1.435710324206452,0.48401050695837816,1.0257578592034096,0.2864725385241887,0.35757002607707367,0.3609845575468693,0.5285210657140027,0.8226622495275905,0.24188831700533836,0.7385598149640364,0.35354402276461194,0.5295365786350759,1.167572952165543,0.721905061338806,1.6161772003534254,1.7142244987671906,0.2863804476383264,0.16443262849215123,0.6416460159932773,0.389218023228419,1.7538767173905492,2.639445014781164,1.574177379939797,2.35058286776639,0.6651070780693747,0.5993680069292858,0.42679657530774084,2.209135983278358,1.370847822316631,2.8871177720572168,0.8591564583716226,1.9197025664081004,1.019408376897383,1.1817593767646999,1.7996000020313792,3.463632417121406,1.170625540900194,0.5967325511905878,3.9463967447616324,0.3242045741842291,1.3845666189763446,0.26457550663343005,1.2436645435422184,0.443466826808729,1.782589294111383,0.5723255033087704,1.8286213198795649,3.028692043338723,1.097829664567037,0.7571281628676332,0.9074887186170701,2.964982165928383,0.6604260245714454,0.9282021488114083,0.7938261589103354,0.7946095149556465,0.5634232105988048,0.4678842992565335,2.813831953658121,1.0507407801843218,0.36491803870358264,2.9048153569662256,0.8889081512974414,0.287733656552569,1.3195514590214605,1.7811353135546144,0.12772839463994673,0.21623731100055332,0.9751592463134126,1.4227057925924695,3.1383079328182193,0.6153925383235624,1.6817040411456996,1.6702920182479308,0.5579111392046308,1.1061806587070449,1.3485761346017977,0.443618942397838,2.5750414912960524,0.44497290909056275,1.0104039698363039,1.4092766012629634,0.6731614010371851,0.12364081966027017,0.5220684055189198,1.274802448431138,0.1171705260588999,0.0499289504210742,0.9475498399478127,2.847153749998717,2.7538907501150964,0.5627362390400816,0.6995710649556626,1.3603563576053237,1.662197688630977,0.8226753830158123,0.22375519384161424,0.8532732541985346,0.4869561216541721,0.5674587584768966,0.32263269883150625,0.690446605737664,0.19234723857426028,1.8478588983461122,1.0158343776260468,0.3353668427476633,1.5158094791121077,0.43127100890654635,1.762423943334956,1.7422698407257573,1.2742346469966734,0.1584710063537101,1.0937014616943268,0.16681757176332412,2.363844282522501,0.959335638031827,0.3779690595274082,0.09145699567503214,0.3917017256590082,0.3501902525991084,0.6410387861953453,1.1341209540225399,1.5997886809932966,1.4659560043553976,1.577850277255277,6.089285031052773,0.707427680149481,1.648730844971313,0.24690040683923087,0.5696251118805884,0.14092050014401364,0.06562415576062139,1.7087415225887634,0.47004926182414775,0.6779372676677509,0.9493883700947969,1.8169445764500662,0.7579824472861357,0.3423044838843429,0.8716199694945732,0.33386841137457834,2.7443803188785303,0.3451259493447818,2.2345969884391916,0.9438185152884326,1.889811620452664,0.7357757092002639,0.2621099663319044,0.2630823495626273,1.0056137330832577,2.8615615684948255,0.13822591170522566,0.6809355127943068,2.4292204017800905,0.4505864824272612,0.7937814088333176,1.073073978074601,1.1448483515849832,1.398372803446736,1.7967642057450484,1.0638503848217562,1.6240577336650452,0.3095983346120206,0.12112697999493131,0.2336678395010811,0.04357427947030537,2.5587508606692975,1.45730407825567,0.9284217127989628,3.4351466928272445,1.8110509293546437,0.9884003717445261,2.2013958677435603,1.9190866373341313,0.7533533969096309,0.5926166849258431,1.3576047439405,4.8795306373772345,1.9172770307514582,0.9770588859760702,1.019855296176345,1.1068431721079182,0.7169588938776457,0.6484946881669575,1.0684907953750362,0.7010139683717759,2.812761215277634,1.4675264580421221,0.5152535572765129,1.808416381138873,1.109930573703254,1.3437046762498,3.465595066508041,0.33363735296698016,1.4493268740735366,0.6964250675147261,0.8821688001222694,1.7376979165875484,1.5286680386909832,1.9337572720356224,0.8111698653843525,0.7660400001180192,1.2564748375304773,0.8029816841559607,0.3564679063852629,0.5074450138658232,1.0181539503034072,1.485214193816669,1.4226069529837806,3.1658848431035653,1.937292826848504,0.45319848573775007,1.4145880666096475,1.4553979032994016,0.5337430752598958,0.3548401006722311,1.0015393231102194,1.2938982384983428,0.48314195641973723,0.4549724754668507,1.3846014713984123,0.6629901759831208,2.454641002223358,0.8223041423203953,0.7592546936165446,1.4086163568563372,0.15891453734100164,0.6346190588099113,2.1639551256774228,0.9168754147164805,1.2500332882614316,0.4098215379681822,0.9655277093922392,0.34127500395022237,1.7803843504424086,0.04602921089801164,0.9525867004528732,0.1664302852868081,0.9457215018004542,1.2023731724841977,0.28635222612967737,0.530160209417166,3.343271728067358,0.826429022841268,1.6421094850352915,1.0425887938739693,2.39254885663152,0.8450084545916404,0.9464026908618697,1.3149783639687511,0.27733162096430586,0.628156082651258,0.5606547640727932,1.9398571346063098,0.8811051803125283,0.28247522594211827,0.5923783146182343,1.0110699647668713,0.1495225667399651,1.3375536924687619,1.1453606642639296,0.7199646914907908,1.20153107696515,2.549555354268643,0.5400823475892071,0.4257362917172859,1.740828520602718,2.6109557588450367,0.5105015820847111,0.8305213376170967,0.5394285170249513,2.091076113411698,1.4227112391536247,1.7764236932531634,0.8729596567049028,2.2073335351941927,0.9925953179611802,1.43726051079506,1.272324082335898,1.2699922197565587,0.5943360197796937,2.418952045778274,0.9189609517110817,0.9891689242566248,1.3450059751015055,1.5378122893722936,0.3363602536804013,0.8918906385665735,0.5590457279002565,0.7297543662949224,0.8577696891964484,0.7323530464667232,0.28910761472839414,0.7924425601833824,0.3328334226877737,0.30247190769493704,0.39005303113618506,1.3140623116569359,1.4995120745146828,0.9536449313684412,0.31047320104210735,0.4781384312567515,1.7852180745533512,0.7575569380156891,0.937424735146639,0.4364767156338386,3.0905929552383165,1.103556822669915,0.17304110536087144,0.5511593846587729,1.510241402128568,1.2178911425009462,0.5762952817962621,0.5710371390333044,2.2874867755840933,1.7078310008504465,2.1720323396743684,0.513548356050504,0.5250088488003358,0.839487525223128,0.08944460640201243,0.27725045399102477,0.8636508404809152,0.6071178648197978,0.9533433882781938,0.2561359725862232,1.6813295400579684,1.1113141480523598,2.2881025234980648,0.40612387124516053,0.2893567455020978,2.3283388874841933,0.27512377084181366,0.9646237855791582,0.46874466067670495,1.3202975668586825,0.42052823789863836,0.3408695490633521,0.8169118792536164,1.2370748895087,0.2420142662680273,1.5083484298843584,0.636030042829246,0.9228153405927959,1.488937828540065,2.02582244996569,0.4468935861553752,0.8863522481130626,0.8449078232611756,0.5580868784232604,0.5930065054427327,0.655215201725669,0.187679114178712,0.8027040318637636,1.0788193548226017,1.4410858449324244,1.7280185032514843,0.7847563301366115,0.27124698972159106,1.1968467250067791,0.8138989868256901,1.3683485427132431,0.708135659329273,0.5926824194539275,2.36818512562273,0.499787676000256,2.9156240165003258,0.6746807057362749,3.7919574175663895,0.25908442724507597,2.2302315307094567,0.9259384950227488,1.2750850885031597,0.17229075351049114,0.30149847733887736,1.3154392319139052,1.0025738858575177,2.7898501898838566,1.9321308699056137,0.4234879282330588,0.9353051161023327,1.4674332638931455,1.711813580984881,0.21847020589726646,0.4004975150298158,0.5067230672624604,0.3809284555936724,1.3743785852817465,0.41516430966720363,1.1641187306091119,1.178183173600042,2.0697747670007107,0.20826174024752517,0.7709515864065704,0.17464385771552066,2.5704252644859262,2.711060442633737,0.5781907160881327,0.6224254329880872,0.8128595347105099,1.7620949943321542,0.6470825496917098,0.549680226897363,0.7402980931248901,1.1137437721378012,1.1337508758349988,2.4352410062347203,0.6098662873328424,0.33419175046475313,2.748669273515391,0.508863852406801,0.5226347004332361,0.5791187815335086,0.7276512299080091,2.0120709477227274,1.0140016248952461,1.2331588003377876,1.3818282768277452,0.917256791076011,1.0793805720527783,0.5043988822460327,1.0761748538658185,1.0975804783267913,0.7713523103573168,0.9481562957084052,1.5001354943897716,0.7840014211714856,0.6223552525547491,1.1179919191793561,2.990912167178196,0.5142486383561485,1.372545551005579,0.3990718117100233,1.5306751702930284,0.3561498661080609,0.5535344640474995,0.7829702641762459,0.8674047387355669,0.36585148898258624,0.6102551081545067,0.8794016583326766,0.43945374611273746,0.939652757895181,0.44924775971936143,0.44310946922220784,1.7947841026697813,0.21089576547136468,1.116248593499805,1.7967769881918938,1.542280921158849,0.6678440557257774,0.41640871297831616,0.5946403279976828,0.744970018435577,2.219402038690199,1.3174431831023117,0.11061617863339906,1.1730046108957142,0.6042928965221143,0.5130336248413472,2.3771377903586184,1.0924106558177349,1.4044480943072024,0.8668810879915262,0.7001219829691877,1.813562245465275,0.7335026329267476,0.5347747102635585,1.0469933167570946,0.6485265719645359,1.4933063731270626,0.29456921776078254,0.505819017431125,2.9721967333292665,0.3919396135805783,0.4692047729357032,1.019633679165443,1.7390489862916714,1.361755305599796,0.8891355183260781,0.26069742644599986,1.247394361031797,0.38399047312397694,0.9288110279545161,0.6363549172202947,1.6215001933031323,0.21077037614599126,0.18177760432994583,1.1563633693067576,0.6862616820620469,2.9305758255764154,0.20993334649663142,0.20828945535019533,0.7094210954604742,0.18810601912827973,1.1641091181384633,4.405156864640773,1.1843654872963363,0.7576403130384748,0.9903913328745693,1.7307443479119424,0.7312390269670751,0.340656318521499,0.9320464234314911,1.86467823840586,0.37989303678990094,1.404268956245532,0.5216842662151324,1.664601295905006,1.5680945249624503,1.1284074950970642,2.1681988701270347,1.6528246027689384,2.8379178978864488,0.4602263275352249,2.347909964633733,0.5907195071731984,1.216641569764179,0.5108562938704979,0.8852402901716548,0.7717112743622785,0.5862190097508889,2.600699731537613,0.19014598462131263,0.47960363756769964,1.2400489061791893,2.4898368309267527,0.9019742612879712,0.9314550550817235,0.692926326672099,0.7553482929341301,0.7834944379234816,0.863160836403471,0.7716788192700548,0.7174489826834067,0.6557903262405782,1.0420329609186108,0.37233958205646733,1.722192520060513,2.35828617991098,0.7971150165090308,0.3198843316236693,2.954872346398549,1.4955720508148742,2.995957840199868,1.3503649456547429,0.9447650934458497,2.069607650972983,0.43798470892235075,0.8887881049100745,2.968993693521425,0.8115070083003713,1.843922996177525,0.24980915224320244,0.7176409640075005,0.4696839672287647,1.0059955773475442,0.7087672161266452,0.6541181047625864,0.6613634354734796,1.348805714509362,0.5073491248382448,0.6447008478058038,0.17320147023576937,0.6354751136700736,1.6900290522911625,1.976255903442393,3.8190376057211397,0.9402838320626955,1.3741173740565054,0.4186828681889675,2.0287184678555694,0.38828389008210507,0.13872089514022057,3.1082842140855846,0.7643993071032562,2.299330041864025,1.31204599210525,0.3018969723688206,1.1782366054954059,0.7871832536527724,1.0617196893135312,0.2994005793155512,1.725126913318788,1.4531386282211478,0.4860191699232814,0.23595408646747024,2.146949700407777,0.626287116577879,0.8606329951299116,0.7849679738561256,2.1494242681652858,0.6613984380004002,3.8024347985741414,0.6343283853410471,0.4765563461422609,1.3437581886432788,1.4696423023553504,1.8298569429335378,0.7695825861443494,1.8075388407595987,0.7586740163727318,0.2995995095051175,0.6199144208197371,0.47326911381815295,0.9495975180360372,1.2899499069544216,1.9915569978768537,2.032543269012295,0.9932357711823562,1.349273180798633,1.3209308413953436,0.3310679421019774,1.0004799072415769,0.7158515914009798,0.43223273892050995,1.3972210244329535,0.771145954479154,0.8474534152965776,0.6396275839801026,0.3189560919300053,1.225068423221179,1.8050670288647375,4.217860299807486,0.6056822676130059,1.9049677802962959,1.2009813411011512,0.35331927633871973,0.31514260406511063,0.6627793515084096,1.1141831130320252,0.2514750141406259,2.3816216693993364,0.7151360692526558,2.5888570435995466,1.5670594018146962,0.9248324309972547,0.8181926570013168,0.9767006685846504,1.212773886269983,1.505282646785455,0.10361946159354152,0.633639448965228,3.586347629340255,1.6638516048805565,3.275551157264644,0.43160866560821276,3.779743420793743,2.2230734401423495,1.0372553522881778,1.6957558032399809,1.1169911676608486,1.267650216933399,0.8573215654655532,0.9770337366434902,1.464613132425371,1.4026639238081942,1.3111065815514817,0.3836689908514187,2.053583086158918,2.4393896720496686,1.908869484425443,0.7410762368908589,0.6668412588996548,1.3912770522135849,2.105889326287269,2.893160225453843,0.4119012391417105,0.1787903310695224,0.27709656880227446,0.2728436605762477,0.7721223299171361,1.1217328804598812,0.7911179234394455,0.9355363415144045,1.2743613068736517,0.6536882459164566,1.9842728724603447,2.2607087771130874,0.7970961371630642,0.31993872832817694,2.166646320358589,0.3150634732846553,0.12101930634673327,1.95202311327389,2.24697940771603,1.1719562685413152,0.8266276899971449,1.1986574321838996,0.45731644380895514,0.5395162893595025,1.1769250266772655,0.6464738142742128,0.7698521146848355,0.7594716993581279,0.8280969680065824,0.4028639446190801,2.0023641914432626,0.9501289703082664,1.6380552970140647,0.7572402938482626,0.3339040523540754,1.2967970898441177,0.8259298109871023,0.4761263044371935,0.9531329380080915,1.7156759042737253,0.9904789202954378,2.807100730623559,0.8653308755237715,0.2796764292652363,0.6618633494191414,2.449876537606804,0.5684736865684237,1.8668737982498316,0.09334779180859357,0.8135482542938408,0.45806978020199185,0.9243637709947896,0.7816727781416632,0.2244269347039632,1.9415381924639945,1.0117478630766072,0.6436748642700407,0.6353584373059744
"((4, 0), (0, 1))",2.4937762804619528,0.6937075599800455,2.804458401627617,0.2732287197355459,1.3591721859679209,0.35939079520633743,1.4215764701383757,0.7393101971872473,1.1589625553186378,0.5610398525621627,1.4337711335243961,0.8545344626282745,0.3395321184763638,0.18997672259851217,0.2503676456533038,0.2522531929524978,0.09112311890910751,1.3599251039533982,0.32808025573035715,0.519636399015234,1.011831191244672,0.8463498927757453,0.7708785370393167,0.541421851266642,0.4658910584632072,0.12726765804567686,1.1249422570524585,0.08257205349074681,0.16961929867175074,0.08390039300929297,0.5472385226393812,0.3732603588114274,0.26609391779470504,1.136687614459173,2.0847081750003413,0.9133189116908282,0.07583607185076979,0.14319498946699905,1.9472740585640294,0.16698039786274776,1.142381016632274,0.35024274621094675,0.05879915156321336,0.23421900232875736,0.5977048795810254,0.028395385302081078,0.039237265565817525,0.8973757707052985,1.2574588342103337,3.7151685606788325,1.1714261331579034,0.3929576492902984,0.047414885905535775,1.1822576479926798,3.791494475124338,0.5189555940003672,0.12722838819029736,1.1231144279595764,0.5225152869033578,0.5739381381499955,0.4725386149040587,0.233542334450288,1.404592949653186,0.5978636981862782,0.4815481245974449,0.19840282573995904,1.1294832895492677,0.33574275214184,1.7949120303707353,1.5921624190282846,0.9282082986457039,1.0539746289502103,0.2987385402667262,0.034862657696696164,2.4439374575217245,0.40038020515367134,2.592777710065832,0.024793044622373195,2.003115541303526,0.004473207700081749,0.7893830507694095,1.2118124256926643,0.42014722644828006,2.224865783531256,0.485483814645422,1.0123472313566038,0.41626577921842745,0.17983055607051635,0.3193346690319879,0.6167145812254352,1.1579455514903647,1.5379403237473157,1.1805440841985644,0.2625616292264777,0.12140297304062675,0.7816675652409977,0.3483362199604887,0.4655786254083991,0.7655146967337841,0.1513753420023849,0.37180394649665827,0.6763715981327552,0.36153678981934,0.7885657287340024,0.24864385677759104,0.11834636347495986,0.46057305431343365,2.074371505526055,2.0766033472014582,0.10445329473928222,0.9285969515350194,0.6886288147487372,0.2657718965855378,0.5583871025920524,0.3939712099784785,0.6783856179771768,0.5399179844814106,0.6481498417851026,0.1159526316145294,0.03955155296570867,0.5238468379362982,0.8874308189372662,2.3384329392133365,0.25434425849423326,0.2858528284220627,0.12156173182748087,0.10291039261617196,1.0431637819590749,0.7735395462122328,0.422883048544593,1.301789452020286,0.05976684383810649,0.6621651386648879,0.5660565530358341,1.1116858874643947,1.5464188908534817,0.9358916983458125,3.135681120631474,0.9426572946996741,0.11460027441264797,3.192901321229535,0.28574082346951934,1.2655082150757737,1.0563693672143315,0.3889682701395043,0.8088458973138406,0.03306497738006686,1.2552158652370022,0.06122338614655942,1.617915056047197,1.0080476010471469,0.15206584687177216,0.2172764594490118,0.28996779869801714,0.3442689532685712,0.11541564734367338,0.8463285860139194,0.0818625805972063,1.5104581082439839,0.1662717746575102,0.037554478274180014,0.6115080168249891,1.2437553153494667,1.6631607213630102,0.41208138396474103,0.19123252994996043,0.5124090389203788,1.9182995764958033,0.46980567106255844,0.5853964979827351,0.07337547986972204,0.9142096584701149,0.06400878845390667,3.156711956022815,1.2912145046014567,0.9051365247710694,0.22327644280383618,0.6265972243829364,0.059097599384261734,1.2275611673582065,1.3699639264154342,0.8860089433792773,0.9759959995894567,2.0388049777311856,0.8874197913799942,0.6643646534199918,0.3089459822113223,0.20645882952525696,1.8812258140951181,1.4658100778930727,0.17639214713203621,2.183660952647804,0.843427591655068,2.054908863510538,0.049449348247111446,0.10154484713904055,1.2372246831202678,0.7773670560903359,0.08368464451451829,0.13268698136728957,1.0136431052862303,0.24742246557251635,0.5346843975889355,1.0494861255457026,0.43253525960333705,0.7699064326588605,0.2701087116361969,0.9625068584148622,0.4180835163102036,0.01952777421063856,1.2881758596341053,0.20895939260398455,2.098135219250456,2.198269536288093,0.9541204318656373,0.8811196798862699,0.4953681071407765,0.8525573550217107,0.22674582100901186,0.7175833095722532,0.37533491240175376,1.5558395764459814,3.561474759727189,0.2592181556366979,0.39393580675912254,1.42099275904497,1.215274753755014,0.2623006439266955,0.3902222519842985,1.4092927847502748,0.3078975885170695,0.7736005128159347,0.7740103317066769,0.10726870103620856,1.8118908027439953,0.12265680380307276,0.5750791960274235,0.13021286408827093,1.148413260539495,0.9240823780610947,0.2794516570126939,0.5834155187090826,0.8243642746597675,0.46011425790055727,0.9779547308120469,0.5804596566630705,1.5827822140083763,1.2114260183914292,0.6965300781643475,0.24523108650431769,0.3316029984850708,2.7542102518246416,0.5185276516468056,0.618904830686247
"((0, 0), (2, 1))",0.0,0.0,0.0,0.0,0.0,0.0,0.0,0.0,0.0,0.0,0.0,0.0,0.0,0.0,0.0,0.0,0.0,0.0,0.0,0.0,0.0,0.0,0.0,0.0,0.0,0.0,0.0,0.0,0.0,0.0,0.0,0.0,0.0,0.0,0.0,0.0,0.0,0.0,0.0,0.0,0.0,0.0,0.0,0.0,0.0,0.0,0.0,0.0,0.0,0.0,0.0,0.0,0.0,0.0,0.0,0.0,0.0,0.0,0.0,0.0,0.0,0.0,0.0,0.0,0.0,0.0,0.0,0.0,0.0,0.0,0.0,0.0,0.0,0.0,0.0,0.0,0.0,0.0,0.0,0.0,0.0,0.0,0.0,0.0,0.0,0.0,0.0,0.0,0.0,0.0,0.0,0.0,0.0,0.0,0.0,0.0,0.0,0.0,0.0,0.0,0.0,0.0,0.0,0.0,0.0,0.0,0.0,0.0,0.0,0.0,0.0,0.0,0.0,0.0,0.0,0.0,0.0,0.0,0.0,0.0,0.0,0.0,0.0,0.0,0.0,0.0,0.0,0.0,0.0,0.0,0.0,0.0,0.0,0.0,0.0,0.0,0.0,0.0,0.0,0.0,0.0,0.0,0.0,0.0,0.0,0.0,0.0,0.0,0.0,0.0,0.0,0.0,0.0,0.0,0.0,0.0,0.0,0.0,0.0,0.0,0.0,0.0,0.0,0.0,0.0,0.0,0.0,0.0,0.0,0.0,0.0,0.0,0.0,0.0,0.0,0.0,0.0,0.0,0.0,0.0,0.0,0.0,0.0,0.0,0.0,0.0,0.0,0.0,0.0,0.0,0.0,0.0,0.0,0.0,0.0,0.0,0.0,0.0,0.0,0.0,0.0,0.0,0.0,0.0,0.0,0.0,0.0,0.0,0.0,0.0,0.0,0.0,0.0,0.0,0.0,0.0,0.0,0.0,0.0,0.0,0.0,0.0,0.0,0.0,0.0,0.0,0.0,0.0,0.0,0.0,0.0,0.0,0.0,0.0,0.0,0.0,0.0,0.0,0.0,0.0,0.0,0.0,0.0,0.0,0.0,0.0,0.0,0.0,0.0,0.0,0.0,0.0,0.0,0.0,0.0,0.0,0.0,0.0,0.0,0.0,0.0,0.0,0.0,0.0,0.0,0.0,0.0,0.0,0.0,0.0,0.0,0.0,0.0,0.0,0.0,0.0,0.0,0.0,0.0,0.0,0.0,0.0,0.0,0.0,0.0,0.0,0.0,0.0,0.0,0.0,0.0,0.0,0.0,0.0,0.0,0.0,0.0,0.0,0.0,0.0,0.0,0.0,0.0,0.0,0.0,0.0,0.0,0.0,0.0,0.0,0.0,0.0,0.0,0.0,0.0,0.0,0.0,0.0,0.0,0.0,0.0,0.0,0.0,0.0,0.0,0.0,0.0,0.0,0.0,0.0,0.0,0.0,0.0,0.0,0.0,0.0,0.0,0.0,0.0,0.0,0.0,0.0,0.0,0.0,0.0,0.0,0.0,0.0,0.0,0.0,0.0,0.0,0.0,0.0,0.0,0.0,0.0,0.0,0.0,0.0,0.0,0.0,0.0,0.0,0.0,0.0,0.0,0.0,0.0,0.0,0.0,0.0,0.0,0.0,0.0,0.0,0.0,0.0,0.0,0.0,0.0,0.0,0.0,0.0,0.0,0.0,0.0,0.0,0.0,0.0,0.0,0.0,0.0,0.0,0.0,0.0,0.0,0.0,0.0,0.0,0.0,0.0,0.0,0.0,0.0,0.0,0.0,0.0,0.0,0.0,0.0,0.0,0.0,0.0,0.0,0.0,0.0,0.0,0.0,0.0,0.0,0.0,0.0,0.0,0.0,0.0,0.0,0.0,0.0,0.0,0.0,0.0,0.0,0.0,0.0,0.0,0.0,0.0,0.0,0.0,0.0,0.0,0.0,0.0,0.0,0.0,0.0,0.0,0.0,0.0,0.0,0.0,0.0,0.0,0.0,0.0,0.0,0.0,0.0,0.0,0.0,0.0,0.0,0.0,0.0,0.0,0.0,0.0,0.0,0.0,0.0,0.0,0.0,0.0,0.0,0.0,0.0,0.0,0.0,0.0,0.0,0.0,0.0,0.0,0.0,0.0,0.0,0.0,0.0,0.0,0.0,0.0,0.0,0.0,0.0,0.0,0.0,0.0,0.0,0.0,0.0,0.0,0.0,0.0,0.0,0.0,0.0,0.0,0.0,0.0,0.0,0.0,0.0,0.0,0.0,0.0,0.0,0.0,0.0,0.0,0.0,0.0,0.0,0.0,0.0,0.0,0.0,0.0,0.0,0.0,0.0,0.0,0.0,0.0,0.0,0.0,0.0,0.0,0.0,0.0,0.0,0.0,0.0,0.0,0.0,0.0,0.0,0.0,0.0,0.0,0.0,0.0,0.0,0.0,0.0,0.0,0.0,0.0,0.0,0.0,0.0,0.0,0.0,0.0,0.0,0.0,0.0,0.0,0.0,0.0,0.0,0.0,0.0,0.0,0.0,0.0,0.0,0.0,0.0,0.0,0.0,0.0,0.0,0.0,0.0,0.0,0.0,0.0,0.0,0.0,0.0,0.0,0.0,0.0,0.0,0.0,0.0,0.0,0.0,0.0,0.0,0.0,0.0,0.0,0.0,0.0,0.0,0.0,0.0,0.0,0.0,0.0,0.0,0.0,0.0,0.0,0.0,0.0,0.0,0.0,0.0,0.0,0.0,0.0,0.0,0.0,0.0,0.0,0.0,0.0,0.0,0.0,0.0,0.0,0.0,0.0,0.0,0.0,0.0,0.0,0.0,0.0,0.0,0.0,0.0,0.0,0.0,0.0,0.0,0.0,0.0,0.0,0.0,0.0,0.0,0.0,0.0,0.0,0.0,0.0,0.0,0.0,0.0,0.0,0.0,0.0,0.0,0.0,0.0,0.0,0.0,0.0,0.0,0.0,0.0,0.0,0.0,0.0,0.0,0.0,0.0,0.0,0.0,0.0,0.0,0.0,0.0,0.0,0.0,0.0,0.0,0.0,0.0,0.0,0.0,0.0,0.0,0.0,0.0,0.0,0.0,0.0,0.0,0.0,0.0,0.0,0.0,0.0,0.0,0.0,0.0,0.0,0.0,0.0,0.0,0.0,0.0,0.0,0.0,0.0,0.0,0.0,0.0,0.0,0.0,0.0,0.0,0.0,0.0,0.0,0.0,0.0,0.0,0.0,0.0,0.0,0.0,0.0,0.0,0.0,0.0,0.0,0.0,0.0,0.0,0.0,0.0,0.0,0.0,0.0,0.0,0.0,0.0,0.0,0.0,0.0,0.0,0.0,0.0,0.0,0.0,0.0,0.0,0.0,0.0,0.0,0.0,0.0,0.0,0.0,0.0,0.0,0.0,0.0,0.0,0.0,0.0,0.0,0.0,0.0,0.0,0.0,0.0,0.0,0.0,0.0,0.0,0.0,0.0,0.0,0.0,0.0,0.0,0.0,0.0,0.0,0.0,0.0,0.0,0.0,0.0,0.0,0.0,0.0,0.0,0.0,0.0,0.0,0.0,0.0,0.0,0.0,0.0,0.0,0.0,0.0,0.0,0.0,0.0,0.0,0.0,0.0,0.0,0.0,0.0,0.0,0.0,0.0,0.0,0.0,0.0,0.0,0.0,0.0,0.0,0.0,0.0,0.0,0.0,0.0,0.0,0.0,0.0,0.0,0.0,0.0,0.0,0.0,0.0,0.0,0.0,0.0,0.0,0.0,0.0,0.0,0.0,0.0,0.0,0.0,0.0,0.0,0.0,0.0,0.0,0.0,0.0,0.0,0.0,0.0,0.0,0.0,0.0,0.0,0.0,0.0,0.0,0.0,0.0,0.0,0.0,0.0,0.0,0.0,0.0,0.0,0.0,0.0,0.0,0.0,0.0,0.0,0.0,0.0,0.0,0.0,0.0,0.0,0.0,0.0,0.0,0.0,0.0,0.0,0.0,0.0,0.0,0.0,0.0,0.0,0.0,0.0,0.0,0.0,0.0,0.0,0.0,0.0,0.0,0.0,0.0,0.0,0.0,0.0,0.0,0.0,0.0,0.0,0.0,0.0,0.0,0.0,0.0,0.0,0.0,0.0,0.0,0.0,0.0,0.0,0.0,0.0,0.0,0.0,0.0,0.0,0.0,0.0,0.0,0.0,0.0,0.0,0.0,0.0,0.0,0.0,0.0,0.0,0.0,0.0,0.0,0.0,0.0,0.0,0.0,0.0,0.0,0.0,0.0,0.0,0.0,0.0,0.0,0.0,0.0,0.0,0.0,0.0,0.0,0.0,0.0,0.0,0.0,0.0,0.0,0.0,0.0,0.0,0.0,0.0,0.0,0.0,0.0,0.0,0.0,0.0,0.0,0.0,0.0,0.0,0.0,0.0,0.0,0.0,0.0,0.0,0.0,0.0,0.0,0.0,0.0,0.0,0.0,0.0,0.0,0.0,0.0,0.0,0.0,0.0,0.0,0.0,0.0,0.0,0.0,0.0,0.0,0.0,0.0,0.0,0.0,0.0,0.0,0.0,0.0,0.0,0.0,0.0,0.0,0.0,0.0,0.0,0.0,0.0,0.0,0.0,0.0,0.0,0.0,0.0,0.0,0.0,0.0,0.0,0.0,0.0,0.0,0.0,0.0,0.0,0.0,0.0,0.0,0.0,0.0,0.0,0.0,0.0,0.0,0.0,0.0,0.0,0.0,0.0,0.0,0.0,0.0,0.0,0.0,0.0,0.0,0.0,0.0,0.0,0.0,0.0,0.0,0.0,0.0,0.0,0.0,0.0,0.0,0.0,0.0,0.0,0.0,0.0,0.0,0.0,0.0,0.0,0.0,0.0,0.0,0.0,0.0,0.0,0.0,0.0,0.0,0.0,0.0,0.0,0.0,0.0,0.0,0.0,0.0,0.0,0.0,0.0,0.0,0.0,0.0,0.0,0.0,0.0,0.0,0.0,0.0,0.0,0.0,0.0,0.0,0.0,0.0,0.0,0.0,0.0,0.0,0.0,0.0,0.0,0.0,0.0,0.0,0.0,0.0,0.0,0.0,0.0,0.0,0.0,0.0,0.0,0.0,0.0,0.0,0.0,0.0,0.0,0.0,0.0,0.0,0.0,0.0,0.0,0.0,0.0,0.0,0.0,0.0,0.0,0.0,0.0,0.0,0.0,0.0,0.0,0.0,0.0,0.0,0.0,0.0,0.0,0.0,0.0,0.0,0.0,0.0,0.0,0.0,0.0,0.0,0.0,0.0,0.0,0.0,0.0,0.0,0.0,0.0,0.0,0.0,0.0,0.0,0.0,0.0,0.0,0.0,0.0,0.0,0.0,0.0,0.0,0.0,0.0,0.0,0.0,0.0,0.0,0.0,0.0,0.0,0.0,0.0,0.0,0.0,0.0,0.0,0.0,0.0,0.0,0.0,0.0,0.0,0.0,0.0,0.0,0.0,0.0,0.0,0.0,0.0,0.0,0.0,0.0,0.0,0.0,0.0,0.0,0.0,0.0,0.0,0.0,0.0,0.0,0.0,0.0,0.0,0.0,0.0,0.0,0.0,0.0,0.0,0.0,0.0,0.0,0.0,0.0,0.0,0.0,0.0,0.0,0.0,0.0,0.0,0.0,0.0,0.0,0.0,0.0,0.0,0.0,0.0,0.0,0.0,0.0,0.0,0.0,0.0,0.0,0.0,0.0,0.0,0.0,0.0,0.0,0.0,0.0,0.0,0.0,0.0,0.0,0.0,0.0,0.0,0.0,0.0,0.0,0.0,0.0,0.0,0.0,0.0,0.0,0.0,0.0,0.0,0.0,0.0,0.0,0.0,0.0,0.0,0.0,0.0,0.0,0.0,0.0,0.0,0.0,0.0,0.0,0.0,0.0,0.0,0.0,0.0,0.0,0.0,0.0,0.0,0.0,0.0,0.0,0.0,0.0,0.0,0.0,0.0,0.0,0.0,0.0,0.0,0.0,0.0,0.0,0.0,0.0,0.0,0.0,0.0,0.0,0.0,0.0,0.0,0.0,0.0,0.0,0.0,0.0,0.0,0.0,0.0,0.0,0.0,0.0,0.0,0.0,0.0,0.0,0.0,0.0,0.0,0.0,0.0,0.0,0.0,0.0,0.0,0.0,0.0,0.0,0.0,0.0,0.0,0.0,0.0,0.0,0.0,0.0,0.0,0.0,0.0,0.0,0.0,0.0,0.0,0.0,0.0,0.0,0.0,0.0,0.0,0.0,0.0,0.0,0.0,0.0,0.0,0.0,0.0,0.0,0.0,0.0,0.0,0.0,0.0,0.0,0.0,0.0,0.0,0.0,0.0,0.0,0.0,0.0,0.0,0.0,0.0,0.0,0.0,0.0,0.0,0.0,0.0,0.0,0.0,0.0,0.0,0.0,0.0,0.0,0.0,0.0,0.0,0.0,0.0,0.0,0.0,0.0,0.0,0.0,0.0,0.0,0.0,0.0,0.0,0.0,0.0,0.0,0.0,0.0,0.0,0.0,0.0,0.0,0.0,0.0,0.0,0.0,0.0,0.0,0.0,0.0,0.0,0.0,0.0,0.0,0.0,0.0,0.0,0.0,0.0,0.0,0.0,0.0,0.0,0.0,0.0,0.0,0.0,0.0,0.0,0.0,0.0,0.0,0.0,0.0,0.0,0.0,0.0,0.0,0.0,0.0,0.0,0.0,0.0,0.0,0.0,0.0,0.0,0.0,0.0,0.0,0.0,0.0,0.0,0.0,0.0,0.0,0.0,0.0,0.0,0.0,0.0,0.0,0.0,0.0,0.0,0.0,0.0,0.0,0.0,0.0,0.0,0.0,0.0,0.0,0.0,0.0,0.0,0.0,0.0,0.0,0.0,0.0,0.0,0.0,0.0,0.0,0.0,0.0,0.0,0.0,0.0,0.0,0.0,0.0,0.0,0.0,0.0,0.0,0.0,0.0,0.0,0.0,0.0,0.0,0.0,0.0,0.0,0.0,0.0,0.0,0.0,0.0,0.0,0.0,0.0,0.0,0.0,0.0,0.0,0.0,0.0,0.0,0.0,0.0,0.0,0.0,0.0,0.0,0.0,0.0,0.0,0.0,0.0,0.0,0.0,0.0,0.0,0.0,0.0,0.0,0.0,0.0,0.0,0.0,0.0,0.0,0.0,0.0,0.0,0.0,0.0,0.0,0.0,0.0,0.0,0.0,0.0,0.0,0.0,0.0,0.0,0.0,0.0,0.0,0.0,0.0,0.0,0.0,0.0,0.0,0.0,0.0,0.0,0.0,0.0,0.0,0.0,0.0,0.0,0.0,0.0,0.0,0.0,0.0,0.0,0.0,0.0,0.0,0.0,0.0,0.0,0.0,0.0,0.0,0.0,0.0,0.0,0.0,0.0,0.0,0.0,0.0,0.0,0.0,0.0,0.0,0.0,0.0,0.0,0.0,0.0,0.0,0.0,0.0,0.0,0.0,0.0,0.0,0.0,0.0,0.0,0.0,0.0,0.0,0.0,0.0,0.0,0.0,0.0,0.0,0.0,0.0,0.0,0.0,0.0,0.0,0.0,0.0,0.0,0.0,0.0,0.0,0.0,0.0,0.0,0.0,0.0,0.0,0.0,0.0,0.0,0.0,0.0,0.0,0.0,0.0,0.0,0.0,0.0,0.0,0.0,0.0,0.0,0.0,0.0,0.0,0.0,0.0,0.0,0.0,0.0,0.0,0.0,0.0,0.0,0.0,0.0,0.0,0.0,0.0,0.0,0.0,0.0,0.0,0.0,0.0,0.0,0.0,0.0,0.0,0.0,0.0,0.0,0.0,0.0,0.0,0.0,0.0,0.0,0.0,0.0,0.0,0.0,0.0,0.0,0.0,0.0,0.0,0.0,0.0,0.0,0.0,0.0,0.0,0.0,0.0,0.0,0.0,0.0,0.0,0.0,0.0,0.0,0.0,0.0,0.0,0.0,0.0,0.0,0.0,0.0,0.0,0.0,0.0,0.0,0.0,0.0,0.0,0.0,0.0,0.0,0.0,0.0,0.0,0.0,0.0,0.0,0.0,0.0,0.0,0.0,0.0,0.0,0.0,0.0,0.0,0.0,0.0,0.0,0.0,0.0,0.0,0.0,0.0,0.0,0.0,0.0,0.0,0.0,0.0,0.0,0.0,0.0,0.0,0.0,0.0,0.0,0.0,0.0,0.0,0.0,0.0,0.0,0.0,0.0,0.0,0.0,0.0,0.0,0.0,0.0,0.0,0.0,0.0,0.0,0.0,0.0,0.0,0.0,0.0,0.0,0.0,0.0,0.0,0.0,0.0,0.0,0.0,0.0,0.0,0.0,0.0,0.0,0.0,0.0,0.0,0.0,0.0,0.0,0.0,0.0,0.0,0.0,0.0,0.0,0.0,0.0,0.0,0.0,0.0,0.0,0.0,0.0,0.0,0.0,0.0,0.0,0.0,0.0,0.0,0.0,0.0,0.0,0.0,0.0,0.0,0.0,0.0,0.0,0.0,0.0,0.0,0.0,0.0,0.0,0.0,0.0,0.0,0.0,0.0,0.0,0.0,0.0,0.0,0.0,0.0,0.0,0.0,0.0,0.0,0.0,0.0,0.0,0.0,0.0,0.0,0.0,0.0,0.0,0.0,0.0,0.0,0.0,0.0,0.0,0.0,0.0,0.0,0.0,0.0,0.0,0.0,0.0,0.0,0.0,0.0,0.0,0.0,0.0,0.0,0.0,0.0,0.0,0.0,0.0,0.0,0.0,0.0,0.0,0.0,0.0,0.0,0.0,0.0,0.0,0.0,0.0,0.0,0.0,0.0,0.0,0.0,0.0,0.0,0.0,0.0,0.0,0.0,0.0,0.0,0.0,0.0,0.0,0.0,0.0,0.0,0.0,0.0,0.0,0.0,0.0,0.0,0.0,0.0,0.0,0.0,0.0,0.0,0.0,0.0,0.0,0.0,0.0,0.0,0.0,0.0,0.0,0.0,0.0,0.0,0.0,0.0,0.0,0.0,0.0,0.0,0.0,0.0,0.0,0.0,0.0,0.0,0.0,0.0,0.0,0.0,0.0,0.0,0.0,0.0,0.0,0.0,0.0,0.0,0.0,0.0,0.0,0.0,0.0,0.0,0.0,0.0,0.0,0.0,0.0,0.0,0.0,0.0,0.0,0.0,0.0,0.0,0.0,0.0,0.0,0.0,0.0,0.0,0.0,0.0,0.0,0.0,0.0,0.0,0.0,0.0,0.0,0.0,0.0,0.0,0.0,0.0,0.0,0.0,0.0,0.0,0.0,0.0,0.0,0.0,0.0,0.0,0.0,0.0,0.0,0.0,0.0,0.0,0.0,0.0,0.0,0.0,0.0,0.0,0.0,0.0,0.0,0.0,0.0,0.0,0.0,0.0,0.0,0.0,0.0,0.0,0.0,0.0,0.0,0.0,0.0,0.0,0.0,0.0,0.0,0.0,0.0,0.0,0.0,0.0,0.0,0.0,0.0,0.0,0.0,0.0,0.0,0.0,0.0,0.0,0.0,0.0,0.0,0.0,0.0,0.0,0.0,0.0,0.0,0.0,0.0,0.0,0.0,0.0,0.0,0.0,0.0,0.0,0.0,0.0,0.0,0.0,0.0,0.0,0.0,0.0,0.0,0.0,0.0,0.0,0.0,0.0,0.0,0.0,0.0,0.0,0.0,0.0,0.0,0.0,0.0,0.0,0.0,0.0,0.0,0.0,0.0,0.0,0.0,0.0,0.0,0.0,0.0,0.0,0.0,0.0,0.0,0.0,0.0,0.0,0.0,0.0,0.0,0.0,0.0,0.0,0.0,0.0,0.0,0.0,0.0,0.0,0.0,0.0,0.0,0.0,0.0,0.0,0.0,0.0,0.0,0.0,0.0,0.0,0.0,0.0,0.0,0.0,0.0,0.0,0.0,0.0,0.0,0.0,0.0,0.0,0.0,0.0,0.0,0.0,0.0,0.0,0.0,0.0,0.0,0.0,0.0,0.0,0.0,0.0,0.0,0.0,0.0,0.0,0.0,0.0,0.0,0.0,0.0,0.0,0.0,0.0,0.0,0.0,0.0,0.0,0.0,0.0,0.0,0.0,0.0,0.0,0.0,0.0,0.0,0.0,0.0,0.0,0.0,0.0,0.0,0.0,0.0,0.0,0.0,0.0,0.0,0.0,0.0,0.0,0.0,0.0,0.0,0.0,0.0,0.0,0.0,0.0,0.0,0.0,0.0,0.0,0.0,0.0,0.0,0.0,0.0,0.0,0.0,0.0,0.0,0.0,0.0,0.0,0.0,0.0,0.0,0.0,0.0,0.0,0.0,0.0,0.0,0.0,0.0,0.0,0.0,0.0,0.0,0.0,0.0,0.0,0.0,0.0,0.0,0.0,0.0,0.0,0.0,0.0,0.0,0.0,0.0,0.0,0.0,0.0,0.0,0.0,0.0,0.0,0.0,0.0,0.0,0.0,0.0,0.0,0.0,0.0,0.0,0.0,0.0,0.0,0.0,0.0,0.0,0.0,0.0,0.0,0.0,0.0,0.0,0.0,0.0,0.0,0.0,0.0,0.0,0.0,0.0,0.0,0.0,0.0,0.0,0.0,0.0,0.0,0.0,0.0,0.0,0.0,0.0,0.0,0.0,0.0,0.0,0.0,0.0,0.0,0.0,0.0,0.0,0.0,0.0,0.0,0.0,0.0,0.0,0.0,0.0,0.0,0.0,0.0,0.0,0.0,0.0,0.0,0.0,0.0,0.0,0.0,0.0,0.0,0.0,0.0,0.0,0.0,0.0,0.0,0.0,0.0,0.0,0.0,0.0,0.0,0.0,0.0,0.0,0.0,0.0,0.0,0.0,0.0,0.0,0.0,0.0,0.0,0.0,0.0,0.0,0.0,0.0,0.0,0.0,0.0,0.0,0.0,0.0,0.0,0.0,0.0,0.0,0.0,0.0,0.0,0.0,0.0,0.0,0.0,0.0,0.0,0.0,0.0,0.0,0.0,0.0,0.0,0.0,0.0,0.0,0.0,0.0,0.0,0.0,0.0,0.0,0.0,0.0,0.0,0.0,0.0,0.0,0.0,0.0,0.0,0.0,0.0,0.0,0.0,0.0,0.0,0.0,0.0,0.0,0.0,0.0,0.0,0.0,0.0,0.0,0.0,0.0,0.0,0.0,0.0,0.0,0.0,0.0,0.0,0.0,0.0,0.0,0.0,0.0,0.0,0.0,0.0,0.0,0.0,0.0,0.0,0.0,0.0,0.0,0.0,0.0,0.0,0.0,0.0,0.0,0.0,0.0,0.0,0.0,0.0,0.0,0.0,0.0,0.0,0.0,0.0,0.0,0.0,0.0,0.0,0.0,0.0,0.0,0.0,0.0,0.0,0.0,0.0,0.0,0.0,0.0,0.0,0.0,0.0,0.0,0.0,0.0,0.0,0.0,0.0,0.0,0.0,0.0,0.0,0.0,0.0,0.0,0.0,0.0,0.0,0.0,0.0,0.0,0.0,0.0,0.0,0.0,0.0,0.0,0.0,0.0,0.0,0.0,0.0,0.0,0.0,0.0,0.0,0.0,0.0,0.0,0.0,0.0,0.0,0.0,0.0,0.0,0.0,0.0,0.0,0.0,0.0,0.0,0.0,0.0,0.0,0.0,0.0,0.0,0.0,0.0,0.0,0.0,0.0,0.0,0.0,0.0,0.0,0.0,0.0,0.0,0.0,0.0,0.0,0.0,0.0,0.0,0.0,0.0,0.0,0.0,0.0,0.0,0.0,0.0,0.0,0.0,0.0,0.0,0.0,0.0,0.0,0.0,0.0,0.0,0.0,0.0,0.0,0.0,0.0,0.0,0.0,0.0,0.0,0.0,0.0,0.0,0.0,0.0,0.0,0.0,0.0,0.0,0.0,0.0,0.0,0.0,0.0,0.0,0.0,0.0,0.0,0.0,0.0,0.0,0.0,0.0,0.0,0.0,0.0,0.0,0.0,0.0,0.0,0.0,0.0,0.0,0.0,0.0,0.0,0.0,0.0,0.0,0.0,0.0,0.0,0.0,0.0,0.0,0.0,0.0,0.0,0.0,0.0,0.0,0.0,0.0,0.0,0.0,0.0,0.0,0.0,0.0,0.0,0.0,0.0,0.0,0.0,0.0,0.0,0.0,0.0,0.0,0.0,0.0,0.0,0.0,0.0,0.0,0.0,0.0,0.0,0.0,0.0,0.0,0.0,0.0,0.0,0.0,0.0,0.0,0.0,0.0,0.0,0.0,0.0,0.0,0.0,0.0,0.0,0.0,0.0,0.0,0.0,0.0,0.0,0.0,0.0,0.0,0.0,0.0,0.0,0.0,0.0,0.0,0.0,0.0,0.0,0.0,0.0,0.0,0.0,0.0,0.0,0.0,0.0,0.0,0.0,0.0,0.0,0.0,0.0,0.0,0.0,0.0,0.0,0.0,0.0,0.0,0.0,0.0,0.0,0.0,0.0,0.0,0.0,0.0,0.0,0.0,0.0,0.0,0.0,0.0,0.0,0.0,0.0,0.0,0.0,0.0,0.0,0.0,0.0,0.0,0.0,0.0,0.0,0.0,0.0,0.0,0.0,0.0,0.0,0.0,0.0,0.0,0.0,0.0,0.0,0.0,0.0,0.0,0.0,0.0,0.0,0.0,0.0,0.0,0.0,0.0,0.0,0.0,0.0,0.0,0.0,0.0,0.0,0.0,0.0,0.0,0.0,0.0,0.0,0.0,0.0,0.0,0.0,0.0,0.0,0.0,0.0,0.0,0.0,0.0,0.0,0.0,0.0,0.0,0.0,0.0,0.0,0.0,0.0,0.0,0.0,0.0,0.0,0.0,0.0,0.0,0.0,0.0,0.0,0.0,0.0,0.0,0.0,0.0,0.0,0.0,0.0,0.0,0.0,0.0,0.0,0.0,0.0,0.0,0.0,0.0,0.0,0.0,0.0,0.0,0.0,0.0,0.0,0.0,0.0,0.0,0.0,0.0,0.0,0.0,0.0,0.0,0.0,0.0,0.0,0.0,0.0,0.0,0.0,0.0,0.0,0.0,0.0,0.0,0.0,0.0,0.0,0.0,0.0,0.0,0.0,0.0,0.0,0.0,0.0,0.0,0.0,0.0,0.0,0.0,0.0,0.0,0.0,0.0,0.0,0.0,0.0,0.0,0.0,0.0,0.0,0.0,0.0,0.0,0.0,0.0,0.0,0.0,0.0,0.0,0.0,0.0,0.0,0.0,0.0,0.0,0.0,0.0,0.0,0.0,0.0,0.0,0.0,0.0,0.0,0.0,0.0,0.0,0.0,0.0,0.0,0.0,0.0,0.0,0.0,0.0,0.0,0.0,0.0,0.0,0.0,0.0,0.0,0.0,0.0,0.0,0.0,0.0,0.0,0.0,0.0,0.0,0.0,0.0,0.0,0.0,0.0,0.0,0.0,0.0,0.0,0.0,0.0,0.0,0.0,0.0,0.0,0.0,0.0,0.0,0.0,0.0,0.0,0.0,0.0,0.0,0.0,0.0,0.0,0.0,0.0,0.0,0.0,0.0,0.0,0.0,0.0,0.0,0.0,0.0,0.0,0.0,0.0,0.0,0.0,0.0,0.0,0.0,0.0,0.0,0.0,0.0,0.0,0.0,0.0,0.0,0.0,0.0,0.0,0.0,0.0,0.0,0.0,0.0,0.0,0.0,0.0,0.0,0.0,0.0,0.0,0.0,0.0,0.0,0.0,0.0,0.0,0.0,0.0,0.0,0.0,0.0,0.0,0.0,0.0,0.0,0.0,0.0,0.0,0.0,0.0,0.0,0.0,0.0,0.0,0.0,0.0,0.0,0.0,0.0,0.0,0.0,0.0,0.0,0.0,0.0,0.0,0.0,0.0,0.0,0.0,0.0,0.0,0.0,0.0,0.0,0.0,0.0,0.0,0.0,0.0,0.0,0.0,0.0,0.0,0.0,0.0,0.0,0.0,0.0,0.0,0.0,0.0,0.0,0.0,0.0,0.0,0.0,0.0,0.0,0.0,0.0,0.0,0.0,0.0,0.0,0.0,0.0,0.0,0.0,0.0,0.0,0.0,0.0,0.0,0.0,0.0,0.0,0.0,0.0,0.0,0.0,0.0,0.0,0.0,0.0,0.0,0.0,0.0,0.0,0.0,0.0,0.0,0.0,0.0,0.0,0.0,0.0,0.0,0.0,0.0,0.0,0.0,0.0,0.0,0.0,0.0,0.0,0.0,0.0,0.0,0.0,0.0,0.0,0.0,0.0,0.0,0.0,0.0,0.0,0.0,0.0,0.0,0.0,0.0,0.0,0.0,0.0,0.0,0.0,0.0,0.0,0.0,0.0,0.0,0.0,0.0,0.0,0.0,0.0,0.0,0.0,0.0,0.0,0.0,0.0,0.0,0.0,0.0,0.0,0.0,0.0,0.0,0.0,0.0,0.0,0.0,0.0,0.0,0.0,0.0,0.0,0.0,0.0,0.0,0.0,0.0,0.0,0.0,0.0,0.0,0.0,0.0,0.0,0.0,0.0,0.0,0.0,0.0,0.0,0.0,0.0,0.0,0.0,0.0,0.0,0.0,0.0,0.0,0.0,0.0,0.0,0.0,0.0,0.0,0.0,0.0,0.0,0.0,0.0,0.0,0.0,0.0,0.0,0.0,0.0,0.0,0.0,0.0,0.0,0.0,0.0,0.0,0.0,0.0,0.0,0.0,0.0,0.0,0.0,0.0,0.0,0.0,0.0,0.0,0.0,0.0,0.0,0.0,0.0,0.0,0.0,0.0,0.0,0.0,0.0,0.0,0.0,0.0,0.0,0.0,0.0,0.0,0.0,0.0,0.0,0.0,0.0,0.0,0.0,0.0,0.0,0.0,0.0,0.0,0.0,0.0,0.0,0.0,0.0,0.0,0.0,0.0,0.0,0.0,0.0,0.0,0.0,0.0,0.0,0.0,0.0,0.0,0.0,0.0,0.0,0.0,0.0,0.0,0.0,0.0,0.0,0.0,0.0,0.0,0.0,0.0,0.0,0.0,0.0,0.0,0.0,0.0,0.0,0.0,0.0,0.0,0.0,0.0,0.0,0.0,0.0,0.0,0.0,0.0,0.0,0.0,0.0,0.0,0.0,0.0,0.0,0.0,0.0,0.0,0.0,0.0,0.0,0.0,0.0,0.0,0.0,0.0,0.0,0.0,0.0,0.0,0.0,0.0,0.0,0.0,0.0,0.0,0.0,0.0,0.0,0.0,0.0,0.0,0.0,0.0,0.0,0.0,0.0,0.0,0.0,0.0,0.0,0.0,0.0,0.0,0.0,0.0,0.0,0.0,0.0,0.0,0.0,0.0,0.0,0.0,0.0,0.0,0.0,0.0,0.0,0.0,0.0,0.0,0.0,0.0,0.0,0.0,0.0,0.0,0.0,0.0,0.0,0.0,0.0,0.0,0.0,0.0,0.0,0.0,0.0,0.0,0.0,0.0,0.0,0.0,0.0,0.0,0.0,0.0,0.0,0.0,0.0,0.0,0.0,0.0,0.0,0.0,0.0,0.0,0.0,0.0,0.0,0.0,0.0,0.0,0.0,0.0,0.0,0.0,0.0,0.0,0.0,0.0,0.0,0.0,0.0,0.0,0.0,0.0,0.0,0.0,0.0,0.0,0.0,0.0,0.0,0.0,0.0,0.0,0.0,0.0,0.0,0.0,0.0,0.0,0.0,0.0,0.0,0.0,0.0,0.0,0.0,0.0,0.0,0.0,0.0,0.0,0.0,0.0,0.0,0.0,0.0,0.0,0.0,0.0,0.0,0.0,0.0,0.0,0.0,0.0,0.0,0.0,0.0,0.0,0.0,0.0,0.0,0.0,0.0,0.0,0.0,0.0,0.0,0.0,0.0,0.0,0.0,0.0,0.0,0.0,0.0,0.0,0.0,0.0,0.0,0.0,0.0,0.0,0.0,0.0,0.0,0.0,0.0,0.0,0.0,0.0,0.0,0.0,0.0,0.0,0.0,0.0,0.0,0.0,0.0,0.0,0.0,0.0,0.0,0.0,0.0,0.0,0.0,0.0,0.0,0.0,0.0,0.0,0.0,0.0,0.0,0.0,0.0,0.0,0.0,0.0,0.0,0.0,0.0,0.0,0.0,0.0,0.0,0.0,0.0,0.0,0.0,0.0,0.0,0.0,0.0,0.0,0.0,0.0,0.0,0.0,0.0,0.0,0.0,0.0,0.0,0.0,0.0,0.0,0.0,0.0,0.0,0.0,0.0,0.0,0.0,0.0,0.0,0.0,0.0,0.0,0.0,0.0,0.0,0.0,0.0,0.0,0.0,0.0,0.0,0.0,0.0,0.0,0.0,0.0,0.0,0.0,0.0,0.0,0.0,0.0,0.0,0.0,0.0,0.0,0.0,0.0,0.0,0.0,0.0,0.0,0.0,0.0,0.0,0.0,0.0,0.0,0.0,0.0,0.0,0.0,0.0,0.0,0.0,0.0,0.0,0.0,0.0,0.0,0.0,0.0,0.0,0.0,0.0,0.0,0.0,0.0,0.0,0.0,0.0,0.0,0.0,0.0,0.0,0.0,0.0,0.0,0.0,0.0,0.0,0.0,0.0,0.0,0.0,0.0,0.0,0.0,0.0,0.0,0.0,0.0,0.0,0.0,0.0,0.0,0.0,0.0,0.0,0.0,0.0,0.0,0.0,0.0,0.0,0.0,0.0,0.0,0.0,0.0,0.0,0.0,0.0,0.0,0.0,0.0,0.0,0.0,0.0,0.0,0.0,0.0,0.0,0.0,0.0,0.0,0.0,0.0,0.0,0.0,0.0,0.0,0.0,0.0,0.0,0.0,0.0,0.0,0.0,0.0,0.0,0.0,0.0,0.0,0.0,0.0,0.0,0.0,0.0,0.0,0.0,0.0,0.0,0.0,0.0,0.0,0.0,0.0,0.0,0.0,0.0,0.0,0.0,0.0,0.0,0.0,0.0,0.0,0.0,0.0,0.0,0.0,0.0,0.0,0.0,0.0,0.0,0.0,0.0,0.0,0.0,0.0,0.0,0.0
"((2, 0), (3, 0))",0.899104066096261,0.9421702937317558,0.255623300882345,0.28573647122358603,0.17433461297039043,0.4895710286984084,0.10012755496240144,0.03814493939328911,0.4695377484364891,3.529520877117042,1.3036628492884073,0.05594008245215387,0.019273671379722135,0.3677805928453832,0.3144345705957243,4.7677462810471285,0.48880159585919536,0.29278539949889737,0.030238114641162328,0.09789854907938378,0.12878200474704682,0.027930572784097052,0.07115747930869554,0.05912286507036546,0.17386733877313715,0.6743017516350949,0.30126416132956335,0.02629492436737274,0.09682268612815248,0.8073288361534778,0.04566689252363776,0.5204015573183038,1.1868887169036257,0.5767164385502412,0.13239090657129737,1.4011432436144942,0.16193933314537146,0.043626674867835114,0.0145551594425124,0.3120275386709336,0.14664666326066078,0.08002250136537059,0.4114238655956092,0.18503841388846753,0.021582180118231875,0.1489620220255755,0.5658265360907734,0.9007289233641627,0.10913212325125254,0.3006408388106607,0.23496268101043372,2.083132140489745,0.55994089598629,0.7445363411806847,0.21632519728596372,0.2637171191582732,0.1764134082359301,0.4579379156102774,0.04683095196956155,0.3516081516196543,1.1212353803204977,0.4480809624151778,0.6767930832833546,0.21953808561500754,0.35502860490334254,0.14811624687644098,0.06815385929857021,0.013949214317736547,1.960854580016943,0.09398793468118605,0.011982795471917385,0.30373866642250624,0.7000930606606275,0.8414553570518687,1.918229058101704,0.17793671784617027,0.3322934933041086,0.4909357141594548,0.014688008785306628,0.4110590816403352,0.7458461525805826,0.032307627138707495,0.17869435004288703,0.13920200032644336,0.01358816323681139,2.4005774464332212,0.463891542608738,0.28402947795854905,0.0944334140745533,0.1716292594732658,0.8005990140266706,0.2837479031778336,0.30409073698065325,0.30850559091693475,0.9486108995812149,0.5312597589646706,0.25454940025218964,0.699725216588388,0.026163102303482066,0.14529186975232788,0.22933719642702255,0.10359748402366908,1.1179220184051657,0.14964797952054965,0.07332973745778926,0.10457931874246462,0.34907499420192445,0.38314273781259856,0.13278577174844974,0.7150624721078247,0.14311778144370724,0.02481481439612132,0.9325276054823719,0.07333193495675383,0.07155278542770116,0.2736320391992584,0.2512200105635847,0.06312245178454268,0.3796253205625811,0.0352968016582883,0.24930548579922152,0.14654673493900328,0.11054678597099987,2.3822977475085345,0.08818280311587623,0.17606713172510946,0.10849887095031652,0.19933121408945054,0.13667681397362164,0.02127676250083055,0.06410004286830318,0.07160654295087066,0.025971252317103177,0.9898575864953135,0.09479055096705302,0.17546058013443322,2.764113120750225,0.2878311530258649,0.3506233131267127,0.44219544549432577,1.3314398311992786,0.002046364971767245,0.03380762095717099,0.2439694772341639,0.5175081605190127,0.0047604877790994315,0.39573020359237465,0.0007221673326691658,0.001163116579263157,0.31414110287040375,0.394848711464978,0.5531841256172201,0.06476900604651697,1.2998067823933788,0.10387996171393948,1.3800370821023522,0.7061937191461358,0.5412395681906688,0.21307966671644796,0.9628843038423334,0.10128656667705749,0.598430936544057,0.01911485376929334,0.31606678045870673,0.1415159188930838,0.9252349343250118,0.02809831960263587,0.08249346833977211,0.042122719527798225,0.5041359451179352,0.17935051299911753,1.4543719133935629,0.00486684890282274,0.0695510728819233,0.25488733704595723,0.008683862672898335,0.13074885739804343,0.13102399444280566,0.6557436801569514,0.17060421837772677,0.02468534065809136,0.18466254213310584,0.20722330248543708,0.08990635471033664,0.07520959088848156,0.029333145393019566,0.6837993982893564,0.5834044548072697,0.16973963912804857,0.015849178133561903,0.05147099222912249,0.24297854003128166,0.09254788951958381,0.37840784755863677,0.0882969059661382,2.06404498124332,0.032017028337841924,0.2048841955359575,0.0005681660609659911,0.0187636196065184,2.375775789668844,0.27923269563941067,4.429181541730543,0.7888897366651233,3.0790999655019333,0.4818088627201109,0.5401278539176205,1.0906226267850982,0.2514313903121692,0.034279901040177,1.4749700058889823,0.3585390066971662,0.005431414139099644,0.0004371564531360228,0.11340439993444879,0.11172358737962274,4.002466314751793,0.24769933580686565,0.06887901759684117,0.7497831079140833,1.0579886155450926,0.4302358632033209,0.010679207845598615,0.10951900946725901,0.48441108566036606,0.03250542040281912,0.7389054701287817,0.2790671187756084,0.11191971327042521,0.06075429590273285,0.11981874072206389,0.09781309628344492,0.07586911408714447,0.04265247648906623,0.20480486585506458,0.028405156535112552,0.9195882055308413,0.4430174771169082,0.02698213128803173,0.004971421695417366,0.29824054783020104,0.011907671817885879,0.12413468815154016,0.034594225286773916,0.2704214008419907,0.28681195984344554,0.2338769716031931,1.3001667876532235,0.05371607910154608,0.8998066787187828,0.09198399115159894,0.45239892063575504,0.28913920254883296,0.04199708191497753,0.6008313333743103,1.1852394519053178,0.382258361104433,0.1986128615556586,0.2515703472765922,0.06847172370710108,0.027882430749842868,1.0007135297834944,0.3564777633314625,0.30962302816713083,0.10476565489729178,0.4499221131244653,0.03587795836747476,0.1728482162413323,0.2672095614846909,0.037871517631631324,0.08496590409104787,0.2593574572626034,0.0650397759456276,3.0352179563209556,0.1882255405351687,1.8766973991040128,1.1533022878812678,0.3738341118286099,0.035819196460234126,0.046363939729623604,0.11711839459478801,0.8116903227692542,0.10393595184989834,0.28072012928112944,0.7139696251448713,0.0013850034396039046,0.003995911309041769,0.2151911264189692,0.15257077208655145,0.22659433895844727,0.06720519215122175,0.06594262374688453,0.16761437911413313,0.22795619602055073,0.0749969247878437,0.21249910013477047,0.23700679208658526,0.7990209276258661,0.11695802436587721,1.672920669656093,1.1140915524424548,0.06500933891989091,0.017031965058573295,0.11500301952676883,1.0062517499427934,0.061531081843222424,0.06072491755892695,0.38955207354494836,0.9842885374829232,0.01908624287020655,0.24667504345028524,0.3352431232007398,0.0017771415800376111,0.02132005997646247,0.0060441853319587735,0.04904811439989798,0.07648542814649484,0.08564114157626757,0.5676790719276874,0.07906449092171064,1.703419228330007,0.7027235674707801,2.6762365962192365,0.5501691937110005,0.051014100028629605,0.12774841513706559,0.03597382832682783,0.5271976892934671,0.1661703200422291,1.5538949920844507,0.019094528807053646,0.1585613442124576,0.7927756638289143,0.006184933476275356,1.8345209387049866,0.3463793914200094,0.12376968443717262,0.2901719591884059,0.47919007560839444,0.2913620742118721,0.31233254047492354,0.10340731415755278,0.5938202808600341,0.2719716637059699,0.29018350051758157,0.24538587275078283,0.12787490244446031,0.12868941379118737,2.635865332232269,0.2543577341943819,0.11167803100892448,0.7055599286511911,0.20839483760801225,0.05776752311670341,1.0848581334149814,0.10587854501666583,0.02066037190749248,1.036079681004545,0.3635957612110381,0.6596659246444864,0.41169081784025263,0.22901831025138608,0.37108350958510283,0.77720828275498,0.733976524339091,0.4396367879033325,0.16387286259585154,0.891971632403469,0.041514833328183065,0.7065241483054249,0.3417566011401578,0.24261871714860583,0.5482916155923236,0.5053652498936692,2.0225483516708156,0.24619602009220665,0.17532614794585433,0.04370079324917908,0.16813939256708535,0.10344853113601643,0.23755221592953468,0.47616405580855325,0.8280207150289238,0.23982050623430706,0.08497095349232964,1.0533735240568896,0.09970747438546257,0.0447103383109545,0.0959705027543678,0.2130715032800482,0.24781184102542864,0.2768944498130994,0.06683350564232571,0.09560016551307404,0.38745818200983595,0.8265847875247214,0.872935606908321,0.10427884206589,0.2962086971517568,2.806702957200594,0.31845960750593605,1.1557907764026756,1.9682100600530386,0.35805171995907636,0.3119646809564456,0.18415384949839453,0.33780866448194324,1.1305947644415193,0.0797233708009426,1.659038367162473,0.07553211234144319,2.052087995230554,1.5871713398454,2.294943919439824,0.003909065637908604,0.28700566872954003,0.1869989760804971,0.13886373018867382,0.04874342297216372,0.3099115124873313,0.06702724446223463,1.2323251396399413,0.8183708713721249,0.8508435768216656,0.4089640492592692,0.025705460062444008,0.04271685804436076,1.3226768554463262,0.535173913646912,0.4583305697090072,0.07490989883215704,1.5068438757492895,1.1125146308595935,0.22046955601033247,0.5356663409449838,0.03581134016247245,0.05408313788693464,2.0981535415924943,0.14261085698934406,1.5251164144032652,0.5852617050575204,0.0405067312809958,0.22311739937211938,0.020341545710434394,0.21762193452474587,0.023606070567883497,0.018410381309478474,0.01794081861092056,0.017081129741268297,0.0288712077646871,0.16475548839534504,0.13230187927830794,0.12250088756491806,0.1492000892425357,0.2575636807935044,0.04760853159155731,0.28454760598825046,0.7754023437752016,0.22346696485950712,0.3736597797109791,1.2299123241084295,0.059352457064336894,0.39230235417941284,0.12180170679192104,0.42415953570190446,0.055096458496424194,0.21385946657845523,0.1386855540739136,0.5006258332985927,0.0024080098842591546,0.48378150793074326,0.25388583086958283,0.15453241458488431,0.27795795744087903,0.6897324195729067,1.1600721022240048,0.14612726160596823,0.13344995326067477,0.362798536131143,1.6250272007698785,0.2842278191962091,0.2518444767385307,0.9515107175725688,0.043818733348208516,0.3335650020606027,0.08535644329692482,0.06451076169461345,0.09463961872027549,0.24365988440090458,0.09446977985201854,0.1310412744890026,0.9316791263499649,0.07764894910311981,0.6800791104542812,0.044881198896393526,1.0550274775974806,0.12151366191401702,0.32097711356726033,0.0575115416598756,0.128709943771403,0.4039125874721242,0.015376223924767896,0.31908512418017354,0.3677158099882749,0.008454671829738913,0.021868934162401932,0.9617228109205125,0.49660250968914044,1.2006633301781082,0.264637942391714,0.09341193907234357,0.3832132549676164,0.11083531144651926,0.00013258231004292798,0.3336844893340978,0.6047601386351305,0.07914711490418336,0.19125644378816475,1.5897537623491265,0.3998074521530556,0.2645701778005687,0.17382303353756023,0.5300688015473829,0.010528616855268846,1.0071545834126718,0.20583288135622402,0.28560921021623586,0.4828699243663208,0.15599224572255532,0.23175870722315062,0.06581471371075454,0.02033194528340343,0.09585796393207302,0.40098384885945704,0.039185145215028694,0.05301920296366669,0.14171290588221674,0.02434509308426297,0.13029004898591945,0.3517822494670393,0.001038716023712638,0.09225889032655593,0.4627318115953716,0.026031110826744586,0.20991753115849432,0.1876345928900215,0.1608742682569716,0.15408382775500096,0.15662495769313167,0.13733625112831516,0.25916937186034206,0.18165967726264887,0.06319812889944754,0.015752460825578907,0.5017044874156016,0.156472219282088,1.3585866032480953,0.44628788107952944,0.10543864343718856,0.18649131742443548,0.43206015529360053,0.012874324169190654,1.2733069566633126,0.0063719094566037915,0.09017123385340353,0.22557813893755985,0.5216067934719443,0.7390558914843104,0.038043869538041286,0.08468034486528153,0.8289958683899379,0.3517376939937036,1.301518329419745,0.14353057801280317,0.03621095618486159,0.2837483014116735,0.13396331734364472,1.6169722186917308,0.28381497764974706,0.09493498573400894,0.9541764274427716,0.18657824288215596,0.0193720365582164,1.3826528524868449,0.356066866534992,0.08312789550509536,0.19256345347737214,0.17679391725134175,0.024762276302903286,0.465800011186966,0.1791323649855423,0.18982336497974384,0.1501705618158088,0.5412219465873896,0.4475634415562202,0.4605341666795515,0.46797407493938004,0.17898243591883634,1.422259477616572,0.11166438311829069,0.0030672613383191383,0.044100550216635004,0.03805449415598505,0.37509761011049725,1.13162816984218,0.004013550420386647,0.9686307214593752,0.019034578467787777,0.07608860334844614,0.5995372467466764,0.5544423884908931,0.34096531895859533,0.31969473051056396,0.37153673836581347,0.6320338532658057,0.01570107378437724,0.524345733585029,0.4126047487206083,1.8992598114539487,0.012639986597807074,0.03245216971290854,0.3775569286172067,0.7322568920748447,0.017527287944096415,2.976615271928922,0.9246982655488454,0.04787603245693961,0.04207737787159882,0.5778348967411193,0.11945811670560835,0.21977195274364814,0.0142350987066725,0.35353766365722206,0.10631329424002195,0.02283838546028244,0.8084270622818188,1.8049915521500643,0.29457956346566916,0.7924943292258364,1.098273819173392,0.02025007795589362,0.06914410193447962,0.002043845316126669,0.17354489455349287,1.6861454351988852,0.29328576233571346,0.1542469085299647,0.26351826916843135,0.7908237640851397,0.13250543775667167,0.5306191437632131,0.28421430220662525,0.44082727092213025,0.41203689427906776,0.1213531388017215,0.5639367868105589,0.9527330433659926,1.4182470098099018,0.9643367842091595,0.2971678813841673,0.14080044143414872,0.12828999688569542,0.14423478004415902,0.06585988892432915,0.4697932331976036,1.736729783717221,0.12118146347899172,0.3698049195322711,0.21075256278357912,0.04255629138945216,0.07192075404747511,0.020053044136193354,0.2637006191046496,1.1136155431862695,1.387844674991167,2.4327212576300035,0.30156248974286204,0.015368578501901431,0.116083218430301,0.26930862871538874,0.06746247198169986,0.12250369413899242,0.025381008354738777,0.2330273244182861,0.14628904087193018,0.1559224093748799,0.2601074251460357,0.6320282379457516,0.03238102131504306,0.9133276646135071,0.5784992549337904,0.12240071046159345,0.8136788916392166,0.00894679006299759,0.35471760747903636,0.2289476143783038,0.0015778885190786962,0.6450245513203543,0.7887549486054117,0.17189774493887677,1.2436767647433786,0.25416300746554293,0.18439159176933817,0.4228014267019584,0.00776712741026131,0.03624825463882178,0.07359186670689866,0.30683686581532177,0.29650539968698153,0.18534316939854412,0.02836563652757018,0.05420538961064433,0.6836678423239819,0.08593358747499558,0.10060619567768614,0.3059829676621624,0.09981919749184687,0.612283989860286,0.18070404908401994,0.8851566222269109,0.5386587864999737,0.37743752919351925,0.10457978652857003,0.06263797292382711,2.1684123193381764,0.03352394781887602,0.09203448450025853,0.039520239058045914,2.3521376374537515,0.11559078571215542,0.47789301927039596,0.9831548830867458,0.6210802369403816,0.12597296183841555,0.03988098322147815,0.12441394593302935,0.13225332922919408,0.6027453632767394,0.2983589410923705,0.04347766746660786,1.374763167659654,0.4821970664529476,1.2730276467401536,1.7547464907265047,0.5935449443547134,0.4372274636543232,0.18284625942253419,0.23688734976090653,0.7415870025708591,0.010841679124686865,1.2106006435505334,0.040602257784574824,0.37631819248929,1.2685767414304503,0.7678355813664404,0.12160874563671542,0.2837893157623653,0.08792843291019892,0.4727473683010365,0.49695098004074295,0.019610681109961225,0.1818436171245178,0.5935657327825683,1.3550719951896208,0.016754247682612133,0.01234476906574078,0.2454402975372274,0.05442193482080082,0.598147519016961,0.25957135853223656,0.4300019761262437,0.1009815799204018,0.12348175678725815,0.014573182322950906,0.10377063065947945,0.19857104502937672,1.1276217618973874,0.11147960683529645,0.20655882317900565,0.00823258922322806,0.5775921868371059,0.3650236522055814,0.028045021976917495,0.30301363673021686,0.12033372179172708,0.03064241960720482,0.043085508822113316,0.18586706392829455,1.5649683425087346,0.732146526677168,0.04523752555504479,0.0295281435295911,0.09891488831736067,0.5043752607755633,0.30082227009461526,0.14567165629760237,0.28072539992242995,0.48431586153542333,0.17609525606219112,0.20410455352737467,0.2876787089342794,0.9771930640124835,0.05768099919460068,0.2775368247254678,0.13174505097231082,0.12790923940750465,0.14635613244798784,0.17402658992692788,0.1488220415161018,0.9234666026177414,0.2440606821051836,0.4937697183262193,0.018525410699035905,0.04768084278946816,0.08340126420537741,0.031219175540949884,1.931204074307221,0.422771925199388,0.3976507971480706,0.2234875532629612,0.3489489251451976,0.4740190800804829,0.23940985633103784,0.3846642233735402,0.4731412083638571,0.1379928407700617,0.12988244576674857,0.589565421483329,0.05989049200196195,0.28507241115010673,0.05357261226187382,0.2279182019602064,0.20377261025592452,0.07710232752947954,0.07007162707664405,0.2017096888109564,0.08148163359808133,0.1696670270911187,0.3449135749811892,0.0809210613192115,0.006356285579299126,0.09831427639859358,0.2423839291233596,0.20685834731302266,0.5626854982435563,0.04437107131434781,0.024291641487021787,0.4933218304107272,0.018724775341877997,0.7582301507011686,0.46213959049140074,0.46341590400683264,0.49597456901616344,1.6066066433922692,0.028269574935693598,1.4208971147921419,0.48308833655724026,1.1651357587573932,1.439201165663571,0.03329300133010593,0.19806157142169323,0.30007904081576897,0.08185848170687726,0.4942504260297995,0.5068011073328198,0.01218893754339756,0.03067962511525779,0.6115611217395722,0.7006778962316977,0.34757358733045374,0.000500245525767995,0.8539219499261148,0.998315555969858,0.039897516845573966,0.09111132533649413,3.069808947431007,0.5941661535798297,0.385412302321788,1.0379600409222838,0.22782104548620574,0.5673158491297073,0.20562581967074145,0.6401281169140536,0.7181002796789957,0.18918852009034093,0.3974799104271254,1.610213360211545,0.31239370926514387,0.03176729213401891,0.846718738507322,1.4063964700123859,0.10619070387586627,0.01563764951052593,0.9082730986325587,0.17171808756360152,0.09994662977533353,0.20504888175419667,0.3825988212975595,0.009367754063656974,0.04870641414581578,0.10818985078054677,0.15927809751922484,0.24096812741093276,2.0044970159555686,0.5469466224047792,0.47319143953886766,0.17239219002333772,0.21634111691659486,0.13998319741712273,0.051633907973152926,0.1294637881827418,0.17512710076328597,0.05168934824673249,0.1009936985162585,0.2819610316720562,0.3630762179511626,0.005305984132926156,0.13671255437532248,0.1866804857686255,0.7975063266361668,0.006887295568559937,0.8138703354783905,0.0201438642143823,0.35583497037224365,1.0174677226802766,0.45941667548794207,0.2805816152836689,0.15204326538617496,0.06562331958417689,1.9176354670077411,0.09161354258486432,6.51059637337692e-05,0.009340393858036866,1.1390324766426523,0.09462879582132233,3.4657101676549686,0.02542988766784715,1.8673709599289354,0.10019800270858314,0.14147278657155116,0.7169792370721224,2.167992347343149,0.2775482894522041,0.6166865737003483,0.038710451687029246,0.0066603951314367915,0.02541687129473824,0.6095540493318825,0.35231415648312714,2.735354808450502,0.05215265323940388,0.2083558706684565,0.5806145756435932,0.0999069475223533,0.16397452906172116,0.02426638319951513,0.4425314807649075,0.7726199251925632,2.6722250601205717,0.018905484776791992,0.06668510286078178,0.38398740160147193,1.0646997348332106,0.042976554817774126,0.1084269861728453,0.10365077878331008,1.4041401289130695,0.7402432674394175,0.40017233086046655,0.13695598240873752,1.0048980081768093,0.19610731782717727,0.5746486998265166,0.2681684573968991,1.9155243893114735,0.2740694405780903,1.1669464318873004,0.5299680370608411,0.16690808415036185,0.018230051830818272,0.12027021715407527,1.231468078065156,2.649543298776641,0.6555584312213489,1.0428769093410357,0.19767907237228022,1.5818192542488478,0.05497815524807237,0.22412141463256452,0.06085903634890183,0.15138785021758117,1.0781811494399864,7.099790692410846e-05,0.3370210380515589,0.008705806649991654,0.01230372266956925,1.8328821932070773,0.6340726393561074,0.01384771946021185,0.1628409921608016,0.23042044343641854,0.05562080018617643,0.07076035543660852,1.1696782634561274,0.37291466461857636,0.4479774285518794,0.2858921680127109,0.06303196159381674,0.011877131170390742,0.06896732840023967,0.7447990018711335,0.14115496291415575,0.09825325376921634,0.318485212505873,0.45661710784974296,0.5695483931086455,0.030696981222614328,0.9415549288997028,0.18572327440842296,0.2353307117160982,0.17798638399095346,0.27251547887054006,0.2213681851578142,0.015754163301624435,0.2180696204551047,3.3959819729871388,0.08667648752845236,0.5273274310028597,1.3136522315711596,0.5869056736532585,0.3242322093014707,0.48661360640145146,0.021384150021528825,2.30170492029797,0.006417011940131889,0.2135020334110891,0.1260609581968788,0.06366006886217773,0.09076413442086606,0.5237403296582752,0.001002221089573041,0.994230958035407,0.7426987048723813,0.3663581221772665,0.8874413130786247,0.6803032851402265,0.2886853814649364,0.2606568050652236,0.09803125946780833,0.3523931101545139,3.3961823027319693,0.08148708578174313,0.0034252245915729063,0.2262902870003599,0.24543461240722375,1.7712470598604737,0.23880633490052922,0.8670641473873174,0.040173050187735204,0.03563402117794512,0.3586031884777231,0.40291959676995176,0.14061079377707197,0.1183030905061988,0.8046200656962305,0.2262304957187461,0.13915040258711286,0.011367894664467859,0.5924578866271424,1.636490215689839,1.2495263892087685,0.7300250654451124,0.27194415937652927,0.3676785682060523,1.1668217010456439,0.09795638280202323,0.38450065628323815,0.012176645909137362,1.1167263165012766,0.9988675067450787,0.6519832880611172,0.023273900618614896,0.08420003151910271,3.0125854328341313,0.32699211202765355,0.5361512493543885,0.019259272994294863,0.2273122667169567,0.7286854629377453,0.15977467644854604,2.282545353338221,0.021842875561698838,0.6116153441593337,0.9490933191343971,0.27387893206251157,0.8433183986710953,0.6563546384019696,0.030761048832123272,0.47232638186907905,0.0027763241289024965,0.12441677364325443,0.7442878805612118,0.10809996430809166,0.7792366519267966,0.2886888566123742,0.1732873973879463,0.014617722317374238,0.38907876260120366,0.007877551202613464,1.938784099645001,0.04631913594034254,0.3132797762803142,0.13135469480784673,0.23511623677170929,0.2517553619245363,0.1691428131200685,0.2933956187392315,0.02187868247054925,0.6941364779244539,0.2217763865880612,0.004066373801607126,1.4142883860199875,0.215863996740161,0.10943094100215778,0.5602652014544232,0.48522177531018773,0.06322834836648372,0.03964276043168946,0.26576599421729097,1.3329286180338829,3.4340874197038347,0.1746270673647219,0.18426594734182133,0.06709021736223059,0.16992955747176242,0.08137647107643142,0.007576563307384099,0.31564275706281675,0.025123489626178497,0.7217021111696591,0.056054139657898405,0.16185755202690905,0.09147468325509145,2.763024523026214,0.06307371038001763,0.035716176671952815,0.18365383108271427,0.08315813794572735,0.009172349265868629,0.8166071718616137,0.6918890035453304,0.016145872800538807,2.58702019572372,0.637772158081038,0.035190131759334276,0.2632103084157005,0.18757875900246668,0.21228771898366583,0.24826884214546863,0.03762098484937093,0.10010897044714717,0.4503506694497721,0.27606476878769737,0.02547257956208665,0.23703938212218212,1.025418667548656,0.027335585779247884,0.23407702686354726,0.25850701500337214,0.03096209749826251,0.419766194371896,0.0630637746631644,0.3820737077668229,0.20380093368379126,0.4122799045999259,0.26315742431229505,1.3347045976352123,0.08617059133981675,2.9309356592341347,0.5362129625734786,0.06909381197692,2.153309753401246,0.25575933552810326,0.07307379385294333,0.20707544480978413,1.8955263309712054,0.7992449349331032,0.6775909190472988,0.08017874461780161,0.0640553112923683,0.41647607988768676,0.24829520581888165,0.16374170987097109,0.35374446258106196,0.7041187306521591,0.020256455193572886,0.005633979145562074,0.3559703546656474,1.5564613632433473,0.9400879173497361,0.4815190011176732,0.25283999540377433,0.025439379805896944,0.2026145635264398,0.5140752267019135,1.146377504628432,0.1064824088697297,0.052552336941637995,0.11937993433232275,0.21205676281721542,0.37038865106579055,0.798335892252058,0.2531753907121006,0.06779461735920878,0.33763220543678485,0.024032389833360424,0.28869657891405276,0.12919474706489026,0.4607163018069498,0.09228299551617314,0.36385107164805763,0.14295164929793946,1.0225679468409048,0.10820230974195022,0.7955471992536789,0.5840665092782948,0.5400245399139747,0.15216723121275932,0.31050962904748447,0.3552508673100606,0.9317291279811382,0.45164630450368426,0.456760150278414,0.15658695862681937,0.6693396661098154,0.5180484556450471,0.02933020488317717,0.25138663051505167,0.033667012418661824,0.08505417124514936,0.019789501904178497,2.3030657567531763,0.33449312069812986,0.2527280952359625,0.2843784045418345,0.20753289402872888,0.08218348936853648,0.020763339892570842,0.01867307042572708,0.007711707486646402,0.4796069790251958,0.24339290821586945,0.13961904420022342,0.49840489190236537,0.06401549338303059,0.04845851776856913,0.9499738482897008,0.6696758056087033,0.054923033394028264,0.6438696977578426,0.02404223209037326,0.5290406478485474,0.7872094902352679,0.042957283910099786,0.020107144433795465,0.014965755726078722,0.8834304465081562,0.17838487701412653,0.040836762776514934,0.11190564118396884,0.30312640741123287,0.9924331684614428,0.017370916116932256,0.1019577763583906,0.1284212256482853,0.4451105397985559,0.06891294737708265,0.5657184720666235,0.10176715955118287,0.31233002367514917,0.1563922219120184,0.8871586336335952,0.6523240106101302,0.7815752037272463,0.6643739096836402,0.005889080532903712,0.16181218078670456,0.09519199994709093,0.10591618729385455,0.4540612714774034,0.20031977731162698,0.23939842474477158,0.1731900186976968,0.6367756769435816,1.0317271419569303,0.0010729154910686933,0.12264419250830666,0.039823533379816034,0.11471084169882528,0.49057774676393595,0.11542838732067517,0.011154864254410729,0.27471170827104263,0.01868800412981697,0.2737847860093462,0.14079504521354602,0.018789454907756076,0.2766426873567033,0.29705739566182904,0.16949412234871541,0.6335924434713005,0.01797119764664412,0.2856598400662904,0.1437013651847987,0.1627061976391535,0.009451805538540803,0.038096573447652604,0.9646012175283931,0.5220215427975576,0.07439895482866021,0.18377128803663112,0.2057827592763073,0.22552554075142917,0.31776616739953023,0.10236718920519505,0.3412992469349515,0.1469347373285953,2.4350270946852275,1.6304337927120909,0.3878311676381331,0.43800713009051806,0.04655386194764666,0.10176306109455058,0.35372304985009806,0.31790780815952147,0.43227781298732926,0.5695290192189182,0.09261199146293347,0.3368608003450678,3.304860908546082,0.6683098754948738,0.36563811860375184,0.1436137321357318,0.4674415699273291,0.058933734637269364,0.01937438201411501,0.011135982677028977,0.14655526371121408,0.0410386291347431,0.13104555094550818,0.21836757881053748,3.3847016674624384,0.24828100118954288,0.5079416175114131,0.25737073877992067,0.06393500291381726,0.3212935776011939,3.377012763765781,0.17368876691688495,0.18327748624093942,0.09844672788293396,0.3549830387883588,0.01660175012982945,1.0105533274682958,1.70113588719233,0.37295352690337474,0.11477346559905821,0.47772334752694134,0.3024850526471019,0.008679375658486144,0.0005345278261255082,0.24314636311375937,0.03633672071903038,2.5307571458638236,0.110217435453412,0.6063262506760415,0.16672599559450552,0.05143379861841807,1.0683150335486715,0.3185394998488417,0.05172349031996548,1.740711425517361,0.7749656521095656,0.6589012955860927,2.4765531783805623,0.10113654152391693,0.30025418197520015,0.21210679487716255,0.17542326360577176,0.4765417479418641,0.9888239826163575,0.31808959258920666,0.16156761387166307,0.009386321093244332,0.4363130192874916,0.02448593935728649,0.17441956415547977,0.1436367873041382,0.062304295566538215,0.4191996757835379,0.027375969977637915,1.193743165597061,0.09241476392174319,0.047605532709895426,0.15102621826282553,0.8270082730390234,0.970190203055503,0.9920431492598698,0.10366216950665486,0.179852270400646,0.09229072176983677,0.6381000523138579,0.08441965688437159,1.151049796561456,0.047925639531741004,0.13167274338407076,0.4942869105579323,3.3683656717258916,0.3694812840095595,0.041894540105174516,0.010172116377025087,0.4298264114371877,0.1311866461940856,0.6335694970569459,0.0812930252148012,0.00950690131430143,1.034768636118444,0.2557603380206156,0.9836142169065868,0.04157466128735082,0.2626588062632822,0.9297986161172052,0.06218738193564144,0.05156838409368952,0.1253876866751913,0.18249572992476693,1.0797539149435469,0.1008431027499812,0.027610812962816533,0.2428007840486029,0.16108291115021167,0.9172582945314184,0.0018091063281149289,0.2537229302259472,0.35374528644427217,0.48484106053212694,1.5990058160478626,0.08353156634912584,0.6697268013264677,0.12226797343564,0.03383086269063318,0.1558062656039878,0.6837895121754773,1.0367339576338765,1.0688147915403752,0.13496061123644143,0.27420926144892854,0.39691063898200984,2.1232461041052684,2.1224712034082427,0.03009219920393358,0.017978285058752652,0.2613710266285352,0.05631485527692148,0.06901707062467377,2.028779962017184,0.7747795614519821,0.11847768103589484,0.6987897924426947,0.008370940791574633,0.08042559659420956,0.04902397331971142,0.12546315770921113,0.022794685092119793,0.2394458251091902,0.45132991523443056,0.012513861564589224,0.8034355667135635,1.3542014578851869,0.2591763800342648,0.013391202702787819,0.07332629413047886,0.27717245440057947,0.3331649837347883,0.05446447275331512,0.04622204121399731,4.762731592167167,0.7587099842006197,0.0840643867236277,0.7570600509953085,0.622449337971875,0.014986178775677428,0.22676438972019253,0.1525272696311306,0.025860653963265978,0.48048829407298976,0.1433372837058755,0.30475311767480373,0.038648007363609516,0.040484263874486226,0.1951092615086778,0.23356289988381973,0.87892336257885,0.10520576929806902,0.49675851819444466,0.2976276097420494,1.330185910957599,0.14096048513157822,0.12380725106883483,0.015932882027497264,0.3633440536901478,0.014058971534643583,0.12763886483606424,1.3694476551607928,0.4044267854614456,0.01925762161397737,0.014688721519132142,0.6658099394935522,0.34887854240250193,0.10142065808984757,0.11830077576195785,0.4202486646077058,2.112463748324226,0.12591468169685527,0.26701014529858536,0.21832876178173322,0.22969987905549716,0.031199294583092146,0.006789409307935701,0.05976901566653625,0.2749950083397037,0.009507966020506575,0.3973323546309451,0.28904167420796656,0.21252031613974087,0.4170673173511175,0.2604434599605674,1.513935480062769,0.5555446018596102,2.5532486538359467,2.208838110818764,0.8595161584525455,0.015842774127922676,0.5527379293818566,0.8251654736548042,0.14369637738473584,0.43925286728170665,0.02850952692920128,0.10105647021794728,0.21826925376184003,0.17746093571363208,0.3599011375531269,0.010034651672065409,0.025262613136046053,0.15971856986729926,1.9359049785770865,0.09693080718340219,0.16765912725565024,0.5605564255202333,0.2766911099745577,0.23643926895814316,0.1481872742152317,0.6844830287908472,1.9429276507884674,0.6281186867881997,0.012562330458653848,0.3515851099887093,0.04920721863810584,0.757200585022202,0.2087449188091719,1.7269203861198243,0.0037118860966753875,0.4881755222505373,0.04364395993172315,0.12623987844239748,0.04090921654140789,0.19353270467131367,0.12295562398752846,0.3411679806902337,0.24692190644319323,0.31677046905178763,0.16333106414963963,0.12136723171002606,0.13657197012275957,0.0016805201339642473,0.9037404398675126,0.6622881223719055,1.129888253383291,0.11093666348750753,0.08621197117492096,0.4728956287331114,0.720563617669775,0.5018664900001477,0.0853354435259841,0.37327958851128706,0.023881079415304207,0.3553106630471523,0.8435947551454084,0.3442755730592062,0.16196559691375467,0.42081919999335915,1.2905465777182163,0.07402304080311306,0.005857353711793856,0.03626509321978749,0.5093356166932539,0.3334906118709593,1.7134861496104499,0.17468830925021117,0.02306876553973236,0.5668312897398046,0.25795399743677977,0.6704681965486446,1.4440586435407818,0.1933415321519526,0.13999036680690446,0.6793821473175468,2.4166198277270294,0.06023794309870112,0.15610837617241602,0.09851396972392812,0.028625515047401517,0.2107856455152639,0.3656312023252478,0.4805401057159261,1.3850759763887381,0.0002820254787431198,0.26703762768013783,0.14297305494848045,0.3367881069747909,0.020516434583503496,0.26168400382822066,0.2577814681255133,0.14307238927914656,0.6939891423558946,1.002605974319997,0.29734937073070905,0.12114010170219802,0.9603554845100732,1.867224051178909,0.09680543216172,0.035277330121454065,0.02075162170485889,0.4892371548292605,1.2381578307460317,0.3713443917901915,0.02427633822757025,0.27728145674385396,0.0077809228912171235,0.18653648284688784,0.9068096848291202,0.06960309209733673,1.7099017767793545,0.1912698593316864,1.238831414742997,0.08054204563772882,0.10941836341863531,0.4093453661435126,0.24991566252335318,0.10667366774057607,0.32053053402298914,0.06635555600253729,0.028117219040990404,0.15485678752413778,1.2319408657309445,0.8301772457318484,0.8782439042474051,0.879043679770515,0.11475253909568378,0.21656792650905987,0.030063411529795303,0.26913894590813436,0.10904982952113706,0.10095774574283944,0.011193719921384848,0.511469333984448,0.29227061281127253,0.9216281971951688,0.1467954127885539,0.2888409773084464,0.06351805288133994,0.2816221157359753,0.1142674739847036,0.02296472320347487,0.9306817961106124,0.041801302865880796,0.09214216052866375,1.0613849018778685,0.3722465793492189,0.8076923747656621,0.10964201496283232,0.45874208474746236,0.5963250984225802,0.09276997491704653,0.13371173395142666,0.10424852637555398,0.03939456316494938,0.0468371928109379,0.0010042098541220845,0.25337553171022775,0.0530134486805201,0.645587792664621,0.05519675583132533,0.3780655427312192,0.3423500825573975,0.18313949185065814,0.05910253298268814,0.27921401133554313,0.2580213765961803,0.5032858091437893,0.5426565654113762,0.1290779730720153,0.5429655467016096,0.01615168322026861,0.13824778058363807,0.8905297942222177,0.0932834538753815,0.006018032393865447,0.06500858407457333,0.4224220706278091,2.6399324545554514,0.021390687001440423,0.15270141920390823,0.10445615263454006,0.22068753592212942,2.255877198242372,0.07775534854624766,0.03408855182084913,1.2917458462760698,0.46362672613702227,0.10036162048593789,0.8331173609009683,0.3062825195625687,1.150141417818983,1.0522429290892634,1.3981330143426756,0.00862320495387614,0.7832211360304868,0.0346540900710639,0.11002631449024158,0.010575275969270992,0.6802322943299033,0.19099283601458916,0.9523522321896036,0.009039632222271221,0.1327223418803256,0.3015600832459535,0.0001023909890863206,0.1466764165231641,0.899890587982235,0.06819111666405842,1.3616380614386137,0.6887179872851624,1.3487955997473833,0.5251267753413664,0.15368407063389378,0.06443671456928446,0.10725112240320778,0.19768059969526408,0.08857494752722905,0.0329787544906997,0.21763808258861528,0.0588908564193944,0.04955868988826939,0.14192162200632508,1.0106886047417305,0.636822219339961,0.08889160383817396,0.14819234038407947,0.018673273410920066,0.2082449715520045,0.2601601411671971,1.5109960628485783,2.4118488790391055,0.8638066289200006,0.1072437385415107,0.24536896504479144,0.007251523413070782,0.3555512641898422,1.2144996433701758,0.6244647185852426,0.737872486700193,0.4666806607991294,0.2685336258711355,0.20211206934666004,0.21278120694285096,0.01757521964226383,0.006553007049692194,0.29663301461181013,0.041989868598110186,0.19266751729978782,0.3022906315577878,0.036356812212687106,2.1173920187134505,0.1398324683004798,0.23524830365845917,0.05278268910532846,1.4610066649439253,0.08283161100571179,0.47999126338453246,0.2779653156501034,0.034773985201778324,0.7364013620505581,0.019124799662349756,0.09137442885438662,0.08834894222866296,0.18939036266075837,0.23869085473291535,0.05711224336749743,0.08541927775865787,0.16588162987573063,0.2992423441629585,1.9919043118030773,0.004630114840209254,0.1232793808001007,2.6406494528183524,1.3165685625632402,0.17658184824094114,0.020990510538321794,0.44778268161546597,0.15237156327203427,0.8229302958235145,0.4824115860092637,0.050590996288802814,1.5727216476429662,0.6781181004341098,0.15455631316312424,0.012702386259162202,1.7557479900438393,0.03565940415485447,0.16584782746231563,0.3106051258463505,0.06354218025551062,0.17459759073673764,0.13550830836210825,0.08668650747193274,0.04489983381927698,0.2536835230871226,0.3022296990524004,0.007422375740004761,0.10235152054057084,0.05932181944452375,1.122809728058029,0.06984025471082811,0.31521828849528843,0.03254493804762659,0.10259032016284797,0.16831076591354943,0.17558783621223809,0.876000005723235,0.29980428032778805,0.2022852227903127,0.0018267089957445526,0.01604827874218151,0.07268888731442247,1.938487645435128,0.08779036825117092,0.08027765774232143,0.22022269981420034,0.06328878398244292,2.0267260877737048,0.9421728258937648,2.325860086585214,0.13791677292272753,0.18368939473360968,1.277998287166535,0.28080059429847737,0.7076425038252343,0.45555411034538373,0.22519783778407876,0.661364368348691,0.5828434512376669,0.3051648465270034,0.8442220430374531,0.6410949042280235,0.08600514139205295,0.18661911869451897,1.1994685270263261,0.42981760577151396,0.3309025418212632,0.07093460609765334,0.2679356823176988,0.20318659216959167,0.034724471935188184,0.010049562505908938,0.2014238247574449,0.9215657307871452,0.08270893152017611,0.21797741976353058,0.26167643556314374,0.5078132665546908,0.0744199329815789,0.39036832957382916,0.13639302426575273,0.03789123651902493,0.17470666147746272,0.22126046332562366,0.8948967437938598,0.9967331673058843,0.6620121562431298,0.21024503051743149,1.7733787079832528,0.2608726796363179,0.15526454486301455,0.05632375141218671,0.700807577752396,0.017205497525223712,0.377282521485223,1.280880989405956,0.05849454985964975,0.020533748373187444,0.013745907616847852,0.24611262459037442,0.5879679029934314,0.3396304493477915,0.4208197577875691,0.3747742038216979,2.49383673253362,0.9999160246594914,0.04930709709172609,0.05571259633470049,0.06331905514405556,2.0379408435396424,0.12083196361251325,0.07281048215207664,0.36594211412731603,0.4922251968583353,0.5735919255360343,0.5175414306437482,0.2039185695010426,0.3282561180198348,0.9380042009777394,0.23311003904466154,0.0017154934280998457,0.21116255262924993,0.02646205264731627,0.17394920813346004,0.1926672877197828,0.37674863071274967,0.2508351760145895,0.3255028504198854,0.0038872550442250464,0.5262207637991625,0.1702763853022795,0.5625859763386638,0.2373379982304974,0.5447506573861958,0.22415725781290452,0.1435245194280943,1.5924363575535225,0.31544210056292377,0.1453816366117292,0.4572099486078536,1.1487677959394191,0.43563092914227763,1.4874758721095314,0.06502352704889724,0.27693296329839234,0.37999970362920554,0.04597820231794314,0.19496269693959056,0.023001788233515175,0.20197536022954976,0.7104636851957283,0.4253857545707402,0.6756048697601034,1.1864971196061533,0.03901292192447703,1.079745287667532,0.07602818403795081,1.0731922309096555,0.4114920086617031,0.7469833058477322,0.22023611285663713,0.18783167399032563,0.052404253529167555,0.6835955935928804,0.10531179215959674,0.8666112666816179,0.5933267168471881,0.3607220017545175,0.09399084191652407,0.10056414840756012,1.4827140937122996,0.08843001563148478,0.3399602227656624,0.43991158076949677,0.15139753165255326,0.667018618090362,0.2973986094302583,0.029092405878629657,0.04984049304395061,0.11460597961723729,0.9957841162732186,0.005251491647481454,0.2440558837137834,0.44155731048605573,1.4306688860484102,1.3484934392114978,0.12194158129789456,1.0692084598847544,0.3217140086011696,0.35770927518021445,0.1634409174700311,0.7536698475804247,0.25078870688578814,0.2701929505162488,0.10514585434252582,3.50194530617676,0.014066558534522544,0.21490820639760444,0.10679346908673709,0.2904210908132969,0.8823532382948482,2.0423628820485646,0.0001824926175629793,0.1524602743295672,0.3037996895339323,3.050955360715367,1.1655516652091422,0.2101080286043276,0.600144935499485,1.0030668764917137,0.2563411996627989,0.9754685531456484,0.688592619480564,0.2772583032019882,0.6582739261622672,0.06242273593620851,0.045935897968234496,1.1399983241353806,1.5657162314777353,0.1559849570863201,0.08415802750684043,0.3309088380318508,0.687275661333339,0.0533486597736863,0.2986929036293242,0.0675451135770313,0.7930844125713068,0.01868991983216539,0.04588474185314095,0.019585569475503384,0.6071499008856958,0.04080638977736628,0.030037877556879256,0.009280196513243522,0.025834630796653935,0.4465097594474534,0.6378721251603878,0.11435865483011853,0.11326543984554371,0.22832565328592525,0.3306572389913145,0.3830760786717304,0.07838313999057922,0.3225953918991329,0.1835612067405361,0.01561528855590466,0.1299694603644077,0.5964295881894375,0.23246944059080343,0.12701755493996747,0.05073967450371608,0.6656543582352774,0.0626732812020363,0.17068155620354375,0.14311430407569325,1.5792865830293783,0.18754217839858356,1.5460415417035291,0.124679668887832,0.05423709784650921,0.1255058746351405,0.08442265934301052,0.10089975835759601,0.010404197939878124,0.03044473118392632,0.5545666587410787,0.9431707081237265,0.22490567181163346,0.6739505768327194,1.562353141177404,0.33495724947670524,0.387808263338008,0.23266595364212872,0.7204700361338463,0.8696446589484554,1.1883025744205362,0.057093007586167976,0.39548733488348253,0.13790713819375755,0.48046137519279597,0.031503960884287974,0.1390104650117231,0.39254169669268746,0.11305432873105448,1.3833527288372336,0.23763695167191545,0.04759558231570393,0.04722215920039796,0.32251298609453727,0.019961894306558703,0.1411901304653398,0.17068192773135626,0.036442751764738546,0.9114475553121021,1.7922508774857513,0.5426888513719685,0.3069320398190818,0.11001548384019122,0.03525289825413247,0.08135794489645964,0.09887441520105611,0.14565488586364683,0.08144031620345626,1.4777973630755685,0.5749671894720303,0.02815520076803646,1.4203353061776876,0.25019065300043275,0.24507903838611567,0.10450020156378251,0.8228441468597341,0.07101579022589555,0.8706182242119986,0.19280728208345532,1.3345518309761437,0.05631920019898873,0.14032151816731053,1.5154875054814574,0.04828058015719505,0.08265248696817729,0.09364222373047038,0.362704472637005,0.6216982255523618,1.4779860158368554,0.12606703893421134,0.5150456866585511,0.12801643588907574,0.332440121858121,0.7259707425122297,0.16686245416159373,0.7112043557106951,0.33713183915697864,0.21633934511975694,0.006893659155310372,0.06970236197116741,0.17701946089245169,0.5352553225741599,0.424378232197431,0.16658327013480034,0.5442813457300563,0.0612906404147594,0.03426119927115284,0.3757843296145434,0.5497637954204044,0.18091103194715474,0.2660571705432945,3.5557668821358965,0.02066510918076392,0.05354883475930894,0.0683232422073744,0.46454923459588804,0.5773187218160875,0.4460481425059535,1.326105572128025,2.3088798013942036,0.39570104858445154,3.4610384942364307,0.5070349828710703,0.2963684638304942,0.719781356298141,1.6343694187721027,0.7463194543653501,0.26637355844844,0.445704567229084,0.20488274564644193,0.976900095423707,0.014146463657840336,0.2220045516165572,0.562133014160816,1.9874329819056311,0.037858775174159254,0.13129041447116707,0.710755616033834,0.11110183288358888,1.4842975199742696,0.04237176011687693,0.5431743269990843,0.19132682271467527,0.00943807020945503,0.06267725518098172,0.9819628849042654,0.500467803318306,0.2638737324508076,0.1450902347833538,1.4219250160327497,0.4721550811572506,0.0734418293552076,0.6088596038620758,0.5140948159154937,0.162915190970639,0.6368527352848039,0.6922554685737761,0.4869810833181084,0.004766054166378764,0.10968668944934623,0.27452553708667415,0.03114643722658772,0.24133139150334948,0.24821156770702002,0.18912905464096297,0.04182580934982871,0.37942463868312015,0.19303790042916213,0.21621192996668226,0.10222533224585395,0.19452646263150197,0.2239189502219735,4.1140256866856184e-05,0.9827196026500529,0.4638814058848564,1.7946386651939952,0.059305250909878815,0.23405559115578295,0.007784013063735995,0.3238994399465305,0.34909341623066936,0.22174292377421279,1.5273824926955726,0.12145517773227077,0.21934943293217057,0.4320026537264606,0.0305497589140018,0.032093772126318365,0.6882561633402031,0.07095863055213125,0.049321062259536363,0.018464512281556544,0.15690305581444502,1.1304478400171374,1.3557516332439477,0.3595223807243545,0.0412066091874157,0.08093087593167769,0.12153139508531241,0.23925744659871973,0.15451125808155408,0.35712788988823163,0.0713906483663237,0.006891912172437453,0.9964356737877917,0.09934484894121243,0.3609685286546187,1.5297853114917654,0.003170229887981768,0.1541154610896941,0.00439513669900371,0.10523971911900909,2.264574585758574,0.05911385818552772,0.014112271376955476,0.46979544422157915,0.0770347885638514,0.471787264039881,0.09113453081996692,0.7036894455916368,2.298967220921959,0.07256925309166773,0.05939791064507416,0.7212983155533292,0.5375075078317975,0.35784134827660674,0.3302662508088521,0.9450021220555997,0.3912842017150453,0.02899047814617961,0.11333842712373121,0.08770886933440125,0.27610805406025085,0.17306179822601164,0.7767882021229606,0.6723226589571816,0.08267626706130149,0.23970019076978288,0.1387114499865254,1.9491403381920573,0.20102775140892382,0.19379831811830905,0.05191390134499363,0.40378750293724686,1.4803915365998588,0.2652386127087867,0.06666495929283034,0.4978582298383216,0.049770047290983166,1.0777279437294949,0.20537408885090525,0.21748602587702714,0.26130615044537553,0.24326868830613774,0.09789870631159125,0.181674696532367,0.00801079037015251,0.7799010667001778,1.1362986982247683,0.965293974387289,0.18873945679653392,0.0015717901842814408,1.7101160499704642,0.02431457671016124,0.14877739485455055,0.01278973897253799,0.5502413983593366,1.0892097497587554,0.08381791857256637,0.5000545958521957,0.26705565296496125,0.3483023937011106,0.060984657385278807,0.04308641698046989,0.210994582487465,0.059133131342416934,0.014541293195374339,0.18787192788363027,0.5307740177938101,0.5052244073091026,0.3485209934722491,0.38400511197999876,0.0770675142664986,0.013500620588591139,0.020577451941485858,0.009156068758332081,0.005363808109005719,0.1416305168050514,0.17355586641340714,0.0426001342039346,0.010354544493598183,0.7774202021478253,0.8725847823148261,0.9858152865781239,0.05917486081482948,0.15449673747090253,0.1963030121466739,0.953611722058386,0.1348246425675943,0.21070243837788327,0.07822519226425662,0.013506007086092398,0.10723559050267617,0.15516021240677258,0.19428162895020595,0.2425671631351345,0.568670017250632,0.1957939235683519,0.2326166754162069,2.131187284619193,0.08366513383408625,0.08319093059432836,2.0886561243922332,0.0711450003046683,0.00078497137675404,0.26074497773600047,0.13205747511456223,1.5662486375125815,0.32828156268466757,0.14526148432963026,0.0688626001513587,0.48727004475868013,0.009523482147399065,1.4580032273917514,0.0268764080178312,0.04527105708602286,0.07500622639796808,0.1899546061049019,0.7019885851828288,0.04854799880027594,0.8086533513699803,0.18054815832604199,0.291235091103784,0.34539333945800965,0.5818892065471062,0.1939304888631096,0.2828427500276889,0.06566903812165226,0.4349885440540735,0.14167984834476877,0.015056354851225695,0.31696604897254965,0.4019168753221919,0.4810190770013332,1.6461583752360482,0.19481772187100876,0.7600616863778142,0.0036135170657604077,0.721080856055653,0.19754761787876296,1.0141323940534464,0.1764464481616792,1.291836810166303,0.2849757399890255,0.43303819509911357,0.01227904416957079,0.21340999219902201,0.2780802573920692,0.38952823516143487,0.19943883256810624,0.3049736027055556,0.4183999134463221,1.4786187950624974,0.146572248620044,0.12058238191931481,0.08884667818652492,0.03173950217872079,0.17120864871178365,0.35460506684454285,0.12984751450820808,0.974323300824993,0.2831857501596645,1.0373309595649354,0.6480320675206637,0.05429116435555659,0.2914656198813964,1.4760392045962205,0.1497462240101124,0.5595528216391337,0.06482315140466077,0.09848447361217838,0.008665832105382076,0.014901941895472781,2.7893435195611893,0.17655770089284822,0.358686491093016,0.15786719766356594,0.22829554339178681,0.12018132319562802,0.274351672806362,0.13235008256340253,0.12942075275345077,0.643461001213905,1.8732271128496065,0.12024791648363628,0.038228459066280696,0.49978709280186484,0.44721385842261197,0.3319249933596169,0.23045223835346484,0.18008548329196794,0.29348269570562335,2.5315682665023926,1.8274011601536904,0.2813323571935784,0.22296623785010783,0.40752654534854393,0.3179140051099012,0.2410498944852255,1.523231285924986,0.38166508000557886,1.1282975790738163,0.43524991787509437,0.0027931740908790914,0.16154131396985105,0.105359648709618,0.024732758665944266,0.2025414256820519,0.2366180240238701,0.4694590015595401,0.3199688181414445,0.9420778490300349,0.08071448033273254,0.401795198079161,0.6394889279857522,0.16220341903325897,0.22748617396783022,0.7585340135553731,0.5932171659021893,1.9090465216171,0.23089748106087793,0.8918256324107452,0.6084327209466565,0.03676841832289801,0.280743295033022,0.46979477413907156,0.0327409415032891,0.13322615796935344,0.537154644348926,0.2726503915209489,0.14199998845860473,0.0030071851328113963,0.20728018449729396,0.03655007040147851,0.5792730845686105,0.5595955245119457,0.03135020366540686,0.001125305661777487,0.229693337319388,0.24084868966033895,0.01592161674248227,0.17867269757955695,0.07860920732627602,0.011226955726216348,5.166556786721426,1.5559461897817166,0.029608222727432798,0.5180728104465189,0.19022301804816322,0.02406335422496597,1.1123160359086675,0.02587173042956703,0.3149216658912939,4.043400970581465,0.0968313450753242,0.00927997646826581,0.19674640154064893,0.04786739328271822,0.09159206324043723,0.7043019914192021,0.15174590380519382,0.4437873455895216,0.18545165323913992,0.22368976300324328,0.3066255618334397,0.41904330732511386,0.5712918152597848,0.15289073102031547,0.5774974126443772,0.14149116112431126,0.1531211950580742,0.06663619729584647,0.17879981713751025,0.01258805446989164,0.49727946470536155,2.4041363263059257,1.2834807023333532,0.12263996671981214,0.2168536580098075,4.004111262889594,0.34097263005963563,0.3055549092435246,0.1759412202286188,0.008105220414823755,0.19000862964250942,1.39636327681556,1.3584093600247846,0.149385529393808,0.07339213809324852,0.07338158335844025,0.2300619442015841,0.06681987817619595,0.2934103233775016,0.607202185502083,1.2988893394212773,0.2298229322793186,0.09297685187825966,1.0902908631934054,0.24538406618926045,0.269964510718703,2.9923914735463284,0.40521068011949035,0.02287713922531287,0.1425693256303462,0.22728944414320118,1.8541182850179683,0.5734579553433954,0.9815188726895858,0.20311937345290743,0.008983539289622033,1.6206334976868488,1.7426706402336074,0.8180978245456291,0.07312132055040665,0.07278488497189461,0.4698607300252704,0.578381324336298,0.05092761784500799,0.06699823992067688,0.09515042918766792,0.13413932337743506,0.000978925725300006,0.23770460578302188,0.18637379327308612,0.029289025993735646,0.1741576216949785,0.14023139857509248,1.1049480862333179,0.41201631697512886,0.12088750053099728,0.4919461498565998,0.021557491866536882,0.4992987901303332,0.43456303755892167,0.09447651834984971,0.43767802869364913,0.2708615117826806,0.7858293856310397,0.11694261377543835,0.5708031215409204,0.2253230434871567,0.13611332426173917,0.0802971577977667,0.2698824224177341,0.8374649017577649,0.29887465394567503,0.6836395822289634,0.05547587280938249,0.17633837875786051,0.04009107153725777,0.31805104056830086,0.5739452492948212,0.10440272662674532,0.11865467564529963,0.08459150176013314,0.23184888548214233,0.2525281089935403,1.5973256301938086,0.2939642858971505,0.27586620020351904,0.1393251472192958,0.0023683578868327615,0.016976223365003706,0.10750966352534075,0.08168252993945702,0.5588614518020694,0.8433878387701452,0.16287647181219223,0.3174769117101035,0.14471235254517845,0.1539390446270088,0.12604379102474095,1.0783406220043434,0.6124937587562813,0.10213792481854034,0.10941902867564313,2.7550808185680222,0.1348414181814469,0.5254941321945328,0.7397312266736396,0.03932755390017684,1.1579504361086483,0.4625540701968811,0.17083370619594862,0.8622374651037449,1.4894850191570286,0.14462701218254748,0.18131014399419199,0.24774879444399323,0.027292983758585132,0.0836319007459243,0.01927952546222378,0.04447432915773142,3.056162430914094,1.3058071144269527,0.28199271201080783,0.14329014108495997,0.3574253167937005,0.24678328213052225,0.2174970274523007,0.11912482593364704,0.06197230502610984,0.02012294365295786,0.0015074776210058927,0.4651802200799069,0.48908615738953304,0.21018955839440046,0.19271271632330966,0.004573292235133697,0.579255911680895,0.03029983091089017,0.07099582903733281,0.5819836871675839,0.09812024380957596,0.11235439105130474,0.14073094270121111,0.15370183273566296,0.1751100125683278,3.060904172040256,0.22574239194808077,0.19669520071926883,0.02095765988968168,0.7877276310700063,0.3553505979758304,0.03886526930105072,0.18138919126064756,0.14262987174939457,0.7894676910936538,0.08121362798154652,0.19318185051889147,1.4645490465958055,0.34752846904336976,0.6959922998453019,1.493192116857849,0.4877133580688001,0.15246718222552946,0.13228074265560197,0.43392334808033206,0.19930474626990718,0.2237495353919967,0.05634230973647758,0.08002453889351813,0.13923959601006614,3.341968608798228,0.7841351188427657,0.8850998701355817,0.3461347970281522,0.08229822092473749,0.41828182515186696,1.2498664680263376,0.16332087058705147,0.10457537709672082,0.931145366430693,2.1019500950501615,0.3990833875183615,0.3551874771442409,0.21267717391767826,0.39287617208430137,0.17374881642080764,0.04103967905411554,0.09983548075113524,0.1939063624040145,0.26389797742719157,0.44577853711273896,0.2262284592011169,0.21857076501312434,0.11459230900845974,0.11712719139989825,0.5746395014255775,0.30128581858786085,0.6287001686159717,0.25401781662813605,0.015138994284616736,0.15620899565519686,0.73265595653542,0.16586944771483636,1.59307768860464,1.611133984852071,0.3698860867108895,0.009866712549856604,0.7324924068057739,0.20846533292656955,0.0009217931206504382,0.09755563131883016,0.20305257711921243,0.0011980065194665546,0.01806150131854445,0.8341042085378739,0.2218142967282999,0.04128894650740911,0.11164471693310007,0.018883248305818556,0.13575052523948083,0.00100039905103122,0.21833791801650837,0.03700881532684419,1.1125308582815805,0.08576259873709718,0.0020289046299556412,1.6374540674452627,0.20408374246585814,0.3621696201635912,0.13038532200410757,1.005674521838685,0.7220840798966528,0.09747134273064262,0.08326116217794305,0.16967599985920012,2.6750471596452527,0.003981164980914387,0.14680114971251634,0.006829338229129567,0.0603264626394322,0.032664033141791005,0.010487813379693567,2.194445658647841,0.22398702585923325,0.1694396706679851,0.03697226027185496,0.4164041575262333,0.24582990953726203,0.466406601574763,0.2641343169010728,0.32120840798592076,0.745628716293919,0.405779079573481,1.000293894306474,0.14384684184650642,3.3985034160058367,0.13674298033931054,0.02268132503154896,0.4190789109067238,0.611999604573298,0.15876648194809206,0.07228749723111055,0.08228756741593535,1.7278191699708176,1.1417834526825827,0.2649634038699944,1.2333099727915506,0.16718370245184166,0.23243000355410226,0.09465969441489919,0.18913162356426116,0.30129957482297964,0.4277004445627641,0.025243761533823683,1.0823092018633589,0.007856073297308086,0.5893644655169814,0.2821998387879091,0.4310521983901636,0.040759798546677994,1.918873853386826,0.007567611187435652,1.0129725767647626,0.18486431986248558,0.058255692957591476,1.505839048744514,0.931484660916593,0.4951321114537415,0.4479973676234319,0.05763473853696244,0.1437593379333908,0.37194759457283855,0.15451456824874354,3.6006421277346528,0.2832824651665071,0.2174182324736731,3.7412466022578683,0.3602759139773086,0.6526040391872789,0.013945568456988688,0.04486257840829566,0.02861228169589647,0.6752395874694824,0.09766585500536074,3.155092700192177,0.7628897516061035,0.6136178703548406,0.34927273826756144,2.1125833758597166,0.12505482640312465,0.14979473248306885,0.145793870400581,0.26302222309177226,0.35004499493770547,0.04346445603880977,0.88461090473929,0.39424506500218803,0.5164310144749578,0.1608531623050119,0.18465577117598198,0.8195220812433501,0.32650734620010374,0.2011981792514672,0.3735649895457248,0.02052963731060309,0.08652893714533438,1.0459477884143096,0.22514427306339402,0.017403684323864077,2.056049772416694,1.3861525507687356,0.019517812854592753,0.5492315052737291,0.07348092021491626,0.03078166737522181,0.7149304936327587,0.2730262774469314,0.12880866225133414,0.024254846002770836,0.4019694780644003,0.026722766610181026,0.7348671621065037,0.7354306129020102,0.0327104137635863,0.28351564314418587,0.07242231860013693,1.454827722541044,0.08840839794953903,0.33647281778444527,1.1716048636095113,0.0014250105637356736,0.12173923584973823,0.015164268910165757,0.30264242751934045,0.6525790594858817,0.40487166735415725,0.2514586125980165,0.07907450332410954,0.05558458659356563,1.7747952751067255,0.7499445237816403,1.7378600741980053,0.022187051249261458,0.12333175189488108,0.2745227096252332,0.04648869378208853,0.15706111406410195,0.023764723164842128,0.10362042759523082,0.6246267313161147,0.22182013931095756,0.1453879821741706,0.004122299549654929,0.3391132523213465,0.36176082640327767,1.030061977796176,0.18849131981617673,0.11394404679586789,0.32961009449188317,2.3845554785836116,3.5857845655892993,0.11035902781018658,0.01297766591850269,0.015431481007255776,0.23785725197195884,0.5484770789720406,0.21537305321254108,0.2837186741721769,0.08367293139035503,2.1244970985334852,0.211271508422195,0.0029301592841330937,0.2647233174384578,0.4586033805474199,2.5046320808229314,0.04063530632702261,0.10869705592074652,0.032113413832792315,0.18397328004007774,0.5721338920636878,0.737459302529106,0.30105182704887246,0.7470719823585623,0.4759155980030667,0.41825480480938326,0.6500907033473591,0.06023630914449796,0.25763835651373856,0.950480545271374,0.683132956846352,0.07537469527920093,0.43072230173713777,0.047303188604956636,0.17203212860631667,0.08358657029592231,0.5796956285882846,0.20101037355167328,0.020072810139939445,0.051232648585174845,0.01883613122251715,0.1817605555977948,0.5783069162223571,0.01880373998569096,0.21106742634494302,1.8509535481139066,0.1109349791943739,0.0022756143417435037,2.301915457993334,1.8889883977465927,0.08818795458575335,0.12990360629419095,0.04072880334318241,0.04843410465635695,1.4955041482897484,0.04357182256717884,0.2416386668931736,0.2181919415582746,0.40879299037218064,0.23396376416515352,0.09588947911438428,1.5944430559759248,0.14490880931771874,0.123546723436049,0.15992179679995278,1.4764494804069326,0.005280610206273462,0.12173610802157064,0.2281853744768224,0.6787103251635779,0.429457506042608,0.3448404585541178,1.2866649043562313,0.13320777358214247,0.23088013261398943,0.04991316444484484,0.3843383048514837,0.0024391752561894187,1.4204846758446317,0.21683867668371315,0.3215481228187884,0.46202016816058156,0.09774210419610874,0.1137007214795287,1.402212210032817,0.2764465838758646,1.4054513902116068,0.23937074853765128,1.692971155563991,0.808418813569094,1.2040804793910964,0.679330349290107,0.2744351533497098,0.056602805588036986,0.6327368880454038,0.008057959283302552,0.37091566430609024,0.7650723843500689,0.6424202643338541,1.2143600240586014,0.1400371898334799,0.025909682010302193,0.23171021113160012,0.869045958545573,0.10909015911985176,0.9579145819076051,0.07714585895175152,0.14944983269822198,0.441448415756879,1.6870444430309965,0.13442191258873448,0.3414788594675864,0.10760922823797137,0.026850877274317897,0.009705783027317394,0.5550470702661623,0.3058142764521592,0.2727456264078181,0.1558872771755584,0.2193402988706662,1.2403320008878782,0.04103448195412551,0.40109223332536104,0.7001109049685295,0.6352319433435678,1.3994878043977184,0.8322211919845031,0.4458022310840247,0.32272131578831376,0.01076018655164862,0.08338898757727564,0.2998543869204071,1.0516880662938224,0.056722583210748745,0.9420605652409463,0.04683801789049191,0.014187301411346998,0.1573890679435035,1.073117468245985,0.6664599400228188,0.0064798795309803925,0.38885817646979576,1.1234109715189091,0.3491462620278087,0.47283093575569335,0.7605196806944199,0.4547280875639369,0.4344975238536133,1.003148200435843,0.30144710571167954,1.6741953991722383,0.22964308649564646,0.07004755117665873,2.48791365623339,0.9327298860618722,0.052939022798721425,1.5559700862153538,0.6062870301178515,0.7042247547603928,1.1413249538117247,0.10567985947342035,0.2573545989447741,0.37505719203270627,0.12634837062231807,1.3926050337849654,0.8307935231648346,0.029564048263500897,0.337676854085916,0.02522975409576389,0.0605720945488466,1.5023657012307965,0.4317560718129579,0.189673595344017,2.5794533896309972,0.1529150226338054,2.965794880783605,1.404788639842604,0.15839781359582505,0.09119463280941614,1.430831544437261,0.017281211768452653,0.11220164082037465,0.1602211347061796,0.2004746311243119,0.061073216174321154,0.038582817698566085,0.18846695561747379,0.21044933272472743,0.08095093970685585,0.10942534417319627,0.9402726876007965,0.03495507971588141,0.03909035418568485,0.39718193810697233,0.11894136777671849,0.5871733841977457,0.03335440895911346,2.920388358772783,0.006745249552380539,0.18700926768640005,0.1350376455238984,0.16065867879078893,0.341263305520386,0.10443182034236509,0.0031946123469659415,1.284905283910975,0.36388461946387496,0.7675793684014942,0.14089119276113216,0.14944008088687988,0.22383187829316942,0.1946508364737869,0.5059011962274238,0.5232099539931544,0.22134178682914563,0.2324840089643998,0.4876664911703456,0.0908331120225952,3.808532145630812,0.19110171283508848,0.2371775081731008,0.07214045041111194,0.10142396395060316,0.032415934260771384,0.030489200914239345,0.0022265489559085694,0.23589913873666934,0.4403420672544883,0.5419930482533666,0.12213248838251622,0.01104342257826918,0.09580238055193946,0.4562802166825759,0.5772977581313968,1.5148936841734866,0.5500625256666841,1.6937230205326483,0.6813043097278573,0.09287817245235974,0.05786306296817889,0.1485052983011681,0.022988046728631417,0.058408539218863575,0.13553469604838253,0.23152402127529204,1.6145495710733424,0.09051301638529197,0.06700165533500924,0.8347510677092709,0.6037222549020681,0.25925846866530355,0.6047637740063789,0.16961207224671293,0.23890904141681713,1.0672060451459342,0.08248830893726455,0.04033080896409286,0.4500191529450355,1.2438467275707237,0.40081739854585674,0.8069700955921428,0.42634903277417546,0.6554795984429613,0.10245777400687328,0.2151686855897919,2.5942263059972754,0.38024841526229125,0.03386509918485947,0.45311251283186926,0.2703916505445647,0.2324246019181404,0.5754788738728653,0.20598231575674641,0.23339669261059898,0.6663682072423792,0.3830274244859434,0.2403958140868202,0.1405194870463382,1.2820343320384922,0.019589227384073427,0.027695987740807837,1.196020414536792,0.007136786338331369,0.2911559158387165,0.1341131696632336,0.027791420336513717,0.0042982970200236,0.24425110254394355,0.10160074551579679,0.12517105274316298,0.33960203107630216,0.7545011639825936,1.406398905639433,1.1129985643375688,0.19808814554701937,0.3631081620043679,0.1732256032047531,0.7100083335455138,2.4053300980178043,0.06598173230852522,2.129560669917743,0.07161912683905491,0.06497709147077041,1.4268759187754403,0.06868519137091478,0.04260105744452769,0.10414676533741729,0.39325620073264195,0.22823514916958876,1.1795085437486026,0.635163099907541,0.4577244746588929,0.6097258219850601,0.153538361025659,0.013301736618975823,0.04475809598758462,0.0625242934304997,0.0006714062638600304,0.1062895011393099,0.09693078137756261,0.10890522429414057,0.7295734753547933,0.25995397758221983,0.18312850623762378,0.2002578524059071,0.28602166643605753,1.7599888970937463,0.23863736819872683,0.3087974198140073,7.359471325685263e-05,0.12488578641178205,0.3220935888953569,0.2911885509923102,0.09874865464373439,0.36935122672172116,1.0230143619579584,0.028412509548557896,0.0577376725064952,0.015184804136701091,0.4282423497308008,0.18840816113011222,0.010297454438207065,0.2871248921282503,0.4029850568913784,0.6994956749529682,0.4366943141652293,0.31182558867358523,0.004027656085781928,0.10553839893723538,0.4151488483491017,0.07589248445399599,0.9107081884848756,0.29261279590715583,0.05093100557557673,0.41059488268976435,0.09400172323557854,0.01667024203347567,0.0094190087825049,0.12209139014921999,0.5355954589746982,0.4906358913355262,0.25287936647096076,0.021961764962481922,0.06713653897587302,0.03080512874540403,0.4128793108017629,0.05864030415146537,0.008997021473110878,0.02384576692270457,0.28506176965824714,0.5764117376004061,0.2580431579801221,0.06593412177694002,0.1871607146723957,2.9513926134979473,0.02921735674683168,0.14286634572820878,0.056873569628852816,0.21062780871249787,0.08282120033695439,1.0070842902161865,0.00371303639317766,0.009204977487071275,1.069798490124168,0.0701110318612378,0.16574557627402098,2.896571922831394,0.194391171081571,0.262294777489396,0.5899028636323638,0.22884271953916047,0.4849423610436623,0.03467438518574251,2.4919229239659235,0.04459893224139072,0.053445278317881484,0.8253049090116791,0.15709666433709346,0.30929446396933447,0.0249165014033903,0.08365017340434056,0.7248218166236209,0.1342626306250434,0.0801076345584375,0.0028246858469064273,0.967861867742265,0.749800951373119,0.011868437559574896,0.2967033180656464,0.8062071882964427,0.4063887089217846,0.47385759401744454,1.0331672171214759,0.38943267865899933,0.7776430798377214,0.004529918975947733,0.07592076801299286,0.17603148978131156,0.006716865933713123,0.4857019155051987,0.0005022321089052373,1.143678773309793,0.1780335568612722,0.010360839776606179,0.035111808705317105,0.11180711004808097,0.015577035875282919,0.5236926719451755,0.41774724328969337,2.268295158840271,1.0620163331583894,2.395838231217594,0.08121784722514214,0.09423195555489494,0.13074886275834385,0.1364741336540706,0.43144271776822074,0.24881141493983094,0.037213501583131636,0.12063719220618435,3.108945827706163,1.0019372046346144,0.8614173296739216,0.23602599445765848,0.11540763484836747,0.19475241990115372,0.022468378453726956,0.17237765041515973,0.9808636400764266,0.15642249196127755,0.16417814216678694,0.6727698859444105,0.4222259103113919,0.16007559613569378,0.847184215650733,0.07992029589092386,2.109961665821631,0.33724321145443925,0.47434600895582835,1.6770417419422436,0.039228181592964484,0.3748141338485391,0.050112866946500745,0.1843850066655195,0.35743229423681333,0.05890275535864742,0.0716618390066297,0.1211311609695076,0.0943879395187387,0.42932622339529347,0.6770870292996749,0.016806454231476087,0.5887040246567663,4.850304899750579e-05,0.2114898320620322,0.126816842821305,0.5514607431927095,0.2486727929023005,0.040241765232454485,0.3582538252514218,0.08234875907781469,2.2594859685434785,0.14845287369500015,0.01440504231229589,0.10437625640986758,0.07105861066832264,0.23907615943013383,0.05684211147914836,0.09149782880833646,0.05741486029504017,0.2877746108272905,1.1716050330263668,0.0186475028533567,0.05902968306106515,0.14084305736203107,0.03305428333849347,0.3680873637343941,0.39202983468193486,0.1250093751585328,0.1479323616177815,0.06120767764909507,0.6161077934847071,0.025331490744948892,0.1842114506533652,0.0415398958339388,0.006334240963337678,0.965571294065025,0.7461728184841747,0.8193789609877102,0.2183788184855059,0.008087249729197388,1.7487897543098625,1.0055462955166181,0.6396796827826182,0.14071225011697786,0.3355053626192366,0.020905682658631464,0.1377608241797894,1.1755578188444382,0.015852989738281087,0.011477122892764646,0.13776354118450218,0.5775352274830051,0.3463285324095011,0.28356535982164965,0.2552796529666028,0.8032598229753485,0.16001406665936524,0.11284737216216545,1.2982406685872288,0.17196951849387698,1.7922432604924992,1.4132352228196035,0.0111102129589149,0.15127934111446573,1.700721463235649,0.06765673983964637,3.295363080474777,0.048768607191282065,0.42005680607366624,0.0024331372238768356,1.7821291916731574,0.3620237451130559,0.571279749867162,0.02631036886146232,0.5298567721861285,0.03152814271466786,0.4905211374549041,1.8374060742046319,0.08127680664572523,0.1470923504597469,0.12728709539004301,0.09087486896226327,0.05732072907166896,0.06006727386607369,0.12424121770966767,0.4446302895476554,0.08163897737828862,0.9395893160366757,0.8093617359066458,0.2922866364207325,0.15903372481788036,0.05595071963847431,0.017703468455382954,0.2747262296103764,0.04771783904856863,0.6043463338431301,0.003437402517804,0.9943985391262651,0.4409375891241034,0.2297096518881825,2.2120923735786486,0.09322151424604264,0.1397285057560027,0.40273398908382596,0.00787272599527733,0.1252052489587041,0.16550609615775347,0.2328441273766333,0.14513659616558044,0.2594702993039053,0.4487889564166869,0.04753499491582014,0.3609345164242068,0.636391964699974,0.009782623474580365,0.12213135932438324,0.22047420221376512,0.05820576963461499,1.4233979503180372,0.5102298466697348,0.14759643074820084,0.5500927109749916,1.2334115491451347,1.7705342468979643,0.019138206644987332,0.28657999586547955,0.0007123712529174542,5.9666063171226,0.01704209740267848,0.022995901145896003,0.7130445715775712,1.0287836277988527,1.674142311595306,0.30574395368385177,3.345311293645379,0.23369225982350428,0.07168464390936435,0.2773935063246451,0.7055947930992934,0.14635689571846727,0.1914417655379741,0.02308315636632252,0.14007496525308338,0.9847348180908044,0.10956424735387293,0.8249950468806673,0.27217232922856494,2.7130938494835335,0.49543622113083474,0.117178186629181,0.5381183169715815,0.47971837152000835,0.36931526117250923,1.4892210374894579,0.11604521246892552,0.9388606033280841,2.2524741039343374,4.295915787390061,0.33585030900328827,0.13379039840803864,0.21428271416742795,0.2235127331596236,1.1107472794850684,0.37938191502334273,0.9049849316621583,0.4400588276162354,1.3450897217879403,0.13673576053071756,0.04241857162865026,0.01795008988858887,0.20076110972657357,1.1162034255074231,0.08720937182892713,0.3113536121247921,0.2742490506651879,0.1819098263505965,3.2196808755546296,0.2527993358651719,1.27979203872323,0.10193840528543152,0.07329223873670998,0.08137275320466808,0.3432554018941254,0.61913032595379,0.08607384707338239,0.3837996208069383,1.29967056536318,0.21299941175301795,0.009893300088280932,0.5128265174675065,0.8884582247321007,1.3401338127067763,0.5142220586915254,0.6298470096344622,1.397825553865554,1.178164313976011,0.1928276597743206,0.6604633605284409,0.09168367207153105,0.06012108540702643,0.06423936389566354,0.9499717041436218,0.09858567753577474,0.33211844732060314,0.04596043032283348,0.27272793771815984,0.012316413996339093,0.4001704278939977,1.4773409567780813,0.06485265174554156,0.4426576326037637,0.01702882424212504,0.2348192314899462,1.2337281019363797,0.2740503219077912,0.2308138354860414,2.096505722498079,0.1850722806843328,0.3316125536792257,0.031849432476103834,0.5376940056002228,1.8898336096337993,0.44685801523613217,0.30545851924466727,0.9694651181347127,0.034184553012584384,0.189513616484755,0.03875151283049805,0.12939656822458634,0.550202276040081,0.046972030556830635,0.08987866761621777,0.09393130928574844,0.14381117027133017,0.09275336721119665,1.0152179870495526,1.9294099478609263,0.029047602745634893,0.06760387776882648,0.06839620475973296,2.0682034213287954,1.0138911924985907,0.02927057460419502,0.10051576269512141,0.1098702209413619,0.6859843339780423,0.05045426839474687,0.7152217594874637,0.5085971169747749,0.031009769999554793,1.4731720046893093,0.009336956027265586,1.2166559677164082,1.505064781112456,0.4510889413011794,0.024543580319097202,1.0024625557596747,2.7798207242428585,0.22771281266285226,0.3611474395053491,0.10084696330901322,0.555782459681105,0.018995597774674744,0.22013195827718113,0.3136651221145752,0.17020117436833715,0.12731709900265664,0.002127093313379902,0.17838276339392412,0.5148928549308625,0.18866978160120818,0.5774654034537796,3.0439095707111847,2.7919352531389015,0.01710344349075532,0.5848014132393207,0.1912021059853355,0.5009472488996605,0.38176282651998217,0.1816706628154534,0.7320243991551508,1.2740415267790692,0.42097900686234446,0.2842431641549632,0.519078960111381,0.15324944331128937,0.10405749210193305,0.12714883241240926,1.2963136690891872,0.10489384263444812,0.2141330754757771,0.14661229463885317,0.5989516087212731,0.472835273198029,0.023193312093554908,0.7299432773768625,0.14082051461590162,0.03177085277449776,0.17829722120798586,0.03301108418663823,0.4955907537496784,0.013724733209241613,1.755331954734062,0.5074386762789316,0.4658725645177595,0.5708650507195547,0.2891726896930058,1.19855832221655,0.023872424769254996,0.11138113190675447,0.02087916668309442,0.024010271575066744,0.18640326854505762,0.2661638352937631,0.08695369507233242,0.5003063089641706,1.6820194821215924,0.11854574639840054,0.05014569662695245,0.12549788122609384,1.1071832100241212,1.3742173326579517,0.37002964763526025,0.25866845631483093,0.7677638889037094,0.26034838329956755,0.007612583941631557,0.09077429844505325,0.21767793678480674,0.010358390175545906,0.06536679458161543,1.1989933826291397,0.3155818936192545,0.17845387141712576,0.03997605975495899,0.4699107033088845,0.07152648865205447,0.21144170761184977,0.7346086491986148,0.6160128227905222,0.3856974512456166,0.22414900560553414,1.3466660104122885,0.06968874395800395,0.09236292609650104,0.12003603335021729,0.018939408099419186,0.2697678231301098,0.12327898099202417,1.91782940176215,0.3245792658787727,0.13547514197330376,1.617602372132286,1.6450157816528144,0.06340724535622821,0.11310485932285541,0.06656480096155515,0.009988141529268635,0.02933076934131651,0.16433532130825645,0.19663203464601198,0.10098558556457427,0.15358519935336967,0.22952208213702385,0.08926534208893266,0.15125851587996308,0.6375549879002633,0.3655039719099804,0.40505158567923505,0.15285021251285158,0.3540816127350671,0.5528279326946589,0.36067109236819717,0.3610349256610732,0.08197557719348803,0.03805867996161316,0.03864140749461442,0.06881503150544832,0.004256087512461537,0.08953785227808642,0.06746107872216345,0.4145426385378973,0.2665082126685794,0.2651880737064689,0.5574391146361861,0.2490723598145016,0.2172565591814717,0.5073005531971889,2.2474736382786547,0.20579167776491758,0.24003036757827967,2.3018849284600686,0.02137859255113228,0.8294367427532645,0.3476165870172012,0.008008476693717625,1.073546072645208,0.2583284939536763,0.04744599703864427,0.13621978202599438,0.12439858840643336,0.26056717636550575,0.09755487718031608,0.14533283317497636,0.03590513439274645,0.16113193008796078,0.35367798423000485,1.0318709648424285,0.4533196055414792,0.21538115090185367,0.649791296437764,0.4426359506579594,0.559180400504272,0.4621204596849835,0.0014624669928209322,0.3648154306639455,0.09285728721837372,0.41750361247516077,0.438054015868409,0.14596544326245042,0.06907800173825551,0.04762081594547052,1.4463777433903835,0.0676090469195616,0.26722277039640385,0.2597401458427967,0.41918445646280134,0.24254825564887383,0.05291679145585937,0.4552576979720241,0.09444745901851781,0.21761351345584812,3.1400003088724153,0.04313942996238351,0.22990777059771483,0.4847429559560552,0.2532491763488992,1.68886574513071,0.1338903603347974,0.04513183217425115,0.12401154108071999,0.13835564784719745,0.3074323901689846,0.25723899084380886,1.055471979344147,0.09058449494800791,0.14339735676895438,0.32079542297639085,0.2051839304743035,0.7731062170137366,0.5150090091739097,0.2049454876352399,0.759265762076268,0.273722665237355,0.00498829930355793,0.21144677302713744,0.027688923234767904,0.08049787548761023,1.39380137837135,0.6978712284836797,2.682626445225429,0.44040975206512645,0.21240384153441338,0.13814316881334343,0.5788345709765113,0.31333380434225466,1.6617040877162048,1.100616640320016,0.6088699386805034,0.002937315103306637,0.002570195302961542,0.062736480025541,0.5210136029719913,0.8599679629897541,0.17939645573469487,0.4828919385301298,0.9080085136984424,0.5151271197200669,0.6645304800655235,0.02387797074700737,0.013791699670483881,0.2715282176790288,0.23319515820902081,0.23746116709218446,0.004713207790095764,2.3669213087278766,0.7349483208671334,0.34410516786624845,0.3242762512479519,0.19719387291426194,0.13607588234680312,1.0078767714252637,0.21969245874121734
"((3, 1), (2, 0))",0.0,0.0,0.0,0.0,0.0,0.0,0.0,0.0,0.0,0.0,0.0,0.0,0.0,0.0,0.0,0.0,0.0,0.0,0.0,0.0,0.0,0.0,0.0,0.0,0.0,0.0,0.0,0.0,0.0,0.0,0.0,0.0,0.0,0.0,0.0,0.0,0.0,0.0,0.0,0.0,0.0,0.0,0.0,0.0,0.0,0.0,0.0,0.0,0.0,0.0,0.0,0.0,0.0,0.0,0.0,0.0,0.0,0.0,0.0,0.0,0.0,0.0,0.0,0.0,0.0,0.0,0.0,0.0,0.0,0.0,0.0,0.0,0.0,0.0,0.0,0.0,0.0,0.0,0.0,0.0,0.0,0.0,0.0,0.0,0.0,0.0,0.0,0.0,0.0,0.0,0.0,0.0,0.0,0.0,0.0,0.0,0.0,0.0,0.0,0.0,0.0,0.0,0.0,0.0,0.0,0.0,0.0,0.0,0.0,0.0,0.0,0.0,0.0,0.0,0.0,0.0,0.0,0.0,0.0,0.0,0.0,0.0,0.0,0.0,0.0,0.0,0.0,0.0,0.0,0.0,0.0,0.0,0.0,0.0,0.0,0.0
"((0, 1), (2, 1))",0.0,0.0,0.0,0.0,0.0,0.0,0.0,0.0,0.0,0.0,0.0,0.0,0.0,0.0,0.0,0.0,0.0,0.0,0.0,0.0,0.0,0.0,0.0,0.0,0.0,0.0,0.0,0.0,0.0,0.0,0.0,0.0,0.0,0.0,0.0,0.0,0.0,0.0,0.0,0.0,0.0,0.0,0.0,0.0,0.0,0.0,0.0,0.0,0.0,0.0,0.0,0.0,0.0,0.0,0.0,0.0,0.0,0.0,0.0,0.0,0.0,0.0,0.0,0.0,0.0,0.0,0.0,0.0,0.0,0.0,0.0,0.0,0.0,0.0,0.0,0.0,0.0,0.0,0.0,0.0,0.0,0.0,0.0,0.0,0.0,0.0,0.0,0.0,0.0,0.0,0.0,0.0,0.0,0.0,0.0,0.0,0.0,0.0,0.0,0.0,0.0,0.0,0.0,0.0,0.0,0.0,0.0,0.0,0.0,0.0,0.0,0.0,0.0,0.0,0.0,0.0,0.0,0.0,0.0,0.0,0.0,0.0,0.0,0.0,0.0,0.0,0.0,0.0,0.0,0.0,0.0,0.0,0.0,0.0,0.0,0.0,0.0,0.0,0.0,0.0,0.0,0.0,0.0,0.0,0.0,0.0,0.0,0.0,0.0,0.0,0.0,0.0,0.0,0.0,0.0,0.0,0.0,0.0,0.0,0.0,0.0,0.0,0.0,0.0,0.0,0.0,0.0,0.0,0.0,0.0,0.0,0.0,0.0,0.0,0.0,0.0,0.0,0.0,0.0,0.0,0.0,0.0,0.0,0.0,0.0,0.0,0.0,0.0,0.0,0.0,0.0,0.0,0.0,0.0,0.0,0.0,0.0,0.0,0.0,0.0,0.0,0.0,0.0,0.0,0.0,0.0,0.0,0.0,0.0,0.0,0.0,0.0,0.0,0.0,0.0,0.0,0.0,0.0,0.0,0.0,0.0,0.0,0.0,0.0,0.0,0.0,0.0,0.0,0.0,0.0,0.0,0.0,0.0,0.0,0.0,0.0,0.0,0.0,0.0,0.0,0.0,0.0,0.0,0.0,0.0,0.0,0.0,0.0,0.0,0.0,0.0,0.0,0.0,0.0,0.0,0.0,0.0,0.0,0.0,0.0,0.0,0.0,0.0,0.0,0.0,0.0,0.0,0.0,0.0,0.0,0.0,0.0,0.0,0.0,0.0,0.0,0.0,0.0,0.0,0.0,0.0,0.0,0.0,0.0,0.0,0.0,0.0,0.0,0.0,0.0,0.0,0.0,0.0,0.0,0.0,0.0,0.0,0.0,0.0,0.0,0.0,0.0,0.0,0.0,0.0,0.0,0.0,0.0,0.0,0.0,0.0,0.0,0.0,0.0,0.0,0.0,0.0,0.0,0.0,0.0,0.0,0.0,0.0,0.0,0.0,0.0,0.0,0.0,0.0,0.0,0.0,0.0,0.0,0.0,0.0,0.0,0.0,0.0,0.0,0.0,0.0,0.0,0.0,0.0,0.0,0.0,0.0,0.0,0.0,0.0,0.0,0.0,0.0,0.0,0.0,0.0,0.0,0.0,0.0,0.0,0.0,0.0,0.0,0.0,0.0,0.0,0.0,0.0,0.0,0.0,0.0,0.0,0.0,0.0,0.0,0.0,0.0,0.0,0.0,0.0,0.0,0.0,0.0,0.0,0.0,0.0,0.0,0.0,0.0,0.0,0.0,0.0,0.0,0.0,0.0,0.0,0.0,0.0,0.0,0.0,0.0,0.0,0.0,0.0,0.0,0.0,0.0,0.0,0.0,0.0,0.0,0.0,0.0,0.0,0.0,0.0,0.0,0.0,0.0,0.0,0.0,0.0,0.0,0.0,0.0,0.0,0.0,0.0,0.0,0.0,0.0,0.0,0.0,0.0,0.0,0.0,0.0,0.0,0.0,0.0,0.0,0.0,0.0,0.0,0.0,0.0,0.0,0.0,0.0,0.0,0.0,0.0,0.0,0.0,0.0,0.0,0.0,0.0,0.0,0.0,0.0,0.0,0.0,0.0,0.0,0.0,0.0,0.0,0.0,0.0,0.0,0.0,0.0,0.0,0.0,0.0,0.0,0.0,0.0,0.0,0.0,0.0,0.0,0.0,0.0,0.0,0.0,0.0,0.0,0.0
"((4, 0), (2, 1))",0.0,0.0,0.13045312532571884,0.0,0.0,0.1162887676593678,0.6670611082866235,0.21130233991222536,0.0,0.06169336118018054,0.0,1.771925623413691,0.31202545212397115,0.0,0.02221275658741395,0.0,1.2154893106016815,0.5304108541435008,0.12163414383228721,0.0,0.0,1.1787819768385965,0.0,0.0,0.3645707694043865,0.0,0.0,0.0,0.0,0.271235175200374,0.0,0.047851171052819774,0.21834227891548863,0.0,0.0,0.0,0.4928358866398592,0.4695442819229936,0.0,0.0,0.04970520200454931,0.0,0.0,0.0,0.7959441081635004,0.0,0.0,0.0,0.14166952800259847,0.7038637692205358,0.3828386428271461,0.0,0.0,0.0,0.5655186256351681,0.0,0.0,0.0,0.0,0.0,0.08733373884905893,0.3435563516472482,0.45632510515863256,0.443728134718969,0.0,0.024886265460935197,0.8234466815060086,0.29468101536960223,0.11185094588963751,0.0,0.0,0.0,0.0,0.0,0.0,1.7604342592622655,0.5690684959436716,0.016386615465279863,0.24342471916970698,0.2453350218426391,0.0,0.0,0.0,0.28343793543586515,0.0,0.0,0.1012444601239304,0.0,0.0,0.0,0.0,1.083430734866687,3.61406751332391,0.01761349523745359,0.0,0.0,0.0,0.0,0.0,0.0,0.0,0.0,0.0,1.8256103288021948,0.0,1.082994634510784,0.06847361811825614,0.4453738440176753,0.0,0.1070197372043109,0.25462080538249277,0.7084238580059325,3.16801291131653,0.0,0.3411529087946694,0.11415396265971522,0.556982691460919,0.0,0.0,0.5440812767655198,0.471014536634641,0.14721670768686979,0.05964527414375853,1.4735764176208548,0.01286845044952134,0.912234954442934,0.0756528884592077,0.21612720578721756,0.0,0.0,0.35296314346759394,0.5425221064120888,0.6441547098315437,0.0,0.0,0.048880309218604534,0.6640985906053243,0.12776948536464572,0.0,0.0,0.0,0.0,1.0855485028607177,2.448200063276525,0.2521577992871804,0.24617904240360533,0.48272773302899963,0.2994034055929251,0.12282078737120805,0.2322632683678636,0.0,0.0,0.1906019055047049,0.2577032284055143,0.0,0.0,0.10369746333552454,0.0,0.0,0.0,0.046778031300009015,0.0,0.0,1.213260266955659,0.0,0.0,0.184210636939933,0.0,2.197133506749493,0.026978355953772404,0.0717083754983816,0.0,0.0,0.09885919536254217,0.8480244334548885,0.313901999373281,3.0547372132159354,0.0,0.2870535148542501,0.0,0.04791711533195353,0.5446729378797799,0.33802430945536177,1.4286268334932664,0.13246606666641592,0.0,0.0,0.15657520197315233,0.4517009693772893,0.0,0.9779856274667917,0.4967523356793837,0.22345320442900762,0.0,0.0,0.0,0.0,0.0,0.552174244215625,0.30275294163220245,1.2997902730819295,0.0,0.0,0.0,0.034427495595718116,0.6367420886963591,0.0,0.0,0.0,0.08275325576995007,0.0015589208282809075,0.0,0.07809480856474282,0.0,0.0,0.0,0.0,0.897817831982797,0.0,0.6932592058731073,0.07540575014436013,2.1867271793483263,0.0,2.210364724361128,0.21736954814405296,0.36379685409415263,0.0526251631601935,0.0,0.38757943354183366,0.0,0.0,0.3617442308404406,0.03474507123165482,0.056056518945409195,1.8177153461093594,0.0,0.10301394993821367,0.0,0.34496512738338314,0.0,0.03934437293486848,0.0,0.0,0.0,0.0,0.0,0.0,0.15754928231621346,0.16899218919574654,0.0,0.05735415871033789,0.0,0.027534813037259354,0.0,0.0,0.0,0.46819518952877237,0.1484623536276497,0.0,0.0,0.0,2.887537198849146,0.13918668142236523,0.0,0.35970584449220233,0.04881635882655955,0.04256356853241261,0.0,0.0,0.5284335106162537,0.020690032801076175,0.0,0.054874982161435604,0.028042523448454815,0.0,0.4363307547932138,0.0674629504936266,0.0,0.0,0.0,0.0,0.0,0.05270107665115076,0.0,0.07542173231653593,0.0051332698171020485,0.23720529036458693,1.781625240948161,0.0,0.0,0.0,1.2575530124808316,0.0,0.0,0.0,0.0,0.0,0.19780554322043442,0.0,0.0,0.2841349914714355,2.5443164981135613,1.2812843875963313,0.041107880966056776,0.0,0.0,0.3335239860163982,0.8266259624830394,0.0026988408476056325,0.01896198718832931,0.003864462332797469,0.0,0.0,0.22774329859409037,0.06864774865690171,1.1250558983278767,0.0,0.0,0.12933562850095237,0.5725493383777014,0.12256905968971177,0.0,0.0,0.13462214370043846,0.010401147441837066,0.07219733939235562,0.3706040103010697,0.0,0.0021305837609488787,0.0,0.4590214660375098,0.0,0.20391471374485204,0.0,1.0644150184618164,0.3058531627214882,0.46432436550486944,0.006065282583623155,0.48571011453373036,0.0,0.0,0.06959305671296923,0.27669247457292057,0.0,0.08576566388482959,0.0,0.057689784780987186,0.0,0.5223858673517561,0.0,0.0,0.0,0.0,0.6389636755581928,0.0,1.628057961953855,0.0,0.07579075639533273,0.6517596074817444,0.06394213255708525,0.9009406339768373,0.5959294872251607,0.07306266930839822,0.7185599010944065,0.0,0.10491294896842912,0.0,0.13506131982635883,0.0,0.1399027713396137,0.32319476186230345,0.0,0.7010792641095687,0.23993399194978948,0.7467403725490642,0.0,0.0,0.0,0.0,0.2738603829276802,0.24668569002506047,0.0,0.02289412788759637,0.0,1.1402406798253077,0.0,0.0,0.1926343305883893,0.9313746009983994,0.912988550712998,0.0,0.3903714226304097,8.502030460988408e-05,0.8682837490197373,0.0,0.0006901912686636535,0.0,0.0,0.07527345429120558,0.010047419406852831,0.03905033690235127,1.2172656239711308,0.0,1.6492790463468068,0.027106533984037284,0.0,1.2356752527804753,0.06149318899642786,0.11319554734739778,0.7124188146587134,0.6912557294313622,0.0,0.05695718674935746,0.0,0.0,0.1472018160108549,0.0,0.0,0.0,0.0,0.7907630301502229,0.0,0.0,0.0,0.07855797425303146,0.0,0.0,0.7194909609722178,0.8307701260349409,3.5452995064705997,0.21992778597300955,1.4010049649491783,0.0,0.7736142891927822,0.23771247432870624,0.0,0.5568468127949875,0.23514276379751897,0.24698122858205873,0.8235800344168869,1.1488583012988518,1.7808892615849798,0.5880673525832818,0.0,0.0,0.0,0.0,0.0,0.3113437633893459,0.17524615982567648,0.0,0.0,0.025493526243538844,0.4588152385214177,0.0,0.3257219888911953,0.0,0.0,0.6762609899422478,0.24397125813641796,0.313520138374621,0.0,0.18051162146059108,0.25282610996723154,0.0,0.0,0.0,0.0,0.0,0.0,0.0,0.0,0.039894051860014934,0.09442440711938938,1.0247436841840507,0.0,0.0,2.4086544517044963,0.0,0.0,0.0,0.9684300563943533,2.5851789688315363,0.14270163841287475
"((4, 0), (2, 0))",0.22972107217751603,0.3737609223198385,1.1839446318064772,0.04776314127598935,0.3788935978026535,3.430279253103566,0.3866001965132805,1.0564610452725578,0.21708152275928994,0.07684195728377763,0.14168734039624464,0.5724881466793237,0.3822201674788752,0.25487796363156656,0.5069197591124603,0.11182425311979494,0.007635880758038338,0.18530079863473392,0.700174958494473,0.5318129176048448,0.05484002095608198,0.6527067649489446,0.47400896775108126,0.2884778861268902,0.009510347186350576,0.5037608716110578,0.830282984754685,0.1711178570772085,0.5838073836289355,1.771118309764206,2.055043007019983,0.6139258682687134,0.09023347177697616,0.5138936138617227,2.5455202895408426,0.6131921191219851,0.14477501922934033,0.47836244426221164,0.4244831208405184,0.15778670526329108,0.18960552963344324,0.11077283271357374,0.5523795213818219,0.10262865874240457,2.065664066025364,0.06703370083012983,0.43884033289889735,0.7431309426386669,0.255808042692672,2.0759073840362516,0.0947333240334427,0.12195158110580084,0.18438581275447796,1.1988412348671844,0.7316465973546861,0.15847619156955872,0.14203333512063532,1.237579989421679,0.06031932185299227,0.2872318224165039,0.8577690385356553,0.8090906867661112,0.5265552094422976,0.514639831079329,0.1948675225050822,0.03225372344796251,0.08605447376874498,0.23312736739284023,0.25776607490021464,1.3952386351457928,1.899410124800463,2.7683083817246024,0.20022484813352737,0.19476510377028466,1.315375654878633,1.2460047310159914,0.34955288056696887,0.33869955703463284,0.181472585418466,0.7576879886195764,0.2469790611210343,0.6972865010419512,0.49236025745182954,0.20852653430820967,0.37213217476496874,0.09917627225313375,3.832172028843149,0.3637820561393359,0.11167358760666124,0.4007966080429268,0.2617217509891382,0.3518160828844743,0.32856710321781213,3.1281188313353416,0.6803732019946829,1.191446844197332,0.013146765393911464,0.08135409791669046,0.8851180460516118,0.21047671234623633,0.17686737385067308,1.025653476719431,0.05433609394174388,0.17915615802978002,0.26438727957530905,0.7804929137379095,0.8321239100862095,0.5308019682010701,0.3861196480710116,0.367159041117469,0.5391744556756017,0.17717411677598638,1.501898778902126,0.2565468295640363,0.11908938479766684,1.0643775762365044,0.22520175974230905,0.08151275002679548,0.063019977345661,0.36034997505969457,2.1505484019853545,0.4445461802464141,0.12717392275945327,0.4598084067571304,0.2403612959853232,0.18186315650989648,0.7493311652547383,0.1304515586072068,0.0037393984394996638,0.29431536290067317,0.19970630010641754,0.41699161414944763,0.257087059093166,0.3051170510375467,0.9917913820972881,0.2755597343073022,0.9321489867269682,0.20347850839169412,0.5165831535983995,0.02558803768374096,0.36241967139099596,1.0727375147410907,0.24540436923975228,0.23834552229997052,0.20783483146149795,1.7985748402627524,1.3514535061615236,0.011474055735382738,0.9248788096512457,2.243989179979463,0.11220062553151477,1.4245734956082718,0.34660525892407645,0.7788056445380778,0.10884782946972282,0.17216938778064583,0.9378383040936487,0.8846142216412605,0.9543171038481111,0.6390367008484663,0.7989860284416241,0.25753066234551814,0.07274526366171585,0.30155697992721964,0.030455162019586646,0.5144816110966149,0.1411140197216615,0.1877452428016897,0.14491620156873541,0.10463386499998739,0.5546710164563964,0.03893433917756095,0.599733929707589,1.201066815743999,0.3845834542056158,0.5929370755052343,0.110927762815761,0.1441557855044,0.10878271534633521,1.0567360416463256,0.395898236891971,0.17779995876287225,1.5198511156348333,0.5701890822412368,0.09208304435539594,0.03126106245108784,0.5162133743391677,0.3242307960833952,0.8625118907951768,0.1034292225111687,2.1178585311768305,0.6139046812436626,0.11733145753475527,1.3063597997288778,0.9615635530812021,0.35453367468717834,0.5510841870289811,0.2034406798309607,0.8769130955709923,0.37472642216343477,0.47631966415533633,0.2530028988312092,0.23717738283534728,0.5894852538326516,0.14699742291573292,0.40783098748867797,0.11879127539962453,2.3708132468541665,0.16786957913361045,0.8632334959996301,0.16590247080218212,0.2715534337820782,0.20301853541272674,0.2553883721549076,0.8814933058870618,1.233726174951031,0.384167715355235,0.13301645319419242,0.22839884762277263,1.8360337583039017,0.1021624336390492,0.4459342013804384,1.2147749198224025,0.916211824784736,0.16766295493101668,0.2877729201680046,1.3859299917913015,1.8058253391997425,0.32836154749682755,0.6159943473305367,0.0846369890610219,0.19767166112409762,0.37330730151643254,0.2894066455296437,0.13988123357006677,1.739963958091314,0.42201009543845736,0.2394263060658004,0.2788702788356965,0.21369942831943023,0.13141515892799782,0.17941568796859175,0.3693723079068396,0.22302960465943156,0.9457855081490227,0.055164868098277475,0.6146650003581929,0.23772479304729394,0.027762504159839718,1.502323322109933,1.2233167437368373,0.6846576491179035,0.12362164718630475,0.366423481998001,0.09764487991909454,0.7511850486126557,0.8884313503192807,0.279898936464666,0.21041638311264244,1.5245290878805364,1.3678421123840916,0.4948839401751428,0.10292293473862024,0.04629823137459743,1.2706405841738508,0.4300082683303388,0.7436509465008931,3.4290216715257236,0.81807069623405,0.82222232488782,0.47260584964908436,0.4370875812222369,0.2545523050297458,0.8222926538781803,1.7858321892177993,1.3401621381713769,0.6019651181122119,0.14973686037961853,0.8480620845865419,1.8373784235588924,1.0935873941170824,0.4940539411300713,0.46354094492708775,0.3902036156929257,0.20104354947458014,0.3639126036689575,0.13563878509669552,0.20784181525178913,0.3872440671772983,0.23292815073583584,0.960208769591888,0.05370910120770844,0.019982334937222124,0.7181066687163341,0.19601185956852563,0.10681074346106878,0.6921037935167969,0.0823469154639549,0.20722034653598698,0.17362568910786091,0.1849280495821375,0.6327633469502236,0.22721366771018325,0.2718638069092023,0.5386902774773468,0.19608265905372102,0.26738590813890095,0.04114344969027828,1.00907070942732,0.14457611998590425,1.4628648090962044,2.041130354248682,0.1431161559515135,0.15360505914059486,0.02285666757070559,0.5280355386609259,0.6026705918261184,0.19222686291259095,1.0635194657027642,0.22354762539328532,2.78942953806035,0.7234557091344636,0.020741145620271628,0.511530933469545,0.4439985881370223,0.3128595853467817,0.5060401556349311,0.13940824240691052,1.625850566480216,3.6555630136150263,0.38792076320893143,0.3394429730055224,0.7111635370786377,2.110340290584167,0.01179263934802699,0.4998278127597997,0.09367575219590263,0.6830308369327716,0.17564948809225744,0.7398727949715755,3.0481183295716496,0.36669557402435027,0.28226168575426863,0.18219663467492553,0.5320141336853823,3.1216370525724746,1.1479300470148717,0.4057324489938276,2.297721499565725,0.4398326050725376,0.5802545329955047,0.3588894416836621,0.012803073792965358,0.46338234497183306,0.1849713248739413,0.23422082314624681,0.476351393204127,0.27877184133599187,0.12860323908872218,0.2388128149949682,0.26711115693098697,0.5958141180947625,0.00910298558503242,0.42343940649721334,0.6317424912282478,0.9769634923565118,0.3818381398874564,0.1113389844283792,0.29010992066045116,0.4366831100346449,0.5776392626167148,0.10464056305665037,0.4318102144958049,0.3898491502916839,0.1732725009112328,1.547417085420551,0.022040773197852914,1.2686751224491544,1.8304441256152797,0.15005415296205005,0.21436806211773135,0.0579886102040561,0.17941020647891892,0.03443714002171516,0.18529280893399447,1.3324882289624318,0.2789211764883499,0.37892068878689034,0.08360428781505247,0.5905111858622363,0.026890189176583146,0.4155283974789852,0.477035332700777,0.3617851441717753,3.0447668443707667,0.4583725271514665,0.2685470564947664,0.10563618727115842,0.3152103128035637,0.5314029550116723,0.3904963449799903,0.21390041020132766,0.38423934434929663,1.1240348680908157,0.25021521353464027,1.0570744429657002,1.6258703984038125,0.16072050249428482,2.731337401672178,1.3766314748173518,0.3382881700559849,0.5034617997352191,0.5978239498002611,0.4779661471397241,1.4466187716418266,0.1127712659502822,0.567794049069645,0.6199677600199596,0.32363539911004535,0.1669868265163208,2.002133234413453,0.12189651120017508,0.27467002304379684,0.054835136626768755,0.9116302936038752,0.4346709242958151,0.30349276331180963,0.6978411482074742,0.38435236139662254,0.2788595493747552,0.4695759855270878,0.10222362080432212,0.016181167660838325,0.2452913250437886,0.033111326204899316,3.5630353584550893,0.22976480085773376,0.06160182190700825,0.2629024476802726,0.09293906736482704,0.06511729717731024,0.09764744083496724,1.3031541769337978,0.34913259689056986,0.09932241593771218,0.045793171285875456,0.684963693746431,1.769156820018626,0.3303427287139238,0.2793978109977906,0.19608920299902655,0.43799068198749547,0.15592042253137084,2.5732649047279232,0.296128563455922,0.9329086893889547,1.1260505277675825,2.3328913448131328,1.7659098982838919,2.248329612226267,0.5891231420227931,0.4033761176775199,0.5056772033311647,2.0012927249568433,0.05571072537660027,0.5293269992491358,0.6773443206164822,2.9644768813060915,0.2156058438760354,0.8926771162352252,0.20517116892875065,0.40850489869441553,0.7031574815615692,2.2381539037860523,0.0027122199588045515,0.46124202580180873,0.38104770531912646,0.23834038799767598,0.2695663115936129,0.13189322354333066,0.600188697498679,0.41624468335899545,0.0005823438581313845,0.07925508695472505,2.35823255071219,2.7860006138780165,0.7553133216810424,0.379944983365183,0.20880150779216522,0.4069619784236833,0.22046859179996003,0.4238855135926991,0.4686872429391524,0.010281696754420033,0.8811455932273979,0.4764497117527975,0.048277867399363794,0.06241246200508199,0.260859081321945,0.3455994643346427,0.23363493320433215,0.34246712377175426,0.21269281802960682,0.5868146418993889,0.12498445520267343,0.08962854183970226,0.3409792815290691,0.5229749482683599,0.1479035806510538,0.2130640131868714,0.04867193951537391,0.5773777812620714,0.024594586675332986,0.26293894457892897,1.4160741080319437,0.43083929329831994,0.1309583967140049,3.075898365955559,0.007146072246123236,1.1558952049559137,0.5530979983323994,0.44318935219062494,0.6322367884193975,0.22888228824844514,0.2847056820156235,2.0512382259330626,0.7157211255225471,0.34674502897433257,0.19142356228572965,0.23268044172054925,2.072268726145387,3.488164456233493,0.3426804863709463,0.6572147638329331,0.3604773806251307,0.5810014347327975,1.8272512623624326,1.262535698887516,0.28042522229300537,0.10838586666841288,0.4262659412420654,0.09404960152610786,0.3915508544202679,0.0926484346986155,0.4902189850181231,0.860926451363413,0.5162575705350527,0.5381940939369514,0.902735042779303,0.2879455005411007,1.0462428403386916,0.13047264518686408,0.15580590514644355,0.2665529942728513,0.17536025520965115,0.510238167079822,3.2399118749804394,0.012491346302274664,2.4970715981193736,0.14853312127823481,0.979214207891805,0.07479032643760553,0.1455801721313923,0.13353946367044944,0.6281020923494538,0.24892913389461802,0.26680983104530576,0.2767383788658879,0.24687386559594626,0.13362663520375317,1.39003094317739,2.0541371375913338,0.7788421864998369,0.43984895500328114,0.28600189875090676,1.7070194152459348,0.20416011964124792,0.5131471123831048,0.11565707349341825,0.32073833882778147,0.9581666645966251,0.2710368980402099,0.7300654524746903,0.539282788529416,1.1912220610510893,0.48920276010673347,1.3247126500293698,0.7886892910475387,1.2272770408476443,1.0689660583062204,1.2814523161215587,0.16596775213361248,0.051425196261306094,0.27788397844654145,2.04936215866672,0.03224140095649841,0.8023572720673569,0.16169061035461407,1.053952466577692,0.17272201280080962,0.830178968363362,0.5359056333506051,0.2981817935101718,0.07813588831798868,0.26970407937491503,0.40495292596177135,0.1373815258360338,0.017619560339450224,0.8668107097132767,0.10073564213398789,0.005219087176323134,0.11033022323544128,0.2955197903054878,0.11686617815706857,0.037736606452487886,0.7092727033055524,0.04123013265340525,0.24726980889869132,0.5402572520209907,1.112625273998492,0.08512495454041868,0.07029324344694554,0.8256856296602608,0.7285977846517188,0.7626150359198731,0.39662324832058315,0.6724704468304574,0.09599276224519815,0.03608647154923028,0.12060259035923382,0.6997250358689058,1.9433362388885562,1.8345508771010985,0.06093740027981831,0.5644156365651961,1.2765027422472612,1.6445549967839974,0.06864465341657389,0.27900023741894,1.784028447243604,0.3202990623625789,0.6556865229067592,0.040706711564858944,1.0665036950230702,0.4489147920086404,0.617745244701722,0.27581754738334807,0.3931631256547121,1.7398349479050514,0.35364495423258324,1.9098109211821332,0.2597058765679322,0.32992076881348353,0.11713354379741858,0.969988475919245,0.5189034167739142,0.10990729498164548,0.25015559136308463,0.3225357018810815,0.07842221888143763,0.05293173506239324,0.03712321998155976,0.007192683255515142,0.5620823250538247,0.059299967918186924,0.41726291549698813,0.2983392998377876,0.05386101489078987,1.3561592921820527,0.3622269070746571,0.0822372019721207,0.3075132486742721,0.6873893210061377,0.05771146320367704,0.4383438868237548,0.47508287849884867,2.5905512218245454,0.37908673032613716,0.9083820765458208,0.8010610360405748,0.42166054667254427,0.27521064742433976,0.8193810773250416,0.7484230754812948,1.1796818696464872,0.7647302944361121,0.10728454788521136,0.5079883937543359,0.9765135914423706,0.3969415697051794,0.1293233390712994,1.1589129664745528,0.25474895065030045,0.27319845374229224,0.7498042738851585,0.5075646190848797,0.0684894437605239,0.6356158710102435,0.5277849455771765,0.1570907987759227,0.11569135369230121,2.2760398214750617,0.5390620074682226,0.08586103756522573,0.21898968132707952,1.7852190363879465,0.7757461644720566,2.2027984124058406,1.8608194958664928,0.24657952612848466,0.04422822261315912,3.1377265553328346,0.1786848562697636,0.7428276318951672,0.18031408374569957,0.4278101780088308,0.6401770984195492,1.6871454796811263,0.25250631043506877,0.17912057373105195,0.4312603323224806,0.6248244173863418,0.45043805341637033,0.0384836801046331,0.26881750127511617,0.6812509975250813,0.941028558345596,4.421883183256696,2.2893835337860944,0.20320250904924597,0.029409975424733253,0.11207425656638725,0.3688320330672763,0.1006734422398452,0.4784884528376079,1.0227381295602187,0.07832878798475201,0.46516849099736235,0.671474368903227,0.09453959294032721,0.06237601758789213,0.11285863061414148,0.20229356396556497,0.17774507231733816,0.19548441266220684,0.031712470806845694,0.09239897654763718,0.12007275314601662,0.4852977024491414,0.2263477731721204,0.07987782392988518,0.5768263528303798,1.0848729250450273,0.5254424092926273,0.10488808825983176,0.6352457989441196,0.18543999121626253,1.8905099127035172,0.0305370636785125,0.1403886663997378,0.04039060507571768,0.10077046640628096,0.7797648843038933,0.03138158403503777,0.1373132395680151,0.09085291347659319,0.5480668893924163,0.018122265839068286,0.3371430458430267,0.40060657046019665,0.022095064002122022,0.4174414510893641,0.47141191467217025,0.2389889112772149,2.5634084779657558,0.05459351991950978,0.7084711993762964,0.03324469427672594,0.22620486102485549,0.5974315613444846,0.5293122600972764,1.2077563272489333,0.029347716565744197,0.32512862082776006,0.803502716849148,0.139584696360037,0.18957892914842367,0.05478575937497321,0.23353587207624216,0.11558360363866216,0.20992573133480863,0.8919666986273151,0.2975342528802536,0.015335413040082235,0.21662829897690306,1.1857599372368237,0.5345946502959122,0.3079818970235899,1.2227595668553408,0.07661656493223212,2.7869253809829564,0.3009923084355549,0.7886216551181165,0.7562882168782856,0.42816024712036915,0.1086505688728312,0.9434813988441229,0.29268528161065244,0.07872149561570241,0.27260536092111254,0.6731086329304694,1.1326408865863349,0.5280736765539517,0.0823604285010362,0.10431494892869586,0.16657407680537095,0.40515185087644934,1.0285862937453318,0.2160051795829303,0.21964927532527107,0.08016000164783277,0.013094289529274716,0.1712399553117967,0.8953745940969531,0.12388009804617206,0.272718658264853,0.006074572892881047,0.2577919078064639,0.08764869395638808,0.3610415033537968,1.500965495324233,0.2754774257250574,0.3383148988507598,0.5820077168116098,0.43194597127949796,0.09775881022970401,0.6516057427939024,1.0840385787976494,0.05728377152790465,0.09522398070652249,0.07868010979547835,0.7055061925231197,2.2824173539593557,0.19556593258162058,0.4224537086746505,0.46123937112724755,0.40258759082333784,0.43147270628984513,0.0320366363795932,0.7391602119733897,0.6447089463025608,0.06718000061106855,0.1307375370229471,0.5580580331484244,0.09534514821169049,0.007367663952017378,1.632703735415613,0.16779244632329704,0.5260312102204342,2.356860203502084,0.2171113636256633,0.6642815224263776,0.362049766364525,0.01533551814541445,1.4148662104421668,0.4467471398747239,0.5378263517012756,0.47036838419119786,0.01004510302546624,0.3284970633622524,0.24949914835309617,0.08499125064491242,0.3432565924766702,0.9355333475068395,1.316098962052019,0.49606532677821913,0.9148780556261179,0.47363197566289017,0.040367644443670914,0.2082988813381519,1.5130152570609479,0.6955679999273114,1.6663468308774965,3.28862318121851,1.478474142932126,0.13318158907438882,0.3915873527168898,0.12970904351279844,0.4860993523950521,1.4902695448619527,0.14121162122108377,0.8072943616383332,0.4550848375938099,0.3061055547544798,1.9772268439107692,0.18473225036186847,0.11295269421179543,0.02167763393826405,0.2982669658145096,0.35790620669780626,0.5873596863374093,0.6640818722039701,0.362404676666114,0.48610995139480306,0.2287619127173074,0.07292835208662984,1.3431456654583904,0.3769393111788395,0.21182446736815164,0.06476188405544203,1.286472967773048,0.3220934676360697,1.0033121312097486,0.7382028388298401,0.10979271648992772,0.11577388214998119,0.03940217951155289,0.14698488262952247,0.01050429978210099,0.09315910563514773,0.23261485244446645,0.17585492049752038,0.7652197294584209,0.9278826133215854,0.20761014085130924,0.2594148770031828,0.39510053975278936,0.6074853551782609,1.2265843388585305,0.6992357544854444,0.669799874468354,0.5024233357467738,1.1885021055486478,1.9674320468354058,0.1290155092068508,0.25492034605793634,0.5379203293201475,0.5092441712459843,1.2298650437811314,0.6463820401763121,0.14973339566053712,0.5148828217118,0.09214264710900855,0.10903857418483809,0.025117974480164396,0.1642598008919407,0.3444141177215545,0.5193058557992436,1.9374634150248229,0.029814082720564183,0.5489659652506904,0.5353066440739361,0.3578673159531035,0.3300595136116927,0.19330422597985075,0.526238788316123,1.1781456686826344,0.27351320247602295,0.844330586788437,2.5252118668268926,1.3590154503035725,0.3671747080626011,0.18010354956051056,0.5263518083280951,0.44742999836302166,0.3648933260201028,0.7794763491994061,0.9117920567762217,0.590136800333459,0.18432713112075394,0.40528961789117524,0.22411568013462335,0.28246815931272673,0.41661260932682564,0.36584392907501584,1.465432654417787,0.637122066502835,0.5820624398965398,0.3028272047582724,0.16411517583145052,1.3134363779711777,0.47040709638503975,0.21228015763785402,0.008185015849686228,0.34933920470056634,0.1270179741568167,0.21599154556171962,0.16443847310699417,0.36649159748959326,0.0905402002115353,0.5780326297686438,0.0627365026265895,0.6230570350610481,3.7809736233296047,0.20283910083834478,0.2952528227413239,0.3648191992833033,0.3231288584989538,0.17640567633686077,1.1820546436896933,0.7546039756432292,0.40049681333008347,0.7816341961625828,0.00862527921191969,0.043145462752349095,0.1911726174346895,0.5172713402532916,1.3794577981577096,0.3813541322570928,0.43975852211719646,0.32062550169766235,0.1671479179874844,0.29772198247521253,0.16029204860674073,0.5439662768721001,0.2346543093907275,0.10770115470893704,1.8008288852919747,0.6724617693553803,0.3070155211640603,0.06709402195858427,0.5193129101708283,0.22785407496415733,0.8673066782613283,0.25645591168926973,1.0080491256730761,1.739361836441161,0.3410691050599841,0.6999072648568361,0.3005418457337341,0.09458292175306093,0.23385379696566044,0.19759892932303624,0.21057820319890497,0.1970837749693075,0.36428076677772414,0.4132540344662745,0.08883003842920945,0.9693880104538908,0.07409783360211586,0.2541076561585772,0.8531583211130247,1.246596356252261,0.33707246742199737,0.6496516735825225,0.041903244151143326,0.2531126985798626,0.4953412378177835,1.1472286553504065,0.29911437534641794,0.8395053289115322,0.01514347090316881,0.10702617382252555,0.2442741617137072,1.367641421576201,0.0214306816578973,0.6745691758874574,0.2604631488872102,0.13254264290634588,0.05756047406139442,0.4154956414327209,0.28483138491711646,0.19589677018131724,0.033100575971823254,0.19247155977405478,0.2897236339084146,0.06088749711568586,1.079583073752131,0.42326926645287,0.3247252439344811,0.8056886356451369,0.5436134895630187,0.5195347349231584,0.07820589971233316,1.3643743642552053,1.7385574766714398,0.8740060200472968,0.1748353219173695,0.14481838064255736,0.6720595208141269,0.6557699418097868,0.0251869257172036,1.5033927790717467,0.863853279548219,1.2422243290529242,2.479551469773096,0.08376654762700864,0.1820190147423162,1.1617736576322661,0.2539243105068496,0.22782303741038223,0.25039758877340557,0.6249666349863321,1.4748468267055506,0.027643824121143634,0.08346258556876673,0.4765100803628084,0.2875039711711371,0.7112526133450153,0.05698575844747922,0.039098578407935736,0.03758188721368105,0.18004360264307168,0.24083892345759383,1.5552854841821673,0.10093744268575722,1.6053715214688888,0.13268821779968798,1.2461252834263488,0.36333491737194645,0.27111000971594024,0.06993668725749602,0.6080669292365897,0.5235930329772879,0.6014513189106567,1.6410102306179535,1.0497982336553462,0.06533768965612996,0.3419523513745878,0.3721281624155912,0.4578902151482023,0.08434094801932668,2.0923272864737674,0.715606199289113,0.18132647064086616,1.35219878460317,0.04188595496543934,0.12295048879384063,0.12340416566299517,0.0522556640162779,0.3336561937878386,0.18736153743350448,0.705532312199113,0.40833703424816226,0.5726284143137927,2.1818730944451095,0.42113378140751045,0.11084787426913212,0.1579475314741554,1.6328582564000014,0.36583340119361163,0.23449307337475833,0.2877945501522511,0.4014826676132407,0.6476487810426128,0.2098354710591972,0.2607939108676246,1.209556104856762,0.7579323313695846,0.29374444172391545,0.09380264517066084,1.146128009306071,1.153858302919653,0.25362333395165404,0.021224792681200477,1.1896121362928724,0.010296034812948496,1.1492498220450922,0.5453809725668206,0.20092694495731778,0.5999175573211533,0.575340778977962,0.1257983321946119,0.8108958158341749,0.6027813488094302,0.07411034587108656,0.0701919610009547,0.6572232631840449,0.1146558728019903,0.8943304475754518,0.2644981149191503,0.22674502803457885,2.073302074248242,1.4089648674710609,1.854629611215449,0.3363982691622649,0.16111447868560247,0.12026746446361081,0.05686833242647338,0.6709325453736155,0.1829048477433225,0.15773749302697915,0.5852708071152251,0.2823938296573667,0.9231317840394097,0.40383838395124094,1.5595597250748274,0.9716050141418031,0.5338901134876453,0.2448753032969837,0.37069734203087873,0.016005899543572732,0.902929981432918,0.32516204474411636,0.4578282123202492,1.0441275244963362,0.37476716954805545,0.41556074593929737,2.418520972473976,1.4580662060337717,0.6920919416847453,0.436794208054196,0.9652197820566801,0.792319948743043,1.2557703176609412,0.5763186343157543,0.1707565891772631,0.32248502163508275,0.8653279123367675,0.18440077585725834,0.7373970844940905,0.9120844194267805,0.9837515160614382,0.44323738514773114,0.12093773989158763,0.18273302104008948,0.29128518624584765,0.9081837798844508,0.20196249365658192,0.3491605781965008,0.007043700860752455,1.2483110778195847,0.10239294648536734,0.011362796854574586,1.263139247170944,0.11474106881005375,1.774284775926459,0.05587093840720925,0.4407424421029925,0.06315869924283979,0.3707939338468429,0.04738885396519299,1.783348750887383,0.22651136620026735,0.5412487098193176,0.18297792338873808,3.704055006734841,0.676846533350589,0.38178652370577715,0.33610853972208443,2.775931186529478,0.4102288353917791,0.2912928363782915,0.26847553292379556,0.20036756501915828,0.31529965626889056,0.773875492128667,0.006772433901703012,1.162514993925916,2.3993773885545076,0.25880138973205424,0.315174450941325,0.3751513896563373,0.43490960940431744,0.5849525181044524,0.26301149356596365,0.9447833024485877,2.2006001634553436,0.7662904877045946,0.18274290300800367,0.420889853739167,0.0870241623663659,0.2847515778129588,0.33526347692575875,0.07637704832468906,0.5587179198985361,0.07903382215805976,0.13477617262428865,1.3704364091536403,0.42163888183813136,0.45922111826327994,0.5041221091738426,1.1329855005591962,0.008475296350495376,0.05592051918907226,0.04931546583490909,0.3643299850275705,1.3784068033215178,0.28763043562928337,0.9577287588309736,0.36841655642850557,0.8131467073705101,0.1141914750309333,1.7603951887218712,0.13044002569684499,0.5565324168147241,0.1038651471769963,1.0887540455239608,1.307450903183927,0.3547170687580605,0.09311087850685196,0.14186320522719337,0.9300610808403218,1.0236585884035554,0.3213925295678267,0.01868425217739844,0.6852698542357072,0.13124649678541345,1.2408665858829457,2.2588368120141764,0.8538850378719869,0.1791306461238602,0.02535922482671804,0.4969132060146009,0.4151173643265673,0.2724709517577739,0.2849977636981086,0.9808346181495977,0.7582017432730912,1.0884301355671342,0.15537781579429932,0.2905335366859618,1.1936652334897273,1.000689059861938,0.7564454416005928,0.04348717341009878,0.4230861803902912,0.9465949217579139,0.11968916715498201,0.16621688645310528,0.9000221685243828,0.13346714766755996,0.5427040401439729,0.8150729432156889,0.03856163363643911,0.23690948169554327,0.42088764141999585,0.4464302995433195,0.054878330231046546,0.42831588751099803,0.42761757728453165,0.024783588935830103,0.3352067162574781,0.22567407399571415,0.38147054775653855,0.22584946839551523,0.5251305096305514,1.5686561325218418,0.3832274014768171,0.5669776528748356,1.1326072284738267,0.20859688907014096,3.4036864862057765,0.24757336223160253,0.18650762743908844,1.442452539872682,0.3664773492856501,0.032215229118296496,0.3142920078970044,0.27393980724782074,0.9156675398226581,0.14819083425845458,0.16050434868024288,0.7124786386971498,0.7387427120733248,0.21609816334361787,0.2806960815562922,0.17236346990614437,0.5303148212426182,0.5461652440239353,0.3753340348121543,0.1550566908534241,0.34134203081730996,1.378889912450112,0.7771244761746718,1.9248943728644625,2.126635752532745,2.273233968816898,0.18049170582838614,0.033698402107972925,0.24134310221502941,0.16675113362320526,0.8144463911004607,0.21650533898004398,2.133940447552913,0.8347976475342429,0.4730731320732531,0.6971121075563826,1.3397732900599548,1.9001482363372135,0.7437279674190241,1.248050667274073,0.09919912256331509,1.4824196004325472,0.5425714230872937,0.030832020776271896,0.07770403727645148,1.0903321465174582,0.2812897855609274,0.22329414288354488,0.16799701252110477,0.5915933959653563,0.26595121796552945,0.02609083534346146,0.5356797289746043,0.12200409309781102,0.9767451930488643,0.37548133278785256,0.7643820388082139,0.06998231979901837,0.39913868387101026,1.0567092152008029,0.2441501542106368,0.06445534051951318,0.027423673447277253,0.794634806422271,0.2854833016547442,0.6825290574235907,0.03814143647115742,0.8125320840854702,0.12018105835130366,0.017645329011968913,0.6462793875549289,0.2794697116685869,1.7992514781367162,1.3691189296026574,0.26649547814007124,0.153806742519077,0.949138219195961,0.27689044107394434,0.013075375933765288,0.5309870755810953,0.2973370568558109,0.7419438858268013,0.16330671602917302,0.4200080299628537,0.10844863597864074,0.27579656298696476,0.28976698977543425,0.1637326810327253,0.5205300019802495,0.4206569476818016,0.6726215009296541,1.3691786164064412,0.09427617297112789,0.291048756274515,0.9731177662860944,0.009396024607108089,1.131340141270112,0.21905419762149436,0.4631182884119198,0.7378328512007428,0.822818291742927,0.1531720388307477,1.0009661166273256,0.41146926547677587,1.1996842247084847,0.23157471941475216,0.2263440005963293,0.4444585332085893,0.32729710150000346,0.5990577501259976,0.045027597717306134,0.3617869142405032,0.5679826474699021,0.6169801667540769,0.14088265990080084,0.10656757132819239,2.363364047637221,0.2677359983391602,0.013399308183793757,0.5167675139164508,0.28450537407537135,0.2997137770717859,0.19856118580834625,0.13291661755641082,0.8955030783206026,0.2425531806658361,0.1542498250222355,0.21017056756704122,0.1480694426980158,0.09381738280525465,1.0160389767094884,0.12193112079848811,0.0906091069767424,0.14924017101306908,0.18227977744914137,2.3916248914699954,0.32181493995137855,0.042674604011378015,0.43407077250395654,1.6100769979617433,0.47789112363163744,0.48905869285968495,0.2844839297011128,0.21297537619384532,0.15770655094325392,0.7610150235969702,0.5375031174350893,0.3336280514675394,0.6010542579060594,0.5965796666815497,1.5224174478573569,0.21870611922161798,1.2358370619411592,0.3758332835332734,0.45121848865384295,1.164355139726417,1.419972595852169,1.0385605197770622,2.405129477291007,0.6566828697514564,0.1140050922287199,0.020171643680616136,0.8555519874923233
"((1, 0), (3, 0))",0.170541006031508,1.4027907396938808,0.29668275848257286,0.2567135644525863,0.2655551841199729,0.1448047884317054,0.45029560775239796,0.25414759578348933,0.022325250183362177,0.5115510740295882,0.14011580532469425,0.5781722055006839,0.39708634542157084,0.8598421255761233,3.563246626269083,0.42327787864381683,1.3375734607757575,0.7177740985074629,0.026473990879646525,0.0625653164904475,1.6124448716536546,0.3344069735850077,0.7461973996545914,0.02441626048039236,4.8238062982301,0.5825098997428546,0.4287308975013706,0.12056838864444375,2.0805513661128243,0.03732678976238213,0.03247488321968914,0.4438213857958502,0.17334034128917852,0.24235510557347073,0.0006065408891732793,0.16861060544854656,0.07828130996015625,0.05149713317965188,0.18611283287146863,0.0044010036329021895,0.11451562397246628,0.04797287434173603,0.5667313107643235,0.24846423675370022,0.06559109107772576,0.017310011122670277,0.33610517810107066,0.20442727299241598,0.01794051103429961,0.1942911296307308,1.0999523742558384,0.07058037554104502,1.1195931190553745,0.8976800339222185,0.022956303371979292,0.13966860873013376,1.0512811526156964,1.9881977989715864,2.045350410044513,0.017073341968945943,0.4943749544118149,0.3175394689677108,0.18436503538361818,0.012300346159925368,0.017774945376788864,0.31696034905101755,0.400297772332905,0.2760557658684595,0.6201507615660007,0.7190273708447499,0.2521572147942561,0.06492717930599157,0.039810234553167456,1.6061769591770187,0.36953469932853444,0.31803559946177495,0.23940835643145175,0.338600271306401,0.12908007558956114,2.9117487349577855,2.050030622277014,0.9679276070216851,0.26100981993202294,0.0652052830546147,0.1633608058672089,0.008015530434122287,1.3088228077666204,0.008289189427437393,1.6556755058118688,0.7830975668109165,0.03855418050426784,0.7030228683151256,0.05795594574341001,0.2298465460623147,0.09581802634358577,0.5828965218892668,0.1245479125730018,0.5703504351793356,0.013560666824924184,0.3952693514889307,1.2166199763513357,0.20279405178448418,0.35916673990092696,1.4396643255403587,1.0042131677032433,0.3377808667566391,0.33436966545128244,0.11276302592060528,1.0047047452965663,0.24272871457298495,0.3340556821555598,0.039324665967841343,0.04510129052309242,0.3649574137256486,0.2771825874804189,0.07635719524202678,0.20127310043467295,0.2183955616849217,0.36669667670984296,0.10216178565009182,0.03528579487768946,0.31612356002956954,1.3979293071177512,0.8681954200020858,0.5302076798930975,0.30687841945595007,0.0505209906444144,0.018777298496233774,0.6845622959618937,0.9184872407908994,0.0076041651575343705,0.3752862958454799,0.06179142543141003,0.1819162595973014,2.0049616306366427,0.05368438159978006,0.010130970809172496,0.09080645586297409,0.8604857749822528,1.2540885611756298,0.028953891682408806,0.057856219334730286,1.0623789097933236,0.026090127921402306,0.803491118113212,0.21862254914139012,0.2059953804533019,0.023658768726603052,2.4525291430756626,0.1265858941636,0.24312863482915514,0.22835414499661733,0.15513428674971175,0.3934037178885563,0.2672503555562622,0.23979100284180532,0.8173658573433966,0.24142427996300497,0.36462552285678096,0.2822532429734279,0.4595363498421138,0.7881645204296878,0.4289704280083395,0.9392455884358533,0.03322772935978913,0.2145122937791779,0.0967021800402128,0.5478700465428361,0.02057678948205266,0.4605048753079013,0.016867685879638494,0.8039370671988973,0.18790398045107115,0.368175885437358,0.03184321305248572,0.45324643890309557,1.379537126209839,0.06576428079772723,0.14345818083404305,0.13015366801979877,0.0029822791013934813,0.2696381138483004,0.33895264844702566,0.3652569236585459,0.05378081343769958,1.1180355364637682,0.08402270185190841,0.35806878245961415,0.4698865454766237,0.8069745066663083,0.03327896016690879,0.7575550380381513,0.4677413483190106,0.11028313085672226,0.07527086664095417,0.13620291226658376,0.033674884943299066,2.1313840103756343,3.15323435895741,0.3600401722440667,0.020520082847161114,0.9719272465337303,0.16181288104232827,0.22858811841332338,0.9229843549826086,0.011185608750304388,0.5243381204337527,0.05418744626504135,0.07518184030967417,0.14401080489199813,0.2666344282763305,0.12180374426071383,0.050429269125987,2.695615181999754,0.4788481587901736,0.017765552641898275,0.20994639059716813,1.0598685284208784,2.145001624546378,0.11079303000615748,0.031799629293690845,0.13065649544580288,0.18482070611465584,0.136094162225053,0.15470603899530389,0.028484368219130918,0.25136543469940653,0.039044214274370104,0.11575141978845127,1.0208087545056315,0.17998293672055832,0.16796070003996733,0.7523503938978701,3.130474350614407,0.029914101438906382,0.2120819841434458,0.8007585431358988,0.1951349820681263,0.5770456268759635,0.5424206114671312,0.35922331180587475,0.4998129573063048,1.1149037170814304,1.102368909930368,0.024203927893754917,0.008768392650896684,0.034282124700473426,0.004619681639239426,0.09265911042648511,0.0889172834698293,0.4709650171550642,0.007257431092259958,0.5602326148711646,0.06174397021116429,0.010959628729341198,1.1522764389348965,0.5008017726096103,0.004262650653374334,0.43527378838753594,0.014326145379446986,0.05873420542600427,1.1083205847948892,0.46629771001394177,0.5558727275396512,2.1445547710594832,0.06863983880402674,0.018675282237031576,0.10141989768069593,0.023074106970628727,0.11702272003517217,1.3439662153122907,0.12481230760816608,0.5713874718890506,0.7074783146226103,0.025170561273227365,0.07721568195786588,0.2512037961088661,0.5541046809593392,0.10133030599399084,0.09809482765085609,0.7008018315264257,0.12173276895140694,1.0812258575728992,0.47365512952213085,0.008434008667980497,0.1370327448177171,0.2408879331746604,0.290813614604937,0.17586520995472904,0.016392304620509335,0.14536506598497811,0.3685066640708812,0.1233412790361541,1.1429237531458112,0.12774497028395504,0.11202868496317409,0.059849248058116866,0.08814530424984324,0.03831440022191268,0.5027552478588317,0.18383848922228263,0.27837545232551975,0.7864778499496765,0.11033785688312592,0.39174031141337395,0.0975898193053433,0.03989840117399035,1.2993013640264905,0.032215133141969776,0.007704546213076702,0.08051680243591108,0.9420029143147773,0.1442023185722362,0.31881249353269336,0.1612384157097213,0.6021233255776601,0.06905122093224669,0.20902312520444977,0.12250242974058756,0.09853138365943304,0.7441199176705617,1.5557718712703372,0.7899315115933281,0.2795124211424824,0.33464732731259184,0.04576449173201902,0.08361349360917097,0.11120085739783625,0.21403334369582483,0.3084158562417111,0.1278551445286894,0.13491396077601436,0.3659032835487116,0.36522352443056777,1.4275639074564777,0.00866308610942823,1.797921430340279,0.27695016894088686,0.5326532641932019,0.31962984228956115,1.2123876472416415,0.23352643024338415,1.4136144756654843,0.15260641471374703,2.112865103951365,0.6068259764943971,4.373965802865958,0.810780735278374,3.181304283646746,0.20613482489540913,3.103149247546948,0.006740201202012741,0.07255380608993045,1.3338244271503947,0.013672988649618079,0.7908388428854225,0.18284520258796377,0.012596654137886909,0.11528430528645017,0.04936047090178053,0.0863638960292108,0.14102272242367492,1.404504396254282,0.8522783816295868,0.02789050855881048,0.4638193632504469,0.16087360133944628,0.09331823045527754,0.23577795521011474,0.19638508739656169,0.4821163458486044,0.0003487445969238001,4.042713339294907,0.27828058804662037,0.18150648471025344,1.635086280813708,0.4356122461616869,0.05369487585589061,0.07117714612345816,1.9700061897392929,0.08036153624146392,0.6151109646730304,0.8263763080604369,0.02320990605640394,0.0894013672374917,0.16354250741036513,0.1712302781095364,0.028173949866657777,0.12360145040156068,0.2377810495561843,0.39645229900622675,0.14106896189891605,0.1301706965244731,0.17452849240721147,0.06171724263175404,0.39242903802065277,1.1968831959860133,0.6409334776046292,0.6333842110000761,0.034531993959082075,0.04266889801349261,0.19869227273596612,0.33764698780563607,0.1570948375840055,1.173533952237229,0.34349254537625673,0.30311062960092316,2.38524094627652,0.5073826768667171,0.27488327640557964,0.06144901443219719,0.02600792955357678,0.022411089635246073,0.20734320777022153,1.2883588306546938,0.09569090838845751,0.19763189754761123,0.15466349834414328,1.195359634899671,0.23781265993809209,0.9798838245980135,0.7863261501593395,0.5120138435929571,0.47938981413518633,0.03755241537570603,3.3784573572778633,0.12009524201482202,0.02041533709645027,0.3851367742761116,0.5261171067964586,0.004866147013503963,0.1275139796204916,0.036961066785693664,0.1217700393870022,0.8001285800754658,0.9140577704135299,0.09755136619336618,0.24558839667184684,0.02039684496042049,0.07207069259673596,0.4619529194010751,0.528005999543341,0.07425021876637539,0.1180459816825381,0.15717650428151209,0.1946688940861212,0.15294107870358964,0.13861522000017912,0.3522328542352251,0.055409837607958146,0.5633481424676683,0.07394092208803149,0.7235226493440623,0.44100427764530004,0.5167479828992525,0.07093082977954213,0.945270022988348,2.0832289779805255,0.14906563136028073,0.08358389391458032,0.06667326857129552,1.9499149403005553,0.3995065584683214,0.06167755818913312,1.3221778802282171,0.10590964367293365,0.11546184793517789,0.016519470789256918,0.08335789136690819,0.396321660465757,0.5658049107796865,0.6311601480470217,0.7985046036920213,0.08457118414833875,0.09468744863391854,0.1074693873146289,0.3085947078222686,0.9372634041738599,4.6260957565234095,0.02394509207087217,0.2814691910610321,0.5000634447819736,0.0728017769339242,0.16977507399825442,0.1594185352910531,0.36154800600352166,0.04422161069600028,0.00908971572508166,0.021336617138714487,0.004560197394185228,0.17802874918377198,0.010394570225946809,0.14640784166805354,0.7050778861020985,0.14023290920446219,2.3585387570019027,1.0840937286039671,0.04270011972408261,0.03318558977915331,0.6199290660220196,0.06934181498516909,0.5391479036304965,0.004789305598209337,0.12634701098253842,0.03128204741408114,0.27475874299761827,0.6864050941497681,0.2463441535828088,0.7869470162981693,1.262922874821537,0.19999143989014384,0.5854698306867481,0.007388326140565615,0.9922330251103825,0.032189709269959316,0.029962944239455447,0.2524606853280046,0.9580760015079017,0.1862617755196173,0.1336959830561284,0.17458060004749126,0.0903711501464447,0.3997107552108231,0.40483553237099523,0.1591915957869774,0.07554779229620512,0.30162311277275244,0.12214181246207434,1.9115971695174594,0.7987601621947478,2.8478399454737557,0.014006225345988943,0.5878562799152084,0.06302119187198063,2.3057648724035826,0.10879588836915777,1.7897225201892195,0.4401502796870742,0.7285388192242526,0.048121981257753826,0.06109248808323908,0.2961521836435851,0.4031978419097293,0.15000231990381652,0.27920042500987785,0.4116170172897981,0.20573936843670215,0.022113280565457583,0.8347788290682547,0.027996610959831303,0.09394740334442497,0.18014041638063,0.009729919126733155,2.4766496142185703,0.09252560998263548,0.06804234020524458,0.09478017331240518,0.045708370640238805,1.8613940657957038,0.10217554221372427,0.31708612594656027,0.0754640816385791,0.11871059965269648,0.1808631276358229,0.05276375552375623,0.32087905401072847,0.07030465217418569,0.08782559740401197,0.21093174308392137,1.0026149850197847,0.196539519886761,0.29702870185496777,0.4283337646454992,0.4845060192142233,0.25647212401555386,0.10486931551449186,1.7381610342330744,0.18077488098021446,0.4946347778176534,0.24966679671900427,2.667481331113861,3.1517357741331735,0.36710016376385424,1.0586353819409744,0.09698315455540518,0.746845028773539,0.013947270212861185,0.14473798503498903,0.38941050092823426,0.4413395580220799,0.0081772948908988,0.19987374538957497,0.7787604274507766,0.20146695771937445,0.00811933517863922,0.03061423731251267,0.43224180820725566,0.027693182283935913,0.43128591639435987,0.6690804458423629,0.7453757058026926,0.3119215781475131,0.31699004330735103,0.07802692153526025,0.18300296959690687,0.3260496875152952,0.9002922650884888,0.378946613207532,0.17946016220871663,0.044089263913977716,0.13898474097389935,1.241011822569981,0.5254120043532988,1.1846520947615333,0.5353665679321798,1.9977064656335073,0.12060296989005792,0.35073405391005497,0.240222680400752,0.009373990993382098,0.014370989156635816,0.1183508957108268,0.13228647280765626,1.7858944509158472,0.14734552541956336,0.4897284167591861,0.112847588155438,0.2543068564601122,0.43559207581943654,0.13705677407470407,0.4855755179568991,0.8094371140527183,1.0316564738723004,0.5188269449324153,0.1799885674036503,0.7362212770232911,0.4351256753321704,0.09046138997842057,1.58940983612798,0.0403741788557449,0.0456016323728472,0.08087787594584661,0.05197226845489067,0.26902414970472344,0.37175261583721575,1.2140929753168115,2.2953666998962285,0.26114346358307683,0.006255105769191582,0.30472326356348123,0.8824982060062676,0.13323809353558125,0.6434073738056811,0.09581633549254787,0.00777252362535541,0.02438821861402607,0.037431097745771136,2.730165416312067,0.5381280675003113,1.102529558717698,0.40789031015853383,2.010871751406017,0.4929512467085748,0.05109587661045428,0.2942560781422081,1.3018992479718645,0.05882515807843092,0.1603524895731332,1.785729801602069,0.21272420861857577,0.054001123929920736,1.5545021259565934,1.0633098068720543,0.032328187330046054,2.0027526122409776,1.6716283422445817,0.04114535878035319,0.08938857611129314,1.8510497085572102,1.5678065983950402,0.03382721281375281,0.002473137502992273,0.747106372993136,2.4167344688058066,0.19652626428834497,0.0260019081300924,0.05517303405280616,0.05785796789137221,0.17332894117198694,0.2948459208361478,0.09220641554993428,1.2389522407330826,0.8990255142623269,0.3021138152516366,0.5174528452678793,0.3936910001044943,0.007884457265050715,0.15701107125738467,0.7631976675523982,0.13943124672371787,0.07503724500438147,0.34208680146958936,0.03281958227900594,1.2969898228666537,0.5428541546107324,1.6790959853078546,0.20254118161897672,0.0660719744089362,2.3055001604567105,0.6719398969150161,0.2863637459083479,1.1511939542436016,1.9717916984259918,0.5789853647568715,0.028046820798895755,0.9799544169012793,0.4458096740772084,0.22168102975793547,2.108568551918135,0.000826405942677022,0.0701621850190105,0.276915321161262,0.28860452927505054,1.4806924016713854,0.6193101037065835,0.27608780965597063,0.5771645076795344,0.03520746337204572,0.12384872116570578,0.15200829745561317,0.5601792482229713,0.09771121883928119,1.2374044876642758,0.02389266366077203,0.2606291953809732,0.028821241123907937,0.21260520429662078,0.2050063618883874,0.671604622784217,0.17702906073509528,0.05086465391067696,0.28811115650033897,0.5568996432516666,0.3537504024292416,1.175529921522092,0.07785861762722579,0.747627981660205,0.259866543940827,0.19411642488660297,0.001246559259226121,0.22195412013667237,3.410709208433129,0.028535914207430402,0.6314502162044634,0.5767653048219226,0.24889727821547059,0.0732721677298459,0.052186441768196645,0.006907351652626126,0.01337838969007854,0.13127496653941062,0.022685459763867266,0.003855790765548095,0.0455822026395456,0.01893016392009997,0.2603457054253301,0.9103988366662313,0.354823212763807,0.03529754878076341,0.36541415478319983,0.040883767975429114,0.10162714503762682,0.03404320824291146,0.2515489606463648,1.1509693702713708,0.47989527834669854,0.6432354431174263,0.5069054024687495,1.4226414228031563,0.035761321716077155,0.05420051579329754,0.04960947578399377,0.5843201298487818,0.024259190020201604,0.1401423577058014,0.013091441704749629,0.1369825558182235,0.38646676392011514,0.34500759068356057,1.194625520433417,0.3109367205447313,0.10668785609629627,0.21876956904512573,0.12255264270282262,0.6276888748160727,0.11630111633490942,0.46942136208561247,0.5880013634174707,1.5263780478184605,0.2698467921097215,0.19768508585950173,2.3918061037840648,1.4811534764785839,0.02448361588849185,0.0071143081812794495,0.9320600653034247,0.4850294182812588,2.413117343969958,0.14636355400204976,0.49104338118864455,0.40144489293282737,0.08025231927896881,0.13493356755166208,1.1698781409562438,0.16585853705300213,0.6161344733235364,0.5351861155227172,0.1878140233574505,0.44432226666123475,0.05240769250717858,0.7953010549430191,1.0320139627075178,0.7914469010824172,0.41108674196926476,0.1596188598283239,0.014828785004868783,1.1008527540201052,0.07005041362159226,0.030406297502784563,0.2732274410285005,1.026597180694801,0.20796383543462682,0.22949445553120415,0.0002660136992783668,0.39906623821933285,0.10287051811423864,0.04895698791776226,0.42662046616690685,0.10263545618657899,0.12643637767204274,0.553870939657956,0.0655499158200672,0.23123695227264962,0.04203059429120415,1.1477385893980223,0.2694139179519981,0.07406723070443977,0.5041023493015961,0.07276765022968179,0.014870523294757965,0.008070273494188651,0.0392031155411226,0.9743643973177003,1.7677239457687546,0.011488179533642562,0.03459788244640416,0.013271251265601136,1.173161250466329,0.11169025706254032,0.3696479405227826,0.10083994034206167,0.4221462817577474,0.05291207254089669,0.1276619592633308,0.055114515756508387,0.0916504043137259,0.04658750143339985,0.07809602429355977,0.08013928510757173,0.038958253982406266,0.14906875460287738,0.08671944080638194,0.09114427458892604,0.051749334713464656,1.6839723612174275,0.7522400250288892,0.221830207027572,0.4550301109446361,0.3679807794649274,0.26071723470070207,1.0310857699189167,0.6823566151790286,0.13397463175994345,0.25109811199140664,0.3292120199299341,0.34167978082693773,1.836434914910176,0.27097419815918167,0.397604214887881,1.4825563165338604,0.4981168139416965,0.008781749947768924,0.14269333169146858,0.06185094996987278,0.06043357490492118,0.17666827012399489,0.14716654627019699,0.12055423648486308,0.34482486634252396,1.1854653133575497,0.48444751852099827,1.3557231032436006,0.39563521301986576,0.4264343273890536,0.09059776613247017,0.2250586530043832,0.4286248891760134,0.6253157033218197,0.1441800547861226,0.16610171992396117,0.2937571893322407,0.3280362378128028,0.08813509745055714,0.020635198028792878,0.272406511590774,0.0815262910957027,0.34350490628324826,0.06466024832092909,0.3840678726951418,1.5432722004251695,0.13353046624563736,0.10310262698798234,0.0140486966509627,0.49988624201074583,0.08478020679619502,0.004911566676370105,0.005027016433000853,0.1137566920083306,0.436286135982656,1.4367774470079544,0.022610299369449804,0.11977992470775534,0.009321010326049817,0.061582778398914906,0.02450176235422924,0.5327551510234412,0.03612942569263877,0.15505342875506956,0.14004079769573496,0.9454552353576715,0.36026469708242115,1.2442911059352597,0.07128859047364033,0.2064422641336412,0.47066812810470515,0.5204065181598149,0.13767502962692157,0.04431439481398369,0.13188240777024407,0.1720076491975585,0.3759479079407746,0.28071421555750964,2.818370773059362,0.2960283759931195,0.296658888864054,0.9969525212314116,0.054657749493307595,0.07866837061637988,0.15873956924785973,0.16550129593984653,1.647470092276708,0.03127766790737174,0.23176088800278838,0.913125044836088,0.11244642218440082,1.8755724968520624,0.01811951524462252,1.3770568397553544,0.16263225256058444,0.06624615326424088,1.376276063729514,2.281173059680494,0.03300293521979469,0.04596698535666277,0.9740138475378759,0.07962147861022456,0.1813575888064618,0.04781354825176498,0.26197986723052125,0.18363744523988967,0.11798985332207457,0.8277490241056773,0.1189185279416235,0.4629503524717684,0.004621000123677721,0.24006775809352598,0.14880419251250654,0.2854423429789108,0.2541143636288371,0.0209274321043329,0.739621866305482,0.38383556285466236,0.04145770620186745,0.4045439648546414,0.7811363936995812,0.22378491774751308,0.04704439689994527,1.3680138601351204,0.1717382174597964,0.03656676623456212,0.9911562831773024,0.03510068927158039,0.3391768727217044,0.3828229568013175,0.9687194588814447,0.31147030898153416,0.17115134121312137,0.16279040728760252,1.0986856194690573,4.096980742356777,0.30006777726078293,0.021768949962501727,0.5614346036495959,0.06134392605585792,0.4784272289976187,0.18775875020326305,0.3845493188480209,0.6920290654224973,0.17115493197044795,0.17372612558985656,0.9866420098729075,0.2998063567308951,0.399343250669276,0.9267632224613742,0.2816357609783391,0.29623901309656664,0.2927798724389501,0.03176342906453722,1.0344999758170723,0.1860153732802473,0.18353083000934245,0.3042772252039707,1.449056880846901,1.060275159611118,1.1112587223750259,0.2804656743716993,0.15468230516839643,0.0931804517614343,0.8823685100271063,0.14127013904467245,0.7556203231227667,2.995170711965503,0.14195330771048487,0.09828680095369663,0.545869728639558,0.13700260234679917,0.9451860997689625,0.5865387982116619,0.8090354025152658,0.2697055324367654,0.2374021674741125,0.12016875549277312,0.2717377559631353,0.3578819613435194,0.6089904166503272,0.16148690938335897,0.009555526667398617,0.022937122382693187,0.7966057882451516,2.439530258850752,0.005911826304965784,0.5924520881838087,0.4823726152348269,0.42859951103320415,0.802681511303637,1.181900667794472,1.2147032732123444,0.05058945512554047,0.10000571632800548,0.3607639078650593,1.3492389542130607,0.05887369138705045,0.11052839285920701,0.28944868214689023,0.024493004756408587,1.3407329489956137,0.016593852077829818,0.04669091411427573,0.31247762173417226,2.7045657305132687,0.2985289165830084,0.2579165412910053,0.06548236443454802,0.19279640861397784,2.16720265503255,0.8427098016587373,0.2841373587167759,1.4356806743828192,0.5531122373399474,0.0325313384581698,0.11008217962980527,0.19747349132418357,0.2019520768790306,0.02818209331798327,0.03981297136670969,0.3843724509865175,0.5997261571984163,1.783028208161173,0.43936369578863516,0.0101377801068111,0.5713612236398182,0.8362037417344421,0.02120433415426548,0.488807144984942,0.50450095829201,1.3734715546832954,0.15961228968055918,0.04124489975550705,0.000866968073530483,0.052213464425576284,0.1687596906894261,1.6432631244271867,0.24244446407945713,0.19920631576734227,0.40165725053234125,0.6050537112325369,0.8071491056033653,2.6153686185616194,0.4347582618356415,0.00257045299783476,0.07004905929904681,0.175187554273057,0.3605512212665464,0.5395230906198875,1.9042490756346158,0.5013400012876716,0.8098945122366354,0.04781420043412221,0.044778799820146764,0.037822009704433834,0.03428199531795506,0.06779575897841128,0.30218801655088234,0.8487516112887983,2.4733167242819896,0.014305752971097097,0.566407845349196,0.16958543675228044,0.2829581590368777,0.20737942267287746,1.8688746651004697,0.29631294054859525,0.23290235752918353,0.6579363376574019,0.2288589234914956,0.6662664974367908,1.3055891742044956,0.10037442437156097,0.2644328383872161,0.0009768537667478316,0.36206339450091374,0.38053060355385737,1.034637631926266,0.028181599750165987,0.007480751295787957,0.05829223846979614,1.31492561263441,0.39618123888069734,0.10375086453604154,0.80779418349993,0.017542440042698892,0.39750325700927314,0.5115818275727868,2.1430425536765485,0.14712026064621508,0.17515756395437404,0.7804181887057458,0.4526164693000798,0.3420192348960627,0.040635211142750594,0.2641629810989764,1.3068784352232152,0.17984415015471056,0.28561051840347373,0.249972072379675,0.0017939903066342966,0.2575432183100033,0.3996595015474106,0.20974250250523374,1.4266204885142961,0.2543718491026965,0.03729862240253934,0.4560168297941975,0.10974155366113386,0.9923570534144515,0.15226646852879,0.29103589426743504,1.1592820932718426,0.5115296676587682,0.2376336632543461,2.1500461578682604,0.051192927365012464,0.01689760912831839,1.5422723096174926,0.23955550928041713,0.3276739312435093,0.07413785024336339,0.0017199921890929115,0.09860825576262933,0.6198838166494955,0.17010064833768634,0.010528671569865256,0.11762321457835245,0.6435250829240273,0.49985981871555296,0.0724012294527025,0.05621704112730963,0.32725527489277073,0.04185701676026299,0.043137236839963844,0.0935059876346156,0.036445615533092474,3.376469599976714,0.10995713985895827,0.07496188643200619,0.0015136322462412366,0.17455786603667606,0.07802095251421481,0.07757893335679733,0.045119772776496925,0.175546509244487,2.7658109889720444,0.5099487401591555,0.38862767777661245,0.09406574904907983,0.17621611294495215,0.3183142856810614,3.8637199761502736,0.9780623609524262,0.3859076314850732,0.12618807042818725,0.4566893582453523,0.03879744764695703,0.5313571186308951,2.233607216418158,1.4503859978782205,1.0699824367745343,0.4942047728691359,0.14074908289171972,1.1998061824550632,0.6299869324722216,0.35562227916862044,0.16838980379332757,1.289230201886602,0.06999969192737598,0.22880530839274382,0.12463859324540194,0.597777062962012,0.17375048021778272,0.01815405525138203,0.277017094188414,1.2273110424110665,0.24141266186381544,0.14859353787025253,0.14630675134463156,1.2068549922607108,0.5816774197635868,1.362174121477162,1.8742302150768624,0.6243256281309872,0.059615912108544944,0.032744814042552584,0.941911679350323,0.19504172324594293,0.2426631161937426,0.017598934000329414,0.6784108619619743,2.0227763568938677,1.1476166603372677,0.22353533882807008,1.6315990615099176,0.03163638746524078,1.016238858494617,0.05772371159518408,1.4142775153860456,0.10427439189709764,0.2572113516658452,0.022161862981552427,0.19034054326367267,0.3537530174896292,0.11942273741821818,0.5024191373613607,0.15319844256132287,0.19799764092763839,1.1969762019515668,0.030940298674807076,0.5901023822597741,0.2578826040750679,0.2195463255104778,0.041318658171549394,0.35169237492898375,0.5495833041669432,0.8011182284797997,0.04223718117778019,1.0978677483494823,0.20603488285814647,0.8977907855449296,0.006257845015803509,0.14989234651214955,0.19769052952591726,0.500804018738008,0.059102176321665534,0.002022886805099988,0.07556606427169932,0.2559133339621542,0.0023980218877233117,2.830238124189942,0.24592008687047706,0.24648704438002456,0.2826338425960917,0.028614098651481956,0.09764587770146149,0.5733484209376012,0.4091156079371481,0.516442791098815,0.024786051686850108,0.5394261086092517,0.2982708836659067,0.3741076888459933,0.5574880500364752,0.2620090656189016,0.09466215837436726,1.9003461084277093,0.4805794343700117,0.5255243561229581,0.30220084824235394,0.4037806656089691,0.1108513046335407,1.2241959174155128,0.2862382027742776,0.17495320698830022,0.43150740934163956,1.0557233558312462,0.24060186727992705,2.303202362366209,0.24208130034801137,0.3248535286863028,0.045399908156886215,0.1560943583119807,0.5409104673970238,0.011682342016805514,0.11961233207117816,1.517485494363165,0.46409402282445944,0.13421968162723863,0.17259173969040364,0.1350423137259149,0.1520978297292339,0.07665324994609257,0.04371071965238005,1.003142265925984,0.20501575586493587,2.1959060768733107,0.8594566723026851,0.5160732400210435,0.059680986484373255,0.4637037053861254,0.10420813060551565,0.048418540027025725,2.0438974671046846,0.5256513191284509,1.74339317866806,0.36950948342771217,0.5435874237670957,0.27963360140007953,0.042875597016507117,0.8999918502526607,0.10873075126310916,0.4606458798187285,0.02780111298457566,0.09457765473195034,0.4443102424298918,5.238714415209848,0.009482866644581145,0.7301110954653363,0.22776949584026074,0.25235585668023935,0.1553614089946539,0.39790798887263057,0.0657386036706431,0.036888902024720366,0.31729237281373474,0.04552775840029122,0.6244639479410254,2.8772193886985202,0.06340249128482156,0.30740122456019825,0.0689897087891026,0.1729479225055428,0.3594295392801402,0.058302608532259326,0.1668747863614719,0.21142556497323128,0.5603748837926943,0.1268030016470958,0.3154017454557292,0.011277522016424513,2.1132709044614475,0.28051587077419216,0.26876736700337267,0.04699578335496679,1.8526148476868323,0.720523580617324,0.14325845466972864,0.0407405455162817,0.7251119271494029,0.09190356722431137,0.04857113027821214,0.03570751820668111,0.046227372743467,0.461938651067177,0.7549598041164709,0.8210020209579743,0.45922356752358323,1.3052160989605657,1.1968611305478523,0.7711073264557634,0.17564042669790925,0.690094121385189,0.3259856207788209,0.2691568887256054,0.7906665077105924,0.9946943215769751,0.04347740253178811,1.2865175148823116,0.006634759572079152,0.4951171966605059,0.5869899450048158,0.14819939783967562,0.11869154503937462,0.3099120456141179,0.06680950535246333,0.10662527798907173,0.1859481209231828,0.7198817883415198,0.05024996805471382,3.50710340018124,0.12342219949483724,0.3372956715484945,0.44374692588503195,0.05599705290754653,0.7024869099132991,0.306279170491891,0.6016434589319337,0.14498389935079348,0.44543307241393815,0.047424292315369265,1.642394936100724,1.0539690958705277,0.18969379772446748,0.8409977938736032,0.2421809084946034,0.09871477725027944,0.33015171809997756,0.38097073734839115,0.03988955582526105,3.347796292084104,1.4153704079681397,0.4779755801695912,0.09528672450321318,0.34835325933038197,0.988882031698503,1.0397526091550424,0.2642250112282596,0.7265921275365523,0.2789792835133764,0.22029863474369504,0.23740144935844976,0.2682725177925763,0.5983752146093038,0.2878551141659971,0.06330420030217587,0.4183764008957598,0.0871803009441745,0.5866742357874924,0.21907260057969924,0.028370491036668055,1.92829698885227,0.6938568581910887,0.03722996698538994,0.0416062745298138,0.066385034978163,0.16246022974530805,0.16853944786515918,0.11366264427192657,0.06767815038013358,0.20178158098567484,0.03483770993406465,0.3195080953184255,2.40496782187519,0.0809841759579566,0.00011575784427009239,0.2657168484247505,0.1770694982175971,0.1911091631878754,0.13254264935509996,1.0771878083072894,0.8562590221470426,0.008550013005546364,0.9778605001366514,0.18711740968372625,0.21392545165504206,0.43849699575639844,0.31917136857714645,0.36214031748810704,1.0888992684566923,0.1504808220192359,0.07375932010366937,0.5600976931486706,0.1993727146152482,1.8124600391750536,0.2306207533179967,0.11288638898666903,0.33346451329504123,0.9216141975509328,0.02956636685314995,0.043765213129285774,0.031187779495558288,0.012304153603218015,0.25839531425560736,0.08859058541060016,0.46526946232825117,0.05281840201127652,0.47901645794945785,0.07559379102967723,1.0380898883642473,0.19675493845338182,3.479313565280131,0.044298646287347365,0.08070659909315325,0.0727144685313319,0.06781245702005678,0.09352638360909654,0.00562189800469115,1.2651098037720838,0.01731261659985378,0.11590405139766036,0.850360074292462,0.013218092846209673,0.08400450012227484,0.1325371766192478,0.07048213440233098,0.8952278867524981,0.07509896872404398,1.8447783420886756,0.09991686570339675,0.014305733342893201,0.512611493793464,0.7492124166634613,0.1510907961755188,0.09206426936584833,0.850971378278848,0.10467663534612326,0.2637087308851118,0.6265086562206935,0.19427423685021306,0.2772058081123574,0.013630742284908015,0.370881262430386,0.4639175127702925,0.8416818070292325,0.35073020724597953,0.028483271199983617,0.01460790923030042,6.057787054080434,0.1424488165254444,0.05640923449402091,0.053278383979931565,0.0725885778822063,0.7676268924234284,0.7342269191640507,0.8676275838677938,0.5165141217192504,0.27913859827693255,0.42426684170167217,0.0026273130733761585,0.6303015079520409,0.6463215706988047,0.7276100241849672,0.05241393331313737,0.5591142556911806,0.9001053289340457,0.07766416301406098,0.05427564478567015,2.9277404217242657,0.07180986425299385,0.09780223611779393,0.03004909762210206,1.9124176549680572,1.1842058711318164,0.07542678749103593,0.8516410062267591,0.022392472538663055,2.247672831198171,0.02789277187789052,1.5287263034393566,0.5652257075249412,0.7772426524639953,0.3920450376359965,0.4200434488722926,0.8954358653651794,0.14737105010791718,0.8353125007532209,0.06860439478809455,0.12368450079864934,0.24482162567797583,0.5778242106110005,0.9443637289776053,0.026122490637561335,0.09336975985259555,2.006009991530337,0.011051383415471738,0.14455673062726493,0.03678312811639539,0.013910698766540275,0.28770124996718527,0.037212741689115036,1.2817023126607563,1.0890319481891673,0.20174603850330297,0.12248449044629672,1.5361488414983224,0.3748377555618554,0.8548413863311867,0.19059303812360584,0.007451334573608692,1.2175763580489813,0.05114854003322708,0.007337753771400668,2.6491833343962177,0.36046736218805586,0.6768435371109116,1.0663584453967252,0.006921285740959959,0.37403198268109383,7.096335039191715e-05,1.8476473826744693,0.12238371604613502,0.1051073564759264,0.22648496283333652,0.22426059618041105,0.03338090241193581,0.1849180553989378,0.7835566335068401,1.0853158676707522,0.7109728087828666,0.4402509098111196,2.138553567135002,0.006150258724255231,0.6206801757922837,0.03890904377137161,3.292873005150882,0.09841972688030326,0.08563290120280231,0.2051396336695266,0.03513335744473367,0.725484126326778,0.43608573954787366,0.09904305899463406,0.8354270488571215,0.03519376351193482,0.33732230669852137,1.1569397247345554,0.5499913774369976,0.03419158377459541,0.5048033900467359,0.09800563349842939,0.2678763996057354,0.11379936169025173,0.0075321269093112375,0.9054470603758018,0.01744707388502109,1.4508743475911499,0.12017741503584412,0.6328192579544649,0.05219075598250833,0.07377272059743323,0.515162504819827,1.186728669112296,0.10326794121564847,0.17894606640543254,0.017991956588255698,0.43831267794901796,0.1473962522999962,0.12590427129164383,0.305304150128908,0.29434680123108503,0.024891808933375836,0.24826134625365626,0.16779671269316798,0.6105764326074283,0.1516756377125945,0.01208377462840815,0.0758893723866586,0.023184041563485913,0.1597450689746892,0.3696404260085475,0.020096881399013777,0.15972847776951815,0.923922390827447,0.4648956429630261,0.5024735346363266,0.9364838600938663,1.228023559275118,0.11664458262112432,0.09304175591477448,0.897041432584821,0.30595682786645073,0.10375918680230745,0.4518557665143299,0.04035665724791648,0.004026159291600329,0.22729375551144992,3.422669705768746,0.059849719846025384,0.5577216936132703,1.4619933720253608,0.18457744082472555,0.030799026271407404,0.4855186312856665,1.1219530997246259,0.06155662494155267,0.1683063123275058,0.6127677934698907,0.1273514832614473,0.10978645980674562,0.5917318053476779,0.3102145769979605,0.17712254755604884,0.12569785476538775,0.13161237288482375,0.7707933596038485,0.28912320237782163,0.07903744503108379,0.2834902008539595,1.033818283388309,0.0995933177981958,0.006375417667470629,0.1543141656844843,0.06209943833926457,1.035519170395915,0.10593832934551761,0.3160859418244384,0.3769204068691268,0.2796022783965004,0.0698928216605581,0.3186094400930661,0.13288158302258857,3.4187763457889733,0.9177011240097157,0.5615074367378301,0.061829027443410234,0.04752351133312338,0.5130996934061728,5.129267679411034,0.4282709214183582,0.09205159241504468,0.83045218561046,0.47420651304936157,0.010878410653177573,0.00328746927794088,0.38641311818387536,0.011545615876462634,0.7602590820078695,0.27040012979190886,0.8068416391119062,0.13412546982500717,1.3469713637284058,0.7788594274731844,0.34241344273721686,0.16030602958109763,3.478172253268228,0.09507288474392928,0.7561788958102003,1.6107845633122175,0.14346551920709683,0.052482587094178745,0.8808969103969571,2.4532420031157147,0.2966624923077208,0.5268667172841094,0.11419065118170835,1.2313917910468146,0.23217304037370923,1.5175769637612029,0.36140941266738635,0.04201800375721776,0.573691025505957,5.085135996452094,1.1763758985546244,0.4486096382463337,0.0029499465685831616,0.6146903612822843,0.05905681880503011,3.325867788267062,0.050320997393810796,1.0353128396420463,0.09992485539766771,0.7101627725755927,0.19327189520462396,0.06607971544740754,0.08490515079978683,0.9237674042886452,0.7815272714192107,0.018764897340162512,0.5459460310516029,0.2758500692422606,0.257687441921469,0.18262320972405344,2.7127316190466826,0.017519714393696498,0.02052805550463843,0.7673313735393755,0.040651246946441066,0.13867160704410098,0.2139748550238758,0.015459913104258982,0.0845697336514929,0.4199146661133837,0.39744901381288844,1.3123101577704217,0.028248511145437916,2.184875760333954,0.26617198124612396,0.17858796212680478,0.9091367403664257,0.6603477272139706,1.263073850669908,0.2766610107973265,0.03122461562528167,0.12613637107708886,0.1972505293665383,0.8470105869878634,0.4832341518529133,0.3982337484776679,0.8558303930190246,0.24336729029268378,0.1814759280286249,0.1986862327416139,2.7642240202152886,0.45411264026505316,1.815407156938453,0.8840052562725417,0.034795391290416866,0.27706806705326825,0.1720383614040622,0.023625285547689057,0.1840441252782038,0.3397678870251891,0.0187461401416405,0.2738054922581845,0.009943060588510244,0.2779420533345971,1.3939707344594745,0.06893528138255678,0.006680170600118163,0.4990789520502732,0.28325355016708653,0.02215202720415621,1.4809577944634715,0.8511484876798225,0.09901664644831665,0.28747623592469207,0.011441450040495127,0.008135633970609346,0.02554017735721481,0.5815455088322888,1.6799287551490232,0.1492498712089554,0.23591868501558522,0.16357537011524115,0.12283514986384758,0.006999214438922596,0.1885763885101739,1.2900356422964596,0.28114351168737817,3.294939265618177,0.23785444406158474,0.29549313080477924,0.12951385782110292,0.22318553724740275,0.09145029058647214,1.0468433171171891,0.05110933202733181,0.012674341569454906,0.19805608774713823,0.20300472517002144,0.4916793612112785,0.001902512352843555,0.004382299050617766,0.4055092430439705,0.1363358346425355,0.1957492191623983,0.4665094525986171,0.022708476634038632,0.02154978968996918,0.051019419120857945,0.011535760187276867,0.9090499925578264,0.0556057380210323,0.05083906933949245,0.07968567581906838,0.05428399504111492,0.2456857942304378,1.689587572942,2.789086591333563,0.24546467680529616,0.2565643518081666,0.19913324223250295,0.01145404341141451,0.32253477935253827,0.0752139870383487,0.021219455149565913,0.03123581118273211,0.25839439748493964,0.13445201425432285,0.8649206015660775,0.8471321665090246,0.7868166492244896,0.0208939230232168,0.0678448461956509,1.8944846229344727,0.634525107549845,0.10224987742397984,0.12035405424348333,0.2138291954289676,0.15806112345224932,0.024068638214911342,0.21154069264273678,0.5642823362979943,1.5902284074558017,0.3203645590300084,1.037205325500911,0.21916997573976227,0.023585180487540214,0.31716831902660436,0.17682752293057313,0.039172534712114127,0.03269284856273402,0.8377857435303165,0.9898162245031317,0.9423790062146158,0.7921928721346314,0.27387063563345176,0.09351609795519822,0.5027817760555257,0.49713981620955594,0.2753049245036512,1.3391166444285239,0.024961494905762383,0.019703677622681326,0.19648387151302016,0.49332167149117434,0.1376158321640677,0.09112952289147039,0.41437681106674273,0.2554871209537195,0.19968461288585315,0.3122327752980024,0.8959079138942359,1.545722900159141,0.12562552822719375,3.021082615770071,0.2812843065609534,0.09459351613948297,0.048962834769219366,0.21367715610591598,0.5458429510358407,0.40192501486513166,0.04037083513661677,0.08117147945007308,0.006748366146388074,0.6208637836996034,2.448444477381381,0.552525336281865,0.713748915570381,0.23832206056232708,0.06520926199690069,0.21860438283157002,1.7734527927577324,0.10694685223380379,2.490560240302997,1.058746113562731,0.08013303069163658,0.4247720768240616,0.39362814433364757,0.26227284323677774,0.22457332019556775,0.29104587626006584,0.08767343404098982,0.22201921668601265,0.00012322144551302205,0.4411161978458593,0.013055239346953407,1.1998956003074719,0.005784568193801687,0.1312543097458979,0.5051025162023517,0.34594726570953455,0.9385416458716846,0.48009568978506423,1.509177217365744,0.0807403957114241,0.517411928918518,0.6696120178010176,0.5611661845347178,1.4555039244162877,0.06204048967478826,0.34518789339990874,0.016219107350217032,0.0900521807464596,0.47445354710870813,0.20654972183304943,1.1453652858659427,0.05838472649389931,0.011222453572447222,0.18940231779807676,0.0196128243815622,0.5433271677420872,0.5661916165741312,0.3052645643181333,0.8495442273427681,0.6578416129773168,0.30975733692098373,0.30096071213041165,0.29421794594715656,3.269990080335302,0.5341854601772437,0.1082106976222923,0.01702874054116643,1.2244854163791037,2.608262917389536,0.13140846840677461,0.9308480864639915,0.00980435762556342,0.39080571844445444,0.34500263997118585,0.23542574577423048,0.015589067670820356,0.6306047705986091,0.025887962877048754,0.38082115451045495,0.12822135185912786,0.10311235942617225,0.019471429908545224,0.8478235630057738,0.5952637907459919,0.9718781294592214,0.02560608296738598,0.045904865487404356,0.010941733246206536,0.4904869567568726,0.46048940530694793,0.04094610458896586,0.24633068410682113,0.2913654768108329,0.2710429428089869,0.37530179084015713,0.058965835738731126,0.16660149709787195,0.8689935346911057,1.79182438741383,0.496913742471637,0.03461775313543691,0.2660391634722048,0.139203988749112,0.33293933744743165,0.0041403531788084535,0.3908309086793771,0.7332506565494583,0.0899777093172327,0.07304005458776452,0.11447119663012517,0.27445886224673777,0.11791111623229425,0.10700890528594192,0.20329276249556705,0.2517125427411365,0.10600393739448782,2.292972859561612,0.3627554152783703,1.9736926758815763,0.4488651572240201,1.3249963472340025,0.11790171105441088,0.1993173040885472,0.08698089813800747,0.24460149706984247,0.3175089071333713,0.2307856606473042,0.03849154334117988,0.3370428147002527,0.002684470018578189,0.19874685701954897,0.4931371561363067,0.008778546885999328,0.5167303661699512,0.2077724306040568,0.11838054488266647,0.18566212231614232,0.019988417912672474,0.7400694378639759,0.3486063944632345,1.5334266767125835,0.10293895663839403,1.2099648948065764,0.6577889420893593,0.0068232678528870605,0.14129923404241884,0.327864548061799,1.3598121346405851,0.11993283739784721,0.5502285698482234,1.4261972019994058,1.2261751208600031,0.2942576739885392,0.22367725296283247,0.11465606550663399,0.03484416693988912,0.8170405488288945,0.03316593070033433,0.01810478297603013,1.033119717257616,0.1538165045481883,1.633470694243491,0.13011041555824,0.24974961328475787,1.0221399489273462,0.8669581923315155,0.21365437588600145,0.0734707807613563,0.18433621752193896,0.4421233570101305,0.008618770922223185,0.017235249651282758,0.005132210659801406,0.3075618623704694,0.7837043078777958,2.1936945312912592,0.7890962725457094,0.6993373023528838,0.24212835475546468,0.2105299097820159,0.19711726615499736,0.06955784244873747,0.0855440545297459,0.07418839178853798,0.6701563707661626,0.7834954634180478,1.203496961138127,0.7350776190556946,0.5999932930587797,0.049476899182460565,0.20884853680432935,0.04752645599536931,1.045533075653332,0.028316299890740693,0.7295614442330066,0.845591297075925,0.028516928517230866,0.13079527919966605,0.027721325013601916,0.4021230090562175,0.1341715513053825,0.06421355416434865,0.3151146012688043,0.09611533309819975,0.7724679090972182,0.16397138666256433,0.6575647553350565,0.19834768501776123,0.5172815914945252,1.0911930545787163,0.4637175310190462,0.2543700866803653,0.08615230585295863,0.4314175907588742,0.11539661299565207,0.24350438643870398,0.7912721385197586,0.35256291813291113,0.637829885518097,0.3584166845861261,0.008710299136996724,0.14014775847323557,0.041103184592555575,0.2287305517525543,0.11266504779757058,0.03448571960153807,0.18725933326740396,0.010257398303499365,1.3483820151342116,0.12098758885032668,0.5572046823965723,0.06437549421890576,1.6960501678287456,0.19871432495710928,0.2563597979229697,1.4962508313028164,0.1958824643677427,0.29376624977704546,0.012385683470378661,0.3268196960144816,0.0687688335841441,0.04926957322474601,3.205477964124232,0.033170473027322345,0.004057135685164415,0.2318820421123845,0.49426659452610683,0.027344414777362047,2.7014720622959123,1.8226578304275245,0.30301732719788255,0.08940346349777473,0.7065656312467086,0.4510014664266847,0.40706001153528565,0.011922895567801906,0.005393181108925171,0.13002716556904903,0.26855534250389623,0.8643926363103096,0.04091439217048354,0.29404123157708484,0.3103346789853666,0.14230813028941114,0.46012286216659515,0.5403238653939153,3.323795825426808,0.6914032763071452,0.2850214427684632,1.3735211228060553,0.4839776678554888,0.19284231951496245,0.028793673473003323,0.01382167912029364,2.583608495740474,0.04182756376619112,0.21821801601779323,0.021930809876438695,0.043439422201715594,0.11590657696220352,0.11204812776226003,0.879893744422064,3.3832401009748954,0.30042493183336294,0.7124982897809431,0.20753204240290812,0.20739139013023267,0.5343086526957888,0.9762738305813321,0.0499409664491427,0.8305190798253155,0.06234900155442247,0.11423924551741926,1.283085082821037,0.1640166362251574,0.24424929469070478,0.08659312626925114,0.2100272703520496,0.16047024646187724,1.3513007141984459,1.9677858380724114,0.504773268971053,0.1278739872571002,0.22724133974746707,0.06284644225292202,0.3315448748393546,0.28935413356886186,0.02420352093056677,0.20059144685266056,0.8039982792315028,0.11175257874643829,0.46508539403905313,0.06925034911279207,1.0781198609033988,0.14673462596655024,0.007124389338183379,0.15715069587177055,0.07542832161983071,0.09236088305776557,0.6549990066038556,0.04004266342407892,0.09857155774256254,0.3166959239495616,0.05316808223051081,0.012643834145679156,0.34580384402633946,0.021471468507361813,1.195340216902697,0.07212462008156689,1.6751753837832726,0.55269272020113,0.678614817025804,2.4834223118356515,0.5290212333839441,0.05004640379643954,0.0631102552987004,0.38960276933467386,0.2396059192511537,0.32008385742183243,0.25980947500499096,0.09790742921642814,0.12450382774188679,0.6123240819495771,0.10552630559887444,1.0620368942116398,0.1744899215102339,0.32750526451519724,0.09175517576205383,0.013027325971639692,0.12441421163123756,0.44124948016731397,0.025463094610144954,0.029814359477584484,0.22756376567164316,0.034031022864286,0.11924867477478152,0.23037808611197053,0.4322241115501683,0.02754237173600177,0.613469109371753,0.023111881013597957,0.20737496370001207,0.010628753187688744,0.7356419474456792,2.091111760095087,0.17898981649306922,0.2161251028488243,0.1720524766004039,0.5664341315919352,0.6741716584435701,0.052527488234105524,0.023798421691117788,1.965858219541683,0.143522498841001,0.036093373525442285,0.0012949629594297685,0.0761910063122111,0.8722535169435242,0.41856284866945803,0.006217984108536856,3.9698942698624182,0.0984075713408521,0.44553939939588627,0.18404907062360565,0.0671768415482803,0.045669711079746766,0.7439867787894747,0.19814673932282745,0.6929521297351533,0.2233237336767132,1.3628353443782268,0.5134421834867283,0.06405372443784518,1.0337772215032064,2.0522074039481337,0.4776590881742109,0.18538340213634785,0.011090303434741378,0.41824904604452784,0.2587275828874289,0.04457909794569792,1.0130765630206309,0.8122566052917183,0.2648985848152561,0.2101247068609256,0.7199289446245367,0.4092895633987415,0.15346292008943824,0.1407193551731134,0.13857681709108394,1.4606744080405811,0.5770498827404171,0.5333245698041906,0.022095841005105088,0.17083867863478996,0.002038118567571079,0.12601321313110725,0.04482125821590316,0.04164991441704213,0.5016707286576403,0.0825295105067817,0.29772834432213435,0.048869203636928704,0.7673926708949812,0.11723722181628515,0.06913709467845774,0.07127558320178773,0.18607190479216107,0.7537287417004819,0.09792717822345498,0.525022319147628,0.27537728301593234,1.846036279012339,0.11615494334853627,0.3545973404656424,0.1807876701491964,0.4864349191933607,0.034802803607892896,1.1742682685751094,0.7294243692824705,0.9947204734898853,0.12774439671798676,0.4152693428528864,2.1176498958212364,2.1462379914584337,0.018473820355122683,0.02610475130998291,0.6825003645921746,0.01217945508506113,0.07283990261700657,0.08799737831190857,1.8911913860415237,0.5789518196174228,0.263667259792739,0.03830838987183327,0.7497505717816222,0.18436002943415675,0.10451157381546933,0.4678511381572404,1.2994599901689998,0.10105135533858944,0.03636975835008349,0.1115834140117733,0.040706638670335304,0.7123963534205062,1.3640990007984557,0.025915250745941365,0.16867543138000185,0.480328944956399,0.1473683944957983,0.0368974790692671,0.9852694068401141,0.050298765803936885,0.8286476322865612,0.2816608635248339,0.26068269039511627,0.2049669404427341,0.2041197499448857,1.2701754470596425,0.9995012512012971,2.0154810248945587,0.8875633868559846,0.2711691297027927,0.2829242619340435,0.8021220073686353,0.5068412988783155,0.650507308095648,1.1485469297154807,0.199823844121659,0.8808582307196225,0.14620415988536872,0.5740350740010185,1.4976646870009838,0.5624507370459066,0.09925829044754586,2.1779989686276666,0.044661828603852594,0.14582551188490012,0.014654422886990925,0.40549664144268993,0.6998495780217708,1.0536799952382994,0.5252726679005466,7.22192392023091e-05,0.05931660710042763,0.17069226686723882,0.5005288791264018,0.12064403325311668,1.3244663992768149,0.1439935104402531,0.0846438962595033,0.0019580616435512233,1.1026880883006236,0.5098684300724139,0.005662223511988973,0.06655523681555087,0.06406067089931955,0.17671849213153457,0.09693174506566005,0.5787203050481897,0.5325492491923689,0.010468705054856087,0.14476911976329254,0.4144921051486732,0.34746409113803234,0.4294798740898036,2.187486842810615,0.5866511232364834,0.23351583427053912,0.5140748008089143,0.15437481774571093,0.3331385725756525,0.21002128624803573,0.1998448567383555,0.4518265464489186,1.1647097571995444,0.29758259927972663,0.08616629234667605,0.014840840802377908,0.08625922876194914,0.5080050529215421,0.54365402601831,0.21453672533421786,1.0150497062288304,0.029178209922397183,0.051725391179669344,0.12086194102098621,0.6914239304492771,2.115439571532187,0.07793433024010143,0.993074006922654,0.11333884243385123,0.1694253412614276,0.07941381027201644,0.0739742039438912,0.20362039702283924,0.922486333858989,0.05450627702194222,1.5371890808779733,0.3417232793201488,1.7349969404012064,0.027004686314968662,1.3334844117757298,0.5601068046664821,2.970251896646873,2.4248926995933107,0.11246472554173809,0.08276315631161646,0.01605269611034732,0.023235713952305725,0.02189660814041905,0.08820433981319042,0.7888301336932094,0.7370753993404676,0.032866642478369235,0.021200284038513595,0.046152297547847665,0.4175929968763692,0.18530811021800075,0.5194770516220637,0.6168972661829453,0.40671797692621614,0.25075791863206087,0.055103524575909724,1.5253163467209738,0.3839294157447958,0.10577405712353494,0.5766625799193513,0.4174936805399214,0.06963112203314692,0.1751744647655568,0.06243207745623902,0.12172136312111936,1.989849866860813,0.8431787402109052,0.01924484268294191,0.5561220103307265,0.772012647199563,0.004434913894238779,0.7262752968782477,0.6367490618650797,0.11048646898127412,0.4321164730550122,0.6442296797530898,0.30317599831644776,0.41172605296314135,0.2237518218362643,1.0821897824960487,0.8049299276280688,0.009963594655645447,0.7897478843568235,0.06924461785811897,0.6722889464514905,0.23600013209377446,0.03705271005596755,2.0444282536339733,0.6336009201117014,0.028845284193374288,0.4798294395973146,1.6364029551557586,0.5679708346910819,0.23860205506133036,0.14434424877950758,0.07674350306744593,0.01054728651369552,0.21221500966870832,0.11080311857890857,0.788715069074752,0.03350433474803216,0.03573310109631139,0.07270594290871862,0.28070320953076766,0.2021800007493899,0.08414785902628413,0.04990213716960118,0.2770296496117248,1.1896623476158927,0.13133095460538008,0.004912918006340972,0.10149866290062426,0.2954965770414124,0.24622826593201408,0.5229920066574874,0.3514565380333723,0.023148479276059786,0.060542492582504326,0.045068390114860746,0.06565864279911793,0.09463301658745327,0.03873516894085549,0.6810164332010982,1.2323115335563015,0.004707211489978075,0.760283122646674,0.236442615564172,0.18679504215164056,0.20682094109596694,0.24671261721477955,0.07639113369805384,0.15586130099938433,0.8212544855965692,0.16304512341634808,0.8994863559215605,0.042288439071947515,0.6353579220034442,0.15261438350846568,0.6395926304622268,1.094784943993131,0.2751343860855766,0.5036249531818651,0.35986457227551405,0.12210822315513428,0.07850118706499049,0.6496535179457493,0.2143279725957259,0.36849909128559255,0.16753525539863467,0.9562981084653284,0.06204591187195363,0.17809734935071986,0.4007942872803674,0.022622539963248034,1.661667323352327,0.10497467198660881,0.019804264045716113,0.7219114142614994,0.10132895367867317,0.2954147696026692,0.049694761372466534,0.015758780065205813,0.03936561955772344,0.6969320343645473,0.9403259239438779,0.2008538441225155,0.03234929187746349,0.40448330701949164,0.8737608845965228,1.1092808885343568,1.1758566878437655,0.17001030166824818,0.354401821248666,0.1328561765576719,0.446676578957957,1.5094504737235264,0.3805609184136318,0.1286128604326675,0.10330144298479804,0.24055766692865177,0.3182959830659925,0.5977027030268736,1.5865643218819008,3.8418123702561253,0.03947123640623684,1.457840470609952,0.3438418092842521,0.9385590205241121,0.20568400153633493,0.5150275242961564,0.4807078134065915,0.10135063879226491,0.2547305707597667,0.2275553639616934,0.846200892597935,0.03017647227753506,0.42798757499334594,0.3745340255002676,0.4134464999203151,0.0031608686594074564,0.9234114177202787,0.0007005922972032064,0.32584632233271926,0.29749041628593575,0.932475318325577,0.23453416694804297,0.17692727236731137,0.08967534099905983,0.9171674649689325,0.20368445457545847,0.011880921457264437,1.0925480784017862,0.15002467575269052,0.21127064749308433,1.195340253542154,0.08862713261564847,0.9534603859151263,0.0806577261099144,0.44703111660380634,0.35416264724400826,0.22392932276919275,0.011426755852888049,0.12560531163264088,1.2165337036493367,1.7650079516911177,0.667908971056218,0.2415518358904849,0.3028236455288904,0.09109900794608206,0.1884826558902961,0.13252619343930538,0.22456910729712065,0.8952001219063644,0.004043179378599104,0.06850730625779256,1.1414928413428231,0.21567414710258115,0.1370974481047128,1.327820879147426,0.015337180662236272,0.09961580461565334,0.06287754343621887,0.39344021863863343,2.9104783248239743,0.38621889062263026,0.0938274062498099,0.252240865596159,0.022320024744084233,3.191106007758168,0.2607821220810492,0.32140489362450975,0.07049322939783864,0.17918347393723733,0.05136702134795346,0.5227190183837955,1.52250265322208,0.06831113024678337,0.8363020981348143,0.8354376516812567,0.17276257913271742,0.06824102957066192,0.13371078735117298,0.7028907146837764,0.1328465713698354,0.10787007221534617,0.520087303968366,1.4539626271084356,0.2655363303747622,1.2480249891862703,0.07390420046938412,0.12448222298173939,0.08061511608308025,0.859194858337659,0.31323590002899393,0.8573250815372782,0.16273481216865915,0.10532055718352173,0.8121878316952579,0.238113523585042,0.4170111695446712,0.17720646396871031,2.1521405746050437,0.18943421186396692,1.9458267697847136,0.017747168820322318,0.43420576259275245,2.6989959746057917,0.3148333269721062,0.7770100304917358,0.3733767665681498,0.14045051955265453,0.07409767686156177,0.9668570175033653,1.1195520834009536,0.32186195428055164,0.08805755127634474,0.22904180317396938,1.0328139281701905,0.12439550131948862,0.5628322671890003,0.061204875416903004,0.2755330149156152,0.603694695398088,0.0057264226326319,0.0841022227942867,0.5853345848275737,0.10720148571478882,0.010956491163512189,0.10196390220522245,0.007327244226575047,0.3069215714707254,1.1683173978488575,0.37702566079580846,0.06338122813766756,0.1702860756564114,0.09870187930554425,0.06842296543654536,0.11303314499101358,0.09890027308341409,1.1763162977472068,0.8215377635851527,0.37042310297281156,0.22883917590546288,0.12154779691306866,0.08276175033744826,0.059500506870029224,0.017850851810304547,0.36891313240782075,0.7942840700497258,0.5282539300358824,0.682317344304814,0.05482753848426691,0.4283713347428024,0.27005304923891255,0.2045455143651545,0.2088531969667512,0.2144871217256059,0.02012445054408274,0.010982261811005811,0.00034640968803667516,0.12126992038238016,0.17703562202537015,0.1495342952913996,0.4071297563713927,0.2494669012534717,0.2196214077099663,2.0133909982752223,0.42639727492030005,2.8554127860794583,0.13217022827352076,0.15692755393544555,0.545893507787095,0.9031164090098549,3.0223398386252556,0.16496637178633744,0.23342807120589715,4.773600452483433,0.015306974430948694,0.3259896359283241,1.3930989838167371,0.4265022936954881,0.15325421723122135,0.2746947294007803,0.2862576919802424,0.12806945379525847,0.09645863312153102,0.4442271998977867,0.42521131778396754,0.39033939610592927,0.25474688267932466,0.03667618645196424,0.05814166148953426,1.1521243926854492,0.5797902898189422,0.10979080608683778,1.0136577502641795,0.15709007276888082,0.3701189995529609,0.001956824660195977,0.04381110122263032,0.03874296575551872,0.46390404067623514,0.5641675592737814,0.7530459552402748,0.06896811552782833,0.09717076281034986,0.027896052180051534,1.3299014147172763,0.9345528383338554,0.5631070810816801,0.1474583157449224,0.01795127776655564,0.005932356314975018,0.012175413684861747,0.7609810747055619,0.07396883374456364,1.0833205499086362,1.417712502136699,0.4378651688977361,0.3924624493504457,0.1383191183778687,0.10990295238952019,0.2796809639872614,0.0752467788419392,0.5698225224678688,0.6307840116156308,1.3476226386576764,0.6542999571953252,0.45105921368035373,0.14768142453337418,0.2083534261357174,2.1135932791507113,0.38453750538282794,0.3945301744595172,0.22446056154217386,0.18928818490423538,0.2380399963452326,0.03561116985059809,0.04047970538155693,1.04638524369439,1.8118400806313766,0.12558756781933367,0.2702997134692924,0.986448153413424,0.7647950548346417,0.05459292251218084,0.2650382724649524,0.012209168059299391,0.007285733189487775,0.19999046041306473,0.05707033660019045,0.2067412412983285,0.10946764278776344,0.5772016798174469,0.029412301195462343,0.5821963778611043,0.2521864646939207,0.40369247620106014,0.147709230695654,0.17185429587932943,0.6220398034729359,1.4875280052215203,0.2713132270630969,0.6097028828340727,0.39886942499355077,0.07628886746942287,1.267119762990002,0.3325040921457889,0.6670196399998758,0.08799440691586669,0.030631614125466222,0.8303247676193489,0.10664367044919731,0.08492259784344647,0.2545375862924595,0.04325893712640938,0.020035729983664097,1.461439355482021,0.02458509349232174,2.764386624893459,0.16320418860600538,0.7344122209861581,0.6332389224388473,0.38357946654067965,0.061696392393868094,0.13450059295062866,0.34879097526887554,0.04788807685972163,0.04966885886566119,0.0040618948926685605,0.4891184970895026,0.4082910117115083,0.05836584549203902,0.7473039096036022,0.2846578783937006,0.6219448720564567,0.020291657344919223,0.034944039365056634,0.019375185099799325,0.9942425096754319,0.10441851352677622,0.33877271664768915,1.698070762130066,0.06965199901094166,0.08894895804604053,0.12557153926615794,0.44220553100488313,0.07731755045070154,0.034020942921429875,0.04186093559270687,0.000925009825754497,0.6624436115852124,0.09073531897894499,0.10253045655687365,0.16620842275819658,0.9258087741906968,0.10737772448543259,0.20919102734367667,0.038623730460888184,0.34601361683681353,0.11649522392285894,0.3288119009241005,0.006281434555414633,0.09892654352337266,2.0546628254713193,0.24514699066606088,0.836958960404653,0.18164617142756778,0.1568644620720625,3.5016917911530863,1.3369550659253826,0.13499104628768022,0.029854479606581608,0.1915311304536737,0.03369442402199896,0.07024504492600422,0.00015814298891925205,0.006062517913975607,0.2845248353764398,0.11685032502635417,0.472574205070981,0.09268479674546093,0.08906180705781264,0.2084911559229219,0.5193719097194222,0.6297585901930933,0.17569931058519928,1.5998934698123692,0.3807658589357863,0.02982299000413291,0.003092740102611624,0.13562266949884072,0.07327963274370075,0.0875404294795814,0.7380536458567251,0.24976355929875604,0.31602604072184115,0.051580052508754304,0.11305756667700939,0.048624162798604764,0.16350833860794467,0.8824781237380392,0.15415481693181177,0.12266902119671907,0.1805985073684544,0.019076242475214666,0.45025243470384113,0.05684460710928574,0.020447592206470855,0.09187020234468674,0.014021182718160552,1.5940047623178488,0.13245575962734613,0.19219621974600765,0.12434758118708028,1.0603875434690408,0.06871687952671679,0.07906658344728301,0.03017908043026818,1.528479977486707,0.10434038364470191,0.16182751345143553,0.23353404870143898,0.3361174307616652,0.26984465301181093,1.7361430077426514,0.7239454986547879,0.4677373897273869,0.13193003082233057,0.09721393538302436,0.07555100995269148,0.7289170797296209,1.9062767801297535,1.5083547482608468,0.2625307501991968,0.025721174568846816,0.08846964139967539,0.06842316809304883,0.06707490081613277,0.0873895875884898,1.9820208875410206,0.01655176883691728,0.3572729253521416,1.2774191439602456,0.25366796244272516,0.23040379455106563,0.9204380925205267,0.10065338170071958,0.10666257011726499,0.19648525878537737,2.023228828148307,0.6170051031750949,0.10766674051463454,0.26417669271823163,0.8455018650157503,2.106342695379404,0.007328529764902836,0.03815728612447966,0.8052517744089183,0.1832689714045943,0.11360695259444564,1.287132033287191,0.15870150972911956,0.05648402465320013,0.7043095582237506,0.2092034680852921,0.23541808975115064,1.26632679541598,0.46959539863180166,0.2365134526531696,1.227649786987847,0.25261206530319735,0.019921397254588413,0.003292719719518694,0.8299580497988539,0.5475670805282987,0.22551826008775766,0.9600744263298708,0.1391574108412339,1.3289792168345689,0.3756853458310274,0.5154957564545162,1.5351586705255151,1.2206637780325134,0.07323200888282444,0.2706231803523604,0.10942825264505085,0.0338911818467329,1.1756357652388478,0.5142652947293799,0.2701858817100248,0.01176866588791492,1.6323178749424883,0.1452484454205838,0.9095400739408015,0.05080554248349739,0.1877612688047779,0.19293400276350625,0.08685037820058794,3.6011698721671026,0.3318842342565942,0.48407832420593044,0.06509640607532319,0.0327449515818351,0.38197762491097664,0.03740288161359773,0.46708200730258675,1.4467228188374963,1.696609284817404,0.18077840354437819,0.7233611717754169,0.3415337763589691,0.48630774767134766,0.9784457141880456,1.0165960769148514,0.2366722117462079,1.7868813270133908,0.21985481284235364,0.19890971829226234,0.06207055530153793,0.05971147134996313,2.0839391371312237,0.7075508345016065,0.0019260363197882713,0.38071511950973136,0.07940022862966822,0.18858394308823545,0.2545219139005852,0.3241160661757858,0.10633361697447974,0.4594892948647302,2.8226049713426726,0.35431338325815875,0.2914750597957907,0.07789908980188054,0.01411510099892449,1.510552109726612,0.5677000168594794,0.01866031219790787,0.10327540699118065,0.3977440807956443,0.027125992976761215,2.046062945006703,0.030657999426060623,0.823318855598294,0.1422716203755744,0.4105958849707103,0.247605061531198,0.1577110789994003,0.8108578122077446,0.8131238018846305,0.5397010727319711,0.08679326661203235,0.1258883024534323,0.3929422492131057,0.12719815287521397,0.17813684085062276,0.20514477821214938,0.15386105682977358,0.07678688245390508,0.038773546615668564,0.5250098441719769,0.9439559366598618,0.08147836875403591,0.10722358552886191,0.26109329606226506,0.4396244624684753,0.5861303884863168,0.3264126069559532,0.0385789723229546,0.07108063995931391,0.36815039899983815,0.31482241511085485,0.5678683807964258,0.03579725832720526,0.44919072367718205,0.25678950771456355,0.4715655731697228,0.8318594324616111,0.21090564354790964,0.5763316200363573,0.28976746692088307,0.1344832300272234,0.18824464905544092,0.2213510146501787,1.679317952810087,0.07663914485664985,0.003248763084000683,1.1478614149375312,0.1178410635137691,0.008851219104124897,1.7343904173161444,0.1033816978107891,0.5953484422315174,2.0285880632491295,0.23372620718696246,1.348163502031279,0.43663443734069873,1.4813179559586622,0.14143340298309282,0.23913192860436738,0.050440612055447365,0.35372711082679154,0.02497657255796404,0.04986070599766168,0.05422694351402324,0.014606948472073,0.21723662594049653,0.11105436053189521,0.35377952996490813,0.0021354062559100218,0.047437250301231026,0.5164255399073986,0.432560439059633,0.013228971008922175,0.014479899742276925,0.7569837949993339,0.47152409427694497,0.09010959954541686,1.0957076963542876,0.27176495808794,0.1614150974793711,0.1632414595654692,1.7196692305991597,1.3724679413406968,0.016878163119094736,0.589447226430158,1.0094089734245926,0.037517153409287296,0.14622253518658335,0.9971622739539785,0.16290055474745935,0.4381981381491937,0.13244636944340227,0.3880710374533727,1.0147238499598175,1.4650112916998346,0.6153633832140643,0.025573531824480744,0.37013440117856256,0.2553427903414509,0.13150083283831737,0.7978107456127116,0.04653314828942712,0.04034911276486963,0.7001131729374306,1.0837312028978467,0.04274822869653816,0.2752961664335723,0.5418438312814127,0.5202884008616759,1.1955727508113,0.04458022184998245,0.052933625938477724,0.17741250240143902,0.016083638539393874,0.03747966089294019,0.0785590969389236,0.3441714879044533,0.9428736789283518,0.5706761862153531,0.7044588489772474,0.03939396047953747,0.7218948250429468,0.2257056177268253,0.554038076678242,0.04778458795450119,2.558015356237944,0.9928594410748748,0.16438483288708916,0.28099396116824504,0.31075300545687345,0.198250274188977,0.009887663604787572,0.08261003259953736,0.34166875419872467,0.9171432293632732,0.16459776370996992,1.4743049945393092,0.16279349629741663,0.016823576384561,0.1967066586294779,0.09582078840195907,0.9422826255653429,0.013338357195036954,0.27991036267038183,0.37775791117588065,0.3973963259717821,3.3810312249225136,2.3557255060769267,0.4692203625404409,0.2888155112558337,0.593461940822481,0.07720210472575628,0.4096003419845998,1.3844949867426535,0.24849515275349798,1.5026260631933799,0.08731019904375359,0.3047691966903315,0.6452604563021431,0.08571067882930938,0.1090846318931093,1.0479114344628953,0.01927543186944103,1.1881202622473561,0.14791386247965166,0.2818073704236126,0.17097885599659146,0.31796276031485393,0.26310614896741025,1.295263835125856,0.020179870185916604,0.3620562573339039,0.0036250041535692556,0.12708818885148165,0.12882690168639566,0.23389667892653182,0.1174543633430507,0.29321238125406357,0.1683202223179704,0.0784893099430019,1.0474524570729349,0.015238293463758712,0.2422784668576089,2.720428060163142,1.8847579017581513,0.0791614737003008,0.430349919030391,0.03812481789069477,0.036349634986073465,0.7553518677934818,0.016795967719466565,0.17223264756423695,1.2929949143475759,0.0675752158977132,0.717278081565839,0.03435101465662571,0.3809335903695515,0.4222593253825626,0.10274750951710909,0.1460557195040445,0.01322742259167864,0.024866230955700175,0.3226679240607533,0.6344478557654161,0.016528647701238963,1.0778889715259408,0.17680684124862445,0.20691312856832256,0.04204051778592932,0.6018897080790677,0.704864599815751,0.8928500300834455,1.031412722225317,0.13679114201785625,0.5503268154330909,0.221860878341534,0.005563439085693789,0.25848163482607966,0.9967441451000425,0.007621510737224002,0.5270709151442879,0.06865450713712995,1.2777137404010865,0.05922816535095077,0.3866610936461983,0.012605718053119053,0.06973296467098145,0.2846656688564476,0.0869564987595669,0.6124279255427021,0.4413571202346577,0.2591958073973708,0.2471297107753731,0.4716039830899863,2.436366225661393,0.26880734543981055,0.0823967811106685,0.1581830207922139,0.3708950947571059,0.7848309667483234,0.2660180374258889,0.016547929886425727,0.1488987412799776,0.01439048366434359,0.41525565879994875,0.35406045300507005,1.5135471419529876,0.12803528255924368,0.4636330282227945,0.0751022014438053,0.4656698998517148,0.13820726803791117,0.4169692241366213,0.17650896351396128,0.3722378040069749,0.047172511256970084,0.10925516864998075,0.4335609704926675,0.2851602885523988,0.3401343068996203,0.05343707536382036,0.44783032699331904,0.593070721883806,0.17448973384495525,0.9549608373203775,0.2704654286152633,0.637342924558687,0.017941379583885975,0.17747313143381394,1.4731060633099016,2.0267395413682294,0.7241382706459536,0.11878678376649787,0.031383305793772465,0.5819925197160567,0.8602294940391972,0.12224612160746295,1.2146123998958065,0.06414089378170384,0.004147111647555879,0.060216604441349686,0.39486008106431103,0.5405916082914923,0.46706964306862186,0.16896243706414665,0.003556646157174992,0.16909169375807243,0.07552033978023087,0.028888589841097767,0.44347754440562437,0.2398245570010178,0.5808675906061909,0.1066481435064166,0.29451298284852623,0.30850992608253636,0.1497375717465702,0.4038530929597022,0.26950655234054954,0.3088452533848933,0.024635492606553067,0.06927998815950653,0.2125432830940841,0.9242870967217972,1.8281845891705069,0.5466671399551464,0.24089916609887363,0.16778116776324192,0.15971399003058862,0.9535333782383069,0.35320806670214433,0.6000598625104945,0.4885950115930784,0.10220877623605484,0.2893644944868526,1.1883978044139307,0.07340833344268138,2.339462670500297,0.6225459444403553,0.12489851133829688,0.7280935220307252,0.24734844287663005,2.2798736182228523,0.0874891808443568,1.5825372045717954,0.041782105723726204,0.12971159434725565,0.018518608885663923,1.6460844509363444,0.17286573240579506,1.0647255563895914,1.1438058326437348,0.14242339501511825,0.5453566649856255,0.15099944645862606,2.4711616558379816,0.1957606234739353,0.12916409176353705,0.08802671739583645,1.8854587634593571,0.018616113515875554,0.22714735684501597,0.7417094472977881,0.05712040242322147,0.5747818946761751,0.9906949399696138,0.13411530362159674,0.11786914852750519,0.678250816668898,0.6542328493499479,0.050831112262323286,2.5603270649803207,0.7648228455040733,0.775097710225698,0.3591323298487241,0.24520450662835436,0.7296742619200647,0.3386637636319419,0.22822844642007856,1.0780862117909937,0.1207747487866776,0.5609163837768363,0.4123155729088124,0.7029395581800872,0.032153875865870596,0.14348522212065318,0.10846779542319762,0.102400712310172,0.2477509553175397,0.07144385546575593,0.8319652388006398,0.433705868230422,0.18009070882095646,0.4596637097339119,1.7324717051394656,0.02498781480742851,1.3482528823620696,0.07870688848471707,0.04653210636314786,0.20537189698108904,0.17961240064926948,0.48114556243277956,0.6318571697629376,0.015139277639238113,0.14162931796774259,0.5807511792892505,0.4546094315843281,0.32343357030286146,0.04885301022811417,0.2584880121890437,0.2133979787381992,3.6982597542337468,0.08891046462262853,0.23487665570225114,0.009947516556342628,0.031190688966628577,2.6101238433231373,0.08920896999952099,0.24683632104644238,0.5825414690237642,0.3699735531162485,0.9075253436425381,0.3521715885575134,1.3499044330417624,2.159102558325303,0.3354540372756709,3.2667729388775077,0.324431356172196,0.48485266624455114,0.3118205691900442,0.8697685792045535,0.05637366883328776,0.050941613749333314,2.2603180238458527,0.11680474586980072,0.18106441840614607,0.011479128202612321,0.301488965705103,0.5323281441542072,0.22149248347624906,1.6944936044200813,1.3331310211563157,0.34956389420481915,0.9484860182128817,0.5830508230107542,0.12984641422308574,0.234776119665717,0.24855619653463829,0.2695097726720552,0.30305917324030707,0.11330665051595823,0.692408532755928,0.5682179275531803,0.06527206506846506,0.09371633479947528,0.06897666033123562,0.8780023520130796,0.10699720285974523,0.36580523442618884,0.9823579854364216,0.3889440607976986,0.035763446037246155,0.23455078648793903,0.27362051324407244,0.10215778626107702,0.14773248681499584,0.10326274673575686,0.2653310027659519,1.1402864609094263,0.3324526733951445,0.22270682619430748,0.213877945468521,0.505429964512191,0.1846966579897663,0.005896373937024912,1.4407866614008005,1.5588101159425913,0.4981571554482651,0.6525102172497682,0.15756063184177183,0.04649143035976899,0.024291602048725824,0.5369349076133465,0.16785394071303905,0.03440193428808941,0.055568578057881624,0.08173947784718161,0.12613103880769638,0.7430275946036073,0.11042616243964387,0.2146075447736191,0.04720352567504049,0.41319833061773914,0.18227771080748822,0.20300288370903752,0.36463508476119566,0.28184996546786856,0.6780259244240362,0.08360932730035919,0.24561460132015434,0.263263621590787,0.1785910488415572,0.509880149577735,0.21820812185119587,0.09821722630535179,0.2534333768657464,0.9598920472652749,0.12140487503106945,0.06746545387790892,0.046165556521734485,0.21453822047110171,0.24175181885730274,0.7641869763837461,0.3710322249675,0.05122395745848962,2.2208882481246444,0.07823810413900611,0.34094292222042744,0.1299624350456483,0.1781747510532551,0.13203994220531978,0.5218071438865137,0.1099161661954019,0.007271393686893113,0.44803585976559124,0.13133609847202538,0.5154699875867684,0.5773400012342567,0.2863785942851156,1.0248979442398753,0.2610114977423542,0.20377419581059697,0.6801360149804091,0.5361473785614219,0.7613462170182039,0.04462729877646554,0.014928935069450588,0.24724698359712727,0.1710870343572311,0.001838512673398407,0.06032906916281133,1.290834235493442,0.4090735571686098,0.18170800218400351,1.2776474217405032,0.01665545782929423,0.6973572233029959,2.4878283972858966,0.062064072252139335,0.2565224677197589,0.04447634645534637,0.02417106369768307,0.10131519410019996,0.4035275593673764,0.12340222972917503,0.1473817765290597,0.14404438167561573,0.9946424313699965,0.14508102465860362,0.17973553005250628,0.36132372779735333,0.4693066239148448,0.11182829932615851,0.19513286472782188,1.882888356553934,0.503786595727576,0.8825476502233968,0.02433075852172495,0.0491013253825483,0.005685097784600801,0.04853573328611055,2.349357459491368,0.07745306940109797,0.1728080820090706,1.8734453041668226,0.7763156121935899,0.18473196431954475,0.06289313280999875,0.344473452642206,0.3239217899408312,0.03540504412301271,0.1514355288003374,0.20834887235339306,0.16550196594381428,0.051959849624339194,0.5916325919997193,0.7296537475208127,0.06995447638646862,0.11312396389190471,0.3049677283093337,0.7160504612370874,0.3187041286530983,2.089226431846718,0.06839479591029218,0.16685942813035792,0.05076351640110821,0.06367809371059041,0.8817478822215512,0.785533906810546,0.8761774137371631,3.292940239818419,0.6362615437717136,1.7695483578958036,0.3233757429139269,1.5868439064789686,0.10200238331547185,0.20819305440747127,0.9008820621356861,0.012635411559466458,0.021438917976907446,0.3482794136822556,0.2967695391999291,1.258184515588019,0.2597948665915819,0.7599307271416926,1.1094102994240904,0.17367799638188064,0.0877828831547911,0.15771466976456222,2.8650686869873416,0.45226937581117077,0.15898579106551658,2.3244919750359165,0.027321643803784434,0.16802659530333774,0.05343794937594293,1.2965073798867561,1.453836181144335,0.25800373603261684,3.0419831686686587,0.0019299624573865248,0.6015032054225874,0.04430394477973332,0.05270727362545552,0.06598444933142245,0.4757829170078842,0.3276542619395986,0.1223592606401942,0.13420848556894083,0.26620736400556666,0.00022315341547884948,0.11849922191909523,2.1683410082326002,0.019402105517076995,0.027319350483252514,1.2665477969364234,0.00031497778909461704,1.1651765284609696,1.032534717572884,0.3110517418576666,0.15893554156571543,1.728618078894534,0.029691495481729557,0.1864565020234572,0.018177017948204366,0.03461520888060088,0.10457114209830642,0.034608379391236954,0.016444618955034462,1.4248139925128545,2.450885451081473,0.004621338879546799,0.023261386182218624,0.09860854061422819,0.058682483948160113,0.03308447594634256,0.24355642591910054,0.09920473888659176,0.08457625631359354,0.644298884461632,0.726115138885564,0.15710496861102646,0.21738320480708673,0.022804507362667925,0.47286424549704575,1.0688841842785681,0.12420282685149786,0.34225378240683224,0.14258217158525832,0.26711108027896324,0.7163511486627003,0.03947983317441228,1.7984092829040912,0.1099015703181172,0.1587505708775192,0.08537380938506839,0.7419192185718346,0.09542355259327406,0.44260495838448344,0.10667486499294909,0.5787769191316938,0.49783878107703705,0.2743445511220236,0.016981480603036114,0.27934158136364307,0.08072291566793077,0.08998989928219236,0.004175226094162543,0.35108532586443786,0.059759987839984596,0.9975144600494629,0.6032550681190474,0.07503396063611234,0.2203968657507116,0.037263386699119105,0.4386059810977052,0.02905238021695261,0.13772248918252022,0.1661032934039965,0.18623498545563577,0.3543211345504408,0.21408076604857418,0.5431657278126687,0.7260631024017492,0.017808221498052945,0.6514115702710237,0.016077148244214856,0.026509122433293175,0.3125571434950385,0.13637018917458077,2.2118483342359108,0.9906944154320731,1.182773071878196,0.04050323391157029,0.29796544085376153,0.41932350589466416,0.5010124624358683,0.23581241417493304,0.04614279086229445,0.19826522190930662,0.035153033235002074,0.08133691963101819,0.11811412384591846,0.06598444319058505,2.0414420471165156,0.2903025687790982,0.33298788998420736,0.0029770167496230293,0.24887463178900626,0.11143840740251548,0.10498353572173902,0.430459258082428,2.1508563164619137,1.8295717215566047,0.20188772184980763,0.4472941330652356,0.7009386357248757,1.0096820548306171,0.005838603533588893,0.5121858535681911,0.18342261940972726,0.04088488151910652,1.4307022739752366,0.8869507258488785,0.005159730240506033,0.19842391203295362,0.4710863522661841,0.16230682126312618,0.4988369275967693,0.3551614196277196,1.3792842145987105,0.0885596592928205,0.5025749299607654,1.3156294893436131,1.4733931849739879,0.30950011758602536,0.06286614295636528,1.4672950819628472,1.0332850608330226,1.2846022433390951,1.597703442621147,0.850183813833087,0.07658061137659655,0.9698268080794286,0.11987216137022956,0.47316856395529977,0.14696560115289237,0.15596042632183615,0.007112392247817567,0.24759284747665555,0.07854153129937202,0.7123405842578614,0.026041318995004392,1.1154973415481488,0.3173079682422022,0.945206974121859,0.3703367755055842,0.017452413908814357,0.6897412413752491,0.5505297654304777,0.48439212977337043,0.1734540239261252,0.3541945339583683,0.5117057336650949,0.015564116494813485,0.019055953919746127,0.6154394119978921,0.05824452021991999,0.05156239642536131,0.8032797941523095,0.17176170551021586,1.7809966029995548,0.13846622523886032,0.11782611315182251,1.672222308059041,0.17170921590779986,0.05845588011226993,0.41813483781466687,0.10182864740900277,1.325361621871715,0.43461928601464406,1.7862765350532577,0.7554226215196693,0.11278463681803008,0.24344663343863937,0.9720800415055992,0.42060294322430813,0.35662505248658805,0.06294773105887619,1.2968702872205262,2.618906524411938,0.06531072535422378,0.4008942574841161,0.06407168211197392,0.4600115904047044,0.013545121500794177,0.14991420721786208,0.3915028613559547,0.09223311717219318,0.43485014571569813,0.7497588053007371,0.04694591242210683,1.5253292656033208,0.091635195811542,0.039374325444139935,0.16810825588494355,0.10897938928216822,0.09844066330908086,0.44039951229793894,0.19417845733755001,0.3981143713002966,0.4435809323227732,0.4016787567829949,0.039447119194595814,0.07067218614275883,3.3174028954063237,0.1860744190132959,0.9783198325848717,0.5873614550537001,1.0333612272255834,0.012169156369295608,0.26873626997396505,0.4925338219142074,1.594835064029464,0.25598752738707975,0.17636524913904272,0.5622480185558731,0.6802359058496336,0.08605169571632854,0.24480638565934154,0.21073415791955274,0.19298641143375805,0.06750008479687053,3.0688765927626456,0.1334198238611204,0.3841282753422548,0.08996070046232418,0.2626932480329719,0.3070281983621424,2.476730621737703,0.44015997603115364,0.6032811922985477,1.9339576923325899,0.13791512308293738,0.4116219460673941,0.15854905600537306,1.1903934931890645,0.7556191674640672,1.0797255795087919,0.03195330609892766,0.4672175138046317,0.33860247374259056,1.0592992919472017,0.035960293017028855,0.07315520660375907,0.27831387462379986,0.1343151432715901,1.9339931973841786,0.1145869572478262,0.13811054649531462,0.09518132757713582,2.400265117054461,0.1146299967299012,1.8029709669658516,0.059974109161440525,0.3864009538532831,1.6595783258872032,0.49330420550280274,0.7674287082247843,0.0007946890712346999,0.2416400930550322,1.1328373156512876,0.62079584266459,0.1562555487943369,0.11330816759394585,0.15684084380883667,1.454044953855588,0.640906634899701,1.1292223401966577,0.8150810517075735,0.09931655186398658,0.16291979372041387,0.03376016226397105,0.346835632405469,2.2252110039831248,0.666465078318554,0.3294614552282713,0.5077921361037889,0.21808552518041552,1.1234679815454252,0.9638413840334747,0.13514385281575325,0.015258331288900084,0.10561632572001511,0.42057847400777715,0.05202316873336288,0.2962250676219071,0.34520446324853094,0.023710449954322033,0.00012861471811353997,0.16580352203049442,0.3108386510362794,0.6232597466032881,0.6034097029245311,1.939250474196678,1.0075151754910596,0.8922822888503655,0.6466762035594966,0.16612833505333047,0.7958689612519547,0.17842475963931004,0.8713782892484332,0.12622378792039335,0.012977274499636593,0.2503271755623879,0.03830978019482978,2.184628162830389,0.546756800166409,0.4881026836017588,1.003385384719656,0.02512639388191551,0.19522624340046213,0.05208652893308163,0.6052022542219436,0.035209304818555776,0.8419332136681219,0.0018732324795399657,0.1588501034852487,0.40342972809090766,0.48503294161516153,0.8264620086889661,0.48738615663931734,0.26890215376185195,0.05805006505957433,0.1498308436718353,0.13459382984989665,0.08097379622696566,0.11469580394923473,0.38011815565398366,4.012568473272213,2.160300326272537,1.580313867137961,0.1348701370598584,0.9655906578798155,0.8662510511120467,0.017663585611042976,0.0023406556079950125,0.053166661567446094,1.1126647948854882,0.11896867694871979,0.002202290777731708,2.007288790194686,0.17643533801824363,0.06663932102857872,1.820629746128076,0.05828745199553004,0.01026109525071528,0.06085160887283686,0.22442237402651788,0.3265050232992295,0.119283133801245,1.0776720469742143,0.06282268394155754,1.4918656038879847,0.7120015186883624,0.05545921492480277,0.2541235718804998,0.17939375332807972,0.17126802079643566,0.4047060382839496,0.7691162898367685,0.1255098257654581,0.036323642577590465,0.14221914455641094,0.0548504562203318,0.08288745716304924,0.11056936585246335,0.14078134245602258,0.19617969824604153,0.020941321409660513,0.04043651245400404,0.2943585107807696,0.1732321397133476,0.22539941762916338,1.7269067287114304,0.05951514246555678,0.17631573558349528,0.5540084392423128,0.014175182495538952,0.033763518255534475,1.5395448664074531,0.05916838667471325,0.552764836069537,0.6157807810751712,4.46824396802393,0.922438247659874,0.5448194058999,0.22190932390496387,0.0012454100201821916,0.7143931895635491,0.2549145494862275,0.03428977649141762,0.007209738966826307,0.2999295724533999,0.8129999982412196,0.07808488842738859,1.139568270081546,0.23385834673041717,0.3523788666816903,0.16751254098322121,1.3081047427667567,1.3572825920969696,1.2492910283402925,0.13660600652136168,0.5691890004174637,0.47798280544709426,0.05108481216651484,0.10612540295645756,1.3011045377529216,0.20371012386878218,0.05523131990585639,0.006364476724089241,1.7379831756497284,0.22789454645261198,0.06553909017797488,0.06983495367400039,0.05928899148931599,0.3921799773938244,1.2645745270666033,0.3644100736530578,0.03739345384412096,0.28132084568269655,0.5306580234246412,0.07072481612519263,2.0561501750866293,0.36460500976873056,0.07276477598860165,3.014854692769345,0.48368501399407526,0.08972722178676573,1.947079848002733,0.024759261227525697,1.8779043168863765,0.6791399330283078,0.03240333366900927,0.2088045552880191,0.09889708768469263,0.39270244214788574,1.3423899834589648,0.8637469374818196,0.14204423221035278,0.1962781966922953,0.5818880907315572,1.4992058144440492,1.8279451854436282,0.6011393626510557,0.17242132358552442,0.3011152061177007,0.23164998955148353,0.04047820478915343,0.01933478530496835,1.501296386711652,0.07344278072608357,0.03053514041445826,0.38412559151940456,0.14363590990258218,0.18738605470135772,0.09365596888778005,0.10075493567905869,0.3103857579614837,2.816149355602511,0.17615595826710462,2.7409976794533097,0.20274002822481618,0.6668328545033204,0.07072817186929514,0.02798655943592121,0.19047883372465912,0.6825417380306371,0.5776029141814486,0.5642422460834561,0.3885231281391823,0.045255747795660994,0.21853054900041535,1.3129106078808512,0.13758413178646756,0.2305763074398775,0.16745621249691509,1.3123255402454155,1.7844152587260755,0.4185442189843396,0.35502904611823183,0.8905893807940026,1.2588761229927796,0.15182599168651278,2.268292705104154,0.4708781552132699,0.2089743521420585,0.06498548758291522,1.5446218017869349,0.06611853084751029,0.2463083954663281,0.7777546842676997,0.5461908167537622,0.16191093241670007,0.804786287877598,0.011753192027076587,0.5744663988485776,0.20359976827526016,0.2597020503319065,0.5053022325206937,0.13042918834934492,0.08171272298470966,0.06294849785435486,0.3017057864809549,1.7281479186181348,0.00786733961421271,1.1385358124160145,0.5707118254589081,0.005693224318497281,0.11039752314575008,0.3201213776804632,0.01434904830351183,0.18082959611613214,0.9241895142852551,0.3046338494881729,0.6985523808315605,0.6604950097125871,0.04116158670825998,0.1649668446905489,0.06146920071590001,0.5825148773353532,0.6899596093170604,0.4175331186659412,0.05727235779500539,0.02684928335276915,0.07657842420011213,0.04783081606254469,0.01706389423746446,0.09798779080324937,0.7223553194630585,0.024743505764955875,0.4909592346753013,0.09854499654960147,0.24978830031924215,0.31158229765057,1.606771051072078,0.12469041876496822,0.0361993436737843,0.058511267395984,0.43690288597182314,0.3149320320041764,0.11632505137667735,0.13524128449049955,0.5178239961627127,2.6418386702695877,0.27235409186471404,0.1355801559802856,0.007161545825453031,0.028361077823274794,2.2186068753367834,0.6340623067689646,0.05834422804562067,0.4067608371456767,0.560590761739808,0.1854292254280713,0.034999696307119355,0.15187188273516572,0.5775080328723152,2.601205664721583,0.5661250389397467,0.007045762930583566,0.7452697029409692,0.022575475312550997,2.8599771242031347,0.16525784880246197,0.5757385132332221,1.1034410286987022,0.0516598036147069,0.020662585007430234,1.4216155344797532,0.4755580202566223,0.12078316605911621,0.09934491458275332,0.9485975498341706,0.06358087219502595,1.5246814956576986,0.07780319409058434,0.06325204180633925,0.019026583909472095,0.1668550524992315,0.21643508042009418,0.5087383217726764,1.0460419314043796,0.07736308101827705,0.26846526436557916,0.8896811669827671,0.14102861442289383,0.07376899137101067,0.030614501791721038,0.102053869207678,1.9024278360801097,0.06581635413001274,0.3860744154649761,0.08351427864269312,0.5861289732436958,0.1781458502102975,0.2477707878580634,0.5144685749160547,0.35043858586188936,0.17622549542530008,2.097057078325521,0.04899203094993565,0.9081634258853438,0.05311380987072961,0.28226256419568246,1.2855312993002843,0.19251333612323218,0.035049230584200286,0.054302703891610626,0.25905623977133796,0.03630217430993954,0.38968033866107077,0.8177401761747676,0.016210402664989965,0.29234101692499603,2.134691012952971,0.03557112314560795,0.37208713116826053,0.8557097509805143,0.040306833762940864,0.9930924132832135,1.000625381255269,0.18368015519839098,0.03165439670667536,0.17607534576243045,0.15063828853165684,0.15251498215963327,3.0432562448271585,0.11507435664595106,0.2778086601049111,0.23624850686961163,0.00971616787282703,0.2108058988234991,0.07188553514230689,0.03924215556385391,0.6596962249637557,1.7474747370738597,0.013756717780805783,0.3104200836724249,0.4289691892688372,0.47104484010839476,1.4035274783721046,0.031397228736791405,0.3615659906119615,0.01532736873998597,0.07914725698935876,0.2441584104404424,0.16003301923884106,0.26313121880208934,0.8907003121338725,0.26244662449896006,0.016375518839625403,1.576090318005837,0.290078759342558,0.8120026939959082,0.011247210951301212,0.10696461217187331,0.23864522619233886,0.15675908810931372,0.6360296879162082,0.03988916245648921,3.921230452563762e-05,0.5285732905297069,0.5582261112632237,1.4714700851388343,1.160692446038218,1.98981366181186,0.2986848386766559,3.2942017921139275,0.7488728960477553,0.8739803117897282,0.4119408383394787,0.4095716199956052,1.7969485697925804,0.6694601034013532,0.05545295302496389,3.006841286774587,0.9016932409654563,0.8291545353515215,1.6995981657724544,1.5536271517951832,0.239246841721227,0.2014969557384072,0.059291639980958766,0.1503070249760068,0.48375831546728465,0.19711809604053881,0.0689042325308189,0.20903016680838538,0.37789995558434564,0.11822648256132773,0.10219609426968512,0.2501140802963806,0.09774801611182343,0.7284294525145164,0.3239643803735741,0.40186254835022917,0.43864922398715045,0.17983466382545854,0.346928160948502,0.08012828511212555,0.19723564055663168,0.2815443336409685,0.02889082342845728,0.17204230754280836,0.11554083481466138,0.596868398493144,0.013749255328854404,0.049880254796970225,1.842159196346518,0.5736394446464881,0.9252851438852258,0.589330174694483,0.3594757040387797,0.11030281220334981,0.3758970996869857,0.018476564966658615,0.10636330408151429,0.03163692167639154,0.07020248586497746,1.6164003678087506,0.36219454083811453,0.013186551313215333,0.5474970229925333,0.029385169899542207,0.6450626149769599,1.0181319186084847,0.5189595865938137,0.8634889721706681,0.6442900535994582,0.1460891139850844,0.1015133397618384,0.1117436016367882,0.0015652692120060596,1.1217662453048989,0.10706860084778791,0.48390513473103447,0.4018682828993114,0.03822943894130315,0.09574205796193569,0.35127753545322715,0.004468908066489252,0.6735036965523126,0.04120703222510075,0.6205197855093552,0.17019545646598766,0.24409046936264062,0.007007681089490236,0.37991421086478594,0.4533010855013956,0.11110208932675969,0.48614363370602676,0.1482013141705451,0.3107916326173543,0.150557080519524,1.2096015199630177,0.5681633744809094,2.7457111749629393,0.41849064405685477,0.13640296175073136,1.0301537070280244,0.1189243900720739,0.41552907711462717,2.8172678969183407,0.20742494039404236,0.7789305245510318,0.07318475056094986,2.071424793455197,1.2813656640973008,0.09426604662815066,0.5906439453382737,0.5670845743870112,0.31649213224361583,1.4091496710506715,3.2218758352231456,0.19697767890669504,0.6344863892425965,2.3894279350216254,0.23981991661106639,0.2021109281500421,0.028357365264338408,0.4798664709261542,0.49092733709276626,0.3228635660483592,0.07583233220781516,1.315069478807756,0.14374973466178848,0.17588661997923183,1.3883309229671617,3.2782792293668255,0.8098737993103432,0.26321421307285187,0.3369579206895478,0.20075262778476577,0.9839485324841964,0.16835285407965667,0.049189278510009815,0.6275899164502193,0.055067237574905725,1.7747688661630558,0.010594174300330939,1.404488162955555,0.13257076128603085,0.052220153275111425,0.2159172981795502,1.2429488349387017,0.26671881858729796,0.05068521467076992,1.459461702234746,0.07987750463284082,0.43452070505041945,0.5262489789219879,0.6967734451020684,0.6192850964239548,0.5505309665159126,0.07314509815020032,0.5091347455440391,0.13022906337568435,1.2154968971395985,0.004523875820498624,0.2129505685649984,0.3242184800104131,0.6507632056273018,0.1568136954443382,0.2650386474390275,0.45645879067018735,2.2940196993346538,2.0035307978874144,0.8877766832810419,1.5192337537704281,0.12639900727230113,0.1240344129467188,0.5985268375056663,0.23821043177701112,0.46557077019449444,0.0054321517661404806,0.4678915021787555,1.440801710061847,1.5159038853360167,1.044933924456135,0.7651763546550843,3.5161989348270444,0.033945546276725524,0.001965352675265819,0.2961648950493011,3.9591274852038536,0.503891230286178,0.5583404104794196,0.009386680030483208,0.0521432341177297,0.407426273671466,0.06284785247723312,0.2833220519304058,0.09977982979027811,0.6147888620816773,0.719238372096267,1.736314730391822,1.3177645592317675,0.39770242977469106,0.05518807430246997,0.377245203431973,3.2114429974674206,2.9490076234187583,0.9128794973862461,0.15205180359393156,0.3300481280612544,2.382237876731301,0.14255147104141175,0.044585779996717534,0.9768646577926137,0.13935756103584784,0.12167707145427831,0.4066650907367222,0.5132488491920946,0.8107295611401018,0.1911001825205485,0.536176813649272,0.23694962193536662,0.9670123235555566,0.41433821412490324,0.06055190013106926,0.10709429706352025,0.4633789535776758,0.6699930910251453,0.7006567131250968,0.35622476672418446,0.2245350027942522,0.2291103657866489,0.35710513718139464,1.3113305964704935,0.023722005904740717,0.17436376340698984,0.20137845367101992,1.136014082316283,0.1807476129015808,0.17950005057247886,0.07408825300242333,2.537146618111846,0.18123701984777432,0.28243240325446983,0.7184243979106133,2.0762706635557233,1.8653101017064528,0.23143351848650928,0.6375410221704277,0.004777676480921755,0.05834479956518979,0.18855056727252606,0.2554977645738956,0.4509303791020547,0.3860078104049123,0.3849995286909551,0.4289403859691815,0.5874203589029334,0.015046677395403607,0.8048122242557896,0.018431425956185243,0.8129659625147038,1.2004318317961422,1.4515111434751427,0.3992744103099455,2.008361375781374,0.03112937758224349,0.07705931138113786,0.3249463685733692,0.6785883694278848,0.1816359949844948,0.26233891783359664,0.25189601059393674,0.012356472206307645,0.0108177520310056,0.350996745432739,1.7411661950561081,0.5808124358811337,0.04903295482077086,1.8023787044902475,0.44881392587433866,0.16150635297548432,0.03310013831225578,0.18688849069970215,0.04765382697796683,0.3161868667571571,0.05606922055593189,0.6008329197040473,0.7348265136674506,1.1451024444738993,0.17938826648683492,0.6112424784146047,0.24452317546140023,0.24613279222470286,1.0281849297384076,0.22284847819455655,0.12049556465158506,0.28587386952033234,1.1646340440885403,3.3442829987127007,0.46946078188953,0.1957661274754824,0.10781928572028379,0.07421238017832543,0.14613637876268348,0.47877867522792994,0.51826987451487,0.007847578239705721,1.5508054271454175,0.06327811019978341,0.1216032125649929,0.0926549623780516,0.10147259132720543,0.05278799263125822,0.014123524495414763,0.008856116149685733,2.0505569447016234,0.00789734253593255,0.1541885826600382,0.053547933349786137,0.25386026047456256,0.06672043085121859,0.15652419548387275,0.10741835048976234,2.461472783176026,0.31620322009929513,2.0729652280780537,2.5388413134264702,0.4099559437035003,0.08013652199132515,0.18091369014005482,0.25901071664232656,0.11856530700142931,0.10063785584793172,0.1508564222934754,0.6225349948197088,0.5788654977851061,0.3474152585290946,0.08485916781009772,0.36849093803265587,0.05014464323553858,0.02683738071934859,0.9005058122119063,0.5361751333190894,0.9186702626908725,0.2959672887202063,0.5085205224721157,0.05863220615936182,1.3186552323767016,0.09570674030186876,0.9395133863806184,0.1087945575412892,0.06223140272579736,0.5571877154424152,0.5690091546965951,0.06594625897605466,0.05134912018824045,0.08786581468049848,0.32113535062598053,0.9944585668489141,0.3167663596179153,0.0460032209908563,0.4224588886248968,0.1212799450961109,1.1695945804563537,0.38808951631126476,0.290655091461864,0.02034467808150714,0.030384999645242106,0.26423039757159716,0.04985073954267627,0.135742053723713,0.018041951830513048,0.16428948371967822,0.18799198036933928,0.316704045024889,0.10168588784731147,0.2818259617679042,0.2136737803537334,0.15618031213709072,0.06290556374152467,0.1910524787736827,0.13998516887163526,1.901913491470419,1.571016299384842,0.11932858828530302,0.11793709954267995,1.7888659663354922,0.1246952066017355,2.382267670830374,2.284136262201633,0.2449497175431572,1.0891054583652489,0.12376539280820031,1.6718560144413348,0.24129967935632257,0.33538618412314636,0.7997914634385863,0.2982018207069146,0.08175114763986102,0.2215795715164185,0.26359779227021957,0.054869837056774506,0.04828629526074646,0.47625515588333145,0.1071670298230557,0.9907446237262606,0.00943940453769554,0.03717943854726241,0.1391664723968823,0.041706198432900965,0.048365372617250824,0.03956895618251566,1.5705749523964792,0.35132898774848753,0.20082963734565562,1.1046568088198716,0.551356920598977,1.1896498863115403,1.4630847992209668,0.5215725477539261,0.2945770204328929,0.6796919328511429,0.013947178647096603,0.4302273956844266,0.6824606592821032,0.1283693246803479,0.5751065251876682,1.0552361638561791,0.13531864376713498,0.03570496105253329,0.015213446810323106,1.313328568442551,0.18779214230504998,0.5910505546057649,0.022707350534251936,0.11534826914122198,0.07097044603358083,0.42472415202075786,0.04419139287781615,0.1344550649727374,0.3495976094568052,0.08023772941383295,0.9422395062540131,0.5350674331237151,0.04094445081435871,0.0704432395852479,0.23539543132793117,1.0581006434882543,0.0614610212555321,0.06979116725005474,0.021228196339191374,0.16003636885371064,1.419662528321225,0.18632905765246588,0.045581453034968133,0.24529740006827438,0.14384313430917212,0.015823669349831704,2.601752661866663,0.11710529765050531,0.8655564951081024,0.041190476947716936,0.18077191730902775,0.2984820541358977,0.10349724292433585,0.7177453003887331,0.6784922695310978,1.3780464962436327,0.060184893006782536,0.7079752161985593,1.2404334726183932,0.23240620242700905,1.2956065516453446,0.23249016150497326,0.8497491231452117,0.14923573549879954,0.0689347510719508,0.8868382711299694,0.05601679753367628,0.6479101403594542,1.1869996004902164,0.10046158675931971,0.19012662241697098,0.05835330623482826,1.0291361486116424,0.22523926784601866,0.24754543795583833,0.09415495085307651,1.124923678714104,0.6566273686832493,0.24880469635931768,0.09019731613794668,0.009537721863961957,0.17613090993841463,0.25427921890182525,0.0891587547324112,0.09066599846790724,0.48610123980813996,0.25894561295752183,0.055821581523981534,2.066557347331959,0.02576493608326047,0.5880984781901357,0.037433565466946206,0.9753952293710761,0.9149914884386406,0.06940728550848246,0.21294622269397712,2.7130893736202015,0.03646515963928754,0.27575797454086703,0.3105723354094734,0.41522431330291876,0.1695655263136338,0.3398897859108786,0.23467388948103884,0.11875776202330035,0.062419248311656794,0.10963737334930368,1.2952225672005735,0.11959028362894686,0.12635300131345872,0.6780866757905117,0.2564196219424675,0.0475469812557775,0.18315728651712915,2.569974603034296,0.37115929856498364,0.23289857797403835,1.456020235427221,0.038347006848403836,1.7824550481977781,0.8447333476444046,0.17100187855587978,0.31910907351631823,0.5727294973749083,0.38649175553805376,0.17650565065704907,0.06398055548495929,0.305082438756932,1.1038125449401586,0.1549153993026815,0.024133201119952652,0.07175055127705299,1.2015505708330854,0.7022781211367974,1.048712225621652,0.024871664498527846,0.0912082613030949,0.056542604591588774,0.06520132007660112,0.029364668392172166,0.14845817326088873,0.8027703810488838,0.03773515799644883,0.21544716764408944,0.13463610244207969,1.2153550544723977,0.913384193140622,0.010574316378155535,2.438955540279397,0.4641938786338087,0.3581575164090368,0.03961344406818346,1.1238984886589782,0.0009400483488397615,0.4065047691967754,0.6001226195418182,0.5845394486836255,0.007625090604008733,0.682659946163797,4.052167233175265,1.0262446761721091,0.02424846583729079,0.22986625354443313,1.7379706561152102,0.0007001769401682179,1.6125043793714169,0.37270331787324473,0.011185319039462183,0.3172875730667708,1.7767207991569287,0.645052994813021,0.15150496817438364,0.10469220560900028,0.00284172158185092,0.04034808759896702,0.6925662266871763,0.23433889022458076,0.10832553345992424,0.08551095340342801,3.2258459792233047,0.09487414323943638,0.9242103240855088,0.8429523737673853,1.2201635067780385,0.3362833019566004,0.05894357557532137,0.6644289179747803,0.03608666182244291,0.012902346505306972,0.3337387985039394,0.3866962319103676,0.040889944257220145,0.2470320892427208,0.0005337663253670577,1.504598808671916,0.266259242825587,1.2882240772753368,0.34747439565627386,0.13809855438126217,0.8284025818918614,0.4328605224228306,0.0930988205455,0.24443212820918925,0.24037837526464234,3.2297057153264177,0.3229465012636954,0.45850401358037063,0.05284753438043982,4.656022938954953,0.04588039179319403,2.9861403015950274,0.1380779233178009,0.01552104846788882,0.5287221428816555,1.4045960253784093,0.340012655496003,0.33168946190057813,0.22351099361155535,0.14892852797263278,1.0957519759094765,1.6073637518228105,0.12090999806220593,0.05052745368732972,0.019820234445317997,0.008464439776634691,0.09536190187984173,0.04738026944384263,0.04666820102973379,0.012277694305343978,0.005015480287451246,2.4683057955793504,0.5683165940215876,0.21731915812150038,0.1933939860004803,0.885665025004581,0.04482965895386837,0.4322698430411517,0.10349049587288267,0.8862299544549268,0.05802087788572363,0.2989668501795065,0.09543776274025506,0.0314430794961863,0.62575418975809,3.004128052734388,0.1848067873925867,0.20401189697397545,0.006246518756014896,0.10238081102110641,0.036938868809672926,1.0130387872850783,0.05517100038225253,0.1534693136490748,0.041835999195009244,0.3320653625895313,1.2138309782273722,2.6470906877423697,0.41370903014935134,1.658460602652141,0.29217713518837246,0.13574478933578948,0.6022606485996581,1.1254528036143872,0.08082513511659994,0.502463025093226,0.5400917783484718,0.27643300246443014,0.35675840100038014,0.19136307031293942,0.05748216495507874,0.30966127935598853,0.09450373954475544,0.4772995481039466,0.13586912494992598,0.4151038048370591,3.262690188738034,0.2017064275104119,0.2817694313079069,0.039212284149178434,0.02464657448385288,0.18597445900671472,0.35071157842406264,0.10547492171340322,1.0886006682781142,0.818750706613393,0.08162536633113943,0.10965160060635364,0.06673265309953091,0.11229893150895842,0.42183394694596343,0.5028598982966982,0.006692911141606195,0.0842043028035866,0.0035875119856327853,0.0699874727311382,0.03538425376576215,0.06129940089709285,0.630889187328905,1.552668322420121,0.005687646408714109,0.26301496834602744,2.560478377571418,0.3874445117448495,0.005245857067120052,0.642226370241374,0.7852833889543147,0.1872922792606464,0.11840352117267416,0.18504802628470662,0.21699786025059487,0.5124202459868211,0.6154655304187839,1.7835889725963594,0.5392188770875109,0.7610632029051614,0.8120774870010157,0.29835751712826186,0.07690197946682975,0.923030701890734,0.26051947195289415,0.007893742979159013,0.7001602046696924,0.21616156903123773,0.0331054973559021,1.0532895969665828,0.09270450582235956,0.10228956315712423,0.2906852754537407,0.058047577945459894,1.3000806763892605,0.0700978853098305,0.21810743741665872,0.22036042772337672,0.152716740716072,1.5236333459049483,0.08028088384496013,0.06603020288443945,0.43927602775461505,0.01328953513009079,0.6674563926739165,0.12078887635677704,0.11493085116743251,0.9102488008479348,0.23251333694477844,0.23820433536899444,2.7937456772434657,0.14628233793651346,0.017285765797625363,0.5135274416428108,0.05094475217967902,0.29647626545204586,0.20099103502209603,0.07071656453275765,0.5875107541338221,0.5801057318815459,0.28611405181661337,0.21556565389058058,0.5650965652857326,0.724929737722209,0.53071156773087,0.16219670902628486,0.00892151582096462,0.6995283580753257,0.1139103927119195,0.09921471023783868,1.3337846955110508,0.5535057240341961,0.0033638953756313095,1.9364080913033028,1.791440603505535,0.0012439058903113143,1.0791595035681842,0.40848202293788294,0.21419140317911234,0.524512904134423,0.03514634845414932,0.03869090455421764,0.05944308557403377,0.2595904146397904,0.026112955659286063,1.1820486460996604,0.9803898210460811,0.4016911330899732,0.45940872168615776,0.09244846692764708,0.020758326476796984,0.19845766802218323,1.1506992061439687,0.004553440140874554,0.18716066153171274,0.0238125286248283,0.03694931134594315,1.659104476518092,0.10324061693100717,1.128786746809995,0.21620025389013042,0.2643037834133768,0.7166967048395378,0.11247809577230422,0.05350464781763131,3.3047270233422577,2.103257401236476,0.07777556881563163,0.01657519803573232,1.3948864544391812,0.5194602330854639,0.0015352338210209426,0.18021053123107422,0.17157318349449935,0.02097230883211365,0.11711379789846077,1.2232365916781403,0.10546586561926774,1.0419654169270673,0.018426559914417995,0.37191971443535693,0.2494648545180873,1.0377320511501036,1.0353634977320951,0.048154357884557575,0.37090992822414826,0.624148472724333,0.13824931410607566,0.27273282282009226,0.07684840914373114,0.4726734356094445,0.10639620338640765,0.4510705465762199,0.01606870138831007,0.004770661182749658,0.1945868400978523,0.08256241613462034,0.0857293721042941,0.8033124634531643,0.06758295149516114,0.15151158622915084,0.7681540591342129,0.4936973644937872,0.07054551448141395,0.05659011564142524,0.20559102480042757,1.9218190829405053,0.04550281844953963,0.1952424583677017,0.08129910071808943,0.017325201857254946,0.0665977690399735,0.15306361076847286,0.8119014678648222,1.529950522419469,0.36112909442199714,0.7318128306274023,0.5169107477371744,0.33866804418320284,1.6738313554553805,0.09987810690512933,0.27661265911258615,0.3715379170485823,0.5739435893776498,1.0894209515106978,0.0013258052457104652,0.034137357152977055,0.06515036130182872,0.08467137730375018,0.029190225596660346,0.9156518517691802,1.9681561412325232,0.4594928539196802,0.177874096779217,0.12191765958133782,0.46090587685557716,0.37431829706520325,0.3667349918087084,0.31424538191367923,0.04667469139564684,0.742402878243293,0.30047011902837156,0.6747005187734889,0.45495311678629535,0.3284315444116255,0.20459143542981528,0.1839748020550266,0.01709244656664355,0.8507330447925507,0.33875604880401666,0.02400812686792103,0.26751262627812755,0.2329536689590318,0.029939128989081243,0.10893306614294807,0.11932985036797783,1.4089586874583766,0.31864076865439445,0.03770443445040239,0.5577878215323732,0.45237015555444615,0.5284425149796947,0.1906401193728262,0.16956462134912476,0.21213093105802006,0.2441138256628802,0.4074472500978904,0.04646508703086516,0.09047276843508234,0.3954003168601483,0.13892038442278648,0.8488282049504084,0.005678598263405943,0.0276045193899781,0.12048435020260423,0.23961768974902037,0.4814274470828054,0.2685801744325411,0.01890860834543051,0.02401473370586582,0.2623636251141064,1.3819090718796068,0.018399843238203428,0.009796758323867782,0.07981430011315599,0.10241911598450348,2.920013946134984,0.17067261338253759,0.3348592653728988,0.3137583759925807,0.4847676537576908,0.08780586801088752,0.10010476915384392,0.018527182701697065,1.4304568348721052,0.20841384841700164,0.2275892421577259,0.2547443255077662,0.3873465797916492,0.23618332903570738,2.589918897976449,0.17655239247754312,2.818202114183549,0.3646186846148698,0.028850305682490696,0.6977988512530491,0.6709877636805035,0.44018764245659203,0.06057516390341605,0.48936605593049265,0.09251783480862835,0.038477816332229464,0.001858362321720708,2.604957181953677,0.02852937808746092,0.0855426338206629,2.462258423861008,0.09525550222791729,0.05284931330980025,0.02185219079924483,0.7261675229416309,0.44291471567616547,0.15451464873629916,1.5292378257024812,0.37590146317684336,0.011134190023220247,0.14391912764551695,0.14076686042669984,1.3022107484667147,0.18888240232265646,1.6864595029877494,0.4827759685427355,0.344671871148875,0.37254074515977864,0.08849635866950911,0.20756224857678796,0.07791979313330188,0.20585754521684385,0.3029491139794216,0.8611789612901399,0.03492496089622543,0.3597286257148766,0.6871975271330168,0.588099557223507,1.3511974848537394,0.02676092346063874,0.4496092762821544,0.13812891131837857,0.8518967479934556,0.07120120080606496,0.07351043533839385,0.012098332415742208,0.15656109595512768,0.011799188470821731,0.12659161933230867,0.3467154748123049,2.143676755019283,0.03221072077924736,0.036126461501307494,1.2883576870425073,0.0068893410885128015,0.4586424112056342,0.0015708721637116008,0.39579053692605515,0.0872435059849288,0.5337654173882791,0.47436952152720335,0.2994729929569516,1.1304359525414944,0.021685438967775306,2.17814382609343,1.1227275847708529,0.09728723492380753,0.9703686006276722,0.005866194533214436,0.0035158646031359098,0.01144962960411644,0.7617778005121738,0.057515683951535695,0.5435825482744454,0.40423471603905736,2.164077680509238,0.013895626695049845,0.4839086104655874,0.061221059103330866,0.27178974797392064,0.2646197855847736,0.9280199616106346,0.09600290952869006,0.116693067905418,0.16994349073939186,3.093490308733873,0.960227656318708,0.9401398166909802,0.2876949533081269,0.34538664676810926,0.06825781244759788,0.09990872973910536,0.30753683724366365,0.06095509278422462,0.9973005951574028,0.22847342176913865,0.14246071349878092,0.13448898406140147,0.5899673145279023,0.444554231984483,0.09247644823762946,0.8806508920870464,0.010614771516594623,0.37884656907101855,2.1193740688094764,0.5080171294344068,1.1419340136185725,0.5701768446153408,0.1401799428114685,0.6076010427790011,0.42153429812824017,0.13267452219555587,0.06831540540708625,0.03619858039892132,0.29908131221685824,0.24689864380131255,0.09257503348810081,0.10382032880215197,0.3566159405900726,0.027435488369676242,0.1189346513900425,0.49642292001855415,0.04550393726959623,1.205578342656339,0.05699414388134555,0.24224534112608742,0.2662464841252765,0.5021880974751366,0.16126056812724188,0.16066689676410778,0.95237989966473,0.09168244175905682,0.2407362467219465,0.47036362814440646,2.2849190235598957,0.33786750800342924,0.08809078311565999,0.6121382709942571,0.12156541332424059,0.057171161873561305,0.15196760802556675,0.2874558002663964,0.08446696518476449,0.3007278762632457,0.0613538777442173,0.3279180224226652,0.14486173547681447,1.1554134905395186,0.915757754907929,0.03584553483215058,0.5143427132006981,0.15030807765959453,0.4430581718359248,0.0684665011957426,0.4514307439222742,0.2022982558416646,0.45135593360003745,0.2895153423069561,0.623789792584148,0.1273557305034966,0.6140452915207553,0.5187259987975991,1.263802029452398,0.8051022648646933,0.4966610264451212,0.2529100345110149,0.12108980934859637,0.11288238330369221,0.22354838405847788,0.10949697577517026,0.11029276692038498,0.0017654234206960773,0.09338971374440797,0.7130591041207635,0.061856860723005,4.1416644005639345,1.3819818346833568,0.37577462599595235,0.9213166244676598,0.005524902412976818,0.2161986710052034,1.6603298911994724,0.015304167593839013,0.07968593683419811,1.7426064743067837,0.03496861962899467,0.1501528253254235,0.09974696524726723,1.0388734431595184,0.6733990464164124,0.1282369245049929,0.0855050267446682,0.7280730747881077,0.014960427718176739,0.06645457915915798,0.22252903015112924,1.0318432148551848,0.6337302270331308,0.966480885306566,0.01644722980310609,0.06589135759336084,0.0787339193652472,0.2127910056726937,0.6112243557920591,0.4303263445459553,0.04580905428391935,2.3067389285412045,0.022669844782821635,0.32619068513388694,0.1871215470958112,1.2199722099959418,0.9056785568928944,1.09131303771548e-06,0.9475173168751123,0.3920677695990802,1.871189810852225,0.2927651465709533,0.00569943581573551,0.18493901768327214,1.8278024164304902,1.3773004945477294,0.04909370295212295,0.020281644538877486,0.06289248517236168,1.3605552222325923,0.2373275109324282,0.3489559918108709,1.9773503778546222,0.0827945463750237,0.04045429236108666,0.0013902365253771753,0.254917938824718,2.061464343650323,2.9432573095827874,0.007456913833901124,1.9140888029051308,0.21568600083080613,0.8851093239675134,0.06504297988120644,0.08443112609943804,1.7892596499065632,0.04853612544732422,0.4313636023417433,1.1110947291815207,0.02864209504926518,0.4040221100600958,0.007519606640434939,0.49444295973234453,0.505158496656668,1.8826157291352323,0.2484922839209731,0.08377519974527403,0.0022894118366352245,0.06189242200872913,0.0023338026324708494,0.018495012219886087,0.47238337956433796,0.05324967110852641,0.4742579048709874,0.024243405189717793,0.26901378354416133,0.41901820891310027,0.2679127104460488,0.6349769324812535,0.08232747966943554,0.02319339557115563,0.17122319485641624,1.3521681558162708,0.8166573175754492,0.36516410382497877,0.4018797812550583,0.003199656819145247,0.03780383444587887,0.01468516086065419,0.06316625690915334,0.13679926738183612,0.00879417001917926,0.8586316407621741,0.17327153570841447,1.232990966740426,3.134924792142664,1.391631889563776,0.8009479614630153,0.20366583230209873,1.9841149176715926,0.766576509090263,3.46245614529606,0.033591003782979634,0.1823891434231134,0.02605090444139624,0.550460024808587,0.15944834557032217,0.17043920223483117,0.5442768516922498,0.26019153205028944,0.04074561242841801,0.36530326829167803,0.10129508243782137,0.26763024883600384,0.008372522779740932,0.8259266101645382,1.509524466723076,1.6128655512849073,0.9344458346280218,0.6643349902462425,0.03704451219259863,0.22281069405118714,0.12476596994113137,0.022770171529446603,1.0990458504308667,0.5159230090294331,0.23242004254435988,0.25728973332427096,1.2259323695382351,0.03294576287523887,1.9098595205841078,0.26760317280514645,1.2598034242989575,1.7644572606390763,0.02400599088918942,2.7241325343600584,5.966411428349571,0.16688632365699385,0.003692061943039726,0.03422577683608785,0.047926263100180944,0.046233562926551564,0.19176423818813476,0.2970661158653298,0.9190089916848327,0.1387991418435327,1.5756334237287999,0.2897587160288319,0.40942119407038746,3.245746023255249,0.12904359250683783,0.06825772675225772,0.31466463304533976,0.2895739970386939,0.12408689624279368,0.6087248440894284,0.10636000905150822,0.026656219939637738,0.14180089139257013,1.9121532510202242,0.21321120623037038,0.13881409673906298,0.8507967095545783,0.10192435315374826,0.02730593847308893,0.2583951954562713,1.338186225224614,0.03630552181740376,0.44463460607597205,0.31500024079578126,0.043249963675572434,0.5457082915777712,0.2148938225315966,1.5596565786643735,0.8160850522818771,0.9869559020319653,0.11906897430236724,0.031341937465803604,0.059155951384521455,4.161415846844368,0.04521784699398612,0.07615948780497517,0.29917711268063196,0.06715971132162213,0.0398115368041726,1.760180397094859,0.29349678602030926,0.06060067633363064,0.18192132003916028,0.006573957111374318,2.059278101504521,0.0742958653004272,0.0010042159193315303,1.3335746551473677,0.565384467743687,0.057814305412829725,1.0120582423541618,0.4435655873099398,0.4475465929154543,1.49782121637365,1.3866568652588014,0.017372923814482466,0.01269078157987924,0.07632293421971159,1.2527823116805246,0.4537311262171333,0.03931563759687018,2.6329883341056233,0.09459597704501244,0.6187310330767435,0.20187935743968405,0.057221299833537076,0.2677998968091571,0.05145369884528839,0.9983966726163793,0.016454229490023398,0.9291219574278126,0.23987877448640715,0.09935010535696259,0.058731047225879074,0.3775420047386596,0.28071459308143565,0.1734234785588047,3.259617326657179,0.24257350933591781,2.8347396029873746,1.7290409022726418,0.13510618132505448,0.05483541813239723,3.09735659489426,0.19386072747427552,0.2207681671230315,0.4938544582108586,0.6273470920933818,3.0772584918267483,0.13578142225486478,0.24024858420992223,0.2595564469784417,0.7818006667428916,0.3137485628870961,0.04298750651194694,0.02790047364948084,0.07319645560281496,0.1306483198916184,0.7000812693556119,0.2996647242499517,0.0941174475107367,0.20741950285458766,0.03766115564053063,0.8748882465638048,1.4160897225557836,0.5493593594294763,0.5986680474059705,0.019175312263350897,0.04741755200851294,0.002574157403360644,0.8852742922723276,0.16700907042438673,0.32622414404602673,0.018830499120319588,1.4274985335216943,1.1635767155267724,1.528471318673331,0.6254123091284118,0.28249433402425583,3.085807429107334,0.6686789623751546,0.07870651436318477,0.20242720895029986,0.026475223681357823,0.020332209192901463,0.1165446279679665,0.2676428993654343,0.19733444849902826,0.09494921795870548,0.21089252007071924,0.33782240049883416,0.08715277420680367,0.3354809875321082,0.020735735997279958,0.025182645306679408,1.9048515574183646,1.996317606409826,0.6836960211315006,1.2262202892032423,0.1635908485409448,0.1018750582671063,1.1124250139067375,0.5218426967597767,1.8190278988231265,0.04873326751172635,0.22325658348893573,1.3811877488490438,0.07213798957284856,0.7852958143506084,0.22349886919743267,1.2520370423553127,0.20837337810496398,0.09815666997759676,1.1773521333720862,0.02813131976802563,0.022961588196241167,0.006261989036532273,0.12902005642498104,0.01984234213374178,1.9609122801630041,0.4006258061024772,1.1918290528063311,0.16879095223275642,0.008691161036599226,0.15590235144689046,0.3177272789275647,0.2028194705389415,0.041736687119571014,0.844466730449211,0.31829441101957734,0.08976734068739178,0.19198902418721242,1.1824729708298634,0.2271693400384613,1.0494677698397996,0.45408982034711576,0.11091804408372363,0.26450933595333836,0.18770571816396053,1.0706679278526685,0.1956041463721394,1.3369737551771717,0.16967548778447372,0.03070609920093237,0.30835958811746034,2.8488059419563196,0.030187714621199735,0.21258672696078307,0.003041258506299549,0.040349874082007076,0.01653032683022991,0.20408737376537367,0.16902555037562395,0.23176859446704623,0.11581107914637023,0.3003813699514035,0.5403597646255667,0.18400068215605392,2.4069704133683363,0.12245666760443052,0.44363855798418284,0.09327492615564048,0.13623919833777642,0.05494923076711222,1.7100486953458902,0.015867324872754773,0.3641953653904735,0.15499744069179267,0.14707597075506795,0.6156883310267329,0.12906942964544366,0.20005219961353116,0.4948396112722493,0.9172344603991087,0.2660505305025527,0.05756048187600399,0.07498957306874988,1.3717986630057544,0.007049225493513722,0.00640904642235407,0.15147301461430107,1.1906141453139631,0.26093043029496177,0.3062435729720847,0.18464618148071588,2.8136418078708756,1.062062597627398,0.8077304614858324,0.13095324848347667,0.577481867797735,2.4955041647982763,0.3271651277694592,0.03726551172039727,0.024190160737040722,0.5109955426693069,2.486494489330543,0.08761806793214999,0.1187814805125249,0.1992463161952362,0.1608323775570527,1.0943216993399656,0.001981834268553806,0.13989571324520478,0.502292153905208,0.4685224925471645,0.03459586197631448,0.03612376088875968,0.20071677756080053,0.9167098185592223,0.3851699625075542,2.9938622467591993,2.8390944036614845,0.7406748091041585,0.02518871227820696,1.3153929597854466,0.2480658557297769,0.019864164018696506,0.25455034859451375,0.09093931822488488,0.06835863728086244,0.05699986725720563,0.37959473122190857,0.055323789486379615,0.696599344165536,0.15560825143544355,0.2448852428271645,0.46755240743895815,0.009757314198017841,1.306695822270844,0.34050005987325394,0.19280351150542022,0.3038516130412474,0.7016251378143952,0.6730330393544226,0.7676172674331431,0.14550108668794615,0.07834148479084568,1.750740539070045,1.9367033560758828,0.20790838485647134,1.3908999045931694,0.26279059353617473,0.39978199010956034,1.7612762965997497,0.01836226853660483,0.15141113186589417,0.11145210328967103,0.2577647223275348,0.9110889586731141,0.08837914495418109,0.09836211570993858,0.0032491419979745473,0.12002220646610406,0.06793157541240502,0.7126126890113218,0.49561513503470156,0.05521565411002394,0.7059661077219522,0.16717900434431554,0.4143531133468745,0.42977547135955785,1.734082111045781,0.020952898499785766,0.2504639948613345,0.7751587419614396,0.052102559869057874,0.46703735052836826,0.0228967855685418,0.2599725510178913,0.49150709745580945,0.24999470808566204,0.05584570196236344,0.014886393913109974,0.26889725460711555,1.2529493226395534,0.3646924021125886,0.23401822960016483,0.14394224453603832,0.03731052019098213,0.18375391342349312,0.09630542455020547,0.545016114402056,0.26467210920943096,0.09992169051363242,0.47957172687652005,1.1257004303398357,0.9776176067359676,0.18172574087679394,0.0026098868308903345,0.07294931195695559,0.11742700417838559,1.0811813693020673,0.15955289719828697,0.2526669952919258,1.4748465863247553,2.0949747176457008,0.05997178857358754,0.12334312154768734,0.2699685178234612,0.11861270550314673,0.12818137602234625,0.07674565534380795,0.2506577579245868,1.2301817477386883,0.22374120295609679,0.10530496216906204,0.5176892559161015,0.05716055214574567,0.8843814084580273,0.5666526126064844,0.01583994655172083,0.2792622514368963,1.2478929653082775,0.36414321623169044,0.322360273705919,1.8958657617117356,0.07899257953947603,0.08251591799148095,0.0009275029042359328,0.1487309621055326,0.36436165608863436,0.6525984506218663,0.34752682594838835,0.031769760088873555,0.3784666001058654,0.024525066206581847,0.008734368820919935,0.231194114084331,1.2100334152203935,0.03827240066095722,0.8003539048292305,0.04285527447602222,0.015570761391659138,0.10405476839368832,0.6487731087798569,0.08994545868556592,0.07411241203799124,0.05098167124159447,0.5434400894557831,0.11032854163240657,0.06505050251030009,3.3512189536547594,2.035149395613935,0.25435688213493957,1.8412897316204884,0.016122151156249154,0.2872651129411271,0.3218501167122205,0.06801746201997849,1.6818951573895784,0.12223374542278709,0.03240258485213898,0.1462234446293713,0.12650250009186959,0.12168364371888485,0.8134123015469948,0.050337532841025934,0.1583150804512652,0.021903082708876753,0.4936807546428349,0.3171421494029418,0.029969123430004463,0.39649280018015487,0.1810515901896832,0.133406779608642,0.15562618093901465,0.042176828161504254,0.8260475977919717,0.01788265571071279,0.9444483726986018,0.492157371253267,0.07162573806704486,0.09642241035794086,0.45870349764901464,0.07595030857765173,1.2562936853027074,0.437710629140197,0.07474840670784211,0.38644958664590134,0.5682244268445964,0.031472983284321465,0.3270909447885563,0.3863666602373632,0.07675346547703987,0.747687357696348,1.211797941505447,0.15056546670742987,0.01611920212868878,0.18303870902077674,0.5907014440916605,0.3207835278422395,0.16492022962944763,0.3100411662927779,0.5682425481875468,0.13741466055312535,0.26746837539606183,0.19254807810278285,0.05425185913919939,0.17438977440322634,0.08127346483350306,0.08065465911632863,0.1030529860174085,0.7093266169616008,2.1377020450517703,0.13926411244537995,0.331677940197053,0.16816400026707135,0.11469736033162947,0.32869434011590676,2.4044854638705937,0.33596364139189205,1.1928195922908245,0.6645227326611538,0.0069313292497323875,1.015710941472596,0.2647036029556977,0.06434091434027045,0.006538031795303767,0.7035747894737989,0.3272350497980143,0.3969450538091286,0.005120862270467708,0.11307242694934894,1.6061142417066467,0.10057939537643157,0.3280474014339339,0.26639341091589425,0.3020743705356834,0.6113573194090713,0.4475517846957945,0.3172816276162096,0.4935602807334113,1.1139842612695248,1.3465051103239511,0.39922615564545916,0.4526187077449717,0.011646950086111385,2.6382481228602264,0.21851762502093433,0.6766322854302242,0.3264234147803937,0.16924406469022085,0.438389607682146,0.7871938706816981,0.08196507362772953,1.426303223554402,1.522847158199914,0.21879672457840493,0.006734951078848694,0.027701093154026468,0.023749148114273422,0.0390258924261242,0.3681209315871161,0.09729635470593634,0.25336475032103234,1.1609125080592695,0.4449829040182398,0.5214165586446041,0.16249214130456607,0.14246339892474857,0.18951817125802672,0.005466323666976858,0.16852423934887295,0.040866849585498244,0.10060667283450342,1.2619402104957576,0.8457109941544125,0.034460875485440634,0.27091742440173183,0.05963237056470139,0.4255212527508587,0.48088962113931466,0.24643577639497272,0.5877110370170543,0.24279802782345516,3.1943791308776746,0.4740661884409231,0.160564348342928,0.398935552998569,0.5612729544847255,1.6911951866019175,0.10130459444392204,0.16476981270534033,0.0990003578508788,0.014596121410083818,0.06867104088714238,0.18977857044722057,0.2757463790440613,1.0455571614561152,0.09869144108168793,0.05851495430415449,0.30978957906775695,0.15407241423894324,0.3916626052896419,0.6580749226706906,0.7397198565423628,0.038997837975611294,0.552279411177135,0.11012787403110935,0.0501647866909149,0.09679133577652865,0.10877620043572275,0.03456029014046702,0.24955236340548148,0.10743052705972145,0.8094681180334571,0.0037719127688001786,0.11319782457192396,0.09713275141171485,0.20967553714258225,0.24250039531313394,0.2557110443762165,0.09016948646756817,0.4417419271001375,0.7069591789911029,0.06726554583630123,2.390026844729139,0.009374126242709613,0.4925409959935414,0.1098435814798826,0.03079935571751924,0.2795551007891982,0.005645152083049942,0.06989557052268869,0.6100954063468811,0.933562837420572,0.04738043812627324,1.6781655361109251,0.17504483440986718,1.431831950163049,0.1687739490241701,0.8504072446634884,0.3167329120704556,2.2495094804668057,0.17733015973760846,0.07665228344862307,0.08604965448674573,0.901686955546485,0.01933078120785936,0.13804624578853336,0.4388603528812972,0.5532610371784655,0.004422417154066549,0.9084936652915038,0.26932192869755467,0.8854035364214599,0.34600231682135396,0.5385192053790315,1.135823441294649,0.8385936963399898,0.14353393841199036,0.0210472770755733,0.054307057939169234,0.025311492722414508,0.06767998060909242,0.3207406136189481,0.3682326438317667,0.07678235878527373,0.3731472969458254,0.025352750264080903,2.1784464234512617,0.2070699473466906,0.8086664940531705,0.04231336779566275,0.0693162489048259,0.3060382521487207,0.0006314416252133359,0.05282679819639802,0.2536585815816246,0.33155539497795905,0.2088143842463106,6.37986369791399e-05,0.17508498453922305,0.12138678109183432,1.491760010726523,0.20513376696945718
"((3, 1), (1, 0))",0.0,0.0,0.0,0.0,0.0,0.0,0.0,0.0,0.0,0.0,0.0,0.0,0.0,0.0,0.0,0.0,0.0,0.0,0.0,0.0,0.0,0.0,0.0,0.0,0.0,0.0,0.0,0.0,0.0,0.0,0.0,0.0,0.0,0.0,0.0,0.0,0.0,0.0,0.0,0.0,0.0,0.0,0.0,0.0,0.0,0.0,0.0,0.0,0.0,0.0,0.0,0.0,0.0,0.0,0.0,0.0,0.0,0.0,0.0,0.0,0.0,0.0,0.0,0.0,0.0,0.0,0.0,0.0,0.0,0.0,0.0,0.0,0.0,0.0,0.0,0.0,0.0,0.0,0.0,0.0,0.0,0.0,0.0,0.0,0.0,0.0,0.0,0.0,0.0,0.0,0.0,0.0,0.0,0.0,0.0,0.0,0.0,0.0,0.0,0.0,0.0,0.0,0.0,0.0,0.0,0.0,0.0,0.0,0.0,0.0,0.0,0.0,0.0,0.0,0.0,0.0,0.0,0.0,0.0,0.0,0.0,0.0,0.0,0.0,0.0,0.0,0.0,0.0,0.0,0.0,0.0,0.0,0.0,0.0,0.0,0.0
"((3, 0), (3, 0))",0.18689010445125276,0.3334500315909257,0.06740161771146441,0.02684492479970535,0.37916956543656655,3.5226508288617646,0.14752641105400843,1.054886959792655,0.24563732424806473,0.4978439519714972,0.33115971112668374,0.5206309145091605,0.05587120367548837,0.24313449853666058,0.017181845711990495,0.10020371611424617,0.6582354564625279,0.020645240678198618,0.4369990434826221,0.4797957551821427,1.393849641170277,0.12013671826129735,0.09253670011646942,0.1395467433836508,0.41158234741360067,0.08084858617988555,0.031866464907128966,0.19346607473262867,0.5320293884023004,0.07592344527616213,0.0685179873769255,2.032023950574703,0.49562949670843737,0.2143367399412916,0.25775696990925234,0.058393975668203146,0.019957156110529506,0.3121706971838101,0.05912324239310518,0.1724742535123871,0.04612827048087964,0.6336563678939324,0.0006285537287916698,2.0380902524743756,0.4475997063745081,1.9671463695045728,0.7164772011222008,0.1595419464435084,0.5661993012319624,0.6789032088982381,2.396400755731043,0.0840090504732498,0.40304071022543814,0.2124308259114973,0.22581564615376104,0.19317549930478506,0.2969321440325422,0.4583773702553857,0.43373034223704543,0.25455117265770255,0.1324884608329514,0.058057052258730646,0.9514327338995912,0.2195080066370061,0.04254997513386405,0.40520261090133897,1.8504125922017907,0.1498466800035816,0.6575135307556084,0.13835362339364776,0.17295797496369603,0.3064614674867925,0.3460956719307713,0.18676939125093894,0.09833746691364875,0.28149543567313007,0.007933656992694549,0.0013741010001038223,0.1081009247850524,0.17014089049826597,0.03797681308667045,0.07813377942303446,0.05515622591303826,0.8627140585741555,0.052123375045064924,2.6923150052164324,0.3901426194979605,1.4647095593986494,0.227768033110068,0.08361445671597334,0.40834346562143337,0.3804993803128003,0.008806657803866691,1.4374201266177251,0.8813491621405554,0.6588668365280936,1.113360783349115,0.013548673433560143,0.20834265485087422,0.00018739392692646017,0.100196124673401,0.2712410841442918,0.04590300708766537,0.05404884581298974,1.496290179323506,0.06139403058673887,0.11388026769511583,4.6703737383246846e-05,0.07909627553463683,0.6512582406203009,0.1873808995212365,0.2690423348430153,0.09025095911968073,0.518460678096492,0.5520927632484807,0.23098525584215412,0.0843136634062076,0.04335567528328116,2.0413448920243056,0.03692236502637014,0.18931560710378637,1.6292874848618715,0.1766406948017658,1.9547812176178092,1.3547728306618962,0.09793860510130781,0.19493133982531985,0.28682469605684013,0.01628097108351076,0.7628533956624035,1.1412235049052593,0.4027975305753185,0.42871742223825127,0.013564993126447489,0.526300586060015,0.38770638989720374,0.12529493780928436,0.03278577805761829,0.02339173155720775,0.7079225929562507,0.2135682756392333,0.33884370362973315,0.2562739416150088,0.08055340086192109,0.3564569617439457,0.17244250745773226,3.728434301587225,1.0995342182342565,0.11303739454867401,0.17786875386909173,0.15640675146564054,1.2550613881048542,1.0138014063421479,0.44489203814291833,0.18741532968214147,0.12957149662654727,0.3095962671198551,0.2520904746796213,0.36447119122318056,0.004701782720498926,0.25699028518529365,0.24191459363246492,3.3361960988614614,0.4653421518025871,1.8492536626545204,0.31195408095792065,0.4431406464135106,0.04267532408488761,0.0067628223035746116,0.04914822879805181,1.0008917561039654,0.24180551469946265,1.6263511416577379,0.25784276249591187,0.022901815168441475,0.09756333910048931,0.18171597794641592,0.18714046636393655,0.24681891272530976,0.023636923949418076,0.8417137657857665,0.18333305451509818,0.07189226462627696,0.04227213364367843,0.3270737812777498,0.3682895207143282,0.019759995445830403,2.0513353672862156,0.10482472069118409,0.9926624325726054,0.27662769375409557,0.34671651565126793,0.2842428833005046,0.29207368305528625,0.5495581362258304,0.045249730212472805,0.16839214442019634,0.21907311471643776,0.24347543468336053,0.5366407799160406,0.005292200976829031,0.028847895913368893,0.20650699832226005,0.08494707055863127,0.16813198065935597,0.12731177629254886,0.3245617948285192,0.01162362253679372,0.10691650553893783,0.030827346390604027,0.22263174240396655,0.24831218222928664,0.6190237442049478,0.8452796230800237,0.259172987278653,0.1159713496886865,0.08365421523958583,0.2899928593996315,0.09043256367453201,1.0517991471009147,0.15168332160951803,0.14375092258001498,0.20384683727264918,0.14377375164192463,0.46089392997589385,0.7388715099265046,0.4333084403925547,0.103337203249249,0.3111922836633409,0.32660705832466497,0.817263815023006,0.14205915215479203,1.6984897504398,2.10518363588226,0.003458143114298151,0.6845642061703217,2.2373893276218197,0.03565536294776406,0.3281450255712695,0.7500213091593921,0.10813276573366148,0.05320953171292231,0.4196818570490015,0.5353222154423842,0.2332861864837863,0.9334349204285615,0.26098454024282347,0.011849639813414692,0.00890050938242859,1.4695482651474143,0.9460053609981418,0.18596160636219072,0.26430824290364896,0.6295449544694105,0.19444907786931076,1.625543798293324,0.18549635121479224,0.12322706175084874,0.2205010977331635,0.12978530956097156,0.1495571030470425,0.099053031180806,0.23293078734429795,0.005102823146461599,0.24438982422235922,0.00562715897162791,0.4205303052332803,1.3087349695911614,0.06259202638404016,0.5889694752222308,0.17655499006455977,0.005919804758935054,1.3995192392361426,0.03843705535672792,0.22761626499898346,0.18580759193208896,0.2629956914233531,0.09642718464205746,1.0620924654020267,0.9609542331907814,0.024361521969948896,0.30649827332559365,0.15544595225278168,0.2026004302364779,0.1704977799484484,0.031177952905861672,0.9265030096501662,0.04129876273845201,0.056796246029956476,0.017050188723918447,0.22138649806008037,0.20998729434835783,0.13313164441223058,0.08441290228830178,0.1754162945026181,0.5421618703701198,0.23208536249345546,0.5410336241764533,1.497692141924834,0.3626699325293349,0.024058738228492915,0.013701424007497187,0.070867459875117,0.036384583446987584,0.5036303524157186,0.05810435515456536,0.023928452767446373,0.32268468355384805,0.5976102510134718,0.031375654354571236,0.05998844345932547,0.37099927428390034,0.32875549682755245,0.14576172214063382,0.007653522948639302,0.1990601043763145,0.8702118990365963,0.41027319389006145,0.48100310708896343,0.037568688158731156,0.5001868289600525,0.10898023013231373,0.8807172535856456,0.07537726634987019,0.669606016079854,0.7168767351450672,0.4845891325071354,0.08134653438270789,0.042621826928349815,0.3061380733112167,1.332136501278859,0.8956771814915911,0.1727083878899991,0.3694098572253175,0.06812060804820286,0.05707036061702764,0.7452377751178372,0.27131407491558346,0.15050065589524753,0.1426356775219435,0.010661188869092841,0.8197663466298934,0.34236487681411365,0.10617393566912314,0.08241368445039665,0.24233781772552399,0.014826920406622701,0.4034054540369322,0.14715221859749406,0.0036813068226781986,1.448713345475698,0.10128482379817849,0.7258628905814999,0.9162614937717644,0.3583683722093005,0.41334914107249754,0.5457903999042149,0.42545508733033555,1.8224708356838577,0.028272131988714477,2.928215028503494,0.5484219226795902,0.6169338217892628,0.22169636914798585,1.7650183610952002,0.15801048627097702,1.0516874287333828,0.0062537784563574395,0.22118329920593438,1.7281455363353375,0.1384555242562353,0.208999427284129,0.49365580348026916,0.20808961569224338,0.23837314741271465,0.4066477669126596,0.46909255188665144,0.27763695397223676,0.9521505891783371,0.190684650352205,0.1954586754265737,0.0753530229168895,0.11964847849141869,0.090182979467198,0.2986878097697174,0.4193498268840128,0.05786849250699089,0.15145333990832244,1.8142779477290554,0.1969884850736091,1.2290580266848559,1.1906099913569952,0.07395467436643255,0.027133468340921674,0.2026259048940331,0.06308671569350932,0.08523816716359045,0.11579874064369411,0.8933856338021834,1.0592948019945088,0.29769309827395607,0.005004118372060995,0.8131970462509315,0.04178783983814105,0.25441648994028354,0.0012561403271280636,0.40450747196200676,0.2970899512193119,0.05733746311057819,0.07474220599198533,0.0082743369563818,0.9130308529141196,0.4694512358411911,0.27546800718402276,0.04168369098211677,0.04198906855077611,0.287467528248474,0.1704478179711444,0.08614238131496732,0.8400830334170393,0.5001905678879461,0.4162843541317802,0.4744764419466586,0.3902382058038021,0.14803750332053722,1.3673094996633237,1.033412558899012,0.04473751596853193,0.3211401455537235,0.5634882791581006,0.7743765269239846,1.2851895477112254,0.019716924783501177,1.0971041159686319,1.0173063033201861,0.4762683360485971,0.3729709067847765,0.08462301835324237,0.43969076151069253,0.5718084836320738,0.41160495522019325,0.21669295679419753,0.07942225692713101,0.1507067931468149,0.0920728020946413,0.5454589106942049,0.0819634315925547,0.014426731072920473,0.16857310689365312,0.001599670412126608,0.07400153027272283,0.18170775869813482,0.12032676165786355,0.31939952857865905,0.058923695790650044,0.8318668028772972,0.09413483694735714,0.12940805465556426,0.1703774672935887,0.1274173092421833,0.10749992446882284,0.9578544514482696,0.012011370493307472,0.05165364654945426,0.3169158080982333,1.8364884836964028,0.7661435368820677,0.4744800550477326,0.10384484080106748,0.6752473316223648,0.0764510995019827,0.05582255788626056,0.17459385846597186,0.02139647530849942,0.10190946472572904,0.11624921228628626,0.21664479393779046,1.0809632031247824,0.3777055675146215,0.01040787862407111,0.18517024914313507,1.1061611076221651,0.1780222000303633,0.009356013669129748,0.04940874101451209,0.33600253896228605,0.5303809672356941,0.3507149196433801,0.15937640037036038,0.18378885366783293,0.17336430518784085,2.9958115024206067,0.58300509229452,0.9329249602828082,0.2103138279035387,0.05692133873505889,0.6788991804348494,0.8322292159613309,0.8668006362634477,0.16005156238871,0.13341377309440916,0.016327771372021127,0.14644165132124198,0.16310028754923156,1.0106012519815355,0.39870090417332094,0.025130344886709177,0.22117692126236932,0.060410609601269316,0.1036313397346843,0.4924244624855616,3.71054990809006,0.2537936050622118,0.6540779423099539,0.17797825752316232,0.7886149631060777,0.09376255856265425,0.09233782905072085,1.4817546815499978,0.07776557994078037,0.7956383364321853,3.396697368483,0.383281368566631,0.30131347885109205,0.0993099563971076,0.15853878204571104,0.02483434001245599,2.1795935100812134,0.16792600287286352,0.03528103589876075,2.833089719254925,0.5743225269793588,1.1216424023086469,0.41778558895403817,0.6746004906480407,0.34836923673147613,0.06652577711164853,1.626850780066102,0.6088840530729505,0.2061287038054581,0.1768749452817724,0.034267369386091096,0.41320348138499274,0.2660851087237158,0.952450420577547,0.4057788791602628,0.08151238806042183,0.16499298730169465,0.26849583965017676,0.05693998297177316,0.028762327137564103,2.235490175055414,0.21852461325879546,0.9954469487726929,0.3064049295977319,0.017936539145610553,0.6030544239486133,0.27686962471147303,0.023689945936535395,0.3416469732898295,0.21554019289774606,0.016508391105821474,0.4172409093802243,0.33590310245856836,0.23527504353150008,0.06796623855855155,0.31093883898301633,0.012842300075093238,0.17246748294137482,0.14481008140261142,0.056007829404696396,0.7217332033733677,0.2152421531657901,0.5132095670915122,0.176982973300978,0.03576827117336667,0.06812041360755494,0.11775413355248698,0.6016144609768764,0.41210877622358255,0.44729587522989545,0.2555376538170616,0.007537500466492597,0.132701223053877,0.14484931471813256,3.3512986630049553,0.26032421718373466,0.26147729654663965,0.17903029600223275,0.011575552623271479,0.7558054256097992,0.20493463711586768,0.23835017566253414,0.7847257292638703,0.15773751982867634,0.05871718126334091,0.02800742414977697,0.2841986192434639,0.005874484347463849,0.022562393990323892,1.5491965430849048,0.420312686777188,0.02740956734532063,0.5160147306491345,0.7251948247614894,0.23180355959903376,0.09030313296669701,0.11598952119392725,2.396983651382425,0.0005328505399786465,0.796453150673557,0.09181890941251392,0.14816926766874428,0.1055139927575337,0.24750841819832736,0.2887980228617044,0.39550728735098195,0.12036667522934308,0.21302578338807998,0.07438898631395408,0.3929817513376487,0.2948483895795371,0.5948116073953305,0.23247218817108095,0.008653501764882998,0.0011701146965581444,0.12311724545887659,0.12186573831749448,0.024798721649359423,0.06699360297562185,3.628271136198684,0.10826612964764681,0.1717050483557485,0.02678531756979452,0.06936368582291264,0.10452246353839201,0.1405303587060353,0.27006110058328203,0.6997756127846135,0.31219104589269975,0.2746529540517666,0.07989378739991027,2.2139096926200343,0.0026315138124410886,0.6849916959616631,1.8116415052806318,0.09192302240115868,0.8620838552940939,0.032490691715064246,0.17653756245683894,0.24527847352682208,0.2617401346199413,0.006061138820283363,0.24007414687870554,0.17256032859685466,0.3783614557636814,0.32806358473077735,1.1684148275071626,0.05384411763199071,2.5844391047485584,2.1486687976548464,0.01592170354815514,0.10006655311264911,2.012344002602272,0.5297883850457428,0.3110494330881839,0.0008741187853236188,0.35845193208930637,0.08898621278631458,0.3420637557293489,0.0526370367386928,0.019158765383491927,0.20129755500645508,0.07733132397944664,1.3289802416757517,0.42975806363316504,0.1524449518637625,0.7997717836181968,0.15296884868943816,0.9542981267938707,0.04634626465700331,0.42007210988130805,0.14111042084419467,0.1913016442627985,0.43385272731546765,0.0007758885708681884,0.3336215106279182,0.19670270877189822,2.2162120173627686,0.07565563669477593,0.5168579816427109,0.9542681318441826,0.33662647269710944,0.01557745098182628,0.14320699351964916,0.7098472399006304,0.24057534263841784,0.6664941514101608,0.5129841810370414,0.1552964586417483,0.1585282454190836,2.252126379702638,0.07853812959709261,0.7051162247650673,0.4501546708111609,0.05409796222876717,0.3814778300269288,0.4036353140479094,0.05269119815328671,0.16617818240956228,0.37225711434614794,0.2335946434748155,0.03976854489204307,0.04633896440078811,0.011132484732462755,0.18885549315620298,0.11438007082312884,0.2257277499201249,1.1868608339506348,0.12046444443457549,0.0556919938744318,0.48950863830633995,0.17707233976538905,0.09407380556904865,0.07779053714476886,0.31007042327947665,0.1313616545713333,0.41368103372674536,0.08056630652955021,0.048090597069433194,0.2719186829508652,0.12732639082690933,0.1296316458845138,0.22235728449604086,0.9955299764782233,0.06082041022938511,0.5762784111173964,0.19484866854818228,0.22552409018776487,0.10203265451037158,0.0512828546341727,1.3143625994233177,0.07173411901097937,0.07914106163154244,0.23185373220100436,0.4332449708289321,0.2105561628824315,0.306929126112758,0.1331314298375066,0.36899652287886164,1.0224293891538911,0.28175721095016004,0.42328402039496527,0.010248708562646924,0.23363483402530383,2.0739177898703227,3.5472732129247215,0.23089510436625083,0.3381845444097922,1.0204330862385067,0.35933413280338367,0.4285768024200849,0.43550103366333515,0.17860929050115515,1.0677408293416908,1.7951598659688965,1.2350288299877592,0.13129938312716294,2.4175708069636714,0.06237509588535817,0.1421634368145801,0.21784436695506226,0.36699528736904596,0.2521598569335657,0.20976418956481757,0.06298083252913445,0.1914016365096689,0.042049804855887274,0.07150024956246581,0.09475046827116396,0.17704913296830793,0.4544582628481395,0.49168637740446375,0.04325567994312152,0.6020433824964715,0.9470723261027545,0.6906860184224328,0.15669242822873963,0.025955143102396994,0.5237434133159629,3.2415084481922993,0.3070922545486354,0.37190277825327067,0.6811508764798735,0.020214361868577613,0.21553010340966205,0.01700481221068406,0.4732931806909997,0.21554095970604403,0.052077069784389446,0.030200349612084232,0.1827305830122184,0.07535548656753521,1.0222067142405873,0.04808648068542132,0.20241117469203454,0.057787324658399086,0.18942945712019355,0.4034788009750092,0.2595603152005431,0.3504495590977835,0.4524718862074444,1.5561398173031753,0.49758869885884627,0.2603410791958902,0.9925717308140931,0.36245951596299786,0.053696321033100514,0.32279914249297914,0.015168252155829287,0.34739619411576417,0.12421583082631749,0.29890763025350675,0.33084905419877497,0.1031170778123145,0.9582299276641595,0.10621664360901051,0.021624570253624187,0.07886434419557631,0.14972631102410683,0.7291841972638763,0.5263264717420804,0.18013231093004034,0.10194576269318145,0.0385627258064547,0.843408542434846,0.0020072176143415277,0.12660825711424695,0.49989492187088436,0.05014680540259242,0.12791800966584888,0.1327606911969461,0.2113929188319842,0.1272887954300872,0.6870547345583771,0.5374837419607932,0.11397501592855841,0.060231523441641954,0.03214164489352944,0.02763701034254651,0.05426276171296984,0.004966720846987016,0.23502206443267104,0.3719542216701024,0.14097450778790477,0.08287020378901522,0.025031547607998472,1.2827226309800634,0.30847203492216413,2.208239866901172,0.7281863403002495,0.12631304731284065,0.1790424600735845,0.3085285918198286,0.008795501463344069,0.028112627719367067,1.8996626728133412,0.01209200928127091,0.19578054123205102,0.10466082306472213,0.5700207942801265,0.26756757868100545,0.3539214001410098,0.05426792820794357,0.2722631416191734,0.27811368968195116,0.465450140004398,0.09114988452737816,0.6103632997357447,0.04795613847116864,0.2989109334562581,0.03181195458367858,0.003639779952188782,0.0902003619619487,0.31561119301384877,0.24416291425860426,0.00964929126044023,0.15544293322077696,0.294532517011306,0.8020739320315355,0.31649317011786016,0.5062898537680471,0.10731628494691803,0.02718684563998608,0.051251791858060614,0.14075564489879133,0.03956623345501342,0.026599568187326894,0.36768121209731097,0.3634486564346122,0.18951614608649492,0.1933618940079923,2.0357826598542053,0.3509938754487669,0.20613793388695179,0.25540115858879947,1.7215062390977742,0.15895409561269958,0.03829496099324392,0.4761680231053449,1.2860443308945013,0.12397437376607501,0.1336729984569679,0.3293234131929599,0.5435663397492076,0.24028328490209594,0.2141444867498946,0.13604758291233465,0.7318518993158823,0.04797075048566635,0.19967382390166688,0.1018433373453953,0.9049201152520678,1.8616908217592332,0.2600358570646746,0.0888764189919462,1.2466672131872132,0.39232617520360447,1.7206402046508167,0.2079130381511462,0.22633778314412534,2.2227792634776975,0.28012086777143885,0.26967019683447147,0.15465216085644862,0.8910612408834532,0.8670369491938628,0.08448114779654509,0.14998654169803283,0.14164552398898667,0.09462845288658694,0.30008596684713584,0.15423233529705271,0.49096012838898484,0.8028789847314834,0.25584799327688734,0.2417295677368747,0.12738903654242328,0.055475694277661414,0.5679115825040191,0.13446529726994516,0.6472100855825964,0.09292152589625924,0.15900650145865258,0.37884521982531805,0.1544105357134833,0.1800790637873828,0.32363842389695385,0.001548483554177471,0.004050962739792663,0.10057913309244593,0.8340942349016307,0.09224073232509578,0.020241953043425243,0.012199469089420933,2.578289920120724,0.06506165471002756,0.13252165038896346,0.098714213996411,2.177408858723642,0.801447699479648,1.280367616251168,0.0950013459336837,0.32005170107959513,0.039266866478808615,0.9589036376746357,1.0640080398193512,1.3121690218632522,0.10889272649747017,0.06277008355135516,0.12478325265405932,0.07190338532468576,0.24541136406428743,0.7031182580523729,0.5971911394870526,0.3116295119233863,0.06490117605771278,0.0005861765439665323,1.313314011101963,1.0534181919719823,0.5068304017086191,0.016010561809297608,0.274432867865704,0.003408608458165263,0.12473999082931542,1.1929281934378888,0.03554924254819336,0.19140324931988806,0.6605562381484877,0.7025258343350895,0.014513346796554916,0.3485830277114925,2.1338538231819375,0.4324526795147279,0.17816991441327357,2.253171356806905,0.2239245314781239,1.8053168940764373,0.21694983090631537,0.7289717145378967,0.05896669041383684,0.014885233697764733,1.310691310337219,0.7687603257410259,0.6860239123180085,0.00015878231957255906,0.4959206337885167,0.6740021442420774,0.18285433709773313,1.7338160003801097,0.26585573789209516,0.34294676031067395,0.05496125225563858,0.17202373326007114,0.013844424659659293,0.4859520963855588,0.04850444332205639,0.13869267942569463,0.1026925676735172,0.4548098421831568,1.0430913940537236,2.0903256909695855,0.9490144119452476,0.17288899862145968,0.4398744721355561,0.09525596296847016,0.6394291589328711,0.11487484568789097,0.0195482621612888,0.3415605795241048,0.6101102685216477,0.3053778333085131,0.6040352267200639,0.19360767231013654,1.16334244871075,0.49530996623788914,0.4144592378808949,0.04381203234261255,0.44400273767579446,0.21588942522268884,0.022704685667946034,0.14648516565135739,0.11732908579933732,0.0038170059615537655,0.4061347148977913,0.3082986210879427,0.00507601067544361,0.19929538971070915,0.08000175074135396,0.6558879337671351,0.060261047896867925,1.7554577729498768,0.2811300990782152,0.5877967154120195,1.2473883220283444,0.03969233616804224,0.700556260899556,0.4071106585566966,0.3032243595098789,0.4126739705874094,0.9098146826812818,0.04739173675616337,0.01123081745834581,0.30283532495846366,0.5315198798540028,0.20316346830143672,0.33176570466788313,0.05482635609222475,0.05894617855245099,0.050596006121196524,0.07666083801804457,0.1470168578914106,0.3369922577441218,0.016639081164306013,0.31629704603255604,0.11562367664401652,0.2312764613708128,0.08130640874305695,0.048361873211141715,0.030182121426691078,0.43375337198467073,0.04313531867115805,0.07943298045132607,0.6128541275720937,0.0929789325084811,0.7752960240767249,0.3911530129876286,0.8017617478106565,0.2628847600743456,0.09856047660568934,0.034179774535866736,0.8316140622138968,0.08645003680209207,0.12832951218529187,0.03881211688748787,0.20867026152026913,0.10145607998497108,0.4514223429241242,0.3158964796131718,0.4785451296158314,0.23048942374471637,1.3400971287417587,0.032492707886344174,0.36181923189658205,0.1852224388517716,0.4907445667371339,0.23110010679881499,3.242501042629012,0.4039270883507633,0.21447252119411275,3.9048435411568234,1.0805146745770147,0.03577610049803148,0.6671309236991367,1.0062836326133053,0.136448554789246,0.9713918599328412,0.18727224609259885,0.27720749472487105,0.6155044282222581,0.15824618796715484,0.23829016964192817,0.3399646176700619,0.05148604141522495,0.2902469918196451,0.03937389378583256,0.8007495199445354,0.029117864339018862,0.1335985695362436,0.16997541460704646,0.06707726907650802,0.07197786401344097,0.6794449046995109,0.031618295595205126,0.8461608294324194,1.525670014256781,0.07230563642431553,0.023914451376980228,0.08099869765492951,0.00990554199755378,0.8925839128201467,0.35305948030188095,0.05018615617580213,0.6996043201167095,1.1230504349909816,0.028367285915659957,0.3069328463653336,0.030388745381632276,0.2450086105725504,0.019349262280905943,0.4789653166471215,0.10851218770474169,0.1653961505135692,0.0020085988489377815,0.9008064019487259,1.7663858077996275,0.34937550657701744,0.02974751152529498,0.16539005347603108,0.134337045542281,0.01937058343656639,0.04355542744672469,0.2383833749874108,0.015282838691164313,0.033498107546032774,0.7898935028335934,0.22707415471078063,0.014414938275451039,0.37350483818415503,0.18453131841793446,0.08290498320530304,0.011915311801317108,0.17285270314860002,0.15546649306937077,0.024015198682625805,0.4317273625874237,0.14767024897083858,0.00017063079218204713,0.253437400423391,0.15636764410697435,0.13343739240440794,0.4382559457748372,0.5697976076534071,0.038125121461432154,2.9813702481049695,0.27094176946028503,0.5751907129020062,1.5901392203198519,0.6658454623492118,0.40893442066291397,0.12685600248471163,0.8215641661058573,0.1217239787966371,1.5446456315730361,0.06116442950491663,0.022556980219746947,1.3923408269288717,0.021929660119022643,0.48300780313380487,0.0008578859055002885,0.878744627676272,0.3822013310324357,0.13918339768885302,1.004479123164139,0.32069144894412605,0.6050330314486705,0.5673023936299795,0.4305690930448012,0.21424352437716576,0.045296380237251466,0.15828036648813892,0.3629987600003344,0.2126397743631117,0.46870852355065973,1.192585484244571,0.49831283637201684,0.09964605629892764,0.02158077303818917,2.40339877179348,1.5277138966540176,0.3383575999996452,0.3096723824097929,0.046191827567156674,0.1543857571897529,0.08712917161919065,0.11824688649299309,0.12588609931228356,1.4074302007699557,0.04565680683066309,0.13493862826964848,0.29249654786859847,0.6664079959516469,0.2475728436102319,0.043702611425479265,2.1869891344771495,0.07317725977244005,2.4090265947116802,0.5083315429136168,0.6969512778431362,0.02807374900209436,0.606448200710663,0.10715366185809305,0.2379931174669957,0.00011888546609650774,0.2533946196347068,1.5584599626060047,1.7772010448130247,0.01612254985930761,1.0057728471277887,0.1434525721279149,0.05657805355765344,0.09189295504987394,0.11257269018474814,0.5834013702242777,0.015645657341186947,1.0313516280242303,0.10546219908825227,0.24099043312839363,0.0837675339376015,0.4392129469588184,0.471644056292582,0.034257914802057865,0.19520909972709805,0.12500884245507826,0.3569018972761826,0.10183589511339064,0.028085266017839117,0.011449152099851645,0.03442530625199569,0.33910829353096705,0.45847113183054633,0.1678247134468237,0.03486374190475061,0.18203990651062163,0.11424898215478141,0.19210246202599768,0.20396317889670634,0.2001385641393748,0.5506273486404827,0.2630345966182017,0.5704816213909435,0.15770432452461636,0.19982487766626245,0.011934151893648215,1.4174398124136551,0.26903560957059014,0.26063746828258977,1.3569259305427828,0.27849581292185266,0.044095903828906935,0.3673716108324437,1.4468934608120156,0.012777438663942764,0.018671941399372838,0.21204999068365626,0.06757964805482719,0.7423174757016333,0.029915122496357416,0.0388667514627401,0.155986407995804,0.3328125512127298,0.1461801913250279,0.05168405328570258,0.21953896194868916,0.014053654053042708,0.24595250306855299,0.022608428784198442,0.18241522213920836,0.23711756544911067,1.7258438076717617,0.4680955219252545,0.5950605044616941,0.12326071982653097,0.5421549045993077,0.1367398845853498,0.060261693068,0.21743663548540515,0.3617800813318518,0.2339678309680584,0.0027484415934829753,0.35042688170726555,0.18852342655672016,0.5412391395695191,1.431094674584958,0.038731118966075784,0.33480787809178025,0.8799409344531277,2.6933711589141067,0.26990830383581854,1.0468414983600551,0.014491418730922856,0.006303112056514015,0.0652353801370591,0.33914736363513365,0.5352630186483911,0.005814482166109358,0.12238855705355256,0.04370881457318365,2.8224264119669846,0.3444910256048188,0.2226169014756456,0.24354619491375662,0.7264402039178941,0.06091054280913166,0.05873750269861017,0.4183602368023871,0.26739036595295684,0.14662577815011413,0.026772376203304304,0.2353880164564761,2.535225819589977,1.2987544794776564,0.20993573957180778,0.45835829201181777,0.040026231023125636,0.07636480728220474,1.1004430056878745,0.12400332596187974,0.11138602219052052,1.2087986305660627,0.046999547993266444,0.3417510997384303,0.08325385969009225,0.1414133814132167,0.04701744820051279,0.06756593110384723,1.861779001189647,0.029018430973481557,0.883387905154824,0.20872939890558567,0.3118404265376158,0.09340688205100078,0.5133985715208162,0.6271448929337742,0.984235490114358,0.40565356208395054,0.07905774083765493,0.14783986258167947,0.01190011155489501,1.0314872560735877,3.9441638611135414,0.17416333328578548,0.25355035948652904,0.07749520480489114,0.7895758010542964,0.1869841114193571,0.0401376471173982,0.4295288901939196,0.4287306366399948,0.43145219642071075,0.09358337899361535,0.4732110752202878,0.5992020242031594,0.04966080145495688,0.05697798880268401,0.022127700014662244,0.3063191591907084,0.06011793090785944,0.5873304962455963,0.17548413740561064,0.0367668863637407,1.0932882444120433,0.16901007386664202,0.3417752667382843,0.20800323545757649,0.009463928719781411,0.40194899080163626,0.17011334708375503,0.22611047417702523,0.706423742795666,0.20310229919414413,0.7145911031462845,0.2128639446464229,0.24804351817174297,0.02877511004982891,0.024034310843775275,0.09500681711088771,0.16076275602699797,0.05729320407511962,0.9772608439220201,0.2050608004111969,0.47630032397046573,0.4741808279255464,0.11732752778132949,0.023854075291084964,0.06173159003578843,0.2795131851768502,0.7738871808596269,0.15842037943194875,0.5431754451581425,0.18615018180257115,0.9616754380198506,0.057511852453256296,0.5722233354210366,0.19524118075534436,0.30855324267747863,0.05267865003245331,0.26146485535110786,0.48680082962794335,0.22979627955084725,0.034202903493456116,0.009821672735215836,0.2975637156404711,0.037939465116230586,0.8605078394102397,0.07923277853922084,0.025634026204765847,1.023058006389523,0.7499224928318757,0.8395455205661819,0.1872938279254064,0.12717872821316634,3.144218993602437,1.4317812725353696,0.12615197385871002,0.2566383595862485,0.09275455350437611,0.048428338205094734,0.09697516427534619,0.05849916044660575,0.5258730583848514,0.18973185585693342,0.04205964219292663,0.1907459104548157,0.05528313922033634,0.08470679084489952,0.31199970329711113,0.16948977640971252,0.03771647420146729,0.884675983435099,0.15807551684919124,0.24080910133375233,0.11912020054003758,0.026061792816935547,0.35423153480757397,0.17477433036964252,0.1705923566385676,1.4829034152854,0.15385368475077144,0.028799330184336114,0.12567581804804578,3.3546065247922283,0.9067003971834211,0.1730579898471698,0.20522611487811648,0.1902130298906971,1.1586956384333984,0.5910593415777631,0.023974140063869442,1.5137511191549027,0.49819516197008973,0.001100970065571083,0.1354396444320236,0.028450936442823593,0.09099310056916277,0.020978039978165164,0.23829201628962182,0.246107627528231,0.4638896072195575,0.009581933345563676,0.05997373066197187,0.6388469527509377,0.6193141866630187,0.05357921402100341,0.331538542332182,0.07482614123780951,0.2636707525404087,0.0755113783487702,0.07408926779788039,0.17885680184511799,0.294581848858093,0.08062977795796347,0.010325446283457218,0.19574232506418654,1.10762960531977,0.06695298747723688,2.181692269492843,0.07549172792129566,0.15493495911792854,0.4459934268852179,0.3159372920226119,0.39788737801757246,0.3581133901879272,0.12814915993805864,0.059151331234252424,0.4891803305303487,0.29809138557071346,0.03554194841810654,1.0993095981321925,0.20088259128199182,0.12361678006326438,0.013313667103503457,0.07671721726474423,0.26330377558802365,0.38062054445462534,0.5747440228220646,0.06381797409871659,0.40865717853295236,0.21598077085858847,0.02130890551861997,0.701015911181003,0.9943333889547106,0.08327288932404797,0.9118872524077897,0.1294388594766418,0.33780137842942237,1.143912430191509,0.44853324208753875,0.7342723246008468,0.006284433630126651,2.0052850366938957,0.6271635837345206,0.1053718986030533,0.005414194086670321,0.15770542405166643,0.16534033386106373,0.8341779232892454,0.13573004384173482,0.8106495354796517,0.45071838829662403,0.005958330692451441,1.0542804218492212,0.07875526776323893,0.1879097190229997,0.5634956939072078,0.12424133060465303,0.2010285722109746,0.216007791176267,0.02138266943447742,0.015385745455589683,0.7173809286434883,0.2596121474059099,0.012812208920008228,0.3276933407643948,0.16493308291140418,0.06633521268852505,0.2886885801341481,0.3088146365107274,2.226215289387655,0.6968299680996543,0.08475106933190013,0.14898446823669576,0.9089483406110148,0.8544599247318427,0.3226427219829926,0.12559357404175275,1.2224311743250178,0.0016317941091417154,0.1109497937037981,0.24001423665137267,1.3144540059784928,0.28576490779357466,0.5160573564612276,0.56873233099253,0.4977176920257853,0.5472918133898541,0.6847219523964261,0.20216969721913425,0.24121436456228068,0.171238748751678,0.74186341086454,0.0031681643001112425,0.6045684245237708,0.04678294990804277,0.32887539027179846,0.9092972643894017,0.005772593243344559,0.01305746328482904,0.029880528634673276,0.06978136041370675,0.005514577673274346,0.15739556904498597,0.13594120606929416,0.009807839307530264,0.4387199918675029,0.19329717294274218,0.07684666577142063,2.2715657713095085,0.06224863095520777,0.06806735759740612,1.7080143124653608,0.2778189388495774,0.3919669410168947,0.006710305815561313,0.1102758406027502,0.038099342356960664,0.20646536694176165,0.0051376808419247855,0.10025696874703982,0.19497188531806764,0.004572869406531677,0.3811358892324742,0.1347514509916114,0.0014895889696937559,0.02529864263379844,0.012417970994304639,0.3919151277035837,0.5463783031932322,0.287050501276241,0.3800872902904857,1.6270355622162769,0.8087788833825693,0.5541039617193424,0.24554555673220446,0.0019874003556787923,0.09837207109613028,0.22996296964443697,0.025756387907164946,0.16226424328550326,1.0052620037795081,0.03598996510678809,0.34997304048733247,0.23137434381769312,0.01200793982139936,1.1803317396188928,0.12546241162792926,0.19809912347163694,0.15491829991963113,0.021266225920575643,0.427504340974191,1.0004179581565555,0.4936688068833528,1.3327139948355817,0.8249622629748816,0.29762921835023803,0.6291880880467041,0.25203221321058367,0.009527905470769094,0.05046329302626518,0.2767031281282363,0.763160508064292,0.3322907938216565,0.6469516993666531,0.9674591651040937,0.1965396692645931,0.37097567432064493,2.5188322817305075,0.4137748044776566,0.3001309244292143,0.8449855289544039,0.665795201220045,0.0243575098616986,0.6584067585693766,0.15065283287698272,0.02085916911584773,0.3948899705653198,0.04941564207450422,0.0694354136277684,1.7682363192052972,0.1584899480894224,0.03947305890066666,0.18460287548893506,0.3929874341353123,0.00414237582433985,0.1318919015232577,0.353661701602177,0.18465907808072168,1.64569696004852,0.03224400215744194,0.05265260257514248,0.31192245263622054,0.5321632903293725,0.5477795782731214,0.011556408267988538,0.016777797405338468,0.04280915166835508,0.0004992848450473542,0.23727114674785144,0.15241245528214797,0.16542326864833412,0.08559394290492572,0.12442860478869044,0.5112065244340395,3.3964614566871725,0.05785701694894829,0.20017879171754926,0.03429533716104838,0.5588123908385503,0.3642248945305093,0.14809189765893416,0.14218154731506316,1.6378782123697402,0.03104376923021135,0.1230945697630581,0.23660449570352526,0.2511527379053129,0.06426059996100864,0.1787743930728406,1.2321436996460915,0.04390058916018136,0.6174091221544553,0.06814579983039293,0.04770228647739572,1.2235131073843752,2.473957102524718,0.3834931036321235,0.2582259290796277,0.011536629514893426,0.2311544829594918,0.002687390903913789,0.11781515548296273,0.04155696190528513,0.05536538408898428,0.06569550133952085,0.25323197343477655,0.24895399230267912,0.04965763427291603,0.6718012419203028,0.17419445932978717,0.03303639250429147,0.6546998979737549,1.2566043364416815,2.144249226072155,0.026804848507546497,0.07222741502456997,0.018104717602013376,0.3948576187350096,0.2075287222985912,0.20042895023251228,0.49899739816730726,0.10271289108350357,0.018266854336591032,0.05727834754785999,0.03733529933193536,0.01898167771312731,0.018906763777235158,0.2303849209633303,0.06009629727757182,0.07304743599834329,0.004175816779537378,0.30425133355626555,0.2215082338147949,0.012721265971788798,0.3609651170268998,0.10227035520221472,0.062394004702730266,0.07635826188883454,0.5270675419838062,0.26931933580260536,0.04453933238238661,0.41745922839660055,0.04723315584727639,0.25538172879702925,0.10991655736444789,0.36808747165756067,0.11240192088165757,0.5342595892757813,1.1123970089900532,0.06752366169020518,0.1773167090453751,0.06763160383519495,0.15816305469440078,0.549617141684439,0.25436899803296886,0.04954923257034516,0.09598105558046494,0.9585339330347724,0.08571560382451637,0.44604948477749407,0.21958134382422756,0.46011025635687886,0.36606179751729684,0.11279602499687313,0.05800530589580699,0.3329642067147418,0.002006823469542063,0.018223640766441673,0.05414599065679693,0.9403102995835733,1.0116065621561587,0.35557027822279785,0.2436286965401493,1.0300352607723742,0.20418171503347549,0.1976052113899588,0.016271025813821893,0.01194572495799573,0.8809330130896417,0.15610823405226437,0.021783980902092992,0.65537811343791,2.393666551106347,0.6111130297685519,0.1279512218015677,0.40221092190073926,0.036340005397030195,0.019756261220674087,0.07675036221217438,0.2311376470146151,0.1931351930351034,0.12987997825848463,0.2782653615763355,0.1522244352587161,0.7098557138286052,0.06349243026879448,1.0762753924717272,0.195126554176984,0.08404150691858181,0.3967259650926397,1.212637296433445,0.11783224735539355,1.0666582299543395,0.05313845835693337,0.6010540278820655,0.8789923310302976,0.275510223703209,0.16357875254065957,0.2439504522022724,0.198224437651904,0.004396980835532083,0.8587160305973746,2.102525523529159,0.03779326810826156,0.14619872843411863,0.061128216005648994,0.052531352486071436,0.27505138773820925,0.104933473657566,0.1413152081070428,0.03528110773860438,0.11411944699434828,0.05633547020549812,0.0868460972759173,0.1228986740892504,0.5622126612101569,0.1764724310340312,0.05207027965242239,0.09768089881643593,0.3844387819545432,0.301911554109049,0.2706287667048548,0.01917872028241485,0.004105316672068482,0.8344865411173599,0.31645960511609317,0.014591555912278675,0.5384464542380741,0.23182578514242103,0.04980285788764016,0.30187362363995285,0.2526503523149035,0.6787250193818863,0.10700628965973724,0.04971676757841159,0.23348928490029497,0.029372224536305502,0.7396749193415078,0.523288462573384,0.9838424108293422,0.0030122924428039877,3.7587535006840818,0.5822597731889505,0.28225880212287313,0.5437087596296235,0.52420355481238,1.093693236558086,0.1958324668162248,0.05991416975526609,0.053873530430234184,0.0774232390610714,0.031705706508523335,0.19070428813198692,0.05165786111788484,0.624281404515912,0.2730357423986445,0.11117192623448402,0.11242789440153889,0.38097742986455785,0.43616651699813036,0.0909090156981065,2.0999145367022156,0.09250893788000836,0.007841319827519566,0.17448233821830106,0.011159704047865482,0.2932571195838294,0.6263815036608116,0.06899327281984524,1.3102345062860952,0.44875876404509696,0.11080415818333522,0.4707517373322325,0.1769518318309713,2.4527980396165683,0.6497665339951817,1.0722660942639417,0.35355460793535043,0.9211960000517334,0.2806974930771939,0.1613035716434894,0.6738493353632381,0.09817138349053844,0.10709953021117946,0.020112494271925296,1.2346840142889572,0.32113452144975696,1.445048929253862,0.38057341702661196,0.5234336893137872,0.9271177083987152,1.4776319052519706,0.05971643399743476,2.2054354594240078,0.4068903976798859,0.03799338882808523,0.8706042624908181,0.24642527579529627,0.11359851807496368,0.3445443846652917,0.5637568372822176,0.009717654535914777,0.00862771452533484,0.19583329073578704,0.12602273217489302,1.0345128841673157,0.2400895257009652,0.3077340602427239,0.009743990429488925,0.4661762630441395,0.24832235809846215,0.4599982023396969,0.4172222393838798,0.015616688409603618,1.0249593113133573,0.7063808663073774,0.053942135356583876,1.9177201585578096,0.06308594857537375,0.9489407605653828,0.1863632513471567,0.11366873826943502,0.29956527778412645,0.3149905581614718,0.013583589834763377,1.0912147344067242,0.37904868825224225,1.9235167477092314,0.34535243562490003,1.1301954935554746,0.3903040326769678,0.129831260015824,0.0795066440287937,0.09923089994795031,0.07513876390325713,1.0092457412670137,0.09837884806987551,0.131969348835701,0.4608617539056574,0.16302054834998958,0.05161697873025517,0.4605145220792952,0.4652296413551583,0.19341102516700603,1.720195479972991,0.02522504749053911,1.40442718935138,0.33933429293347817,0.44868771523178985,0.16722575165982434,0.10021148001544078,0.20363271794019844,0.1496633703224136,0.08007098552534142,0.007989914704190637,0.7197833858628784,0.15705063284660703,0.7560015873566281,0.42912234219017087,0.3771067603697229,0.21923485976137524,0.43698072771886487,0.4096358078566175,0.8163706923556175,1.2022835646140644,0.14484023797251622,0.10578803016469274,0.5895206431406468,0.3242910067098601,0.21377807741810262,0.5176181573698317,0.07307610606418291,0.6331334086160489,0.020545979345380605,0.9789290739900627,0.11987022392028868,0.006887027145447533,0.7585686114813243,0.25925195636106335,0.26762903392297654,0.00647071685140066,0.19559349844466223,0.04354966313555497,0.4541582177371124,0.53981414052156,0.47877666162813737,0.13108769151150845,0.3954845305390713,0.41298263999604934,0.055906384159851275,0.25976752389457575,0.652493364778179,0.1699565641866312,0.22434306884116717,0.04142286700077613,0.015441159141960648,0.05461498901333628,0.3325591270200958,0.024139840013112424,0.2521960418595438,0.5584076687617903,0.13197353516180532,0.7216476382522146,0.23590170823616274,0.17200968967506225,0.007271542696993816,0.138423671830271,0.14795684945060938,0.015302223317668506,0.18043097507777134,0.06566662594223732,0.23000217741029716,0.29012024979124984,0.019776703102972526,0.21269566360051106,0.05783796309767619,0.19798157860306453,0.6012291670010508,0.26041625577580074,0.14520370497339874,0.35032102749987426,1.1189545751534649,0.11315559976439449,0.06478089089314598,0.5209997854902764,0.055859551204779506,0.040760595891791596,1.3609522350572214,0.1455918423113105,0.0014378451181642493,0.14441614149886162,0.3639783247386543,0.21249573950809042,0.0644889258248873,3.051451390508887,0.006540247599001514,0.40449267891454066,0.1807704105645237,1.5427671523634447,0.13362387127437647,0.1371383234839172,0.06487529235714318,0.5820966339496545,0.06479282815574994,0.19460692050418915,0.13159256230516103,0.40690724260493016,0.23967555712123167,0.762909942212779,0.13958038044105092,0.6653118973004384,0.06430760016876846,0.23351382813241672,1.2937969542414316,0.6060324154434851,2.647319063997379,0.09217888321652867,0.034651145851300025,0.5421344030764388,0.15718195593297657,1.5723326566474802,0.8578009139146325,0.3511558337384655,0.0428820680224955,0.4016260685737949,0.4413855157500519,0.12181631556939054,1.0873038867341018,1.2080278173393315,0.04760027705399894,0.016845502318379113,1.1457561444003832,2.3708886335070325,0.70394410258949,0.07561160326008398,0.3855378794686452,0.1355775703435067,0.17102065250850162
"((3, 1), (2, 1))",0.0,0.0,0.0,0.0,0.0,0.0,0.0,0.0,0.0,0.0,0.0,0.0,0.0,0.0,0.0,0.0,0.0,0.0,0.0,0.0,0.0,0.0,0.0,0.0,0.0,0.0,0.0,0.0,0.0,0.0,0.0,0.0,0.0,0.0,0.0,0.0,0.0,0.0,0.0,0.0,0.0,0.0,0.0,0.0,0.0,0.0,0.0,0.0,0.0,0.0,0.0,0.0,0.0,0.0,0.0,0.0,0.0,0.0,0.0,0.0,0.0,0.0,0.0,0.0,0.0,0.0,0.0,0.0,0.0,0.0,0.0,0.0,0.0,0.0,0.0,0.0,0.0,0.0,0.0,0.0,0.0,0.0,0.0,0.0,0.0,0.0,0.0,0.0,0.0,0.0,0.0,0.0,0.0,0.0,0.0,0.0,0.0,0.0,0.0,0.0,0.0,0.0,0.0,0.0,0.0,0.0,0.0,0.0,0.0,0.0,0.0,0.0,0.0,0.0,0.0,0.0,0.0,0.0,0.0,0.0,0.0,0.0,0.0,0.0,0.0,0.0,0.0,0.0,0.0,0.0,0.0,0.0,0.0,0.0,0.0,0.0,0.0,0.0,0.0,0.0,0.0,0.0,0.0,0.0,0.0,0.0,0.0,0.0,0.0,0.0,0.0,0.0,0.0,0.0,0.0,0.0,0.0,0.0,0.0,0.0,0.0,0.0,0.0,0.0,0.0,0.0,0.0,0.0,0.0,0.0,0.0,0.0,0.0,0.0,0.0,0.0,0.0,0.0,0.0,0.0,0.0,0.0,0.0,0.0,0.0,0.0,0.0,0.0,0.0,0.0,0.0,0.0,0.0,0.0,0.0,0.0,0.0,0.0,0.0,0.0,0.0,0.0,0.0,0.0,0.0,0.0,0.0,0.0,0.0,0.0,0.0,0.0,0.0,0.0,0.0,0.0,0.0,0.0,0.0,0.0,0.0,0.0,0.0,0.0,0.0,0.0,0.0,0.0,0.0,0.0,0.0,0.0,0.0,0.0,0.0,0.0,0.0,0.0,0.0,0.0,0.0,0.0,0.0,0.0,0.0,0.0,0.0,0.0,0.0,0.0,0.0,0.0,0.0,0.0,0.0,0.0,0.0,0.0,0.0,0.0,0.0,0.0,0.0,0.0,0.0,0.0,0.0,0.0,0.0,0.0,0.0,0.0,0.0,0.0,0.0,0.0,0.0,0.0,0.0,0.0,0.0,0.0,0.0,0.0,0.0,0.0,0.0,0.0,0.0,0.0,0.0,0.0,0.0,0.0,0.0,0.0,0.0,0.0,0.0,0.0,0.0,0.0,0.0,0.0,0.0,0.0,0.0,0.0,0.0,0.0,0.0,0.0,0.0,0.0,0.0,0.0,0.0,0.0,0.0,0.0,0.0,0.0,0.0,0.0,0.0,0.0,0.0,0.0,0.0,0.0,0.0,0.0,0.0,0.0,0.0,0.0,0.0,0.0,0.0,0.0,0.0,0.0,0.0,0.0,0.0,0.0,0.0,0.0,0.0,0.0,0.0,0.0,0.0,0.0,0.0,0.0,0.0,0.0,0.0,0.0,0.0,0.0,0.0,0.0,0.0,0.0,0.0,0.0,0.0,0.0,0.0,0.0,0.0,0.0,0.0,0.0,0.0,0.0,0.0,0.0,0.0,0.0,0.0,0.0,0.0,0.0,0.0,0.0,0.0,0.0,0.0,0.0,0.0,0.0,0.0,0.0,0.0,0.0,0.0,0.0,0.0,0.0,0.0,0.0,0.0,0.0,0.0,0.0,0.0,0.0,0.0,0.0,0.0,0.0,0.0,0.0
"((0, 0), (2, 0))",0.3499072705154571,0.8027466894363496,1.6247523622280666,0.7006771114151849,3.1651772334234494,0.20474945921731713,0.6270102051996628,0.14336063650510733,1.996255322993804,1.848476509230688,0.37826694957334717,0.366311840554082,0.7307040960685014,1.5612545598651562,1.216611190047117,0.09051578260225157,0.5470596649038567,0.17676910475862295,0.5999106193862678,4.756297385196537,0.06570875206799287,1.82120564544795,0.23962116185558102,0.28483432569028244,0.4607191723215137,1.5587070481042757,3.2041442850874313,0.8940215449306951,3.4104166750915343,2.2279185245782114,1.0833663082665461,0.05662605467955305,0.5126596023653224,4.838083647950065,0.35914879827398566,1.9018119722248201,1.3553397334995947,1.957671867365655,0.1069740405200319,0.1502364993560685,1.196357793510343,0.3046950562261767,1.4283408747445754,0.24490556461089924,0.43881073016712296,0.6804422459779518,1.0220146098927245,0.6130314816499958,0.44432481367146365,2.480408814365159,0.8070265822661977,0.15541181218739858,0.6001964240596338,0.23903737101590591,0.6964482742080745,1.9939482299491973,0.40237701910683443,1.0984363972233473,0.39089228681436133,0.4161774540412817,0.7302524398039596,0.5853820106921857,0.7864223012362891,1.1475592314551617,0.3377454563099499,0.8240050329471161,1.0927630342616066,2.255648527819631,0.629515014506965,0.1543911260203626,2.3406128685574625,0.1694807021290068,0.5207833034573417,1.8184780795611477,2.0390678045873325,0.28106219368000784,0.581465941690484,2.274583232713744,2.793111797031222,0.9454863284394197,0.5147423702586998,1.4830349103187515,0.08617121602267387,0.3147188819010863,0.22985114617891056,0.23627512120903113,0.8207263417735641,0.743081545736689,1.824433650396589,0.6656657491274327,0.09024261575422449,0.439338618933121,0.7782131284383504,0.9669402329966315,0.43355027024881426,0.32797793678159093,2.956790027935667,0.5775400821487631,0.5254646330730721,0.7841475292446459,0.3919956002985966,0.9627236088508744,0.4509493392943455,0.28611950910674455,0.6383717696780674,0.6541804874339754,0.09392662084296677,3.1177556361534378,0.3121957035814805,2.0805946459306504,1.8275558422613327,0.2175501463417371,0.2377314531335027,1.2073098027256255,0.0487468407855049,2.1829069640947827,0.9161168009719571,1.1698386108107282,0.7320689757090897,0.13867198174632986,0.2883398623009677,0.509838405299389,0.1581195031743332,0.9712313633762968,1.235058737802075,0.27218250707765324,0.8178102754509979,0.5453695224699326,0.005833796190549689,0.7717610995548344,2.659533969587804,0.14162810798793796,0.3948322787118891,1.9469697170547646,2.1645928779498353,0.5114827046345496,0.5842970600874029,1.627027558735148,0.271888747654337,0.03939724143560719,0.5553374213024416,0.10380512095615169,1.041435469282979,1.4950113182109939,0.46647869536945236,0.30060781231729583,0.20253223733831932,2.4638369937788536,0.302288925721257,0.2725709114878138,0.4734833343168238,0.22896471344583474,1.8783934123496788,0.14005160156386587,0.7581795529166491,0.17508157229558108,0.08550269999264948,0.7091300725721552,1.2469392847467509,1.3052619820589864,0.6076766788519281,3.0548372829511456,0.25842519456098795,1.52159369461382,0.21457786269871582,0.1716602725311296,0.6762766222284081,0.8752572299742347,0.8159300593572731,0.0766301036670034,1.6683762504266968,0.804057656846508,0.31676321998303375,0.9412521140564807,2.625927651887949,0.6884109937718668,0.08118395731823025,0.17855183590064783,1.9605557185430271,2.6245913014704434,0.1694343894732686,1.2345391428345085,0.35156588182119375,1.0066704225343182,0.5447669796249299,0.3778227643640849,0.3287051241890043,0.7424425275359021,1.0753960039187962,0.5058275905358219,0.22509521602379712,0.10275414158441232,0.5554564636115016,0.23035727251471994,0.5346692780113025,0.4687690892259412,0.18524433205626611,1.1015264461024505,0.05096453297171272,0.5462414748631318,0.9397571599533734,0.6537745389833658,0.165291270436435,0.7856243929986233,1.879183778914598,0.9370196017640745,1.1275848417017245,3.7410347029575837,0.45201599480246546,0.36095508211406635,0.11991536815662718,0.6750811993179098,1.0217137988785128,1.3361092585538141,2.1949182888092573,0.6819511905988731,0.9751513406017501,0.08521290556956385,1.253092803590711,0.1356875674731719,0.4076858042662839,1.0818385203279524,0.7466215062677326,0.5647473799138971,0.3948526846611795,0.9483093211850104,0.6014835448665907,0.3160832893194736,0.776752914585483,0.45133731951872497,0.338372042111983,0.06362013573541647,0.36275200292295023,1.3479148926137803,0.04141644576219322,0.10817330158704908,0.743631742841211,1.5046439304150458,0.42888944227279513,1.5163635492590088,1.594202401713944,0.40026257184112635,0.5811182352487507,0.8804051651935066,0.8374757488946052,0.13342309818001663,0.9338072811211564,1.964680263437188,0.9323247188717791,0.3716633121148523,0.4106531504473787,0.19858330838685645,0.33055236504112934,1.2400021381591682,0.4116866574731688,2.4344761537995856,5.139206447644308,0.8534168712804968,0.38494323997838953,0.21738676595970752,0.7169017860788973,0.3275072829947204,0.5115373574049004,0.2663296065403371,0.4935466850623044,0.8500855672530503,0.13744002683992607,0.5450530679997347,0.2836521823364456,0.3153612001912742,0.48388266824170545,0.7001410391137184,0.2139041443948877,0.381049372344641,2.7560684960700095,0.47211710156009934,0.26819480249689187,1.7011776176536382,0.9799945529788743,0.1351448796153244,1.439047129841439,0.31146436830252877,0.5227799799959221,2.994239546781823,0.31996933513737164,3.0868736467382702,1.3116626227494144,0.2913085198484988,0.2960926698753178,0.9405892708277541,0.35095224597221053,0.27418475902181205,0.3494928692704175,0.48139636809935105,0.0980404567103299,0.38581259413852026,0.4734211078219986,0.5230795746181527,0.6669411340983832,0.22996795270874423,0.6250398552652909,0.5880422437107955,0.997544945621011,0.11498562791158662,3.531205370622218,0.1880796739689241,1.421101864172221,0.2597143330446635,0.8469937847039375,0.05665706046251584,0.6848630859092346,1.2685347190110523,1.2057356102130838,1.3021108338750014,2.482006299457223,1.0196435541468585,1.336543173369887,0.0839025021819867,1.6740017391403883,0.0973239600522583,0.953412757890421,1.6935762538587529,0.27503918045810993,0.357740353904056,0.8450503860246372,1.0587661274448548,0.7695011440535151,1.231698770649098,1.0492030287412089,0.07783640225924815,0.06778447501627027,0.580769647156923,0.2630189369703291,2.3911990232827245,0.9789122513976387,0.11934063787372914,0.9867810438628034,0.2452033369372177,0.3492025649796282,1.3042079108962135,0.09511067439337972,0.5692985540048179,1.1232931989461745,3.5082639094654047,0.09357638326223477,0.03687758668129759,0.0888933850108437,0.30479687212259243,0.45621344381563494,0.6106033730477209,1.982161800627438,1.0295336916514055,0.4326009520305416,0.2119072404857647,0.3793746525839445,0.5449953321753355,0.42656128867828025,0.7256360979971448,1.500092933662473,0.4500874274392158,0.03501298804718972,0.43150520702897677,0.6526586791534383,1.2374637210028188,0.29248534139695376,0.13376797837909304,0.3133272191634183,0.5632220877169947,0.35028856590891166,0.16413736223694286,0.0861170036732628,1.273772812348305,0.3312824563929494,0.6119918390677652,0.7334669706744021,1.8198011586863971,0.8821014430914648,2.241809981162962,0.04367546244554035,0.8047903999238806,0.1113238829409398,0.6419890559704791,0.11174101144153337,1.0596669774750866,0.39211739478081326,2.8415263421274957,0.770268858692704,1.172441254294823,0.3903863496121851,0.40943632894851434,0.5609840268316113,0.3591288578088967,0.5609679551275748,0.48842916843193823,1.9812472383101523,0.8199468525624141,1.0038162673321076,0.42284816330346986,0.2644510740701226,0.7580334469997767,0.6996839301943342,0.4237098105788601,0.1741028189541008,0.4749783423755767,0.1982505752761964,1.6097347237932973,0.5909623023117979,1.6751802644921099,1.3643495925167457,0.9640141812780827,0.2859878451893417,0.8790425512272144,0.5039122372810768,0.2487898186532923,0.54104519905225,0.4231253622115606,1.4120299811309314,0.47551197921143806,0.27449348873792123,0.881790726146598,1.8131312503161285,0.18139795053491278,0.29958827270972227,0.511313442558492,0.516699030677618,3.202762699550663,0.6404478105479245,2.245172698578062,0.8142452142415642,0.38381267677780806,0.5413162225485322,1.22778060131652,0.5408745681287679,1.4612395413727528,3.1734506032736842,0.8751877358310586,5.129298267788206,0.9070384398054747,1.4045472858953785,1.1248694991297117,0.6592667636808457,3.2073216017220005,0.801544219680552,1.6217455705120578,0.6920075975625923,1.2641133111912108,1.2895601387503157,0.42537394386289074,0.3567611495675017,0.5200441364828923,0.0912990875542854,0.992849706438361,0.5693218491567235,0.2170129774274816,2.070689187245601,0.1882538063594308,0.7712731989120061,0.3181770327606692,0.038759243256032194,1.018818059135597,0.4597398433527876,0.26726468161944694,0.11837107492437648,0.802080871093526,0.4061986090425724,0.5538249754396761,0.7109871754836841,0.7366385896380739,5.343541852714184,0.8819769004167413,3.5018953517103446,1.699348691120596,2.1677637651548656,0.6120581049014725,0.09062726956918535,0.6570053952614943,4.227446335439062,1.5676679003708602,2.8600034956581233,0.48590180743309275,0.14562413874317393,0.6773395559065197,0.4682879813136035,0.2677442660501609,0.7416143838034962,1.24573696267198,0.9771389473941265,1.7769888875364697,0.2953575518335644,1.201090501786549,0.6232910078716261,0.21568940702262518,0.6511685473234505,0.7105825545672974,0.5856477945178963,0.3809486823368992,0.29472195497533726,1.001217523276861,1.434608655122137,0.3291303570319707,1.1182790493260066,1.3430144413359104,1.0498268872062422,0.02468532967337078,0.9202959228140575,0.7000188408074183,0.339084456895864,0.22203373321875275,1.3755557674200787,1.3774570557476618,0.5629572896936162,0.428617221941153,3.3044506938949625,0.7543643584704205,0.3059781133972892,0.04653617471501792,1.31988126954487,1.2879056155814503,2.320803148078889,2.013469228339494,0.6834521814417951,1.3121282435423742,0.7972416870664245,0.0362889180282282,0.21675885683931495,0.25018924650480184,3.30013163049738,0.9471968199129008,0.3151947464520108,0.1382982423441425,0.9289697449896014,1.1686498152713292,0.44725505205963334,2.2818438937142096,0.30947299699357345,0.12791942635047915,0.22217586116306287,0.13065471878769075,0.20963582042062356,0.12715253022971829,0.10898680903820307,0.833810329998286,1.9316930768566385,0.2599353702167743,1.217820429042854,0.5239499424229138,0.23293968059361114,0.941235152911124,2.0648550441846667,0.8532184910757614,0.5106424248890353,1.3254219743642048,2.1484593696586636,1.3419205321597123,0.24919272833661005,0.15091350988135332,0.8793202158162592,1.0630543669265327,1.4848185309276478,0.08774386140115886,1.1285404972756676,1.0589305979436934,3.985534783737102,0.3233313739432244,1.1123157079215444,0.2763778458611922,0.2833318364104841,2.989625078391061,0.6524031506269872,0.11644681750957286,1.9035607158163332,0.13679624823618897,1.5757943054411752,1.2396949681661364,0.4794216565720638,0.4353698073306827,0.5162635187297214,0.7289303383414967,0.9589551753635378,0.4845229698831135,1.7483521493791188,0.7997191127251676,0.6376283205801228,1.2013558164069837,0.5651941700168173,3.2200970975965344,0.10561200530549236,0.5398861624290254,1.3467209512982792,2.927521942280178,4.569389613649756,0.05606963864790443,0.09909496475637453,1.2057944756229007,0.29337755702111473,0.21554306639743626,1.2619254128750295,1.0411261824503846,0.09947806983326823,0.1871470273336984,1.2588882272873758,1.2104279673893978,0.1352604501405955,0.49855713248952105,1.3232312814534102,0.3329498971313879,1.610302312879623,0.49071789628275764,0.33153467774018663,0.6995871211128792,0.1318008568297725,0.7466823209541908,0.311542102166228,2.7021477234022275,0.15311809186844672,0.11301290198781083,1.2575675130283717,0.3811092545784383,0.9075853454787595,0.16766589568331466,0.18419902198317709,0.343499782040267,0.4638380884328386,0.697353335094837,0.3670848429184458,1.3868735251554316,1.294661339799568,1.2489038911799126,1.1929290020928356,2.097406293834845,0.0890661269169814,0.11007955923205981,1.6886906864430409,1.2070186300245067,0.039590738772802614,2.4730607293521234,2.1244786801017645,1.0423120229754868,1.300970037115124,0.19366060317968015,0.28871149402751384,0.7335282103997638,1.167513772191175,0.23262943702509553,0.6105235276397073,1.5879694224428873,0.6972481501524593,1.164365893189743,0.3835170539962848,0.24617742055664327,0.6416628535338619,0.14109352240226483,0.43458304061638375,0.5621386104277156,0.29617756679289964,1.2653170856557472,0.09290471658744404,0.24059593895750786,0.6967910788258692,0.33771943477651184,0.7725094761334969,0.4688662630538063,2.5082232502831423,0.46829774744573344,1.943109325567375,0.5255805537740731,1.0311983936662694,0.14372293298914796,3.4256124533151184,0.6451037467981198,0.33220031273836204,3.0386115618972585,0.8856685129119515,0.5877856696579477,2.0503261484205004,0.2681161006090418,1.3000133505734583,0.8134607394508974,0.1320683761229873,2.648951710462356,0.2627487503066067,0.6606628562798752,1.0062422269417843,0.6961284995777013,0.1491693511148936,0.965734477823009,0.3538259654276909,0.7201662630618162,0.1024496186179244,1.2220092242712792,0.6137538750594403,1.2542728635755829,0.3141079749345199,1.357069744802552,0.2615076758751534,0.43088787002418066,1.9712679521013248,1.1224246364866606,0.37566939142433275,1.125728803889714,0.7018764086859532,0.1619963509402787,2.9852693874785623,0.8529603815973155,0.15303943196167347,0.5632796725182035,1.051282918914942,2.5904914581248466,0.09959706367069034,0.1629491529364132,0.43533238971829225,0.48673182789308483,2.2770182629422058,1.1463305884443742,0.821800375073326,0.6076319031997626,0.27978517995547103,0.5311537888242661,0.3741089580568908,0.22227762611531265,0.2132258285628177,1.432240228260797,0.35647669530034387,0.9659432167963297,0.2842002925597046,3.5001177229879294,1.4124185201582842,3.198200070241761,2.064768159094674,1.0049689390769367,0.5375798020204611,1.0799826008603217,0.16601181786173297,0.7019277282946815,0.41064365158877947,1.9424009407057954,0.3298644424890747,0.21512155796552912,0.4002169934436779,1.4687464382774662,0.9479275218395935,0.6126128017457642,1.4524108779696367,0.6583789289957084,0.1254843959661026,1.3025268032836241,0.5420303053497452,0.1420182266020592,0.9979441436883362,0.31106278274646426,0.23167269043794403,0.8580360074034507,1.4389827358152918,1.613202324079868,0.43513326844347866,0.2170265328584745,1.6831367266021475,0.7386425979222421,0.1306856676903343,0.4726994361051228,0.2977006348835048,0.48325639100886353,0.6009876649770655,1.2080687426583971,0.5104747457728838,0.33093921633651,0.5494645659193752,0.6646725387054462,1.4062592471587096,0.1884720173426057,0.11976832436067308,0.40643433897876063,0.4867224200086765,1.7970803204801034,1.1592521411601415,1.0374288847197315,2.4283077155498716,1.3505830831028964,2.182394581883615,1.2660059210265413,0.4243671367906898,0.6017995242908571,0.19870693372015408,0.32441589893740475,1.121945934951521,0.5632545039327858,0.2106273491552591,0.3755706512329705,0.31652616022728364,0.07220035105988815,0.5060276956743532,0.4432845559358844,0.3931756404132446,1.2894437608716016,1.0508725494243727,0.7612291732422053,0.3193215120503018,0.13372424716769066,0.6062600535449856,0.01083502239363382,1.3930811113314436,0.12832501895230863,0.13511480838081646,1.3217356827250073,0.6534929972605236,0.41604405458680316,1.2470126693575305,1.6449857532597103,0.2081483500711533,1.8056142506372121,2.4070653615315276,0.28507623322663944,0.21589784732647424,0.7929366414964962,0.20925925825862723,1.266668817198915,1.6012567535188578,1.9310884897955762,0.19304502252479355,3.2376170166916256,2.1504984139118806,2.196665204778342,0.10873324177971821,0.8793290845793146,0.41837411179072137,2.748616907128019,0.5022712977078945,0.6857632202266979,0.13496770098206698,0.6144795917496282,0.7384617780352771,3.4008429498733177,0.32990722896099695,1.8626720517747,0.5155476527229836,0.4445756753991692,1.013942377318016,2.1256098533723575,0.83255820107315,0.39624418703024256,1.7122773430219653,1.3124609731363215,0.3405256272402901,0.07116538859390276,1.7127878162804242,0.26677422217303326,3.3906520325101033,0.1761590640599375,0.19353866287673727,1.010692353796638,0.5337143869497432,0.5888339990776232,0.6457200148212316,1.4605298884882407,1.24002979780688,3.560699511127068,0.11505603044932802,0.30896270169642076,1.5802475623971652,0.45924312938652667,0.09574514705757786,0.4239549390329376,0.8891406798988221,0.5687989818379895,0.056910475608258015,3.318082549797152,0.10375422021820435,0.1828564968900579,0.9907862624377516,0.35876482892270656,0.21239277768729464,0.42306613512185975,1.6175859634231273,1.9167612675669643,4.293635555382944,0.7434280128009206,2.2155527363278353,0.28197323875949365,2.135145660296767,0.9976141791689084,1.1862553056745155,3.0341075591366007,1.6128369080963947,0.019413285152289378,2.1729570317271794,1.1193135453324128,0.9187793797721437,1.6598605343441806,0.7085341175320392,0.07217349646252236,0.04988261038420716,1.415182895213581,1.819527043140179,0.5088161366927572,0.14043144109679379,0.672609028178424,0.3714734472265235,1.4267929887660462,2.085853947927437,0.9020505550769329,0.9943123849075912,0.33737914295438354,0.8947529681487711,0.19342047100279947,0.8473403524112709,0.8829565506725454,2.262146551572871,0.19264738516079544,0.11233243412511827,1.3842484437304636,0.5573851914879205,0.20402143194590527,0.5784583546894906,0.0999703952541503,0.1861831737376224,0.1389735126938253,0.5917043952726064,1.1817072712951293,1.9624434043686798,0.3622360008699553,0.4297059653947617,0.7434427143806829,0.5654211957907883,1.91914635616192,0.7183930827625814,1.4897306067345453,0.24536589954284183,0.49296869014953226,1.311004205136479,0.20168284714491147,1.0607519135757957,3.5311636663108166,0.373487283787856,0.9120493640213001,0.84443399291444,2.7063336752040335,0.9450108583423245,0.14691331977203664,0.36912879434265233,0.1888884368796751,0.21727545240826474,0.2525026475387997,0.35362286767901674,0.17097538118729655,0.2983318793700235,0.03915970220458376,0.7908437679712863,0.3515052290063264,0.266812182782843,0.8673733280214038,0.39246470588243915,0.08937265729105243,0.4984068069185459,0.2711889572794131,0.2900022729970797,0.15263336376479633,0.09333802576238004,0.03495451518524689,1.0494157609681365,1.055379566814336,0.747136262313741,0.1960696083492168,0.5304713259568912,1.5024282733436094,0.23685530234336172,0.66418824219036,0.09852335914341215,0.25532245299505385,0.4731658450361206,0.15557930336322445,0.3443340981793803,0.7224718471006781,0.29924622753713775,0.7666230651687023,0.6169325018079179,2.703071398421587,1.8152023452151536,1.9360602601195793,0.7491877572477647,0.23861048323856926,0.14719148922910252,0.24655233042234573,1.6659857868552128,0.29733209724031134,1.0362714606722319,0.6796267124976094,0.57505813589805,0.5589713322911345,0.7649495985875292,2.873823332615149,2.8299839959544775,0.13607140277064173,0.2521961810856412,0.755914825262195,0.6894557798615206,0.4183716555263543,0.7925206078384865,0.35924530355061435,2.5343202771744795,0.05331958930438978,0.6336901949471034,1.1169962871514487,0.4576827195290242,1.0069832340446037,1.7679005508868983,0.2932699018066613,0.4524408563317802,1.0682966651633878,0.7453189265560151,0.22631264939567886,0.368103419982981,2.7152981469296473,1.2428570329875037,0.6579606438852318,1.514155230535764,1.293151865649064,0.6884744060417931,0.41489883633086744,1.0142044900826697,0.3535537606606808,0.22058876353256052,0.09294568035926948,1.3058411768534341,0.4039222124270836,0.3536302779416853,0.6721477600038159,0.2301743353020218,1.164129852714805,0.30607883875178876,0.1910036556018928,0.8757495726155913,0.2510292436898413,1.5470115067045302,0.8834950600393748,1.2097190955367558,3.257555012467287,0.4221984103396518,1.516536791057726,0.2625517687944095,0.864563780766495,1.5423638030048619,0.563296865937754,0.4444414108240484,0.1775446655999923,0.1034292807464916,0.4229716674985686,0.10792335383704915,0.8956030630324988,0.5356707752037753,1.7378455043678307,1.3420850138002465,1.5036083630023378,0.3772532714564355,1.6675564484356413,0.6071680460413482,0.647831476372407,1.5187436152947345,0.1319110146543523,0.21328843703605965,1.1722454960962494,0.4808645690614338,0.5850106409011087,0.3667450310082465,0.3294295719082476,0.7909411500158301,0.2028655545817341,0.12041098959865126,0.8783088358022803,0.9459115820150156,0.48473181379372177,1.8148604246535442,0.7878157396624761,0.40022287052542355,0.12495039576783393,2.104639330597764,0.3875810581508998,1.369445800492155,0.5568339925396255,1.0887097857227475,0.19222086271947975,0.8741440009853758,0.29740749150334955,0.0592824689106901,1.5239515147333975,1.115662760733894,1.4195651252272057,1.0157181661661736,1.225908201382239,0.3438926748910214,0.5569125356981988,0.5368768433671931,0.6195248720367723,1.8790668465350906,0.49594574256615603,0.1288486474706496,0.6508649439571018,1.5863149560391168,1.2889155520990723,0.6697089187006215,0.07125724223800156,0.2656185966846804,1.4866676145451772,0.10484169048349623,1.6369802773328428,0.4197151984022979,0.1895845444100619,1.5191628484134796,0.10941629589121143,2.319217115006312,0.8969378086570402,2.8705530727586352,0.1572931167532856,0.5247109209099938,1.1795089042524838,0.671389686752031,1.165526967919858,1.066987298979753,2.604479712809491,1.6252314981445701,0.34816518284320586,1.793041400805238,0.256670182003507,0.23353795118537385,0.22086709055979403,0.9707826424662965,1.9213367234045615,0.3397270055304108,0.2628417799716062,0.9833252961918597,0.864836834103142,0.9163311153405669,0.219392918858196,0.9423096564441276,0.27093844625302443,0.13435760167376243,0.40972133736594285,0.3436576991647595,1.2662798552648844,0.2013621577753848,0.4554677333732155,0.09237032965768713,0.4770537632697651,0.971656641233383,0.1512241829812443,0.0938421405628666,0.6526823870422457,0.2178237258428035,0.7760112275798304,0.5095850285152506,2.03624894176977,0.30458428219727973,0.19870149171070117,0.18115229975770464,0.5147373659804316,0.09094222740525781,0.39276998936188434,0.017547059929428732,0.14855215807994712,0.8632864314017376,0.14834975333869949,1.82496185176142,0.5258110806460788,0.5288148345906143,1.4853183491121231,1.6779019324276954,0.5053998898078735,1.8194162065227375,0.06636157842337709,0.47277507618931286,1.1569649893402987,0.9264087650089198,1.6944276438889259,1.2194589565784535,0.3079125551875006,0.26088625814734284,0.19019231043188606,0.13036353432488113,0.36792506534589586,0.7294526790737195,1.2647982011059808,0.8421314007845355,1.2825909910408386,0.5603166646827163,1.6639041376063526,0.10925633306541127,0.6571740113417079,0.48467776857411804,0.4092350728019185,0.24993066763943123,0.28346741797314534,0.3055643988059566,0.14940063734182263,0.5534413315323456,0.1551613409931541,0.9501589005545341,0.6694155677057448,2.527253609227128,0.10776320996327227,1.742985540373287,0.7389917848802563,0.5692743766110389,1.109050635498091,0.1050782168841411,0.41930614646772685,1.7822383203912162,2.20838030484418,0.19886571110111873,1.5367888971791985,0.21647826862273611,0.2711127946708822,0.2321920636788517,0.32839279745882355,0.23473928244356235,1.119636186450561,0.8162990838174351,0.34766532817871637,0.274280319193276,1.0082233428178318,0.7684237926465761,0.804171117766495,1.1302415134209856,1.2356682710738942,0.7448313124794472,0.3924459819869528,0.7501960064861781,0.8713311404985338,1.1369817044819113,0.7574536380143287,0.33520097757393463,0.007384781562726955,1.3016393726104067,0.7320297239701568,3.2187264099570845,1.0756184058381104,0.3640094693913912,0.5809949458452677,0.6174683374568808,0.6952706897067203,1.578570981680682,1.6772034645872966,0.6345748781652607,0.4351700485593217,0.3445871645667329,0.19004236521730822,0.8529226477540881,0.6304500118473029,0.08422975105821245,0.9714070840854582,0.2558494595778167,1.3502973506147748,4.538164910709614,1.2655039836038557,1.3568106017199306,0.7304206616302862,1.7242683293683034,0.4620415283603727,1.4034785667658207,0.1876716271686446,0.2995426206013212,0.9637643864344367,0.7650511151488802,0.6207296581344589,2.357301879478544,1.320892060811464,0.7193417003301303,0.03688232547800829,1.5049772367273864,0.5455731740791261,0.5452739011660457,0.6934657042748107,2.3004999326188695,0.22574798462426576,0.2121805654796039,0.6316966186516954,0.3954315432548361,1.7450139480344298,1.60818625236478,1.028182329031008,1.2758574311757527,2.147040997737503,0.8959831232318376,0.09480495183545218,0.2491578943288555,1.1362837514134165,1.3553161682848454,0.29258222977435283,0.4707101303940726,0.0848311517297714,0.24755954025298357,0.3885091609846223,0.7991685130575074,3.214559205662499,3.987265713889467,0.8550176251584904,0.14179741164526444,0.3216835749548115,0.3981908540584823,0.21964717068277417,1.7666988477351895,1.226523992683304,0.2263748185269095,1.0062127499690436,0.864332871226424,2.1095568120828165,0.22315039551144555,0.2580760123647747,0.4740200866651313,0.3619658645574827,0.5534652987720465,0.16710003278877295,0.020326968623207375,0.2663967117641064,0.3398782189551688,0.15770336894672632,0.13267377741944125,0.15870236891052225,0.3773154389767319,0.1322929249063023,2.4538370145045683,0.7088414461252577,0.727146782462823,1.2231195856196364,0.34551830133595685,0.3873749988046753,1.1354933168814085,0.7466918008989532,1.4283253886522502,1.195044011783024,0.8147378229568826,1.5204759933523195,0.4267548739512809,1.230092092610132,0.853358593279177,0.4652190296411026,3.086110366259711,0.4208294002892683,0.16349929810500607,0.08616714531382463,0.08649143252931385,1.5605854566889443,0.156713079899914,0.24612880753145605,0.4025304009726089,0.8395984321195225,0.13645407981521504,0.861985122496715,0.6517215180090181,0.9394755733160843,2.7494755991535715,0.46437622254323635,1.0374545738068366,0.547418443394309,0.2687939487879738,2.224827004280867,1.3893813245566915,0.4644958856489657,0.12566964556303217,1.8176475210255962,0.7901893268344511,2.1443635826265566,0.7913449624539955,0.48669600918412914,0.14981212872880123,0.3625995386317513,2.0182424774624748,1.0314170956930055,1.9271309414707236,0.0977736352920453,1.2623155993248285,0.14872001892131023,0.8407438596289574,2.0095202202626083,0.023018919557461492,0.45006975838464625,1.1409891553696734,0.7889426178806185,1.046478477148711,0.6337382492310453,0.6162912872643407,0.2833521261807156,0.6614675960429115,0.14474557933252652,2.079097789510531,1.5770538527532114,1.0816290858254303,0.0554756818959069,0.4335295725429693,1.8622443186348083,0.3953095416292168,0.10309557042708972,0.018253030384866642,0.16885139884190936,2.6726912695750746,0.18118385430114436,0.6520757873161962,0.06963441955885394,1.0760097027923026,0.8270250659207733,0.9067486162800642,1.0391965104375038,1.342134494463854,0.6178069495179243,0.7341914036098861,2.9345510763737384,0.9922475046351471,0.8749968570339199,0.49148266252211403,0.257101427145487,2.3381545776866006,0.3283147505521244,0.1100297654162416,0.12347573970109865,0.5967078875005849,1.6793988874061663,2.644628226921131,1.0405717921569948,0.22904999073190463,2.569270586211924,1.133720547920957,0.34572058141828316,0.32097832279574456,0.11921727541546817,2.0366707340306007,0.4764770029168459,2.452669825559574,0.5810256281742661,0.34087006464774594,0.3501014249920032,1.222691448388427,0.03043882295537126,1.0334679513909277,1.4575421195425637,0.6175704541076085,0.5390427220441653,1.4779689094634567,1.7664104028993821,0.7656881082803366,1.397213317757962,0.9783403997995371,0.32612137536141184,2.9907411582049748,1.6334141054127536,1.7509409018859063,0.6471260212428718,0.6422809441284585,0.20477345281178794,0.24265399405920518,0.4859377210658599,1.2185184484490468,0.6439662702230606,0.06935546622981098,2.409212631872314,0.20863602459950237,0.47947366321226004,1.4688271546052794,0.40176915214925335,0.7434757479840772,0.7386404764199813,1.438106240732304,0.7935922616136029,0.48218334989542566,0.34794331583799276,0.543512870133906,0.3059370633198103,0.6257075404985506,0.36071472952664607,2.5313884209968798,0.0326943989436157,0.11984742879063462,2.0661300401954756,0.2416936734255209,2.495139940854303,0.6738411365741326,1.2882378917371264,0.43753592141399267,0.6813838825287283,0.10595089984778588,0.506770035118215,0.03417473967100962,0.040784351976204836,0.9258034454837565,0.40321079059543524,1.2635391907428712,1.9662444633531513,0.1512602735872779,1.8752383278431046,0.5872464118339358,1.7199326083503312,0.11922899906455153,0.10508940454599988,0.32082680982192757,0.6187870560509972,0.9150917011302446,0.617058416091669,0.8009182353124844,1.0963431667969554,0.7728245283871908,1.8123516425827766,0.07790444706093458,0.9457887527877051,1.9838374228843574,1.7061361002520696,0.18281295496255673,0.44643900333580055,2.4844334309451153,0.30369467985193555,0.5192832723282426,0.08382294338271212,0.2130398810206367,3.923188564646943,0.2279587270794925,0.37180037654945974,0.8265024468878317,0.185639551377757,0.3474614407169241,0.239616238855759,2.896169439842586,0.622200476832353,0.8071328286556478,0.3081615184472202,0.3360590227359984,0.466047474338242,0.5180541127257293,3.7419154383464726,1.2192160186657595,0.7792995811433675,0.07923685361775462,0.21174850838260173,0.43326330172047467,0.1318122704237077,0.5107850711689265,0.21727285062274926,0.5588385928562737,2.606437290161999,1.7572050190788333,0.7932632715438204,0.525061863984946,0.03858516153258851,2.3124582791060844,0.5853427213636708,1.405588115023852,0.08575624427918915,0.07958451825230362,0.6354178224634122,0.3166578911590688,0.15259324517449252,0.5085035507673776,1.2915979527109993,0.20947640441512694,2.6584970183492826,0.35886406095368173,0.6747418416527883,0.4248350374159713,0.8130789479561258,0.8268251820817136,0.5862737784575713,1.3201367626321239,0.42451466187565445,0.035260432810887865,2.7544260093597015,0.9232464690434263,1.7062176949788623,2.2405133286150405,0.42596089855872643,0.040955195541797634,0.11995428619400166,0.5731234140592215,1.1843306190125473,3.107456467409208,0.9291590627938148,2.1411733678239613,0.12735139791433883,0.20547829480861735,2.658445527638583,0.49199583099366584,0.9153108954377759,1.4983153345765188,0.7074333449768982,1.2021244158728428,0.20034848618409107,1.4977599998394386,0.12273843044349331,1.4393296970630047,1.299982383889901,0.6493200890171414,0.6535039147742119,0.7874602331892812,0.11896649563610218,1.0486194419605563,0.820468909365357,0.429588286606693,0.22772183557346384,1.9088913349848928,0.26262791964128795,0.9887396624578539,1.1106731129076342,0.7484834580739532,0.38074878621545494,0.42286791261621026,0.5505745987470704,0.11293639652946846,2.4173848031685234,0.7643696950230447,2.006019715312007,0.8665668804627782,1.2759314643218254,0.26024564203650047,0.7217461569168071,0.07819443626072908,1.7531407374059191,0.3174189450571312,0.7852474586034104,0.3664065451996106,0.05958549606574748,1.254169540741869,0.3688131718043548,2.9144916814538715,0.4488510294108784,0.42126694790828856,0.5119606266367165,0.45873597954496914,0.1029178179762743,1.0587666691981101,1.1774633691447958,0.09268266014182913,0.871236484011022,0.3494814511509259,0.3932549357401792,0.5993512215074239,0.42411183636833427,0.78460621989143,0.6141518381821163,0.18774625814310214,2.4765607790282194,0.48703129899875536,0.9213063584816759,0.3148309353245911,0.505215351972451,3.0506479562997137,0.08886200800736366,0.6218561121737678,0.6853754979262507,0.18827393185430724,0.847790665834728,0.3809633315759327,1.0939910300087357,0.13603892346656676,0.8381640170449531,0.5353881561893132,2.66588742319184,0.31083776037006067,2.2393506414418995,0.11283249377704874,0.3164664754778538,2.8485476965361896,0.816775813987215,0.27179054943333003,0.25079491305170165,0.7363025184383886,0.43640003075170325,1.6687326973555399,0.5370903272788172,0.6958581180701289,0.8032452532516164,2.7497513813995584,0.21095295282341064,2.310638592531708,0.34249497011826435,0.8251964807943484,1.2388067211084515,0.45646765784276466,0.3097957587213104,2.5182103962350078,2.836190009974901,0.9340398242779089,0.5275837156532823,1.36273365601213,0.6777112304672135,0.20355113245050227,0.7693747575658749,0.13501485506978972,2.130402166373359,1.3030296644087418,1.8622625603202696,1.686484076634596,0.19236848346162783,0.736407353879063,0.2386522146889457,2.421137183886468,0.3033076171331608,0.930100716480418,0.5629356747769293,5.9288437204858875,1.2553328088929767,0.6762833473147123,0.0548572649626069,0.7594945481350982,0.3966569154493689,0.20356904218629168,0.5047194932312077,0.5421538649059314,0.5353993390257503,0.5096753390620409,1.181299773291125,0.40433113029912493,0.9947445570062093,0.6079697754701298,3.126993112582104,0.11510676019686722,0.24233013857342944,1.5330160060028708,1.969649615165174,0.5012847744716505,0.16425712203036935,0.2712398469987244,1.687848101821695,1.9471683314737531,1.05554226842077,1.7706544786967537,1.785860099641965,2.1899984796271195,0.5843507843096603,1.158170859800076,0.3649850210943949,0.33533263262134594,0.57648893346133,1.5127860993695315,0.7914680091151486,0.5082898002063831,1.7433637134323376,2.147977816368682,0.5348998123442987,0.9282826708494043,1.4932974709465459,0.19137924086372338,0.430776673864567,0.12800484152757785,0.48725110776734903,1.594178305578756,0.857838238795276,0.544778523195836,0.6205967960965201,0.17174094799835915,0.21744062788484708,0.8271746138554503,0.8710220159244819,2.5772411283478442,1.5600225296928498,1.9481711404626354,0.5526739538406584,0.8467993422031463,0.3929281428076361,0.46894081436919555,0.3333631297874792,1.7053590343527678,0.7940226226961145,0.5192587843015428,0.17623992560456736,0.8351535084015452,1.06132572356803,0.9056270409712806,0.14137924185332384,1.4749841703397466,0.8096778281568574,0.7015830965294451,0.42592655729970286,1.5860987494130763,0.5643703775584356,0.7016589898197831,1.0389385631623436,0.5358532035833845,0.04977479676628116,0.42224333107933654,1.4563485165689976,0.07172008535617169,1.2561449901972626,1.901715172770475,1.874006074793588,1.302848793241267,0.3283200991894344,1.224452114411105,0.5771072301822487,3.6872119021289813,2.112324876032817,0.5761240880440128,1.38985997216498,0.4720223402887003,0.24566504764171748,0.8365845116450414,0.8444884563570857,0.2442436200223228,0.5742355078502998,1.7779227373414292,0.24990690632855928,1.5504785531119865,0.09237048387263952,0.3146520327667673,1.3547933504868206,0.17144645964655725,0.4654449958900389,0.06346610628092708,2.046866215834101,1.8267286040135065,0.8416671661475685,0.5897569635750592,1.4206365544613935,0.22132603004589274,3.2379664219562327,0.597002766980967,1.0115127209729442,1.3106855339719439,1.4560507862440746,0.9761733223486182,0.32266853614870306,0.16273858424106152,1.7747189904176186,0.07543865489414209,1.44536401551124,1.3032254516616528,0.8772047588713288,0.655928058881823,1.854941510665472,1.304848972834714,0.05842548034434236,0.22825681518120383,2.4800424411391977,0.4777712488034962,0.24828999940897245,0.7327210342687897,3.0644788373172513,0.9017430170673106,0.8342276386891331,0.4038869112248899,0.3319418483389419,1.987817508986074,0.1634908147400764,2.1371222079422716,0.8201660263624566,0.02230310045720829,0.9851240527829771,1.0086669952706644,0.3323149453519577,0.45207853473333437,0.24989241969513096,0.3432339516310018,0.7286877782594556,0.3883702662353665,0.4016738666522969,0.4645308623647102,0.20198480707553118,2.663076154970639,0.5950424071831331,0.08241252685798772,0.46878531031137044,0.11379013941052663,3.189855786169374,0.37613123897207085,0.36516501049836586,0.6418952868061042,0.4267559453008448,1.4078395652720663,0.9514975383194872,0.392986953724536,1.180483648096701,1.45919826002197,2.1311937552698152,0.07588684088479125,0.47161508396589147,0.46383807778171404,0.8023752240920847,0.243877080745803,3.213524564955231,1.7248518882228236,0.40090926063865795,0.2854193872228021,0.05243412611633663,0.5673368366174234,2.4434290235771203,0.560298127229611,0.2103886021502498,0.38552327468001557,0.706355466918124,0.36097895962725896,0.4023643516947628,0.1909562064730286,1.6591000203346729,0.7255448647548496,1.0310728862622562,2.0554999173074715,0.4129032695974148,0.797225333541971,1.1930647263547722,1.6317802431460624,0.557020263829943,1.6688790074873496,1.4975808885168453,1.9419587715108046,0.16190099463028673,4.221622871209617,0.30220330608492346,1.7000605764942394,0.1663523964869803,0.1501231262496466,0.33941374095131993,0.38787194615617027,1.1352589875459864,0.18862359144825913,0.16018252912251224,1.7776458392340742,0.21312214129318185,1.9068381368403426,0.11232700701054521,0.04719570480032667,0.2924896136666043,1.9426482144117132,0.15324714711826903,0.8003756249744485,1.0352146102110158,1.7453707972128112,1.630868617350497,0.2541913776654308,0.310912792385728,1.0966728052531094,0.2871587839014863,0.14664143089879622,1.0324250504185053,0.9593404413533931,1.1052426406102382,0.9912236092596296,2.5930253218976684,1.1131102720618666,0.27381456995405606,0.027726601665041928,0.1859502152291157,0.8426732072360441,0.5092809999627821,0.19035451824579153,1.7197541396990312,0.9621382015888781,0.17277631446620856,0.15572236480076845,0.08414132964176801,3.62344392855321,6.594173109247087,0.2423640391739319,0.5443005199155164,0.20378884337560055,0.14475120958427146,1.756487573160727,1.0678038264342993,1.1443475650240424,2.158873713534776,2.038598859297217,1.195384814785027,0.4991226909377287,0.4325337716488645,0.6752872706157271,0.806595607719602,0.6092788197483651,0.16541829282125298,0.6977197253388152,1.5106447772729932,0.5658604798712806,0.28394318090187853,0.21366376436285062,3.0400653824267634,0.22557212017231532,0.2194124539398713,1.9178117138635336,0.16361621500738088,2.6916457316721174,1.9037944347712068,0.34568147896285195,0.6751322603216972,1.1570151714610484,0.2817699675021898,1.4133086575452647,0.7281982405125418,0.14928462565064787,0.3327021451400862,2.834515356566987,0.6494679917184005,0.6112374722341718,2.0329585736650024,0.1035264473650766,0.24227149956627292,2.171634557365682,0.743490981775251,1.1585684974130552,0.6222036273053828,1.1208833981484718,0.8320496814101324,0.9821785105851628,0.3103005683838399,1.3672378750667256,0.43651275443084914,0.1330655976821524,0.8509167972531122,0.55947520485561,1.2675429897702093,0.9911096101320216,0.9855430435740865,0.9502991567242408,1.212506340986281,0.5632210351513169,0.35288082545573407,1.2180806774924615,0.06034841954810233,0.6884814221011419,0.14037819509689675,0.1523579731723549,2.307781051731378,0.20075157695910129,0.31096031365926047,0.16041331341743592,0.4004544644994307,0.8595444706035222,0.26803614170771906,0.7571328980967236,0.3551182422688146,0.21191503422288938,1.6357233596971787,1.5453029292390752,0.8440824884319833,0.5989539739776212,0.23019700604571042,2.429930283862807,1.4845952089954495,0.8699585546652208,1.0031747665240507,0.3207586728295304,0.9073345587065712,0.5017882183841827,1.9779404289550357,0.9706454772478894,0.4146387223189014,1.155060553320254,0.17119284882110833,0.04905921110684183,0.13351575655022524,0.9321151646776116,1.5719802690121125,1.0877060362291844,0.3649764647504079,1.014069406152775,2.269554587427463,0.14323175615478012,0.38545422854697714,2.2125681639290824,0.5691129184859269,1.1496576918918595,0.38901417874414657,0.8138848394284028,1.1540650552018987,1.4549989069905052,1.7358501947328986,2.3215907083624323,2.0764369989836435,0.37581220162430445,0.4204274088927773,1.0172652099713135,0.5726042828693414,2.803168118351716,0.026504226339533254,0.164593661006169,0.6406375138130619,0.1057532135309539,1.2486656333457706,0.5768036541778911,0.08090858931634015,0.7838017849450425,1.1678518090205667,0.23516574715066407,0.2896563845852982,1.7889941140944068,0.2797299743918267,1.2758043174820242,0.701808734392896,0.6578722027018052,0.6188140944851619,0.16680758674343357,0.33593455462071276,0.5332799531859351,1.3869212935283561,0.0798838773384449,3.0680835666017936,0.3760833844586492,1.3157229579487388,0.18191296663875578,0.21914362009309474,0.5035166313542416,1.5371880311568895,0.5249196042016632,1.7872874770082885,0.5138101408314597,1.5752109935692704,1.3621172934267718,0.14017550445453103,0.25243116162914214,0.780486197738886,0.5909655979446397,0.391927774729275,1.7328898402988393,0.16050866125621965,0.08414544364445803,0.23149958394088643,0.39149353392140585,0.5959845720824097,0.11547304545100712,0.18746906372102085,1.0651679515543273,0.09208928645789727,3.3964859448229126,0.7389958078587486,0.13244837523775338,0.29149651391422327,0.7256235160058017,0.1879624758923789,0.18877685259022037,0.42326888409543145,0.5609952824395554,1.6550698282997816,0.7958151783749043,0.32081582601221675,0.723023215708578,1.2351162239781315,0.3522180262002029,1.4265006319001772,0.35949462721892034,1.3403644615860544,1.8027124949387408,0.5361461856034941,0.5033256845469262,0.23428361149393973,0.967587119666748,0.3272600158764291,0.2447719827856774,0.9774100504043188,0.1599092329192963,1.3608480598131696,0.3402618616549577,3.3168756180187935,0.1813085750533353,1.1183568726306559,0.7008041638020703,0.6057285197783762,1.673420932527393,0.35214437882233296,0.8870341624959954,0.644769116634481,0.7450352740886721,0.3028280363732221,0.48327257119222233,1.3591461528389654,0.3950193703937611,0.15884944369285892,0.12671493470956563,1.020063126719354,0.6051886317077317,0.8320711402859939,0.9019501574039694,1.0590386883826062,0.3706383474548094,1.5701739010410138,1.5544554244438986,0.18169736240879453,0.7402433317599925,0.11557875539966644,0.23171055697442916,2.9607385892827933,0.18600456621528202,3.056449247041237,0.5620105479795048,0.8589937196853357,1.0737342336244304,0.21064015970299707,0.5991823621632518,0.8963395548142253,0.3786800095542626,0.250622963114614,0.39610584941044846,0.41026509384736576,0.44708758822639183,0.5239171249438237,0.8568306710520998,0.6000408345380042,0.39249734863630703,0.3421536921352693,1.3225883914706826,1.577791162424623,0.1545343152954065,0.7094182848348385,0.35246742692741473,0.5210244107404439,1.1603123432767308,0.9500484918738366,5.368975526140458,0.6604520810195189,0.8009396921968535,0.6165395009368945,0.21720341533054222,0.476281762330099,0.17123389299621805,1.5394548511615151,0.03164594314551705,0.8328347131831486,0.4846525879942205,0.2926554667548953,1.317500751704777,0.4279227379783387,0.11164310399985222,1.086064189464419,0.9171239299673117,3.6455284368065466,0.33057643350503757,1.0948734814630474,2.953667155808204,0.2192257592993156,1.5607481256459608,0.19290981317125855,0.16129066746482656,1.05756867521974,3.2891423398050548,0.31534606483179706,1.6481997074908585,0.568025565381314,3.051559569170167,0.19051756570325123,2.1236201055754966,0.6834707367773518,2.073095994162509,0.2689819952711382,0.9797562420141636,5.170508306765851,2.0598718664326996,0.10163818588146922,0.5461142899285809,4.750653936776286,0.7607109857434851,0.8778343413804965,0.9281447817751086,0.8566250419046731,0.3090561108840628,0.25319807035051006,0.23651330183558072,1.3242536188527154,1.6995318158972683,0.17475084299434393,0.06271135034434572,0.8499130944216199,0.6198798208987535,0.35440769145763507,0.853845607213663,1.012166474777768,0.15245290582996185,0.4018929744562033,0.049658833270438685,0.8353104999735531,0.6130512782631996,0.07861530360844815,1.1920982440475252,1.8511330857828523,0.04420281701511258,0.9083791507704753,0.03460934564285226,0.43329801407940016,1.7545078610470926,0.8889159355113225,0.21167732460072575,0.4266126433211763,0.4167291787535501,1.5718886107488734,1.3754551628755316,0.16802702577025935,0.21608635327679573,0.15074430221404633,0.8573992882605389,1.098323424194741,1.1329610127720613,0.7626830981696032,0.3654713434174721,0.25812304499451943,2.3651252745741616,0.07845581006121116,0.32971699081147293,0.06019075055001055,0.294188867027421,1.3388429071209935,1.461947071526677,0.15525435883421135,1.4514794060408114,0.40896113605373186,0.0581057781725271,0.5088605961214951,1.4115386277111013,0.6650405716482974,1.047488976289298,1.867633983137195,0.43255072603510325,0.21604169088290037,0.16997963402104732,0.6008597749451404,0.18388273809497513,2.1172909888863476,1.0150622648102252,2.2357908155055926,0.7791000670002723,0.381249147161457,2.8288716012173185,0.4263663699796534,1.0554993831222583,0.6198703308126463,1.303605568358937,1.0482493876098589,0.8459004268824128,1.1236086506023004,0.08429014668220605,0.0643958003383116,0.07980167518329018,1.3107140001795732,0.4410578083664375,0.10153614082222129,1.2120846899193327,0.2131716816501681,1.4670395410108086,1.6122569667692446,0.24681525773378277,0.20750800796193358,0.06613147493689861,0.09174954975919203,0.25215197287274727,0.7440583314578044,0.827820486965184,0.5011447415105738,1.3415271458061473,0.40997162141264765,1.9994611407646112,1.1219581573054818,0.19268404172152775,1.2440827585723635,0.5750823165499453,0.47645708755865324,0.2639996959525607,0.1876010501804971,0.6639158715377439,0.06292453667997278,1.870881977986232,1.7825298769156577,0.250440779925051,0.7949550603433516,0.8057612049164522,0.10295471100656473,1.3650558622077467,0.3970273499779977,2.1199070241965012,1.9284597201783291,0.37732426112754497,0.31200207504416344,0.9780908028384542,0.704827156076799,0.6009925467089587,0.5477202192099373,0.2724845373833218,1.0828531069424958,0.4739895854271643,0.3816588044999714,0.5400426118122823,0.6903304341922887,0.29250228987777716,0.5205801662271603,0.08126020132572231,0.3642070064108989,0.5547667169015027,1.120289824622573,0.6418340790424968,2.076954627221163,0.5148515238796533,0.3326448812401501,1.714567610493142,0.5423658098658898,1.5163821335525056,0.6456313002309702,1.4457328204961395,2.1282076064442705,0.5291203215205521,0.391032019924073,3.162960246733971,0.9557977588342182,1.269524905779821,0.18356254019055945,0.16479708046385244,0.7412468171462125,0.10815134365365642,0.04783657844153852,0.3457791004552524,0.035610656720918704,1.9739076406372011,1.4563748053113694,1.2493774716724817,0.23930352522822407,2.247584010163598,0.9866810503979928,0.2104756965692502,1.1262169893474785,1.56915266052239,3.09205849822089,3.4582825839023816,0.04749098029698237,3.0826721496492318,0.07600976540791465,0.23392697235933202,0.20242499336752584,0.46881337193753136,0.26409355658596645,1.3579793577037365,0.5029635816053641,1.6951538487715048,1.6477450457328267,1.8427529856338416,1.2950197286737597,0.8646089938970509,0.5260815953216547,0.7831091458420667,0.17196016380109524,0.756371162214714,0.5357006317644891,0.36367878759336203,1.1443300819227127,2.740063681141067,1.6482087720907548,1.2916079718639688,0.6620739784756242,0.7941691421781362,0.24991262989085572,0.8276578815316952,0.797834971525752,0.9789799014610192,0.20921196385738905,1.4127160375202834,0.7543335869688598,1.9343350890572684,0.28865207856894315,0.510421807902605,0.3361004199246198,0.6275264679781658,1.4451574551742024,0.49327222853179814,0.7155455477791128,2.240208758475328,0.5192870520212657,1.0414186177016025,1.6324001188703938,0.31821112372887517,0.32676584185938357,1.2723108517259432,0.8022354060024653,0.2894688548649208,0.1635230242654988,0.17469607270381038,0.1664992779684391,0.49520464332345737,2.5090304121541376,0.3383627465180603,1.3751680822175134,0.1895680720284083,0.11316775331848239,2.5569462352748675,0.2721695772432021,0.24531997198670075,0.8876927324652526,0.5540291791094791,0.2883497673265164,1.502362216136192,0.21090434947507303,2.70768526477669,1.023400250645813,3.386121470707274,0.14750314547658516,1.1420416869861845,1.2966684314821357,0.8702280260799409,0.35862433313663744,0.2743986021306326,0.45429993093542353,0.9642973613451221,0.05754936233988339,1.290299978084564,0.4763967707487399,0.67498087084583,2.16542181396265,3.366699737961201,0.5127661714554859,0.4447869487301736,0.5839751605250092,1.1668763915269609,0.26420411719776504,0.34308227727151885,0.4145147991950078,1.3802333916509992,0.5591632452323343,0.9166294642941103,0.9002975454818525,1.6194860606493193,0.4960437511788002,0.8599449332741629,1.6541781126957025,0.34582857481780904,0.6528534146235759,2.106857448902745,0.8676659532484907,0.14185434823748688,3.1461613768541468,0.4438578978646624,0.5069038813337566,0.3283201919383212,0.6273383537716577,0.09447754041082246,0.2178441265596871,0.7620445146920745,0.0190130766854415,0.13460974351980404,1.1815229957280828,0.9890670977055741,0.9104095592196307,0.4853633022803775,0.5204993886249398,0.9204670927924326,0.40814588158675197,1.6856165091232738,0.4630431984380196,0.45487092263715345,1.3527198271726248,3.874172691055386,0.6347144871384214,0.26027407298645916,0.7388329017954163,1.4894495016618308,2.7682598488586088,0.845693018316719,0.2380923267531464,0.7869609096916685,0.2383904713457088,0.2158242509634255,0.9985489341637173,0.2607053691396768,1.0480371873113,0.3172297554401239,1.1027056272718556,0.3516157552488308,0.7084325794441001,1.099088211993153,1.3713304425742954,0.5283894758780914,0.9702181858700598,0.14557593160307591,0.6794014497022389,0.1411886985644526,1.2115086143027918,2.57204429206263,0.1012886128565299,0.3177300197050452,0.18377260398563505,0.4012394545372515,1.3575697028213298,1.3533673091196259,0.33978449871352434,2.811126332665172,0.4252988330697693,0.5349612086226145,0.2012366613935207,2.3737906124551347,1.015027564766511,0.3625012801909153,1.257105273249856,0.43301235177734165,0.4128789978516494,0.3155458013020882,0.9171581589012623,0.8750370959629843,0.4258714540252684,0.6073583736312721,0.2429395779498425,0.13736853639859758,0.3352527178101136,0.24959148749500387,0.710189783747786,0.18649320250592488,1.048774906588446,0.1983124986106744,0.5956818981399032,2.1113287323852643,1.9489520273398901,0.5710805382459364,1.6483472637820182,0.4020172598712147,0.21205030713948075,1.7181616177326986,0.17456658132521363,0.1899277615090535,0.14439031877947806,0.9195092886590902,0.38038395438051437,0.30489626785836293,0.1598850133099588,0.44733825745114325,0.41292260959047955,0.06410832901146996,1.233955219962886,0.01288417536158537,0.7611526756488581,1.01939912349766,0.050024707849361805,1.1115498902804668,0.4402007146101241,0.22759085427521875,0.10374610597710321,0.3902344145810986,0.573425467085794,0.8627261122994804,0.1632857897041728,1.5117870667770563,1.388360990041623,1.4844780032669376,0.9218214194834842,0.023252945964606475,0.4476462971037236,0.4852964148934974,0.33037944836924216,1.5793996108644883,0.46212437944795537,0.09273596825408784,1.7132984749968667,1.6009347504881621,0.17384523684306774,0.01771391438644085,1.2832032420321104,0.5628225995529632,0.3116652046426045,0.4524955964258195,0.6489344966429571,1.023077384624138,0.628163962361791,0.0866248128339604,0.057185760741939734,1.9520529714291044,1.080173924479065,1.6870094743054693,0.17605599215109324,0.12463710235051773,0.5459532803214777,1.4892799118186677,0.2889017700067039,1.1156011929322753,0.6460688725472418,0.5419201173964018,0.6246690340424366,0.3971219011972976,0.8523073447106944,0.06705987940835362,0.42602331352135236,0.7346660147037953,0.1775508501035037,2.0989892806732464,0.8012973671879342,1.6472636254159951,1.016653487845202,0.9055986091004904,1.2261661470293959,0.2110692426666605,1.1096336870027974,1.739332789545226,1.7433172163410808,0.1934182778207569,0.6164834477458125,0.4538153386220459,0.854256673570843,1.288344489086266,1.830652562555779,0.9318837769153474,0.9122055553777024,1.058376481831786,0.11311365650369143,1.3412111231754866,0.06892556287202728,1.7925866416069203,0.48754349358815224,0.1313174329098904,1.3583546280084207,1.2160161488948724,0.19555720459613848,1.6558561654798298,1.4182863208349776,0.8925584575344906,0.17818709854407142,0.18269501668421206,2.6725130468402094,0.8711812418592454,0.14549717268625414,0.9356027470430377,0.3476413420864308,0.6695794932893075,1.2074764107836833,0.29592904237480755,0.019021611859730503,0.5792495904425965,1.1369138875859073,0.4919273777622022,0.06292452063954267,0.5885604011263559,0.5433833938313103,0.38582210779721376,1.83422634224924,0.225790299390389,0.5492199990402189,0.44539270191612157,0.5049766410471743,1.7924555982679333,0.38670289528618607,1.0563532925645907,0.6338837946098964,3.008417736131731,0.6801059252236024,0.5128935051105111,0.4872048023024531,2.664054893935255,0.8883895623119834,0.5665584413210317,1.7927803808115002,0.0450974920725718,0.31040929553908564,0.5094971866539482,0.20646101213750023,0.6328291204372726,0.16380060476606784,0.08900910225573883,0.2387874011260554,0.43253716388865193,1.4074463872976946,0.6635503154741521,0.2809125046951976,0.16181619304242217,2.5426681424871536,0.8291835033583984,0.7053394534605022,2.4289073795557266,0.7369841697243885,0.33750850344011774,1.778970534637869,0.1607732639522058,0.8124641754771578,1.0840032814369804,3.2594096540250885,0.6207398041685371,0.13269633656800162,0.08979691020163252,0.5285966249455761,0.6601634125404826,1.201502068259835,2.8065521696207876,2.735451118778382,0.36544571721825425,1.1600606474797164,0.7801370518306294,0.5073714708045334,0.5028774418686723,0.11867133099379501,0.3336651460550336,1.2664939997755482,0.41190654067323584,1.247242252963641,0.8894985079552448,0.8289194268568584,1.0611860317502833,0.25105475279905476,2.806742445905739,0.3508610269814918,0.9957635964883262,1.0548816316385454,0.12045031667251693,0.27800481230164553,0.18410059862419792,1.1316020506589999,0.2562818615156088,2.0771144748690737,1.5234507672737927,0.22757525064816808,3.7940281915596623,0.8403395068206736,0.7125295848265398,0.07828449006262356,0.3840591448902884,2.676235027919611,0.9410598396289677,0.6284957814949138,0.44069037619454693,0.5955762594213061,2.0128474234442653,3.579787914094217,0.4321620979668259,3.156995217293143,1.0553563095498029,0.4987258240024133,1.32529358339522,0.5489067523435123,2.0913511458102207,0.4136246264823963,0.26716178305134886,0.2380962982545508,2.2163657483357597,0.6614521879070434,0.08362502527817292,4.185610710030648,3.631655568210883,1.1217058572532552,0.8798484159665529,0.9535083522175996,0.34061729714500766,0.20504250486083983,1.297524407471933,0.23770073336659403,0.32998849718133816,2.0629623373659114,3.1817995679373015,0.6003856489396091,0.5847463345334192,0.26580296542630477,0.6222630774458315,0.17422191422701555,1.085347260310889,0.2461517620647139,0.48409094042329487,0.3219267869301081,0.9096268529083249,0.6576287945556016,2.480398630426261,0.13177921619655236,0.24802377924809427,2.010226366727238,3.1697435282018778,0.3192442347818314,0.7533777726420913,0.5821306126103074,0.3777584239464894,0.9512117146106833,1.5769198841527265,0.46262608880008016,0.8496971954326986,0.10292679182526615,0.12142920316258048,0.49598515426859646,0.07887544902995669,1.1407728339932361,1.3729199693665965,0.3764553506912445,0.38448129008860027,0.320553311238428,2.138852327063138,0.8077369269779893,2.7321671239121255,1.0797612690567595,0.34600073662348674,0.10258970280863056,0.3372801566077591,0.3646184375230319,0.5015592558224353,0.6077884489045051,0.4075692748389807,0.24206352284570926,1.1401212736390154,1.30984689141955,1.179815900027954,0.986703736854387,0.21866855764818005,0.22214806291063582,0.562694730244965,0.3937600400137655,0.973043296783546,0.334362569188528,0.07767642518417406,0.8148872742955298,0.14846429546564088,0.5832119981047492,0.12827851893088527,0.09363250891818131,0.23322300613411506,0.4357172738387988,0.3137651119735927,1.2912452369572445,0.3923648171454256,0.4140926777442658,0.6128741494767664,0.2799307487053029,1.6022245992388915,2.3096576361308703,1.0881949865305853,1.148564782087109,1.6702126972656415,1.3655685978786063,1.2144100653937706,0.6448675530539552,2.789943152036533,0.4820123143749395,0.31408534297197743,0.23690896294757224,0.96795224427341,1.1789917509119001,0.15434130486240719,0.13353233281155746,0.4688283662120496,2.7914912984630833,0.39570150130621795,1.8038159409350079,0.2641435737334752,0.7964190617524634,1.7083322397922673,0.256261929718852,4.51271445999861,0.3460507970295783,0.7085887941450514,0.3681159301914926,0.31480728890802956,0.23356790516896508,0.13169379264978875,2.38306102056884,0.22756274953167172,2.146024744041561,0.9302733377245589,0.10509618093931761,0.4376119282585271,1.4947445031601303,0.6028256711862328,1.469760020095725,0.22698446480330048,1.9681903553537907,0.32023030278855663,0.7006413352397403,0.76740181736821,0.42959651678701594,0.1162760041588819,0.7074827635346085,0.08409682006195829,0.9587793735887142,1.7437596145827703,0.3003578053078061,0.09400480443350157,0.290620081972667,0.661588468878813,1.0008608566889499,0.02889168871985759,0.5823775854219657,0.5874096687346103,1.669289640140751,0.2517390585074548,1.7501948963249223,0.7654703009403996,3.3806624860402286,0.2704922600451909,1.4668822455505321,0.1687916391894615,0.17447155042276274,0.9758951586369127,0.7113076882324332,0.6093620311930115,0.5946290933171942,1.3419664105503073,0.22356069206196644,0.30384555761447385,0.7558224445648174,0.7651453392055427,0.31185511085160345,0.01455711158378381,0.33386940947733645,0.9185207466341797,1.3630732663569818,0.488357887345831,0.9736097296384306,0.8449270612436464,1.316765756578329,1.1254464222641958,0.38608564558136854,2.0472374785997305,1.711491962517914,0.8414913529204143,0.20633859264833854,0.45074631368464896,0.5506638003749874,0.19129396301218127,0.3274746308160735,1.4146793648921214,1.0235108049134076,1.33232410633816,0.30617263803662564,1.0815793706005739,1.377292151357033,2.9139390081453183,1.876690408120647,0.3198697929432725,0.3327644101772888,0.8035896564999456,0.4977169019619083,0.14456233229168408,0.3817496520920698,0.6937243044729499,0.1436300756247415,3.6536996433372657,0.17491615856673903,0.8752868441603601,0.29339528737877574,1.5363342705747534,0.10548785176101133,2.8905578781828423,1.2260303918468418,0.2575188925491982,0.1809075053709266,0.3492264039448847,0.20254889557103745,0.5797997658069521,1.8332033110267132,1.4708272481961164,1.774790775103643,1.299369844984994,0.24254568440295476,0.4344408293460078,0.5786581552278185,1.7214539054581268,1.384149391204427,0.06281079157050073,0.4526542763835407,0.8732375305823646,0.09862068637673266,1.1271199208544016,2.973165840922933,0.6329704477403593,0.11158038196616982,1.453873021512436,1.0928529136331901,0.005733689466978387,0.8581892074981559,1.4224772595715403,1.0928165241007406,0.05393574953894248,0.6255116171574623,2.281939774001609,0.4859524247169975,1.8118067013681292,0.14676938813338003,1.6922884789309507,0.016307950632751533,1.785439164897828,0.40560601327654006,3.8664297156637804,5.157200013279363,0.9610895955963585,0.4520247190102429,1.320520988874292,0.07856680549065345,2.079450967184349,2.945818748389601,1.311678916916136,1.0391817968205541,1.2599891278173152,0.32597682700036,0.3453658327533957,1.4870595788189118,0.17687342319393917,0.13843727982740883,1.71619744531837,3.8931367084965736,1.6794488744925755,0.6313622808785944,0.567675405507512,0.8868774391016876,0.6204135301052405,2.5409838048664914,0.019737597532816786,0.41395389379857117,0.14626037198950834,0.3229010912948055,0.04774788070529745,0.6006976369460416,0.7809685181652846,0.9087037362620891,1.7034477869324882,0.6946413092982028,0.10915830351686884,0.5020703195532467,0.20190201105454292,0.7946458821934974,2.1260336954829353,0.509404830989718,0.42322917036247865,0.20920886943878497,2.1491515111334145,0.19536433995100866,0.5752411917504368,0.22684353476428987,1.9102227477710971,2.1622444770367903,0.17439644020969625,1.2998681008766537,0.10071385726929083,0.3228151614820378,1.0480835132855246,3.9467534321393014,0.008942942010002675,0.10253544444630225,0.24059522833398672,0.8154968257947128,0.7906503894995582,0.3194264426081459,0.2729484883522794,3.092164607084964,0.6775337522846359,0.6853422823403181,0.15120396700728855,0.4044830572735435,0.7607036509648034,2.4525058530193,2.008292767915301,1.0074643160840873,1.6389379402334514,0.8438679983015016,0.13217429570610628,0.6742675897528008,1.09442680118452,0.06679522041012587,0.65882062807689,1.48614395671511,1.5785256498118914,2.0500136749086755,1.6869118850995504,0.0359690902998166,1.938930273644416,0.1943928098297601,0.8895186430176406,0.20274679918909166,2.1447372849092097,1.672569475892451,0.8235296906162108,1.264719634871204,0.1462566621547299,1.3849972535922777,0.38405039398012414,0.28079002906677164,0.24603530448752436,1.5230051726048692,0.5274325585095956,0.006985231643997641,2.587395358585072,0.030321117509998968,1.7435952692391057,2.365227521204283,0.05905487555329425,0.29975061103083145,0.324924782401819,2.1897638397099355,1.2826734250635328,5.317054536237302,0.7963703715816715,0.09447581422997228,4.858741225664884,0.6964157368341829,0.20809362329042957,1.2415333935010486,0.5852839960098946,0.027850911859050198,0.6682359325780778,0.08891383231853867,0.763130309284438,0.6581864732194567,0.48878416386513623,1.2443342348980138,0.13735218789080114,1.9823941903321078,0.7220597737343286,0.07627240852730865,1.6634045249723504,0.5258281729629947,1.54780162821567,0.4157771288027599,1.541369553670416,1.1908242133017353,0.3553704334298601,0.9356535884250392,0.14619876516086705,1.357908953494987,0.19362272218447463,0.6986569236105269,0.28126638312733354,0.7438122760091816,0.5257150793804408,0.2159536282607274,2.3823312082825328,0.19977063692474992,1.4666065699692583,0.36530968958188126,0.16102070375152644,0.17553077534112305,0.6749052503125241,1.05424472215579,0.7001615318933183,0.5305330917322842,0.8791026154072615,0.25964908901185546,1.080757549233201,2.179380873586373,0.8761996454551726,0.12959412871403975,1.1683189126409836,1.220996767025798,0.700797926619356,3.0156316736928295,2.1068639721043665,0.3079800464734199,0.40907469438753413,0.4800484253739177,1.4354357385505307,1.2413189523567247,2.1912064923017835,0.11271430288839196,0.2134524826143923,1.050350686558005,0.30546326731493145,0.11229272753976005,2.1212742378231475,0.7536186998033497,0.25661952128802235,0.8055267162308954,0.7326693144068761,2.5265902845533708,0.19968913535398713,1.1906736120891925,0.22517214095957944,0.537051834065767,0.39509662496173226,0.27555414717315624,0.9540085827477414,0.31695385422435307,0.28673633823811173,0.8937778673555572,0.1527459579778457,0.26833826837833097,0.6625979801866495,1.405010694463436,0.22519029259668766,1.2312337757044762,0.3120925753968333,0.03995732594178669,0.43473723933979935,1.3895778590565984,0.5994724713968922,0.3258348370138011,1.6366334639331903,0.24773161766485785,0.11455851556301533,0.6956114628315512,0.8477079557404201,0.5999301155913663,0.3598846890903009,0.16419692643718886,0.223058366234812,1.3978336165546423,1.7137086587930985,0.39718049178405773,1.6863299314544313,0.7313222500710217,1.0592052264245837,1.5719661921455244,0.9704762577911398,0.12552199041197876,1.3227484148344002,1.1655180996940486,0.0892681629576556,0.24606788184990758,0.10455829023791813,1.1218828542341805,0.9272211800281971,0.9770942534292749,0.13902118804734775,0.5575637880511222,0.9272310228944804,0.2596521431898178,0.5492351477539931,1.1024027665990768,0.6763125293701138,0.5422571012391593,0.535138414644206,0.33866397610640764,0.5814252072762751,1.9142318673854952,0.31538850442724753,0.20141153208612445,0.17310669980054919,0.17955242173441488,0.771818270640577,1.0628472689344288,1.6534137131835325,1.251768327575021,0.2809123547632565,0.10350101817175505,0.7755065562856829,0.49618961919363813,0.10824598239084438,0.0908951303793567,2.483009640436664,2.3380871277791333,0.02686147784911591,0.12131029249581471,0.2552302157090841,0.2879790118886889,0.16170297924282,0.7051078563990041,0.8270956322768954,0.0890303065388246,2.9830457588214836,0.2459858932837713,1.6230204399825832,0.34005546934745245,0.12509924076408607,0.440098317889956,0.34834381908844964,0.7947486943178335,0.24864718890443593,1.9023395687315716,1.2822310048951593,0.08083335567259076,0.24863578034160908,0.5840664415975528,0.215413660681478,0.790291886665935,1.1598447819830708,1.2111130359050526,0.5622472337531438,1.39902874857881,1.2245944017664279,0.4078636751048163,0.32057873463878683,0.47686467642915287,0.4066473995169969,0.14373123204412008,0.6218185241354244,1.6510661471450627,5.219431833289904,0.4525289564822656,0.25130199105000717,0.8925880244072574,1.720331448868913,0.44312159043450183,0.20050481444840668,0.9311021337333341,0.3300467065542748,0.9668505455507541,1.8275000919674687,0.3964051328968453,1.0449141546120098,0.6645779369312491,1.8296343561822686,0.5057621108921447,0.3457196556187846,0.07490527615443365,1.9216282326635425,0.811728554632797,1.0333159543890558,0.3849369839542841,0.058016230530722135,0.4729092870392422,4.039566408668574,1.537336306470977,0.6918925630661886,0.7197205760865738,0.23144502482380858,1.4074216003886268,0.21019210965248092,1.2653253286384774,1.3765597961634353,0.5081955673777844,1.152254438590691,0.49904817666179047,0.30237770462014313,0.10111711297434023,1.1288349921486072,0.35239059733592304,0.2815843096732607,1.6782898926423953,0.5676512753066104,0.4610051644198809,0.5185669344928658,1.9952269733836472,0.48303382864407207,0.13618858838049905,1.9880948564204806,0.514182750007418,0.3008471096497435,0.6341609416108813,0.5849199887458605,1.8970447219507638,0.18994841084380268,0.0726953627933454,0.5279438850442254,2.7812336553614876,0.10189670597572237,3.5759040792607544,0.9136985902790488,0.9549745343407742,0.6998850970434242,0.17060784370044782,1.3100667724612334,0.31419175177044334,0.8244121669341973,0.46921707720721406,1.6900601397210124,0.3353197954752443,0.7005848169967398,0.2901008035708337,1.1213691229856573,1.1924303730258288,1.4433886694420366,1.0528789268978394,0.4681183598859082,1.2059093301723243,0.011353815344209983,4.212223694171883,0.4319256960689106,0.3363021186110746,0.5156616843621993,1.1515472479202704,5.965486202869371,0.5762782004671756,2.1343665039502104,0.26945583556673136,0.28331313580652207,0.11697283542875206,0.652325535949819,0.4471991090429155,0.10456829293208514,1.4271989185174843,1.1313745670261355,0.8942553042453323,0.09297816582797691,0.19522370334297623,0.2986524341914865,1.6376134060741179,0.19623841028680122,2.7114567154712517,0.19590838528077775,0.6347453786202506,0.30051408209001795,0.43777494508257864,0.09584386768115427,0.2226674035420093,0.4590630019739701,0.795727882818818,0.4679672459886386,1.7265381615521642,1.3248702105156887,0.7234817777564511,0.13731770289710277,0.1894586835820758,0.21644273442945933,1.6220153929938257,0.06191349968419402,0.5103457093314061,0.7505869137908585,0.9386513670062051,0.07940778863977593,1.1929517871724697,1.9084143075145645,1.1321222446732122,1.1418984288492608,0.09110237600271986,2.278607375273949,0.2676305368170877,2.0666021790532714,0.11122960778825397,0.11633450787122329,0.5666203925413789,2.1486882613578615,1.0085640664237725,1.2156069251062132,0.47545272844483333,0.3475692596352643,0.5068388155938252,1.799423509947286,1.438734402451825,0.37390202615077484,0.8065935076751882,1.3046478075723593,0.34958010968783304,1.5045971878384417,1.249528183935904,0.8133199081448311,0.13857861770720886,1.482189873949462,0.12192471712066258,2.2176465226241326,0.7391826954251894,0.7767999646804422,0.24927524557911968,0.32263039478514766,0.535681629258033,0.6837430812224048,0.37506512047149015,0.08277976985490834,0.7010214522954501,0.2048537067708398,1.4063223000669403,0.7393822362719263,0.03936140567677637,0.6730896967868498,0.8842569772685225,0.6244903427211795,0.018208268758664437,0.44151772780234566,0.39403217812656144,0.17519817648969427,1.9758594587404548,0.11755466153046473,0.10007820341663604,0.33798348805635425,0.30897762209554724,0.3172608365603229,0.9263717303576295,0.7212101734356899,1.3967273456992289,0.11025841548678628,0.5668316657922085,0.2556442323346404,0.507377044669888,0.29357454746357214,0.6571714504934761,0.7790998140908262,0.17745882607816155,0.8631761213249889,0.1845125578352684,0.9056653477670986,0.39023885412946613,0.2697971086546086,0.10352696092543429,1.8843094991695675,0.3262542493740074,1.8386564674963675,0.7209355599542764,0.8944046598716053,0.3964447070578023,0.22466710038388504,0.7544059460128532,0.2786279564279241,0.6435592114731563,1.2017087855171686,0.6153588626317029,0.39888453653862876,0.36790492747349124,0.28726870630220624,0.28462293866435795,0.778220914910465,0.05797892341238897,1.2568876644573745,0.1782228746689688,0.3569731472680829,0.2668113941207194,1.3696351418303587,1.0410726412890738,0.7091585130388465,0.605569501176585,0.335752961711812,2.955821094863271,1.2145118081385657,0.0038671747166339476,0.1600753597362399,3.1056183355476756,0.2957051313664194,0.25244983541216937,0.19286102532871363,0.5496380390844492,0.8423358257449957,0.9753273529432822,3.6248346545543857,0.7394589738430077,0.40830083629940184,1.4017468710810594,4.981576585601357,0.05811286789490491,0.18299596323972434,3.597450243581089,0.37127826843979805,1.6845722296363368,2.494504104049837,0.3099271959557967,0.6061757340938984,0.7908894782821194,0.4348736630070167,0.25484582175891257,0.5069795069411239,0.6117634622088081,0.32363932062251854,0.13032922665927504,0.47641289266126063,0.1090061541694165,0.1296370603247844,0.5379069847991323,0.5877233328345834,0.6965025349644867,0.4748443206119614,0.29533673904545155,0.10154270129611898,1.4810553404247524,1.5474559143653392,0.09677755527061274,0.6539020980042108,1.8177459579299724,1.3204753162259886,0.5015513534712943,0.9604593504954847,0.8097355568921825,0.3960480957866082,0.24045168300437259,1.3413062643954943,1.4135823947111417,0.8045886645859164,4.07369676821433,0.40923122679634316,0.23138905763497986,0.44584283568608063,0.6696824596375595,1.1276387287784577,0.8541333854390439,2.5159422507458267,0.21125568217051643,0.11024605011511698,2.474742548606599,2.4981161643283945,1.5493244353697353,1.3442156743015694,0.03807044905310655,0.07506734957078964,0.6299052746244033,0.18688316711893038,1.9824121360555735,0.20665070623885218,0.7007789087030117,0.5769759668334644,0.1332596997117474,2.0637470466251213,0.7198614783138612,0.5398223147570699,0.6194312762161102,0.14279393180219452,1.4108878936005531,0.7330809074617014,0.8270322104691614,0.2082759068013646,1.7619308801907687,0.39976351538262644,1.3170771173030673,0.9402601218012048,1.0154992325313459,0.9953291328000509,1.1941441558048318,2.5097158230378405,0.5745372416702347,0.8676150567777787,1.0431329419475608,2.082558847304707,0.2975571455675381,0.9666079576085822,1.0229194708893938,0.27227407410045795,1.1328923740411962,0.2749409381689242,2.148693601624295,0.3163136520840486,2.0800835620300493,1.9741741880632824,0.12244625706269172,1.0066167390126286,0.8602231089874525,1.8007930562868655,0.616285173680721,0.1745227875623524,0.26913865790557134,0.5556581646105603,0.5082035827776787,0.6232166502625627,0.31521746128320627,0.31796963288203983,1.0251900381854462,0.6300190265702295,0.2392149485651064,0.749823036320924,0.28243305221620596,1.074460880756872,0.7021355555755737,0.9165017647043915,0.48899421987015446,0.856046050273113,2.0733029599261448,0.3043087461305566,0.7378441352991852,0.46737512725873065,0.12752709312591037,1.949019470204275,3.332104309943673,0.44412203018273344,0.7929608879961262,1.0185963270162346,0.3980197169853252,1.3709953400369999,1.2940102246400123,0.4264947054620752,1.23608324222077,0.9275810136711303,0.3249882721007339,0.5324752355323439,0.17887019806902038,1.3594653281367126,2.4118931443855085,0.4229358660827362,0.7158477093967622,4.771711802955084,0.9805004630577132,2.831210590589339,0.40960092244788293,1.2354714062940721,0.8221973122395381,1.0665654527955963,0.47235495474896655,0.5291153717432586,0.07401901768198918,1.2729919697256458,0.09550660543224768,0.23124053815315043,0.12374940944554108,1.2133986597743047,0.8983628468496562,0.4556906471224066,0.3615140520791398,0.061146561535945276,0.23713983525545546,1.1415040384793589,1.451054826362707,0.1224227360618593,0.03465407736143333,0.04310947246091504,0.9401768577275016,3.641748067169383,1.8052653447886486,0.869112487873946,0.35363143234159844,3.1586403133730787,0.5673645017416648,2.081691496193148,1.1836045406577365,0.056407730693805336,0.6543820027588529,0.1012272820445019,0.4603703519579229,2.323553718508006,0.9899885815597458,0.07675222659332404,0.23284664293717064,0.3707235452415054,0.13198347463594562,0.060967014806664895,1.9366837220654216,0.9675656959729266,0.5287021737197576,0.3707465697977277,0.23836315957480547,0.04658957531704894,0.38028732186245906,3.057094589226005,3.309363801279303,1.433835956469348,0.34653333469262626,0.6991858897667844,1.6634844561932924,2.355402149091222,0.4188929896887329,0.7682837967079453,2.4650395343097906,1.5453947783116593,0.6583442543383405,0.27449962196328415,0.14130769238544297,0.1921618008036221,0.16481803707084386,2.4070466037537748,0.01770711624060839,1.0839610185098902,0.7184970958884629,1.8164162043952015,1.079680914960577,0.6185807542477862,0.6608278800048637,0.3654180760903356,1.7230298270625533,0.9249877654569743,0.9405826539094109,0.3250047440508328,0.5412084755686026,1.7058067784011557,1.371913768279244,0.38099988119148737,0.9803375218927939,0.24532675266760418,0.47366574035448805,0.9849725308198136,0.21639750325552992,1.2054665291482916,0.24730608221188696,0.6653894586193663,0.5140628066892741,0.5643231500444847,0.11066099761771758,0.023191189804454226,1.5749497140361617,0.24256261229613535,0.36861680850285283,0.5528940080355338,0.1601107354283891,0.25810233427611573,4.751372664380393,0.11160285186795238,0.8838791333007548,3.053330950736743,0.17286291552512947,2.5766025870498255,0.6228671502473788,0.11476814461456075,0.2735317235014266,0.2190115076461734,2.4396139682638456,0.136410935919121,0.2739364504207372,0.3074541483395848,0.819251614229613,2.1177973382220654,0.4503534121828934,1.213062475336645,0.095363075099582,1.4329334298551761,1.1595030457935716,0.35631744315879516,0.09987551807956119,0.1258206407981367,1.5946466974843296,0.27523182474229313,0.6080981065474327,0.2982887381498873,0.5130016415362514,0.608261965627756,0.44593998367543547,0.35962149405971927,2.082811958597649,0.6144736684649296,0.09930735636363727,0.7443198366204258,4.797630900908329,0.4007134584536535,1.2254568764688683,0.14215758327598926,1.237817965344309,0.1281474993180743,0.237414015009254,1.2954955709203242,0.33604056171012997,0.5673566006104183,2.707400504362729,0.42855646062381797,0.14465755523051482,0.8462146491466497,1.6269354918856016,0.08018706502156175,3.6970217776364818,2.003746238246507,0.07408974276202074,0.2724959037767516,1.663689692755576,0.28800717647237317,0.2041008756363774,0.16044252592318922,1.5641768950919988,0.23967509527881803,0.9602622745078904,0.41003704209577385,0.08930998854376265,0.38869755327688127,0.2383612315626618,1.4566679860776222,0.23835764097488477,1.1607499017090988,0.7630081688504176,1.3399175344013712,0.4302026765879625,0.610055987596781,1.6760502699819828,0.7198598815285415,0.73622885103145,0.1332951018412609,0.5004901721541873,0.2997404901671805,0.9239358272551179,1.229473246414989,1.0731078767900413,0.5715513519187365,1.5707105524465934,0.9741545081675675,0.5797276992511816,1.6664495610504897,1.8853607030771626,1.2486008140483769,0.864407265241864,0.2720610587325208,0.3007428090468006,0.2569716725140445,0.6389201390640333,0.6131075584863694,0.290859076807809,0.13881270991620814,1.7542375467826217,0.41736060780344664,2.1396964266404535,0.019042021900488766,0.10586166443218767,1.5194601828654577,0.7258807562296241,0.8333683377021618,0.024370431796668673,0.1625647809128767,1.742506135943717,0.8814476396552227,1.1905935637451628,0.5151641380104217,0.3852571150529127,0.28876590082364767,0.6875886432960103,0.04266769011038141,0.5761485874148227,3.781547079133281,0.5128228406896765,0.5732831539578763,0.6819899774342746,0.4330358393745487,0.4414348555500518,0.22772813504339334,1.3636204011934245,0.1918801834789301,1.8104029512199349,0.30698264638255024,0.739543369476872,1.3026512842060036,0.5385246964078058,0.7771084909672937,0.39051101467283184,1.1589958377178133,1.869865221830384,1.8086584431884423,1.8655073418523327,1.1072189277376194,2.9787013794920645,0.7313398987953345,0.117439532362719,2.4597392577188866,0.12051447243905009,0.6768099490111203,2.9081490228166635,0.5303301723461796,0.324584195050883,0.957850642178792,0.9525160254098946,0.6802081152986184,2.0982154002174833,1.4838789382244193,3.714293359012669,0.27775347599954,0.8740600480076237,1.211270744567451,2.0186221566396574,0.6914352617732977,0.7288680203271809,0.6601983925567667,0.7052029533631861,0.753721919109183,1.0335839346563969,0.6414727077936078,0.3232602606235618,0.14572662688349564,2.2428578524227616,1.3403093255672984,0.7496928320104167,0.7049390990047693,0.6093195134176541,0.42071694080972943,1.161808785379511,0.33284641742325216,0.25133726113036614,0.11952657104362258,2.711908350042173,0.12932182486821664,0.21732838176777747,0.2880094234818057,0.23344839384997046,1.434691980250941,0.5051783268725731,1.7996025787965588,3.8709367072405727,0.6844129265703878,0.19242356603296928,0.7590061138541454,1.9087008900741376,0.20348119953397542,0.7849787051803124,0.27151851879498934,2.465256912348842,0.8114767159360907,0.6768569080596875,1.726145197269652,0.33848410355006836,0.3079164418963848,0.4974199184524757,0.33191683811590633,2.6439111989163586,0.9481684996447745,0.7000269759725836,0.27737399048673067,0.5033608185323345,0.6239962354738778,0.5218515127800831,2.441739192634628,0.42188371399399005,0.6789757066087216,0.1766441393167335,0.3174213750087541,0.15037446492609097,0.3176039574030879,3.045287435029131,1.6327032246896571,0.024073449233252754,0.7318644126685194,0.31399977592911343,0.08855263992009577,0.1928787443974449,0.4148339984405901,0.608415548604444,1.7513568391650407,0.23213746180670303,0.5610524678540636,2.639260041603702,0.30388099348068576,0.2371912457037515,0.050858181723773876,1.4048762232059857,0.09497984250983932,0.15346612171880492,0.17222566792234217,2.6146768991651124,0.25591379929559854,0.4282166953080874,0.9041592395285412,2.2183791954437613,0.5508434024195965,1.588952867757237,0.4819492266775364,0.12575009425900843,0.5960200431639273,2.8730619042088072,1.6554864080654612,0.11029678275065113,1.362382324998224,0.813243457208277,0.8136508622497498,0.3687985902874308,0.6989236896735344,0.3037457928387357,0.5046105072065488,0.376943911825141,0.07543781710925879,0.7555304968783291,0.6496755136695871,0.16882496061158403,0.6055607166103667,0.24671189350157863,0.07739979893670657,1.5643765304753392,2.8464018406542073,0.6029780387255699,0.4431481200244999,0.5963568673340126,0.2874548854550617,1.754529540416074,0.03148736033157151,0.5668232262646483,1.545545723046385,0.07561043920355712,0.6164138914685727,2.8867176036397266,0.2344852154398646,1.3816401742336606,0.22450733131042222,1.5523824217041853,0.0743532128300628,0.7740525494340662,1.205107865727111,1.1349897099548603,2.0860970599427864,0.6980329902513166,0.9321638908891291,0.7648302741266246,0.2462553578382189,0.16764905407700637,0.4123361350185132,2.1748996864925214,1.171088585437982,0.8672201593112181,0.6474820032064981,1.4500843037937707,1.3940300782137502,0.05055276500886541,0.20276490691501836,0.4249593484702147,1.1562556765372645,0.895467801545303,1.266741852521069,0.42689269634502414,0.09560305346793202,0.12942712423522368,0.384784377767883,0.2654784425108929,0.09593705818994391,0.838619760457461,0.19639201963967193,1.400679229429942,0.0972423925661483,0.3811125247582895,0.7932217142308492,0.23592569672421893,1.383656907343001,2.354242818209642,0.5816531494881018,0.2793158170605675,1.2197605204887847,0.2247892825854405,0.3413867873173269,1.173729610058059,0.661643977667563,0.7536606973695885,1.477988700995017,1.5373775116285369,0.7506101618199456,0.9132474326601356,0.7476985593075522,3.7407829211642443,0.8413908287510747,0.6987993242242453,0.33447878075191995,0.41864743708669905,0.37061286011185246,0.805602843389685,0.40271866917750687,1.1219926438034493,2.284588335271639,0.09001104427774298,0.654618233644596,0.6536871365091823,0.24659185619352852,1.4536060841825678,0.14806920295738402,0.5144290602250785,1.0987856203606454,0.09484886109235569,0.4351868256615494,0.10788595596236339,0.05088961492066321,1.5000311325784712,4.281486675475675,1.0571117295338852,2.547019050470525,0.09578998786687709,0.056100693974391325,0.5696915220137206,0.4381634330132857,1.588965361318613,0.36146035423642486,0.5852346146454308,2.202223012534439,1.6404763304910448,0.06082202770008166,0.6494416036905256,1.2515989026129066,0.407955856812227,0.5643068669491766,0.11201627055201602,4.012458457984326,0.28444383874461054,0.6526769104024444,0.9457307373897492,0.16388525176807028,1.2089182808507697,1.0897122936666883,0.22281302613113896,0.683865852672693,0.12679533092794518,0.17871562876411246,0.8000729548411822,1.2309243777487013,0.07394520981781239,1.4571517267153409,0.1782725848869332,0.37845775214798133,0.5080545572834467,0.5406656003495307,1.2418099150138793,2.1742616287007883,1.8551033217091228,0.4605561722259117,0.13582445615254923,0.46787905914452377,0.19266483824596312,0.05452771878036733,0.6926428804273373,0.4036068628069225,0.30082853460693393,0.2826143376281914,0.8421612061724861,0.8693540484189474,0.9493372000200764,0.4359388181610071,0.7528399984896315,0.45331112547827207,3.0133889815804293,0.07985858942451901,0.7456110222875869,1.1066923505050688,0.9963783653776579,0.5511478410129618,0.08487361347216438,0.7800531711001605,0.844726981491874,0.9923729650150626,0.2025533525960268,0.08742307938387739,1.1169338775269209,0.1406682248070933,0.364066135881869,0.4550173219718482,1.7688233559451498,0.3796302594052165,0.3326545010041766,0.12942887016023685,2.264657277824888,0.6331117171499162,2.1865550347322698,0.0780513065065846,0.5226581029436865,1.4144240236511876,1.3793929120709354,0.4866571425879127,0.2951340597496154,0.6257103715846913,0.10244402591861906,1.8291231792928824,1.3334999194974473,2.13685324523819,1.558503166865843,1.1469016371154788,0.659346944448609,3.1187522155044705,0.9317586554992432,0.5979955356392532,0.8024688669542543,0.12991628305266384,0.09805033551760889,0.6452946757805756,0.3351148270171427,2.0265576691303986,0.35021727853039064,0.28206332416691543,1.2660185043729033,0.551183117067255,0.5353800046891117,1.0509536146299974,0.3182415200204941,0.6976874051950548,0.4878618119739335,0.9703562893006541,0.07020011985634686,0.29784977815127234,2.2926863325476114,0.4655250221034633,0.4930911606093817,0.8568682611490162,0.2953480373811034,0.805894334422571,0.34143177130785296,0.5928029901228498,0.1282472402359155,1.176569435876816,0.44468579234387406,0.2775228265174882,1.2972698402416367,0.9352907942690426,0.06920341366011584,0.29140740155267486,1.4179859016457845,0.40711548346090076,1.343743477054267,1.0729438881928892,0.0632612440353495,0.2873820063374602,0.9773950848029314,1.0874252057024345,0.5315855591158873,0.8971758213097158,1.2516850287341703,0.9533772610986642,0.5168077352448183,0.6867043480248763,0.14892543196592567,1.5270192407026695,0.4853465377058317,0.5831594078504849,0.6512025879759049,1.1606788679143583,3.053260504293653,0.8727136236508345,0.36605549228833667,0.5784807269942998,1.4966851957497629,0.2880862201082267,0.563112376080724,2.2995740715188067,2.4811425465235395,0.12020182142735181,1.0815560298256637,0.2391693808281663,0.6593649926215424,1.7888371561996559,0.9492348596824485,0.7261212266389294,2.540739045087458,1.2879141306855324,0.19274432959278698,0.3057175643363035,0.3511961831779488,0.10234168040124794,0.6072886341945798,0.3173022542390629,0.6979682073017262,0.8469282862558707,0.24180372696882124,0.7342585669595308,0.1338238474955924,3.0163888974211153,1.025443236437115,1.7734889380399743,0.42026505312923845,2.3379234511300617,0.46313482492873637,0.03556744998802036,2.2141221874324075,0.6364307880903494,0.254926826372192,0.27553808235866156,1.9853064638833795,2.139496023536448,0.7837240184519316,0.5312742925306662,0.4923894772860649,2.9360016201811105,0.10259701670467358,0.3586536598759883,0.31318984815194645,0.9157732485642607,1.0870834142799453,1.134802381039557,0.21609660523951302,1.3305709206891212,0.08836027301787791,1.1200247579004832,0.46075043810720007,1.2348996198969169,0.26429645193980195,0.36154398381111696,0.4955970544295528,1.4679337790289237,1.4485708550740846,0.4785216251848228,1.068863915453479,0.4642233539648004,1.7742637288328909,0.9152239948291127,0.7160779916712448,0.770153378078827,0.21489452725931213,0.9253391686077287,0.7635926399726828,0.8753366534579727,0.15397217147232267,2.1139939070649008,2.88973248286877,0.1593319667363372,1.4289871756403163,0.4540082610056656,0.665253544213004,2.152369262098221,0.2070098807603164,0.9128616096350237,1.4751198412117814,0.20172943608735733,0.7439270809018352,1.1449454424392163,0.6586151137032838,2.9742999955682463,1.033744968760328,0.2342550292989558,2.936822018421642,0.8167304903139152,1.2051168264252006,0.1696073360688839,0.4676649915415013,0.38077791418269635,1.6993743535766008,0.45731503256467954,0.6508526056128341,0.07457473502867007,1.053888205603132,0.018268802462221734,0.8415444541468426,0.4800090675399473,0.32304713914691385,0.4157616378537914,3.9953777407505218,1.104380786526676,2.0624158372198145,0.06783485673911793,0.9282352178260698,0.4406625351556242,0.6826293378970087,1.7539696267539104,0.9225284915230609,0.21030789185094267,0.46456249024627794,0.3134461939302725,0.9394682935722217,1.2106932579165495,1.039833671223424,0.9286317192852458,0.23579476958266388,0.45904631723236994,0.8036263220379691,0.4581846020377745,1.3174031064250828,0.22793708690309922,0.3057764484091988,0.3176077434237734,0.5119178542176657,0.9875416781175405,1.8683787710497541,0.6079440949683756,0.10491586762924343,0.9039132896976318,1.399106238717256,0.3921050072297696,0.0489675246722569,2.1334497963847014,0.013470415968631189,0.3752388927000663,0.1503943159269272,0.19159361428764382,1.0454397617680655,0.20628980980612266,0.6626231077987947,0.25233178132757644,0.1457062836508881,0.3254104747000514,0.3467557671993438,0.182849713508495,0.21837444920729,0.36411141934097674,0.09409083815049213,0.30980768179189877,4.987711347580533,0.31706833559751607,0.4687181634961013,1.125389410744496,0.8353957484797194,0.09291922765887584,0.7255050756797305,0.15864861612329823,2.9544017563313374,0.40301735617425744,0.24754033848502044,0.5208506510334212,0.7569665506731162,0.10251337630968174,0.5395419173989542,1.0871546467829283,0.5531188158251008,0.7789266716731125,0.13701260944440563,2.12361056865963,0.38314032990586633,0.3468549902179945,1.1064636154963385,4.744908712018722,0.44989158906543025,1.7960031817036342,0.5635540605222068,1.20817839359492,0.5813085445687844,0.2060104451298676,2.3796727567673486,0.6446445542133442,1.497304829326432,0.9418712724544258,1.4036484311516009,2.053602357820143,1.8017006064122665,0.28331704164244925,1.449338672294154,1.042602796756231,0.6987605958843457,0.1661049096119775,0.22170486316514423,0.5448381118748955,0.023832842358961548,1.0197494943990009,0.3181681358047169,1.440763340393104,0.28163915946680484,1.1573477893578412,0.399388188902586,0.4002922728408106,0.9338813901361938,1.6701950157553231,0.2158580271443702,0.8978721857011389,0.8716797547931616,0.027978671867107036,0.23456284868118904,0.02309952651333269,0.08683883763121336,0.28498540489403146,0.3368462076946589,0.30430142277475586,0.1893385384647931,0.4294054294998775,1.8775860810374176,1.3899171624295543,0.135809055132442,1.2973581853993847,0.5075980303272254,0.3948530252425536,0.7881550201431335,1.4700259258133002,0.14863868120604362,0.14830778202346373,1.8612194104714481,0.7622374442201166,0.7321882150696148,1.444261905130194,0.5492351851251274,1.2387373785277007,0.27000541072197587,0.3651416618933272,1.8758661766997196,0.7767644725486564,1.3678534231149928,0.3665621300789197,0.6513921370314448,1.1626753985906741,1.4972414287894287,0.676433775057147,0.23898608111012348,1.3953580386383915,0.3410330648630041,1.0489864410705423,0.26417240399068587,0.8527461887793342,0.6074032611923893,1.8854235146646263,1.7229026557745497,0.8481562369696889,0.41672913660828903,0.15124709482105758,0.05566307449780972,0.9742439563624102,0.5495790611157693,0.4717392848935126,0.24578002852118516,3.360720846149116,0.22290002749748017,0.34447875497706815,1.3375599190699692,0.2550559128563541,0.04362324358797487,0.524684468513364,0.2178185981533009,2.32796206323494,3.168904246698795,0.2298835485622863,0.5582421765464993,2.2198847176506056,0.41256658040823124,0.6577815984278071,0.27521876726763084,0.05070127734949348,3.9311447576701046,0.1463244549219106,0.7072901939499542,3.8995479537156186,1.3759937858785092,1.3594523213387386,2.8476279369854405,0.7021740372628253,0.38293603960831857,0.2579542095246211,0.8046223775012269,0.11144749339756277,0.4925409677007561,0.3016974388807166,0.01914704749712426,0.4102325445578465,0.17977939569964463,0.14495361201260715,1.3469893648248852,0.7797490084018764,0.09137297575323715,1.6213512462606272,0.598402061027443,0.953478185723992,0.39055194508457824,0.024610407176651528,0.11076901962514907,0.8310932625658467,0.2202589363192592,0.49816554008803277,0.264676272429147,1.5121893221847051,0.23623742720813978,0.8527557854744662,2.6808583254908935,1.0548035055757135,0.21695780682673382,0.140590718076693,0.35191838822667076,1.2801489716721286,0.18198988255730844,0.40586751147957933,2.408934687685579,0.5827495285214694,0.3464484172579969,0.2572513362695027,0.8183607141517365,0.946424210090217,0.19132112587478786,0.2377548382177883,0.017470567201021248,0.9613957342364595,0.04287152250853393,0.9299219745115567,0.19578204536598476,0.07452162900049675,0.18018296887384383,0.2156721232980075,1.0380503255702327,0.23094992011559493,1.0508064388499092,2.0121161299803267,1.9661287384392547,0.9006444835115315,0.16917515123314175,0.11915906544772494,0.26783351548264245,0.5096482642397073,0.07438784953631561,0.2433903333939007,2.421776845227433,0.9948528451555178,0.5918685298995191,2.0147073080561633,0.11200334720666405,1.2483173340269844,0.3126446920094319,0.06671044013661293,0.15153404604480558,0.5301917057279126,0.5171835432724536,0.7523600650128776,0.578215313773464,0.4022526890263759,0.1920820403274305,1.0057639064645136,0.25296193164932723,0.18165039103504182,0.9190960037514109,0.5553998218173822,0.8938437629682202,1.1974396256816262,0.9699714803786236,0.16018456070806092,0.5298193114799759,0.06634352919542896,1.376180456512851,1.5742181158471829,1.358052029667053,0.33607877312423345,2.5672778401922964,0.6820904535628554,0.24549079656386497,1.144783342461882,0.2811625382691174,1.455561138003406,1.0954159604102358,3.762855352634701,1.2582551627987664,0.0454432728979598,0.7393395074310223,2.066840710413395,0.4711724069105657,1.6329551772583746,0.6569926923160112,1.0836433859829238,0.04252157219943414,0.8745406529234151,1.1757137655927319,0.053732853021693505,0.5538763116541301,0.4400941760503705,0.1799830949933574,0.1753492958060131,1.5659565366018546,1.4196747342641602,1.1608001562402324,0.5102843139168185,0.5783701002089481,0.6298573778385234,0.8015255039433564,0.25861811592857875,3.0026517393628307,1.0996408557093509,0.08320558588869448,0.6454499068609862,0.21877697551183029,0.8272707144277438,2.4088475536098746,0.041022011853268925,0.7209198933901835,2.0843794166027054,2.5588596347798216,4.528515532718142,0.29827549870514236,0.8666947787557993,3.188798946525945,0.13820641470613315,0.1987774771723102,0.6233888832276535,1.3528502851934354,0.47293738921396017,1.316511506714726,0.4836814631990498,0.43004549644240014,0.6489367442653201,0.5086558250319131,0.6105848879396578,2.044121073033637,0.8423367831578171,1.4486232365113563,0.044506021497795034,0.4343559049757103,1.3624227615832813,0.09199895196673014,0.0818005225511903,1.3452138774113633,1.1773571853686544,0.3701718614775639,0.4001982397882595,0.6880511623729697,0.8019917244181836,2.1391270775821654,0.20399688360985344,0.2601976550889985,0.34088592564498776,0.3316598599073928,1.288733295530738,0.3517548353994796,0.49309347255897756,1.6188439287130747,0.6543095796856749,0.841244439532254,3.15314829977292,0.12160469574242128,0.09860315248404344,0.11753270844965608,1.2254805349592777,0.4899661559409054,0.29664580775197646,0.3406976977197014,1.1449563746979572,1.2889941942753338,0.27799918626180564,1.7822701324986816,0.5934364224274778,0.23806715189278316,0.5591637443433001,0.8629065772681588,0.23934892116025847,1.596860925085055,1.5978497127418816,0.6292735024838478,1.1752093345957326,0.4354696922248214,0.04531424122920619,1.818497313743781,0.36377329463735475,0.07313760659419455,1.7912359476201505,0.6503123210605181,0.8737190952361218,0.2732804224504296,0.17103827445607434,1.6814347307889328,0.7767101712553989,0.3496228156676994,0.04891857797710192,0.6959891683302004,1.4071302846530287,0.268853814384576,0.9200533608643012,0.8448951491323995,0.6395393603350065,0.1103075099809705,0.28765037571842145,1.3642461083861752,0.4852211757848336,2.3447495081363128,0.8901994574693781,0.2148041797834228,0.07365974687749652,0.9064689725008519,1.2294951801682925,0.6691814246259473,0.2333884639317057,2.3784124649394984,0.08174349602341713,1.6642274927009195,0.24668365939586545,0.1184861287643614,0.061534998712973965,0.09159807209800164,0.6872214296235821,0.3191198694828822,0.3822554164105433,1.1977890490144656,2.724211846828857,1.5260939457874372,1.2617822763764084,0.24426302500324792,0.5438126822194107,1.0052753064698627,0.48952665266577927,0.6211918883019107,0.6385912378237624,0.9463605236844246,0.46193007866829827,0.5582973027094058,0.33412806326421224,0.4241016737092483,1.8842309404618618,0.3079828300484341,0.6380087870964463,1.098398949160587,0.5596453121970619,1.9621603302067112,1.3633568930943718,0.8642680229648637,1.5877830064913565,3.460559869580726,0.17109890693555335,1.4945038103576453,0.6766238534435374,0.5729273042623378,2.2009563810509354,2.4252849447806244,2.469078793733779,0.09715531243922282,0.2679365750988527,1.4167668913177884,0.0577274989932588,1.4110493150567271,1.128778915880859,0.43622971552774537,0.3786237148086854,1.6297651203642314,0.34066877150258906,0.5223923799912793,0.32669594266966673,1.91787224103008,0.9725972291297923,0.5915159105313776,1.356961626503431,0.6367776463055842,1.0028856051316661,0.28065670989442304,0.4577863796547246,2.4304417282844173,0.5070394768110876,0.7593557382779312,0.6122639853337658,1.1902101201568924,1.1291508095222373,0.05900032075804429,2.763691437366688,0.41087636653403425,0.35695299968974803,1.5784589691611812,1.2551231363729456,1.4089474579458525,0.27628653151746707,1.6457318813316115,0.43430177900941425,0.1249490451670967,1.0170045640984204,0.7765599885744314,2.553879334201076,0.18077042327828746,0.8864312746589577,0.6075137726869222,0.048224942880512156,0.35560305343326915,1.1092099132133535,0.011609506103762324,0.2531857039826592,0.3150359687476413,0.5044659770355593,0.915873359714593,1.425975053025883,0.41048665937654016,0.9751625088150808,0.4579447863088121,0.31124575030971424,0.05165623996127,0.24047642769056765,0.8382715826724917,0.22326608213236654,0.9513776104166514,0.944271017348991,0.3348305170857354,0.6069183434532488,0.2674508001200855,0.5853978367526967,0.6162807306511867,0.559173934368306,0.04363906712956239,0.4974443061224177,0.19198241558611975,0.7220909334414517,0.7350357685985309,0.5997972150481118,1.3882128859238765,1.0846311175192396,0.9478341297831451,1.0670294565736749,1.5052338365259066,0.15725640587604348,0.03938951435339588,0.23355750203468595,0.5940739125002653,0.19951791883447256,0.11973830402103225,1.417209046455161,0.5792540400820392,1.8857943720865231,0.6435454441538115,0.20425911335475264,0.6821825484255365,0.8769295908341134,0.2194336415037328,3.508062823359304,1.1909884131939896,0.2180342468613805,1.739975039058502,0.8981145398338986,0.32828510430383273,1.9474141341854077,1.441973710476494,0.4499126670259027,0.6118939414425676,0.17834691527620805,0.27170197491040005,0.0731018838629438,0.4021917831987145,1.6406373513366779,0.4267525308658622,2.885120234766448,0.14170908071228727,0.1590906967202078,0.8653941279918198,0.5692507677799297,1.0074370962349912,0.04179269170768518,1.935873944977347,0.30585109073352623,1.331224956822005,1.8048435658576307,0.5925723050883289,0.29829939440530007,0.0717001554517227,1.200068410777364,0.1468562228314249,2.5933388619019633,1.0636002958229087,0.25393910363317407,1.4467736770573856,0.5293930188331761,1.0088654656579346,0.30843269825567277,0.9030475480549065,1.0182294424945535,0.6343831900548434,0.11697524982024479,0.3878499202958985,0.2991499196687628,3.5779771488512546,0.5014074609387227,2.42462270075806,0.19372602087493318,1.869668671648089,1.9062795873171556,0.32912089550890106,0.8099985127862678,0.7418257219273034,0.24718265285103014,0.44154863091594304,1.742130796426138,1.085979254474465,1.2357352492523108,0.4959886782885661,0.7004174292497032,0.7573194447981488,0.2727777111115144,0.6448689832175947,0.5179172279326069,0.27510048992451575,0.5649010939627552,2.302946470085102,0.3412657792328753,0.17653749414799785,0.15771113617330051,0.6753002428672461,1.5476321954819492,2.18453797307196,2.8761027461038378,0.42562307761220664,1.0133057289569911,0.4266735993590343,2.6541721202578685,0.6457817892013308,0.05621281745022566,0.550568385775968,4.03974983420581,1.3566326376806883,0.45356074021644366,2.1819317146455615,0.2671529279601599,0.220134679046206,0.6897207120663185,2.48456175977386,2.433741438815836,0.4603878114106263,0.9720090998482954,0.016460489852783033,1.1371259791983683,0.9634399599909657,1.17660146174018,0.22644320934795595,1.3584811335884153,0.13038125607248574,0.8923395932295562,0.8669948965893306,1.1839282443621242,0.2799429665269312,0.11583908365126995,0.4224172299610016,0.06237545332668093,0.29048894164869965,1.9886207573605534,0.30070061129834946,0.21412874011344504,0.06333128859181747,1.2866209963801556,0.11109554944341571,0.7071531675688046,2.7089116124445436,0.3588456783948236,2.8312504622693684,0.16214997927264518,1.2793986774421167,2.8802404672088615,1.8949123774720351,1.725457025759347,0.9073269687370549,0.7973858543101208,1.8666120090924199,0.5884050756659548,0.750725561792206,0.6563154125239327,0.6174867545981115,0.315281393301515,0.01562995865558603,0.420848776883893,1.1321390595698881,0.763010986768619,1.5690309107714435,0.5408439766035608,1.4682530629286255,0.5497724327203963,0.6015997014472322,0.04917390105393166,2.258606235434926,1.63948603756281,0.6342776036988347,0.14560524950149167,2.7446512532005696,1.7902594238205025,0.35255195631241765,1.4900850438498991,1.1102360565291778,0.4438523091561699,2.9644223718134204,1.075400250527967,0.2770918598433213,0.18957681280401545,0.4594989246260774,0.28120503118500795,0.36291645167091496,0.8013928534621622,0.4318736261838118,0.4034072918766751,0.8883881308768665,1.3906773958560084,1.0131014134006806,0.023662234975403873,1.3302680917877536,1.7075786204958434,1.9653823007565765,2.6433069089649424,0.6559208296815,0.9548705435021,2.361041987195759,0.3414607126978022,0.9091375066526456,0.6507247746761889,0.464687501626075,0.5827411212924006,0.46825240324652184,0.17617798511293453,0.519728068931106,2.3731587533418317,1.150091613330731,0.5078014901668569,0.0869163149956354,1.584192865452547,0.28017545748302697,0.25514572715227,0.4117452903391777,1.0402434072211617,0.4486061194376403,1.4562219800283063,0.2865013123344764,0.3606256397110731,0.5807524413330051,0.2954900565564451,1.1600112071372954,0.1894532622511199,0.5061126413616491,0.4402970053692591,0.59357638459964,0.824362155756196,0.18374776767428425,0.027080675143943255,0.14423670596991378,0.45462307401373536,1.0859704545127093,0.5999299176520116,0.2196557116671624,0.6020056165526884,3.481965480831742,2.273584877687257,0.24965622112610886,2.7997538443993037,1.150202185943308,0.52003766069047,1.6279992720598473,0.7345038839911207,0.13666061669370166,0.5616693614828165,0.28696793747361576,0.3827069117305345,0.3631086828670691,0.03930334280559861,1.9523127456717029,0.2632116300693028,1.747075088977741,3.92935580126622,0.7879633885249968,0.6951765752879111,0.13253268863036438,0.1711682155088422,4.205487345776453,1.2499503827975234,0.610286868004492,0.1790087191652417,1.2176771252399021,0.9213077852661715,0.23521574547952306,1.1631987706257114,0.7369039685231914,1.4170673725630294,1.2540862887246689,0.06475699745188024,0.22858186336788977,1.3118456911709993,0.07420139109149543,0.8002444925057318,2.1431303686414753,1.0706065969259415,0.5844890083979644,0.022876480394519838,0.5684947542741262,0.15478769483177154,0.36226550360386817,0.10735702254949286,1.4102114111847648,0.007906102546637095,1.9780760140110385,1.0816560341011003,0.06047036471715994,0.3887044474618977,0.07282025342100251,0.5074216566888673,1.3099048326959233,0.7839991556678745,0.2840531780163544,1.2859586653587132,0.6722419301955307,0.3390335298263918,0.14321973403883997,0.07128430947293596,2.1782840156607346,0.37829705069740494,0.021197966263917234,1.6630762951765932,0.2142954507489046,0.32803787651411154,0.06990715536149505,0.27729822796228143,1.5403724098232514,2.6129494492741454,0.5207560214097615,2.17795142219827,0.8251222945996535,0.3943808663592469,0.7672955412524901,1.1353586983021042,5.322177323503042,0.6242664427413211,0.5539283897216567,0.6299805664799407,0.872464169695598,1.59832609581623,0.5940731556022778,2.1285184924663385,2.135989514107084,0.2934309815031268,0.5417102578305183,1.161385291155947,0.3212336834067495,1.204391661554886,0.29749235151280945,1.0682568553015723,1.7396547516688743,1.8962824913317997,0.43333621103836106,1.5023172662896167,0.9030529770641318,0.8500847450369565,0.4207679012986332,0.4715967886372724,0.7236330072436696,1.3400836536917349,0.8701546217951521,1.3093246436459083,1.5065692624476288,0.8547690906429091,0.8958195708196499,0.15334366193065618,0.4830644110223946,2.004975765662193,0.6403095648255728,0.6613753312628624,0.6798271899326591,0.5333020978085612,2.583894892482613,1.396096708742131,0.8265165341361176,0.7238061810708029,2.0523028273805126,1.9488947836947672,3.5999006142574435,2.2151568725490316,0.1843520333347083,0.5490437352129329,1.139445397891222,3.441027602199394,0.7245626015442622,0.17641626621314388,0.24008633200460552,0.14738753201011418,0.43683261723491157,3.0910153458926986,0.4908680491908233,1.2472449758237163,0.9211146559124881,0.24637257879973118,0.4656866587954779,0.36569753224083446,2.9775049183991666,1.1894282817157404,0.1335001367313455,0.8720303493584121,1.2188264004207485,0.6091530432458104,1.4906899756208254,1.1932869267977235,0.6223248482835337,0.33151587482584666,0.38380802436523087,1.2938557071158563,2.4446961604486663,0.7499672763122366,0.709330042198119,0.8308816834680726,1.1452196485914614,0.7831998873298891,0.4297674104381448,2.153978552341734,1.7054327891313237,0.5624298016488998,0.21991642038324355,0.33841560393546233,0.04722213024323613,0.17092758960502163,0.44133034639353497,0.8830983004674589,0.31521094892777995,1.0391098739989024,0.7000003894607891,0.08170558468510597,0.6087272178641363,0.2070502031361416,0.4729567902519749,2.4003359554480577,0.657676675691483,0.09858580099386324,0.20047239864528998,2.426398959221997,1.715539440949403,0.24891887560547732,0.7006647381094226,0.9243931312099265,0.7450895795581443,0.10861798265205724,0.3412823700382058,1.025701294048725,0.8734587183602638,0.8412043490027135,1.2093173474439076,1.5398416758302869,1.5567597354121512,1.0432831502253994,0.6539386150625757,0.2814004623731384,0.19800782335789036,0.27931115419519814,0.32120258414257213,1.5185247725902564,0.31724683553847155,2.0204104033076,0.560288063692699,0.387798882318058,0.6131741693152549,0.8018788613587627,1.7171727231344467,1.3243283445511502,0.24250078533777836,0.5665595365389269,2.906427607396051,0.2585323658604183,0.21482012597016908,0.941558331955354,0.31243503597129985,1.233742805658519,0.23427221243815988,1.3349190705402432,0.20084875917754952,0.2084800413676985,5.019801102018679,1.940724773617218,0.6194190440690602,0.7222251812396256,0.23614618304092327,1.0325538735368482,0.616779373736136,1.146967844465229,0.468769049984773,1.139219277766032,0.2534724357276441,0.2576222185575512,0.604436957027266,0.4657041818453802,0.3418558127791106,0.4873638196331752,4.354853415787146,1.5566013920664383,0.13257544967925616,0.9086583118058811,0.40354470385763086,0.20476783299944692,0.28673174642570043,0.06728721249680185,1.2860826123499085,0.9800420959252301,1.7760972108223823,1.0084014488082744,1.3926885485984197,0.48910222978900975,0.19458120444391513,2.688046197062592,0.2874841468401486,0.3396556546515026,0.7607434992715741,1.799676310373754,0.5589429683292693,0.6130612656759384,0.3180577625256418,0.2827864082404615,0.6620214044136041,0.3578323197902966,0.8404102421286599,0.2840147307795552,0.5756999149979526,1.2704747315518357,0.7405482037202397,0.37848717986769437,0.22192351560133028,1.7170737585541085,1.0331616579832077,0.1778864625919319,0.32308454129745445,2.1554965384011564,0.22038599309762352,1.0482071973094287,1.0030679279830657,0.15663493141551096,1.3257335835120192,0.8078357202002868,0.5389558681293486,2.8141021548333867,0.43852594857142474,0.20272842875722982,1.3770190539048386,1.3705437019603424,0.2752520775968269,0.8073748115527899,2.343495306056508,0.26736858803250607,0.25290529920527083,2.1833919876229704,0.579572547747909,0.4960422380049512,0.9287995875908354,0.639414432720838,0.7433266274890862,1.7209366646210544,0.19493023438505358,0.2228503819917813,0.9117265427489133,2.8307361768216577,0.1134677779382453,1.5758960319450557,2.065263299253318,0.09905648283858504,0.4527362997588078,0.5143064773386912,2.982891362744399,0.10736708974036147,0.7255587972007133,1.8855374559226217,0.027740803004145775,0.10423822685967171,0.8303389583938057,0.14523253516993456,1.591326652888093,1.1152797141030182,0.7084798730598426,1.1024245093164458,0.14039687348069724,0.0971866672758207,0.34492198340474123,1.6261458322159887,0.7553693144922056,0.5209672794084736,0.3463437726712483,0.2517222133019731,0.15208820882261975,0.5254167264503267,0.9610063626632865,0.5899043631429581,1.983294242815644,0.5285379571552979,0.18378005834858446,1.5918773637515427,0.22497748449547422,0.38861061474197567,0.6352136333717845,1.485923160512314,0.5114914258691023,1.0490920717878112,0.3776342724571382,1.5979917240784622,0.12231060955940665,0.6476387115057332,0.1586109375162406,0.1929975224083924,0.21046377330967944,0.14912888527095047,2.338335750387394,1.966372405127571,1.0568888397185068,0.35983884950644174,0.8528653331094938,0.7680325774972538,0.5989486313159396,0.8972932937512001,0.3404572557244967,2.692815964519247,0.3847544934508999,0.3418975716183156,1.2065092241218425,0.0979632557301725,0.9038381966930527,0.5121551417253746,0.45382965668671804,2.7293507249463884,0.5768732458850494,0.3805003733891055,0.09519899888492284,0.9670754586816948,1.2223293984767556,0.33273727681392967,2.6049716489149226,0.032221110921419216,0.2906715944564209,0.825645256902192,0.6167585703569142,1.5625361418573969,2.3733495140081873,1.2998557978189829,0.40307074886816524,0.18834950265917927,0.22083295380966472,0.3128105328913215,0.5417964415862693,0.20645213902906856,0.5882530709756784,0.6059315998346206,0.9273519206002094,0.2891251374458492,2.357518078696044,1.240108940250987,0.3376083277001517,0.3469858164398336,0.34439394809957624,1.6581435915694183,0.33384718303698346,1.0616580064128764,0.05620575516378823,0.13523323900885398,0.770307634940326,0.9515970273534584,0.6087970632677044,0.5898027581423487,1.3817929770941326,0.3908571727790776,0.06845008646858952,1.2672370576482752,0.18659939078658244,1.285350978349166,3.451114392358707,1.0513503170076228,0.32788071661563845,0.470703706805139,0.46907885220959744,0.8904737770192834,1.1093464022018016,1.298604428699975,0.468500131670213,0.05620843568560385,0.9483791946509798,2.1623154748321034,1.8202716507625198,2.0312037055104493,0.9103125748958464,0.5923801895969363,1.7302909329114027,0.07694387435266781,0.580250278571305,0.34986384833017886,0.4336395022031807,0.4642574331474537,0.5419931089680683,0.5087280526666144,1.2774936864938606,1.1702229840512266,2.4498917486397547,1.7867748922134457,0.07986652535566874,0.9594860732988659,0.4357015283559502,0.7645891664225626,0.1809760230391183,0.49261171619514665,1.0140874871448888,2.6551150029951933,0.3449677803955734,0.07664420869860855,0.13261907522442906,2.3869561392243503,0.4163761853354543,1.2516863012184634,1.1787516739022366,0.588784864697069,1.2587746972715346,0.06362423337014755,0.5788351950032986,0.7675101862218743,0.4708155645535508,1.42644306397073,1.2290666472956526,2.023391038372349,0.10855311549968694,2.7778260466810796,1.2271847424806381,1.2049641101038624,0.511071612649175,2.9074883039744144,0.14663242112715674,0.10916287263926838,0.33105952378168263,0.9693141262401157,1.6246449930778288,2.378686738920032,1.39969430018544,3.037070355610382,4.067046216164351,1.8938552426014652,0.469947050274123,1.1025746832806322,0.3053646903648245,0.1876903371309186,0.6452018803076057,1.8904024001261073,0.8720062062067713,1.0816955777517192,0.4454113162493001,0.45146988398367927,0.9077640689569106,0.4002324866164448,0.6158548166452325,0.15449539803061918,1.2086258337109128,3.2345034104656154,0.718475043896198,0.6420572994492049,1.0445117335230811,1.020036032119203,0.7879163043266253,0.6193509644825016,0.3646857952027638,0.3861027192858112,0.1901954502889177,0.3872520583038784,0.4500994596962802,2.0680158467488656,0.17953659925716092,2.0917860747717274,0.41325642311667554,1.211497128264126,1.071624284602848,0.7096071001303738,1.732997795601987,0.9339846619890539,0.7823440020937495,0.6390013049126555,0.2201872747440291,0.808148170936477,0.536186598640526,0.10249066234033655,1.061569772021638,1.4641947677565736,1.9788963495991514,2.3580122956707754,0.23706950540161864,0.09815787500334724,1.142554575918023,0.2140363425641647,0.3636952945509082,0.832034421588633,0.05635155161954031,0.33792306594623933,1.4877530680120763,2.139079259211074,0.7131988186323424,1.1365348077473425,0.05352619441814799,0.290707470151393,0.2785106099159328,0.3760986830428573,1.848863401374268,0.13263900579029853,0.15862274239108198,1.347904829303321,0.5122589011387401,0.05266403750162352,0.07758012620117083,0.6853678799875575,0.1533020053917284,0.5841056667770744,0.5044650912661932,0.4419058158856376,0.12070675261086622,0.2426352655244225,0.4350380345865806,1.4450475578982054,0.1254218191109617,0.5741819041146053,0.16138348496495486,0.1482315631183751,0.23734284924445792,0.7951723591106815,0.7471103385104435,0.36196936712325817,0.18660161186736646,0.829623219114342,0.2370887419201104,1.8379784902127807,2.032456836677101,0.6293568741391631,0.2757356682163482,0.5599078244365729,0.762805601064811,0.4427894902555378,0.39713275933309494,1.158388091361462,0.44966404138301297,2.389797777088896,0.7711175987583588,3.6084576939516833,0.5032612106232646,0.2057447298357764,0.306381403135215,0.7485086392893292,2.5125783622522615,0.48759691085272816,0.534064100565554,1.3108449844114434,0.6336518007762851,0.5021616350972435,0.15225827244616685,2.1557164481659714,1.881945526370457,0.2842938990853361,1.5868583109736378,0.965026917129363,0.7975146481356936,2.1818267496482524,3.409580352443114,0.25599547104991344,1.0100138644963168,0.8776961949268416,2.49090699546129,0.2698986925140934,0.540214196894205,0.3915263971565486,0.6329506660458397,0.6511436767593817,2.2669643809263573,1.0597429242091476,1.5832317503981062,1.4393266958612556,0.23665384887133972,0.6519979510722398,0.13303940403821074,0.8685100868684601,0.6231236438298853,1.4247894465673263,0.19856364455101658,0.2899074070951708,1.5600865476813512,4.390034589699337,1.0418923017275938,0.7213895500642471,0.9165483769638694,0.27088682095371724,2.1508673832548104,0.22511478422694425,0.7003991500364113,1.2299437648482785,1.5006832721730208,0.5450887820736646,0.20303696376275526,2.236300250989642,0.4794700958859382,0.28813216700612176,0.3813831361835859,1.9244920357075164,2.0832819051705496,1.4508101681577323,1.1823766403503448,0.03816172139982715,1.6162411153534115,0.08961792926035006,0.9357709361285471,0.6569111540945387,0.979009643078906,0.671199318365629,0.5714265283062023,2.2567632646444586,0.12408162066427009,0.4500181140854437,0.19667240891809445,1.1057778556897901,0.3645208188509913,0.6703176812377338,2.539217489320027,0.7636067080761344,3.079278749790447,1.1482054978463558,2.069362596574066,0.8156126201784559,0.44937769049348386,1.5160572185331376,0.19561628587394583,0.42167936184393495,0.13641194727592076,0.7965510653960666,1.5925903827532402,2.489195474194775,2.099316733206604,1.1935439513883592,0.13890556440641322,0.8729765801927751,0.23533937086434087,2.7444100271591916,0.7901604785940053,0.12466096539587385,0.3867409289068324,1.032308568304009,3.560522677644384,1.5722329346394313,0.1967951882313031,0.34090348763772094,0.5107278363297609,0.7012374531022469,1.0539738311526463,0.6588001442157818,0.6221336099611324,1.1780716392849737,0.945750320419573,0.19667872592481714,1.2252312151138016,0.6132516767308178,0.9342039389079999,0.2460692606370044,0.6281863937835596,0.17851030995291542,0.3046045001558827,0.2008711581707311,0.7144706888856647,0.3147708817823154,2.3673396608520445,3.0488152633013486,1.0949817176667827,0.4091060456637019,0.2098047797615304,2.585655475533814,1.348244857699747,0.17462707014167766,0.5883758168823312,0.5309410821642422,0.8679712312779184,0.5321126114165091,1.3230087792256522,1.2182749036758986,0.7072088621548436,0.06637085037496884,1.4972440665853748,0.49558532381200593,2.5470964904620836,0.9239927240235095,0.47700752026846,0.33245195990095994,0.6059133406335655,0.7167585586604439,2.072412056598825,1.9081695982666516,0.8344364556343234,0.5886589226026424,1.0534776379372015,3.3668763488121476,1.7062244469699743,0.5800136432475109,0.31827517818659257,0.9784413699786836,0.1636438155778832,3.762074835335066,0.27595405377285,1.2541986909216263,0.22986509177782827,0.43809872723473764,0.9766012821389727,0.1682032462719848,2.1877115535472424,0.159240315820325,2.307937071571726,0.1869347777509564,2.110058680559048,0.03024240924700186,0.27094724712282126,0.9200845018160398,1.0286402898277933,0.4749667968428211,2.059246953890029,1.2837658773944094,2.584755095945302,1.996703391819914,0.7151402903975116,2.143770826545175,0.1314673143852462,0.6272847934324624,1.2195761327600465,0.29074948703855713,1.2600466596571978,1.030061528675887,2.293940470177192,0.5727237410749082,0.8159946024191775,0.860722138928671,1.2803451084616257,1.890176766369596,1.1612149429859406,0.4990794453295888,0.4783094935551344,1.1174045652379132,2.039448064750894,0.931753991494946,0.24059881818277962,0.20598080102753213,0.5545643869915452,0.8696972652219379,0.6941649670447423,0.1942873539534289,0.306881474087733,0.8480872157233181,0.06856356241297057,0.31374324694751055,0.48978352294146393,2.892703133656266,0.041317506760046696,2.4628374111854994,0.4208898808162449,0.12744010986751764,0.671055500632415,0.39723249281166284,0.4295426173706173,0.9293882932026539,0.8576486861637277,0.21946094960822915,0.8920040405430387,0.360672728109923,0.776647035764638,0.31018475881140106,0.28374992921482556,0.6409733977663751,0.8305166077447454,0.7998045730515518,1.6359461759988807,0.25286911829934766,1.1231306612490723,1.3291765576648775,0.6789097455183075,1.4530992090351238,0.1578313373400174,0.34742191634383807,0.46318301993582756,0.9901771211840636,0.2795835525047119,0.2663955829998367,0.08916858133539807,0.42439525705687486,0.1570975970008156,3.5964459829476403,4.098867551658365,0.24534800337565932,0.17315546661281542,0.3101718896589821,0.8079811756208409,0.02851751610422132,0.6261663117886074,0.3608748002951783,0.2861170582597226,1.798239824415975,0.16222224504632943,0.21628210128598963,0.019199208981401913,0.19437581182809857,0.2988930856531751,1.1992078214233464,0.7567743848511359,0.4114458604905218,0.12821594177322582,0.5317605396376284,0.1438352652778746,0.18820217937832906,4.029673778667886,0.6600633383747614,1.1512236455405547,0.867384615653698,0.22072177647800822,1.1627324990051162,0.20043470177351208,0.5421405949120253,0.2998307853204707,0.030908899056283134,0.7825220681534812,1.255633690710463,0.44197646865700607,0.060769045905891605,2.2408329248865013,0.37603930102559135,2.204014154141019,1.7848645794469467,0.49994368220771146,0.1734666782840573,0.5472902123449557,0.45493595257928326,0.08027508002937289,0.12525072224161304,0.8030380228661392,1.6294055542539931,0.3874940279049922,0.7146541773637968,0.49681302363136737,0.4373806857608673,0.8874626925329072,1.4729628434455238,0.4102977892535432,0.429354528588523,0.15549174328891574,1.1704433116784436,0.27275885342151696,0.8261094160103764,1.0465543998910212,0.5901082505207795,0.2790351484922169,0.8570287741330604,0.4687490001541317,0.7486440750969687,1.8745164157266847,0.20018054835828192,1.170429500383643,0.8570096285918083,0.18177686558429207,2.9053465149088216,1.3650774190090018,1.3358672569301504,0.723780636019225,0.4665569109859319,0.04614194606885558,0.41927769596650344,0.06828394978125482,1.3426402667585169,0.08732718520078953,1.2483847717775225,0.11437145264027743,3.2733904447897566,0.9834968638040592,1.0982064969763052,0.8089506167774239,0.790450996124769,0.3982093667315851,1.1152841968378295,0.30867821967914055,1.1999687666832777,0.4100391181642716,0.12763038285377415,1.1218490020874787,0.15548579183090283,0.6592397951128405,0.14028167374056727,0.21873139055131374,0.5882964773979541,1.0734350277341056,0.9026072018557779,0.6368233674040165,0.6306186808296275,0.28479264506281465,0.44374873890180755,0.32530083442786234,0.5481457887145416,1.9896845142080333,2.3401302391329155,0.6683305313851833,1.4765258259155298,2.050010167691184,0.4461170561975344,0.6540739376660107,4.0440461450016105,3.100030093704716,0.5817328722767978,0.34323417036328085,1.153348791779625,3.1702253094519146,2.2354722282763593,0.671329801694364,2.6494813129201265,1.1545291632272447,0.3221329322698868,0.7282250775175633,0.24887584596924273,0.48488510666376167,0.5190353775971384,0.5393196749912121,0.42951270068035585,1.5941716379024227,0.3324012208497927,2.056517845064367,0.5072674587557735,1.4374077744804254,0.4179871365879997,0.5759894106945229,0.6223837194464086,1.2640709787405306,0.1823474589881153,0.29172506771191026,0.17020032367882798,0.6797371629598463,0.20337288952901023,0.8949113959376979,0.24465508754197773,1.6736310685562676,0.7099454636182178,1.383322908115143,0.1240955221896608,0.04659734579837249,1.7053840445023294,0.5696679960779321,1.0273545529352515,0.8130235325271578,0.8138921150775769,0.48969606818320743,0.820778497180984,0.16002595491548044,0.7413793052119407,0.6631573906955446,1.3258717215226885,1.1956524943313473,2.8186318485447535,1.1210305283618234,1.4197940010876615,0.3113046605676391,0.6998788701693628,0.28855532786360555,0.36548145948081645,0.9049813873339821,0.6462268222856407,1.248111272129325,0.637428624274438,1.885041459361959,0.7893693389928815,0.5555591495726778,0.7275729913915081,0.13328805042132297,1.281179658292013,0.7655769723667998,0.4564417066489309,0.45403570910368396,0.10910717429474598,2.7650257532519005,0.3651924924595771,0.2052297791682648,0.7635991222638852,1.809976174312167,1.5796689370900663,0.07585568699769818,0.40214567948247903,0.3258986141395703,0.25444455602292865,2.911736348440705,0.2080472685596862,0.7971674957748572,0.22345535943885086,0.7692332988261217,1.7069486015334265,0.8795532467625765,2.190246881449178,0.2266608671745467,1.939710301329242,0.8723182016984481,0.12085490875806926,0.2961160035809181,2.1170106346997604,0.530921303017077,0.7553493121540958,0.5535392365495736,0.366595997650913,0.2578066568919163,1.9147000872588382,0.21285421705424667,0.229473253076649,0.7249960236195987,0.9015332790438816,1.108152110357572,0.4296692764955523,0.08194140413436568,0.41319178983469085,0.7514492643403053,0.527799796358239,0.28456309879858616,0.5868528934919656,1.085665062226623,0.3113498106588903,1.4112520050856188,0.7023232158804832,0.6218552427407911,2.24721531674614,0.13382049778556943,1.6723292088474235,1.1943387292017806,0.7102881995807548,0.8907783499538672,0.496501548901943,0.30353028216195,1.191937679241655,0.7042181482563097,0.5036883504082572,1.0011832705969117,0.7434523409112728,2.5861563471332953,0.24773636128469922,0.7956279546508335,0.721228718827853,1.0050072614627394,1.9606697037915162,3.0656547660402067,0.17887423974711375,0.555597123900867,1.9480033160086943,0.12953553841972676,0.4532457191388052,2.042042597320795,0.9175909832054128,0.12905886324627483,1.4344236492885556,0.40144490719772796,0.4350488233784444,0.244987965262895,0.8053744574103141,0.5508047153941498,1.138330744953459,0.4235584548901834,0.19927290948885013,1.97533421454568,0.33213590350874955,0.4579442411873743,1.2171281633534694,2.16185092454688,0.20947564965160925,0.21827910229097514,0.17238013941236507,2.8260977903862696,0.3061294284873478,1.7297705944829367,1.9450247898234054,0.048846480433338835,0.23502586390544944,1.2535547470961963,0.5293516160544756,1.0532228622210198,0.7801958292628199,0.3881308892598548,0.5568677609299114,0.052781757968529686,0.5643800518931444,1.5572711972180242,1.8278313187585962,0.9280357522489805,0.547248044235499,1.4226324399686794,1.3685475192913008,1.0370585036994984,0.8570142419363307,0.4036504525409635,0.9564953206614717,0.3782408315823643,0.18118160412947085,0.3223048405381832,0.8305888676125784,1.0737326854989833,0.2109354738357202,2.422421479660195,0.9718143952363949,1.9440954789361389,0.07930740889713878,0.12149593557852334,1.2118684181374189,0.43232856264060426,2.986734282751241,0.5363848820992295,0.08991451266708883,0.7155444217946448,0.5416870537398055,1.1286166119524985,0.1527770004582215,0.5813134608128926,0.8942931410957425,0.707913345005611,0.0738330539318316,0.943007411586598,4.041362778431963,0.2346525806922576,1.1231236888453786,3.009712705342049,0.21455535950421267,1.6960743398727487,1.7846868009967283,0.36501388258035994,0.4844468396735387,0.4357865645843204,0.46348329463231464,0.2443614493186115,1.4079247065014096,0.28753867112160025,5.7995546845024215,0.270343026835381,0.637731384590384,0.40464956320951806,0.42355055226434724,0.30111353910609856,1.1710134569507997,0.5446720703858888,1.5384644993997716,0.7587855313437986,1.1657407443349903,1.965312473137384,4.188368234079443,0.8919292623510608,0.6760439455841829,1.2498244240207894,1.202150518912297,1.4806561052858869,0.3429353423451248,1.6937054695458396,0.9198714794124815,0.19866430194423923,0.5140726288717085,0.92719294972595,0.6937753341996962,0.3593125683401233,0.1394445544880505,0.2307316429445052,2.5948325672976846,1.522675009979999,0.5364920749472599,0.09285574519240564,0.24965783879613979,0.8957576145333472,0.8767929685255114,0.42397154406609394,0.6233585983810842,0.2133007699536511,3.305423286420836,0.41015773615824913,0.684686317720994,0.11913078408511266,4.684528336196864,0.048682051417126324,1.5254370301406563,3.2786585248201745,0.9538074152229659,0.4734798774325183,0.4363890470255257,0.75756088056028,1.1152866969734845,0.7528577220001891,0.7380268553214053,1.1736977725149345,1.7126667404963363,1.226439664459345,0.4390000006146887,0.6805093502651439,1.7902476263747464,0.1616438080663325,0.05716382339306286,0.4105737856644307,0.11425651225679412,0.7408340588954019,0.23051680343829678,2.6069419870089456,0.9763190201966436,1.8585378953921206,0.5719303721636017,1.8057561125064867,0.8387612851210802,0.0958238945020517,0.3519906236814365,0.14414059301982252,0.16825671737642234,0.7815704590780592,0.08709855814931,0.555652399032486,0.923594767335655,0.848521398081469,0.7929648895543773,1.7263020501302562,0.5207282500717818,1.5912173289246951,0.45690274588615165,1.5843710336663899,0.30689707751070117,0.2658580735492029,1.0247349412982105,0.6127205029454923,0.1425563075516465,1.138295504466286,0.2819008574339733,0.035309657428341135,0.6400899407649416,1.1289664959871426,0.16953402405580853,1.6883374009635275,3.5844920141075036,0.17843686734109254,0.25636122810413403,1.4406623790845545,1.9478331716693005,0.34345399335589843,0.7081130587480633,0.4364431992336806,0.15293233782450177,1.30913260744025,2.0244130589967546,1.5090109860463743,0.28493966822552175,0.026208131518723254,1.0520181435325653,0.05248385461165611,0.5865243291972617,0.5142209038425245,2.5867326784646942,0.792766542779097,0.445056014166901,0.38568965851240605,0.25647784135779184,0.5612567476107602,0.8969977007970023,0.2730411746524568,0.8956747992555125,1.4216229249558916,0.04206649600015594,0.166352110852393,0.5163505556104938,0.3698745472257612,0.7528766830354932,0.40984083827903495,0.18681752275351693,0.062005499449920454,1.100551270656362,0.13495693343398418,0.8356993386053121,0.644373418567429,2.1783301225899496,1.1745051887860718,0.15241349790377082,0.7066024927315958,1.8336382345350866,2.9318469241231484,0.3338632515921922,0.36371342389702016,1.6538947480751405,2.172169814706882,0.12279959264044193,0.9732820294389504,2.3813261889058115,1.415967377621242,0.35206856160458133,0.18664363810747284,0.21852638882899655,1.3687493709671315,0.6692922218922646,1.0066975492196875,0.7797889913882787,1.039466175613041,0.7740988757177046,0.4317712806298575,1.0668077829950047,0.2629885441395849,0.5156583045347489,0.13822175072015752,0.48560772671575797,1.0128641173265331,1.7470241558229853,0.9391762582890514,0.3296697341426276,0.3829415490697399,0.1725282785386436,0.467741551462669,0.38070362452447293,0.5429170102767589,1.1415812163388035,0.07317878279183704,0.2794751831165519,0.38660566692262877,0.9161807359266647,0.3979302342731607,2.2703069549866814,0.4511357834606977,0.0744412867414066,0.25362634721747634,1.6907957383318393,0.3952972848365578,0.36038643851893726,1.4261447490535,0.4718144592124568,0.11552617649535774,0.3248369994079894,0.12081801161366923,0.48968584372978874,2.8141000695033482,0.48989372379673823,0.13209877477281307,0.13174551736094534,0.4996775245076502,0.7982236888638277,0.09613284763838827,0.6080368441757986,0.34899324439769247,0.19055979360172004,1.314841518734301,1.5564905737611545,0.39293089929433933,1.0024129590720479,0.9583828439999569,0.15167893575051328,0.24772100103168915,1.1814645190376873,0.29298292764542877,0.0866926849610827,1.0352590583399834,0.3979214192535702,0.8872443116137863,2.462033657415331,0.6519923072149034,0.13135701377823003,2.828457783810307,2.003775564730956,1.3464872467951663,0.24063839005884424,0.43740549877023976,1.834410516879197,0.7568184204570376,0.4277341827976131,0.10281561371752768,1.0152257043768012,0.6662904792900848,0.14379083284971939,1.0362245066547842,1.0276241925158147,0.3125129956258774,0.0097697421809253,0.3487375572319812,0.3717080786712461,1.6794877680143219,1.0507252233727185,0.4525269515253979,0.19060713156787978,0.5021823531033076,0.6735467531268131,0.4072009762201356,1.0116368977350534,1.7187155575783328,1.023596281586524,0.22264802576745368,0.7700526230861814,0.4870812455243678,0.41686989876327973,0.5172491389838982,1.7921805972803537,0.4123090119547486,0.09486276619712078,2.066718013808848,0.20992855966560375,0.288665023370861,0.5022651297168064,0.5932191743726047,0.08788682064767647,3.132383716925247,3.3280453385543036,0.6600109200741172,3.432828769848597,0.8735303338275682,0.8881185289671985,1.5551111758898073,0.813243456220263,0.41603331406354266,0.2352199921774754,0.2221505497250169,0.3187608412767362,0.49641654983442896,1.3103918262328023,0.22469483824112813,1.3277008925875864,0.057207998037267505,0.2184899015664713,0.08363458694442566,0.23552084600527823,0.4863884214744776,1.7306969713003764,1.7006551928940596,0.058177960974592824,0.28298880454481257,0.16286961249080611,0.5193062889105505,0.31986322430219527,0.20584813654980794,0.8376411640645968,0.36124644031606384,1.1337761619778934,0.21458048626638226,1.0211618138246537,0.6901161882109105,1.4173099708885464,1.655157583168387,0.5164680799446713,0.09272116739402145,0.9724675507856991,0.29093356293188066,0.5585444835793616,0.056351573694993995,2.1783673081561226,0.39210891609847476,0.09132335931335966,1.1959158309115243,0.8452661690960793,0.05987274145468502,0.39832132128821685,0.5806070895505138,0.43823856296582897,0.24223604423537437,1.1299562527051459,1.3487762520118967,1.7202798456230244,1.51000471044595,1.001556740563387,0.14143568260605716,0.5231964822661669,1.3855246756219135,0.5636265031872938,0.9463478092465278,0.1438020343213165,0.9445951808767745,0.6774250385066451,0.43269084095281896,0.6311226270897091,0.1852923698120032,1.3279894921058326,0.22316561187856387,0.744115028489622,0.13551404810090117,0.17200718101082757,0.8765729739525678,0.30996826149498435,0.20363118425959095,0.33240057184916566,2.4922244888722345,0.7312309052900504,2.543985747384997,1.0431106556197058,0.41435490166427474,1.9803223355454134,0.6193404779009628,0.5837547262944403,0.9968700489806077,0.6839621247440478,0.36255844976600393,0.19028832246329463,0.8819750953911949,0.09911807677336659,1.2697890876467233,0.7203753135223736,0.7927470600213627,0.3932078482171728,0.3051299974042456,0.0810029926517841,0.13623507136775614,0.47910788486066624,0.4936018522782474,1.178692608082368,0.8131587206994071,0.3306178703044051,0.18170958943058613,2.0181717300506885,0.27343377812862424,0.38176389028033303,0.2715525420880347,0.10247042405345042,0.9318769242422265,1.497071548941804,0.6706183025595536,0.1266654362594417,0.19761982651850718,0.551290018648128,0.10532507908678951,0.9546179067023348,0.1846968007543235,0.3574654375009946,1.1178138635764592,0.5739745940678969,0.8970362880666274,1.1105670778058043,0.13421604484181437,0.03527093169916529,0.2334925449477565,1.1164847198562047,1.3251341286693457,0.17570509764924713,0.22765056048713178,0.5189461694198544,2.207300813938455,0.1361996283919022,0.2772056498626459,0.6616402848871633,0.2785279263365465,0.6556494336174675,1.5518108801761419,0.39763924998477096,0.22153680628246053,1.0194148180212026,0.20175815064987315,4.585724307975719,1.7089418572305979,0.36214118358956204,0.543005646267666,0.3632902274044747,0.4900227255029587,1.215104770327578,1.5238607445884258,0.8327744391859324,1.5421482340167663,0.7960830131810412,0.08661751917704641,0.6500932989916359,0.13912721480233703,0.621410655910869,0.4892066001810548,0.039483100076845856,0.1621142126684718,2.649834553755561,0.6180283848016103,0.23422408448952048,3.0024335195583722,0.09324102230535958,0.44576448196203833,0.23318951271660815,0.8600173656955188,1.299028739812257,0.33108106430726736,1.7476846774285237,1.9982568514682773,0.2733886667356545,0.07087338851844072,0.23182604306118695,2.8495048941255225,0.6482901036267308,0.1998479044263916,2.8312029628493374,0.07101125213235887,0.2326976112523652,0.4693631889198001,0.4270841754216901,0.31376308284003335,2.5748796381011743,1.8068801179814762,0.8786663772680493,1.9389376459580858,3.0049797787027765,1.4117629393774247,0.4507111804173385,0.28938106489973037,1.0160332688468616,0.18222897596138732,1.1480058241662432,0.9367133388738401,1.433505202150354,0.047865665576432834,0.31042762235359195,0.400139649008073,0.9316712793567798,0.15934101024199654,0.9672587112579336,0.6427853916293543,0.25792258762836173,0.2784323379300766,0.7510779411399382,2.378509150628721,0.44072816853066965,0.07778367722756263,1.2666277725704624,2.211032721384212,0.42712543016272975,0.7541939621647145,0.5837355626549563,0.8610144330451384,1.6456834475713036,0.47314017104122064,0.8826267834014706,1.7632569412841428,0.6663671828061328,0.1849528190160638,2.2130537969527824,0.08064416662947818,0.8983178537840999,0.8957672034020702,1.0082618517462232,0.49404368861446896,0.9131583977114783,1.3553041586475292,0.18865682789913996,0.1757459660847004,0.18713956908430207,0.8148375172427912,0.7129525807373595,2.2555482529955913,1.036351948021488,0.09019356299548775,2.4119240284066064,0.5273474223490824,0.6632470119582521,0.3069701798062345,0.40442286377315784,0.6273034655873393,0.2248457417722166,0.8227359976455492,0.8680090425289033,0.9761540894639489,0.1799454113293808,3.023989505501179,1.361128600436115,0.5465601705471508,2.7736115394501177,0.0750280242269781,0.3968935163665711,0.42629144456784696,0.31732488621936705,0.7927830051052355,0.25084695211033736,0.8125882552856627,0.9767864503623109,0.17003116831439558,0.25902806776590004,0.9240201332643281,3.134592346179603,0.17240444669944,0.34354121241206886,0.4623812217293565,1.2905138225852921,1.3880170295118348,0.07554652638411907,2.3661156251173256,0.1963431110714995,0.38781202869677195,0.3559006964426304,2.2321633049370626,0.1646787041475892,0.2361211641338068,2.4057767035259943,0.3885196333378963,2.0887596056856963,0.010760335605822124,0.41196404023893923,0.8807466900342678,0.3534195714892799,0.5638999698617392,0.8134388524768796,1.9502091377880881,2.143901958854189,0.3613008239561548,0.41540855387431797,0.3318876084214551,0.300265545476731,0.5311085325599797,1.6798620948469936,0.4452190173104511,0.03130945430110266,0.7051533407879742,2.441401512360933,0.1144593235230984,0.6219475440962219,0.1960118434013265,0.6776442410094347,1.2323819688528799,1.7519329779746493,1.1087848656187889,2.2925883832987575,0.8216356426438098,0.4291964173617757,1.9592508661169306,0.5633138053753994,0.10658634688772173,0.33960716614214703,0.9787908231621207,2.7475989282324615,0.4635187439732512,0.1908737426456656,0.4873454716899565,1.6104198668418939,1.4753048263607076,2.0117025392382644,0.11512773405027821,0.2708120064229764,1.3941188505579671,0.060005597612681344,3.0957760578999474,0.190040712293999,0.18246807730208475,0.6344686393685174,0.3742258445092467,1.1035241666755915,0.5826152028209209,0.3118506700572611,2.3588447172997524,0.8750627089447264,1.14516199529025,0.8314121687581174,0.1307130122581161,1.5194903193523708,0.6675064261557383,0.7082342331307834,3.5347501545328672,0.7475914092780607,0.6026561394979916,0.2058006141747551,0.7964813847800795,1.1211735765316204,0.07953990374256273,0.2770744472335209,0.9491376666908815,1.7378683837029194,0.1335911875917286,1.1642670300442963,0.09299167543222031,2.211612175139999,0.26038351891923717,0.25061229126329976,0.618555231109317,0.42305168438911395,1.5023902021170688,0.6311537323136257,0.05531513775034802,1.867580226621135,0.15741107737486124,0.2002762353190114,0.6148436295747274,0.1895873978365863,1.032791343239679,0.10614585450571434,0.31858070913794584,1.3755509779620976,0.6122692511466051,0.2629775496944229,0.2872620707216068,1.6309471226655445,1.3968090362476477,0.8650855938294105,0.8557132985609739,0.570616422054933,0.13520962524780034,1.0003996124778314,0.18202800150365017,0.07639712586002423,1.0937829038861024,1.6704514274342692,0.3012223903363176,0.1858455473905616,0.061660624458456104,0.8807046873769611,1.1615008527785156,0.199925433277495,0.24515731898932408,1.1453984716480528,0.7273081513306697,0.28326111149884037,4.214120095046295,1.5135404182004721,0.5162146968645647,0.9343231279275157,0.8068695856393376,0.5395157167331295,1.8112001246028662,0.46105077275541223,1.8991029709349339,0.21974165815999247,0.5833953494883455,0.3922520162895414,1.4900258688791528,1.2481434778262992,0.8742963368203388,0.9688138365159027,0.3198979742816501,0.27443036405078003,0.4187985563430474,1.424859457494703,0.9769676163923734,0.8003685267426708,1.512892292033754,1.0056010355665062,0.052047947767665526,0.1320897159531091,0.16701867511972024,0.2497340963221848,0.4640328764808688,0.45522618367212075,0.6634180918317599,2.0416973610491747,1.439430657851095,0.775340650443652,3.2306374365245105,0.06982462781297094,1.2477573066688028,0.12517011890513974,0.7887702531845557,1.482550789603726,0.03357747411163206,1.270438849564261,1.1725093071861301,0.9854201535574777,0.08835342018477876,0.36218260812231384,0.9834523972603854,2.125698533253529,1.1071834731975394,0.13443543349337994,0.32890208703688706,1.9282677578999754,2.298441571163656,0.08662664789034691,0.3373906338848278,0.2857591470190919,1.5017742664694556,1.073168057929145,1.662440298493951,0.3286788519266922,0.27272296525753004,0.024264623056846624,0.10897469006171134,2.247998002504092,0.7998450966270652,1.1069825371012931,2.4019591697833076,3.924961825438575,0.34661705493175177,2.1935037343960397,0.6302654137838908,0.9854821599006753,1.2207589709116866,1.037707921893458,0.9298352668861861,2.154008527294725,0.6369742947554191,0.7057942567804781,0.7632093645539917,1.0927608941021272,2.1772671389924527,0.5245287220401886,0.12548240954290513,0.08762314517233255,1.6861233255902524,2.670637352624888,0.16765839718687792,0.29112021989496606,0.7403548795949073,1.2715296077601594,0.10422955786616533,0.1249202953795242,1.5441380555499864,2.0009014989069764,0.9872524583411304,0.7479647704725123,0.5920834733738227,1.1347423312569795,0.08515724843522232,0.17292359774793176,0.6133602703843883,0.4190347260404663,0.9293212943315683,0.09663158886607942,1.2084042993738868,2.074503808428714,1.3931088059449228,1.1224586527535796,0.660268085793977,0.5145508701732597,0.7982838859399366,0.7987003989422987,0.114675719521661,1.2798357252281698,1.2491120569046568,0.23360318580770045,0.2873050293276842,1.5393255119765459,2.682948146357611,0.5217803686707292,1.4185962708188882,0.19874693896926227,1.1768745076463407,0.09447889285890687,0.4219459232557964,1.328364320741372,2.482324570168979,0.2636894435775534,3.675489990514464,1.9413388319283322,0.26512686501355687,0.04598425211663959,0.1274100504916892,0.3858576699837608,0.12741279535993233,0.5073677593196512,0.3095107018727229,0.18152717059784837,0.9893805167017532,2.1591265760806997,0.889693789242392,0.41952396487858223,1.4423604715217064,0.09925337189081179,0.8890648247710679,1.8149625705497217,1.6417747474576423,1.0138582243227612,1.8801933234688142,1.085729364100019,1.5126071441090643,0.12517872282799714,1.5372213666772767,0.5570772656976828,0.5978541583776233,0.23573526663588695,0.2818959657867368,1.51173311541949,0.17563902669454357,0.1820400325690925,1.3149921861246603,0.1581713207535822,0.21064548561896024,0.48182808220141254,0.7709140787745848,0.8797221328085909,0.4956140271389199,1.756568927866091,3.3849615576277587,3.153266164019977,0.36498801473996695,5.6075807742434565,0.16280682665559842,1.2004805780052972,0.09528804590608003,0.3031899785030575,0.6395642639850355,0.297685696763254,0.9986454684257785,0.4111193393279624,0.48475626304823843,0.48860851647913905,3.7204056515926083,0.6375863155157021,0.4705688431135572,0.1631974985280018,0.8757955162360929,0.17674856774903508,0.3400523747101645,0.2037432277092937,2.604974152479022,0.4397784170001293,1.2530398495420134,1.442663119950871,0.8329656580533678,0.45690959949330257,0.47217631805297555,0.8779210074151564,2.953805139401609,0.20702813558696564,1.4217673533396693,2.158758662602595,2.3097943300519406,0.9790145680535258,2.141404378447101,0.9429669465798931,0.4575588550436335,1.1356004388621561,0.4031066466692489,0.3746179656015459,5.463614796071622,0.6222843005457698,0.016692149506143866,1.8227020716417974,2.1412446584770217,1.2083790329681952,0.3476940878773083,0.24712350584970677,0.44598755045416866,0.2195185500328828,0.23917131631488714,2.5879186386091555,0.14497507550500421,0.654121237164597,1.7850659570003053,0.7372396466294137,0.40830109322614866,0.31296140848612786,0.08406319488626418,2.507433408996639,0.10531292852381635,0.47095188235277363,0.7497947921866668,1.2847945507876664,0.05714223507096272,1.6370695655812046,1.9257429833643955,0.2477988767710819,0.6615572544951336,0.19384282975370734,0.12348490740861051,0.021695108321914264,0.6256759357236619,1.009029510871719,1.328888971392745,0.06266004283341234,3.221579963617554,0.7527260199656987,0.8673249243625147,0.3187708502738886,0.2984282097261415,0.22838333215885967,1.0621379443447192,1.6255840069373664,0.4320475588817189,0.1634814051158031,1.2869118268828186,0.693254332881224,0.863178378002362,0.1076691294315203,0.12942405755269093,2.90740961103665,0.40408566501098786,3.0245154945627393,2.869474168655439,3.0965615102416013,0.8895179605491963,0.4365026128979831,3.2744608296095787,0.6388551530924707,0.6374938552129654,0.9370711742649371,0.04948191905512789,0.15867748102113732,0.7240406527931675,3.221410495762118,0.11641625859580162,0.3372589693963144,0.5227774952377277,1.4220957341015772,0.9022773860664858,0.26699113833844657,0.2099388969965424,0.2519513270406236,0.25547734049479476,0.6546868366788668,0.6395443387368971,0.23694736056212662,0.6116375897274542,0.3080726110596962,0.1523817320129408,1.408363538138411,0.7751343012878467,0.2362039593975612,0.10169851268911528,0.6382863562578156,0.38169856653611844,1.732068378503796,2.3971386088900744,1.4750638360027835,2.2340724923309114,0.45384322375865127,0.11885147471585378,0.3620579733165295,2.084452219234153,1.1779255001458662,0.759563948539076,1.7524716438365575,0.08203707255042514,1.7797437208426774,3.3509685848297384,0.17575030191873797,0.7089387262011946,0.20014566916095536,1.0052536905542175,0.15981577428714347,0.6697575972831907,0.27014152641927547,1.1251911785288544,0.37895173209570004,1.3742724554690748,2.0123310127350393,0.8664775169829004,0.6788560718976328,0.5575800851976074,2.9441517373077124,0.2693675235037666,0.7393058645233194,0.48503132811110017,0.4352403097190636,0.07890031021892074,2.1131856423813895,0.7828777195996872,0.2849465355353278,1.891842300492901,0.6664374379599146,0.28702934033997635,0.8619520626458363,1.7799059588709376,0.10148028319173871,0.0751252732382734,0.7534941752493947,1.418099808929342,0.6188386121174154,2.8706278802067176,0.5377716739691167,1.8557511068853523,1.5728560566189802,0.2676168037325485,0.8788512562153241,0.8951688951304275,0.39196101210192497,2.5388393361928028,0.3225353229635034,0.9730483156350058,1.3826590239036127,0.5239290930229671,0.061370294609129905,0.34336660596817115,1.1234854665195242,0.04552852025049753,2.1123284703600893,2.72440509881782,0.46863007534904183,1.2700804396564187,1.4542070360163026,0.8551814856961155,0.18773760370191114,0.507650411335447,0.47898542800938054,0.22799186856445275,0.2879253388457468,0.6358116553070859,0.029320998484133165,0.2203071996173558,0.9917989933080038,0.1402725537898486,0.18501504290923337,1.6078556690014416,1.5477677982566114,0.7645272256691887,0.15770528658527166,0.15286978768915027,0.12355162649267981,1.74036466885822,0.32056595282611877,0.33831345760173503,0.05388845633812295,0.18228496133274497,0.8103263143281558,0.2407706902130209,1.4236336213373346,0.49865090354960095,0.22219735825890197,1.5687031637952449,6.2114449313688,1.573892358056861,0.22994447914249974,0.5157816464414844,0.04273110037347734,0.46695955692080426,0.40563766609375396,0.40808173449202223,0.352017610843924,0.9215954823993358,0.19292267815845277,0.4927931304140216,0.6924072931691424,0.6360032672623686,0.3056232662968329,2.608576494551246,0.31052634007700003,2.1080801672297387,0.3851283072358316,1.5884773852461298,0.6252758586164362,0.19617383375730005,0.2623546400433764,0.47617309277421693,0.5052579274633864,0.03186262990669103,0.5374878401827363,1.775171986636804,0.4014891342841845,0.20230507484486093,1.0754227070530884,1.4213795932696134,1.5592041034713162,0.9055330938379856,1.5702365274809873,0.3014153222280584,0.09700149660689752,0.20150544074159443,0.040135911366356,0.5807840251325036,1.3970184989444963,0.8445357868978758,0.8133241838302333,1.9577092535338803,0.7992092242932838,0.8858131977896238,1.5187656625748793,0.9048623108480163,0.4911792428793356,4.013260921427161,0.037070911223353376,1.9150053804557536,0.9201759627230097,0.14056469656552362,0.6423589772946486,0.18082484446420166,0.7963010602392753,2.765558630403395,1.7174418447639437,0.5014281630095754,1.6077175753003083,0.5121330049831474,1.2591463695416838,2.6069702700145743,0.1212864439744416,0.515282726214884,0.8334508609299913,1.6038229418021304,1.8967291266979098,0.7234786674265128,0.36332221678479604,0.8889479882913746,0.3412957050054843,0.05881809938383997,0.9505895865190627,0.8886027845060467,2.67804968430643,3.3456769591722346,0.13456425037597008,1.320929769425041,1.3373332037193089,0.5107114725710494,0.31875720977110156,0.9626870852572348,1.0063741878708217,0.1976938594482549,1.122534784106127,0.19929985342273854,0.4312530948958082,2.308719835341888,0.23681652477993864,1.3556068472967957,0.138089862264792,0.5845520345357889,0.34971624043935884,0.761961350785302,0.9057052206966573,0.8411697480906882,0.3136157968192261,0.5210531053583288,0.35992670297094775,1.23455426966357,0.037886847220251006,0.1543800511502823,0.04492233377815674,0.8722087218747173,0.8393381124812825,0.2596671166430533,0.3054739243610173,2.935522556968126,0.06836726672175142,1.601427122839797,0.82046583269165,1.5876373569679854,0.11074948894581771,0.2017631315898658,0.09700039763583929,0.5758508806352182,0.5240385535583341,1.800779162750981,0.25526332740319835,0.2561104318908485,0.5840886775203558,0.9664950633177049,1.3242700991316882,0.5241302233183417,0.18843902872699714,1.4705759650269483,1.4314834720182474,0.3749300753516287,0.29226135978252166,1.4587827767654613,2.4992276548738643,0.36031340692034464,0.5874439503244707,0.5107090881973029,1.5658168124565823,0.7633271026516893,1.737365964006011,2.1828464171625312,0.9426640609031094,1.1550238437045763,1.775716776169058,0.46378831807556387,2.2959739455563057,0.34931865874819806,0.8415585281358344,0.7186916957718766,1.2824493733301818,0.33549960989533884,0.47999398794627024,0.42141917336048795,0.708715675895965,0.3818473681664192,0.2438634324175739,0.4885994395432631,0.2085164489349301,0.028016624225560283,0.2517956721237687,0.12282977538501261,0.11303597290194822,1.7563551418270418,0.5526036855164502,0.5211324500082825,2.9801505647216486,0.13203986995467543,0.1706130085180626,0.4205955034067386,0.9946029777778141,0.872202730623349,0.219169777387199,0.06102088921389215,1.0358205813888328,1.3085420603367688,0.04726782457149081,0.376741967444128,0.0583897635131867,0.15289367498023923,0.7461483463531453,0.9234238541309441,1.5532938666979863,0.2454919652440453,1.4251781063481102,0.9689297298391741,1.6201548205237573,0.24880099055197719,0.19017927466086965,2.3094444111895807,0.21473446130524837,0.5263054312013727,0.46662878758090404,0.9175236179190515,0.7683444018090045,0.2972683067717279,0.7307356114846337,0.8340530068769321,0.11228095877506267,1.476470778910059,0.5060349908228229,0.5079326117364327,1.417341051845293,0.9288797838039875,0.4316398304860118,0.11662741469388113,0.3485597000824763,0.20177503239454198,0.5650095051853322,0.6708580570866363,0.7020900499239634,1.5687867905567103,0.15083972564843195,1.138908076603816,0.7659964830067221,1.36186632783364,0.4105487177338217,0.4828345248469287,0.8060944363100289,2.872928609120681,0.3153055123751949,2.79558840995223,0.20134782023499342,1.3590420157228955,0.5481403571902741,0.9910489900942552,0.05955367906376641,0.20781378222859306,0.8855620407238202,0.9982892989653941,1.7828988739272928,0.893533803340647,1.3821913505477337,0.14400598025446132,0.13057354833226686,0.37640011525990846,0.10177395941335887,1.179584392021635,0.25840256256790606,1.3437545974506255,0.7889145123350438,0.5519527013947687,2.015866492962278,0.11735036956887401,0.5871521673206347,0.037824280463551074,2.47513792431892,2.6911017906021386,0.5294401337969943,0.06639068022874295,0.6838226829448746,1.3297339879595755,0.5112624312206779,0.15130360905821838,0.3852864919054221,0.38928321641202657,3.814547032992779,0.18854241279286543,2.314409436084142,0.6082482705032684,0.2298583873887172,2.332609858330003,0.3007029864981056,0.45438815478398875,0.010713763998346337,0.1657341607636268,1.7574632664912013,0.9991737275381762,1.2934504513788356,0.3626554308032621,0.39139216407396277,0.6958799645597369,0.3464204693822499,0.1765414607971717,0.8573211680091576,0.8513916147343742,0.7053306927754175,0.902205835922564,0.6094072199700573,2.7922880257003664,0.33197257659280227,0.253886492105449,1.2228878324852217,0.36083661270022604,0.2410464215007011,0.5292312321755823,0.42859571305502636,0.3622302508823487,0.23975064806029422,0.05241136246974598,0.21289896326908336,0.3271368631738461,1.554893286388185,0.7665554077437919,0.2706412696738436,0.35337277961774016,0.3803093823032204,0.37639864551157726,0.020347564830732245,2.148808909751743,1.1748918334008327,0.8444325674661636,0.43372002546516064,1.6341631852483873,0.9704652055663849,0.8073622047517703,0.47945872142991686,0.5458445063232307,0.4360361339658849,0.9555955475684219,0.4612780431758058,0.4149273631289412,1.440685175983686,0.11631487268117863,0.3946049080042726,2.709903956227598,0.30950235046955116,0.9978160014450768,0.35966621633590057,1.2444303349113404,0.5946536712952548,0.29914523819797306,1.100056166229385,0.9221202592392973,0.34665133095011935,1.6198950964052774,0.0927822981965653,0.15585546629094899,0.8086478245977631,0.4948241424319706,0.15105161015382212,0.5765942973524262,0.8045235913917808,3.7424980250561175,0.053188416734804456,0.9050144339105872,0.5261048687658356,0.2970077673912297,0.21614190035984435,0.900937894406741,0.4134072899189378,0.3725533477205809,0.8894334439846521,0.44660112058177537,1.5122110507903237,1.4092632316208014,2.3394818983791885,0.9860816200953725,0.40981057761971357,2.063708564077106,0.22148229892526544,0.6413401687508287,0.24267832411413381,0.8659477950238327,0.5116055139044945,0.517663762327647,0.2652348624708389,1.7114801262295019,0.08201657081520114,0.34630656258785647,2.4705269736371394,0.1956871172909741,0.6819994521157726,0.6733683612635668,0.7095411704973549,0.555766994379642,0.5601068284515136,0.6141182669641214,1.2496194969765444,0.7769297217145821,0.17802458609771765,0.25594493047480954,2.9540282471644117,1.4904199440323025,2.5982769267332437,0.2850596326065675,1.2399433295197475,0.7999596880655753,0.5465307458049826,0.23940777108125713,0.8252145856953004,1.8699484092020986,0.7456029933840841,1.6897679558919911,0.08618473259083259,0.3609270311501357,0.6738114695087387,0.5396153087744385,0.35646054764365637,0.32809726884850443,0.4676085302484275,0.14302724012188656,1.0680313193667264,0.5492034076521517,0.257318189644823,2.9084955728585506,0.8932386662120344,0.3893771827979782,2.017486008182093,0.3491375137016589,0.06725045343239033,2.569418040259885,2.090390245594972,1.2757070608592347,1.3454843991453087,0.37646815219146623,1.0586277199325183,0.2452954657380514,1.4841896355030209,1.5723268971130444,0.1251969042652622,1.5565214961671705,0.5817843262431168,0.826819511552565,1.3122906538656411,2.147603685513989,0.5407767812757702,1.8616338714581575,0.4051537860609895,1.2684485758055506,0.8122966399523801,1.555210208478895,1.8017263413180657,0.29527339385993834,0.9038229608283651,1.2710461004208338,0.8331908039662332,2.0253521505286636,0.737194517275807,1.2383404937340374,1.2870524435019068,0.21145407893441073,0.41885796630819144,0.7158280829107606,0.6272448108804627,0.7384432868946097,0.2546689856458232,1.017586685899574,3.8924770354813014,0.2877677901346639,1.4059078267895981,0.05983708649222941,0.2938209125376668,0.6118526029149226,0.5328141517418828,0.16620099236558938,2.3337937541155402,2.5490304347068933,0.14978269387811016,0.622785110667099,0.26800314484339494,0.12419687809928348,1.2823121198763543,0.1034594896366248,0.477684598112723,1.8588987249773798,3.282939516609252,0.41584728848717467,1.731555796303998,2.1981871130657904,0.9154213748458433,1.1071909010061418,0.2655821986287077,0.7740795677241536,0.8948391090938447,0.6591448689370092,1.2292736416432013,0.2134653121948874,1.3203706841929244,0.424503861975166,2.425373551184543,0.5192759152991275,1.3219280583461785,0.6465205102598861,2.4171561001240187,0.35958429499984174,0.1532059920959874,0.11808990763065372,1.0655101585825104,0.5201291256697597,1.0992579819536648,0.6758295651525849,0.8230428708141077,1.241556606026605,1.9275091745177064,1.9951443524864312,0.27629525660746745,1.6407231375036535,0.2893970944454556,0.09397912661992999,1.80660661847255,2.1052270052127935,0.5251363678390021,0.7748904840042159,0.02784626411540425,0.18723279437684348,0.45763381847262324,0.5173312421283615,0.08973149906584765,0.0730535122483762,0.39632908051677096,0.6224728012142002,0.37872416967619776,2.023221663159515,0.4566305354464675,1.6165279718803225,0.2858809533342048,0.25336429993083565,1.5250637793049644,0.7843917856584433,0.6649264056131696,0.047328420523169656,1.322320293147457,0.6280885517055677,0.13321409399570294,2.7697191901506777,0.8373245494477014,2.4216660774901033,1.6848307924617414,0.06994710150963077,0.0966023764474907,0.3242732719408495,0.7017836796487777,0.634264167300068,0.1456509665483129,1.4237767898438782,0.6689521345154414,0.6217149460589737
"((2, 1), (3, 0))",0.048279307421734585,0.3342366895146136,3.377184568789639,0.4228968779295036,0.23836710888012314,0.654320821104191,0.27761051996406794,0.05442671855575476,0.07253638829768083,0.0024449027966473302,0.18960201716230252,0.2570770279156359,2.0191267674143107,0.26730162803908575,0.041322032307385737,0.047521689017836044,0.040296917770300755,0.10077509960916997,0.21576033278576867,0.19394101145938003,1.1421731156646036,0.013972308822085777,0.9521453898655899,0.07444769289242914,0.056276281534529904,0.14181069593525542,0.17618299952194105,0.07656550368354509,0.35407534873632196,0.07204452855929772,0.2871029234593534,0.054842242639614236,0.4375802559089381,1.2574926980138579,0.19733048057142666,0.23616695481989503,0.0009294193758552227,0.5616894108578125,0.09109542985958696,1.0799224618543897,0.14638201733059164,0.054055619175406466,0.14446793654329415,0.3869020052479726,0.17602614680967377,0.07195326070479435,0.20198305501138591,0.16716087113965106,0.12808438501051667,0.23218776654132034,0.004914237457907866,0.07197104778996932,0.07711215688226203,0.04968364833916228,0.12080122701029516,0.0849855301357898,0.16714823906935683,0.09847005987385704,0.00010653831088647259,0.32408229998939886,3.0560994301915483,0.025675460548930662,0.11979567328809893,0.07161049872779879,0.24611811041448017,0.02400118980184085,0.3303465138864725,0.18938407012523184,0.09905555349759532,0.24672911357690142,0.31289297009633943,1.5588081512977539,0.05573054583808168,0.12737030838065078,0.06839271862649732,0.14158629821259294,0.17437606047241938,0.08754932780323799,0.2509371535831545,0.22701902553519715,0.05283218182291849,0.0953419147467971,0.5791483291812798,0.12328393089901324,0.0621605322165234,0.1979376597302972,0.8959821384614073,0.0027006415212298407,0.07692030464155053,1.1779946696924157,0.007929948280866128,0.3922631487184146,0.058367126646605705,0.20673914951407746,0.011529340170713165,0.39622645294365166,1.2738887237646148,1.3691299358731464,0.008070194367176597,0.11332015318973232,0.06636499352837588,0.27610749535615264,0.2883493923500897,0.19072164074832165,0.18935204902351976,0.2296917192906347,0.4589574967827754,0.16020719020970053,0.20536420428543833,0.14423084854898915,0.2335211783955482,0.1977648154725078,0.14257370033527839,0.2891712258617354,0.011022557952655831,0.19188008402636658,0.30150427332955965,0.13754609959734343,0.3623934117647689,0.9543702303312973,0.15787249228789446,0.23415655859718787,0.4469107993748205,0.03533515421641531,0.025982783690320366,0.06627314885767754,0.060511585739487006,0.7284891502040525,0.4421254106960114,0.058519289292970456,0.06493143673112156,0.4072067983809349,0.3030539611163835,0.16822071802025418,0.034824613596746934,0.023668453865123062,0.3974756743375414,0.18274239350029142,1.6715393597904415,0.2228925601474847,0.7090505623544094,1.0485672922633942,0.12181991317302143,0.27772923240506764,0.1438471835549573,0.42913448245844565,0.25581228273828294,0.01619148683194549,0.9267483325772741,0.01191156597983456,0.31300115747340174,0.039518059222733215,0.0065067600279751225,0.030279134862036483,0.06777315492368796,1.030852607287286,0.5808120269897079,0.558287116536657,0.010208418882129089,0.18037223289413262,0.010052368055788907,0.27343021247193633,0.13289014803201127,0.14725224860902442,0.1272562036989795,0.8003921584259794,0.051567830919622915,0.04254275646838568,0.17862755579633505,0.4058727295746979,0.39849502300147854,0.21299553646599595,0.08285145966666496,0.34450055420263537,0.11363486785019217,0.24912631062872315,0.04417856343855875,0.37357343718065994,0.43496956185862845,0.1579728543831702,0.2242199212043059,0.38917418058340836,0.1365637106808455,0.1797198333737864,0.14771088176884573,0.27445838643435705,0.8326411645849667,0.16084592533471676,0.024264344235862545,0.5930216060810094,0.25058702053294657,0.5093386657796173,0.03535057350546622,0.40506324621291157,0.4271711732537966,0.2911129206715013,0.017303592484250174,0.14618989414683603,0.043840596270501964,0.22005044836093113,0.1436725853640115,0.12954262102392144,0.010090234743255877,0.7877657180999149,0.03141009388967064,0.13999049646260242,0.7126053523392537,0.25833834741868555,0.43757319690370444,0.2036629975184825,0.09395016609299978,0.021357207832152003,1.3356468529454044,0.4926806726224433,0.3002566275501861,0.2919821172670737,0.1299895205477084,0.725766758156404,0.0434195283200558,0.015655281401485865,0.06681089169695287,3.226956638126624,0.36049831705175994,0.2175432509791304,0.337181163514531,0.05836041348566279,0.15291306621433187,0.2150309049569129,0.5660230673855835,0.21179835829360272,0.16154135375787526,0.09284410001079046,2.2125343986758623,0.21413760748631616,0.1071024518620578,0.0006489529881519296,0.29122158435771994,0.043054886992590635,0.1265090904838173,0.2215571434901329,0.14652207638584192,0.12709925779081988,0.010863851783666001,0.05106208129382517,0.01647687463048253,0.04850140003482928,0.6981487566424462,0.3094302543661276,0.5100745636790498,2.088500667202691,2.0075949500795782,0.4108956917586508,0.9062365475955323,0.2976871146823349,0.18491847783182136,0.004974514494401783,0.08193691641174494,0.30093157938849435,0.8404707720130062,0.16794023581426898,0.16481364667404663,0.17088633830720223,0.1614445535905873,0.010675782090411756,0.30562165401716135,0.6856710632430634,0.06133300266176667,0.051792797183602524,0.08778093273029175,0.6211735963532896,0.8070071537328016,0.0760260876467882,0.036789183871482,0.4807043390415878,0.06946915335731374,0.06406316180367921,0.25931482450697685,0.084377887772761,0.02793942568364327,0.0019453593465498242,0.21879876169857826,0.9821161331303483,0.02762272394548715,0.21932119904817737,0.24887576867019257,0.2621807300973664,0.04871125057416714,0.36246762604022376,0.05381086068629637,0.2977731508768713,0.07364916256752363,1.0253139399075317,0.08244531930866517,1.7598178116080279,0.09693112026691941,0.018373878012501343,0.42117905343772455,0.43413836265100936,0.6203223408866478,0.2806881643210174,0.0041737741384823,0.007799451300084359,0.10198099003227279,0.7473498707087038,0.12783790222918967,0.10818492225922849,0.09129662608416611,0.03811963983307676,0.4735287387314664,0.08736132889765469,0.23560603373672184,0.33073631342450316,0.00788099211443638,0.6286422628157944,0.10040332731667112,0.2516260339367874,0.031081616840777926,0.23321019120355801,0.35495192191255986,0.24750696075699474,0.578185346967631,0.029600862504025605,0.1828918847561185,0.1237421452582006,0.09912051874135441,0.0776915920845308,0.6678243694058843,0.03308680330083558,0.2846158155395404,0.43247845252248895,0.18404541046717282,0.2319212540680593,0.3585182921370791,0.37026814985501644,0.7908047610757074,0.11956791091931684,0.4782017029851424,0.07796110894673991,0.17591212883618423,0.21904412390479844,0.016647466127558852,0.5299355100482395,0.5266697609750095,0.06298640496167196,0.11833861919323185,0.4211993585221825,1.300891830938391,0.1265514122751601,0.3285963157497128,0.19773334710800095,0.10542473365751936,0.7878297232939167,0.11477298244707868,0.09686243373745262,0.7928540185645259,0.035785906638027054,0.18641142021657675,0.23418946490611314,0.4239679960935161,0.1235905991861963,0.03666816043917964,0.21434532777779491,0.3098553667371329,0.5870123664766602,0.4144753279216613,0.12757062887012927,0.7356345284460835,0.13523271548409443,0.024574908523475658,0.004505259782997761,0.08828407673420346,0.021751084094320472,0.3200448693015676,0.023121814648917827,0.14584392213879216,0.9465683381395944,0.45911133141888183,0.07527316075322443,0.028333220065449582,0.01445815677233342,0.11359764151513696,0.16674043112084913,1.234402815002384,0.3379643545784199,0.6835693476741204,0.6037051941629398,1.6703485193482273,0.30108433964090175,0.15428796978580417,0.37552113535438925,0.1426841628609936,0.08247380930761894,0.33004842557510594,0.916972152671174,0.3744180335543147,0.18139932437679285,0.40862541084640913,0.19777738665035183,0.1579267102081373,0.23225547731388574,0.052144078148021356,0.6223316598352224,0.40906578365907265,0.1337350615833124,0.8486533859996942,0.22085229076905621,0.08347206267489637,0.04980406130736803,0.09620610487985026,0.004568044545529837,0.2164517026602153,0.009908116702136649,0.16865193905413256,0.2854580509306922,0.03999951182442141,0.48869624841170123,0.12591791483458947,0.2030415241623218,0.20205960845961757,0.24339564005624914,3.241743592935763,0.07815741429373224,0.16446570588151177,0.5485261166534452,0.24123606013727206,0.16070132218510635,0.1452261385992848,0.16445607836555964,0.0262920326804692,0.16518150043740187,0.0004425541347577999,0.27370087972724755,0.010504370428993992,0.27805744858484926,0.02813966200729756,0.09877254588564433,0.13837281405386204,0.12486264449639528,0.16789999146798618,0.2746713615051175,0.8250994107688883,0.16935227545041553,0.42211976252029215,0.10411190690522865,0.41453597961463806,0.07222075032247044,0.5938480267557643,0.08789698976235438,0.780264032524371,0.10644350998828767,0.8303509817803374,1.1192111962698128,0.2752475234872189,0.602578197883481,0.43750204624823485,0.2228302632568313,0.01767858066597905,0.15393132885665306,0.5743530891283655,1.1824789875454231,2.2889667210357247,0.0684444999270779,0.027933652751186533,0.08799325152532911,0.2812576173291207,0.07834627474951317,2.2113665680730543,0.11493223767502925,0.09609789045521255,0.6225168819293674,0.13009578365276853,0.7918838902213254,0.04530780469716067,0.8905225270757179,0.0904290222503592,1.0408654394224297,0.018955821262868655,0.20256623005174612,0.5262513848018391,0.14777768310617312,0.018159241270765958,1.3588489087315274,0.031228344300086253,0.34600363123588684,0.3152023504000252,0.33075835439538626,0.0724994268295226,0.3027762556411804,0.061216124917585546,0.04224231977487247,0.23643238230240193,0.1357629314350708,0.5717541107325312,0.19824284487982335,0.08217514811008697,0.11686874306517137,0.13299566540868257,0.008949419764770372,0.2657089479873558,0.027701308226219634,0.2027528929871678,0.22545517606185794,0.14762911852830474,0.00540716042601419,0.15178378194913922,0.1197219415711035,0.07090523199374366,0.4731223854439367,0.15938247697247743,0.4999043720245462,0.7921020626488557,0.40073263985681007,0.02805965421182499,0.6970840861682157,1.1374179074956117,0.40013908454015024,3.9621378563327583,0.00924479078034146,0.049245424994644016,0.010356191275389781,0.13398847770333555,0.05641040448605239,0.2478591722999306,0.06710394950796839,0.43940019627613824,0.6232207255047347,0.541266605213162,0.16010714167947082,0.8496513345731955,0.02251374635114045,0.02188154357078398,0.7074552157651597,0.7941296293229799,0.045766422546825336,0.5481941851267199,0.14088250598966046,0.5567714590870834,0.08823276852124073,0.14977188050833368,0.011135098593371806,1.1087396102779383,0.14345876764572596,0.16325410899235016,0.014373881737864691,0.10778060605206552,0.5285046879839088,0.15702234333412735,0.14588837789547848,0.16531720957337148,0.002938534271324622,0.46808436075203663,0.1444565000734115,0.3190563887543374,0.15375076523667497,0.8037020609312715,0.05259147346053572,0.18197953075232576,0.5475509288258793,0.16067028635884117,0.24472639614249558,0.1771144234818094,0.17810166899052593,0.16731826953707918,0.008069753580487005,0.04918770594307187,0.1521097320055813,0.58434910817676,0.12004864707518381,0.2552491817299404,0.6511610835871597,0.17130429741687636,0.18078069749323422,0.03449910296381975,0.04823729441624636,0.9731649547058097,0.47896018207117963,0.2581207189668868,0.027801635105390687,0.28858867742156313,0.28869265201951944,0.3456822062946636,0.5862119482790357,0.09405470829495521,0.11281349729278078,0.009517644752374488,0.05714334826654821,0.1729839809721787,0.3509496127605003,0.6709301691484557,0.08137266079616379,0.10902827865946318,0.3903603923827055,0.22911626185526912,0.6277243691308004,0.08607649851223442,0.5084314944179287,0.0372360021739897,0.0183082610873887,0.42200489722988976,0.16932033809565483,0.23711427828582377,0.43661106372466385,0.013227944553628745,0.02714182975228374,1.6550507644365586,0.06265813997389502,0.10446539760398321,0.3212789040223005,0.0985427651561458,0.36987028623406326,0.418763501854462,0.22626434706310272,0.16684975049950634,0.29594147948231586,1.0569491544772165,0.28600872893983786,0.1505385694740634,0.10951160488156408,0.016573288202177627,0.05536782851573374,0.08659143065678776,0.252209382098033,0.37755757884116614,0.22998467388867172,0.3376270044599733,0.5194383609858804,0.18917635481678152,0.08765563216253769,0.08921622019171549,0.260291591286566,1.584002251400084,0.15922582766792726,0.026093690992642138,0.1240762727368685,0.012542800514291796,0.9499824228594365,0.0641147991278449,0.5965168167550543,2.6097552854357664,0.058361848396035976,0.1343363374675075,0.011494132282851233,0.18558961110794303,0.01521003472694038,0.02331832324239147,0.13415649495551096,0.109952010764099,0.10499533987220233,0.22997735371749495,0.20343753773846363,0.13149036024393945,0.06355538531184268,1.109941858262328,0.020691289571302507,0.37199073309613295,0.04161350790894458,0.026241852637935548,0.021401225778702737,0.011584969194642136,0.2797427143407507,0.007710330215560224,0.3452298187958478,0.02087733325664498,0.06284893885525022,0.1993212838137539,0.39569843794033366,0.4410907805047022,0.3138727888577362,0.4497212382207465,0.8844280313176163,0.06720135464617272,0.33055280855058,1.086121297486573,0.3059893921268868,0.5202823122633391,0.5830893394282441,0.3492476942155569,0.11645832329533246,0.07559786314808375,0.09952341649743601,0.35529369837571334,0.11991270501121398,0.2312965471416395,0.10392922833424656,0.3609784361054471,0.20497588181239834,0.578220764258307,0.11914981135006886,0.45521772996428667,0.15313128255913666,3.305549937236232,0.41280092334143415,0.35761855901847683,0.25742801462254983,1.029120492787262,0.17896329836557467,0.025792255251174734,0.05096000032578929,0.22686957736555335,0.8872876870089466,0.1809023643450267,0.09298659820232968,0.1600160436446294,0.014673664858643853,0.08869998260036116,0.24364162677876844,0.1560607033770769,0.01634837122087074,0.06110663221665946,0.1054766383906367,2.0792102742123495,0.0942497063890142,0.023142860212649552,0.07437234863981407,1.6477703468998814,0.572697316207069,0.11172534013612645,0.3156699836507012,0.26407184492381175,0.319269035785584,0.07233369081524277,0.3019401492351712,0.05836610727985292,0.784781354752035,0.9428326878193021,0.22129931811631653,0.8608031897439203,0.12457969569699046,1.962419339101685,0.13261479695944334,0.6068655247216401,0.3858490802138297,0.016416947131234316,0.38402789844625307,0.3394705308617042,0.11333938560670176,0.19098171293395794,0.3535017148444056,0.45365309216483407,0.10100204451345296,0.11241174216268934,0.16976694312114704,0.3190762081737233,0.004379160950812588,0.010227183576104082,0.03855092493606005,0.3596751382459056,0.10958446144357437,0.07273696740782021,0.7464967517758575,0.05395693735844542,0.17127280208349005,0.6549455771794361,0.1529392244816099,0.12850847802695142,0.23094103339397298,0.032138039495236526,0.16561406267649215,0.0906188905360068,0.015075040444427756,0.09552391116417347,1.0639124782504794,0.03649586272647953,0.15183736796107272,0.04619768208914676,0.032449596321680874,1.1209414029923026,0.17672791025107148,0.04508860983415741,1.3527268194964135,0.16023359510985058,0.24537203505892347,0.04328874679058492,0.04547000858271688,0.0013937699442407858,0.08065448787816121,0.20980272985308002,1.2645157761885377,0.4077427368704236,0.474303738797174,0.14529220721180103,0.29136780352513736,0.38121454022955403,0.09549120154816015
