3,2
"((3, 1), (0, 0))",0.0,0.0,0.0,0.0,0.0,0.0,0.0,0.0,0.0,0.0,0.0,0.0,0.0,0.0,0.0,0.0,0.0,0.0,0.0,0.0,0.0,0.0,0.0,0.0,0.0,0.0,0.0,0.0,0.0,0.0,0.0,0.0,0.0,0.0,0.0,0.0,0.0,0.0,0.0,0.0,0.0,0.0,0.0,0.0,0.0,0.0,0.0,0.0,0.0,0.0,0.0,0.0,0.0,0.0,0.0,0.0,0.0,0.0,0.0,0.0,0.0,0.0,0.0,0.0,0.0,0.0,0.0,0.0,0.0,0.0,0.0,0.0,0.0,0.0,0.0,0.0,0.0,0.0,0.0,0.0,0.0,0.0,0.0,0.0,0.0,0.0,0.0,0.0,0.0,0.0,0.0,0.0,0.0,0.0,0.0,0.0,0.0,0.0,0.0,0.0,0.0,0.0,0.0,0.0,0.0,0.0,0.0,0.0,0.0,0.0,0.0,0.0,0.0,0.0,0.0,0.0,0.0,0.0,0.0,0.0,0.0,0.0,0.0,0.0,0.0,0.0,0.0,0.0,0.0,0.0,0.0,0.0,0.0,0.0,0.0,0.0,0.0,0.0,0.0,0.0,0.0,0.0,0.0,0.0,0.0,0.0,0.0,0.0,0.0,0.0,0.0,0.0,0.0,0.0,0.0,0.0,0.0,0.0,0.0,0.0,0.0,0.0,0.0,0.0,0.0,0.0,0.0,0.0,0.0,0.0,0.0,0.0,0.0,0.0,0.0,0.0,0.0,0.0,0.0,0.0,0.0,0.0,0.0,0.0,0.0,0.0,0.0,0.0,0.0,0.0,0.0,0.0,0.0,0.0,0.0,0.0,0.0,0.0,0.0,0.0,0.0,0.0,0.0,0.0,0.0,0.0,0.0,0.0,0.0,0.0,0.0,0.0,0.0,0.0,0.0,0.0,0.0,0.0,0.0,0.0,0.0,0.0,0.0,0.0,0.0,0.0,0.0,0.0,0.0,0.0,0.0,0.0,0.0,0.0,0.0,0.0,0.0,0.0,0.0,0.0,0.0,0.0,0.0,0.0,0.0,0.0,0.0,0.0,0.0,0.0,0.0,0.0,0.0,0.0,0.0,0.0,0.0,0.0,0.0,0.0,0.0,0.0,0.0,0.0,0.0,0.0,0.0,0.0,0.0,0.0,0.0,0.0,0.0,0.0,0.0,0.0,0.0,0.0,0.0,0.0,0.0,0.0,0.0,0.0,0.0,0.0,0.0,0.0,0.0,0.0,0.0,0.0,0.0,0.0,0.0,0.0,0.0,0.0,0.0,0.0,0.0,0.0,0.0,0.0,0.0,0.0,0.0,0.0,0.0,0.0,0.0,0.0,0.0,0.0,0.0,0.0,0.0,0.0,0.0,0.0,0.0,0.0,0.0,0.0,0.0,0.0,0.0,0.0,0.0,0.0,0.0,0.0,0.0,0.0,0.0,0.0,0.0,0.0,0.0,0.0,0.0,0.0,0.0,0.0,0.0,0.0,0.0,0.0,0.0,0.0,0.0,0.0,0.0,0.0,0.0,0.0,0.0,0.0,0.0,0.0,0.0,0.0,0.0,0.0,0.0,0.0,0.0,0.0,0.0,0.0,0.0,0.0,0.0,0.0,0.0,0.0,0.0,0.0,0.0,0.0,0.0,0.0,0.0,0.0,0.0,0.0,0.0,0.0,0.0,0.0,0.0,0.0,0.0,0.0,0.0,0.0,0.0,0.0,0.0,0.0,0.0,0.0,0.0,0.0,0.0,0.0,0.0,0.0,0.0,0.0,0.0,0.0,0.0,0.0,0.0,0.0,0.0,0.0,0.0,0.0,0.0,0.0,0.0,0.0,0.0,0.0,0.0,0.0,0.0,0.0,0.0,0.0,0.0,0.0,0.0,0.0,0.0,0.0,0.0,0.0,0.0,0.0,0.0,0.0,0.0,0.0,0.0,0.0,0.0,0.0,0.0,0.0,0.0,0.0,0.0,0.0,0.0,0.0,0.0,0.0,0.0,0.0,0.0,0.0,0.0,0.0,0.0,0.0,0.0,0.0,0.0,0.0,0.0,0.0,0.0,0.0,0.0,0.0,0.0,0.0,0.0,0.0,0.0,0.0,0.0,0.0,0.0,0.0,0.0,0.0,0.0,0.0,0.0,0.0,0.0,0.0,0.0,0.0,0.0,0.0,0.0,0.0,0.0,0.0,0.0,0.0,0.0,0.0,0.0,0.0,0.0,0.0,0.0,0.0,0.0,0.0,0.0,0.0,0.0,0.0,0.0,0.0,0.0,0.0,0.0,0.0,0.0,0.0,0.0,0.0,0.0,0.0,0.0,0.0,0.0,0.0,0.0,0.0,0.0,0.0,0.0,0.0,0.0,0.0,0.0,0.0,0.0,0.0,0.0,0.0,0.0,0.0,0.0,0.0,0.0,0.0,0.0,0.0,0.0,0.0,0.0,0.0,0.0,0.0,0.0,0.0,0.0,0.0,0.0,0.0,0.0,0.0,0.0,0.0,0.0,0.0,0.0,0.0,0.0,0.0,0.0,0.0,0.0,0.0,0.0,0.0,0.0,0.0,0.0,0.0,0.0,0.0,0.0,0.0,0.0,0.0,0.0,0.0,0.0,0.0,0.0,0.0,0.0,0.0,0.0,0.0,0.0,0.0,0.0,0.0,0.0,0.0,0.0,0.0,0.0,0.0,0.0,0.0,0.0,0.0,0.0,0.0,0.0,0.0,0.0,0.0,0.0,0.0,0.0,0.0,0.0,0.0,0.0,0.0,0.0,0.0,0.0,0.0,0.0,0.0,0.0,0.0,0.0,0.0,0.0,0.0,0.0,0.0,0.0,0.0,0.0,0.0,0.0,0.0,0.0,0.0,0.0,0.0,0.0,0.0,0.0,0.0,0.0,0.0,0.0,0.0,0.0,0.0,0.0,0.0,0.0,0.0,0.0,0.0,0.0,0.0,0.0,0.0,0.0,0.0,0.0,0.0,0.0,0.0,0.0,0.0,0.0,0.0,0.0,0.0,0.0,0.0,0.0,0.0,0.0,0.0,0.0,0.0,0.0,0.0,0.0,0.0,0.0,0.0,0.0,0.0,0.0,0.0,0.0,0.0,0.0,0.0,0.0,0.0,0.0,0.0,0.0,0.0,0.0,0.0,0.0,0.0,0.0,0.0,0.0,0.0,0.0,0.0,0.0,0.0,0.0,0.0,0.0,0.0,0.0,0.0,0.0,0.0,0.0,0.0,0.0,0.0,0.0,0.0,0.0,0.0,0.0,0.0,0.0,0.0,0.0,0.0,0.0,0.0,0.0,0.0,0.0,0.0,0.0,0.0,0.0,0.0,0.0,0.0,0.0,0.0,0.0,0.0,0.0,0.0,0.0,0.0,0.0,0.0,0.0,0.0,0.0,0.0,0.0,0.0,0.0,0.0,0.0,0.0,0.0,0.0,0.0,0.0,0.0,0.0,0.0,0.0,0.0,0.0,0.0,0.0,0.0,0.0,0.0,0.0,0.0,0.0,0.0,0.0,0.0,0.0,0.0,0.0,0.0,0.0,0.0,0.0,0.0,0.0,0.0,0.0,0.0,0.0,0.0,0.0,0.0,0.0,0.0,0.0,0.0,0.0,0.0,0.0,0.0,0.0,0.0,0.0,0.0,0.0,0.0,0.0,0.0,0.0,0.0,0.0,0.0,0.0,0.0,0.0,0.0,0.0,0.0,0.0,0.0,0.0,0.0,0.0,0.0,0.0,0.0,0.0,0.0,0.0,0.0,0.0,0.0,0.0,0.0,0.0,0.0,0.0,0.0,0.0,0.0,0.0,0.0,0.0,0.0,0.0,0.0,0.0,0.0,0.0,0.0,0.0,0.0,0.0,0.0,0.0,0.0,0.0,0.0,0.0,0.0,0.0,0.0,0.0,0.0,0.0,0.0,0.0,0.0,0.0,0.0,0.0,0.0,0.0,0.0,0.0,0.0,0.0,0.0,0.0,0.0,0.0,0.0,0.0,0.0,0.0,0.0,0.0,0.0,0.0,0.0,0.0,0.0,0.0,0.0,0.0,0.0,0.0,0.0,0.0,0.0,0.0,0.0,0.0,0.0,0.0,0.0,0.0,0.0,0.0,0.0,0.0,0.0,0.0,0.0,0.0,0.0,0.0,0.0,0.0,0.0,0.0,0.0,0.0,0.0,0.0,0.0,0.0,0.0,0.0,0.0,0.0,0.0,0.0,0.0,0.0,0.0,0.0,0.0,0.0,0.0,0.0,0.0,0.0,0.0,0.0,0.0,0.0,0.0,0.0,0.0,0.0,0.0,0.0,0.0,0.0,0.0,0.0,0.0,0.0,0.0,0.0,0.0,0.0,0.0,0.0,0.0,0.0,0.0,0.0,0.0,0.0,0.0,0.0,0.0,0.0,0.0,0.0,0.0,0.0,0.0,0.0,0.0,0.0,0.0,0.0,0.0,0.0,0.0,0.0,0.0,0.0,0.0,0.0,0.0,0.0,0.0,0.0,0.0,0.0,0.0,0.0,0.0,0.0,0.0,0.0,0.0,0.0,0.0,0.0,0.0,0.0,0.0,0.0,0.0,0.0,0.0,0.0,0.0,0.0,0.0,0.0,0.0,0.0,0.0,0.0
"((1, 1), (2, 1))",0.0,0.0,0.0,0.0,0.0,0.0,0.0,0.0,0.0,0.0,0.0,0.0,0.0,0.0,0.0,0.0,0.0,0.0,0.0,0.0,0.0,0.0,0.0,0.0,0.0,0.0,0.0,0.0,0.0,0.0,0.0,0.0,0.0,0.0,0.0,0.0,0.0,0.0,0.0,0.0,0.0,0.0,0.0,0.0,0.0,0.0,0.0,0.0,0.0,0.0,0.0,0.0,0.0,0.0,0.0,0.0,0.0,0.0,0.0,0.0,0.0,0.0,0.0,0.0,0.0,0.0,0.0,0.0,0.0,0.0,0.0,0.0,0.0,0.0,0.0,0.0,0.0,0.0,0.0,0.0,0.0,0.0,0.0,0.0,0.0,0.0,0.0,0.0,0.0,0.0,0.0,0.0,0.0,0.0,0.0,0.0,0.0,0.0,0.0,0.0,0.0,0.0,0.0,0.0,0.0,0.0,0.0,0.0,0.0,0.0,0.0,0.0,0.0,0.0,0.0,0.0,0.0,0.0,0.0,0.0,0.0,0.0,0.0,0.0,0.0,0.0,0.0,0.0,0.0,0.0,0.0,0.0,0.0,0.0,0.0,0.0,0.0,0.0,0.0,0.0,0.0,0.0,0.0,0.0,0.0,0.0,0.0,0.0,0.0,0.0,0.0,0.0,0.0,0.0,0.0
"((1, 0), (2, 0))",0.3761154282690642,0.8443672507968114,1.0246059404036139,2.772129762595241,0.0688458288210928,7.329129956705257,0.7990799763974338,0.2953149084463693,0.3771628231135641,2.436898271837454,1.574380163448261,3.259612029581165,2.0542099252965786,3.82308084290339,3.292968854621257,0.4448026298230991,1.4217278374121407,3.2219115801413487,0.1592952272641581,0.9267070415840708,4.069011209426288,0.7240216151591935,3.2899466939628645,2.8656553265350198,3.687376288986101,9.657529364161864,0.4613225486995582,8.027373202449835,0.24293293805968197,3.3244125435050815,0.517812413288681,2.4052776673333707,7.0761819032527455,0.8483685429995903,2.743538665736448,0.8590969583570112,1.4289936544187911,2.9012801977112925,3.1186881574285796,1.289246256121633,0.12416224992242042,0.25739882162324657,3.2672256922603546,2.204586442523169,2.6532020611274945,1.5529623153812309,1.3801241801916242,0.7241073169516152,3.0299009553437637,0.4707142683751223,1.7129890620499766,0.714358465107936,0.4506837879003685,1.567807478403423,1.2402498810351688,3.749135138390537,1.389282088621327,3.3970282825878813,0.388990006603506,1.36106361395139,2.3550974676909835,5.3091688395495895,3.206511835936286,0.27154217107247336,1.7631745770791771,12.849937802381099,2.331591671611299,0.5595941053133762,0.4095965498642934,8.400017495600796,0.82211700829308,0.9549792072076928,1.047227411350334,2.1955907081322237,2.4162299844031563,2.3729069474319635,2.404418208698145,1.2415968059781446,1.7690290178443326,0.6812330344666111,3.765225699824849,8.19152789624572,1.2517168031007182,6.253698864246278,0.398561792707298,1.3760812933859035,3.3371141967581233,4.35917710981163,4.403374782149524,3.0548575489430667,2.33107623218954,0.9598579657837334,1.4147332180394971,2.6734809846992063,2.438849023866311,3.4459340850683153,1.51459978854016,1.0758307805168354,3.8901688492287056,0.3213999325281224,5.094270993931866,0.3496438853146249,3.6069559153252317,2.7592206958269863,0.25772319736441607,1.6341167660104712,1.5967204934669181,1.5136341962482027,3.3572895536656224,9.06670914861801,1.5818610660542254,1.7197830908584484,1.904793454529134,3.8900043601637107,3.592929426912808,0.840235160745903,0.17289776443611649,0.7602434103140914,1.9054892618551549,1.618273702791292,4.5059205464558385,2.129645275122885,1.4395606736432767,4.386697999540078,1.2024546550471749,3.1393857071621563,2.2542384131712887,1.0386970404261706,1.8903421170127164,2.243450469697616,0.3650985004454743,1.3231229446171469,3.396473600855489,2.1816787845731236,1.3013581316297387,1.3974202441912698,1.5335890221975328,2.3517078597621084,0.339279012413494,0.7774950450588445,2.3664952646764306,3.159554682172333,1.3081163828337627,1.6885287678370708,0.5233886923819528,0.7952568580943604,3.1538934150896867,6.775149373840943,0.234987397792223,1.2651612121511802,1.5700391498112367,1.765342697910079,1.4212108177386809,0.7765870488616986,1.3189403957336772,0.23740623450378595,3.7109264933596644,1.201301186200904,0.2953892325936205,1.3721710430257281,4.264357413315905,6.060610258421054,1.3004657476896633,2.127571845996351,1.8843627575611464,4.477886304834689,1.6498359471530135,1.6394221746658275,0.20335384255754702,0.009874841127920253,2.6939805264414853,0.5233981462967292,2.5689602459626726,8.329652003750766,6.652570016284027,4.232083064423463,6.980597458321446,0.35502577587838546,0.6144625141661006,1.3316503804070425,4.412406577763974,0.3649922738675271,1.681421931090197,0.3310501020386697,0.5971450617145511,2.3964955529401974,0.9099016548345523,0.5101627471941119,5.588390523054863,1.0733556007781158,1.6721508218279773,1.1466252159306878,0.8489515345608365,0.8962436928293201,0.1998500711470259,7.785999121451936,0.4579817378191652,0.6933530444613398,0.49176146462151316,3.241316704704353,3.2711660027020986,0.2462418545757819,2.412465820741537,1.1997249510159131,1.687771355802267,2.2887165983410487,1.2622668313783043,4.412307801321444,4.682549424278167,4.647520604976952,1.5795798163706811,0.36349489533812424,2.4247663589445603,0.2169262522259987,2.204932179767225,3.536995179490546,1.0266491362281847,10.45917043123856,1.2092881562145836,2.4613723752571186,1.9831057797860376,3.728022766537267,0.9457567812717769,0.5058807290605883,0.2820421452185224,2.9602365909500072,0.42843974016823516,4.864546018543777,3.250973656992061,2.8391771300900306,0.9498275822733557,0.4639151319698289,2.124654745219209,0.4871759997746752,1.0008692983920358,0.9410516597708269,1.3397447139435124,0.462912325856609,0.9345700761614972,3.8656269658939886,1.920226886257642,4.922273048201778,0.7475045713573684,1.116182691774957,0.35334273141891037,3.3125159985845825,0.08074073415718402,0.4531883927912781,3.989025468996055,1.793499765899981,3.3860353675078763,1.0636179752455288,0.731036175711139,3.3414873368621825,4.990852722344416,0.8721820125900611,1.4023456320191632,2.5829637348516257,0.3297941908548449,2.2272150728787947,3.9177539373370567,3.30055664209565,3.4415160428186913,0.4768215387363026,2.4361477463043197,0.26254910286367594,6.1575175500824155,1.113542703913635,2.1657460789598444,6.248340166413274,4.453752994981384,0.06453371088109194,3.0833413503228644,2.0812065924369807,1.6173068380354707,3.2277287432536292,3.875913477083634,4.034654996269371,5.334893128601381,2.133822552406724,0.6336957550885738,2.4005659078906363,3.2577244941614723,3.557505909667449,1.0618838577920406,1.4059799446782901,1.9812753942611783,1.3291522732216474,3.57346521096172,1.1387368690474786,5.570803480693744,11.149782562102564,0.9344873302893875,1.9103418818163251,1.8862291555184811,6.005884038794019,4.246337283849049,0.9182870931160869,1.3109187934334732,1.5701361153922464,0.1791879399712763,4.693833349970461,1.29364331314979,1.223511888470042,5.690377536622528,1.2659058216290417,3.8984863131198177,0.9875514881586998,3.0341450930822265,1.8197375916670542,1.678680784310409,1.6039749910513261,2.7881886353560814,9.37070157469498,0.3040266182276199,1.0166240851219064,1.6920303212870507,0.05459342016628166,3.0567567990533258,5.432909870684023,4.429039209774541,1.6705861543497373,5.050804648415373,1.511384502592591,7.499350399880599,0.9375816564662455,6.358843949366011,1.1569879464772073,0.6666745550971983,0.16557346673829798,0.7619906269998579,6.51486229301658,2.928401644327262,0.23827938827768785,0.07951995703759451,1.867025240395375,1.425148237072542,0.7067786140922336,3.974697592048778,7.7268610385713155,1.2834028991970448,8.374091288933117,6.95662313163546,3.326401254397103,3.2494997766126072,0.29417152827486986,1.2471086819012098,2.096759065151347,0.8929074662062308,0.949418340798217,0.24333973009976528,10.125732159567557,2.1246607955002474,8.012937413738836,0.8601227728534186,0.44310835682240346,1.7684004993689468,0.31337450981150095,1.9022973826028458,2.789066559438363,2.8194019735850286,1.1912358718837701,0.5849848460219811,5.660382461237891,0.27784977729642274,0.715193916514508,0.5641331812354389,2.810288546492777,2.4389690638990844,1.2495589837064665,1.0065209212125206,1.489343737812114,9.574749364561354,0.3289652000900577,1.3780734697785406,6.943690801235427,0.19562838370227664,0.6531131175201818,3.3261543625909225,1.0480739760009554,1.1020208583396027,2.3800763416742226,4.199055466112832,0.34035258455510997,0.3905977320278453,8.826601712236263,3.2811492332372385,1.68792852698716,1.1044207120053164,1.4503901929192895,1.4081577585750393,1.5412474593308323,0.8453072914582126,0.44094224989680697,0.8182758415599536,2.2309321439312106,0.6198153714796013,0.9149494122287299,1.2968541881814322,0.9827608983537888,2.815018193394191,1.1157478958799893,1.0108384173480607,0.27209120408773785,1.0437890852517537,2.828778657897453,2.0712170410476736,2.548992762167412,0.5830607969617276,2.371866257553407,0.17233011543252463,1.1028252842862853,2.1895045509839806,0.6252165948933942,0.923213244531178,5.800735716017064,2.9372189408093523,8.440744722043204,1.508043695404756,5.016959787492029,3.4436983033816886,0.4862720002736469,1.7215905964214038,0.6205949605489873,2.157738888055916,0.5014521234177887,0.6994774257870535,0.5830468823942969,0.5649851139683844,1.5705674909629148,1.3334915581521243,3.1266367854345973,0.5261621793802523,1.719540638904561,1.0700128502899313,1.3135259835514246,3.9571972165681513,1.8751955157775546,3.8673378085353236,1.114020498571933,1.17936135717884,3.029722001826179,2.8870579115919774,2.691269548544171,0.7223042321431381,0.7236729528482222,0.7118669122761695,1.4338203693789346,1.9042487157217318,3.2247859443754057,3.3074645397619027,1.6327458470230876,0.9161731430376117,0.8989447953934039,0.8692946169733833,0.8509353843180503,3.67987627544871,0.8136143663321982,3.8469490353049505,2.642857130977528,2.6334289310412022,7.1514381868245795,6.767744815461966,2.658303376509488,2.9166942116164263,0.8415204916012791,0.5953817284319959,2.417964080289755,1.2719461971548165,3.9369255708973325,1.6612337638732533,1.0503965399723179,4.102934225164857,1.3479409644446605,2.217420758735922,0.04389873867106231,1.092594918352189,1.0586886046854043,3.004483504936575,4.4455348927185225,7.862555107108087,2.091828653887722,0.2134325234187947,1.7086092411773603,2.841247205407858,0.6207075726003045,2.9990036686320876,0.17058391594507638,1.0184483774858977,2.760069244887808,5.7291241200918535,0.8589915090592902,3.962442388547677,3.97014070315636,3.507973383626694,0.21938587549987365,10.234877664533352,0.754661100039589,0.057955881612405835,0.9773273697158336,0.4773427526556806,1.9021419371482287,3.0636951513183206,2.0047567231612744,2.106058211387512,3.005916049242221,0.25988038746368214,0.7277100008278021,0.7311591885160632,0.31856123056269803,5.156958358391857,5.042282510254353,3.9054698952321587,5.229034009090547,3.2552061806117276,0.24136097525061073,1.2762772451604578,1.849810278543921,4.113598833366322,1.4515504426058503,4.368336447137537,8.035316574130022,1.3697928988983703,0.8117107705372764,4.972434126385177,6.055864858755374,11.067793893430293,5.497133022573621,0.4904141403252093,0.35153054208852974,0.49494320063085495,5.796419427082242,3.458121387730002,7.020213026529564,4.83465883712679,0.3209847029998528,5.642363897840217,0.7860401273129769,1.3727952464908555,0.9366266064091708,2.2801558659819348,0.4267186368962268,2.4954269233526762,3.33505071762491,2.199215904726215,1.7909377527012955,0.5907223113633561,2.2678378569882223,1.735878955245508,1.693505411736955,0.2914989799305495,0.5017142952970095,0.7238389339771292,3.117392447798027,4.707901534545485,12.646239047959803,1.9374118981415598,2.657051798695446,0.1823286077130315,0.36857847446150993,1.6207520982414148,1.4703386131637466,1.2645039283527613,1.5142518970853378,1.4935301050457865,1.392571790222029,0.17782742570534515,5.1455619890231645,5.569815628005058,0.1442923977913475,4.589071620448279,0.9841315945193729,0.9694266828285958,3.511479980733635,0.8886250352613139,1.2063667369488655,3.909082520281569,0.6327672448707086,1.210450103852755,1.3136229397425514,2.545675239446501,0.7420235920114018,1.9402777507889981,3.577398057247933,1.2234667944170017,2.6948981612010563,2.977022823338812,2.625391870164667,4.830825075829203,0.7454047320864534,2.1391674409948616,7.04739990215541,0.5249718248549727,5.869489818936529,2.99270848025078,0.35733389436125673,1.5953071401956032,1.598426264710037,1.3808288822902166,1.72713851094168,2.8930848421340416,7.934377990169753,0.29254443300690425,2.5137208853878272,1.06562324879221,7.502252761616182,0.4754533198155365,1.8221786734637717,2.7548613447023556,3.877745804073424,6.401622794261003,0.036411138033507484,4.544294209368752,1.1023780162500219,1.341932908536271,0.3444729313876981,5.591868610535663,6.9759785572134225,5.955899331230617,2.537359051255635,3.657838621439649,1.6811928363849724,1.5752298288296642,6.464761022186985,0.841676012672754,2.3583383565567595,3.675939830014966,1.8794159292384487,1.8014237396182091,0.4917616232784372,0.7183336746665017,0.6637734710607102,3.4395888896927076,4.627150970164696,0.5843060210084966,1.151925248289578,0.17239942527289792,1.6021953000165257,1.0259831267801116,1.4784527579573474,1.4725599574918715,0.4983144308493853,5.096918874171703,2.655141790089846,0.44720129089751315,1.6091434739904513,1.1938416130933964,1.0318620378411425,2.5630305048509383,2.9505180713347414,3.649946474927635,1.7779639517312285,1.5679476600102578,1.5471449485043105,4.330996765974744,5.010303362639728,3.146495421291009,1.0385469411649675,0.061831829523078974,1.9144356627541073,3.4174262317729607,1.1943825667468502,0.6920536419775691,0.08794913471041754,2.883709463848985,0.2736127927900017,0.6623363304233435,0.5775956123481032,2.6980847167143267,0.9229752404122848,6.60577342224807,1.8016929829839845,3.589150600405398,5.34476793513478,9.302657976355968,0.3319435593064708,4.414619329529311,0.6924542850468693,0.6947976703874639,0.4237144453057188,2.305525695950272,0.5389299773600887,8.812810782306833,2.005618443279136,3.325765788365367,5.451175911569868,0.35637454271823343,3.7615480653081477,4.777198397848705,0.20608116552104183,0.18499610362289576,1.3270655394994995,1.7281644887671566,4.3271754858323215,3.647798056078006,12.669711999286097,1.869298770533668,2.422806975023197,1.5370781999617527,2.6430074861067605,0.2590913245846148,1.109996777122363,1.0796422248575719,6.028365929641835,6.3749493140374875,9.387597084643263,0.5259681092092436,1.4199117257663123,1.2927801570651387,17.20053308447213,6.487792354717562,2.9202656589387863,3.1294608373579154,1.8434481399135498,2.1919831988711342,0.6769092394972127,2.172625055417061,3.174694791693377,0.7285790079346857,1.7065692102167445,6.210161574384243,4.9861047798379365,3.067311128071778,10.944115202219875,2.8271308217484235,1.1983084645499775,3.7987073084484377,0.6525469511325456,1.611645306415762,0.5730983431700061,0.285159918020782,0.4685689942338987,5.332341524428366,1.2292325014191152,2.7465156253665493,3.773745127053013,7.024034301002075,0.28097290269582526,2.952412983788195,0.8311652333609755,0.6914993261225777,1.147169421895782,2.069335544943761,0.3512418895182172,2.1350065453038454,1.4307724392277563,1.259587651526511,0.23530437519181718,2.2306652073587108,0.3132125682596789,4.592465510194031,0.5501418463607781,0.28602830934047224,1.5377409515395937,0.8450393515480366,1.286472942736352,0.534225807585694,6.620409836014263,2.3579549738706502,5.835768532578256,1.1906829778649366,2.668779982337917,0.5746398141136759,5.415878028076536,1.356575031079814,0.46415324453261675,4.336438172566035,2.9869685541007684,0.7285814796470709,0.8890267410955295,0.33961805311180715,0.8227990863308849,1.0405807399241616,10.942418771493143,1.217293270554202,1.8757653305640758,2.271809988067613,0.15523982132891678,1.0000766408194766,0.6129687283369731,0.5818620991373822,4.544785126220651,6.499520427461699,2.0793474701276637,0.44468175228696327,0.5172497417999447,1.4801244328653937,5.421588326434205,0.31627603545270155,5.266761452817402,1.7768746930856285,3.6096573686208133,6.93600207073828,1.2416707131352804,0.4931917291161827,1.3774669570287297,4.918065217751982,0.4341003915193913,1.2848152560733463,4.721641909539326,10.212448775896705,0.5080058154367919,3.0273040132800793,0.9722127935470345,3.408972086935328,0.642201397797378,1.1007295275630962,0.8724737037688226,1.453134432244038,1.3568360441078227,0.1741504956851807,1.8822812640857252,2.1179227869954924,4.312755154251224,2.8364164655356787,0.6059135384452665,0.4895024776549468,8.86204395456439,0.1550911503009582,1.641455579251978,2.1577834960087188,2.2937675181641053,3.5189285676183903,1.7111825635051934,2.3952054010749295,2.3519808856724715,3.2712998832677442,2.9524756856520793,0.4517835401656569,1.4658955320852929,0.8331056521891202,2.4982267235284557,5.264235011818727,4.642280429847697,1.2609983361141206,1.4131202792608026,0.8763598260031307,2.7716481761361393,3.229050785612505,9.858882839644156,4.4217886093235474,15.487958711840912,2.017802296671779,1.5859724654673193,0.4755745428199043,2.392077214656542,4.312926524866174,0.1421720012412786,5.81028992878556,0.13509460592514766,2.1669839143011504,5.360050347959778,0.25933475708075693,2.3330136973740143,1.5514214806921198,1.1051778742659955,1.5596363658188221,3.9057582730481317,10.548992073106497,4.469307629323046,1.5495685002958628,7.274935924784222,2.6288280813036082,4.755871573644035,3.0036887209386602,0.8136793262304711,1.3846040501969679,2.5265080231835166,1.0160471427908526,2.5203467734514144,2.5658582179644998,1.1103936691208205,1.278613865456389,0.17091445032313785,0.47435034545773086,1.2097387027891209,3.9921566416248955,2.416760808960317,2.6948632383793294,0.3533837053594131,1.5247536396270474,0.25402112065012017,0.5145262545266285,1.6612514389640416,6.659183600747111,3.326239058616314,5.482558645423605,0.8750699553849477,6.392205235947901,0.32590472751950555,4.93754270242134,0.5281627252973868,0.7833665414834606,3.3949569941807067,1.9446446073649275,0.1805197722780282,2.846118821460844,1.1632959199388289,0.6865765948321477,5.277417190545811,3.4367036054525,2.131118929095873,0.7212259478424627,0.09165870680588724,0.5376565174384536,1.2977257817382435,0.7822282130348823,3.994167497054213,3.1636499488991197,0.5675446405456541,3.8650466747417167,1.4175209275716565,1.6893406587640576,3.71997677715045,1.9758851630937593,1.285878146738078,1.6370477523398956,1.2733131103563289,1.277548233090103,2.9582039902450528,0.28057679547139647,3.8101547011233667,2.738815220216513,3.854748208457491,4.700786636595258,0.8951311347309148,1.632257346784956,1.4548811222548186,0.8566320544375217,1.174967406314947,0.48973305720241345,1.6778269787004958,0.5609711999923129,1.4219770904993663,6.2727760002866315,0.7564235657210672,1.373540375889813,1.2125359213865567,1.2729453116062606,8.470416653890302,1.8455650991199146,6.517295937260874,1.064818249290823,0.7927505834004971,6.122407280635132,0.790078574458724,2.1501856898323126,6.6683856141926015,3.4652571201719313,3.2320093383201534,2.9482168248805163,1.3997374804451925,5.609051822402337,1.8183728284750007,3.058982932973438,0.22048130075915384,6.133722565423144,1.9203433018634242,2.3974948217827756,3.9747770103894036,0.21107051418675188,0.2075045360900309,0.8813123910223738,2.181552820754309,1.5886979530141687,0.9885930842803273,6.230267683650804,0.6668473492783829,0.7388205431373769,3.7495144437790926,0.6955169439054858,0.4857417357859779,1.0771515953264208,1.6401485350266345,6.502814644577978,1.0923187935466934,1.8006284791469809,2.6955428521791296,0.2750774670008068,6.991404606962974,0.502941047580257,0.8435472246880864,0.5273903153996502,0.7793897591747838,2.2249894546234503,0.9094281307370856,8.837525289354884,2.0148208039876385,1.2166730239177839,0.7405663636447519,0.17229345149081499,0.002348779138706014,1.2314920843405066,1.8094035612438288,0.9868046428359148,2.960904197243765,0.40022512819892075,2.089012633373362,1.4694783873847785,5.422396568812158,0.959202821145849,3.6354085683867385,1.6652803536465821,1.5857433649872474,4.29328071860804,1.6515065637128281,2.98928338148558,0.059442403503442875,0.987748259664067,2.403795124033161,3.259301915783614,7.55151904135635,1.6074387702426272,0.472244294904685,2.6107628004985295,0.9446963297775302,4.028263090908719,0.6595942163973476,4.550228690257056,1.9001179450746222,8.099254145575005,2.7008029416514936,1.0591309153166018,4.230140320626717,3.22836457370108,0.9379504211672259,0.5022764350550591,0.8868690021270951,0.39343304661082934,1.764521465207919,0.5961833775905592,6.023251829199179,1.3957680048862298,0.920474862790872,6.376355837616758,1.3876558814733866,4.287077038631267,6.850349344334167,2.0875171289450623,3.118383981448495,0.7893150754393534,3.7478924046003614,1.3410828018278251,1.0942628817284414,0.9561993588566504,4.299819317829372,4.153955593406915,0.8589267658776238,3.2917355962956574,7.747180576496471,0.3747342463948006,7.034857488583725,2.6909291286475816,6.6617099187373086,0.7372329234359506,1.7914664503870723,1.5277220057563903,1.835386521242653,2.1270361635995565,0.314060855617213,0.3198178914748846,15.424169529624537,1.3157942061401449,2.047691058560991,4.016425481482196,0.6124969655088297,0.6827074699627322,4.658672037646706,0.4063858073529114,1.3079710818930979,6.589856303865587,0.5509223830537896,1.5601019552585207,0.06357849993527731,0.7682542125197441,0.2144577330150288,0.14268300279216772,2.241326017007183,1.0670032643359373,1.645473164012437,5.1916687363094285,6.691515601943281,2.7214551299520093,0.21560965296971535,3.71362207924911,0.30074364071599274,0.22404558606689406,3.0150906349068545,0.9234254506129209,3.3866760492950334,2.609363350199553,0.9428778810884841,2.326917142846304,1.6813493479093586,0.4650566860513442,3.047405892156693,0.4540802539206601,1.1184614621035935,1.3802573366898723,3.1123692928422564,1.0367809634142078,2.1114639282143415,8.424799153710472,1.1951462946282805,1.329579891724237,1.5024565887851633,2.113781866397168,2.5831098624449393,0.1327778752448222,3.0491498649681557,4.445685982470569,2.817361227768596,0.5623242952753389,3.283736935210789,3.3974450383670733,4.515858957399374,0.2576699173294208,0.9182535064375781,0.5646378885409635,2.5239847905023187,9.10541764344715,0.3084176096946538,0.43597947165593176,1.482655034012417,4.23953162244818,5.198336280728619,2.467532225711839,4.7091332535398704,0.43852188009531157,3.8200394561669224,1.1804553901205,1.484278247552398,0.48724505519117767,6.655275474893137,1.2033147948132035,10.420927166364033,4.707379438582128,5.29032489083912,0.7864839359364448,0.3856971285294559,4.9232215875558145,0.7909019882344597,2.0996359221174585,11.990920056585352,2.3542563331145594,6.223391802360319,2.441632788108479,3.5846167601034917,0.4612965839501022,0.9431377009065494,4.756254521364252,0.9800852730258789,0.6364177517830861,0.8005797566198916,4.417974763920865,2.4966642720713326,3.183561495257903,0.28570873679103637,7.95868865257381,4.78887690833945,1.4776431488212591,0.8041665609265195,1.3870690881116277,0.2742468548662371,8.75860185256835,1.6726520386852977,1.3873434739970265,2.2468885197454522,4.047971353951965,1.3638912630648,2.9948672525112663,4.794323516232526,1.5062413772382235,0.39891771802936127,2.1691187605097633,0.7025459542610064,2.4235412723653034,1.4577334675715408,1.419837803900691,4.738151353497841,0.757926394453561,1.600034503544495,2.8227677596463803,3.180938013392393,1.7376720628425846,2.383479754232144,0.6283667546934882,4.027464541675458,5.845967309001224,0.5580401716325574,4.349729728117689,1.7671268786555956,4.805148656122863,0.7093704469356518,1.734486098626595,3.2586985015298917,4.5482919104171495,2.498443803643678,3.666735491099923,8.22576672535578,0.7718988199206777,1.3088543430888309,4.975947437899436,0.8404405188892972,0.4153297702040477,0.6557406605424393,2.4629556054234865,1.312422445613656,2.268843816758533,0.49500466299876833,1.5428750163553637,1.7014521987964737,0.7235365934305527,0.3259042233485542,0.9928679452156312,5.203764194107406,0.9979653369444471,0.8226216339997464,1.2017120428869617,2.480955819526389,0.8393870719282592,4.61190088285388,0.5509825590214226,4.296684214402977,0.3596855247117845,0.7160748598687887,2.398463751573839,0.15843077565345398,0.13374913176671244,0.9368946220332978,1.208937647621049,1.4401907184264562,0.7686856178198046,0.9460269660577234,9.017978870991149,6.646782653181408,6.151196724311623,3.633810727077086,1.7811011923192281,3.819774183835847,0.9897098961406117,0.6527372130695221,3.0733735055441462,1.4507829935038739,1.8566383821837005,0.5265519499615372,0.32343182318254127,9.175501401846816,1.642406967132909,3.838261963245345,0.36262434607450833,5.333453482300192,5.62452909594669,1.4225732073798194,1.6760572451604911,2.0615300370971803,0.09258714776769428,5.23569197188073,1.1762033288230564,1.564460860047115,0.6076885956222909,4.824305707120654,0.8632379855733299,0.5669997904149173,4.075531333295046,4.475178103072526,0.9806956189488936,1.430001135960533,2.3622817299697223,0.6157859041002584,0.9276198904160735,4.991656208695618,0.309699576931334,1.6200017826936566,5.3742528069157975,4.1144308627767545,5.102517880467513,4.096964460310764,0.7866708204018371,1.182783284360996,10.320933117639749,1.6020373225892128,4.611562665323586,8.443807468010066,2.397072570898519,1.3892526498311544,1.4010391026503162,1.8249858684433784,1.700649076685711,1.6571845683032451,8.386194921322952,4.98622058678216,1.0203719729643455,2.9332099626892045,0.8302812700250373,0.5472311263710832,7.015683055892874,5.305399578743275,0.9965507825554282,1.424535236745934,5.085997524670046,1.8792932817978423,4.1065081101401315,4.277427208812066,12.048005017519927,0.6396615297526855,3.0188843908431213,0.6009494356643821,5.3209857792442445,1.1282896475561182,8.36768512173654,5.011049342620341,2.0398413761602443,2.092302618948942,0.4133800349196921,3.7946243890175677,6.288523525603552,3.5328739465625505,3.0298737447908044,0.6545994890310236,1.2317725208106833,0.5423419909738719,1.8693810491932834,1.7271623064133763,7.6955644678769985,6.80085356485499,0.7761464793708478,7.620949913785872,1.53786104865525,1.9307312133956713,0.3359475587781421,1.9841924678853626,2.9123320571503046,1.978156254145305,10.965780911297548,1.5052701956829897,1.597884601062355,4.880267386643417,1.4111429544604632,5.020335998064674,5.290120098108054,2.433986166449861,1.2406125048830696,2.275190693689425,0.04936049211828064,0.6285227180284634,3.6177474190116246,2.4547341148035375,3.106424082976715,1.1880177872591333,2.3866048793052794,1.8100873508746917,1.0739788909739705,8.977396112511483,5.479133620651014,2.209027928237246,1.0023947479481103,2.7387712086492666,6.064847521820631,2.329445457708464,3.4248949673077,4.121909364201861,1.7137694501271705,2.1706932134630117,0.901049505339603,0.48102816402248716,0.4516006677466624,5.758898417776321,0.32215549071733096,0.2631025334523152,0.3150408442261312,9.29824201979229,0.195109450417567,2.301663787339306,3.509400921940012,7.404758668741037,9.356231777600266,1.5867372623119391,1.5080108858235874,2.786707651601493,0.1140993538500017,5.3956911832795935,3.412354798282721,3.413762309593829,4.687195527557771,0.20620569364857178,0.3721328520140723,4.677669369033816,0.8543287703151305,2.026367464608926,0.8795061371478106,3.5169407255689658,3.8447272211161896,0.465432851410131,2.946444502185388,2.1096202791838308,1.989323382562273,1.1031903700006738,2.513865076315694,0.45346971878297726,2.3702956845780014,1.512995700555413,0.7498739122125213,4.492565267118824,7.483984135717617,2.5836817946668975,3.0442675793999188,0.7264880417039254,3.6219487874961374,0.3823147317519361,1.156069414086984,1.6924944583061114,0.4965742446453256,1.3459644747637558,0.22869547115493027,1.1621047521057086,2.1451686562171237,1.8627121623072638,2.9778710447344823,1.1531716336946967,2.6666091170485093,1.8109182457465476,0.7708554146615234,2.5878433613792824,3.905989470363864,4.261742039240181,0.7630019495290125,5.480830225062203,8.986546938182903,2.210626858006358,1.5314504057624587,1.0319139552338916,2.295822417048756,1.8017351242149902,0.2946298920623701,3.419581109483874,1.285160264376235,3.0249135539734358,1.8287732422848166,1.9962064617419462,3.9834230291635624,5.046274093073332,6.454366251613879,3.774814398901611,3.479256468147708,4.243777735232754,0.8911788639169731,0.8479897972148246,2.1223289357175763,2.7960644180659733,3.346181794977574,0.6994340927671702,0.7343201582300476,2.925532362517324,1.8105111723573253,1.2369307224987427,3.160805625365505,3.5890647034158554,2.073953105520667,2.3070261188924905,1.4939326053155708,0.6833181462526039,1.2822406785695715,2.6243360168204135,4.257234806309521,0.9423311472639782,5.614736279676203,0.5892955221182605,1.7387905869405982,5.987112020841687,0.17012141333991226,2.3173144915897366,4.801197440013235,2.018995309729789,2.852314941484029,1.5223382382532946,5.301251334735862,0.36917779226087255,3.619386379389597,0.5106613562695164,0.04459109950186954,7.849922385751647,0.9132991508789745,2.936019663279735,1.1575179025578415,0.42023613248977365,3.988334167997369,2.1149606572438246,2.149024218580379,4.774652735673595,2.02818389608587,0.257189901264652,2.8315074293336635,0.6146157528131541,13.07892575616719,0.2785096662454024,5.731435142392389,2.1571273484561937,0.2882769858556662,0.49069849023381473,1.693258890760662,5.756411150525102,1.1348647975385442,1.7524193759061881,0.6518439840023866,1.8921332697823052,2.1721213661294616,1.7560379580048717,0.14730782503390671,2.082676362153414,0.39499793317946824,2.2941872910877534,3.942883468876813,1.6358766310136605,0.5619278058599795,0.9746510648504401,2.8698320891373412,1.1199853480874649,2.0871097275749837,5.064801356374355,10.936394623010845,3.987988109764315,6.506503488807159,6.569340830644846,4.13475248954874,0.8195377730612345,4.022871290762478,3.0943497138124556,1.1762311253930156,0.9009076688710649,2.104630725267856,0.49709107679237374,0.9142232004558604,1.3658614976857422,0.6924569649718272,0.31269525895404904,6.335276748685534,4.880351345103769,0.49261488800941877,0.3813836160586228,2.349092296922572,3.7204595853867746,0.5419487047620803,0.26564106694806994,1.5446619383145388,0.21612001773385162,0.940263520467751,3.746414027726864,3.5692093461888543,2.6468334324790157,0.33777785209111333,7.891740910569779,0.3646449124891361,0.7645480772965334,1.229455226208155,0.9005783198066353,3.6443438647171478,1.790197230302685,8.252455421699151,3.076601984821867,2.982925674333163,3.6010600713947274,0.7195154469559238,1.1768889133535738,5.760673998930797,6.474028004984497,0.7137273192601785,9.698152047939194,1.760154081234979,2.139401942398134,1.9641581199179963,4.995591325525977,0.15217060360725337,1.6702807542158218,1.2795906366487688,0.7434921587069261,8.317652940081919,4.5351644935372,0.49413849339595517,0.38510761171832253,0.6488288619536151,2.0711737877951726,0.4125346747566861,2.188507915414661,1.4615473333691744,7.421946035307115,1.0636174347295562,4.841668462699152,0.2816050240515894,2.6170675837052655,2.595330391127079,2.85836158746553,1.5038162203420398,4.547724143134091,0.21561704254598935,1.3839411665537544,0.3560395166484551,0.24070781612738767,4.986298501676788,6.245788749949989,0.9240195360885669,6.9164968177853705,2.4968624484688835,0.21620463339464757,1.2192625197339129,0.4800085400229511,5.111368500613982,4.023476846990562,0.42101068871557346,0.773225391064275,0.3392355083458056,3.245945774010849,3.22969506782721,0.7521848325551659,2.541389116928942,1.2467724503391533,2.6111122179713266,5.831716063337522,0.9810137748035666,5.987523611894737,0.6130706928271302,2.17788707986295,1.2061923162292951,0.25797175257773663,0.5091786019228597,0.3721579107555329,5.19295810397046,4.35254158667933,0.10118276897170286,1.2223387156159293,0.5858747906813748,3.339149514811523,0.1354888802425822,17.259391087112782,3.2734192308678027,9.252807013015095,1.017672574181822,0.9482684648569679,2.5961032916289506,9.274888243879582,0.6763932370170963,8.88536631087406,5.465851079371103,5.0268967842598276,3.4083578643633468,8.104015425765262,1.230910931584164,3.6138280380768575,1.1958237284590467,0.6317513932091103,0.13972926716647205,7.294715057950506,0.42680511530891074,1.4007564754037478,6.997074311195885,1.1719358073500163,13.16913005031723,1.8763575407598851,3.990651105243731,0.8842830636719995,0.3483272807165587,3.4466359352926634,3.6190176536187,1.5513576401080718,7.026278581734228,2.4906181334105537,2.41469468350503,5.596075912948178,0.7258723090288555,0.41285085985147263,1.7421609502790751,0.5419549254242381,0.6275740028458539,2.5227326609981686,0.18214400373012252,0.38795578241354844,3.8862787869804816,8.761976108964049,2.3037172960498493,3.8699989807419195,0.46721776095380363,1.0581858899546073,2.5537006237001605,1.0091102478861638,1.7299070652601194,2.3489596936668997,4.330286712219767,0.7889693909355973,5.293811329222541,4.640985944473886,0.7709282529891897,0.09439952518315775,0.8327938144431453,6.00107102913687,2.7458647817498854,0.3918468506915742,10.020852038035537,2.2484645268220023,2.3149883307040136,0.27218807707412274,1.159538087257653,0.5632664123316915,0.5656299011407664,2.275119998918061,0.15362073279665409,0.3470430898281167,0.6505570319894498,2.737044132592507,0.9504737332833009,0.5950001316011159,5.261981684072941,3.4224744772737274,0.5473952435743098,4.920211623261093,5.474664475825122,2.309340869569691,1.9649390846658321,3.1313860426789777,1.661406715026627,2.1036066538447833,6.378353469269173,1.0255997846285583,1.743134900159899,0.7165738263227928,2.626219358564425,1.5640265561446038,4.458726501062251,0.888950115382704,1.1128714701007256,3.0402146597426265,1.841634441067871,0.6347331283408826,3.9553191685552305,2.780371910149244,3.9638766822661804,5.2189366397916235,0.2478546838632203,2.2268495119799763,2.868062019534165,0.2698228802999005,0.775706425201218,3.567571046117102,0.9623800909302083,1.3964937131792274,1.0131995611863907,3.0005511304040042,11.224069373958631,6.38972142394966,0.14725821955948493,1.446049029901119,0.09284743305712412,3.0365834783849857,1.248649513109449,1.0928005782164454,0.2655552950666378,0.8380318721494459,0.5639476352493188,2.101801036208473,1.5474018974388444,5.567999092870294,4.051712627239462,1.3328521562220557,0.10022793845945799,2.003455923291872,7.061712446549365,12.131946168563971,0.7105264947502865,0.8997808127069354,4.622407294250637,3.373547512690439,4.315717057766281,0.3885883033729254,1.1167034736116543,0.9841135192160861,3.9787845960571806,0.8383303406005602,1.3820494301795936,2.452493871887053,1.658620265662755,2.8425007966998614,1.696758756034193,2.122809937665899,5.592273289114142,1.97341968524281,2.2167536098013136,0.5189746902921087,0.5769862874426699,1.4637920546982333,1.31638447555892,1.0133320476370162,1.246332950190001,0.25903631944820393,2.3181446831273065,1.3574826309627386,0.7135251303192949,0.05492859137475137,1.4244633791213674,0.6423122445155245,4.029617110406672,2.1003850677101488,1.2355712159694963,0.16213792697551987,2.9463907300798327,2.223597656579078,0.4178539039608915,7.191708190786507,0.7131900279202037,5.87590588710399,0.048235107989430454,1.8063976584682073,0.2318024087913767,0.8386568012542939,0.09142340418150718,1.9585065670121782,0.2915813565333234,2.4494641148298135,2.5801877165757876,5.63633676488443,4.996146928593274,5.623505440957726,0.03740415739355024,0.4797363109186257,1.8512519967694059,1.2927694478084628,5.355692723716753,0.44105802775251424,3.1286094181668465,0.8022799195515244,7.50843477818585,5.848667922439463,5.0360962698273415,0.0775897460842945,3.729053190722044,1.578626145028169,0.32599608249072576,1.0662346930019513,4.121163603864458,6.022925480958533,1.6232167834311855,2.08112623661022,1.9669081933980193,2.2153027021901117,1.7373838457352577,2.926512220444766,7.970721530451502,4.165395233601178,1.2943101325101467,0.339610223398749,0.07785964478587126,2.627892138194686,0.9405225698357986,1.8514169960634401,6.762652182073701,4.822455406945341,0.6220148739914722,3.506133827906931,0.7565051991138236,3.547813296771371,2.096759943894612,4.53923079237174,1.1800850615974976,8.012122216355227,0.1429885176378125,0.8195372841514749,1.7342957731986326,0.3033064875487157,0.982902636764347,6.12677278811146,3.069401886825171,1.675505585893801,1.8754336473014364,3.419471380369262,2.038469110772483,2.5182885898180443,1.1566995332986054,1.2532225275673967,1.778446189707575,2.0407773689849207,3.3943455214553855,3.3968532021338076,2.8773911012247795,0.31667059853238083,16.31968762372573,1.694690100791663,3.915009065139126,2.244267989074139,1.3804403180872262,0.2910303541945838,1.7563755890228165,0.0851523458404495,2.35806872989248,3.022050360726586,3.300619621409026,0.7677960578411196,0.1752466199272881,8.439728595012358,0.28384974835982346,0.6459769779910429,0.4202715494207955,2.4353695746248976,3.68841157560786,0.4240261136461445,4.436864525492314,0.3765379471483804,7.373762101923765,1.4195436863199844,10.79454021881149,6.469576849425698,2.959818101911898,2.2966379249701845,2.300336483087817,7.510146742837076,3.531993642712892,6.810421149829679,1.9935858144620466,4.532708123310145,0.8446646696251181,4.233031833412725,2.607749055792203,1.5046747643692335,0.5576776566852846,0.17555790318089437,2.048781185909255,2.522297924108458,1.473645330471959,7.2180501883480215,0.33884290051017985,0.14221081921865397,1.433315997383514,1.7026606985412547,3.1419354380910005,0.9913386219742504,3.0513630599048653,0.9242773821917973,0.6701690894066916,3.7696535183365483,5.404971997624642,1.0356041923230443,8.025593035633095,1.0758643954135454,7.211751156114759,3.1598959231555317,3.3600938058616783,2.3133325407296685,0.522448780633106,0.40143046051229414,5.940680950273012,2.6303225455167367,0.735790284547759,1.61002979576322,1.7103998903296946,1.4449906280313956,5.163228675099497,1.3536128317342395,1.1692766097841492,3.7422640421112354,0.29546282495613463,1.7824178949105685,1.8456972236202107,3.657997433186128,0.565562808636982,0.026726021747189632,0.7608791855975539,4.471055934612702,0.5613653350177199,1.9809663298441293,2.2289361467666886,3.0695726665236256,2.073891782597532,0.542289067450018,2.2089215220523353,3.2955160101021765,1.2478854654968037,0.7440311558387023,0.5006607454398226,3.7474858263234685,8.134230958569793,2.6668596047347997,1.2065114645004007,0.8830458066083682,1.492026638498253,1.730974278035952,1.6440187907841857,1.0581518469317053,3.18700455689469,2.654304528775035,0.29585453419482555,3.365306730907041,1.905474296274698,2.357220042594777,0.14960449615748161,4.918648824697306,2.318629081715201,2.26953497605697,3.4107651763247873,6.685204259279528,3.2126718381209822,1.6529692303899286,0.23908356910892914,4.454693618382376,2.2439710805517277,0.1509294701798931,1.2615844462276316,0.8575825063828852,2.3389469774455227,1.3888411570403423,3.865208548858803,1.4997274739808686,1.5617111791742921,1.4153096038357966,0.21473340734682544,5.144444147384332,6.304665457384093,0.8385691673123715,0.45904375813450216,1.4361672518403303,0.6653691282953502,1.493151585972655,1.7946134181003575,1.5007194944420739,5.254904818436947,4.707753039994403,1.898070372427609,0.910422694022706,0.8347684655090499,7.970339936305301,0.6908209219391672,3.5014209312747826,1.387071329091349,0.3785755214523339,9.155799727425974,3.247906187544478,0.7343652881221774,2.6261306284118917,0.4959230015488344,0.4150456046879434,1.5787821140822689,2.0080731465133907,3.314156368880071,0.8894269478954041,3.048444166377946,1.3104000618234306,2.9037633253883803,1.2890736972964847,1.5243681079374642,0.170083698136073,5.463304553985449,0.4469376141842256,7.785979395352906,2.732303729760375,4.485823342385551,2.9706823080053253,8.184936757130588,1.3639563049406034,0.7107622536021696,3.5296990930750334,3.6782049416589624,4.096327087210156,1.5872503608956468,3.4076438515548872,0.5046503747879694,0.12407273708284405,1.8428060522744647,1.8911360317742227,5.3352227708664826,0.988952306925418,1.4633350285966216,2.2490450509258553,2.5974646496488796,3.1744414812872157,1.2076581205215464,0.43728221639577836,2.235381379536743,5.6040099518188216,8.414794769315218,0.2918322485093045,2.4965489380419115,0.9401179118854952,3.618828157551878,0.813928478720079,2.483349775776185,2.8049816569153,0.34145322309308673,1.5580152690196067,1.0802316619931394,2.1712094091436094,0.493753593404641,5.7825476998444705,1.7653936665332133,0.583881829531331,3.4185166784913408,4.966702541608698,5.938337805965658,9.57105398307544,0.5014324498714596,2.82520283806628,1.6925205973295674,1.9961579283021746,1.7392144929939535,1.559853786211205,2.119165151898108,2.1758431141898416,6.22156341337135,2.2844131706721633,2.51617449112859,7.111414307876361,1.9399388029912572,3.607355487865479,2.603404287504703,2.2039360587606955,1.8281189526073718,1.619270913355103,2.7396889638572524,3.6390333499680603,0.8497306240018463,2.4025566240469054,0.9522715016882731,1.8765103040517885,0.2844913021623465,7.096723601871378,0.5406476140990523,4.823293099022307,0.94800313072039,0.3044825243712057,0.08988161880664491,6.397999145747592,1.1090788061846122,2.9469940189642956,1.9294954287530148,6.688760582649467,2.7787448178712766,0.6967214493069753,1.693170640628722,1.6513382944840254,2.373296729170516,1.0527514439782664,0.7810684898528573,4.7059771270675705,0.8329560271503096,3.4035535021976377,1.3641418672559413,0.5541640483301038,0.7098021918226796,2.2332708322123165,1.8110195670362699,4.584486244388023,3.91476392786684,0.11278432757039086,2.317436473490684,0.7894596128334446,1.3356916588056036,1.6592302152252683,1.211128833732639,0.8047280335226479,0.31203663138376747,3.5605051604034186,0.04572161089849347,2.4214177748405685,4.950262773453161,1.642813271502401,0.273408619827995,3.391730945109715,1.2114526452560015,1.8261121723262035,3.1063922356723044,2.235227623202811,2.156798437431947,2.558072636513803,0.6390682881998258,2.191019214767934,3.7592313252973883,0.342203267583125,2.4732400255292153,1.3900871319861179,0.9862965310126905,1.058367178530772,2.58279770018573,5.461164644419747,2.3100070812699167,4.993935699388749,2.257830727014885,1.4188061133316987,0.9845425737835122,1.710986531407745,5.926306768104914,0.8099056706249351,4.2098746331165495,0.4760412154954965,3.467184453231982,14.722641231497049,6.025765204474192,0.8175998560339266,3.3049784047080397,0.7716952984566365,0.16950891135040547,1.7824188848987308,0.7876792573298141,3.2345855222692586,3.218182213992314,4.250477980805004,0.19819044539134606,0.9061171089163986,5.519516366629744,2.581281267960393,0.36475536069875036,0.8042979110198083,2.6140184547794805,1.991274823607481,0.4377874875432758,5.09217667819916,0.7505686228814068,1.9859685374440443,1.962439596939125,4.930616543954995,4.290783748221886,1.247987659103787,3.1935914115372928,2.028843878579856,0.628660380926878,3.4632723499235514,2.9752763103095874,3.7248854184368803,1.2342766999579702,0.43864085597890035,1.6402326772371274,0.9594497993931992,0.6353770728417547,1.5489072129375252,1.7212633313399914,0.2532257343796802,0.33736235228317935,1.144885196276056,0.22555072517991137,2.8675143641829703,0.13634460521986325,0.5074842313067451,3.3885698061543743,0.7357395986909192,0.44467593011830153,0.6190163819143728,0.9934891494384479,3.9795077671307317,1.1654371616101846,0.9632982174165476,4.735416386768586,0.9322827275013421,5.178348161254876,2.71503669555829,2.1963450166447775,0.7229479208883303,8.132806797012138,0.10544569748498867,1.9357101815467688,14.844679188073927,1.3562925972260378,0.36889872193853335,1.0171907922530954,0.10442703219075922,4.449632458577997,0.3560133624755411,1.9401936233217487,10.054123898363972,3.066882315741465,4.010761996797677,3.0889855331765337,5.37987382470438,0.9168097173971442,1.8061863774638511,0.9605399723565866,4.756230906852649,4.133932142052125,1.515993763832023,1.2701190716340691,3.45669613382751,0.6164006556354324,2.686174507050697,1.1226864614916776,1.9836330383533185,1.9076138343301556,4.6698737649388375,0.29097911988589664,0.3463062643914029,3.101427873110751,1.460425607198168,1.1280908785010475,5.513853837313415,1.8210084904459314,0.16342725396919233,2.261125566102247,1.7404215331135893,5.200931007274576,6.3744863653032136,1.9609498560567435,0.48621390765229044,0.7294686742898377,4.1435359437249915,0.3486569476749308,0.06976104540176298,2.3279073987675756,2.3819515451898363,0.8156159145357533,2.2602957676400415,5.391003292525723,0.42848327216719895,0.9227691184038378,2.9185082706436876,1.0659242748905053,0.5430569919610985,1.2686446050711992,1.3049144320295074,1.5289188783498844,0.5697577020681113,0.8755844144517392,1.8857901864789604,1.2736260034338713,3.8012730477603656,2.0439064541411587,7.765194743908414,4.301179988374723,0.8657321343157696,2.726427464696342,2.2613625405309574,0.9930589778030948,4.019948193161895,2.505000531151735,2.467386786010018,2.7904807894988144,2.4491731454702443,1.3466335315559508,1.1745960695564766,2.0454100339216335,7.579314583467443,0.879502902655104,2.2491920655747064,1.2397446966738288,0.39818129068625563,2.5809556247601098,0.5092137890330035,1.7789056213017749,2.543506406815517,3.90242156836631,1.0849910644313725,5.496766326343593,3.0553804565956817,0.6142107476081473,2.553950523953987,0.9070928072621414,1.203413092523777,0.2269523092433542,5.96327436063583,1.2911435462262142,4.388253113943571,1.6559018941716683,0.7647428474737181,0.7262740998553443,3.69668528098672,0.6472172584521901,4.183905127596095,2.098693718840362,0.8802291065073966,0.739086890663424,10.418384745822642,3.0164856211067375,0.4136590150030679,1.2129708698760462,1.2647779946041666,0.4024983901668264,4.0133955045285985,0.7562134951505041,8.105291914741867,2.026353833948966,2.1743912335762006,0.1205910870632857,0.5823463007266784,1.3160372811967491,2.6996689165879677,0.7544622061792524,2.600763322204453,5.083932674986588,2.098678282919512,1.9904389459953962,0.9680246067638136,0.28141560497581664,2.1337920262670833,2.8508951358852355,1.9797613413356785,0.20766470003891602,0.48773875114733856,9.438556691655153,2.4154406099279595,1.9485813962885332,3.1241305546284788,6.036671541440251,0.848988278877335,0.5699287821155994,0.8675413109996257,3.8831110276301875,0.1115066145785879,0.7743884352234454,2.802358129448398,0.15679366194743838,3.65190010149458,2.0773316233296937,10.31573483004669,1.5656076170126851,0.7811882476696421,1.0721219428828084,1.8687959460417658,3.8235086328919765,2.7509313211772004,2.0960079456809853,0.7759853745834949,0.44139210156649633,4.072924284202913,0.8257655384311225,7.543056787683073,0.5213548933139601,2.059707997391592,4.2043207706075885,3.6208462271821213,1.4076866105704753,0.3928691784033452,2.9367865011442236,2.55366986647633,1.0737115271763895,3.3935626703822317,0.40613778132491607,1.7671321196149992,2.1812158087110163,0.6562502047573835,0.8241550596989919,1.3578328150965004,2.245207093837674,0.08794763564131092,0.6333051545025006,0.9501160030309483,0.04107776337393032,1.0537464766810354,0.9631582109456577,2.780087925753428,3.967704562705566,1.0264036940188472,3.878242051910502,1.9699567390583341,1.6835619152610573,0.2828531389615969,7.008275030923261,1.0442474594020474,1.8813083342101904,8.794180697995586,0.6793504324994458,2.0098152742861,2.862823964293904,1.474495755215397,3.8038664140598715,2.7889532720199597,2.2075124490809444,0.6532834904354137,2.0442138649241137,0.12265216076369417,1.7486298562292943,2.1500755001833527,0.4080498427215187,0.6113089351264538,2.6585187619328168,0.8815713994873633,2.030892765532725,2.6290062168365607,0.40924027012221575,1.7905553704669044,1.8941752779530043,0.8085315713395738,2.470027094076091,0.8808182277697129,4.427017755757266,5.443354239396608,2.5030685937634054,5.219695790827601,1.098758916132629,0.7252531136787599,0.038847692792586846,4.887800452263921,2.7333967081968162,2.3871490092371674,0.3439967676796337,2.385390847139805,1.0752791090691813,1.326326537176519,8.399024156684913,1.5776844468096005,7.528502569690876,0.6955424816363908,4.055032955872814,1.728297303235021,6.18185304787991,4.046024235524147,0.25153746389458675,1.9638955411456802,0.04918239350010151,0.1800765910657962,0.5275929207750099,1.242932510798312,1.9046880162624187,0.3197914877794956,0.7825593810565898,2.1481262564462336,1.6196829703530014,4.069501605402916,15.1935707677257,5.769944032179018,6.7267876778911795,5.735402664867732,6.471849360964264,1.3663537030855446,2.3055642748484253,2.821759932146188,0.5451136421002826,1.0482833461471532,1.537565851581502,0.7118968155067626,0.4909413649274532,4.879495869476194,0.4827170915897847,1.220561952713847,3.6110035973835304,2.6814548979721424,0.41822924896903,2.103492824880661,2.163271318441481,2.1360483985207104,1.9773429096485022,5.1001162697595355,8.799329444090409,1.4011847258531165,0.2251064693843874,1.5328762754133252,1.0530721035305672,1.4241279907132287,0.771745425802568,2.834680092212947,4.519577212597556,4.16609440912455,0.16211644510963175,4.462350723952225,0.5256136167762482,0.498953473980021,1.8820503820759287,1.8807230622282378,4.750950856514891,2.3884802550453452,2.224520682365232,4.601558518783156,1.8244309592329517,0.5748714172818401,5.506004499560525,0.8724642326334555,0.83042170098173,1.4595846037646742,0.9043990181979193,10.45253534746836,4.547179720106577,2.903941499813114,11.947406112706746,6.54395399134361,1.63562105457955,1.5884255401074068,6.7083815231838,7.741084666798767,0.05995674357380186,0.5947354369128341,1.0418966220631307,4.244754705195287,1.323331391495243,4.588820950141692,1.3827923216095386,2.44469332754901,0.4648783606045983,4.484096625273287,2.916366549244728,0.8321440324586946,3.541134205101414,0.8191088936677194,4.32784839423996,1.2865287033896375,1.815403939627777,4.314837809582518,0.20886643693450568,0.5619934335757636,3.002758527699139,0.7941889862325747,2.2807855968597774,0.05770036213412366,2.8755702323588532,6.244068822564002,4.796764292782261,1.2422196041782128,0.7234265420235861,1.4603597521814478,1.3665706301182436,7.259781600673102,3.086886016935851,4.846011674057479,2.395503284488334,13.411761362823762,0.3125496404011925,0.894045255821867,1.1088490571124265,1.3985476469359148,0.5945375214675654,2.760711876082984,1.7505157157471625,1.584449881832576,1.6620828598967157,3.445094036000076,6.016761663215826,0.5797810601830644,0.3614678374537431,1.1220586971019,5.308021327898705,4.547207505476806,3.29016307847993,0.5110248873740386,2.9997517274074728,1.53336456270483,0.7071386914462909,3.322811291309972,2.5127603271290613,2.659466906747502,3.878922216562802,0.8413021371751495,0.7352611688134227,9.274670133344086,1.9601299105855392,0.16312255374425622,1.8738024599729228,3.238124242665614,1.0400632553838571,0.1949892512456204,1.6433278096221544,5.098297320388755,4.058761804051562,0.7525489957540848,0.2510749244732662,3.3864299971767133,0.7883775908957235,4.534679900248809,2.2573198386599547,12.32422534121713,1.3378413294159688,6.8117798753868115,0.5988720464097437,9.612662653737342,1.3748823219056074,1.1735459017146317,0.7255029374074676,1.0831586574466947,0.2496984629729342,3.6099779592335195,1.2547915559506015,0.6220555246051342,2.9031865767421703,2.1883332855595348,3.2321870301412137,0.4760412514804393,1.2189002936538822,0.33023405688483576,1.1682068870542532,2.6855246287008416,2.5498577408915306,3.200919258087143,2.187665512538246,4.889187887878423,4.378230731904256,0.5282275225947473,3.529961727700311,0.5630107119576898,1.0355630417222086,2.9199976055065235,2.3674058362746453,0.7569001726824636,0.34090445750064413,0.41743613879594244,3.661504785899942,14.062690498628191,0.832024935792215,1.7226973099960174,2.4149214288813186,10.04704059076982,3.12370456770191,1.763538319156481,2.129264956174513,4.690157492001861,1.957257680187929,1.2229906700068751,3.283426759900865,7.176254646924992,7.401487573632827,1.7542333434850113,1.2701560860529386,2.2974733531931424,0.35288811914255236,4.533665017155686,1.10516998607849,1.388594082562729,0.9963435195256922,0.423787645917999,0.4791623164638199,0.8251995654007729,1.654236486699726,1.6075287602789152,2.6157818865590565,2.2901052606567673,2.187921951741327,0.7543804276802875,3.9054353392081014,1.2518171905952142,5.40753264590007,4.180955028091116,2.100421665373794,4.091062800047592,5.198004030310301,5.7568919660300235,12.09460201686488,1.5218775491008933,2.4191402509355715,0.3382799617064969,2.3167664635654575,1.505831264895844,4.402114350199809,1.007026031944518,2.019685642591334,0.4437106413752234,0.6504615348262959,0.17784737276218765,0.753097620682103,6.364250563973322,1.2584154322734311,1.2069009437581668,0.6519239049240464,3.3837841997210867,2.6351684275323626,0.49004246830589393,5.910183341144401,1.1801553569464942,7.639153950779267,0.9039113064387866,1.2784843099085619,1.5550119167033905,0.7226001514239997,4.445168645444752,1.217409798915493,0.6998435820031914,0.9117685610084549,4.183006477071186,2.036813720304487,2.072787148160894,2.4202333940361633,5.2804150931094735,1.799253700946643,0.08557885157587425,2.4371586446292755,4.880882759791847,0.6751334603331561,6.992778539526301,1.0268141223948497,2.082166327209249,1.3987934327514022,1.2388825272175379,0.07278063724584435,6.539384572234159,3.0674371451515103,0.2132826467792997,3.231925551417153,2.705342460946198,2.2529098426916163,1.1734835279811593,0.09444810437680551,5.857525125295313,1.0447529109902778,4.845388043871681,0.8074847737337264,3.13950572105534,6.907219626054253,0.4538709758253181,0.7413287325695885,4.451807914862453,0.3539470009323497,3.4523682638012967,4.382966502675803,0.034583299069521733,1.609794600011254,2.989527070425238,0.8443494062672766,6.253384323090206,1.9793668183463071,6.306202060634889,1.2624153463077152,1.4399751952250752,2.1986284986241618,3.3824294193048465,0.1836813764567642,1.0678745645498893,3.03933154396264,1.9516156911075229,2.4619955449087794,1.6825544464460718,5.71545977843278,0.935577929770407,1.3581740284001538,2.902294972516393,1.3330432405284713,7.859826353147996,6.570496671229032,6.283339828652559,0.2713853807094515,4.677927098110425,0.34182908476715257,0.2376235919634177,11.740764623238828,4.219007543599819,1.1737738989537763,2.758898328315055,1.9745787742490195,0.24923981050906074,2.1184932464558726,4.012261497523199,3.154120115707596,2.532313541457359,6.418916042957725,2.5468106574611005,0.4600417592754605,4.18540659642988,2.7207904982784368,3.179470344672952,3.460868101396412,2.652777459187091,1.4375826513051537,1.934773185381513,1.4785301382956262,7.818896834994521,7.26465415184495,3.4347424604761305,0.2093443927400831,4.592286217311377,0.5614392483395432,1.6092822636521167,3.6654500785244917,1.2012649673211513,0.34823414939907693,0.5212705843968135,5.895239952615113,0.4849184289194959,0.6917779826825692,1.7663654246168978,2.6647993351226424,6.211253674831712,1.546298618676217,1.9474495004082986,0.051669096125353364,5.2954696352086,0.4630647360527613,4.975833214392413,0.38279899263488715,1.7584783871312482,8.781214709567747,7.635443183200065,1.960405534026699,3.186850516658069,0.23831179971446348,2.794978747332672,3.0431758380339073,0.19680743164701162,4.098354395057226,3.8120498285767033,0.16606204115928358,0.5272071186766365,0.8297104460811008,0.9312092280846829,0.5077687087497982,7.825478876619218,1.249897288152192,4.193968617530648,5.505419569219953,2.287715172071202,0.7538825921707142,6.658764089795937,11.292398414114695,2.8118874526471123,0.38591750666653823,3.097176242189269,0.5912097794109075,3.3969430844984894,1.2358965509382749,1.9261125927771072,4.60224640074232,9.895653200076891,1.6496323465886138,1.2730305232925818,2.5290551670624657,2.596817956421042,2.187311528659059,4.8362135632204195,0.7481681033427606,3.279355227517111,4.308249248547803,1.35144649226342,1.5490752665992,0.8256450147781929,0.6012534527110982,0.06516188411035406,0.8196979848127901,5.951925339771168,2.613433197936451,1.4300587563996006,0.31967863775748595,0.3766387402709134,1.806822848905353,3.2479001080895373,0.600131579398302,2.068006947121477,3.2300554183066104,0.9594292784071914,2.1828947522148967,4.214875081380193,1.1475023527554633,3.0516039500802243,3.3094347543202596,0.9104525675849549,0.10972927062227111,1.9869171812081987,0.6232152234540917,3.7847090188221246,2.674370411713998,1.226324560687168,1.5325281659361938,5.585140997790697,0.23438175699667807,4.864135128359736,1.4214196066171252,2.7687413637446503,2.5715629416945034,8.07570211942513,1.5287379115236015,4.014672876602581,4.833325635683245,2.060124661758415,3.7854066679819223,4.651361164567373,2.960419169278686,0.45520980095275254,0.894113254684711,1.954680597535554,0.26873252271626874,2.3208336629504247,4.438666075878849,0.620813027751173,0.49250553625239024,4.7878787259806,2.4882605227202457,1.0545856840254186,1.048549881282995,1.7168697114950378,1.582546813080468,0.7129485197927369,2.7878574023202387,1.7475840103271558,3.540010683830542,2.673449203549574,3.8127348643377816,2.893183359074394,4.153765092662852,1.3602665846628788,1.2101473007708263,3.1548257475958796,1.188888218069602,1.9124990979681902,0.8565297273771045,0.5106377564901182,0.45511620265202746,0.25413403567103404,2.576435893242319,0.8318041902606339,7.190397421475277,0.14908208681876767,0.679798101851389,1.355362601009272,4.6187375226609895,2.3638318055528713,3.779356390739774,3.5028198397010595,0.2576540725909978,0.5225852776816806,5.596827614287671,2.986142291087959,1.5057783337449173,1.410260790596002,1.1094088405669138,1.6247982036538386,0.11071259409418577,0.715008824771833,0.639837493100408,5.012409367097066,6.5004873490066215,0.42165906496010513,5.346124410140811,4.2057280958706595,4.364992440198641,1.0401074271196107,1.1925928532038832,2.9525668353068926,3.570383884457972,1.0203216551523115,2.7130718494002277,1.7125422355698097,4.305261856628116,1.1989909911603907,2.0999929823934043,0.6309038336058173,2.2567426273114997,1.5075415388258449,2.39022556442125,1.644674135957574,5.9320721614262215,1.3759885672645547,2.701028000825031,0.17823537797916722,3.309707061357588,2.503591234120165,0.3457404759480813,0.6156173374754816,2.0918072796935356,1.1248590037304604,1.5434921355092421,2.8906008901530207,1.2216409974390228,0.614282267418788,0.27736884849382926,0.8949214587378722,0.30647229700177836,2.2782551715497004,13.410564801395976,3.7222512734720685,3.262542240232875,3.285241351122741,0.529197197983219,2.8271962507291186,1.237497437698023,1.654554794235288,2.351314488710094,0.7693054466055027,4.822707287338888,2.497212386818731,0.7102838463722676,0.779999140307913,0.4862083595287592,0.2562857166340333,1.8367008027372826,2.4075591888865824,2.547482049727245,0.6886995550615247,0.7733998372717836,0.10089243290277816,1.0611502281488585,1.3396751532922233,0.1691560275473435,0.8790326239122375,0.9212030128291024,2.3118889102096634,1.4690886526162732,4.624410709579048,1.0361866359054084,1.438383161434753,1.361930132088537,0.4687742105973298,4.668642681779342,0.9840470991110468,1.8006314271933979,2.4147729078727562,4.980048785385078,0.9020747387958927,3.865166017928443,0.9500451806025416,0.9785302497215986,8.016216610106964,0.47324243668983296,2.9915201926495727,0.5451596423030871,4.869527059445933,1.6140988153616889,2.5000046371816524,2.1567934776342708,2.348001017348702,7.472944390019593,0.09368538831259124,3.344150355100424,1.893593552144679,7.458757380010257,0.7208982396362152,0.851655010311004,3.4669689738755234,0.20515897020490664,4.8059024924579985,5.772846991355476,3.318861480549381,1.5918265089023256,6.0530630045236835,6.625817218954422,3.190264035573885,2.22422105142709,2.0394475061912485,0.1185775780075784,0.7250708352427289,0.940744814464942,0.7140268381330038,4.113040150307816,1.049851735952518,4.392859442831104,0.27905190166695815,1.0205911270450319,1.4967674311472798,1.3748301287293765,4.206224694270097,0.7593709228534743,4.146403712858423,2.3916699578175358,5.4671754253411455,0.7615325333843141,9.165155875807157,5.403809949312077,1.8644346536778187,0.6229902848165845,3.684907026031268,1.5836360932226057,2.996523716877999,1.7259148329210852,2.829560206458395,0.21522730261739006,0.8676621207361264,3.092931822477109,0.27139869545343565,0.6852296103807896,0.4688863481143394,0.29501979106011866,2.656489708308174,0.40131194912701784,4.9439472543384255,1.8262850517618152,4.694161500379906,0.9330694596641442,0.17575534620587963,3.51905950746181,5.56461503113303,4.147870457908379,0.33266811197879154,1.6815201931896477,0.1885896431896823,12.350369339516776,0.06818808850255142,1.4228797400171533,0.829474834013084,0.054536933028565326,0.686177826377685,8.307056336590254,2.7633598699027697,0.06799365706872873,1.9942470648352029,0.202219352119682,0.8078318883524948,3.493152452354222,2.041838370989887,8.916863543217854,4.687445260009401,1.990210752374399,2.2720826068126057,2.6359004650338167,4.56290630423465,1.4021966967087671,1.347499740698054,0.17793851737514316,0.8327617748829617,0.21284348199994896,2.462181404717866,1.0587416188278307,2.235230278825337,1.3442760358914427,2.132751579525694,3.050531584143526,0.5369965844517941,2.6590216619263236,3.863015608952079,4.132851215908255,0.14549156562922838,0.664938666130859,4.370987207407221,0.9098947068278491,0.10017257000597324,1.5889907299386752,3.136047566067604,1.2657271384482045,3.2338584672539348,0.9274364192544335,1.3345910843956208,5.869029002859101,1.6601114831175727,5.976483260121601,1.1034690570227976,0.37210889215553977,12.168876439274037,1.514128143469414,1.210835149885086,1.699127417324271,1.583199370197209,7.355427281731727,1.166581665846822,2.347720471371806,1.3401285071706361,6.119844203128697,1.3631023988100195,0.9576138045943605,1.175133951896134,3.0701161741492933,0.5790908935059771,2.925834692281679,7.264666810204376,0.8884712194737439,2.623888363350961,2.5328466526151523,5.243515521915664,2.1672580023140022,1.513948189990706,1.3566163039188184,6.902466928057842,6.5184969651568565,4.59980199185079,4.632374934290742,1.0526568793012463,0.49173571827525603,0.506524163186565,1.9667662271803141,0.7303763802335749,1.9680111792981074,0.3194308641988439,2.279408984016519,2.772837249693026,1.1070828588562474,0.8819786394376918,0.6124286378268409,0.38203630068237593,1.714141679108948,0.6982192091635184,2.3992154344609125,0.3210567668239208,0.09478877209286858,0.46475366331216783,0.47526181793789024,0.833094585609407,3.9478121339788985,2.8243827684707625,10.14128146552766,0.5233167361820407,1.8920475247073072,3.3399058252218743,1.0319801400415893,1.5503441964271756,0.7035144869322026,2.8480405350948637,3.1705518648336786,1.9322384737967475,6.367027367927036,0.3687866247812994,1.5808241654777124,1.9169309746309877,0.18445245346032468,0.9147055743937507,0.37657638109487146,0.20589694062710084,4.316832549163636,0.8525048237436822,1.38416761140307,1.0492732212853295,1.8767467576091161,0.540485072309621,2.269229175751864,2.73232690247635,5.203572909370515,3.554760937933267,1.9291131887428283,0.23734611687966578,8.850205000440022,0.22159860044543822,0.4248643179213327,5.568764834631189,1.8776831354743753,5.030677260187554,6.688865784889287,0.5163393649597778,0.8167579149889561,2.549254670939147,1.8442627802610652,1.2628614559215252,0.6372680359440186,3.365935821563667,1.0859281799361882,4.5868046718862985,0.5583590197266968,3.4686322862666734,0.5848474761220432,0.7070219556284572,0.7226989127644585,1.778479064107727,1.1671796472507634,1.6286763423431676,2.5458147786666037,0.9708748987572015,2.2681727878113196,0.6560861560813823,1.6249253758880693,2.442162557936758,0.5857152081220776,6.983722034842954,8.34383912344936,0.2743694346185669,0.3925390037146348,0.9408455989712097,0.7211667854122595,2.095137819674578,4.934181217588964,3.710324463606054,1.8111824241946903,0.48699513690048074,1.7982323270293268,7.33637838510669,1.8807627012679369,4.139131608028949,0.6103157312974063,1.8216296064112447,1.2914998427505961,0.8348430846995836,1.651767386741784,2.664905521220136,1.0842052543596112,1.6234643415918615,3.752005394540661,3.6935265398077606,2.5738845101026877,0.3704879839990015,0.1904637354567496,0.8248572064496313,0.42343701480777196,2.6882284464056077,7.801877298087246,14.603362268864377,1.1296098661230753,2.9359395075514105,3.850785093874195,0.7382183047428967,3.2118000163096743,4.258489117843292,1.9699462385889617,1.7157585907576394,5.955007306646305,2.8417490266465224,4.431135110933873,2.3468129622080527,2.5260055501178407,7.571683076855659,0.14893536945568292,3.0908141561242766,2.1757222396888034,3.8134341088299655,7.804737992266988,0.4971611459772034,0.32205747852959116,2.932676007769931,1.922839471336517,7.087274131492299,2.1991987601910585,1.0453674312388936,2.082987378524986,1.1562407642897419,0.9065105752798434,1.472124562834511,5.050300363592979,1.372016638312378,0.9402751841213888,1.5587361054472455,0.7730924458098707,1.1542047929465018,3.8878125856854897,4.4510003925304105,2.320844005960506,1.4247772081788315,2.093002779504996,1.9726701234169783,7.953009930072427,2.1813237381651462,0.4949312910321325,4.152639146864244,1.426385021720924,1.704739068866941,2.1071669325475457,0.8971260459754534,1.2032884801377794,0.23281356776099604,0.8756006670476035,0.4373652317401949,0.7797600209189481,0.47432015586144216,1.2456391636268207,2.6631882384520167,0.9343079709584754,0.6277304670069509,0.8070008131241202,7.935888748851263,0.9509413666163236,6.387293216999323,1.7755906034306765,5.413703719597732,2.6400165438803262,0.8359447186008265,4.431842873764515,2.0496835095960235,2.089048865418497,0.8075640998036884,4.747233534111271,1.8882604307420388,9.610154231688076,0.5240084659336937,7.579383564460977,5.947827747293307,6.514189606123716,0.10439259566323555,2.5641543188394724,0.35977057584722955,1.3246748730521314,1.5376673489635955,6.822868809727453,12.52431416452231,0.1168589018773063,1.4042058606131627,2.747553277871474,0.9030054655359501,11.954633670139252,1.8161755507044675,4.103753888874376,1.9354219625771987,4.457548934159465,0.4731698574081736,1.3212339788278409,7.063543743072733,1.0435930957028907,2.864361015729883,0.8815650932011762,2.3584042544013224,2.166564514534063,2.229593684037578,2.462983731354475,0.8950935007776868,4.650322866206706,1.4795415928535622,6.336376109192186,0.8189412343554614,1.347274652589009,0.23854335548405547,5.961917183262858,0.03192201740530884,0.7698968360143852,1.2011802896583754,0.11080596070230131,0.5703451387216611,0.9756333272614635,1.9989521783689832,5.692608119909254,0.520292886111738,4.845743082919377,1.517428601254029,0.661933573492012,5.429473076154762,5.707711595036514,1.4741163539456466,0.22563939262897792,4.6229137156507925,5.272964573972359,3.821219741774268,9.568759206163607,0.17773417107692469,0.7867629102410089,1.9311591212604975,1.219958697884743,0.9969948708959273,2.0154079674776004,1.4716120906255798,3.3439670472987753,2.5338820153107116,4.597809392919419,9.42561237181829,0.9220662504644358,2.070284046314124,1.7778906476530352,4.37876163440566,3.8869951630134505,4.7402900004602815,2.6355974279603855,1.845899746567846,6.205315224485032,0.9012512699673882,5.341807954343582,0.3842244496588588,0.17237451957882838,2.9669597425679273,4.494636343608676,2.2628095639303996,0.874609939708483,0.7286656571126113,3.374432262157639,0.8251818142292733,2.652350834658402,2.100459249996229,1.963129709639285,3.5525965749635176,1.2460480542625771,0.5048341419676065,3.1231817877205197,0.4721066899992724,5.47884453821678,1.6120419742700158,0.2275999920592655,0.26144410826551223,0.2813960494775113,3.3125034998567777,1.7240546835712274,2.141635356307514,2.390189103929362,0.530079481929883,1.8730083351132287,0.26543632809860696,1.8249892856308492,1.184790509451504,0.5427186454003237,3.9692331523130204,4.218714737497136,1.6212836998292455,0.6996019217840755,5.162711081176104,0.5268021185009513,2.610415655814637,0.4974774775157919,0.7995188733410623,4.154197360368164,10.519695593281723,0.1337467073252112,0.39117585429378043,5.7330670431011095,2.2272673016101097,6.612323091585363,2.416452111389346,0.643911938705306,7.2997359361266785,1.810601897052789,0.8493218910191154,8.36355947055482,0.3761919075156338,1.3876092515147265,1.894927474862167,6.921474876043629,3.3104412834564974,1.8742397457436168,1.2020369037942096,0.8045120454002881,0.5283241626031054,4.494853019651533,2.542239280787565,3.3665352340491204,2.9417081550196764,0.3386351824704543,2.9161398018096882,2.6971650048707847,3.75673758148058,2.0376656481586912,0.28057684706772484,5.8761971056224445,10.026414499191338,1.6620318482371204,3.6899473268293823,0.7813962778419952,3.4881483256261863,8.66084855929615,2.64467860222937,5.356941160127742,1.477166577334436,0.5342649068162862,6.033399993754499,1.515360828308877,2.8232244029274427,12.526674026938634,0.9520967496650145,0.13273838387628012,1.3379554794220734,0.3899026733403894,0.8710505704921871,1.9572436462986107,3.6813998794481195,0.9529678362516796,3.009966436260453,1.0287948421083837,4.583659592418095,1.6891093020825396,2.409152350472809,1.8832533196027108,0.6216011663707806,2.7199348565573613,0.7860132213195188,4.3604313434788695,1.6704062229294776,9.649296481450277,0.267357167588941,0.3208487765100727,1.014094735001813,0.8704573330995975,0.8168187047988598,2.4046703115745567,8.351062569845515,4.2033366399140775,0.5564806433314828,1.8226031013695942,9.884424888792463,0.33692937504029064,0.8054277393136466,1.0064487176297805,0.5651227663485958,1.3887221995975532,2.0308979031099668,1.6285266787754629,0.37529124175916706,1.5475653871031627,1.956344855578104,2.798547745555719,13.916437018141899,0.952445410650588,0.6406573964382843,0.8386011806713015,1.246328991475414,0.7383034381570424,2.377438249554479,5.033808274806136,1.194910327702205,1.2876455392688253,2.236814739199093,11.904967471871604,4.364615327330588,0.563792120728642,0.08670649662590571,3.4467496174540035,2.586419912135016,4.232330330471596,0.8967912089678725,2.112668304396752,1.5389007828877883,3.458796892497804,0.37619651363965645,5.050571789460179,1.5557351847163128,0.35663701325413893,1.1463348684616927,0.4665338011938134,4.374848147328001,2.021077997917747,1.3712775609296635,3.0096540271018077,1.9829290759952496,5.389466524320908,1.117445281609948,4.404664107886633,4.4148366714123615,0.7643189332146441,1.0566820936060224,0.2970205512541655,2.464544645907943,2.9858729024392776,1.5395532869915571,2.0617618248423204,0.08640917428558259,3.86206367324718,5.171383429568561,1.4439367748891767,2.062187223120249,1.258336256183784,3.043524139084444,0.33645864845482065,1.0173459618685838,2.085893727090419,0.6464505328376805,1.3865353317896403,1.3964597930832592,0.14250846661446342,2.435199318898454,0.5789035314624795,5.130009320096297,3.479473833697431,2.393196659299042,2.0600989857002903,1.130710182069488,3.245639875094973,4.218154253137747,2.7118670080946465,1.615315915982491,0.5002072110979336,2.384747682937118,0.3211989218632545,2.017526241648076,2.6750779488054937,3.615922680847772,2.8755165527265634,0.6754882688855934,2.641039994303388,2.5273276226916597,0.4175423077263676,2.7179124734614724,0.16846230031328147,0.7787330608346138,0.7382234402800834,1.9713853642222827,1.0384914941628622,1.3936135605094033,3.505830269875954,0.3178896401748168,0.5906094422605597,0.6029868509907863,2.974256057265533,2.8687069262180485,3.1352479362702423,1.9522434256141512,1.5782711932663005,3.6569036798667884,2.9746532484149393,0.44336778642464036,2.675866467529262,6.026965957372258,3.9494498475237245,1.5117290715557496,1.7038536604912113,1.172034624518006,4.207229539614423,3.0791934075864993,1.564127899853653,0.03877822322500735,1.0084268423356946,1.4750915466530714,4.613920823684738,6.860048340314902,1.7401826326797476,0.7601167897990269,5.510551461136563,1.5914781371265097,1.066050805760553,5.020527002949997,1.209687693560371,5.641990494772227,0.8148419813400145,3.0533726045381626,0.9913617672653623,1.1747356533036335,6.819569785484378,1.070673176584128,1.1892526707528344,1.3578078605198054,5.76688340391086,0.719612183081006,6.044452792131322,2.195955424096458,3.7634139872697183,1.3610744889189956,3.6083027659058735,2.009324570502658,0.9637884979362165,3.450630738017695,3.5448932520323306,0.71828430840299,4.921387145178,10.88196268349159,0.3580109557200619,3.0088174217875947,2.2770849097820336,1.2694394116490852,1.0155660944295009,0.22517326385290048,0.8356996486732232,2.405183475283321,3.472658053582009,2.6147206829486516,2.4351745724259635,3.907157717206736,4.829759505459595,2.740526617445856,0.5086772909286845,0.9058094529352493,0.6275410980252485,4.1887287058291385,1.6672757592108332,2.5036426666952765,5.572361616306278,3.397110165031915,4.6254726771123,1.8515335632731298,2.091905113540326,6.201764190148184,2.073890890890488,0.9000867496760458,1.0152751604010666,0.5103584195936055,5.115572839457264,1.3321823014845418,0.8655414912555073,1.325833252634219,0.7158533025817524,0.933945091158519,2.360829328003436,5.2013623330054966,0.965081958665811,0.6436501810218955,2.635558805943759,5.340514164417998,0.6045072067555275,3.972326503272501,1.2833005597184144,0.8826748367434238,0.4679512850307843,1.3343087929878208,0.2580083840229068,0.790222724030123,0.8179342140262036,0.21604067841038532,4.1508653046801385,1.329884919650281,3.8087273616939195,1.8326572303840551,1.2960874236978799,4.542595337844315,1.847233595477502,1.2299647756460765,5.280581417474696,2.7876050219917317,2.830311688197124,2.530649605372551,0.8914776287230484,1.1597561929045264,1.8162152684809478,1.5530290096440837,0.9327155197602772,0.9736707006851044,0.3987011069816677,7.8976448057247035,0.08920258486098032,2.5363833081116445,9.023688737449772,2.8444737288814155,5.008315343189262,6.782242500400903,1.5424369056617624,1.4114332092088915,0.3446730492697659,0.5407267984630697,0.9784648691068147,2.159427395064559,1.5230633335599968,0.9161984643034816,0.6677554912810252,1.6984872522854189,0.7008953302089854,2.674855013565277,7.89463748412021,1.595943171586407,0.8680011681627111,7.084634605335313,0.6229741246823887,0.8167068708366689,1.7254920707908779,1.0860522956450687,3.2212175378061216,0.5981155608597956,1.2506858210819192,2.7656392347533707,10.592734187929297,3.6938227537518316,5.870650686850066,4.850984349499665,2.3465086476721426,1.4075955214191238,2.3231999420347584,2.8860173228558184,6.71495833425826,2.221360753462609,1.3186763417928469,0.45641516590517295,0.6129376314466868,3.6390776674470082,2.2257063813268676,2.41242751901882,0.8049514995269069,5.257519697830649,0.29006831345724193,9.756626783323105,1.3350999285193188,1.3429795140841252,0.252179092251094,5.465376320711758,0.13954734773003896,0.12176238986497401,5.702715877751484,0.5769471588369137,4.042028190213128,1.8608335227189978,0.3169874976357061,3.1023436390718215,12.183296173058906,10.168829055216595,3.3433655245726492,0.7058255438517402,1.5445989759485328,6.129155946586989,5.846266596307166,2.2936323232371127,6.006640032538604,4.000089923448935,0.8060963163912425,1.5013881375175724,0.7405176670468895,0.464863899143916,1.1427828504593809,1.222046339822321,0.9071043158694181,2.056426369102292,1.5004731779669913,1.0277718858524054,2.635920486179003,0.6903468089349805,12.565442707578752,0.4521730594535397,0.6900748088202914,1.404091015650202,1.612269049074847,4.086659058270865,10.70396864903295,0.9017995556824454,2.178032205892931,3.4950912841796913,0.9650536673909642,1.0248774793959128,17.12038615265085,2.357656672994781,0.4021116603245093,0.34573566744374484,1.6141575825409096,4.469356681412294,3.86982774044191,2.627138290287375,2.4488719282576263,2.4631346123165656,1.9156664597323483,1.2698380570045158,3.522020109672053,6.231740794183977,1.2272875940390653,2.119894211004595,3.7121695116452984,10.530569044103029,0.26274621372065354,1.3813510048498148,3.1044239763404717,3.0112425040737305,1.8438004092340683,1.1711820399121453,2.033335993559957,0.7482278387151309,1.2007920737143338,1.0681152992232112,5.049327142309094,0.48791386163780104,0.29800762368548045,1.6870396032880064,1.0727152209316686,6.688149267876166,0.18193084601712045,1.869010544597557,0.1812307612968212,7.321063879888058,2.687670053309551,3.8358643184750343,1.6011113176195482,0.25496930659959827,6.733458059293301,0.6823251529379571,0.612726352799012,4.5879480501019785,3.2515946195718084,8.742397542871363,0.3648184390039808,0.6280819950905621,0.7920740070109767,0.8662556075514798,5.862292656961136,1.5253083318619285,9.697745872512,6.474189520759973,1.626625557304219,1.6791106022446154,0.46379464013484073,0.7171222157548177,2.469515862603552,4.67469646076827,1.1547288352602112,1.360309956730695,1.168819398657981,3.725900857947872,2.046563920077628,1.0226284131210612,0.0479059975534617,7.37504441349523,0.2726222646089297,4.642277716037267,1.37174622981499,0.858238280250751,0.8778936863559037,0.7973893696722213,2.7554954288814955,1.4868283501672583,1.3578091059104649,0.8667785648154321,0.16753563292077778,0.5283456251119895,0.9735276154663763,1.314324217396429,6.653499364497191,0.20407439456319132,1.6132489501073901,2.601612408620765,1.41175556045036,11.547229627040982,0.8914615862282462,3.28013737820259,1.1265512504800583,1.1369619742433321,1.3406429829328426,3.1239964829062,5.207748425781494,1.6337549374595122,3.830528801638808,1.721460340198346,7.316797846714261,0.6280056846144573,3.704359766458614,4.260249059344272,0.5838267999895268,7.77680455934181,0.6638587909853001,6.894041404882653,2.508333117215772,4.642103714722176,0.9121942427675775,6.32011853641481,5.229588700937851,3.9688084554069523,1.5459135901320562,2.771775672155655,1.0636536480022627,4.106668211526032,5.128753624065629,0.15963149690086387,4.8171693856328455,0.5472969501019409,0.7079005029262146,1.4015908125692582,6.923956120406617,4.249712195565413,3.0061616385459873,0.9579559769662822,7.481586212391936,0.3487872792138899,3.7494964358100544,0.8245657132268476,2.546469693641316,0.6049690777028575,0.5232263835974027,5.000340078875761,1.3265879738039008,2.169849040482799,4.8262324236582685,0.3798835417795976,2.5473171826920336,1.9710329769941062,0.5154613746149141,0.2721071394687127,3.373454012265901,0.5478057680556897,6.70877567166638,4.270754011420154,1.190860306036626,0.3087630123326467,5.023980948496895,4.015585188120248,0.5217399644079654,1.2299838325716899,0.844181925403127,0.9162436643745058,0.835206268017102,2.0729639353415137,0.8405205150464934,0.5826638435199075,14.82443134344565,0.3011597851589968,0.34386834882271267,2.2753673275042177,3.579806499441649,6.088549573058085,2.2299560106648872,2.5608472283858967,0.6409173717257817,0.7742309377725397,2.996614280062517,0.03892529870586259,5.881653627174574,1.9234376948221268,2.9138845224939542,0.29147891585152275,0.101511379092314,0.393417242502598,1.0178339106021446,1.7255937085654014,4.995727152123753,3.905514538939537,0.13181914315328813,2.688782659060843,1.9554983212527681,1.1539928704015323,2.873230467732818,1.4961154399012326,3.0823943789339703,14.003570509120214,0.26952147134425575,0.05349499797418433,2.696351807029301,5.415809159458037,1.532898400769272,0.4853447135498984,0.7949282535763524,5.0271431666365185,9.170326071191504,3.773986883975718,2.3500284240787144,9.265619022284488,6.620008754718793,8.974383318897509,0.2555294862966324,1.0201699259711279,14.609668402262924,8.184427607221838,2.5639907121354937,2.215852962424861,11.88128634202766,0.4340595063698554,6.895929089365544,1.1794634521272096,0.24218607293199046,0.8632596251124212,0.8093725952482724,3.1021295464948726,2.8424776682556776,1.0168632360195242,0.17579203232949078,1.8913254485054862,0.6782806476587675,0.9368929267549359,0.16952092752249903,3.4651115377292605,0.2515971848736136,1.3460147945425225,4.111128664044315,0.8451397708319814,0.050749328082383555,5.194681800104977,2.1353389725968124,1.1974314433891682,1.4483469916612424,0.7224111681248118,3.4404726333820586,2.616633379658637,1.6939976660482023,4.014397456128835,4.036385401682461,0.5114132055961882,0.8760866676164724,2.5600487409250214,1.6765147470063868,0.28720772268047523,6.124366927830902,3.577526765592516,4.127560964685919,0.5010458818369857,1.1396220548094418,1.717015549404218,2.298570877631092,0.4853139778616433,0.763738719922181,1.991984236939345,0.473681051318414,2.7270032315322426,0.873338661294437,1.4066447447044426,0.8616393860606273,1.9922271863906265,1.7574315300547871,2.558014812354211,1.0865597305221362,1.556724810211639,3.6523943691913145,0.44078752520861425,2.3042385651101225,4.164604622694773,8.892879629120085,2.2330577993286194,1.3363552237666991,1.9376035746970535,8.174148628922962,4.080092451861754,0.5799244143606299,10.859620713664919,4.98314962803998,7.937876093457867,1.67990062045417,0.6149595323823247,0.1525991749010397,2.5157462346424753,3.5613070588402636,6.03736116676232,2.2456916306088113,2.6489990151342155,0.7262358964901396,1.3684402091999508,1.052056339748472,0.9096503337749839,0.8538404389792928,1.0461895254608322,10.658505488454558,1.8660572289238928,0.886055048495473,0.7925108143101123,1.756629526025184,7.840776434699148,5.016576437650051,0.09624471535446599,3.3386430563910006,2.9161990639111792,5.4377134693034925,4.092559196534856,2.3845602955133853,1.2019174468108424,0.22693207543212107,1.7330734560857708,1.2064763204282696,1.7518418419107815,6.692152936894743,0.685122457435793,2.6090572496993065,2.558701841840385,5.408532263147085,4.044400206445589,3.126147116376497,0.631387384222364,4.401686821952816,0.17584780754681084,1.2169770451314617,2.1786078742004023,3.1853880554194878,0.7133888527950392,6.988492817148552,3.441954676331812,1.6983852095626943,2.9017305317830315,2.8541574409843404,0.23663738229863346,16.71422855447905,2.5708335459020857,1.3565535149794266,2.2066038519606037,0.33234666738816654,1.37552745787458,4.385028112275851,1.0692084803201563,0.9020823917686587,0.747619193782094,8.508819543782785,2.766958221442882,1.043093018402438,1.522069709731298,5.208670115266256,6.85263126027019,1.5370296299830912,2.069210223837823,0.6569175709802584,1.3945612617616667,1.443700273567024,2.1551425109215057,2.7297931734961436,5.076655370972624,3.6473389035044366,5.392284207773294,7.298332927988874,2.5967043641302348,3.91534279488249,0.5341826141100778,1.2084732070820547,1.9487981248142725,3.249296784805721,0.7116258536508285,4.583018550065604,1.37003656989125,11.021190234905369,1.0208653038557247,0.7843583742491146,0.37917457606540017,0.028229243498995693,1.208055687239478,1.4254363959366863,6.038296910933084,4.195533482804069,1.0140641303345044,3.242131050985498,5.031804418744708,3.742688109705817,1.8292566429506785,2.6671477318933916,3.1184787541600105,0.5107577636099268,2.4020134154891584,1.3639576887318638,1.8348364316195502,3.3541318633277477,1.0224029585181338,1.029119519752724,5.193484070971767,1.6311673384165146,3.5101177807275548,2.1106017213124804,2.9835221543104558,1.2269133675354063,6.121142007020547,4.746404500059288,0.690871652699774,3.5137170952095182,2.4024045140588015,2.638780083907684,1.7529636138564344,1.0213789010516794,2.494774856392101,5.551476003604699,0.9604661921678348,2.1209038179917297,9.222655000640458,0.5919469303500144,3.0719512911410685,0.32161858045852365,0.7653187967195407,0.9565093759745522,1.708041739509931,0.9200175185080117,1.7619587768436045,1.7167458035672514,1.100568246103958,2.1722391954265072,1.9486043983198997,12.907608442897292,0.015088538137301377,0.6394654039462466,3.861431244701337,0.8200585234870683,2.622322746118923,4.399673090218462,2.613231779373034,2.6154924691675454,2.071627084919739,3.966562297643656,0.9655953048968291,1.4948580103541087,0.8363803365662211,2.8692609677731604,0.6785695822575574,3.7020816516963864,0.8966325980504322,6.009354739885103,0.5211820300923301,0.09820892646275181,0.983649638747976,0.9113152825543638,1.5102266355567717,2.2825094262712686,1.4268376890556116,0.22606833597447107,5.302459030071681,0.1438762222305533,1.0663130694661138,4.2111524333383565,5.568412663168511,0.6276735498270303,4.396361364918572,6.7181441719710255,3.3206019093139183,0.5369042192812088,0.38673357866712577,8.238347559969547,1.7154251618136438,3.2595297944648283,0.6313445416751098,0.5862383614152085,2.6863166629146047,2.418293393590297,0.5383842640169467,0.8193267317355473,6.44173789882969,1.3374835168767991,2.329393100975591,0.49468929717475235,4.649327972309126,0.14172109651194809,5.284556710780982,2.9072818786984227,0.5194746189634208,2.5682816769089527,0.26999153817879856,4.668012076836422,0.4613902789352431,0.558625281485877,0.35424178086247904,4.149179257801994,1.039579942526212,1.820084152110722,1.9834634669382172,0.6252069015912929,0.20901140664456536,1.3537678198598528,6.041396333533618,1.2102509393269696,3.9559657584442838,0.8921372140629709,1.2658816044115233,5.5327339487509954,4.148282597379218,8.986654187364696,2.6694354270158254,9.292050957699418,0.5384167075289306,0.5470086655277224,0.22790697725197184,2.3847121865520693,2.641040927528218,4.258558145491711,2.076643413500311,1.0461834590016559,2.4371482909279636,2.827918017045436,1.0611869986798559,3.319992899683388,3.2969728076307105,0.6944577291011689,4.039811399658342,1.761520366890883,5.822370002002918,4.2903820789787765,4.002125260450755,3.6855815113140094,4.678361972717644,5.145905203979494,2.631950220504497,1.6217171447059349,1.9362995576299504,4.981328351424203,1.1261648881186141,0.9580646892041085,2.310867083225131,0.2881643540868824,2.994827267611492,0.5479974714576982,1.9706558488319716,1.6655659851529494,2.0244628559884337,3.054781671511554,8.163856994604593,1.1750152945679064,0.3926738320360339,5.6702639166304145,0.09313172919345569,2.0347504317594036,4.3407779193047205,1.0530582556108272,3.668890097680611,2.4818052548303573,1.8466902367939075,4.295612684641475,2.137416727131611,3.27470994112765,3.931723102740098,2.0852383503518737,0.21890081547301143,4.588705323712632,3.7497288717707606,2.931065058628879,2.3042035051158933,0.5350599836297498,0.7573127147513695,1.7568088751597948,5.218491516434778,1.455181641724434,1.2438821427518714,1.0412392741191636,3.5806738402165434,3.188891903425559,3.990872697990079,3.2918575521397964,8.846342476251214,0.3349646102048145,3.147067134185931,1.2351606365467458,4.279931023440262,3.8346078211998025,0.7882031303100436,0.5833990409629969,1.621642059331169,1.0291715155375025,1.534685649062454,3.8505220837878884,2.4028474225594927,4.494369596084292,0.2829624952433368,1.9431715612588518,1.3839627965175365,12.861486259422831,4.8824236974244295,1.7095817061199214,1.5818850143236372,0.5574579266491464,9.603646072079028,6.098208038884919,1.1020444807228402,1.5225123483638288,4.233882092041523,1.233883700964473,0.1668382562613978,0.42580505455777884,2.351667115677209,2.3627126600638677,0.3183693681370374,0.1715736809348355,5.259471011212693,1.237304579533711,0.5239077821100908,0.40813920898059575,0.29143873104592477,0.8933560481346969,0.6112895304153944,0.5497309261627121,2.0027060534854995,1.8595640274201923,2.1479835326828463,7.56986201354427,0.7608164363846792,1.3606861275962692,8.604584115409443,0.9870579154026622,6.693616495113851,4.297936208701976,6.8640741489500385,4.276413675063269,10.065201724700904,5.248264099780637,2.931312197942334,11.254535008306938,0.8092593272515811,0.733230775062338,0.44314238412591733,0.11014266735947942,14.700780903744477,0.6046346944967051,0.7636130838119856,0.036413409723180745,3.748628485549801,2.5828499220938097,3.1012631146757514,0.6878300610068051,1.1809998601909686,0.1593280519054781,1.4152219404070403,1.548378108438662,0.7940407713075026,1.5774779777307133,1.2219829793015866,0.31570768850122977,0.865294946052598,3.2639593995306564,3.363916845564377,3.4645791798621017,3.7261985096144365,3.8750621215186465,0.8713076452143689,1.6817093741873905,1.2122129280024914,0.4416043433157656,4.493074736998736,1.2537631012918542,6.911905019932291,4.886787530858337,4.975051850943998,3.5490802522505303,2.4132912779431317,6.269575393789052,6.15391116518462,9.713726750883936,0.9844314461175019,0.915313919601561,0.6854217902671702,2.9719346644251114,0.2788458942656098,0.8411816404949954,0.07015105387141907,1.3905445885154772,0.23700787257803002,2.8653162988969445,9.755434384566083,4.316963295897252,3.206287733649247,1.5286837456999773,5.466703270306561,8.140260938727426,4.1474843116701265,0.7258426155474845,2.067296593167319,1.595905692960173,0.32280737133906756,0.7002203969944706,2.939893963301439,1.6738726265091586,0.923344441931413,2.1978304217403553,1.8250037717995955,2.603786944890228,3.9514045785615464,0.45113334280977313,4.023183398086179,0.7164118921898381,0.2023863086915657,2.8555297643329274,0.6084016697037802,1.3066649122077723,2.5481760963739846,1.7343263521099916,5.041679633620049,0.4908710154064595,3.5988000750360305,8.831469503699541,4.200978224165688,0.5655816663380071,4.903512882647188,1.3830322577118852,0.6671978111164835,6.675352610240382,1.3182446091382902,3.5695535910670744,2.5435235994036427,2.0607850262965104,3.925955051616704,1.2163342675541209,7.067191062584531,2.3366747686410525,0.9578637531919612,1.7467850205819546,6.419564173856651,4.2784118720700395,1.6883980195795816,0.505665713409432,2.044471210929275,0.9841832742994167,1.2507500020413338,2.6151307107006674,1.9936316588380756,0.12116200727661572,2.5417620587811403,8.083103532390362,2.5798457310741254,5.050931697902098,2.778341822804861,1.7312434993442436,4.788763396902287,0.9676242014587038,1.0564524941902578,0.6345238750864405,1.0199980520122096,0.6310036208723615,0.6628411619172399,1.5759948222266116,0.818120514402958,1.0274822285340266,1.1781639855801738,0.571002217940113,4.152757515567915,2.0784850028681063,1.9975492005459172,0.4976233479106895,0.12281828915533549,2.8583595058712534,0.3073225853285452,3.9944103730063487,0.3785545983290075,2.2356116064637046,1.6321341403466025,1.9535280026047457,5.4553206610971205,0.7614386518401771,4.485040608802886,5.383820991898664,1.2704268628525166,0.5025812725455157,0.5543012271650405,0.5735949710979862,2.241973969782238,5.3651051838188,0.903433176109143,7.2741661246470795,4.2941352628267,1.4344888260258242,0.6634100451365705,1.491433558409421,2.018722247964189,0.8676971335969272,1.1435956169090888,7.090540084069065,1.0386843418823948,5.872769303854271,2.013560034306461,6.381806110960056,1.38774735832606,6.231570529342743,2.41312695367479,2.1126231303668934,1.1432946122916072,1.7035249664728265,1.5658816189575515,1.9582320283944745,2.8543678545018905,1.0997267158462238,0.8849513344408866,0.28934843271785116,2.2652223389958515,2.560876194652409,1.6360250431886074,2.4465046405995805,3.2770952072518735,2.448053878104538,2.158804616970869,8.44994602050911,1.4890611148719772,8.305275990339304,0.2123036605120998,3.262397035981876,1.9696932396653213,3.456269785409714,3.3927579963406957,3.6834987659582645,4.914067520055779,3.171129417057604,11.031687102519504,0.5218332284225373,0.1499530209677844,1.374525202212243,0.6484322403417289,1.7191610339809982,3.0764729024810307,1.2222044987038667,0.5272115322771774,2.1768073539946466,1.370627239909994,0.15981044164830616,0.8956052444867497,6.794323057249518,0.2901392807539137,1.430919045122094,0.9290051542693445,2.6889198515962853,1.8201007409348104,3.4323588845580346,11.481335842909225,0.4199190571206941,1.5662793669741708,1.9166540826417742,2.5395216593338823,2.522703026782609,2.2497539206625587,6.468937784184942,3.0562713153332157,0.4356997864903931,5.183921380302566,5.223017158126012,1.9259476442439827,0.0029991724926075047,0.41017765837475734,3.0341785103791152,0.8536058439428085,0.6640085867892447,2.460626487354293,0.5396496086704259,2.60864593874313,0.6486146790071772,0.2611641660798856,1.4445000169659812,0.8201693267212227,4.260506494205079,3.879342122834752,0.3644410694879662,6.245382548188658,2.0616058352786637,3.554678769180592,0.41894444227461103,1.072100950428746,4.503302684025098,4.194006207465701,1.601989592221391,1.8225032487356978,0.7153857627469917,4.410424668511588,0.6855234739948516,6.180130810096292,7.090314320792548,2.102614136057589,3.7467704932846413,0.9402211976807969,1.5914851326853838,0.9367625664676664,2.02518935170905,0.45659948565144015,4.461143769831204,4.335942122704511,5.209518704131565,4.204260422185182,1.0767290200117137,1.01947238857298,0.32350903715516943,1.1043873770002868,4.062248996485322,10.506176568547348,0.7471455844757804,7.495577498164015,1.9356898572972558,0.9166098063887396,4.956810788968489,5.522294532287825,2.2445713996369774,0.6379535252622155,6.934323147019194,1.1362666732110032,6.515967683216087,1.6998794417234702,0.11157560113635967,2.7357244929617757,1.8873306674723889,0.6170628327759712,0.43830452410624554,0.35498573471686656,0.36311545947565455,2.465992761922064,2.7181893559226418,4.55260498725958,2.1090532299201317,2.1286356896830476,4.292422960232608,0.05460733729649292,0.06281668793782103,0.3859429449508611,0.5520508274740534,11.694587458263989,1.2254811043668046,0.4997560428140141,1.29362949496424,0.2801319672924364,3.2550728670723013,0.38872623669092654,2.6329259497870012,0.5535516656566924,0.7547815315180441,0.6308700397358651,1.892058893850213,5.108277464184164,4.276080678971447,7.636016399324768,0.601218927073385,2.1377492142343044,9.217062663627859,1.8646426058385221,0.7428173969815921,2.2284290823492516,0.3508261740803118,0.2626620804363514,6.740093843391975,0.06226422470151671,3.145341408303632,3.2430227008382024,1.10286460098741,7.21529776092956,0.15057724661987054,1.091379257818241,0.4296822992840086,0.7316916528035238,0.24727828219149117,2.4472207411623987,0.4678931621300231,0.14814328020629175,2.9220813776743477,0.6697339671409511,1.2755729640321347,5.538426187415616,0.7089632830283891,8.345455196524691,0.6474243323452638,3.0845580017410383,2.593754893602039,10.642113072544227,3.8784841111698896,3.2481034451351927,1.6533615174407537,3.8585738401742526,1.4370263242889436,0.6601694635160072,6.206470812158406,1.1617860219978104,0.6176958550825112,4.065521869256197,14.892039472815457,1.9060765447448185,2.750912708096636,2.7646915244689914,5.98868663588513,16.16110896206973,6.317627182211227,0.25157240794577174,0.13389117228281522,1.8327905284080352,1.7287786497639228,0.5571399569069462,3.97978287535916,6.14338530221292,5.271279525062053,0.2252519844952352,3.5412922505380795,2.706062641236949,1.7498078108569413,0.5431187916119373,1.815545040924579,9.78853489942243,0.7666126281899202,1.528094859761754,0.6159925895666595,2.782698910087838,4.556861544942848,0.4961085138148922,1.5684620431339142,0.998737639702762,2.137044286223701,2.7006183174523257,2.267082666967336,3.3102823488744355,0.9316900308303466,2.1965726581997758,0.6514009055442715,0.42556983399383397,5.930240835766435,1.1206214531547556,1.2664562709434097,0.8185632697614145,4.435116477606533,0.991597071744581,0.8869559585317242,1.1239442835297098,2.042698992192116,1.8965761112837076,3.988177920002369,0.7115672091286308,2.0133297286395013,1.0534325906485993,1.617651407570356,2.8843158267499907,0.5179892575644253,1.994874669133322,6.218863358647414,0.5224423034404831,1.630170440412578,0.6410330106271835,3.5407524076900474,1.8074570214720371,7.683474989965934,2.2116074276475572,4.094985778739836,1.931032118905755,2.6739622013955264,3.099354036819965,0.27111523089771106,3.434584118770757,0.508857634858543,1.1149051757061113,0.08885127568640383,1.7143554776220131,4.801673548473753,4.043673317560673,1.3925530365186471,0.6229824840180739,2.319814673724008,1.2124114894586848,2.223775570581865,0.4254989229994208,1.920994707835463,0.7218758002690062,5.724400355882795,0.4362240653899002,0.1834245994524647,0.2974859367337482,0.20112058926685633,2.179072719749392,1.9726056365218005,2.23507393110395,4.198251550305712,2.4481588582540503,0.5242072317498578,2.563465973793446,5.7843704917534495,3.231868433217612,3.273701952383357,3.142183121019324,1.0328156772394568,0.03908353850670476,0.5537326847906446,1.13012179589705,5.442455019074885,0.8902292888662209,0.14494091304351064,5.706655953382429,1.4155954604189398,0.8246176456097953,3.841040262830858,8.801150238166485,3.3206363810539816,3.2267242326542434,1.7970201953787655,1.0193176908468473,1.6338862377563845,1.2566623634919425,9.446671622902507,4.324060067986331,1.515489762720502,0.1925927474390704,7.8153972061256205,0.6513183070078232,3.848019020193759,0.2937858024821294,2.8156630940594916,1.946259949006334,1.8984648560345676,1.6985408369123551,7.985622372709866,0.7388019680628704,6.958376693350814,0.1089072507180483,1.5386333719790815,1.0644288728877973,0.08441700771901883,1.2108048079007994,0.9340552290397519,1.8079161561836237,0.822251887293214,4.4887887907547945,0.6956545310634792,1.0644313150298172,1.3934019231087524,0.501789402891764,1.5580597533311087,2.4205760621419388,1.0519779614113123,1.7986181287236818,6.351670039170423,8.898878786673484,3.774324672736099,0.6312084194967544,1.7490055843573977,0.27848448543816406,6.295885242294439,2.6239640744104222,1.657140028094597,0.3295292032656587,0.7973349756468404,0.7397913040971935,1.3459022469155164,0.5084100085923224,1.2611902994314215,2.096312713876339,2.379641697081301,0.5462436086106606,2.739017948068181,3.9047775723722205,0.9744379590667871,1.0174240986934686,3.70950464456297,2.4533164335096544,2.031819137934602,5.984098970478809,0.5723390295236294,0.7493507344571984,0.26933328834755244,1.1256502366970116,0.4224010166110579,0.3985029096306949,0.3046746279253678,0.6887222270467723,2.1385035092025517,3.5808814907354147,0.5500316566767887,2.127194149216108,5.514034628166362,2.225793319517871,0.15359993909145592,0.9718736881052958,3.4743071699594346,3.019274044116975,6.080495970316295,4.003765133552392,0.7742667264057366,6.762834319709654,0.4272846262898534,1.4251446801936694,1.475288226387185,0.39848591207323975,0.6112435254698552,0.26383012181446786,1.1563640860189746,3.1715660888882136,0.5228286926128736,1.4948271057200715,0.8729791559088043,0.9320631006161736,1.160515254678458,1.0954642279841302,0.41444891655413096,1.8678632734625022,2.335260344608394,0.16878777911697831,2.2226191135072266,0.588593405775889,2.537561284481518,1.6555551974913885,2.081579497651163,0.2557938272498156,1.4488374215524236,0.46100567913850143,3.3626573563861033,0.1939847248007595,6.41917792324889,3.415568328246175,1.876510354864944,1.1821801937560044,1.3353042878735328,2.7717662018869316,4.228443573904497,1.3110849705509078,5.940208991900821,4.086307974753172,3.5191562987884915,5.951595728980209,1.8621961468751562,3.5636139496370935,0.32797761298583206,5.423263231003246,0.9282671510470267,0.8162932462921938,2.4220370788513144,1.105907673696744,2.5760823042148773,8.270176399992007,2.559531971010961,4.354264653339509,0.06082839213896485,5.345687820804737,1.1429798815043346,5.880918330642592,0.8953101317082871,0.5639780306406035,2.9685986402325266,4.936656300980064,2.8029049771491286,0.7215507886241872,1.4745312367515608,0.581032161016471,6.240778921445942,0.5372028497860328,3.9011068731200806,1.6678302823905717,0.5727412497488882,1.048583281844048,2.3449540043587227,1.0101533685223019,1.4599275183937144,6.044496721230791,2.974634291444968,1.6644029776784648,3.1627035233534113,0.5101562772271775,10.077753563242187,2.001523516495441,1.4850120213207125,11.67724833070449,0.7932093000527897,1.6410579837624173,2.727246964706708,0.9127353123132431,12.61343747562185,10.082852445793378,2.3540537733506,0.8031478996164639,0.19254410538117162,0.319437685058252,2.2574567106233308,1.9562244717711377,2.046974924680644,2.765818764184143,10.013901418536596,3.2547636785404013,0.035292918343988955,3.8373473628757435,0.31739273777817867,1.3871965984344272,1.802963524682212,2.9677707436884417,1.034300140022737,0.6916180034165587,1.3976795054078082,0.6066010295824231,1.780230400327897,1.8154383138890662,1.2861403529245299,0.3377293781767525,10.055637876444555,3.9729363802979174,3.951157076872387,6.657332624197929,0.6067928676571026,7.698778366244073,3.9118108814755423,5.405277452262595,1.173401236564723,1.4727593077960215,15.741482744140287,2.504233127157135,0.9973475260222212,2.56095280029355,3.3785779746570466,2.839404600478918,3.042867603259892,4.530827507134786,1.054646783286989,0.585346594067576,0.12524691663237353,0.7484697225114307,4.032440611268119,1.3278454542964342,0.3903437526669826,2.953636689337257,2.828392879490409,1.4982694923639208,0.21914955431818361,3.7539300067220056,0.576818471026616,2.0035805844481382,9.05875764203384,0.355527193852176,3.452568008872059,0.843816523716968,1.4506261872577424,1.4340728052633436,0.6214899749375802,0.661116674291576,0.6081164930562235,2.545601734549861,3.422546677518104,10.62548833425406,1.2508970241041673,9.345037298914024,2.2672305389332927,0.6971710515793434,1.053881042464209,2.1377645249823134,2.5859506641412917,0.5574079933495952,1.6830201500257094,8.443008230369909,1.0441149017875786,3.2848974805940654,4.898294964216966,0.29984322142118075,0.6394917261885609,2.2418559196305297,1.607549631169349,1.0851126530922197,2.8640862649244125,2.745302536763053,13.662220809208385,0.38465110564670213,2.5811521464723777,7.555734871716898,2.6170503123749875,2.644995454216519,1.3771539598741622,3.9588342717704417,0.24699692759205139,1.4328297897787605,1.6705477597182075,2.91586391652529,3.4466639800798298,1.7536054362506905,3.1508890491740744,2.180512575398885,0.6364206419930755,6.28193539044472,2.5713585715887444,0.39108542646481853,4.777158870878663,3.615228499495357,3.372447039263565,1.008293149063658,5.314191752852531,0.5565909006112968,1.2213411452947922,2.5098667213586054,1.5244200577040354,2.9804470745933846,6.236426397136973,1.5506625058187264,2.3904591436689158,2.519096667278191,0.4156303764801371,0.9686789350390599,2.3960725255926802,2.145330725847583,2.2568016902564794,0.3169247527214586,4.183336880410565,2.3037467052590963,6.534178417949646,2.3766833785309074,1.9187104663711123,3.82577821414258,1.001436313948988,1.171760787996679,14.943834352473065,1.4394541328538666,0.20900843631046406,3.070155512456341,4.692396215714,0.8619803744904373,0.226576946147089,0.39996716923931563,3.7159225146768264,5.4572494298119,3.3940499456893614,1.5119025171296578,1.1585737472458228,2.8566576513861217,0.24864781209575115,1.788498739507028,2.096499878336596,4.59881211022714,2.197492570834347,1.439037853740024,1.3974313491650685,1.9999058915356775,1.9891619781095617,1.2556656530627048,2.1083042556437386,2.805915204940014,1.7268480720515018,0.918832151259676,0.46672049231319157,1.0389698539973669,4.063181689864093,0.96638240660692,3.027993570903359,5.84462148088675,0.8552779298429218,3.9670574139798607,2.705882319789434,1.388924370171702,4.4620294830080045,5.613503443757244,2.4791900905922732,1.3594374163197611,2.087940051204974,1.079105588567458,0.7411497748159981,1.221302959363578,2.041336382185143,1.972530855209978,2.4770633141333374,0.6863153437712965,3.491675349388104,1.1176725001163148,4.160297442858027,4.388526819432038,2.6220941059521348,3.2586337757472865,1.3846956275791902,1.3299824354635477,1.510249270447008,4.865854039678938,5.009606934379491,0.8720304160072845,2.557451367676442,3.1376515993173,0.6712465454154821,1.632081186309687,5.871630997687722,3.0853106939243973,4.160624597186914,2.899516045084758,9.778938635015061,0.8155006550883761,8.264896603510067,1.0434139020202888,3.858139991429638,1.0262416133724812,2.4393024023308856,3.6369489085708673,2.3025608294309636,2.0727290654684603,1.6342559616278025,8.37206238875257,2.376509049345159,2.0934722906256598,0.9699784347929541,2.2442314300918014,5.706225544209672,1.6671957051186983,1.418070877427693,2.0395808828292843,4.624971145581599,1.4215756621368298,1.6458043394119983,1.4127743080124964,1.7077389538991088,2.750238878637034,2.0001530231245397,2.8069135073423013,0.9886869873976247,0.6412923514769232,3.726352818563106,8.100334357304131,0.1956026246746796,4.704796525820323,1.7491609422170205,1.4020461443103898,1.4714049713572868,2.4951386756490037,9.7897568159689,4.969118453045975,1.906061673621423,1.0279854547835061,1.0449056891249882,2.1279688870261846,3.3662222062243234,0.6348271783558013,1.6829360871266794,9.898923826935917,0.2011084630825387,0.45381843788968235,6.437642284922675,4.603594543097325,0.8848261563593935,3.8517548432578903,7.097687851573472,1.898168339975482,4.768329969492407,1.9640228532087942,5.913849940384805,0.6494650802448472,1.895039031250626,0.392023456649793,0.7080043950350445,2.764996063215366,1.9113283661832536,7.359549520814931,5.430725683083589,2.212246154585809,5.732734987987414,0.8661003471519308,1.051869485589628,1.0410857788362682,1.8054325147837005,1.1084611098037334,2.8257735751887623,4.34460405007642,5.762807977834839,1.3316976911303242,0.5479073208381061,1.0485795690609423,0.39795345866338605,0.4754749125518987,0.12341269431668467,0.7275672501879062,3.696946747027826,0.27717843935917186,1.0877818388908338,0.28211575906599184,6.50864322220185,0.36828402312077246,4.395257658194674,3.4721831711626123,1.755583879645024,3.453401887418955,3.9073107379933414,1.203705337605365,2.159026406052909,0.3219572358461411,3.713561997754039,0.24029465684986195,2.446146658179598,2.461121988929961,0.9661413418569005,0.8856167456341049,6.747328620660301,2.262172791824755,1.0584623083057865,3.649270251870313,1.3679971207018515,8.514450572290905,1.7255137505351967,0.4055790691951343,3.677765243547634,1.3513790793514528,0.30552182838304076,1.320542437477357,0.26688699345178546,2.319588711984002,1.2078656654893247,1.4874857656809355,4.016146049958674,2.3040714983498045,1.5210771430651406,2.5339533958380063,2.365535740449709,1.692874050666429,9.609719742225439,2.470652632741868,0.5987239245703205,1.6501761123769687,0.8797403665585559,2.6826441366966796,0.47337994643364556,0.4351401724428816,3.671626545746822,1.232710003126386,0.06073005411867527,3.05368996997943,1.9560630193010051,1.950844648152569,1.5103857353973211,1.5615222663472135,0.361315961228457,0.7058603959096258,0.12342132052923388,1.0775643929940992,2.7620384856025932,5.240494898725345,2.608319155323896,6.273270895540948,0.5488150988496698,1.1153303799510583,0.35627777109368863,6.9473110240447316,4.560334674190868,2.0829011825643855,0.933948552740044,1.220178509069438,1.4186193079036586,5.052695682215305,1.2397547939909568,4.901014873080822,0.47812758955232754,3.5661564323394055,0.793501819817713,3.06139093959829,2.1519358269203868,0.05587119920102457,0.6269226065165507,0.17614421248386503,8.318341030784476,1.948912164780508,2.329352147569564,1.5424420555698517,1.8746137767964943,17.909153376631615,7.625515494801073,5.709113430964643,1.7245560765163983,0.47363839104043565,3.4372380759993404,2.578355658860512,0.3699470460415527,7.713738852755969,3.3899546579197253,2.871575855486695,1.0266375243022747,1.9348032749008601,2.629522020921617,1.635911502668932,10.062082978868823,7.658041632435811,3.0591200223969075,5.821594822521682,2.3888956831297175,8.381675037869408,0.7713893123028411,4.326761437502547,1.267080046747509,0.20942092244756105,1.4406758111020914,8.002963632844772,4.2249400574518265,4.213153724557128,5.357623184471915,1.5044676991392785,3.244415423189474,0.8350752940006888,1.5190459382830879,10.230853569331147,3.0253956030220346,5.718979303243906,7.464961251814447,4.03640221151515,0.6411103956646855,1.8199867807203103,4.874220803753556,2.852607999605847,3.136146406552686,2.1260521219955715,0.4443428972403004,2.7481532843038137,2.1608691015175774,0.034368674480822425,2.679177394621428,6.401975927567176,10.997562215657755,2.4323703057741426,1.4467827231867858,1.9093257067401936,4.59737076546841,1.3237956363830152,1.7328325791413746,1.7304336183337248,1.0460770756127398,1.437447628665871,0.2396870686930075,0.5050289655975786,6.488847580231555,4.62522699425107,1.5778679530564208,0.935360147985213,1.6254285081029758,1.2300184620790604,2.4638378858235805,0.5426897622897249,1.0925638828088036,0.3172172994013338,2.0936872536479845,4.6670407358313035,2.4225970081404764,2.0178264023272425,2.9932703713498183,3.049912815906578,0.6163230666323313,1.2180531231619711,5.885353250569311,1.1022068386131125,0.7716916898759066,1.7967092976065742,1.9684165448359379,3.054154036413717,3.4700425434790407,0.5748163251407683,3.84115780097215,7.059635797853889,6.263656692867889,2.020087539720584,4.739578871540075,0.2619456938789442,0.4429173836431678,2.3768327034135748,2.6268034551289747,0.44203442696539386,1.78286197284342,3.082662424735717,3.8015777765753755,5.2731584977459205,0.4389211363951726,1.46609940983982,2.4611119774356327,4.121489545451075,4.570810921026528,4.076658313883261,1.9771636563030264,3.831229975431366,1.179568872489778,1.1151349312692922,5.929950771880628,0.9598957744844644,1.0025344469520916,0.5607068674296316,1.595915930817687,2.227892595648899,2.4635964314862497,1.8428576696610517,3.0585674817883635,0.7448929973944423,0.5038608587638644,1.6158459154439497,1.8540755819127779,4.409415001455314,4.727925545492441,0.4101727897518701,1.3476755312570408,0.6278238230923178,0.3790530110566658,3.789521820560666,0.5664910618708401,4.6672862356932425,0.8833743384900437,2.698565176444875,1.2841340592945687,2.3888071510178825,4.99535628326252,1.9967327028039055,3.5436203861652715,2.656894152161923,0.2170902155995772,0.1655693094373758,1.4776273367386183,8.7305481420228,0.8851207593205287,2.4014609583707425,1.232412934071164,2.402135311329783,5.598701732165377,3.5684737499814654,7.353516383181836,0.8159106626369936,0.5538166313514505,2.263741232777886,2.4675086430885855,0.6831008763352504,0.6776858885213191,4.411150963090373,6.65270169534471,3.03823577695296,2.8711846914344963,2.292796820149996,6.044437198300101,7.264403537735464,2.999370961325897,3.7308368642934546,1.2403694614395686,1.8073577543291233,1.4591147344601019,2.2087566211104055,0.3570382327761894,2.4653701479055474,0.49014882501168744,2.9515173902661,0.5955009460217111,2.311545774230686,0.17524396824000532,1.2046173344440567,1.03013350830894,1.064568917192351,0.8506863129187354,5.857959011110861,2.727565913511966,0.8182794648765962,4.236224839746743,5.2239709521271465,0.714791641138987,3.8672873283257525,0.15341983416119476,2.9445601989077588,4.305093706012465,10.493462673047135,2.163112166135957,0.4283875290578072,1.162741924314894,2.9847739983783583,0.18195582265490015,1.4874452912925928,1.2219814220467753,1.8510697362058073,1.224089544680162,0.6382979496987701,1.6884351745245099,0.3711968890829874,5.828036103663099,3.7205959784233293,6.810148099185592,1.679654816868681,0.8346233260695137,1.8356502723473809,1.0180091753113802,4.955804674418579,4.255361689364402,1.0667349128832,0.7503697517455323,0.29901340784399877,1.3604612345613516,0.5814915396997108,2.0861301007965656,2.364030206891446,3.4588056365798643,7.5993687573551085,2.485327771754519,2.7961790152181836,0.7116468782258745,8.261246924039868,1.19287865465043,4.371210084667177,3.2604954014031273,5.302038167483761,3.296021288523015,1.130028287206494,0.9957094836921203,4.88533558204146,0.6082021311247392,1.4386796411755771,2.598184931358337,2.1906017783430833,2.808025144208075,1.1554761087892291,1.0166639900676975,0.2502111379466717,2.0879285485585037,5.014831201812903,0.28214243516502513,0.44668300576144393,3.242300615531436,1.0422724702014965,1.020452505462686,0.7647026163024291,2.8557406938686882,3.2985201803948305,2.7803689776151645,0.5384652035681259,2.6404035471012572,9.19451440831449,0.15498507371778936,0.5855863487257531,0.23080734528972957,7.5417982291766865,6.962006073396229,2.69926923956431,1.9342203226875305,2.918530956517992,0.4918324336841179,4.553028556315594,0.9077804945132328,2.0547980506226953,5.0451318493874195,1.456939294906511,0.4161820779508678,0.13551465674715102,9.85821920354916,3.5752901750764616,2.718923606191873,1.9269831999680613,5.053286881915097,0.8652437834361721,0.21555838580386755,0.6725375549213526,3.7459591946395774,1.5254423160048338,1.6843273031442267,6.297376716970922,4.74503676174089,1.8842535751387528,1.619143867952662,5.639183193744188,3.449182521247654,0.6378413285934743,1.2845893717970072,2.2430179422307517,1.5949787180472679,1.8145058781884993,0.8045052543949116,1.3633773045573232,3.259976266147413,1.3898219997690968,0.7568101333850928,1.1315355121892814,3.0679909794214533,2.6000211850885986,2.044782243634904,2.1246813177000865,0.4777934664875829,1.150314152649236,0.9219984340800986,1.1103552592786836,3.5737540920737048,5.968023432149552,0.4707644950214305,0.20007591442540185,0.23278198095044145,2.2667736675240775,6.7437189318605055,1.0934970794605237,1.5188659396719475,1.0302917058806769,13.27032007577545,0.41977112544025064,0.4400969000391206,0.9890439673131266,1.7360514800173725,4.581404721131469,1.7348861706014986,0.3274363221818404,1.9413180163953505,0.7393540336282155,0.6450557164394103,3.777071827967795,2.350734999922007,3.6112576042079674,2.1488034739157262,3.091070979703871,3.180641209169253,4.556604656234689,4.0443316578473905,0.385350667729369,17.95532097859048,6.2159286325519085,1.4671395609450728,3.725272877582128,4.92412358782136,0.11627957565435132,0.47314990520766387,3.57117296165481,1.5304992240003865,1.2685290660513866,3.335533711799265,2.5816192421721045,1.9788540120968732,1.5373604319990286,2.3219268088409537,5.864818928519439,2.2877565268145683,1.9092990453157446,1.2773649115647157,1.28673002659051,0.8736444603085971,1.4710306669230677,1.8079073192584543,1.6355442574446388,8.471070983976487,0.11182239670483429,1.8756748115164328,3.470563860070011,1.315005974495857,2.7119969845788914,0.9874368892917946,3.196030960429693,1.6769918651803037,1.4604843462992814,0.9222646104718231,1.9109312372126688,2.8036419836585527,3.5144692831749076,0.762931511954539,0.14805135947071846,2.0686854801447954,1.2740376968522344,2.9892513256376603,3.786155358698034,0.8392042383534501,0.7720151576579146,6.329923445315136,4.811372933015957,2.1290323499200703,4.029183610462291,0.37381990948080246,1.120298105445946,0.7704249925383824,3.5118549312073943,0.10587461780990837,0.6374357862225347,3.2308433111522774,5.447627071447553,0.5485104171462105,3.2475435340706253,0.9577630345018169,1.1072050814759042,1.2301700809836054,6.267445419721142,5.301228157154288,0.7051198012256169,0.7643780284719326,1.456345147403358,8.630505394684363,0.9390202257724033,1.186857153086645,1.1705339071165604,1.5604107395637037,2.530436496675444,1.9651898381459236,0.8000854197848193,3.1174042500008077,8.767774100022198,0.8533112227054462,1.481045863967699,1.6242183198037368,0.901734918489974,2.766023208630449,3.119215286210334,2.0302730332478385,1.1383824095855926,0.07525212392404884,0.8537142756606668,2.1301736142991143,3.507771421254297,12.028876802143632,4.661680650408582,1.5956326371537513,0.18063253520845968,10.609664369610186,1.0022383827578736,3.6202875753342556,0.7111633170444411,0.44433269909842377,2.405608431482465,3.0223301947642596,0.19417895005476815,3.0510731779251574,6.6341572154084085,4.282198744653384,0.8725206716881827,1.8903994482585873,7.043113248918523,0.9416582361273205,5.936693928968389,0.7105681926594192,0.34672651642135255,0.7425787460165234,0.47018469199779456,1.6132944152134263,1.0911943705420102,0.6064746926005242,6.082844795899856,0.3542184474022747,2.204803762446143,1.2631342751838983,3.553904073210393,4.271806960624962,3.7596888756991755,1.199751483981792,1.6489051074410301,3.3993784183002997,1.1970753956646432,2.524845350695225,10.369616236437427,8.846673307245254,0.47133347031677086,0.4905673894087321,2.8819722918436828,0.6054466876664717,1.9435450977593933,0.7565680244411941,2.8827421101203416,3.376468308743264,1.3659315170809982,2.2848527032684873,0.4396733634342198,0.5875814929753369,0.35981882518144914,1.9885079566588095,0.660710195841419,3.8100793422957357,7.287590558819076,1.004673375613995,1.4740151206116403,0.2509939637099565,5.271572438482253,9.679755155509211,0.3898222775251332,0.06859376804912318,3.907628394399489,0.5106060947423836,1.239853469494502,2.0865994625484645,3.411277828662543,3.3959213007781823,1.806981913261771,2.950578933549596,2.3840586235509047,0.3523343530038163,0.7283859188920365,1.143779776993012,5.953952239465474,5.2009209479846,5.974598080463399,0.9510525933983787,0.6239198494851717,0.9617237931663161,1.1339225868468712,0.4826327370962324,5.730471685523491,5.097278375790275,2.91208227392324,2.179925650733249,0.7744423052641933,2.130136175818077,2.5824970468294426,1.1543365553498017,0.5535826600734045,0.8018849888766411,1.0597205836246255,0.9632145306445137,2.368887251637047,0.7090188368458705,3.3621914054728,2.2424399010168483,0.9149504752043455,1.5500239538453287,0.44930610492268674,2.7628777531296054,1.6708253822704573,2.3357233417543455,0.08329211912369572,0.8083261355726012,2.095093673181792,2.292331840556639,1.626070513537715,3.700900306223111,0.26678921778031556,0.7577240363269362,0.3389092286665747,1.1382950610033977,1.3856686501312274,0.9015807462197705,0.5153252770728887,2.698796583976786,0.06238855514255276,1.630684245393326,0.1323269695752498,4.1350890653593,0.6427684756154706,1.7196740715873668,2.753969083784378,2.043741768878675,0.6347105134704042,4.110915818254266,1.2496321734559217,1.8395082058969419,2.831752167743492,3.701786574951461,1.3769662779807679,5.306609389038941,7.511838503317563,4.842539681136987,1.5502695602954928,0.5356155214160203,4.636145815878147,3.22182491991776,7.139864466664857,1.2530353338801596,0.1535147133513337,0.10875214038787911,0.40286263728042027,6.329546290268225,1.535524629635435,0.28060046278631534,9.408210838486696,3.672802715306016,4.074629899501413,5.7835338597905075,2.480672398201668,5.552600154774552,3.7846256047436784,3.747749425485524,3.0482840527237487,3.256393744421839,0.1837685342455514,1.7241732553541842,1.0908245120020381,0.2549502412737261,1.3455746492004854,1.1588942170167063,0.9465138820140211,2.276199075048496,0.4607800770180488,4.735487324111535,2.952908516360185,4.216071981725185,0.9840781909780267,3.5543007190794937,1.1804127712873924,5.135184121616593,0.8419732287155313,6.759646546741796,1.155269098963909,6.315622450401476,2.72924986793518,2.844730124767719,0.30211495194671784,2.8772220601289566,5.740515839237114,3.4904955561852704,0.985230929565502,0.3404486268995611,2.1172488524665107,2.102177499704732,0.08624816812964609,1.442946394222911,5.152397304930787,0.347235841685345,6.8153136694506955,3.9654955091605406,5.803466624943395,2.9198113172748794,0.7552031809314383,4.932139749720256,3.8122386524926313,1.7251627601198107,2.2032556623991617,0.3198429098770277,2.1188505924505234,1.3537375549096515,2.8097643958743097,2.887211105770252,0.43748878992842394,1.1255757982812862,0.4780653303306154,4.74825263414773,3.960549446534691,4.32295353894507,0.9653738841972455,4.5958375645506315,4.503177144115139,1.7875663134450557,0.3092621231134153,0.4209068247070933,3.62555331668261,1.741041495826878,2.9563113565563817,0.4649415295398969,0.2473060186724243,0.7402961667022282,0.5052430794251621,0.8320763032309544,14.016505066973581,1.5689766514993941,1.6241763250461947,2.551930979788618,2.5463530626555198,3.8904456240198426,0.20697653755553258,0.10539836956753446,4.303522050968961,3.0829223001129162,7.428814746876371,3.867736063533769,0.27693302559707256,1.2769225958692647,0.374913003388031,1.7478504019329977,6.197823593972425,1.4746021589271805,0.09125433785697523,3.817315279842448,0.8913077037110329,1.1810019910420306,0.23388404636760018,1.333813000592277,0.3649159224046844,2.4111291519568954,0.7790059801648789,0.15700077346540603,1.6680827929189694,1.3575437281864788,1.4710647176967333,0.47441015219257765,0.6008086208455309,1.6815754678722525,8.985213358683838,1.6892474385369516,0.6194179382382432,6.560995536234894,0.02813783826482319,1.7700182069983192,3.6702057745840992,6.17806090964973,0.787866131944363,0.7115364228746826,0.5137040637331064,0.6585182918270567,7.56645960589447,2.2294534076747383,3.80710227545469,5.287132872540704,7.439793075681537,0.35245485600667414,0.24948198516885045,0.7100908784908595,0.5633577666176338,4.125596640279918,1.1231486740422207,1.66987582679349,1.8819734178434824,0.26956577632960466,2.0612162749186274,0.48715737319177993,0.6786411384308949,0.19446977368925022,0.14158677915432394,2.1786961722444436,1.5021593164497722,5.716448879638045,1.4685578166495608,5.28914976245166,1.2040489092363775,3.427586727225221,2.3558547849821725,0.7736199953369478,1.1353023624322105,5.872272567646662,4.0649460363242405,0.831327420218833,6.560102666647294,1.029923364871643,0.5636300449791202,2.7795423431604833,8.888409448535684,0.555621465453107,7.3960088514073234,1.070152792951862,4.757605787423575,4.62199993733541,1.999312388878947,4.686178526766519,7.342930123828588,1.9617445903459463,4.117454744899157,0.8001456264114496,0.12236770013205334,1.864381081700063,1.7035985768100386,2.1806203632970265,3.363017175275524,2.476564072628383,0.5079376887830847,1.5704202929526847,1.1404757641991006,1.2171848734775002,3.2905837671405607,0.8075836176556143,3.1895013939363395,2.1790375121848453,2.1244444193655885,0.6443306681802403,0.11868826561424006,1.5764629867821938,0.848851420041803,0.9575788302475967,1.2020394659841152,0.8155867724951891,0.6336559440243972,1.4174526561824021,2.779309280142441,0.6521852689288268,0.3484868990126362,1.1481617806523736,1.082539230619047,1.2322098243276016,8.893102411527845,0.1867445732334958,1.2770561210803493,0.3284213967402785,0.38213969544231363,2.131747678300392,0.6678782041528396,2.687521862952095,0.2869557066257118,0.48125454317499344,1.7208885929745525,0.23600166477949602,5.255240126545299,2.707859264266764,1.1004566000048073,15.741933531013517,6.371820456377005,1.81634498876508,3.5086967713553974,4.161217052069617,5.598088849186275,1.429268195102637,4.052823313636298,0.7647331584514593,4.587264553504496,0.06863925870415866,3.631143726043386,1.6894600678559364,3.6870010778798235,3.2475884074011834,6.184609267039988,2.6169046731975945,2.5777193298028984,4.903583787607021,0.6451645524040215,2.8236184560656947,0.6776076601161235,0.5333019410314539,1.260024607061753,0.39842594727494435,0.8020331969591837,4.662990258552261,5.877150122199419,2.4958831753029527,1.8590431933958609,1.2037176328723234,0.06658892815042305,0.8140407042062707,8.780855447966776,0.8373617738553458,2.016215878577451,1.3408443345636996,2.6978557050978735,1.029485079089322,5.367035868046546,6.631433213083029,2.666170406967548,2.8510161939396914,6.363920361459841,2.6986326074079625,0.9641611749247174,1.440339391365801,1.554000750368839,1.6251143640763983,3.0921066510018735,1.1526806276625279,2.654742895663869,0.4915484511375855,1.397731511141184,0.5306564184973763,1.2575416466697782,1.7485744191562533,1.535102071124824,1.0650406928514915,0.09239278062187939,1.175257349840392,1.0961109089968504,0.312594776111414,1.9451160975926822,0.7299058266137772,2.9732572108105737,3.850970190953058,2.7316899240636876,2.070091593800684,6.63250007963628,0.4991000974278597,2.6583437468965787,1.6726940296801895,5.298268257852173,0.7768466348031591,1.2483585053658013,2.7518588643183257,0.2945204266543351,2.8914701620194867,0.41936104539221564,3.2894407231191134,1.680818704947318,2.8017777900091154,2.9626771724913414,3.255349781751213,3.1944373129133896,8.976885109279197,0.6615369819206238,2.6720643104291906,2.7281022035893163,3.124696166775851,4.190640600721855,1.789056948196365,0.16467051878275596,3.1722323502430583,2.604350384547174,0.8423654919234518,0.3241799283355966,0.7301224337894565,0.815877480613709,5.660236089205342,1.0261348430323007,2.680620175071774,1.7005792722685455,0.18043985036569204,1.0612136422474447,0.8927813324856488,1.694605554214888,5.270485536802552,8.071663822216099,3.932120366352014,0.7302562407174747,2.256999668615451,7.316349842289232,1.265961499818601,2.6674446380828365,1.3451161062641515,8.47200287876524,5.041309286504463,1.9437789097324478,1.7285753443341934,3.0420957296235565,0.5329217634416944,7.717253859011666,0.8144020421738071,3.938128358998785,6.527784444182825,0.838593422285371,1.0493670198315537,1.004234356437238,1.4191776154790159,0.7436627021364326,6.315450995799598,1.9907228719619328,3.0344183703399024,0.7165389455944027,1.1536641195182944,0.5273102336897331,2.1256702857314362,3.7803399809757776,0.5801101091732218,3.034098515620835,1.2421468413946068,5.912283389049986,1.158862539556862,0.40887908831252895,1.125896299955049,1.1195020353908176,2.574463006394083,8.311676835865594,1.2355905589898466,0.6818821532692411,3.8009775678617483,1.6274454616649427,2.5583472771056703,5.6762924863934945,3.045758844589104,0.7798150190199438,1.4523599925174995,4.423079369516607,2.8947573401054383,0.8456190004815687,6.667419606201275,4.634979894348204,0.9339267417274673,0.42258494720348416,5.834607394932541,3.061606208681197,6.028226859197183,3.9828321536032805,4.378014867797153,5.236203541245066,0.5948270774630301,1.1287033413477148,1.1313120971013904,2.896090888637318,1.899894576006031,1.546613586116048,1.724384887507353,4.243196853198244,0.2631113428320413,3.7824463224673983,2.806954147996871,9.498095423944578,1.165048050265879,5.203834446344987,1.052796799456233,4.949657804511148,0.31441330971098713,0.8615556214940445,0.6239711369882048,0.4899032251087549,4.315878740844292,2.853988972117209,4.734041330766129,2.170664986554961,1.9830157490589724,1.2102406485244575,1.839697583818075,2.389138601930456,0.37975245350298614,2.1460520925802697,1.0421345194120821,2.0182108058892965,0.7754457669026871,1.9315327696321771,3.1501323552104017,3.3385789984464025,3.133303764832694,1.3020412430561106,9.333508665511475,1.235991674165356,0.1794993271898372,0.48115486397719776,1.1392181519672913,0.17663581077076262,1.4069755502638759,0.9177406818562199,0.5588814123964856,0.7242907079302634,6.884949771094526,1.919770653738182,2.0182181538365667,7.125879262182991,2.996886918377678,5.703425725178612,2.4487404809177487,3.647541055524542,1.6460404259752577,1.077701243058296,0.8087574899690672,1.6849450864991802,6.027540072192965,0.5966932900525261,1.0926978778028797,2.4687457732577065,5.094175249583041,1.801522746896988,4.054362860692967,1.8654041702843767,3.106285888159518,3.83600942192448,1.2726088140579543,2.1009870460850473,3.895358976525035,1.2695528811142194,2.250844952524692,0.5682832819757744,2.561765789541335,1.9838207140707278,2.4624371802178304,0.8105011310545406,4.589351628138024,2.356672649760659,0.3204690087171608,5.094974956485204,2.967395694268828,7.566730237160724,16.14133347471704,9.288148886227823,3.2263654152631,5.350967711396653,0.9907860216993356,1.3509176209757239,1.3044644870327602,2.447173739216174,2.461169612547982,3.07960734945924,0.3632258445529984,2.9090926214449366,5.4728919157945155,0.8788940690062057,1.9523972100795617,0.7929435940266326,0.3173879932655511,5.020534205343761,1.0550505838582027,1.461158932906505,2.186318336814745,3.12577533348235,1.7068218249901497,0.7340489002519726,5.229856599740751,6.885380572302113,1.6568860072725908,2.6754489891082107,0.44799693826630294,3.562961835770533,3.0747087530668,1.9272474990106532,0.5667058022524522,4.306072390624584,0.7360366539893901,1.580137359297317,0.3678526754595923,4.856750284134603,1.1033856312511001,2.6209248198339425,1.8455444821748004,2.6448003526735553,0.9197734080047902,14.768904070517062,3.5911292137007664,4.481292550907868,0.41636313583341306,1.0641173079822337,1.6977214819119717,9.220356613527565,2.2143668708789632,0.7492680249422152,1.6822109180030727,2.734777241049676,5.8053672977138815,0.903606799316842,2.8056752047176157,2.13843818436665,9.116514685801075,0.11647285593946011,1.8493729068093214,0.9761384777759617,2.0073282308386036,5.382585252435488,3.9522761081275295,0.16452662051623412,0.1822458044318021,0.7904901450048591,1.5829486187018815,5.1086057789006585,0.35766808502752306,1.0450409957643312,1.439210627703063,1.7022560028485194,3.3395651881512274,1.8339675459720726,0.7575965060124439,4.720980448028102,3.277986463519359,0.6081586444332052,3.018632735124248,3.112800796382855,1.1950066710970642,4.7850742364827,0.8369061947390115,2.5062439328995065,2.0724572032179935,3.3808788462740162,2.2012095887741614,0.18457327625012393,4.118972483450424,1.970504528781508,2.919135303592033,7.2681096531834815,1.2145062268256945,0.9297753128154833,6.131209746906279,5.536054850557456,0.4788900209104454,2.1287228592953404,2.60790491931027,0.14833476545086943,0.657056905025561,0.5779546492749474,6.943459321301839,2.152366044001283,3.2409822388152465,1.5615893914419876,1.501410879289299,1.5389412693269244,0.9275460510232594,2.1221931264117613,0.6339245100695782,10.692305537803033,0.22402426753184526,0.8136634154774531,0.2339650438119696,8.268611241843399,1.7523350853336406,3.8364759361731764,0.47922252974518104,1.3418481502584525,0.9147386433196111,0.7852666855940222,0.8575974969536582,2.567373953199167,6.371393629722187,0.35004855083329556,1.6643632772577657,1.2037982430311223,1.8906944461258575,1.9712836874696489,0.9743159857111178,4.510410366094117,8.052621434385122,0.5936905011419801,1.4289923009386478,1.082536755300368,0.7330880087209677,4.210433488022851,7.504527723065374,2.6741606485990235,6.941007661551321,1.8598719927316747,1.5812744881129235,1.2101217014733678,4.2855704397773895,1.8169967195091403,2.2650525497526415,1.659560037702589,2.277525704621726,2.1844150455690547,3.404199917389522,0.5046102090123767,15.399166029960499,0.7424873052017718,3.636899541903462,0.9644108085982493,2.9218915387843016,8.331384126213106,0.525313815736884,3.3016327613181042,6.168134633451318,1.0154979959035717,8.253059347007266,5.82178994100212,1.765203524881272,0.1884229077322963,0.30395584717326884,8.775108337444632,3.100526416038603,1.0802089430378716,5.363580197827551,1.412925971047892,8.327658735619675,5.460389961586949,2.7901898839444588,0.8368213793878345,2.601182074120134,3.563913765849747,4.608018754990612,1.2530928691154486,1.1488601025848313,0.9521842351599875,3.157668717989886,2.634440845413563,1.5507266845338386,3.1317000059594733,1.2576057981086781,3.229349607793771,13.844490300281668,2.7158136372490866,0.5283147256781549,0.18713558300527522,0.7541206539321288,2.982284540081735,1.4372063222216802,2.0302916197363423,0.5017054666202507,1.1914835444205787,4.129059390632056,1.7355831493657257,0.09020119647287927,1.2367775995197823,0.6573546965203121,4.8000168743765625,5.024353410115382,1.888094707327594,2.9189194247707104,0.09934478068466834,10.26899878759268,9.463920948806052,2.5500392113334436,3.0052416160553417,8.944327154852502,6.049468926604049,10.132695284612991,1.4511437944052217,0.9995378630452209,0.3066866165593858,5.894194615222946,1.9409473617814617,2.5895324369354134,3.185386303478844,1.7183331392989547,10.213749359005885,2.951982039381775,2.786313857989709,2.176117331681341,0.8461242801195377,1.953826298425377,0.15188490826055057,0.4136256204522634,3.7517723291380127,0.20482292846329764,2.3826063498998105,0.9709179295462553,2.9084237900741408,3.2137310336303275,0.9764733071157149,3.0719257061493144,0.09017203245478966,4.947766308514472,1.6802602143101608,1.386376891479606,0.4603445126925,3.7448636427969735,12.979705534293842,2.352390905518436,2.652592512877013,3.6898299449414327,1.2545502044078634,0.5482846980171336,3.323982413665492,1.4068688628252601,3.9206880724786966,3.417831949995483,0.6856456447639959,3.9519914881213305,1.32948196436896,6.843078260759869,1.1344958583669948,0.9448555120646249,4.446108325812437,2.1373139387079374,1.0051458124754244,0.6433992015917019,4.290438951460097,1.3543426005401737,1.2865925132745928,0.27072963012320683,0.5359842572790705,0.619048832395243,0.5679747409530305,3.2296814799417004,0.45325734140251744,0.15220621926360534,1.1664525049671413,10.45840704126368,0.37644262419071417,1.2419374849060045,2.285174746300428,4.291762323482901,7.636233549366012,2.360690804814672,1.6778301698150646,0.17343026986240062,2.5231747311067525,1.2313649743950577,4.88862758539663,5.342826577145553,0.3343267041400051,0.08830710589367552,1.3937141717814112,5.042449842774974,2.330733515032606,1.3149905847057886,1.7445418094631664,0.6675287105118681,1.1145610059648614,5.682413252950297,1.7835287962548123,2.0841328257362997,2.9825591590650085,0.5064623806235138,0.8903488090127292,0.5133392664707879,3.7731185901606703,0.5539509387332784,4.241356629124329,8.810677702748833,1.2131175550749695,7.800601035567255,0.9994908494346076,1.7558593964033786,5.48970897596341,1.1444376883504257,0.4848213682062019,2.3601785317070165,2.8376971167787213,3.0675028069954218,0.5971046882360267,2.042882014124827,1.422962076360998,5.086444191804054,5.318085349121895,6.137378883163732,15.468413246419495,2.049723300718426,4.103855833198174,0.9457667328818348,0.1366072518095749,0.8635430587225197,1.518760638383359,1.7098635037573413,4.09658440808608,3.372044274067062,7.071404850815919,0.6353619995974135,1.0181530175044327,0.47195265124148356,2.1318965826327774,1.8519916989749845,3.35716921511534,1.4304072480775294,4.3443808090767275,4.3361352033049565,1.3541398210304139,2.7543024361667516,0.29077644714221296,5.57939713311815,1.3845268858765956,0.8918279849708319,0.5615531399656686,8.720499502253617,2.469577804206519,2.3534213265413166,8.195239823682058,2.7628996002082395,8.508091532894994,2.8761289734737536,0.45884506822040483,1.4248188715587404,10.23759311014568,1.242143875571587,2.390226732356071,1.3681774416956622,3.401707104264908,0.49392162625472813,3.627974276354557,3.0660699328595347,2.8627261836800937,0.7043032331288184,2.258955031347979,2.234379135863123,2.658435708122791,0.18117100580188372,0.3512898001654532,0.7572112269860871,2.9748381538588156,0.3187790957846395,1.9226544628283415,3.6600576300108894,5.446396557964474,7.775162891100046,0.748623810135604,13.651154852084066,1.7577640903389524,7.4691646277395884,0.28677859699180686,0.5320248088014347,1.109948519886565,0.7629508146609363,5.366655973557519,1.2416561201373524,0.29017050448364,0.8644830056606971,0.7995287072737802,2.3194561954811292,8.778385034317811,5.785919545440163,0.06889072190958179,3.3855876880292106,1.5455799558711765,4.491940226559905,2.4632065172812556,0.6091347263056264,0.9886512798193265,1.4255372193685922,4.3806143387638485,0.7317576284355621,0.7915454268646258,3.4558506021722892,0.7405279318522081,2.136644439611248,2.1072292153006,2.6930735549202542,0.28022268819281826,2.2215188899246296,5.9778552041654915,3.3815546911818335,0.9267512020813127,2.148248764481003,1.8822540608172391,0.5106147639215717,0.5993731733751418,2.2928860396443227,2.0815590316236925,13.195540300328927,1.233086126249704,2.271998734863116,0.07430831371795127,0.9748545939229968,6.283517844350207,3.8216608407544226,0.9602646487438263,3.9974324551309284,0.3409086035108384,1.2333937661926913,1.2048339647245556,0.3776438523896609,3.376830206681584,1.619577042535995,1.5836842850205866,4.313484326241451,2.598055502432257,1.4496554192091629,4.848787809087723,0.4320190902534512,3.7131133228221036,0.7694164288049935,9.569230626955498,1.0033125568519918,2.219006807403095,9.270160768825576,5.589569292419174,5.927886211441293,3.478678503005595,0.3032202031217883,4.688762066051681,4.775247670422204,7.277056125841727,0.5468590966129836,3.6166090049111976,5.291101673125254,1.1603618485502163,1.5976198192889364,2.3028495485417935,1.7360176140862233,1.5220969378392901,0.9452314059009326,3.7307504573023884,4.541553409783434,1.7313946732405598,5.715219811265178,0.7070000259691946,2.5927565925963894,9.626221013916627,9.546018690911353,0.48800789447155163,2.281889501647635,0.5067623378685888,3.6087165009527618,0.8802358890505976,1.9214956524785602,2.7553269172226473,2.628446278554719,3.933813460265959,2.916984313788068,0.27682194912071634,2.317629890557245,4.504214405678378,3.49707422260897,3.35380752031411,2.4616988933769965,4.744724135931241,5.428884172559191,1.188298299550585,5.14733484389932,0.5234758018990039,4.240499065755401,2.559812563575311,3.0888868645371237,1.0150333925766406,4.6091682381701,2.8319545725723865,0.4779167943214857,4.118032292971049,1.4834628879416103,3.772222995721903,3.7838670716477054,1.4354256957626599,0.10924911042468688,0.44356152832034423,1.1071642599320823,2.178536123323184,0.5177066002396465,7.3648994433427974,8.127094825546278,5.925132007526126,7.754614342251542,1.3557441754656054,0.5025465005732717,6.916494648388465,0.5782464174593968,2.8751849012172577,0.20413198540937316,0.3474129566496664,2.5890721895759383,4.059758385564265,1.2482744968604846,1.5665732308099671,1.3597565390081376,0.270613729424121,4.966013321480926,22.82293426852167,1.9540741622666489,0.9005157801780902,2.4735961192605824,2.5652947690022536,1.3186237214039684,0.3013154443644641,1.0974506156618786,0.5968049012976673,2.0016917907935587,4.60938675480678,5.664229072897385,2.096010542339084,2.647183039355775,0.6325376990059322,3.6704009477778183,1.7833346029158943,4.583538275605844,0.3721892933459121,2.5492751611984636,0.14146779662749792,1.9418716408997017,2.0269597061407882,3.128989750458943,1.2263694033402515,0.4521059547894589,0.4460128484058079,1.7226037799097305,3.603182080362611,2.234071477965665,10.759332221482312,2.135619795754815,0.302588258501294,0.11730165837292594,4.075558165927037,4.4255565242681065,6.2128706594961125,0.4792683295269145,1.2946592451200414,1.9224990442527883,0.06091329698322023,4.3660968001639455,0.5926942841707346,1.1264747928078884,7.852150618809677,0.2082565619440453,3.9444776142805296,1.1264559085501396,1.284854087171372,0.31348355333346123,1.6962015144045282,2.039011702851009,0.012144121535734076,4.355784455382848,3.4067587345206953,1.7789453106204993,0.5058772453770322,3.6493797249538193,1.2413998139803069,5.0004414266716815,0.6779664089129921,1.5671748538567445,5.995179126716085,1.2520927375071618,0.49666200126474636,7.614255469920714,3.0662298037925924,6.087806302197688,0.7060114018434451,6.244634345410588,0.41613736970185256,1.1109667693455343,6.736773625186832,2.728456792086665,6.200807754604058,1.6785503880309487,1.9967491390476284,0.6861886189031146,3.3454420514291865,3.728900109510721,0.5272232599623792,2.8336101405918277,3.8826123610200836,0.12872784667137505,2.889625119501926,1.5021597721382443,1.7128857659179642,3.6309143402739474,0.9971067466083152,4.492042952727609,1.1360564385138627,2.482708100751708,4.744603434118199,2.6874371445115606,2.787471022345549,1.7112010736554009,5.952744494672223,1.0096393351513129,2.9209209479025224,1.640092901285334,1.0137947424953864,1.0958885551696,1.3656910861293974,3.1975869689864496,2.3719786507414375,2.1594157113998014,1.5843435822727243,3.137659068732092,7.657187551673018,0.4364379807676598,4.879602432385419,1.2981358986903646,5.861504302409129,3.7497679503237387,0.4697763365583709,3.7718688243295038,2.350927007738973,1.2274325477998387,4.178605761496996,1.5682999807160556,4.028686175565432,2.5361007742215618,2.1277313394710933,3.843311690392153,3.8324731931662686,2.3175342414347972,1.4114997096280293,0.2144113874719179,3.293093185855159,10.448060016644998,4.414334280363321,1.718469953958646,4.880720704987649,1.018735677592525,4.830721509722159,6.884711172312379,1.7877694309839645,1.3444980688648736,1.7653590299535746,0.4881368269755044,10.931111890087585,1.3394675366382434,2.309718384021896,4.406697323051892,1.9308810906232918,2.409656850581739,3.6495913379403504,1.4712919526774937,0.09877998700843138,0.6132840010332719,4.7949066421658,9.541599789387147,4.43209108500796,2.0944604516284357,0.6128230290800012,1.160724619848582,2.7543697711198183,0.6662115120805056,2.591563808780629,2.89089899936387,0.5473414009832785,3.0635400593292834,0.9484629407156429,0.7326565238355396,4.261481865421922,2.802089921725396,5.055397727178303,2.5620103026597834,0.2745522282257944,0.31121029065184713,1.1610943135930396,1.2772473794689767,1.236561688409421,0.6262317494182036,5.675266028339008,1.4632993712965017,3.991372800612484,6.183375488173286,6.70891662145938,5.508973641894396,7.043585824048744,1.3049267498281916,2.7931024458350624,2.289080882099073,1.378779252515592,0.5079306477146805,1.2313932803108552,0.8897090030982049,0.6661793373173407,0.7685173568181509,0.9358929297668657,0.8558884934690469,5.636796745633047,2.00173231064028,0.7619424300346662,0.8416451708496365,1.3777454392905981,0.43062151275521476,0.8012542446770055,1.5878292918147672,3.4817192000312716,4.240171306213406,4.951425029598838,1.1083617016325902,2.594408970043436,1.1397187027702222,1.7717111601054236,10.485909676540837,0.9397503636868946,0.8572237220340366,3.0894429510228543,2.988580603330357,2.0610496986768614,3.4609319083663346,4.756462000806179,1.7951835732122694,3.707839994700197,0.8040496419687376,0.9871232818731517,0.45457196194879446,1.2516998370035872,2.423041255667596,1.6225292679129018,0.9071770740399892,0.6717671868882444,1.8518114187615855,0.3092550724528511,0.40135740518607843,3.169056578884689,0.6270742858522496,2.3779992136115347,3.7528237279236727,0.7546213804584084,1.6495864129103897,2.105853883617162,3.006783757595076,0.1278935856184371,1.7588437358586613,4.9793744924590655,5.109608725043487,0.20172148786248778,0.9579132548293925,1.0187019261152161,0.2823338745922418,2.836811566332928,2.438260996017439,2.4741170314913044,1.8739453464240436,0.3853670602961341,2.030076430651322,10.08501938371078,2.2924596887784117,3.252812044352398,7.889116595300409,2.8796775492024493,3.57197844767572,0.9393652936311021,1.0471786138230137,1.1395841376853977,2.206046256094853,4.625277732003135,4.739023345907675,1.4477794258790446,0.40155218168895135,0.9745307424463665,0.6232342489401743,0.9318511113727561,0.9882310242405112,2.683217439738981,0.8529690513243628,7.803195492898476,1.4117012366499742,2.041178564604813,1.7924953442082987,0.3691001811455764,4.219925092186456,1.5946379986172103,0.45574568903039914,0.963858803341496,0.7907162254305695,0.49219228846725416,2.9064137621061152,0.21847957283924835,1.2959797414851821,4.511927528887726,1.3777126894152685,1.2148887047612953,4.939759898932774,2.7200646722962465,1.1034435004479302,3.1335234436116446,1.8893535703263613,1.2840129979880626,0.9612368011435515,0.6020665456982521,9.342541022258606,2.071923100857364,2.3053148368522787,0.553481359280354,2.1751362561304513,2.8087368794183813,1.6601038169063616,0.6204874358314798,1.7210320031671613,2.678794883541642,9.46879113389443,4.757298560467623,0.7236824628138634,0.8623151767007622,3.304717889905237,0.926148130926673,1.720872177585402,1.7396076532736042,2.0340757319791702,2.077455837098022,1.4113110565283136,4.713359911484743,4.163630114069253,5.741862344600422,3.179665694020084,5.211956186618664,4.313022022444141,4.9310168754246035,4.255775062048391,2.5761953781152123,0.7171309382339266,2.5061647575991963,0.6218188053857983,1.3342546369574215,6.0150066238541475,10.07873893468205,1.1242906306277693,2.1343222377273197,1.0257057790633335,0.3076423192718607,1.9453015615860285,4.007714587586733,1.1673045739386347,0.4478993523582897,1.769173450014432,0.2862772750388751,3.5582353995755223,0.6755260630830114,2.2719307137421128,3.148065327178839,0.8142219732177429,3.1874613700625916,3.7155051867722886,0.8741921859518352,0.43455153983789563,4.7533442514777615,5.33982662356839,2.0188394032890944,0.37809786991291383,0.5728360234377323,4.438487954484533,6.1149136069065975,1.0860968172048866,1.265620972718334,0.6806929961703511,0.3949977968647984,1.2595835867669447,0.33383225052081544,1.4827727126966437,0.7997035834330823,5.779116514231692,0.26050932004240535,7.574823481665032,4.993192978453698,9.486510297274915,2.580945064357973,6.044678045521962,3.749003440757905,2.460307499047281,1.7332495164321085,5.626088960071778,1.0618824301583505,1.3996592102863499,1.3385824920796927,3.0846092960218545,7.868812228949717,3.178789823225428,0.514646593160683,2.831033905855739,1.099483102127516,2.246104649499533,4.021382125324402,10.419922701903847,0.8173620845028527,0.6891006703261389,1.403866459448762,0.5537253000952498,0.8473251240401534,2.777948000669379,0.7303749552648104,3.2758082896111227,2.42163094471192,3.6748518134948633,4.323796391495394,2.3131539761420363,3.441707898679484,2.6521039548620466,3.465273260973838,4.594842377372142,4.969945816787912,0.07506470466688375,9.14382928192685,2.5767670765474078,0.21564454890673235,3.501087278026416,4.096825951608333,10.191674361720272,3.347416268245437,1.103479890472435,0.7017870450809548,2.7204579257902175,0.1334240647077174,1.5954232040348346,1.4630975169210816,2.7284503319981033,3.047593796053333,4.828015612440467,8.50729303450308,0.4533855217142052,0.46720254883573914,1.445559157506282,1.490043711579434,7.842995967792254,3.9795891662540392,0.586050859804031,0.4292396320542382,3.4241731730959906,0.937817982694451,1.1316923003400536,0.10369389466259255,3.327359554113424,1.1296385531594264,0.7358881584363102,3.8288257751574077,1.8015330733401893,0.5352905490184334,0.8037132983127386,4.455393089084341,0.6675623852454721,1.5615526972526679,3.3171071146623405,1.9842382599488069,2.9537893771282957,5.037905874748522,1.3912338389851322,3.73383156066258,1.213241165660984,6.668435393010261,0.9027310436246946,0.3981671547033934,2.341545587811449,0.5622245202873848,5.852416553777967,0.19219831221617545,1.5819518460756288,4.36172477324407,0.2542119812866295,2.6261831801767923,1.8269110010517833,1.6513993030051934,1.533016743488409,1.243308758158634,0.8393426243386448,1.0715478759396926,0.8629171693450075,0.9171538150526481,3.6380653186938527,1.4773853851368874,6.533072474073741,4.652003473124332,0.7098367748384615,0.8939079709960432,0.14072328094618425,1.5680585705972416,2.0416462560228315,4.070872743941918,4.905764870723269,5.9771742146671585,0.6533964050815158,2.4621894893153033,0.780925766139539,0.5510177651902013,0.3551194221722739,2.134062791704283,3.97382689246161,0.4062568775114066,1.2097948557023233,2.8992023924968398,4.197026616580562,1.4709926334560304,1.650934742324928,2.9179333230576203,3.5504720427240968,0.6282942380081964,0.27495492402524047,0.5445915814464416,1.7737187830046168,8.216089649838827,3.538753795256324,3.8446208649532743,3.6983783559847527,1.2432858570535728,6.638450881689068,1.528459816379887,0.7395655200671307,0.5491764376603834,5.705290315618088,3.4892535388464743,0.6293363985292104,1.0371029712737863,6.415701746165925,2.272562653148155,1.1790568443149065,0.5968111202114811,6.441149422239581,2.0951872210018667,0.6728957541543789,0.47727930038063526,2.2894125735544066,1.870154546995633,1.6813702495880307,0.9107237151180934,14.326302908116997,4.084438661798916,2.9850772033359942,4.311102826043377,5.9490516402961156,2.0183750520556125,0.09223293065851298,0.6181248857963941,1.804478363649261,1.2582842217557324,2.372317756228033,1.5470013422121747,1.759685724939343,2.037543487542011,0.3801484860362597,0.7778848668926703,1.3013645099195843,0.6846949578333048,2.0468268584844616,1.226209553054066,0.6902764787718791,2.5515684210479272,1.595063604620179,5.299003566872505,0.18856053197329214,0.6910896757924859,4.159051203055363,6.680167199920607,1.3771620896985732,2.8034918567129394,0.5497918998193362,5.828619698519018,4.416426303307505,2.8455074677892758,4.909473572140663,0.8836726009315439,7.781585596396035,2.018354851375867,6.239761151227203,1.4930120476831732,2.078743797529119,0.14757351463845847,3.7391905874192446,1.791534638435845,0.8087351888776131,3.5097713260407546,0.4845501074613714,6.042837918564534,0.21960808168497103,3.358540483935147,4.524176284656487,0.8603672544728342,11.197814625075916,7.5707689260235185,3.5460034056730096,2.2318575652507167,1.9827511592342901,0.3982030879545443,0.35981373329936184,1.6508476286384335,5.070660320173609,4.5164020413392905,4.793762960238249,0.7794754406499154,3.600072287599276,4.755653220149443,13.515023133751233,2.532165674554842,1.6852209057363687,3.2626966136023468,0.2612549459800564,0.7945506740481949,9.99615360534418,1.6634993340030808,1.4252071363916419,2.3284415744588087,1.311452874134984,1.4374418029126466,1.9520783260940948,1.583717544862527,2.940583415648481,0.2113399006015412,0.28325172759486494,1.6884877588271205,2.830769779394794,2.60362719658049,1.6130423730137742,0.2557781908440031,0.513082047821956,1.2170303961784148,2.303716182063049,3.919417675418535,0.1839333375812327,1.9717871715838156,4.407322417464835,1.1659183192085634,0.15598796247255042,0.6176021837394118,2.902367002405759,0.9417318091375706,1.1623621074234745,1.0254621038895038,1.9837002202865932,0.7030695809252756,5.45810944279048,2.6268657008588523,1.642052669198177,3.385135105317546,0.8016555751639767,0.45910243973293974,0.6239116750315635,5.396243033527433,0.8089517402246424,0.5105976635787388,0.20745572453039185,1.4894660577115522,5.049398402231523,2.069375643872529,1.7737677584722797,1.1557213057688456,2.229387713168734,1.671531287966591,2.1311227273457054,7.757300686423854,2.3644205993509946,7.765023572091952,3.0650196228831312,0.476602289091845,9.800559884016629,4.379827611336761,4.698330718952462,0.9655773211597294,0.6526092944660031,2.6673460416184467,2.3743405590508573,1.5305462162672936,2.125898532644904,15.343696174563105,1.0856502096022629,1.7947741720433374,1.7752041671955383,2.2531247857152312,0.9467999346817224,1.5294530817288474,1.4895450292392132,2.6495225030160836,1.0116587963953847,4.240931870393427,2.913826446763967,1.5054050157025707,1.1108258016157082,4.281863030235146,1.459430057112672,1.2519140176485006,4.878897768125829,6.766842583979589,3.4465535146283095,8.211653810665911,1.945895531172577,1.0655778351723064,0.35004100133229854,4.719411048202217,1.395636644342407,0.7290360547932538,0.6380944415356485,0.2542779434649408,1.329464358610232,1.0468928709205771,0.5313735161902565,12.393522078744285,5.731387459277394,0.02404154207645859,1.6780102053369736,1.5314154406806098,6.8272066598715035,5.435293802972389,1.5955422877043939,9.400957121971498,6.195310566164074,1.132035268097583,9.17095640724398,0.20230960434129996,2.986478671440912,0.5556715311901739,1.7091858364262007,2.6973997532051386,2.532818168798086,2.683551423189769,1.5235329369180983,8.679388969941412,0.18749831529662425,0.6804914265125142,0.8053135698022671,0.29095582780638485,1.7739691031991374,0.7013910961292245,2.5267033323649564,3.694898982271516,3.5389164279977345,1.999358875547679,5.75763894935589,0.23125601252785977,0.4064498192110473,7.975155652297418,2.087519302722696,8.052313117303667,3.8804924558417335,7.531153755019588,8.323426203583173,0.6663726713833882,2.0852649193352133,0.5615406886605947,1.558966469475745,4.654654088515804,1.014147134918489,2.465005158121769,1.4898090444842136,0.1256634990288822,2.129044600725986,9.448497376516315,7.340190103061967,2.004125681768925,0.817156101681883,0.4594390110314033,1.4393722446354982,0.48289110678880875,4.3171581533722545,1.3632889153826304,0.5366515549902446,1.0198764945701475,1.8828400747746725,0.7892926374793285,3.470129257508714,1.8171416021767643,1.2538051254671454,1.864274389063083,10.403108561437676,0.7713026117166868,1.6176938826155012,1.1935606812985406,6.488011465313472,0.02602800077377565,1.6352147158679071,0.3341475850233535,3.3424990869694864,0.7195141739078798,1.1215060215472987,0.9875672792606692,4.808538463484153,0.13419839422092628,1.4483278593408682,1.0487779732225566,2.365882220248409,2.2192472065196194,10.223678539919531,1.3857423583750357,4.350449664276751,2.087032406092476,3.245291825477382,1.142105965111773,2.8649375626261446,2.519133319944449,8.977755840642855,7.40389462846121,0.40290076280010645,4.372823862105912,2.0416730726918173,2.5029765875603065,3.4310986813375135,2.0041474877985905,1.9979648802506458,11.38619339081634,1.238634331664346,0.46089222681109043,1.9306130231960226,3.0784861780938195,6.899654654440571,0.9629927223367134,1.3686335483416672,3.099551373650928,1.4576013846596632,0.5172367451513524,1.0120254140737721,0.10483496996727004,1.6372830352156753,2.90422831651922,2.7621610756255444,1.0967650340834922,1.5329400859655036,0.08316289572895746,1.2749662142402034,3.1388333638896917,1.7275014602898138,2.4270721908077544,0.24628670293795007,8.35046081385255,4.944802918801627,1.9539535058363295,6.569300520024984,1.126248034346343,0.9529360874224999,1.270793981985833,0.6917457773143222,3.796890355352004,1.7749041484773516,3.123975037833457,1.3171376139930129,0.2581552093536854,2.1384678040938927,1.8137629607879076,2.100367962598191,1.2458403556652482,2.9592066096012175,1.1781655233175294,3.434285124039364,2.5263944701855325,3.4410697994772823,1.3798751488858678,0.9660376633983806,3.308095844786679,0.9863468625660604,1.0920349225052506,4.1597030370572465,1.335827824901446,1.3518197260814795,2.0566862689711036,4.650062342125299,1.0390326389164977,5.367712545838867,7.4319689924575485,3.946341937911542,0.1357102995059184,2.3707193069350696,0.45748878920243663,0.7281150096734457,3.747434382192616,0.6175684167263622,1.2444637677451067,3.051200762170166,1.4648558532231946,1.1625877667054982,0.813891452204917,1.1632599157461316,0.40795796445047305,2.227459313425427,1.5315616990452472,1.2860292374694393,4.543308863273544,2.9833816848170986,1.6689224367526336,2.02751548435855,2.190610912133185,0.6429390061555268,0.6695112229069791,2.194502933919678,0.7070095287573086,1.1708738931227587,0.15082841672987657,0.7625054736158885,2.609498617492114,1.3218141031965058,3.90340620866341,1.6002305853075693,1.5418185185609972,1.1867424360406478,6.637017278020862,5.570556797541096,1.3146052982956258,3.709668538551951,3.0690036220427297,2.9412088468772475,0.6249728119691551,1.7149484949102336,0.7891158512621133,1.1972529083429038,0.3832037674463393,2.680339436809462,1.4273090354375535,0.15116510408958492,11.67086664584905,1.4315261673408408,1.1029412546479305,2.5525694619491093,2.128788511529878,0.6577849478249058,8.057513444530198,4.424440193057984,2.0210380579899097,1.1353720703932613,0.7447303111067836,0.4494074048830683,2.9080033321385765,1.1538670634621155,0.5190810324630534,2.8281882621810377,2.0685717034715703,1.3269685548230217,2.8403755502554846,1.6272379256251375,0.11808021750799269,4.566013929860167,4.951054804822352,1.7926761438526246,2.7069494432478103,6.33340561312956,2.692395653892415,0.7350114202065687,1.4888247189598924,3.1759843797077854,3.736954349322772,0.33052424956876153,3.3906569879476045,5.8433610943704535,4.0850449317319715,3.9754068990770985,3.1686392313551415,9.174010299069188,1.9355537170201902,0.28216504694786215,3.2892904565619303,2.5880488888105653,3.11081293716723,3.7105071512919485,3.5246027605613723,1.1527940599003688,0.21850596138032807,0.3122054831597143,2.776133223711147,9.687072997080412,3.355154820687205,0.33801031430084494,2.8550819747599214,5.0415959477000385,4.998493321161252,3.965720206294885,3.0471839506785674,5.44829994276317,1.823703737457597,6.336489902711578,6.985700488392321,8.035114796483459,3.666460321557424,4.848237513489602,1.1745197530830627,2.4941595341656284,1.1584644844621774,2.1325392018771314,1.0066234332718318,1.0088210859124365,7.381232141617923,2.504310269793821,0.043724830219666055,4.004749670046819,0.8205554481514993,5.903468438145699,1.5316611246681289,6.168686682247185,0.9904170484028321,0.23570419890036365,0.9730223806095624,1.8056697106223425,2.5419505448720137,2.92805636050687,1.0908523389107696,3.951937582302228,0.7968134365605177,0.895976668357343,3.3751219201176266,0.8344373512333418,1.7611795851725653,0.22687207417787303,9.691947289248022,2.3232531552816713,0.28657071398616396,0.49682759151010647,0.1858969717522817,1.8056551435568564,0.7014670260053352,1.166277969063055,0.8115536816948395,4.876558339720107,5.736449686350009,0.2534284659372217,0.21751534470853906,12.970875598841484,0.7438484881772124,2.7582608638277972,3.113126955056674,4.13009605440906,3.0451474825488423,1.9286653453162002,2.703297647488243,0.5321123100310546,0.6391589631306116,0.17103561087500374,2.9998602715958063,5.594038646627642,1.1684527539826504,2.4157931067386977,4.074820610740475,1.7092810969845185,1.1765451435179504,5.985833908572449,3.9895213920018247,0.4710312565710759,2.2784219314787935,1.4621029532003158,1.930864457127893,1.8107300202692116,1.837669040530602,3.3923217518438222,0.45035631794095266,4.816679127415727,0.4507716024832089,0.841985256051238,1.6786843419819752,1.924587165855685,1.1958032988119163,0.3921633823276879,0.5128084993349085,4.906662111279718,1.411887808603708,0.9553506320485377,1.672940834290359,1.5174762829444246,3.778369731107258,5.32731126756728,2.624410254867114,1.5225269748408252,14.790641071936697,9.870001285808813,1.5158930901691328,1.5448160200302372,0.7019177582782272,2.28328186942663,0.6970892608959011,0.8153700539374445,5.978193129507684,3.073790754050455,2.1633597077556024,0.5322666373630793,0.6683031989286863,1.566772759929436,4.1372086716718135,1.2723408819066435,1.7275408574318654,1.3267649602804483,2.432798417483938,1.4846987127111975,3.700990871468679,2.2478794108124034,6.494495472095332,5.465621049321395,0.2186371978954318,0.7470679582840493,0.46817945570424424,1.9964619246698678,0.7464072862852262,3.3579346583797127,1.2281488760707722,0.9194140331471324,0.20581060351967317,0.7950726367416999,0.810937706747909,12.477340846759882,0.19179268457205856,4.523348085810974,0.9717057595456058,2.182364249027331,1.5388176752573905,5.889340123042158,1.1924600999668558,3.1078138458902034,1.460619724462262,2.0554202133375488,1.3059374554339496,1.7122101802979344,6.495719588806495,9.221385027534483,3.2102253337033804,2.655534006779688,2.0264364980761487,1.8327603376380206,1.0730966121385699,1.1730561309726562,0.5982779084959368,0.6075955608551823,0.8771196401073585,0.8401364009525585,4.11942407983726,2.0666814051690343,5.0223338761092,2.8346264915481396,3.127630124188625,2.7870155498125326,2.7002940160717417,1.5137628373675875,3.856725470594702,2.921143552669246,3.9608547168646977,1.1030948609945432,1.606039997779277,6.210156273973016,2.688886595668407,8.198455436722606,1.9191643798656055,3.9797644833525836,3.1680153114813416,11.476168906885768,1.8120698537616537,5.391814596330178,1.7513613446529115,4.059964819825449,1.7161586110020672,1.6050570864280278,1.8029517272120685,2.047855969406741,4.825335611435196,1.3582410059888002,0.12252284133117008,1.0915921499876797,6.11596343759401,1.474937046031791,4.710829615766002,8.401606367236262,0.45878942987098004,6.447959896593533,0.6781986604859358,1.7796315300641041,2.1881781316209263,1.3108162219796986,3.717013208905416,1.3680356315086037,5.882506982114057,3.339839507308244,1.1545266125013898,0.8914951314889149,2.492162283740054,6.423355624606787,0.5949566224012359,0.10038457077499807,5.385589436962915,2.3331258863193156,2.2726338154983172,1.2321399171372998,0.022054372384665122,1.147288477933587,0.8371201497859868,1.0547745558432553,3.3739818568365836,4.353289115862358,0.800375787225239,2.6051006147941065,1.2368014217443393,1.4209976546855678,2.209543684865026,5.948607776274363,8.350384455415494,0.34263066152341426,2.2115408139035897,6.2288011405097645,5.567919425915935,3.720017838092488,1.0329892440410737,2.2926095541036386,2.34437159277224,2.3194805138583074,2.857336038969314,4.135009901882847,12.074903706775485,0.09532336024032184,1.167156028204789,0.3673985665349445,3.2070810921177038,0.022208558373700726,0.6780157381645092,1.8772091354348435,3.5594625868897456,0.822676730345986,0.567910949570624,1.7012855975398469,2.478547878021656,5.799975051900319,4.061763755473149,6.298906870287809,1.5473766890249512,0.6589448603504071,0.7576710376826504,1.0985253189396365,4.342084229784127,3.065710277478349,4.863577578557443,1.6425485142619447,2.313841555764414,0.045079846686854885,0.893026888020243,3.6227801797728705,3.835496418946029,0.7468404940220688,1.1900927661549194,0.7867745267014687,4.0817357963485295,0.5969462905012258,2.522928333086884,5.537313078287489,1.5336065710913496,1.0210058798578607,1.1451315417683516,1.7306984355502286,5.877638151189215,2.3986442496117935,0.948815777871848,0.3667510571026149,1.0173642793041755,3.3780759252636705,5.120853737916572,0.9347677469688385,5.326896459732215,2.6376764276260594,2.0626273836949673,3.989094723815113,0.3980126554450487,1.024569609624412,2.664980282569056,1.2744674008220431,0.4303453388902587,4.207567960665096,0.56515905463622,3.1620854907782423,10.605266688050229,9.735362817805315,5.192800836608855,1.7708430289578407,3.7558788429904006,4.21378491897668,7.715186374845589,1.283408254444875,2.131072257119839,0.895947951010583,1.7744858503019947,1.1373000727530793,4.151750682509984,5.743853282773857,7.1492129798587,0.6986781901264265,4.936506700039983,0.8782574457444923,0.3900670098013803,2.632608489645811,1.321259878341691,0.5210795683305522
"((2, 0), (1, 0))",0.6356880036343006,1.1753116589688373,3.184769683041782,6.427480417663027,0.825957093053589,0.6854222489313478,2.4020984517156116,1.6213059505618708,2.4135559590352593,2.0394012632491423,3.8258121316417326,4.62248176644037,1.466213518791132,3.843434863065731,0.22663878132532145,6.2227975024581355,0.3769932329208201,0.7890603671074549,4.496571057352516,2.8195627780435526,2.4750377786587534,9.519489726992681,0.4470562098174857,8.097247851869007,0.8796118328557351,2.8146554210953534,1.789484017673636,5.897115480342295,0.7918519109666493,2.672139290709761,0.8741599162297633,1.811447109433745,3.9463308279233296,4.763085668010094,0.7308329148530809,0.38834642008561016,2.8782535994342746,1.7902940195088413,1.9587720152041637,3.0043559268493603,2.0671512655312316,1.6103363283722494,0.32288532158484623,1.7489060294550036,5.516818230838076,0.5946638408952051,2.753960644352707,0.4033262648848393,0.5122256482112527,1.5117303382798069,1.2215829249901091,1.6935787475110882,6.382487124944,2.9977907534970956,0.27267631217559307,0.39654028519903506,1.038875905624181,13.09866756264386,1.8432769481523985,0.5886681903627107,8.860717724994078,0.8928550872771223,1.7808821052932413,0.45267159764148235,1.9569759591050198,3.2807621893882875,2.2913287239164815,2.8041685769878546,1.4946999546309423,1.9158761884079825,3.372255651627916,3.6469242502297092,8.146600752804598,1.3742818455249681,6.75786178133555,0.463395260754979,1.5947562223808796,3.274271970797903,4.252777040450645,4.330416543470821,3.2989939406845346,2.784241707259169,0.7560341033927822,1.3534507381300886,2.5903793843249323,2.1233464033037226,0.45988307200207856,3.602294826184099,1.4078707904229049,1.914573586158817,3.876766523425987,5.337728116544912,2.3728026009517196,4.012180805283707,1.5386891243676157,1.6832831608888843,3.188765978100665,0.3351817725442995,3.3379380524004523,9.260551245948806,1.4926241215417768,1.927755079358583,0.9689044689339308,3.2291018247254852,4.324154018457222,1.2862420306587168,1.4257073601915262,0.6828335328942176,1.775970232468469,0.3045324104524332,4.331505768820943,0.42303023785860494,2.2808404278393497,1.996692300180089,4.081387097562786,5.190013470235865,1.5293348444016184,1.0941464233379308,3.3651718700186626,0.5253620165777281,1.3926788074686403,2.231747726052316,2.1278259957865995,1.4873257070099768,1.382049060509502,0.6648789844635328,0.17122219935289373,2.672951463829083,0.25150593290349116,2.530669140165335,1.240291244696916,1.7756403605352755,0.18283918472827215,0.39724108823353677,2.906648249990805,3.180446860463061,6.773003866439877,0.21200854404364056,1.078959635811902,1.2233957712361323,1.3421845509005275,0.33903020330637945,1.6060045562269876,2.3061585960636437,1.536434278292493,1.317144659669065,0.2605939680089442,2.352391572992903,0.8765104539479309,0.343717903682282,0.6564821470758613,4.514092639737807,1.381796109470088,0.9562770499575759,4.768173933569315,1.2784363628511775,2.432703635161132,1.8126104001416896,4.757427818157366,1.6538849496845178,1.707733846055542,2.7028031096429284,0.52657164766859,2.3560200299073792,8.182744054322676,4.544489267928983,2.089812740672958,5.759872729718042,1.5577878609199975,0.9609677817100573,3.4172575405799908,2.9590077744715915,2.879287021074219,1.5732894077062867,1.2907504730692603,2.272494815317696,0.5770687885523167,1.0354808131846673,5.591075593659296,1.9996803834159858,0.9610439341208548,0.8024354817576483,1.1166969306252097,7.765437821568258,0.22294884609589927,0.33905344544695104,3.2123492925246526,3.306516657122171,2.4875635337378372,1.45635589020277,3.330739898983839,2.2461095457059197,0.9249999235869403,4.432435572333075,2.939560388946718,4.267870127923816,1.7071560783526336,1.8245047514768151,1.608789831506104,2.1853007147368833,2.667073098839107,10.437377931477634,1.3214368468065918,2.4583465017793587,3.5770599329377877,0.06652159885167275,3.692528107673686,0.4655252815200144,0.4583641870125188,3.1537517660798287,0.8437209721761244,0.776141161067043,2.185041948956119,3.2778601933972227,2.3147058143936134,1.238000924102479,2.145280884006198,0.2140862465875284,0.37319317000311036,3.0486004813884358,2.383329175549321,2.2157654990418107,1.0616455039967503,2.9916929789180027,1.9173521727290967,5.5558893756278085,1.2614654931257248,0.38453455112595175,3.3836281316024537,5.236679507732154,3.1109114253864534,0.6161517563503758,0.9389538936524424,4.798746520922635,1.3359296318235334,0.6684848664916273,2.3388767582790715,1.139510683267086,2.1832210978463706,3.9265344549991523,3.6378199048178157,0.7614028430157982,3.3449569848563585,0.39401848245612636,2.012722090075208,0.14511840129132958,4.477244721922424,0.2837763129512936,1.7324146518507735,6.258435606681668,4.230819779775,0.26436680259593626,0.2286493366575153,3.118941276514284,1.1681730924495348,2.835578090662371,4.570775247145002,3.231204137518339,4.198246731390228,3.8506211772701033,1.2317075947312377,2.932897656366295,3.615380664108497,0.912758894167776,4.075140085754391,2.54277261781941,0.804459805647129,1.100156381093186,5.543978404630298,11.005154040036748,1.209356703008198,1.9746791728660906,1.9258368276620053,5.935352984828739,5.113035268487806,0.7638202623586947,1.3232458881249016,5.334847438614002,1.2980252711724871,1.503857796939506,1.3075103950731684,5.752374979744592,1.2295546536706545,5.77110061314778,0.9811733117808095,3.146657745945874,1.5191286691599888,2.3392844948151,2.6741463776285044,4.546510577608235,9.03829962141065,2.1584992057741035,0.6887856134626922,1.0929782188385802,3.7095618226137654,6.132766867984309,4.508576058598308,0.8050333069562445,4.985365678201896,2.3720960222850573,6.793526753647173,0.8312113775281096,1.06312365642156,4.855021994358156,1.1573391357885077,0.8757657344099166,0.8001085291366787,6.876347160980184,2.460115427383849,0.4376761592784264,0.15196076011876813,1.869137341185359,1.6982280108237624,0.5188103715811816,0.8903954628030565,0.4334580346421796,3.702446319130255,7.748521619886837,1.7551229269672346,0.773587222158264,8.339296076641803,0.6081681558134607,6.091292138850469,3.9702937051483227,3.962879635924879,0.3384837739109629,0.8670678317680902,2.09008743898025,2.1247503285713467,1.4532308017012439,1.257082456189007,0.39548028674007807,7.071623594914738,2.3832230535439103,6.768492521998601,0.911906796469775,1.0400555021356959,1.7137839389332783,0.22476075135797546,0.48067568419178536,2.943501307426001,2.916523495431507,1.4858906374547418,1.9154074992476402,5.756440119406227,1.4460506141236895,0.6892494804941571,2.326954563741971,1.2492097463338518,0.9258958678387466,1.0228899256352855,10.300517890202912,0.4945676034223782,0.5832421931413679,1.7883242668971877,6.334855258378517,0.19264784443752847,0.7838808621840772,1.1207132132740223,2.514791854070169,2.7917035553837604,1.2010014899209651,1.156665976635156,1.0572460628961975,4.129536829175511,0.3137755413298846,0.9845640341050934,0.9273635619541815,7.829201237705859,3.3847776127932696,1.725458594618598,1.0478031849327583,1.3492976155027847,2.0442146842461653,1.562021945314323,0.7931902878332735,1.815926104251183,0.8063189582267619,1.2667581720667105,2.006859639162263,1.5239700053486243,0.14885204614320813,2.982007237921372,0.4637244550248831,0.25677694727021017,2.0690467785501863,2.8490876500395954,2.3541032620501694,1.0994161824780493,2.182759005289747,0.6581489401869964,0.7063867895893567,1.6754374876182867,6.808658314438031,8.457406488138886,4.530142373756507,3.4592382053087203,1.4254843410324285,1.5464399814442862,1.7828136195135822,0.7069536770537215,0.5728539003518851,0.2496275044226146,1.203824241107541,3.851617890896638,0.5252518133613328,1.9503929549360364,0.20112123754826294,1.0496210690442942,1.2629409312460806,3.0746544318396176,0.8595762883162354,3.514693409417879,3.793666152292006,1.1311199673482122,1.0704253888602528,1.9952484547530718,2.816045895446645,2.709164905979654,0.4942850355692039,0.8170805877002453,1.1876845026144471,3.4946701063128263,0.7252096508729049,0.502001305218289,0.7780230272217925,0.5260792605415928,3.8544493644031528,3.0556953784265257,1.1158809919177284,0.7382008839183221,1.7444630819270563,7.188306139004917,6.499365557566657,4.133844748922832,3.072100511350701,1.3044698609345162,2.2978444173677968,0.9433294875259716,3.9169697231703715,0.9294757861698315,0.6421335653622507,2.450727376489704,4.411616322973099,1.0585953818555995,0.965567806939141,2.998193351667192,4.445438916405016,8.020861147335744,0.22470857490467544,3.2057892894815345,0.40345760625215643,1.7273228805819625,2.813109703836892,1.5074813216512677,0.596545909274874,0.262238859598404,2.0830713955489584,6.14633959455579,0.8746731049819253,3.7663993154167286,6.972067460489786,1.6096089759463283,0.3355484226092207,10.042427594125002,0.45642384077830467,0.720009874885041,0.8682683442851203,2.9429874202571957,1.7874922734238776,1.760709845947976,3.0760045602267505,2.8565131833431128,0.41699276508441807,0.9199030163139345,1.2043250840195918,0.15602958692910363,5.067627258159361,5.07738526442725,3.6420611557590057,7.174194161298708,1.8013472475694992,0.48176342681509254,0.8830644799742413,1.9104347331451312,4.344182703427139,1.0755106198866824,4.2801108838590896,7.302396259460171,0.7049542389382524,4.332634891843295,6.041512376478759,0.36774449862344005,0.6645987086668137,10.716657872804157,5.523923313180014,0.9896382479858132,5.644620385512063,3.2227857116419685,0.5072933830984884,6.888551996501907,0.7858921383552016,5.320780879014642,1.7315810587889473,2.8240448546621995,0.9245237970931025,2.2591621227739123,0.4047623297343341,1.9129597445516395,2.9671329867477243,1.0778956476655612,4.836664060138247,2.0158003356120187,2.2258290500250397,1.262006454693545,1.2513719712374558,0.814957715099383,2.8969144027980556,4.788337771845819,12.476990342212273,1.9376632763410835,3.3324136622274976,1.0734568622574818,1.6910288250301917,0.31928911009962047,1.4735579300086679,1.9033907865945268,1.3845076645577572,0.15993403372129328,5.171079113559624,7.077527580872853,0.4045669808233747,5.501479236871315,1.122813867107218,0.808185211100807,4.2397092053252186,1.2250184323813609,2.3625579781870707,3.7356563174518485,1.5714788916025204,0.8690521967273983,1.4276437334036405,1.8012300545467084,2.3769128456406547,1.0302923856167816,1.9621767547952442,3.5325812808920136,1.6925216749096341,1.0249242066900037,2.946488225858945,1.3951556434588883,2.6393639676425544,4.828447985119246,0.48710324625259194,6.994300547594114,5.840856120174699,3.9725360073864606,1.4441591857285778,2.135660975604005,0.963983798920288,2.123694387324811,0.15080849967822718,8.776148363513217,1.6641608465449997,2.6450157973276536,0.756867676777913,7.487506062487667,2.834374891984842,3.273271915787908,2.7034901648215777,6.192093098434248,4.325506868414845,1.9013113435426994,1.7661500395941525,1.3239093407304243,5.762261534169261,6.781983949704643,5.937284933151224,2.147809028141646,3.486967450134989,1.6420335470140073,1.5577495980040126,6.800317992242672,1.85565631926731,2.516462550462375,3.7880120133595683,1.868554491628081,3.150420500076408,1.6593371539981128,1.0058950964495343,3.9284769337895185,4.585864741739863,2.521897127249085,1.9717172727107941,1.9494185016776506,1.7192722749168647,1.645325513423975,5.1954378996356345,2.4124631186235774,1.0364231601966631,3.465012209225408,1.254912362605784,0.21664306513600262,0.5490503578645278,0.8198162985925661,0.3090275166018155,0.3018040425949301,3.096300559338556,3.8775423882355486,1.5215138097754048,1.5869976561903774,1.381494981236391,3.525627936555095,5.446029271932797,3.4854710499161343,1.0335442504260273,2.9855949228025813,3.4078674304031074,2.093592340581728,1.7814673028414914,0.38864464442804736,2.880481022091277,0.7109873000593955,0.22931399609002123,2.7299269596620426,0.9689256237208352,6.599149524275443,1.8460988194841628,3.1481462294341243,4.828548936931222,9.513993706653189,3.262637110153398,0.6873885920360578,0.6697229214410522,2.238469208262355,0.7912446988564079,0.5008361008818472,8.73866059137756,1.7550367385164076,3.6239681782826954,6.37990293268879,3.5114500765209966,4.734416721576786,1.138622481408992,0.21866533978713254,0.5641861528313932,1.4878723673950538,3.550156343804293,4.789322100356209,11.283039825032825,1.5126409882056013,2.7212148500845057,1.9746942339633435,3.1568049288860913,1.7352697559390542,0.15105950574229698,3.8741254378474634,6.165292519441196,9.396674764891344,1.2603684630840983,0.871288019788151,1.707422486378266,1.3928574589042026,17.11758409906756,3.801309567505487,1.1805441533803527,3.425092018180905,1.9365807853411372,2.477830455769928,1.2547132114572568,1.969608746570486,3.9926619353463093,1.3589505119275613,1.340894696991016,2.1876738701514444,5.71905257033096,4.9205702930777555,2.2660882550062538,9.692651613344026,0.6230836484882881,2.820668164295811,3.544503574145248,0.6195975544442529,2.741662363183476,0.6381837977520122,0.3355774578531382,0.47735487012719635,5.1903564355874705,0.5328976576629146,3.5779083798426847,3.8716025451226552,6.080378881774378,0.1320408307259111,2.0724464109818777,0.2961806119270043,0.6867434857479777,0.8709686580566024,2.6407574055653784,1.932772427668863,1.3311001178922626,1.964400931481876,0.45953431636996434,0.4994697855610233,0.16173172948422487,1.2429271682469447,0.19345132425365463,0.8900409043454793,0.3622213140655175,0.38341414247578065,5.230746755739464,0.5572501243757568,0.14285570300855943,0.4083571599820499,0.4868061140271109,1.6278255142362614,0.8273678743516416,1.2648441636799572,0.5522898711551576,0.8338590655483066,5.574306492703756,2.2159205850420594,3.9276827763982296,2.594701101986292,0.5621206908010665,5.41293519683938,2.3027729858081356,0.4840383438538109,4.377630983242424,3.095025030900635,0.12488210944840605,1.0368834363259034,3.4796305224743063,0.7911887955393939,1.380364751272531,11.818876019688146,1.2113558073226371,1.4765893428671026,0.6839932752193656,0.5378349271948829,2.2963620157202516,0.5818398902911023,3.9575224834202896,4.657630309700476,1.3283862618588484,1.7667452505027574,1.0023887009034693,1.4604594027014277,5.148738419970766,1.2584891360767703,0.3082653252161851,5.3524062883633095,1.7567063476742986,3.678846927040267,5.91486050364785,1.65852776753412,0.9186159808517302,0.8783280881177428,4.370566250363318,1.7344911141053823,0.6445104400630479,1.1101133351492996,4.775310548329739,10.9880400139901,0.4237276260310445,3.0188947337723113,0.7886032248749075,3.6178617889371583,0.6015662545369554,1.3323814607533429,3.1317036164882825,1.3102180362301195,1.8392237276981154,1.6581057591691586,2.2202226957349556,3.746040679734687,2.435839852905629,0.9993027924719387,8.975982906090701,0.15048182864278326,0.9021014702928423,1.6871663663967655,2.250559760570496,2.1097071940090864,2.3198437864013557,4.113898254356374,3.3970122511263665,3.450059963867468,1.5189583945713205,0.6009590933306446,2.8561484097047436,4.654506509647418,4.7858418871982735,0.20667612767803845,0.3545857826908181,0.6052985725983389,0.843506840920353,2.9200133397981403,3.529526829843264,9.854045662863486,3.9676114921435413,15.349144423018643,1.9858486786915044,1.0382025542250104,0.9932886055672736,4.324128123230271,5.89710888746426,1.4582009278713017,5.845222789203197,2.2798946136029636,0.8470829600955895,1.5639363914306945,3.69370832485383,10.161279468810626,4.406423510593838,1.1012818333945562,7.376200797416056,2.7693895442591483,4.700892478057305,2.9642830199317767,0.32878701866950455,0.7744366110750105,1.0815936273405575,0.9357438964357779,2.778892768477276,0.8959987225626834,2.485001003943271,2.0261825991323863,1.082476726669478,1.1326691272601561,0.7873772920498938,0.3176040054270009,0.9398331835718565,1.7657841872637356,2.286342753531473,2.7159003527749754,1.17977601987084,0.7649911355318346,0.47929815376888196,1.5646589687987513,5.910247278659425,0.929500931563882,4.621537453730234,0.8592150857786602,5.962953593915391,0.2679700711363093,5.090654579250963,0.5106967637708619,0.4330722294242741,3.179912602063155,4.225445977060131,0.2004466970182212,1.316519270589143,1.737398386200911,1.7819303573301717,0.6813776139140209,6.9735165182933825,3.0682059383570186,2.11199052948619,0.44077625387345176,1.4228357868132488,0.5157573769238346,0.9794899179259959,3.9535923561401702,3.151234881958967,0.22639098269703073,3.9387311636939373,0.4793085003918949,1.6786844292852303,3.1746806502660667,1.6140911158716484,0.6297116837555645,1.2746121986494594,2.3876644036692447,0.3943179033937331,3.7791658177443574,2.663428087324327,3.9706456059428676,4.718638964589844,0.10560690612756396,1.3790715231913597,1.1067238878152457,0.8464052044983796,0.5313665279884958,1.3807539193568192,0.6553401991775629,6.3231970630317385,0.6447558124075601,1.3418341558351936,0.9818527219432301,1.0719022370549034,8.444835191413185,2.4819014752153183,5.625479118349697,1.0348104620788898,1.1111102172626692,0.560351233899443,5.876517009935434,0.9045332620311732,2.1492038825429254,5.466196840650695,0.5188771412949236,5.08329175231777,3.246399290177121,3.2832597770622467,2.4382551570199924,5.473516014705517,1.5937538546894543,3.073997889510065,5.792775082663136,0.7810208980863498,1.6543919309714608,4.020895104694267,0.8704024737289358,0.7028097126121581,0.3671373517712597,0.9218978945881504,0.4832034396930658,0.6065637320298879,6.214360387009986,2.0153116758758127,1.3817402844080573,4.597552563579199,0.9776264288190171,1.9247024099592616,1.0030249678866168,0.5107759452117802,5.364225790593864,1.6659121425712653,2.0573576621314773,2.933573605671849,0.8606619919561048,0.23130960832660585,8.524368767094021,0.309024634707297,0.22719281555100523,0.6906272350981479,1.7111665480401899,1.0432583593990314,1.0696230273210854,8.862636211921615,1.234857357767791,2.0410692289685213,0.7823026217412044,1.0800136890637442,0.9429663008179313,1.7190352143466046,1.9406549574116763,0.808697965542422,2.995040945904439,2.016137437670669,1.4358945482741763,5.3337239070654565,0.5365868772558029,3.939995961398442,2.412862015001386,1.0906739598344852,1.9662103211330202,4.8522227833605465,1.2117975477197336,0.20957724016549964,3.0385530895660375,0.3156727440632342,3.614574911554518,1.4079925367578994,3.026108268276648,6.155780038111379,1.6370652965617665,1.9654430268249965,2.668967304194009,2.5811438106928564,3.7674278572787037,1.4478225751504812,3.439181638407124,0.5847571081882508,2.8941223080272067,6.918611592047204,3.236982951080113,1.9854433138124543,4.377243277021255,1.6304049737219295,3.6200586581870833,0.9804088248752014,1.0828331196178762,0.2691913578189633,2.0633765800192267,1.7679374686382385,6.01800845645652,0.686530510372811,6.739673571888626,1.1541252212065451,4.056835861606566,7.032948369312674,1.3818684719514405,3.2291307040417565,1.2201903042912114,3.2781826795941886,0.5024512268004439,1.4334661653052638,1.1834985785601786,0.3664178917091676,1.3915118717420922,0.23381559040205002,3.6508065018037277,2.49158249690191,1.6506525948387143,7.8414747411427275,4.3975872340168385,1.3773968529810956,2.906394151368319,6.374753760067884,0.5224781141535533,0.28551317750824234,1.9776118956436979,2.2223611894693285,3.1115150162369076,2.317204795044887,0.9946827341087818,0.3184412106259671,15.62846690463087,1.3254555276266236,1.75593986223643,0.4804465277719038,0.4163595015390866,2.835285359555002,0.686997660673355,0.4036541591232319,0.43277986524283674,4.483845577051133,0.6272733342895652,1.512760888579231,5.595144689824249,1.1278420766410409,2.484520143790606,1.037900148554571,0.1511771257979868,1.826756800966543,1.288834333932301,2.0431191974687306,1.6497546413620432,5.358559731427805,6.247348794607451,2.7599449149829054,0.8893034023809834,4.007037401703031,0.299161337390321,3.077249446400536,0.993585131911525,4.503678620474692,2.654598862090224,2.02127916714591,2.160915466530936,0.26328728924560885,0.47424696697007795,2.961083941682546,0.5009717368503135,1.10090771765894,1.6705827309786192,3.0498234071434505,1.028336577851265,2.5839685623948654,8.46618969393183,2.1408760741589172,1.9539864657319483,0.4856368513785736,1.842611107743923,2.552941211530424,0.496837815326707,3.032435269057755,3.5311040373187943,3.9539053575448047,1.752886127118081,3.2484283294226155,3.4897925785153796,0.4780768578396227,4.5088974460415026,1.117956010744479,0.861637640163692,0.2921414368904238,0.37261582237397306,1.5377936064853086,10.417961532271342,1.2187288209530336,4.0326212385722915,5.303682976795873,2.5496885220259005,4.693446010485114,3.836586636587718,1.2878381946333854,1.443276186424964,0.44831054761877753,6.792932743141737,1.697984584142577,1.0691367080613108,0.6288174451999726,10.198768238256728,6.396055446259819,5.2794284356153085,0.9800266290792219,0.7926742202225454,0.39717281148850997,1.0272012775318253,5.916086161903627,1.4052809864516052,11.560261069018239,3.5457624971992647,5.966640280312941,2.05044340846571,3.56987613893645,1.0160872075655543,4.780328544174726,0.8583357700998433,0.8247750022742844,6.495237767267201,1.3392979951530257,2.4951167948813904,0.717468455776912,6.410331082658869,4.7505346776173525,1.3091939523896357,2.2150796634642385,0.2432599901663478,7.7305010118439625,0.8705201665759741,1.3908893408241727,2.877802052768118,0.5377432418680206,3.926448225523233,0.7074512105176862,3.0152783779381016,4.000507093336773,0.7454024092968139,0.4593566318506126,2.2643664447956104,1.6946314143569712,0.7006638023974565,2.1859854484632075,1.4022691726008725,0.5720416362105635,1.4283123803924251,4.750140452368086,0.6533222115553956,1.5614466133713403,2.923903770364589,2.6281074184873514,1.167857430749991,2.0833115181911444,4.16997414408234,4.579092830934373,5.037357692012903,0.6242167927682661,1.9179397182545852,1.1505185415708041,4.378946751215265,3.7314568831629185,0.512751745165708,2.011836132157102,0.08612529555065285,3.200727071764883,1.1215866373308128,0.6226933560695342,3.1700552888880287,9.118273142739708,1.139322577775224,1.375712043477888,5.559466238318509,3.0183984003129414,1.3203229083727945,1.6728626987218091,0.9520486389587006,1.0802473000981396,0.4991371857756767,0.8085429464972188,0.9669542916062283,4.531273611844618,1.0011608917501618,1.369724916166989,0.227700646140795,1.1888184398208208,1.8605651533196281,1.66759985550955,0.9853835029994603,5.168605870705309,0.06980699531988016,3.501236929764831,0.262098658512386,0.6635184217661925,1.112282918239364,2.3745928256346684,0.35824670795287916,2.1749182115592025,1.0739726533742715,1.0623865569553566,0.40744896173893785,8.935802244041902,3.7740171968360214,6.226558975101226,0.6521204930452632,3.4692491710081423,3.3403158964620037,0.8944958072509945,1.431621444110792,1.0243852349685743,3.2551515139404064,1.4720934661516811,1.7546051481238119,1.062667448183506,0.6184403375450328,0.28532206817354366,10.45676706346314,1.2130072876825297,3.7997899083121234,0.845435357359774,1.6973312571724932,4.4593887303049735,4.328282395644615,3.119218037228654,1.742229151061583,0.2846243984697003,5.711923432073824,0.8924459333313449,1.0149573624599237,0.7068765485924102,1.563901501071535,0.3998941615459924,5.568957173205684,4.269472156517584,2.073280993416716,0.9076758665607949,0.30710928329831744,2.7191146413251794,1.9285603825922382,0.6692328377413633,0.7416046117296025,4.353519365123514,2.053839622582326,1.5916756416213937,5.387615230258427,3.8835103860818134,5.413914264039468,4.170714385335969,1.1581844768317893,0.2678987483596953,1.6464286948269622,10.355496410111542,1.6966104546523364,0.3697526412049329,4.4265699244815115,5.476912974166293,1.8133740307250137,0.7237812397540884,1.844568126824985,1.5651033900135936,1.74527066508167,7.484674208886881,5.910885354941694,0.6779351732364268,3.085194635497624,0.36390722795524777,7.434069704715499,8.629286254708552,1.201460519400549,1.372319381670521,4.500758516264615,1.9717889791386392,4.286347118829742,3.1509142502847256,10.736222462719306,0.6726043669257871,2.3755315172325435,5.319226321414002,0.39255733532948667,7.7218744776750725,5.200394674948555,2.012270083759561,1.6010259477917212,0.4104808420191326,3.80321237351947,6.207203556205742,4.100396412120126,2.3979172331442293,0.11652909385464316,1.1877109117576918,0.5126380049034258,0.6348051167786719,1.29603048473203,9.94819970074179,6.594590636712914,7.4430067685629835,0.8718885146260207,2.4510943285718394,0.9634431814950433,0.4320864767691217,0.4328537335095317,1.9468055928076025,4.2698452106174996,1.9428630018956219,0.6079092350688172,10.56892544331642,1.476504781193936,5.277815458013521,1.3996574774330026,4.995976084470225,4.579373715127519,2.468159504136234,3.333186625875298,2.298649564584407,0.29834959304402103,4.211838653393632,1.337913347777251,2.1319063544354275,2.4943474765967775,1.9113229688326396,1.4572460681652202,1.7018420231489837,2.306729882050158,8.638309210022607,4.663408772699752,2.0241834368380376,0.7313941869100263,3.0378856414744524,5.102181764763585,3.1460736561349902,2.7531378466486016,4.054663329625812,2.7507831197018913,2.114418734252301,0.9676029264409522,0.5664103842852898,1.2860833598775026,7.380865889359318,0.30061487166126355,0.5338184473667827,8.876563229600555,0.30526507913060325,3.8396938736533683,3.48340649051155,6.506717311518681,8.455995478506466,1.9251024042205658,1.2819515774965922,2.640317782986819,0.11913005294231836,5.114369107979426,1.4165476894042976,1.8611991241201469,3.590321328110055,5.985321168313616,1.8361840189186476,4.628666072207799,1.0882196424019668,3.424611558207468,8.900288229114656,0.7950697741671207,4.449254144904398,0.6833671794494267,0.49385789582407214,2.033588378005226,3.052779388992853,1.9776976761643308,0.7216154280841207,2.308831706387439,2.3188447882101313,1.434212307207736,0.7262933980737045,5.168716164183185,7.445292072115967,2.576894782012346,3.369950612947089,0.811020209976392,1.820179883200545,3.3433267375148135,1.8034469663228903,1.9698672289105477,1.2479292243353808,0.22755506376245527,0.2374533621007986,1.18682273395286,0.72686820096869,2.0239828945580847,2.62558325385894,1.350493948709997,1.9139478809718593,0.7369156700539499,2.758504193617116,2.2705361831555604,2.499108681324113,1.7635531144694632,7.272304731740231,4.557420213836344,8.775065561557405,2.240287609483563,1.678485387943865,1.0550273564102812,1.161558486779207,0.978131574308213,1.404643800378469,1.469817598489961,2.3921983234125297,0.3946640160175457,1.0028473290649877,3.7087959803503368,1.582853206961067,1.8389653077499324,2.997911472894544,4.959628784026342,0.06455159010173228,6.733572251793188,2.4779805186877533,4.2125827183648425,3.3535972760304427,2.3614557116379333,0.7897507760588982,2.4994365289557385,3.596636227588239,3.4090876938200196,1.3785108679250202,0.7180614268095138,0.4494114995043157,3.009753765259387,1.3062123616275714,1.2002778358876194,3.314793967244617,3.0403718758668012,1.9360039719259807,1.995729565122507,3.0253300054349,0.5410771615871299,3.204896157540304,1.0524036745938568,1.7306369532156407,2.4614674902052447,4.228629981987906,1.8922783929127602,1.703517115540147,1.2231726614836533,1.5745372445906711,0.32528746338794967,1.300119833601505,5.9934245849063865,0.1662778549458152,1.8779672490902748,5.246344427829165,2.0951020091470074,2.806201761010373,2.5721070446632948,5.464547239504578,0.7976165408219439,3.48875103465556,0.4411422681869175,0.058827167005005815,7.322169887300827,1.9810081821530945,2.9612645760777654,0.470805179698244,1.9483439597666379,1.5896285791961113,4.010777955487786,2.2314022875123767,1.9246481707752967,5.346924849294502,1.919714159001766,0.6098974848449537,11.036765071979753,0.4553206611286737,5.7078206791861055,1.9102963800918145,1.289811498267938,1.3897094023549779,0.9448564030510362,5.841929665291738,1.0949007672744941,3.7496476721474474,0.647037964808949,1.9417934436449023,2.260187290595678,1.406335007494153,0.42255387700794067,2.0575894067019678,0.25339850621046567,0.39797615338339654,1.0922389064145024,3.9227974023084475,2.059530637179707,0.5618881574983909,0.9244004006669619,2.282337962256694,0.5616375281275738,1.7853969381218313,5.613255732727181,11.559121919656524,4.008083425799137,6.638378882080685,7.5867105088176405,3.381700485074364,3.588635883487636,1.88701674133129,0.36309421604465864,2.163522777247489,0.9027462922312912,1.3544643424320317,1.600307517886055,6.264634840844243,3.4729592719272167,0.7796018394690346,0.2132259780244684,2.358922320002682,4.868155785853507,0.5333599749873837,0.2736336207808687,0.7299203372067778,0.2559462135509589,0.5209357063783638,3.728839285535541,3.6847979782039775,2.384473070214192,1.0377638557065858,1.097607790893361,0.1445665113027692,6.380424922748481,1.1719279234282067,1.215254960665421,0.31213562058973054,1.1528855451569453,3.5341891838479516,0.8989973121846855,1.6814404451792782,8.29594285393259,3.231174851693964,2.9667300607949993,2.6199029042264583,2.4645839510504834,1.3360159225790467,4.44958952241263,6.542056006335237,0.7140302036815456,8.517543388412646,2.2012742701023806,0.3110820038523685,0.6954897026591607,6.300227056858986,0.6988984778287531,0.4798392734276884,0.1348236001262928,1.6689547611886177,1.8508196015657608,7.032211820438068,3.6778324705957455,1.6187316455364889,0.9454356498915405,0.9285862663940351,0.48773139642216834,2.26851501339722,1.2281380697641022,1.418577432715787,1.3923880224490692,0.5988700283735163,6.201833406839677,1.0602732067212859,3.3290634663724754,1.9950370805616937,2.9550535984127118,2.4327863327275443,2.9141401734747556,0.703945823975699,4.53444066979057,1.0885942687433232,0.728648979145528,0.13241736690081296,0.7655468545101003,3.169634964301358,4.876561460573876,1.5641888382535438,4.455337302538274,3.2522696640074917,4.452538051137586,3.0981725769332016,0.7958511081340625,1.09319085207055,3.4208137973735453,0.8182677991010125,2.332143714825249,1.8717041432312018,3.5019740753692625,4.829574327486151,1.4366790911210006,5.189182549413802,0.6088043541062209,2.574712485467818,1.2740548498772792,0.7164312568024285,0.38488600631311476,4.785926261013701,6.647856989402323,0.08635293203734995,1.165302573559698,4.132447334789546,17.00913401181973,3.6751114616399874,8.990186505409326,0.7098942844801925,1.4116678301746113,2.3335832771577367,1.0400529172753963,9.208006281738395,1.435803923048154,1.1593011408932776,0.8383743697518231,8.94292834390575,5.557372261527674,4.81058721072764,3.184301110737311,8.095382908924549,1.4019686975998313,2.4597282866967705,1.1356680254035925,7.3443817050513776,0.5867343441562839,1.3792984810480218,6.5854162886563,1.6143148490742303,11.815111131503572,2.8219481755322473,3.707043712356487,0.9047715969814357,0.38743115874884426,3.762302446228627,4.750363940251392,1.4512004758438226,4.661552975588071,2.4207795702152923,1.0155068085775825,5.601024160020972,0.45753756302305904,0.42085938993978145,1.3902292093976096,0.8432202059213143,0.7259076228156136,0.7310818147031526,2.514938918143257,1.4095486153228254,1.5260692350407101,0.49466422041948044,3.7636045802101226,8.791934574032595,3.179188565628292,3.7134298207537126,1.010800741803667,2.3653842901053097,1.7573927456038527,2.2890670260887998,3.853777517161113,1.1967327005625026,5.242048874207722,3.085420158049355,1.530224544012944,0.7730581136559233,0.7782096899604176,5.983175494226398,3.621387412745531,0.7346137533678032,9.279415678277314,2.3913607904867438,0.4836372483596948,2.250977732771827,0.34533137968589966,0.419188195310809,2.0588590913813984,0.8494261377842438,0.5618796714873684,0.6909216662103665,0.6401308842164518,2.6169685461853804,2.0147813876581795,1.237129020316101,0.7022139426392537,4.633866246544672,4.418933348083743,4.854878832612495,5.473480736614521,2.330350294189621,1.959335203988052,3.1261133536267796,1.3682053591067498,0.6238642701794991,1.9722833551137708,5.991646724718924,0.4682656769291764,2.762815457590735,0.7302487385022876,4.458386068549367,0.8796149015684485,1.2152051818316418,2.9379934739506472,0.5250429429000603,3.928973566911877,1.246270322704731,3.8631489939851575,2.1551105265550103,5.168795400287548,1.1482163937026413,3.3797203000358773,2.3653201830785298,1.4926223755118586,2.896852092261564,0.9501920146316594,0.5188792967144285,0.9800157384092326,4.202598689123341,11.241337326617874,6.894705556811985,0.5374612461512995,3.029816684843689,1.7909074212690406,0.04760258451832608,1.2278500626392304,0.6547843946863596,2.2022003589072137,0.6348559174113622,1.0552680070121174,1.2806719501973522,1.4180603326027506,6.21984703596265,7.134540807749032,1.3263619882926725,1.962839535339288,0.5435621303922202,6.913215228481238,10.077951216194595,1.0061048964291766,4.713341741983846,3.2765772475040413,3.4940821622090175,2.0151745511971315,0.6812136160137027,3.772722248280796,0.7087125326159611,3.272855532258105,2.3462006487499565,1.5715684229180265,1.3865342851222646,1.3101988448525232,2.0827028707829944,4.512578383970336,0.5326919931986285,1.151574161010875,1.3699099352126165,0.5675872367709234,1.1601051167775378,1.2849785967746112,0.6211732663944283,1.2567787213443302,2.769101617584703,3.9010086286969337,2.4336420579297333,0.761508072482692,0.7684605765092065,1.2681721364262768,0.4584218362030349,0.2802762973699693,1.263455157340618,2.9099835840804413,1.6649344840619453,1.2062693342783997,0.14255091917115514,2.6907177330808345,1.0726569254990654,1.7683304839591572,1.584724584677764,2.275963335854376,6.422129792996208,1.4928804003058849,8.674511126680269,0.037084179018544716,1.2231949377916136,0.06590051018116139,0.883951253455393,2.143115672144427,0.8770602736791011,1.9632970066961517,1.5062291290270002,2.4981389736018143,4.701160037316052,8.743129080553958,6.491463762733645,1.650212433667831,1.2861950172084364,4.753644866832071,1.1216651334560293,2.647224937539408,1.8517611755016692,8.724018943760415,5.4252554278023615,5.7995171948581055,3.648406912123744,0.8662501933747017,0.18499638793627082,1.2380597824911292,5.222152121168612,5.669781574455289,1.558870709460078,0.4565901914752979,2.0291651514856452,2.8518351770331285,2.6742945518616104,7.157515118221215,4.9972753398013365,1.252144283657394,0.5844709530029205,0.21916757731829806,1.125444465500268,2.8408928683544925,0.3928388675076765,0.31592596570507414,2.9903159537289183,1.6070182296706976,6.747787821163464,5.035861559565117,2.490849681267827,2.995583032343025,2.081014952834032,1.4308124871627768,4.96074019791256,1.1640411977176341,7.797496015354753,0.9914337984527142,0.7434216025037065,1.4839844044518236,2.1880278536465196,1.0057586772094913,0.5830434462245937,6.092474980460711,1.1448843805594036,3.4371144876860416,1.9275991019410645,2.0419536809455274,4.153978719819671,2.2074494760736485,1.2781320070322575,2.505031535288751,1.7447021066550872,1.6039500814031062,0.3505822149086324,2.449213547041482,1.5857691371657714,3.6914163051709674,0.8476663317381437,4.303853919077904,2.60125977170312,0.15709417259025604,0.6804675637391213,15.533145594690687,1.1083771170079508,3.7472053907224754,1.3660635337319262,2.1470195338620037,0.9879919687162761,0.38079567497212685,1.3407667673609445,1.1427943684453277,3.2576574573536337,2.9534244385610586,3.6243603600406322,0.3515820658271842,0.6884681951866259,4.51102441921277,1.6138315266942953,0.4455218644558019,3.9616543322391817,3.846701412612296,0.7461575797124791,4.968976284614447,0.4474083581518628,7.217995530370395,1.2162266647868314,11.09045868421091,6.480657463720049,3.050293036639642,2.311789896852148,3.098859038700308,6.255410836511956,3.1413025370745022,6.93391510141911,1.1622577318702514,3.0224220897530354,0.5860658061204185,0.6329995151086429,4.540854650411834,0.8418145137532613,4.212032260026907,2.708141699532213,0.5539334865945177,2.2455173107191646,3.9931974832979433,1.4587562200776634,6.470919662406226,0.4813394461741488,0.736107188171115,1.9158966774354433,0.44224602857745854,2.940113290166273,1.7822744953493428,2.532302677907192,1.9138689721765312,2.3474313252025727,4.5288284634751195,5.372292254438041,1.7473901265113065,8.045903385090524,6.8963863127319,3.0035550188127504,3.7755788440636424,1.6777776467799261,1.4776764727825984,0.33362517008550596,2.344669833523421,1.3798417467039519,6.304813036003132,2.3661304877488525,1.6593198828730265,0.5774045661247755,5.440912940321173,1.2049964790142649,0.718487776443303,2.4026430843022455,1.8927527824421386,3.5558293077413494,0.6870188364819343,1.012565299865071,0.4997307561051165,1.9126083549630275,4.473863491664201,0.2898730508796483,1.7319953202246823,2.7123254489178907,3.433379504133723,2.0736792083443314,1.3953400683599018,0.6249461171385939,2.2686759482941143,1.616999701095573,0.5596061627042537,0.8501284230263321,1.1161917033116893,3.7586534315918856,7.492345249059081,3.684849285648022,0.898040109228961,0.8640739482733494,1.55759341767292,2.538940939955623,1.5854935156724275,0.8118260826279935,0.9404952317438844,4.664212081720303,2.9774658825841303,2.971446274047025,3.2513404900099343,1.936340633811005,3.0516723331430575,0.47273605159532694,0.110062441055782,4.9192871426889875,1.5322821249585268,1.596447198274346,2.250920076391014,3.31433280443105,7.09069155892735,2.916220456008314,0.6826471359629604,0.22400156106042224,4.467919361543957,2.1479238204419806,1.243472744691243,0.5169291745377118,1.2895220752583998,1.2469825940374695,0.7133874966321927,1.4454377305114132,3.726144290673044,1.214289293247594,1.9540581811761002,4.60773198475963,8.701763308069284,0.8326707869156824,0.3038355946926472,1.14975320188437,0.650955230786913,3.7704301069123103,1.622183422043646,5.963255025645235,4.69087210788621,2.02849908320088,2.169559013276384,0.46347908019831763,8.088903711347472,3.394536309105542,1.1126038773124989,10.511610458619693,3.979585867543673,2.9308457147514235,0.5376109332300572,0.6001627289766207,0.6640693433551418,0.5590458871314516,1.3204722405087357,0.5816407007507323,3.589985522164734,4.2416063592245425,1.4507627620848798,0.4982530676206238,2.8645294285143623,1.0565260886780565,0.08235151931266299,0.49175379759374127,5.177019410210474,0.32264017183535865,7.704047114793032,2.771780385282185,4.458864057888748,2.1711656846134817,6.198103336062889,1.1926529012157974,1.499296189551569,3.815702008830747,0.5393596797630551,3.677841414326977,4.3246020467190025,1.775650229045478,2.7042506053154844,1.5204015587080786,1.0569696238943642,2.5125156883164768,5.793523228438669,1.1747997233000573,1.2193313661146221,3.494348234527421,2.9931980826232456,0.6048566106223426,1.5587921457343166,0.9938572604568097,0.13449901265399333,1.5127217434976088,6.170262002023625,8.844472843050497,0.5274789543491366,4.231967865735824,2.2004149713861136,2.2951162528294593,0.05764179624661825,0.774927878565324,1.9838253637409673,1.2867089883926428,5.807855496317055,1.1512461169954284,0.7308499404573547,1.6750602566866313,4.327589799867468,3.4144133925259386,5.50840164273449,10.715926487136795,0.5466427829045591,2.767128731605999,1.1919106941217188,0.8170029091527988,0.9320928582101233,0.8740804020829255,2.1481323635379366,0.9977774007490636,6.608450879293949,2.65264230909263,7.052191154907667,1.7207239600518545,2.4506904838495327,2.713417172701953,2.215115062637596,0.31863817658723415,1.0115304442069029,1.403254110598808,3.413772881199839,0.7790436100833656,2.380466054819951,0.8380765025434933,1.8355839714835873,1.4931964669726714,8.889157475431565,0.5383660199036874,0.6194583126476373,0.6391362827962297,4.323290527819818,1.681843999242159,1.4434732491474447,0.4197384373580917,2.495915168906083,2.186224810009971,1.570125995728227,0.7647024616470204,1.6995695181498103,3.3056918861293996,1.4307445782768,3.852171632557782,0.7550743570537143,0.929431795729752,2.06038171225696,2.488306759487474,0.39484737613377097,6.622524717511291,1.321045682334999,3.290015036320847,1.3594293800193584,0.6256087681117987,0.9084824170447473,0.25686164929909483,0.6163572723554835,2.032138966452335,0.4784478587950374,2.2389238337500674,2.4645593235147083,0.8174261836482009,1.0026174904113163,0.41171878275515716,1.662787930740089,0.744916117920494,0.6280305049076731,0.6693505337770345,0.18209790204940512,2.9185722476873996,2.532692078684951,4.93321216770878,1.1991657086888203,0.22180452826783292,3.892303013815679,0.4875087351836255,1.6784727664438739,1.6459665055531376,1.2941008991279452,4.383404506710512,1.5496477749376074,1.5311755904369506,0.6642708540597582,2.6458827197777213,5.354943282402842,2.468430578481223,1.5232926218135463,0.6934671002760093,2.322561207816844,5.575906044905761,2.3010839460391055,4.995804361397473,1.055747125182955,2.2054554056974713,0.7429441811125361,0.9293223864415713,2.284615058538525,5.258661320530581,0.8140954800346127,2.5367555956637555,1.1512683715002658,4.799325189920262,12.58909181359643,5.401309554616443,0.16135136034838626,3.5907228098456194,0.4432306415740406,1.356828990767521,2.166429113668767,2.4619943039381056,4.403839271508205,3.3204572052854173,5.813545118043285,0.8616467543175781,0.3539403646749555,2.907904850110178,1.6909476331593685,0.9341054468054392,4.858879866613575,1.2091586385944852,2.867746399976479,2.078225934285617,1.101868138601021,2.677200637613547,1.1728436462794496,3.754164489598593,2.179507958638254,2.5130759946909675,2.7697120404559965,3.9307632148637186,1.939190093133806,0.44348102532050615,1.5440747583901613,3.5405190164737284,1.3269163518659706,1.0978220431734491,2.1063245412808693,1.212012682068865,0.2825977440831272,0.5276951311566648,1.6871256798600165,2.8290655913545217,2.9651208667769167,0.5567037262212413,1.003521054661129,0.7279890527561308,3.4832030132742138,1.9899475978670864,1.165715470391415,4.623683518778938,0.8955686259113947,5.269560380546085,6.144082560349236,1.1631873422131107,8.076071941202022,1.91484794008186,15.59982741931651,0.62293790371475,0.7351004252057278,0.5883540147491899,1.1085288602459333,4.436227043309403,0.31104776465163114,1.7972229445860342,8.706755916845632,3.038167742720304,4.011517860075887,1.0564599443123388,3.0837079620326713,2.824443718635953,0.6057035580056866,3.9520492722783227,0.9634150150967913,4.752020437556993,4.058142936176993,1.476756085788538,1.1584299552387958,2.9477258167606157,0.9061722075803338,2.6633956283356204,3.114386313335272,2.059721506244982,1.5022625849436158,4.492562652393445,3.3085694589382197,1.0781992795236828,5.300640238832607,0.8890796349720218,0.6481697001702503,3.597051750128034,0.8043068632424517,6.03023753236409,0.7366578933940873,0.5370701306363388,6.705156688529751,1.886140111385136,0.36056929730300746,1.3459790142315244,3.1176921278005247,4.4606509126604665,1.7441854648346617,3.8621870665744202,1.2263990814213677,2.453013431170904,3.647321537482785,1.1011780112444438,2.9522805455125782,2.639669547703474,0.5391574238718929,1.4448022327204706,0.6057421177038391,0.9070903116134066,1.4417249489499324,3.7915699662444813,1.7908989714513839,0.8580908238455472,8.41123598793126,0.3142049768659474,4.572979155253067,0.8467265431241655,4.724656877118341,2.278561397773308,1.1212620968013545,2.3013886504830654,3.3522048953958983,2.3411351130938503,3.425622687172652,2.436635456631513,1.6454148633813426,1.1525975233266168,2.1938422536106663,6.871886489773243,1.7069100453135992,1.1296632709135337,2.086824584000448,2.928622488638633,0.8952785330616646,1.7871873642635403,2.623479806939211,3.878159721284387,4.091462873940015,1.5994234515899621,2.550589231336338,0.8156259352656938,0.8899009855875575,1.9551794249295087,0.19346330756477526,6.261719441340262,2.5659825521744635,1.380482500403707,4.541935514068553,1.6213578440232217,0.9044424563489624,5.016740145114866,0.979049344012478,4.140131838573789,2.314222943153523,0.27641936511267673,10.435631493566287,1.9842467133855988,0.39592378577246756,2.6597278934115547,2.4881129047676516,4.0678800462688915,0.385873109237447,7.533430779803189,1.794292098018338,0.13742772968987693,0.9455653876807415,1.2926255554693837,2.189736791483583,2.315435223812182,1.2832490640352936,0.7201675797836393,2.6838679282535947,4.924283277176164,2.248316492214993,2.0665385085820978,0.41222931191361534,1.5265828654166724,3.020160743602294,1.927081231127885,9.993093167518062,2.443345085448709,1.833749752279596,3.212825466767991,5.799216397280182,1.3904597622587875,0.173694220800773,1.8214222750855518,1.4286472660184144,3.8996362237968776,1.2806505186805586,0.7173956011239169,2.875388376731674,3.7154763883238937,1.8554300858108523,10.645455677163902,0.8029863937361355,0.7683273478084414,1.1871326555536883,1.963636537156505,3.8688247187888276,1.9626842844737666,2.090245312575639,0.2516779479573714,0.4998402687849002,3.4319549076285973,7.22864708058827,0.5294934860570175,2.1084435603153096,3.9644064888239274,2.8589697789446067,1.1284948577624048,2.321273027955827,0.16920965136019772,0.20342862400292477,2.44278605364672,0.9862853069426651,3.2466281840505395,0.6573675822183427,1.7526159999331457,1.7537931122425077,1.6437589763010612,1.2523994913503418,2.126128218463262,0.3005978413675668,1.3035871034124449,2.4828183048443275,1.340622957586978,2.7342807050065803,4.337028121674272,2.2417979437925895,3.0711009492517665,1.2447422492930242,0.8202342977605872,1.1450343002013097,7.027365086957737,1.1827541504383727,2.4884124446135476,0.17568770107891257,8.913282116095356,0.5381503280425329,2.3368775404828384,3.991650548959789,1.9019797576299695,1.983545910375963,0.09278583269188578,0.4773966197894128,0.5150468732405538,2.3394383065633466,1.4566714798372258,0.23485809644312228,1.6218848811597457,1.1719994095552644,1.9797789694328238,1.7092405891338605,2.030317144488287,1.6652715904640139,0.3932298735763475,0.6847740527883965,1.3587644401367245,0.7455987866785941,2.447556914155818,5.61441637489651,5.34414769709598,3.340481557532025,0.9612156145955476,3.1042756257911885,0.8599241740586627,4.1917757620884055,2.7451000249820963,2.413416368936929,0.7353430105069686,2.5728045361983094,0.9190533520770967,8.3594252527074,1.4496694765660005,6.9423459518814195,3.9635777905139724,1.1139540207578889,2.5201158149064034,0.7572400364758813,1.3225557269723704,2.2067520528370883,0.2373709595276393,0.8852926450363474,0.6002235430684285,0.7017385660563041,1.2208426377121826,0.7256095838950487,2.4298906909762072,2.135198060844245,0.6198456905469635,1.47702507085139,0.7278672936628763,3.31573378002526,15.173600747348166,6.170946914253902,6.726267108841315,5.494648626059711,6.922251609953976,1.4882359131876572,2.319909663920572,1.603983724707561,1.4551963352619988,0.7980778848921233,0.44414719842128614,5.160870186362113,0.931356615047726,3.8948701810214903,0.6267704126674967,3.4858441139892404,3.221841182322935,3.39267424025865,0.9509250523467245,0.7035387879913046,2.1284123156686694,0.8605296730953675,2.745071469140525,4.6072275847151305,8.823669417643927,1.0382371779656137,1.7085813377538739,0.8466669152810771,0.9827568277552365,1.339982001688948,2.4727710823007802,3.362839209585622,4.199460296801544,1.8847744534313051,4.535281764771087,2.0178194769272864,0.3454062799775284,1.5756558367385058,2.101541085550746,4.733997086300714,2.3813421344727272,2.5479674023970267,4.583882356627227,2.7871665245533297,0.9003767806832994,7.36005241214199,1.2002815021567113,1.01008749351841,1.3353707456765598,1.3809700578736943,1.7032569678658815,0.3797964215233539,10.471343324582762,5.202203833909522,1.0281339810147618,0.3686131158340329,12.139814656255627,7.095513633482004,1.5322829850479005,1.2677117307877943,1.572233625724402,8.148601731772635,7.919405214788851,0.8416244183279543,1.8823139320557025,0.8708410785252654,4.377974770927156,1.1627355408757492,4.56841602489634,1.769335023320647,2.6380904438633426,0.932469856573984,4.355030559739788,2.5463214810234804,0.4087160271164594,2.759495067486499,0.6379729403980765,3.4253063402936466,0.4436256611931222,1.9924415249589924,4.225363979640152,0.6189032382736586,4.585974487771241,1.179197667350619,0.5312511462148378,2.8046315954815997,4.336052463111034,3.673405417769744,0.7856685984642997,1.3274401573337882,5.73420985558335,2.87411330334502,5.585928416358384,2.3550332653206745,13.120697206831542,0.20412756423334644,2.5829552352287934,1.3310777779336038,0.6272743285153891,2.4291643353799173,2.227098970138107,0.35152209113041377,3.3393235972622612,0.7812393331541228,5.826738322172827,1.8501867121627995,5.695741680208659,1.6324920393039362,3.6925565030380127,4.242413722769132,3.0674978286170225,1.872250016826719,0.40727420263870373,1.3949352327108366,2.2364475980593292,5.267371891938847,3.9219092396068054,0.8352857640971761,9.258743610149425,1.9511632506773728,0.19552385622704138,1.846644750273542,3.1603985085031594,1.007597491345963,1.135075199591439,0.1213657789916649,2.927926814082685,5.177526384070528,4.02962562623145,0.6878780255272804,0.257712394840175,3.2006914342169375,0.44654974453711516,4.358073968092691,2.065438022773714,12.30821471752746,0.886913597048502,1.548410447071662,4.949108568121842,0.5213797425111824,9.499009447134732,1.1342169807414704,0.3302009325947153,0.4204860733027468,0.2873904748285119,0.8697789687581904,2.9973521227819497,1.1769665540867713,2.9272104460530173,1.1524253012305645,3.224185471528643,1.7784802245457654,1.2481638489298426,1.0229133937600283,0.37301948047488,4.1025908455356594,3.23612553674072,0.4736078768731047,4.036814852349058,2.2490378091502947,4.7184093831589635,0.16086351488183448,4.083749185563075,3.5614230351134792,1.264786103261758,0.9995105924930925,3.0176310943888396,1.4730759610286133,2.12910483687736,0.725347086636466,0.5231264178977141,0.43033506417717104,3.571767873650378,15.210998246030416,0.9998666027897223,1.6376186456708606,2.783142021554961,3.503642285310361,11.147800690794337,3.002876131809244,0.8534885014378629,1.4058542336964748,4.640744112758798,1.6112114152282864,2.078143439450104,2.6122077741326812,7.238819378262814,7.682338141832394,1.1793325133843702,1.2108614743961015,2.7171940792894005,0.6156925106059954,3.9520931459796165,1.3737177825239693,1.136945115586777,5.065590133382372,2.13775990023948,0.8691202523886599,0.5332031085671738,0.7470583188446768,0.06081772737204716,1.7020144568178723,2.5607510505295803,2.42617848330855,2.10083156091749,1.9475664598012612,3.0691241386129864,2.89699228441893,5.326376998155828,0.9553139703275466,2.665293921888078,0.9212746373328801,3.603112118163337,3.981503407964884,5.728557987896794,13.121963876745822,2.527246416816083,0.5056692924042023,2.342518904751357,2.883391614036821,0.14511067778405562,5.349932361968176,1.2992546899527018,2.1606207768235084,1.4443823497548989,0.6627503275263829,1.3780725220281629,0.16866350952551878,0.28328743581454896,6.333795398553913,1.653978089052885,1.4001943137979065,0.10630962800713495,3.991735012930442,0.4180958211064969,5.849145913193583,2.3689634028859134,6.745606024821352,0.3001886454958368,1.2659684895270031,3.8301563617254972,5.029157609341883,0.8452279160056314,0.8893556379090498,1.4185993552093827,0.42301582044868263,4.477827316847222,1.019742797239127,2.0674963043169297,1.0164737337989749,0.8797923968169021,1.2344089340366236,1.403337852535567,5.003622345081609,0.6937634675622908,2.1725187223719384,4.67419280836166,7.156336485919893,0.9586394427823719,2.083558068083975,1.8045789174091431,1.0288927389722915,6.531627247380929,4.65812312719166,3.063644318180158,1.2205125453724956,3.1738316116232603,4.413646057920719,0.6015486032295319,5.7162473435119745,0.6279971068820865,4.416427675690612,0.7262687629449314,3.666109911159123,7.360758552357362,0.11979685337810897,0.30212616792178015,2.367824530634694,0.1120521035542088,1.020751169689897,0.6533891252250869,3.0150356596136905,0.2815366282372327,3.9072824446113303,3.0706779440330685,2.280224270644513,0.1784832710400421,2.823074875659934,0.37319343694747853,0.40526293868040564,3.6125471767385426,0.746984601780929,6.275175419155386,1.7189246473848696,0.5580374820413923,2.89984055426915,2.8983654772562257,0.9492958323136402,1.1848276591360667,0.7579742484126795,4.042578658880573,2.419689194483608,0.11091546402733576,3.253744568709162,1.6087546059953863,0.8718705024249347,5.810006396562218,1.0443454551376727,2.5564729254280003,4.064467474700352,7.780580378225559,6.173633804222399,6.460828519860292,4.084835676502911,0.2740840578814865,11.632010659841965,0.6331027531072333,3.73274888642832,0.9227141814165167,2.8901194263947696,1.5278537819600753,0.7629599622689816,2.4517877977799003,3.8602634284372623,3.1637418328652336,0.31539117808255,5.393386563618427,0.5834102824290304,1.6251636359559052,0.10331735153439348,6.793065095769171,2.3941879871583756,2.324650448863887,3.4454879873436193,1.2846372052920378,1.9040126726216156,4.158033684623536,1.242450571914603,1.270227016889275,0.9326931496986455,7.883860817439224,7.251957592107274,3.355640174708131,0.18849711196379526,4.747100172133835,0.5419859276217744,1.8287629615956638,5.073708654690483,1.3685218016868137,0.3663533880553842,0.5729048390408764,6.690193793230798,1.5659044458008364,1.5456435561122446,0.39216203623681833,2.7774419190297657,6.245677845708058,1.5197359695872081,0.5562986356137722,1.1352889503864305,5.370374137726042,4.9616713939201516,1.5998688234736085,11.32666154526108,7.733218169108405,1.9577810726200595,2.1968111543666695,1.3183736409564861,2.771812517039194,1.662053080623455,4.1126117831541125,3.3508898416237534,0.47949547550862304,0.281045255340053,0.9223190109904342,7.940320248065462,0.4332273358048473,4.852910533116475,4.917956754808667,4.0490169188453855,0.6146345278874169,0.8255142314871646,6.613138431873672,11.776562373980308,2.781204770790648,3.255073934786532,0.5691243590069659,3.6583176683201377,1.614432424157335,1.7293753154293177,5.900977302562729,0.5101118183088098,9.533561367783285,1.6361520223036528,1.2972469534737816,1.5282695981072902,3.409681224792114,0.4942293075406561,1.1895926049347056,3.404070463167417,0.7134681760546295,2.9857611003523616,1.6337426644309447,1.8708651425049998,1.7575488285577814,0.5768832339979535,0.4737507187924336,1.7880371914466022,2.459441725329362,4.684708433808554,2.2641784207547437,0.20332019848949184,0.30890377581593875,2.8828173695320496,4.043800243565978,0.7609854503831486,2.1202719695763457,4.275791871433742,0.27222155624142896,0.539301656165471,1.9305370580424013,4.2695830358630475,1.9854789685056877,4.287629946489974,2.4202094512973322,0.9073850674578243,0.9812418647891883,2.881925627300019,1.0978305834802402,5.7582008709325,2.5887674789571378,0.24613438571822466,1.2762237898613917,0.4653930303002807,5.913853979397798,0.42013536938250423,0.37149174428240567,1.1558320148307955,1.4379215384712252,2.728617489987306,1.9656868449040366,8.3586309286788,0.6381282932660763,3.2232355488822644,4.810801813499023,1.66632989742843,3.7312664074933704,5.505359217617796,2.9527012581439225,1.0113271757233875,0.9144212190154656,1.4957188558992212,2.2937864077966275,4.405903578334485,0.3679805030469804,4.829496798488842,0.8337750855971299,0.17545077606244086,3.977902592811591,0.3573107775644436,1.9087144029527945,0.21744346491445277,0.8711238700245125,2.7165001278209018,1.3241809089836836,5.019499515323418,1.9350088296817647,3.696296260062749,2.57522989164861,4.14763649093478,1.3725543888887823,1.248883743059045,3.002462489625567,0.9793110242688892,1.1962456095100584,1.8375724381902354,0.6712175655719634,0.8245436374400594,0.601188422508564,1.3504377958293192,0.3111477762531618,0.803128065005136,0.4615471124453586,1.286160458746549,6.568504463863787,0.6766357479992531,1.4973263444812765,5.441507322924504,2.929179152861469,3.829145197822876,1.79030577579414,1.0599318908841802,5.338006059681341,3.7708840282415013,1.4893008100848786,2.0775228455257726,0.5656641386544992,2.9953364039347306,1.3953258592763702,1.5904873441447611,1.293723054432948,0.7451116906924848,0.2179709806007044,4.544369457101821,6.44974664459442,5.22243903273485,4.2518702393034085,4.131902011215934,1.0305454330508832,0.9925974627393805,3.28062457167958,1.034016280402855,3.5758820255508743,2.766827088883674,1.0342883167422445,2.5104966798599477,1.8859088088437348,4.281635142643918,1.9268612985192795,2.241636017667808,1.2364963438835475,2.410149061899102,0.5464201143147014,2.2766717679243538,1.3616118545584674,1.5057535269610847,0.7536895322452846,4.0873168357308725,3.8222536027849814,0.43930803444963296,2.911513790523041,2.0471576156740587,0.8558277430105308,1.4157766933269005,3.447209599815355,1.4986849944642695,0.5996956083957541,0.7069521164785595,0.7337380015339148,0.2787733614315808,0.08599456367468161,2.5539252372380106,11.272248918861086,3.5401487325325816,3.270104295142679,3.2868625108532727,2.789128179941533,1.223796004760601,1.4743238825651177,2.501112856816787,1.4257604013767757,2.6012238956700484,2.371304054992065,0.6943280733958315,2.115062451717166,2.5184126684291512,0.1643169320541234,1.2531725005209329,3.761339037034464,2.180501083148055,0.8072128277422322,0.8240135927430969,0.8099902697833348,0.8595111594602112,0.43056607859540563,0.8639728169390484,1.0965392615143652,2.2425957955964164,1.3453150051973723,5.078600871060895,1.587721520212904,0.47621957127062203,2.29601616292036,1.4425684333679234,1.909136356709155,2.7432839276292116,4.972014061611246,0.9077649858241653,3.8109616351555453,0.8200669811239222,2.0715449952197136,7.450335083809899,2.925923764719995,1.093007857168843,0.3998231857115393,4.99917199825765,1.538957298225435,2.9089979528358163,2.155186324992586,0.28242995268962057,7.601904189078784,1.521392258996237,3.345093555128783,1.8760673750846482,7.437775145678397,0.4074036563943879,2.141903672301957,4.787978368466266,5.910618963887982,4.207631672962682,1.5613662177314915,5.05908339366926,1.7017461311520423,7.276164102242808,4.409553850495587,1.7369491733941804,1.6782289118836982,1.0353882035107091,1.6747543613283429,0.5495742361021491,5.716297026478532,1.4052811463832746,4.392312744391834,0.5910288420514246,2.5025917653004086,2.339325589770068,3.9330641083156728,1.1477486737549873,3.135778269436372,0.6493396371598186,0.8402378168546383,5.855519561040366,0.9882386412807845,9.154296367942612,6.50000465297144,1.7669291494198482,3.9602356147612703,1.3655453406372398,2.981939609911004,1.3601840721613851,1.5070984622683343,3.782296735777672,0.91664333528703,2.943676720592178,0.6977502512661433,1.2806569828031042,0.2303206965820363,0.14284652271152776,2.334331339021317,3.7515834509330883,1.1001927681014028,5.165622222637549,1.2203506887678444,1.2691395009315412,1.2719922632574647,1.2143693433042373,3.351623432639581,7.662303839786809,4.898849354043019,0.40487858881156824,0.8641497637629556,13.89505201266619,0.1211280046827774,1.1469489197772433,0.49951205144880007,0.370946898868885,1.0755445192467148,8.367640053916421,2.512092088660571,0.3855762583715041,1.2752812029023057,1.1308436531088129,5.08303603258002,0.7028802371129845,1.832205070325729,1.3057778778202436,8.645599685565124,4.665218151323108,2.5119534507404087,1.6000229331864946,2.368820243028744,4.5919288976301935,0.13178196370448592,1.4982718477199168,0.1634927544025856,1.5694167977758067,0.7498825039751906,3.177634151715701,0.8149686340713914,2.1011959839331715,2.748483288671185,0.8229906496271922,2.686080829242612,5.132692153482231,4.0622519217964985,0.1754522137229012,4.332657615316332,1.552191296647822,1.991771875850254,5.594232274735112,3.2414727271847648,2.6253959174047843,0.6279604542642119,5.172635619049744,1.559712181262962,6.38293642444753,0.6122939652648016,2.957715374636029,0.445483988278272,10.541811660891149,1.0039537853218383,1.1945996003002486,1.001303028799349,2.3020840604072568,5.833986723803911,0.7690155409524563,2.154388529029463,1.1223932488323287,5.968089535354983,1.4617572064593958,1.9963365961933162,0.14389229785963042,0.4761091422578785,0.4783738550774901,0.5613405058817662,3.1584641767408654,7.403411625204333,0.5782837855274863,2.2743919679631106,2.0816246135726884,5.476535873642895,2.653731949295438,1.2632347653548601,2.6765777912643056,6.24819850277204,0.2546832096871356,7.103729811061584,4.375037664498848,4.650999382505794,1.0425530753351235,0.7785880645791129,1.493384388660501,0.5874644293779088,1.7677180714548242,2.0539572469085954,1.866265227874318,0.9487520137383834,2.5619901650357644,0.6698188617975873,1.7953256825150339,2.0994311018206355,3.428951178718387,0.7926600029474555,0.29688082481432,0.9557408478907756,3.6734332782322543,4.110168195974156,0.20322924198413728,9.099501807965924,2.6482533884298953,0.7525714931423542,2.129908039746017,0.6629062415420477,4.490623854643306,3.3376400241577278,2.712472760033534,5.045889772087449,0.2994536696687785,1.5768056825329588,2.099729366456038,0.5765742526611022,0.18821415860277246,1.3074058815543683,0.5503442939119826,4.2536655792701294,0.7089592402347982,1.4264404202532228,1.4301415906201658,1.436399549038373,3.53080850005294,2.483283484337903,5.175400033395906,0.3136054979788798,3.5072337281006254,2.058528358117183,8.845254387131995,1.1604044992191516,0.22426593724237298,5.586434783281884,1.8941421662480113,4.892482793503217,0.8646495991967169,6.474479274956126,0.5302894510132705,1.0613031091970062,2.233544915103253,1.796449204211715,0.47518888181514574,0.5913681027475145,3.400279101443769,1.1143714240395954,5.044986983051867,3.470046955571621,0.6625593409825272,1.9142416066470545,1.5374195941175341,1.5601336843916225,0.7669491091085244,2.245353785329792,1.0781222003110682,1.8530797012413212,2.2967945729111414,0.5966466411096172,7.028749645303854,7.77827973524195,0.2144800563467097,0.44239655075146306,0.29351347007356265,0.764144215857884,1.6232872948654853,4.535147997230058,3.5945432935391475,2.518600182392643,1.6778896798248122,6.5592140092256015,1.9447492630574548,4.211309651197525,1.5920295662764532,0.1593648856292773,3.5454991164866727,1.6977172162793295,0.5458686925735137,1.1442487660290053,2.355473134538552,3.0505851772361927,3.2241378409919945,2.773376475487515,0.3877496979850153,0.1737369392557389,0.23320977935916365,2.146792922364659,7.735793004398138,11.339045480808016,1.6883256858144373,1.9933206472399305,3.8694279008878243,0.4233637609041191,1.535977011210722,2.5369392857580206,2.032662119158353,1.4904581648698927,8.108988571921305,3.1766609537243755,5.555497533339991,2.040309804220226,2.1847539088736516,7.372737899267864,0.1626980250622584,0.1278184442600972,0.5605228573413568,1.9011169871789049,3.1990890766150675,2.7930833559118518,3.8232647454604365,7.616469043837668,0.4837811230623863,3.0169019292124224,2.4139434158017736,5.296640614415949,2.173363312196067,2.200812769726434,1.9007519534600035,0.4887890897296343,1.730783193634105,1.840189917149363,1.280925266535058,1.46711848657716,9.752127145829773,1.429080427919911,0.6909140848853673,2.1188720829395233,2.4710789827860244,0.228600083940926,1.1112820554591327,2.1610837140709136,4.439038153314059,0.3340664933587967,2.2544164049101165,1.2480857800466614,2.0750265538602513,0.9087775299584111,7.344990449340787,0.4606653262769284,3.7589678438876692,1.5092321001492293,3.2638011888838676,2.652439302473838,1.3253651774413537,1.2376453096798694,0.8633844962371343,0.46233536618837845,0.39231978759403385,1.2368906082313933,2.2331343617419144,1.0637576140749276,0.5355308147739488,0.7109739300433437,7.573578190030611,1.4162290738307206,6.148626641168868,2.122419804516807,1.398260891378091,4.219015836710636,0.39537598158699444,2.615338225401513,0.4280013518334622,4.540048918891338,3.289216436134396,1.8643128680969396,1.024747936701728,4.204254064509184,0.35305965656132604,11.898452049837616,2.354526823086891,7.323833858813973,5.69677670088956,8.291137970278244,1.3781362676956923,2.727860200082758,1.3892703286489387,1.549917356978855,6.826679530750485,12.432172548454695,0.12594308775053742,2.1393454789591004,1.0433681506137225,1.0803245650939506,0.45505089213909655,10.954323647777015,1.8912969410462468,1.1217437303288769,4.439804607930401,0.736265145865729,4.3616246987024185,7.215479820520979,0.34545280089372654,4.041365580276098,0.9830724933685662,2.5375385415383906,2.302454514108974,3.716496739207254,3.2841991893097178,7.968434813630516,0.20863285517905572,0.6795401923179222,6.437965508143563,0.6037572423051347,2.4531666086038593,1.3472542264584544,7.020500633923568,0.37333117426943296,1.4099021145744322,1.6310514630774327,0.11083133372680021,0.2627070010546604,0.9695562753536489,1.7663713673091228,5.783121444848629,0.5353045741426395,0.510538519082709,1.9962199120321955,1.5613773285194303,0.6163709197016729,5.403476880479959,3.6520337125381994,1.134302925066796,0.14895837965855496,4.585503322380045,5.295926878183311,3.2748182385623323,9.620839557913651,2.094413418620112,0.7616394680856489,1.215108609088904,1.6467640612973997,1.3847005118029485,1.30920530176589,3.4164992982549425,3.222609343021392,0.6246835904257342,2.0355014480426075,4.784991407708466,9.4414205024794,2.6823066361834913,1.065776340399069,4.69874954791557,2.240199173111779,5.652977193714605,1.8763362388596552,1.82901034479374,6.404371316528111,1.0425092380143504,4.7541021075759815,3.961476916950246,2.933210038814283,2.2375248673931605,0.9865662871723564,0.7547135278597801,1.264868396923183,0.709383175809223,1.8878053613143393,2.703675325345497,1.4810547974537052,6.570078822663775,1.4110276582400822,3.083348537976165,0.20845923993399718,5.642212776444283,1.609162282393855,1.5623512701698408,0.7408474573065227,2.0114199850421874,1.941864027920143,2.6765052164037186,1.750113725106572,1.2468670310228416,1.3424943561886824,2.157981971883751,4.413004983234075,3.253781672922284,2.450190717629049,0.7908196694537037,5.326266409483111,0.4873925757713551,1.5556416104181716,1.402354292957987,2.166302293573023,10.44327189003437,1.7334412072284118,2.7638426326587213,0.5438709889620715,0.41134051599886656,6.729616958292303,2.0137453873358577,7.382790311287007,2.1928586788292184,0.640518792425764,7.3179827654717,1.5964369919202297,7.665863460532741,0.3509151418366794,1.4358919988315377,2.4398257176162557,7.192178764625894,3.1482084621615605,3.747097024180096,1.0414627297869632,0.17196114833728382,4.345802925639684,0.7589734012092346,0.9945077675477432,2.8825118112005708,0.36014639014833394,3.7223480112129876,5.608278320983096,3.7885885560590995,2.0355297159577157,0.2650843428887448,0.7133421369668792,5.076772152244557,11.055002322518702,2.186523548593756,3.651339159141532,1.0077939234306117,3.123770176428482,8.65354305422276,5.924861187483363,1.423758031928807,5.927171772323053,2.5251090410506234,4.300897395562677,0.2703358751704965,12.593716885290112,0.9353828541265187,0.2238802206572279,2.168647524623214,0.8019177464477045,0.41490448783042455,1.4967508855070677,1.6657925401906446,3.9069099329483423,0.537225002655612,1.122828482280394,2.90376963218442,1.0704924753255851,4.619468676601808,1.1974693086519523,2.391390450271923,2.0202087884941884,0.3211409930172173,2.090298073203631,0.5296216965582725,3.6811421517702656,1.6228298103566947,8.463401959767669,0.4221619350241665,0.8643249366909205,0.9239631292111126,0.933689171263572,2.602086589409933,2.3784368412103976,8.802924338296926,4.219302251775277,4.632179994139971,2.983765633115489,8.627107430537073,0.2854304346839416,2.4380481735387813,1.9648773889636006,1.2295288779806883,1.7385278653681449,1.7305032154923388,1.8796145542942826,2.4212190783356107,3.0944537785560713,2.2108725612790066,13.936223309386685,0.1884606279248135,0.6641477699367919,0.3742267434652853,0.8953803992456453,2.48560478943714,4.975176423968215,0.09435113902591952,1.849338741432735,1.5774429542501966,11.88492864232006,3.8208220569130877,0.1325104677804089,3.070197611086006,1.5969687569623736,2.6542418464279285,0.2103908289152705,0.32298038557111947,2.1065592475299053,1.1531262296835147,0.8609658443504026,3.483203612590561,0.4290402220937287,5.094400531390932,1.5332778293996083,1.1437954716039926,0.4144431171622668,4.352394098971895,0.6156442818225945,2.2718207949325713,0.5539202266030481,3.049607628767784,1.9561893527288536,5.728310060661902,1.1006260582331489,4.70680663501956,3.076989294030642,0.7376737299731009,0.9048171049265494,0.47568550412971095,2.5967495753030643,2.820892057917287,1.6191748235120096,0.38769520735428553,1.5391992122728346,0.13444695218518166,4.301710759508876,7.085234321275858,2.487174004105564,2.127250643202786,1.0160246317366008,3.2347500167951364,0.49209211975210065,1.4603588425839562,0.3746068624097674,0.1850147277424289,0.10737251823047267,2.185480443448645,1.24578705098793,4.105195570273769,1.4316819110151089,2.3877857428612024,2.1814627382448877,1.3113239594327668,3.9273968887924062,4.35938058726835,4.421511748531284,1.3754280661977525,0.35430345246703754,2.4078619045789127,5.269333583740636,2.0912912934618886,2.8359087908798433,2.6286227923395975,0.7142260279689512,3.5248953035418227,0.532019949989108,3.2003250480238847,1.9783771473962033,3.67200111902307,0.2236951152125981,0.6790548202668243,1.8922536047675111,1.4019897721926768,0.5301554440877239,2.284156699220517,6.268898650209507,0.11108445924759835,1.6347768209261557,0.7028887927148204,2.746685250510919,2.3979268914597363,4.963810070794785,0.8047330856363382,2.309162488938627,0.9933694237223123,2.192996987685568,3.654977981377529,2.634422956611851,0.3225100457362913,3.006269374563629,5.8789843171002785,2.8331063134423666,4.091227238918664,0.7067427230306143,1.4885227970194017,2.4934841515752186,3.202482085588979,3.2606687501493434,0.0847226891984032,0.8480401346021604,0.286462393916806,0.7752600734445811,1.457202400927454,3.4117195612019913,6.9210429989573825,2.31764730528275,0.32053006197926215,5.531777298512607,1.5345380772816866,5.021054185682194,1.0123094620077078,5.627657256296202,3.1338523635788036,0.3442289680601447,0.6720703913993475,6.44068374137246,1.2394434400043424,1.2413555875011992,0.46151129036078475,6.0995978772128066,1.7233421408864658,5.74208111314782,0.06662936083628113,3.1226388657401927,5.810147557832756,1.2644054396885394,3.339837299837673,1.9911652051176225,1.2510522519091407,3.531476212302031,3.3270923347251835,4.422752096130158,10.501415973628697,0.3568039914615251,2.921105824039852,2.3216630435829257,2.4881730007346308,1.401956604396231,1.199384792565273,2.505928713665959,3.249028695278179,1.3101231904565218,2.6140561251612335,2.03981243905908,4.823608025655692,5.0619978406472566,2.734720808729447,0.4655956924959266,0.5575623728158554,4.195295006227311,0.7791758004622853,2.844195849030569,4.625339866996766,4.685708905348802,4.519562520984698,1.8474195631690185,2.0549491064536753,6.1698460025462545,2.0462446938004684,0.7690645730958506,0.24745311749847848,0.5253289317183807,1.1929882384353294,5.1239920674055925,1.6648296942836662,1.74951721264329,0.4855479529534852,2.1661784644311965,2.35829074970887,5.153401405408625,0.7115690628204476,0.3410309610107809,0.9308030137865058,1.9994429103859503,6.1941964432351675,0.6217884986715673,2.9349787059438617,0.9077036301396821,0.5120254345732846,0.40994591874875996,0.8109890438869268,0.4829321161778768,1.8727859760549372,0.1248289498630899,0.7881413901013552,0.7871147442969064,6.195084250955114,2.294296660791658,2.6270114642815994,1.885751933821238,1.6918599877272684,4.476900022635489,1.8073984180076568,0.531638051928635,8.100445008427556,2.8217459627844184,0.17522265820724847,2.5476342424386935,0.19268597046263314,1.0730561616777963,0.24039555729144357,1.8771542957395662,0.4503590733555456,2.4655351506485923,1.4553913089506376,0.42050297632336364,7.306195730652498,0.09385883686823016,2.825650400337335,6.869681186233546,3.3517613595191347,4.906065546499045,6.967941578093539,2.523534734896018,1.7489308375428885,0.9765714483459158,0.6950355105388675,0.761579755812386,0.8885081037929667,0.4034082349323937,2.8693692001676294,8.59219087626655,1.572493051617868,0.8692670207573276,6.493649122868046,0.8018630715118209,1.7685997183842364,2.5279941322495647,0.4819406520834668,1.185080538020139,2.887124803929693,10.85182639543925,3.9779736600616817,6.17572111982736,4.986202799432362,2.580643056977069,0.7013833882735773,0.9077063933642305,2.7794419369456804,2.9470870622172414,6.743497072051992,1.7048460908662035,0.35435787587847445,1.34657158047728,3.5763333995426136,0.7583972155508482,2.2236459989157833,2.1451688072081487,0.583862270427596,5.357148269637047,4.306684482058688,9.750866762105256,1.3475282352784346,0.432146371024942,5.45236561750123,1.074212416260357,1.2301197929676413,5.604073248055417,0.9503374207332076,3.8571788283292645,1.9390313507647827,0.7527609628345913,0.4017998990089129,3.3726394382507445,12.170509318212451,7.758759040725917,3.3772227338993357,4.082634701145171,1.503378463613783,6.114586524567855,5.102319942680991,1.6272379333364255,5.939146592129122,3.6673715932928346,2.7021757273112397,1.8005649598516646,0.41494844102636497,0.4488563481961447,1.2480036364346183,0.7883293879393887,1.8273585093794638,0.1426376648441532,3.6479313070161274,2.1813355181307106,3.104291030485839,13.00984964511787,0.5026324308985612,1.1646053126185765,1.4614457616949232,4.621840957073152,10.662888640609939,1.205000776779339,0.8212281095436196,0.5741252404288084,0.37768314419001925,2.880436158387162,2.188790330468205,0.9217405741133126,16.582281334851224,1.9429556373836396,0.39464067131065006,1.1670867619669756,2.2597095016056117,4.302537610593097,3.0305781127625826,2.89082167414072,1.5856638586960143,2.4273922549727582,1.896912358413719,1.313188488882361,3.3969071636411785,6.165255646329344,1.533707293880929,0.4400019324540392,3.712686149216698,11.435206540206806,0.7411443281530352,4.714823197626025,3.389117693440759,0.5220235577414478,1.1667096876225849,2.0308282728469305,0.2098378270496044,1.3267590696498337,1.7286610502003212,1.022055844554477,5.225316208291839,2.284097031715159,6.096795091421033,3.140721896357828,6.452639961609927,3.853767833328673,3.558891120215911,1.7004379297262353,0.17031651974335493,7.775178230234081,0.5958596418513951,0.6922101665457007,4.454040183718562,3.374153224733216,8.066117486236799,1.0862712152767524,0.5452815178614319,0.7718315846925563,6.964503431984999,0.27141153306692123,1.469300924001966,9.689043740366044,6.103536969834214,1.6037166873873583,1.670487973358767,0.4031604182496782,0.7815571292182873,3.346285008214056,6.262653199377177,1.176311384731629,2.778998615136371,2.9140626505123848,2.266340463790618,1.0116334850975224,0.03413645741977178,6.967241814731782,4.750271796051572,1.186807863897197,0.25331879765586923,1.2068162041403276,1.047108682712861,3.22283047943627,1.386312070007461,0.5750777194750059,0.841103524345207,0.5690801099977452,0.6185812801107051,0.5956245865412765,5.505388056786502,0.5963669631218127,3.1566718232409245,1.1986454570151577,13.38602131030107,0.8806580385379925,4.286432535173237,1.3588259126927023,3.369300566263435,5.377605127978429,0.4568698021292047,2.659271786218918,3.8774108223033013,0.43908377160343015,2.1996718558075976,8.372322926133482,0.7259713849456971,3.6767942646384197,3.055691326982016,7.480502008128639,0.6690538913345613,6.452998618933097,2.6636753283307097,4.5425083579786385,1.6024587262398367,6.110813312228618,0.383879388961065,3.709481458630648,4.734342571031824,0.6213365540364282,2.7979580751734443,1.0271104591348303,4.579762215264897,1.8018933847937784,3.9181546121861155,1.053794014828179,4.735360801987318,0.9256940656899347,1.7930097957744773,0.848702739000017,0.9057204659842132,6.021504606676743,3.9952379746579028,2.9810015173848696,8.054994177952262,0.823097227931523,1.0540316197901676,3.274324373013296,1.6187025015205694,0.8559484283463008,0.48199131952720875,0.8740808196387243,0.7178606389098092,5.368373237564001,1.8011852627773617,1.5079914369815333,3.5300211512562965,0.3340608290824325,2.4022390088906813,0.4611633879904386,1.5020466436387716,3.307820357675493,0.5678454285628962,6.719899447205664,4.078887311331793,0.45334371172109034,0.32748861479425884,3.4680952951843214,3.5187518759608407,0.6472719018412225,2.2139776231302344,0.23251421362967073,0.1021530239293158,0.8697913892291855,14.883046942931466,0.12847948831539902,1.0134482495769872,2.5052015657073783,3.72898035186609,4.973590715694575,1.9932448056116303,1.657464107693786,0.665674059940856,0.2636986525295758,0.7093756636266948,3.0973165283854436,5.8385923304919745,2.0980120846821606,2.6924188206663153,1.1013867729546185,0.310427994260215,0.6249999002959241,0.8725195597221718,1.6093826907736664,5.697496761934905,2.3613558451833168,1.0963417479411657,2.340952490746757,3.0544126849569664,1.2722421247755584,1.93703766712197,14.5350656368393,0.12160945990110883,3.7351065238096064,5.456830046277891,1.0500634683285561,0.7960737518693944,3.846727615873063,8.734169615497716,3.5241313030823505,2.378390752039844,10.986264216370328,6.6024181138725515,8.36863632398663,13.86350228537389,10.246443626643284,2.149875667598706,11.377299119283212,0.36356815401476944,6.744917898371115,2.04661837516596,0.2646472156784616,0.22959324170260587,1.518881657865621,1.169653652111358,3.016446058324589,1.8838734474495658,0.3212499697380886,0.21206020975542972,0.38161388441236066,2.945535008639787,1.9886631229179321,4.024086289014816,0.8205129786555614,0.056662908164418296,1.1339392507899404,3.6617472733125673,0.9846973926434499,0.5769987690093181,1.7591788277774545,1.5664130734492934,3.5300759205402943,1.1694574558208382,1.7664219431448012,3.127241464499286,4.348148399686709,1.4713137478943201,2.7285492355697283,1.7699879870251642,5.319497242965031,4.256458995666394,3.638083538555252,0.3719435295579171,1.107306676205678,2.2940258422443947,1.9560303531472498,1.6894052757790763,0.6259923469457624,0.9203628280422618,2.657088464587141,1.1674183021102944,1.2059331110898737,1.622217306016951,0.8461888927724681,1.8967245111730076,1.7390406359623962,2.6388251337321713,0.9110907580039906,1.6361552886387682,3.1014545403691356,2.9664678916449816,4.163949139871868,9.060784851544195,2.280141281325146,1.5412373998130244,1.471167879175348,8.154524674580719,2.6506469479308676,0.6686846042207717,10.075401550649039,5.007844455486613,7.882115013459696,1.4372005918289532,0.1999279938299382,0.5585964709226033,2.607276993729198,2.6675642477781354,6.000233562472239,0.07786962862131783,2.7325528950195483,2.0014361881472276,0.7170839506415435,2.7777101073828563,0.8469245077207026,0.18056332503484862,0.8982232933620138,1.0257502004772274,10.551745985459275,0.6130920202272852,8.115975269531745,5.02506956963336,0.4006977606658045,3.264805357702223,1.7555010196895604,4.751715393242678,4.04872767669563,2.5755509234711758,0.045437628525218376,2.073652522746695,1.53188241445417,2.0310309369169763,7.01210644849194,0.6950074087733787,1.0351365958934398,2.6214028983491624,5.944475299811059,5.915360824232757,3.3324008364297235,3.858583157135456,0.6083144387586666,4.35610061921041,0.469738533018489,1.1691255195103634,2.4229664073777983,3.1359190569662294,0.7106213789681541,7.024584154954642,3.495585285667545,0.4325668156058895,4.033055370534762,4.024128942519499,0.09576339243058107,15.414751285170164,1.9475798181855029,0.22035306256115605,0.2046082666295297,0.6537001828227661,1.4803184874527315,0.15638155461120648,1.2707811314358088,5.468563815378795,1.065179229618732,1.5427159012232226,0.4300928643296015,8.368645241599246,1.8592640435448942,2.1341149873281067,1.3752629472317264,0.20475148432649348,5.182568810429823,6.744700415993069,1.5340564369671736,1.752582737614776,0.8688440540397107,1.3421765229184472,2.1503613088891753,3.41863770907517,5.348823587870622,1.940083609743296,0.674499095450299,0.07886759401839694,8.2198085885525,5.450503741385964,2.549339457426555,0.17846827279696525,0.31275090483828083,3.83237402534084,1.8347126718257276,1.7942961236832096,2.9147727514807147,1.1489693150216587,4.51412218973681,0.31015766594019234,10.957799589431334,1.3000962287514308,0.6635235679326011,0.09756598779453507,0.789855960706829,0.41803102343577636,0.05638236869957758,2.7968773030534186,1.2590092514804851,5.98344085087447,4.652298257351904,1.1541421270126824,3.564134240585169,7.052846210546646,3.9120980102873935,0.6553945529284777,2.243790365622182,4.820068292218015,0.4667573657289291,1.7847758250356776,0.43152104688215975,2.010790098671129,3.3693834219818646,1.1911909845285973,0.4692588246288091,4.5794973361742795,1.5377464587268346,2.244486405828251,2.374561532385081,3.0272542481212357,6.577929181185645,4.215944452898632,0.8034603408272345,3.9063756895597703,1.8882453128304966,2.2083446662534674,1.7304893848444451,0.9021099670962933,0.5956789241250995,5.2397450743827125,2.212793351507241,9.55673114734608,0.9674532518488319,2.614731377833243,0.311434681073707,2.6796632311414674,2.009898930476509,2.5798733343026963,1.6934226850316234,0.6633188478764295,2.0304255439444416,2.1495802974182725,2.06996634805869,3.6328236933693674,1.174700400708771,1.963217358502123,1.7937906675026585,0.7062796952283324,14.801916911863735,2.075533893398094,1.718895180908591,2.105893444783355,0.8692390054996761,2.6052768245665083,2.8333425870570816,2.228318430826161,2.593545066316657,2.8417791061245943,3.215222621791304,0.39824901676740754,0.5951523161504488,0.6996106694500047,2.588419225747515,3.7111818760485273,1.1236402577247704,5.93186159295022,0.13379490005349237,0.9448889984611691,1.0899351687432184,1.03963835702505,2.3763758820081025,1.2871481574667514,0.21242567487459763,4.6923422612684185,0.1448345019217665,2.2981702418212677,5.918374945997718,5.660454333828796,4.884480087124868,0.8924834718053163,6.88032492962139,2.713965040853875,0.512374081976872,0.5601861739704415,7.975300618935193,0.38922099367626606,0.7104550658637754,3.230298737520604,0.38857074738127695,1.819261272913581,2.827137384792871,1.86638233358058,0.8248073933039142,0.7313261667989464,8.31376865817764,0.6322437158808141,2.6211346508862015,0.5430733751471295,5.178131600975519,0.5521742195919153,5.863366428569631,3.266246124495335,2.458058665680289,0.263152029634407,2.8691060880054637,1.0529567909155273,0.7324221075324931,0.42599228399924416,4.09667523979026,1.1812980915278308,1.1547922934774921,0.12573106565664105,0.19397496862108216,3.802823213843357,1.4655668129578716,1.8612046417148103,3.2498943872551806,3.37428383739183,4.495672328367651,8.975620880815935,0.18455770187712336,2.7934875625928344,11.639511049682316,1.0790270073441612,0.22262936551447915,3.440737981878714,2.639955619604212,4.22624252314686,2.757201291402565,1.1686821610663614,4.202683314382514,2.8429162769245973,0.9763214435491574,3.3331195862608927,2.6910677460418766,5.797443327319073,2.3098336845381575,6.8678259580527445,4.925767280862681,3.0782602466465194,4.154994891528949,4.074019445158292,4.8863779972749946,2.898378241743947,1.5377087949397097,1.1492153801229552,3.018112695934052,2.2179111744553146,1.115344108038107,1.1111923527428849,0.7482900561103698,0.1840768027057521,2.3572077754126894,2.0262513302910516,3.0423341700290254,0.5350267128200323,1.8391175165582596,5.040611583986794,0.40306677385673195,2.0504851683134406,3.0369336899511343,7.535367654943578,0.34554259684542515,5.664750022690579,0.26349069881298903,2.0136716797736023,2.2691425852962217,3.7351760165004073,1.5454758094959786,2.9438065713493526,2.72588026611166,0.6990943800721603,3.9533397221037694,0.7556783061910244,3.5321841748936027,3.2579593492069936,3.8289450472617212,1.7721350708627817,4.5851766907771685,3.704251396097125,3.088909267363121,2.95125003785763,0.9867737959516341,0.6958737032771503,1.476425200594778,0.46317212634608707,1.033535024458021,3.535466982084523,3.2767530630925004,4.0290464211388795,3.4325912533791896,9.085695448152453,1.288325435150642,0.3947844286980051,2.553459753742255,0.9223114719889671,4.255137713866693,2.195300487494272,0.5788562999699485,0.31976042496681145,1.5773366773460944,0.9905730774157302,4.335900427380029,3.9221269168170565,3.8065835685934664,0.2094194928925565,1.9657464052926041,1.0817519114587353,13.393655141809925,4.626451372409527,0.3229041233947957,1.6885375101009068,1.295319548920011,11.902354585670512,5.970858484074765,1.0921153428060568,1.1334195484690828,4.221670149201423,1.2215293184705904,0.40468290568038534,0.5534956340451944,1.784664415431977,0.16068464505177743,5.610895934056094,0.5591120226083952,1.0860160971473325,0.4261010691625322,3.088119680999852,0.9493486365389512,0.5905024473752569,0.8364256355275064,1.0910860862035876,0.8070359467927907,1.6247645391685384,7.472983723702548,1.749718508567914,1.3442318377648874,7.7906617959739135,6.687286637932065,5.301699500115949,6.9600974978268475,4.335350500807696,10.119461993090114,3.294756590727575,3.0137998052145236,9.889782612227034,1.4987983162639729,0.3618060857860561,0.5728298387192232,0.6309345332465075,0.9999906977653955,1.3691761388091481,1.2100757829473423,13.733296575344298,0.8259770115993672,1.0241737754236375,1.007569330951897,2.6717653664423207,1.9151163443132013,3.060761440178689,0.6699510833675026,3.08344598649186,0.306415919262251,1.3844965681076626,1.4554830170022757,1.1338046941412134,1.543146392687658,0.4608288746911204,0.5528335770168279,2.129690254140668,0.7859051932827064,3.2424956457558136,3.221161036615321,5.503435423140587,3.6191868494042274,1.6077062492391883,3.54058486800347,0.2939521366460176,0.8811914814570221,4.198168828290704,1.4933835776281608,1.4531483773515121,0.10063356360704467,4.3334121850933585,2.750513079894591,5.916419685422097,6.152143050044174,5.060128921529872,1.419743740102245,3.9343355433296407,2.666386087303986,6.453932345003688,7.581294278082108,9.911345731318988,1.0491372113015076,1.3117831115502996,0.5794722275210622,0.8499831969382903,4.238609328887177,2.1009833049729663,0.7648492770095399,1.3903291902010204,2.8488674358007358,9.905529522819156,6.346292430804627,0.9601311089621735,2.487974426135106,3.2405476232079238,1.1917361279595875,5.70768116456677,7.535755008233673,4.857484377358612,0.6253355875757489,0.37500552774912466,2.1638461995657297,0.6348986932673446,1.6788057055016743,0.6434794430314745,2.9886492840559877,2.436729328003593,0.6455859316367899,2.2094176623078274,2.865307938761429,4.290199795212526,0.5944569208142474,5.112040793583211,2.383672905911169,0.37161036343757003,0.5338044227892396,2.1365812392582777,2.372394027503249,1.7793266694386545,4.391600278572389,0.4352247718911372,3.5807574592262674,8.823083198914123,3.330058678024068,1.6818130109449245,4.537863699956172,2.50256406345082,0.5358273548351108,6.364148063051152,1.0291786878126767,3.5709878993316524,3.9563270202703826,1.9645302520687584,3.5814276098157793,1.1759214552329218,7.020815682707507,4.04953628651528,1.644014153966882,1.8047806896736212,8.086578098499084,4.6368987907076775,0.28530017228751414,2.1474366388692903,1.8522181457700369,1.281994232248302,0.2754600689718951,1.9549497100221527,0.6202896835871341,3.1175086306249074,2.5075694337887056,7.7738647419366576,2.147316612413605,0.872087348909324,5.414686433622553,2.737277652406452,0.8189131037074725,1.7106073768582974,6.232304696456877,1.0011620303461903,0.33648638259345887,2.5646318917769038,0.4289288006255756,0.44646165058955345,2.8296855116763426,1.3668150953415883,1.311567787439961,1.124499695704693,0.6333615905253505,4.013093322845314,1.9597097060662956,1.7015009154103402,2.37625683892865,2.929143878793619,0.29756718918848624,4.193398733716408,0.3375884973977834,2.311420854890021,1.6551953899121612,1.9904484782286678,5.4836680839925585,1.4333367509122061,0.11136658058048005,4.666917679347407,5.289656670575903,0.5691326714166274,0.8691689072869238,1.3865647518492745,1.7280860233179607,0.6471143514985249,2.1965022767490083,5.429230865182392,0.8384014510995115,7.067588744672599,6.43806913167236,1.6244001222360915,0.8491781430269533,1.5043724519735076,1.9764440370531473,0.7312196776610409,1.6488719450722362,7.223782508226615,0.8607004333278053,7.294010974450819,0.547048247529488,0.5883325137129445,7.4505795604409695,2.2858925329905304,0.6733008568430836,3.7684562194754876,2.364371459836777,2.4680694339293527,2.1987425944575714,2.5013964672420212,0.8827015468777808,2.340024805735636,0.857342307297732,0.3967854822546574,0.8820035842649787,2.6142155394753614,2.4919245800998486,1.9790157898067524,2.4897942263687622,2.949378871459066,3.6531037850639603,1.11700682236776,2.710688344390404,1.6786222828807194,1.8454522848251071,8.18943733878444,1.413900739448323,0.41144627019467056,8.16509469972139,2.8746797774880997,1.8996769081128129,3.1661182877475493,1.0053025901738597,1.380186208033655,3.2067122987829726,3.339896227109228,5.522357964685616,3.049025128336141,10.875560417126561,0.45515177078228586,0.24410991575690577,0.6343993441290356,3.471974114748379,3.0926184579958766,0.7385393190011212,1.2205299888230583,0.3543218368068997,2.2321675579113,1.5375466651386922,4.15662632147108,0.34545641403749455,2.2111657409701504,1.7307543140897494,2.7963679236388588,13.696661780549759,1.0075204852668,1.2597562313958595,0.4829225165501907,2.384186703834256,2.05794894797836,2.8734480867774623,1.4157742638887363,6.800871491227674,2.181296948897331,0.3290550344168861,0.39812216829093394,5.666650685156159,2.628698017722199,0.8258309963883499,1.4670688332933433,0.4582270583184334,2.963901189621184,1.523919487588402,0.7364478746659571,0.7270138917439879,3.8408670548540753,2.5344831848376916,0.29626790678523673,3.4056811099417583,1.1429871321150558,3.960355645807128,3.8061129141257366,0.4005937524683171,6.556438819662878,2.453637505845056,4.152530739887285,0.5736283964196685,3.944875514294192,4.219365780974401,1.636868763639502,1.823225414529879,1.140972340513519,0.971276434456039,5.106180698257174,3.5271583507501707,6.583237314667905,3.9032422389683266,3.632077452867847,1.1496300938409374,0.8807391718956361,1.5861278687654772,1.4065417725230351,3.611568748176833,1.2843872326607897,4.426895989655406,4.3805030663491,5.595838682714746,4.873714488379395,2.1981417898036746,0.7444652894820275,1.7319438045404032,4.255860166321195,9.95268405586596,0.5055425872644289,6.7093081540885695,0.20784224489498082,2.6075366105508655,4.94188814434135,5.254417056603602,1.9644700519840979,0.27718379013222777,1.1329154521113953,0.6245091894808419,7.1132783126553845,1.1080240684111125,5.940165580119583,0.5356893142301199,2.869804004457053,2.5376908174674124,0.43077840620701635,0.376704552897225,2.949460762201832,3.9119545172028043,2.1383644731880556,2.2857800769880843,4.161001627229068,0.24598510456155975,0.46709766412432163,0.5354508633786141,11.514876592810916,1.109886712886267,0.4960620324908341,1.2734528904260913,0.12804878470388378,1.080875153967427,3.364041169300498,0.6235419976022893,0.22176299148501355,0.45392178137865646,0.8689043560155048,0.8851148936021488,0.5576137488865506,5.099714337390428,3.9327325163575813,7.5585868176872335,1.6745754427442847,1.1639609300880145,0.3022011263532467,0.17980402764219577,10.680459774806003,1.632906577392402,1.120720511308549,1.2204351149618768,0.8159947567635615,0.24484854702102307,8.105662802479456,0.278444244313768,2.0037286174527402,2.86162696942622,1.153585827532628,6.910868871712801,1.399964976505781,0.9916361910809938,0.25634421620421777,1.6789338210739708,0.7547165286997857,1.8334726617730865,1.1898164288741777,5.212000413557773,0.33645994593697903,0.47836361815290684,2.3894902064219403,8.244963366569094,3.0713670660617773,1.7072530321366268,0.978220312155488,10.176438183829703,3.862269324675807,3.5377988276748855,0.25588437346214055,1.191894184019838,3.8443367106423425,0.060861025977423266,1.5159187178909537,2.617147833492796,0.6430316752528195,0.34149769229071103,6.244634484071705,1.1076012551190706,0.5886781041389858,0.22872931878014724,5.825380597374214,14.63604740374744,2.2808870665866197,3.7563143408020863,2.343026709782678,5.9998681467101695,0.34640873428598584,16.15475448449273,6.137838547946266,1.7193854443179317,1.9294660582330232,3.9280084960151394,0.5691064452588634,5.353815018443964,5.289430003562245,0.7196799216576455,1.5206616844818153,3.2722050548728205,0.5488313206830793,0.7466115642211543,0.30857013538158334,1.5367226802543765,0.5379361901107111,1.7644435246191266,0.13848788581476734,7.802994955693222,0.09553227918514273,1.4221991757179884,0.6797293801630065,1.720933214179225,4.428035521658503,1.326465536253382,3.955555331255075,1.671032278198283,1.643861991679252,2.680441504569234,2.0966783065652574,0.5129733208408382,0.7654073778576063,5.848961922248881,0.6387019973671504,1.2530206672653288,1.1860512855058976,4.389568226024891,1.1013855031055406,1.2359026893916178,3.3864482468744947,2.072566805768467,3.35295058021861,1.2678009813728133,5.869326593062614,0.6654104944455722,2.077232846066739,1.6160279599297902,1.0518625972664737,1.3971226193359425,2.1216235792770983,2.7528446157721405,1.797094142001579,6.443351109306594,0.3829947662759522,1.7948009607526725,3.7586567686512713,2.554160115165593,7.990773595607437,2.4436417137715374,2.324094253591147,0.6149440080800397,3.0220858906225923,3.1420257916351377,3.304797158137265,0.21927775685884887,0.5165039995235018,1.5909947666697712,1.813684938025402,5.415378288127272,3.427733291609957,0.9273360012272684,2.3859951334258684,2.209325084821313,0.6497538343026137,1.1790689741339047,1.7782857199737612,5.093856115848192,0.41996076489659967,0.27486550889337225,0.44968850051891324,2.1948270991813104,0.3429373389882213,2.0812155562684955,2.6086882329208505,4.725488031606805,3.175961060744153,3.6542585295594154,5.788215039323211,3.2822461843442143,4.837568976407413,1.0302734555358726,0.8695793174644939,0.21302103721659682,3.2732524755352657,1.7081797510794734,0.5155928415243813,5.48228964122777,0.5163435025846339,0.664718779315637,0.8066028628922421,0.32374534980122155,2.210239433509471,8.488176540036596,2.250798491600018,2.8258197462680563,1.7958869946974656,0.7492922827462863,0.22861814371320638,10.17295716425269,3.1695164002247007,1.5681974106835586,0.41343360847047134,0.20085455878647113,7.564023305036561,0.43106440132630985,0.8898654652213247,3.882536236916539,0.6280351457352571,2.9848301172624963,1.9394068609244028,2.604507365537668,1.4969497074721425,6.626673383564438,4.933474434244799,1.5322842297109625,1.0473257052299856,1.2212175918639452,1.3176484014085879,0.9516823648590351,0.7100156313413493,7.901311959192929,0.6917056753699401,1.1501340652258558,0.7658630647127145,2.3335742183753734,1.0505427025118592,6.958732162332262,9.102099578574764,3.4272144846565413,0.8504724809107478,2.0853008851024146,1.205573352848671,6.2685608398968835,2.3646995850372994,1.0136174121672827,0.4033253747822756,1.321510581838806,0.7714294299057015,1.2199179376320828,1.2307356763771677,0.6509289596136021,2.09448791658763,3.895162697064131,0.32551394207736306,3.2068393678900877,0.4580433625637155,3.972501737772124,2.0715572794532537,1.5421082141991498,3.729317068878167,2.66642173091239,2.5719998139956486,6.203241027106658,0.5422871358293254,0.6727098008440093,1.0964050107038443,0.2857476434916244,1.1401078941237108,0.38063785127455974,0.8394438576806291,3.5493059607894986,0.4339569847774841,1.8160993383295037,0.35732438853991555,4.5794693664735995,0.21425644774840602,2.167048121141201,0.6218979953007971,2.3951220212506668,3.183066738106721,3.000234949000753,6.011170522160632,3.8600073396093926,0.8914055359847457,6.6549648503574845,1.195023044246353,0.12486614434544041,1.148144622365717,0.14646333791176397,0.5476695015566437,3.2119299859949546,0.7098529180785904,1.3321703885814355,0.9067820882962374,0.8758928709507982,1.6961483246585636,1.0235581010229873,0.4757128996870094,4.049763681920058,0.19184521471744084,1.5107367091382569,3.250277187711334,1.2573391910016176,2.5573126847481515,0.289874133199685,1.7200699806891122,2.9709589650760013,6.591841263311785,3.441171830080547,1.740025427293007,0.8593184621675612,1.6994968035652405,1.2001626492198165,2.795974570343114,4.229180024136669,1.2784432056440909,6.01735468616369,3.0390579612952506,1.513689135122931,3.284695275856039,5.95973370429529,2.1235267910731195,3.1012466509804675,1.02756632879394,0.28924576301171845,4.656538500228943,0.6184305920796528,1.0162778269997208,1.2221759361917692,2.5133111722404027,2.3541224314714233,7.785397049222475,0.6465821326217763,0.10547962824817134,0.5026525802398785,2.5582417079071287,4.292727099868519,7.388106029061402,1.140780146042501,6.0491474249144215,1.1546471973641474,2.783671373107939,3.1726746289034735,2.1559677448667864,1.5234073435766624,1.2699513579667165,0.5157441629325377,6.652670478206982,3.7881695490783773,0.2822807429708382,3.3547157712698343,0.6028097368114758,0.6933417658793872,4.71092812462134,1.3571363030219556,1.4328375165936058,5.726645186181438,2.211198918381356,1.3193726160985517,4.306352400228739,11.212615183199418,2.5263346936689106,1.179928845424588,11.920725366116702,0.6550065211061953,2.8742548686058935,2.595589902147635,1.1775878330131715,12.595427030156591,1.479433699005141,10.765485147699678,2.2928939159989286,0.8447334954668532,0.5106530547381195,0.4190709512226551,2.201121919398393,2.242812645083476,1.9348643403087111,4.268917030015139,10.895574906341272,3.195498333034892,2.2088924752498746,0.4583795381723741,2.1092630112192405,1.9329382345937756,0.5866543391879326,2.693287199720206,1.4300977396242138,0.6328566651964335,1.3975683659026665,3.606891227603137,1.9296429713712355,1.26500587708955,0.8707146171970339,10.517804222219928,0.6108413470497711,4.688620625735184,3.9421887434946004,4.981722115673118,0.5310376728623748,0.8265168393128619,7.625664570625655,0.15982015929953014,4.210210729224113,5.769731308315457,0.146415499396777,0.501034334882219,15.75634829442496,1.9600041614177843,0.9828875081863626,2.8461121199713766,3.359584493939197,2.8324283598041693,3.607568076166721,3.415475040684073,0.9919432937281587,0.5595082080705723,0.46656581840683975,4.0821257415152505,1.7785267670530662,0.3573552410579302,2.898912339066025,3.1377465142576124,1.2071959097231528,2.0227240633678703,4.857996221811016,0.6510147858925734,8.922738779173669,0.3676271117170075,0.26925726138748074,3.228208025186265,1.0648825453776933,1.3819139983332742,0.5370617088286573,1.791165630258046,2.4836831792936964,10.624468528830157,0.4433624819517763,8.273042680463421,2.5646068025537567,1.5857318489651169,3.5790489281468836,0.8630904576302925,1.0402184700259054,2.1158900157573557,1.6937249144572024,0.7312349573089216,1.7109951424573553,8.173295787329277,1.032873302790756,2.8827939598246832,4.399170671183132,1.1864790187301235,2.3175299270233554,3.3840334686967455,1.03992023843526,2.452646026270428,2.463081594257601,0.4419059136155771,12.898264804571069,2.8100574567814647,7.556329297465812,3.04596445789025,2.321079923795426,1.0030132054399052,3.873891522822099,3.1723571043336865,0.3318438182908203,1.669803813382968,2.888152862286143,3.150200681721274,3.798434994166037,3.123298879029366,2.0992946774063044,0.2396036113684319,6.4583318887851275,0.8662585226412995,3.104040172875973,0.36778492858136413,4.388947840880962,3.4459280454739285,0.38761071482478393,0.24249204635907906,3.408096744063321,1.5273286413052285,5.073692706403739,1.0335663946323579,2.8313315117660784,0.9602767953158502,1.5942780680117503,0.37297317849937306,6.028731941612276,1.866986406576088,2.455918871496298,1.111629606064157,2.097447032639363,1.486388531972854,3.056330508948492,0.3634498180943732,0.7397542944123727,4.835523461181513,1.628860760753759,6.061207431997814,2.4116137214720625,1.9188982697488177,3.805462344021312,1.0431148569838828,0.23774861953068877,14.423162066838238,0.3172912612959406,3.8590987631606213,4.266898232651042,0.734152562058213,3.4670724289759267,4.28782365818338,3.3262272705202123,1.4770468137828,2.055703675038381,1.1298592336009703,2.787645934608914,1.6978088885933464,1.1092891413227455,2.180228734724235,5.141353775426356,1.821333825658273,1.4350904244992928,1.7774062971742877,1.9768084215879367,2.519679133983301,1.36996562105149,1.279617061293925,3.9697267921128514,1.288224761142195,1.7169280693816866,2.106673014998244,4.775099122285448,1.8139654012571473,2.2512581290455334,5.825127475802951,2.121162387219547,4.282514641871659,2.6413179180834305,3.3809897604750594,0.5636674741359398,4.534189254900023,5.612483128891371,1.9512800508310228,1.3522506355891488,2.4679318556220586,0.8269924477717485,0.9302937210903608,1.2990814453932744,2.9087783032832544,2.2655638573637105,1.6992191121006128,2.0942369945068484,5.957753940809034,0.5722483507148122,4.161849594085646,3.31865172488673,2.5085166415899547,1.6285316189346104,0.8502811176868514,1.3496035595173255,1.0054736305751972,0.19173297960647595,5.9592641457859505,0.29856959675110706,0.9568787559660152,2.7801543276219167,2.131618047649997,2.085333520723118,0.7893504702854419,2.218150710857915,0.5484167453344507,6.374272577274813,2.819695789322634,3.5135206739024483,1.815822809994569,0.40766746983432284,9.218056613438103,0.7149039884366101,8.908751812603727,1.068468335235553,2.7327116972736354,1.4085211172706782,1.6653208201698468,3.701539777146693,1.3265953058551474,2.6407853063691693,1.2586229584767277,2.364809899122622,2.644805966513598,1.6155852981353664,8.31255005424715,2.388408625154143,0.9462358197313533,2.23186692359533,0.15991667835879952,5.72303550344738,0.7605255702674181,1.8634924223667275,0.8694983625807822,2.654906906669364,6.116869610638916,1.4111813670358373,2.1374679433302766,1.434700444041717,0.7030995103819753,0.8011459056240626,2.076931911127519,0.6079408470110435,2.7220534641491594,2.2797593239493756,0.1877315967164866,3.7584135918578316,7.9104225995898965,0.11817262547532814,4.679416583080272,1.7123954912526669,1.5724733189909441,0.28777562283713476,1.1146252759381627,0.6252529167495464,1.1464442275861122,1.965405056531183,9.941727166583384,4.961590572699976,1.7831560715471946,0.7177122943536756,0.8235710797280564,3.2951574843223876,2.510795699046111,1.2401635420337684,8.991400776288764,0.12394068993474605,1.5850387870078604,0.1634205324450192,0.5872373226367689,4.946394744422252,5.596696191613252,0.7550321965508936,3.8928814834660157,7.07961839288888,1.8665939984920172,5.188872245879584,1.3960687089959352,0.5619128640648602,6.547388975197071,0.6446987350204348,2.1165361623078267,0.38310377065925755,0.6982973851380195,3.427886110390928,2.030904857034331,7.355712649267383,5.379472097196866,2.2254406374178446,6.756096384869929,0.9209315268205241,0.9115541977740796,2.0375190352743315,4.172798685255146,5.699629667313037,1.3331384250344627,0.5408262106697047,0.5886039186834822,0.43931838135367896,0.33325306597318005,0.26058309450452277,1.6695479073600046,4.641983252556575,1.5581490061115566,6.541748218195735,0.696001346537087,5.110104122055001,4.340076145816719,2.6254126788897363,1.8011956723351235,3.3668941038382902,4.156292885532835,1.597821094427642,3.97310168408738,0.6100705950136165,1.2405177823639895,2.49778111822315,2.42661272854508,0.3711888463617017,6.995690378952987,1.7142770415805342,1.0156534193329976,3.167378862976488,0.8336362074450945,0.27418482464208727,8.884992618206125,1.6050981867923642,1.215654140019579,2.2607649390014775,1.5330268563913878,1.5337877463011136,2.305028356093763,0.2622131122900271,0.13878205611871297,1.1694685883355498,4.133300727130312,2.3502440697932547,1.6678156314255628,2.248620185739128,3.0977463740006557,0.24194846513506202,1.7542196858823558,9.686015787141715,2.8736070447650506,0.5578266389170128,1.7978760298092624,1.0597006728064868,3.25537898519664,0.7434490156132803,0.5642295846230911,2.2908621682590904,4.27382130059278,1.2007380394399636,1.5903745987156208,2.1493905954250323,0.16069896098200354,2.2160162319094345,1.1292647567641305,0.46505815808849804,0.2729833843577945,0.3193430383058171,0.8565771425456488,0.12341522461218346,1.1830916815741679,2.882157267135744,1.1362603249117624,5.398784209756672,2.396107613608586,4.776227796108493,0.932065865892403,0.430263915365411,5.84415016108597,3.5531812122846738,0.7695643950342763,2.2531563612836596,0.9485560021199746,1.6325920116494517,0.4480211849046789,4.861406754114886,0.5903821597533088,4.9098429568022155,0.3627584380947434,2.946831944597478,0.6543704373077958,2.0974735230240764,2.611589563117067,0.26609431461659405,3.580460688817474,8.314847496402113,2.644779864965227,2.3291111450892967,1.381387889113039,1.7568419762073504,17.87375995030489,7.641739900076623,5.5845318852444565,1.3594806662399834,1.5361190743650055,2.671510491920419,0.13583697495300368,2.7538692104950737,0.5085971053646036,1.8297825380882355,7.6269720355388655,2.658235479440669,0.44995215130908844,2.7034651908094776,0.6570672916822577,0.16053459543775955,2.444044603070042,3.8577823794076624,1.4550796684377278,8.867391566904745,7.665861443496262,2.909284956631406,5.257452013692136,1.2569517771925827,0.6369352991790731,2.4283051491579455,9.01314544374185,0.7974979930523322,3.0033185765605266,1.3231894061903742,0.2572198783635462,0.4654936896419095,5.400130970784827,5.494470251279194,8.015008963032473,5.847160104009214,0.2860509368749401,1.5827857728530281,1.9871660682647443,0.6891659288922319,1.2932209559999692,10.127360472742163,4.09397289693659,5.8060024506870365,7.493890162503785,4.11735166715021,2.2824085717498024,5.348070159147096,3.34380642964095,3.4770694934330404,1.751241265813976,2.600098484530603,2.87589917510038,2.410005010062452,0.2841643383692546,1.7251777942356687,6.40750442631416,10.892099683687627,1.2313916086149057,1.433531812614256,1.9256791122529946,4.566756442001703,1.3506892293428667,2.1000141007938655,1.6001679195718186,0.4106029289377715,1.2933911566663183,1.3496150219480048,6.508354164202947,4.448592775357251,1.1914674137683745,0.47676563923841186,1.474294460193531,1.1236793451347236,2.444257101193168,4.404211502254431,0.5146043155429285,0.48927154671460615,4.205990523198995,5.1334210863066865,1.772543105438325,1.9375264888339592,0.5725478507448446,3.2405240836455147,0.5934149790840525,3.8551738460656537,5.146626157861492,1.0086342825798522,0.7502939963402352,1.3867374960319807,1.3715826003699392,1.1581456846686273,3.033637545042695,5.075062309195072,0.390550617153794,2.716778917259896,7.025480241298235,6.901536825335615,1.420835022259895,0.6226270588457052,4.858070803102048,0.5561950000073244,0.29521145373064306,0.5352778928573607,1.5599631124545548,1.5265819226551445,2.121947898884994,1.308977593922915,3.2751706381619883,4.331547664159643,0.390573723373667,0.2187308254786977,0.9815765881430474,2.4617246383883202,7.4049730810331695,0.3398264564812883,2.4493105717287267,4.0634513138527035,0.49493794580478023,3.5301516378210915,0.14133413948022855,0.8959942181102212,6.052416556113069,1.0775125629131441,0.6158890345061525,1.0896146854731943,1.5620848793764772,2.811315014113214,2.0138376641969797,0.29278750073912796,1.5700358847944156,3.3168833063007104,0.7937928923561184,0.452281438618243,1.3403952423918215,1.8266794588451625,4.198075426883268,4.6998935766591305,0.370709016542364,0.6894417728078421,1.0181089513165258,2.3266287975702755,3.7052745747215465,0.8395556985009838,3.6740747675411454,3.7874563735603615,3.1376658307385745,0.4240934126716669,4.684877615968025,0.2548141607720709,1.960532407299103,2.498346551821175,2.3786047839877593,0.6272216815704696,9.260315930188238,1.2212729711119088,1.4535003468268362,1.6694815492770498,5.509561343997886,2.1394645666115233,7.316707212093587,0.5286472040510298,3.2131429333232244,0.2809388869328928,4.732846762695954,7.028237798563889,2.3748070691081806,3.1254224295249853,2.095376980397923,5.58352794124553,6.926003392464028,0.7328832290270886,3.0499391207641304,4.969042618406638,1.2463603423669931,1.9426311733760573,2.200014798684176,1.7893121905088314,0.634025254701327,0.6130551204564957,2.132808975545225,0.5933888032805772,1.9490700725715766,1.3873337596012072,0.47368369471114913,1.6094876017841948,0.5112645159440423,1.6091049039290823,5.999344822702622,2.9017269687596174,0.7954881898071189,3.1912880941064214,5.235525673342045,0.5175146648443204,3.3161286538567207,1.0941475209238283,2.491144310379118,4.297656607580296,10.701446890841984,2.0086401339706863,0.3971326049501781,1.2112566271995782,0.35203253330166373,1.0019203183064034,2.9800183558529065,0.20549545506480216,0.7843474278783418,1.2203999424592666,1.8506416540339197,1.2351082302078202,0.7476037323204276,1.9883800941761063,0.9869517473653496,0.24056091244622435,4.19294718897926,3.701990548314231,6.416295114412317,1.5915333466672197,0.9623278149295008,0.7618802914925642,1.7636877235286077,4.825790776950168,1.1920867797404555,1.4108956583469587,0.5501930094511829,0.2784996398413931,2.8794786537074906,3.2180682645557908,3.330259581567223,5.993582192182435,2.784231383590707,1.381451023281947,2.426602507845652,0.7416698796650476,6.711858257997829,1.6532459359263478,1.8892801676945317,2.7627709703407235,3.2770747660692643,3.23247698799045,1.5152599428615434,4.580413943056085,1.8679892535515856,1.0671727602558871,1.4217826148165678,0.7911343618322002,1.1091991753008492,0.6451860344514329,0.4559133524649299,1.116876880273517,2.844212282622038,0.7921665636668932,0.939235472110367,4.90773484860804,1.5258249774274084,2.194636938030648,1.1179771679688135,0.8656431399135137,0.3156057267614837,3.8614462482855862,3.2396210860801142,0.9958031326017693,0.8032283981827048,0.2653210231502851,1.5559049562003497,9.183636079225437,0.6065161883859929,0.5797770401673665,0.13344319665800963,7.673475198807051,7.2313800590152235,1.8745170321043418,1.811759461291185,2.8490663017879436,1.0960040032254892,2.8972337680544458,0.850705564829318,2.104009915772968,5.44283292578616,3.7555604341172284,1.614503197734762,1.003909907893032,1.3771611858528798,9.556453988388146,4.5437920301787615,3.006554238927964,1.8750156966064195,5.167162843409996,0.8537157644953748,2.274829174417501,0.3824778818323804,3.4783676864174544,1.7789486022724978,5.024280736249787,3.590985324467458,0.6523179867762978,1.9028403771027276,0.9840789810944475,6.152458245893241,1.441059999958258,0.4747066522996515,1.527898923883091,2.187245570306323,2.5793383295333343,2.957493072737941,1.8028680218835305,1.0063271952850847,3.310477823656975,1.6320036288737203,1.822336916717854,0.738948652523621,1.65837291133698,2.4248397721996264,2.4848595296236784,1.881014790377602,0.41064873766749715,2.8346678611308485,1.3364276659038894,0.772742665396404,1.9322496514098617,0.8439717947548141,3.4370181564077877,3.5511468544217166,4.730423338753456,0.5924952673571988,2.7899524211832176,6.81249109907998,0.3711520921429938,2.1623445922216145,1.221470912173582,1.5216923178005448,11.981430878788174,1.5130274636131789,1.7306616709812335,3.0389964094352298,1.5760450466633735,1.277846272476597,1.886028381862904,0.9593765716845801,0.6254625654053696,1.1878255568681988,3.1388046229350426,0.21515785002259902,2.2433532927956317,4.52079385997928,2.3404545082976353,3.4736572924698557,2.0781833762816952,4.231245532426287,2.331500475688513,19.19490692418631,5.509878740194213,1.9142220814216018,3.6357634673735806,4.847589182656388,0.7539155053619286,1.3750202101623306,0.4802372597200648,3.3517225112929285,2.4472539690294424,1.4759047422600315,3.1202959828198433,2.66309191986537,2.0540141786278845,2.474797653767574,1.4819375542231925,2.168016884122516,0.6759936109434689,0.5081599766734365,5.733739149590186,3.402737805699361,2.240142798425291,1.1657048824455507,1.501097136415055,0.5159658701726536,1.5247698574678128,1.493616464964818,1.6321745561110723,8.458639962278763,1.9476849632712507,2.4209547867062975,2.6467735888915707,0.6233169632121427,1.42130967601462,3.0360820512450126,0.6496737420841818,2.0551811010535292,0.22037374737121695,1.3975266079184907,1.8590700200283008,0.32703912606091423,0.5230585439453488,1.338102606898395,1.5315042042012545,1.6510225584003346,3.5596839240473983,0.4339287787254128,0.5568520302104897,1.2728826532679947,0.8157002726875675,2.0263929682197044,1.108622112981278,2.956523872889101,3.775790537051232,0.8313021677475323,0.9353091090229892,5.726185477087339,0.45859405366151895,4.705318021436916,2.0281506978532384,4.513139863810011,0.6555568072327498,3.0994293377175275,0.12708734901047636,0.733399357747522,3.197423448711197,5.6421920264787655,2.823264864652387,0.6350138194796612,1.2246699158888827,6.072084797830636,4.263994510396747,0.9640046225209841,0.7745670967230335,2.1434881039347617,8.491007933471534,1.0852703367013539,0.7502578401463429,2.230746952653613,1.8138741875892785,0.6864367064710742,2.8719489559192626,8.774584634162478,1.4355182303691072,3.286551017975656,2.738073560613513,1.415401289323096,2.712677088781398,0.7362783380439097,2.7630053395211833,6.038260268856898,1.234154102316392,1.5442741007878746,2.8830454916721333,12.021237159538689,2.0790200962721683,0.19993849539637543,0.8624214787202967,11.014012111151624,0.5246962263924135,3.161370533651307,1.1086540961571467,1.4031142340329779,2.4607110551664757,3.0288531463250004,0.16911348234118861,3.8788186339867328,0.34619309933328807,6.675877698180601,2.1922112706172876,1.8160028023714572,7.388583418175059,0.9957872165046782,3.34894438763439,1.0507485158840089,0.4744106494007059,0.5542878078382976,1.28984018193076,2.4156581134933957,1.2678850321670725,0.4320980407606594,6.22291407190088,0.33406962737553014,0.6653324323462803,1.6005696435900314,1.1795848341626032,1.434900041072733,4.189587508946886,4.012724334711816,0.6794094972265248,1.1852534562814847,1.2470975447626842,2.498121287391719,1.3861124628234927,2.415790104157308,10.665292301250505,8.87939273571544,0.7133420900768483,2.308352614294944,0.1253653695007549,2.001824569774559,1.5038219658676977,0.734871870070627,2.8317516751846634,3.105982684527529,1.3444676043099335,0.8681159095804885,2.3452115064445946,0.863132969237332,0.49902038704910234,0.4016359350435345,0.7286704847550944,1.2886135536213488,0.76651971655461,4.096102993180824,9.82289287385029,1.2360060362361214,3.0303921391655155,1.6077614757207683,4.609428485689888,9.279203771371481,0.14356625077283836,3.9029980181046446,0.5008849231755202,0.7134166206396433,2.1273566747984893,3.6633587995898442,3.234964734579502,2.046038803806723,3.156327674033581,2.3827656459271065,0.2230131101148476,2.6294087318317825,1.2503309707281112,5.60749063408737,4.894830537052635,0.6169891065824338,5.737278090014257,1.3774829995502762,0.9789225560487236,0.527322347580628,5.74366269904602,5.216882547410292,2.7265361230936502,2.0891155892390447,0.9108453320687505,1.8668565368237264,1.810376936646586,1.112657777331166,0.7974114181908649,2.0984405100992842,0.38407737887571614,2.42424141511933,0.6190328127564431,3.314483346690125,3.5431023985759187,0.7583177859410695,2.432661184329191,1.0052236682014677,2.6991283089856903,2.1710661108502034,2.8408049836173634,0.4765398198381016,0.056713933580920695,0.36032823488508936,0.9526668813954813,3.089232136278048,1.3078320288180318,1.173606001076608,3.433433592673998,0.7436939608854365,1.0271650992677328,1.1890529442446076,1.0156971144724494,2.101104442894889,0.4939052409175523,5.033141204366419,1.6730843298219589,0.5911915265758559,4.135037618590692,0.45286740765718014,2.5514196308795687,5.156302377442599,2.563372734705892,1.1555818560955802,2.5161376429714375,4.128965226061947,0.7512751863205748,3.6478679093876463,1.9025701275280222,2.8148693231356914,3.320850448514034,0.3547499276996123,1.378578863533094,4.482902429705598,8.601707693617875,4.858471665902671,1.657448828929644,1.136853334404649,4.774525586300633,3.004169226383893,7.126214159969366,0.7332386764344915,0.20760336979738925,6.2942955115989205,4.574031870667677,9.479730322804327,3.122809379021616,4.095977674083562,5.751238579415251,2.64104189053658,0.8747116226752184,6.190564933807059,3.7814359761363656,2.0348659287953126,3.071946940919582,2.550545682926825,0.8843817693350877,3.1338976031644776,1.0174364061063277,0.7147424424953721,0.45412712692481294,1.1010922518788333,0.44034825690319,1.5863460695013347,1.9909422873828164,5.315506188871847,1.2570228188680685,3.154506358947144,3.7495262375521032,1.1105423228865887,3.5412821952423603,1.062230935922437,5.18094390908726,1.3274892951312554,6.838162962104997,0.8603359593409967,6.831235102655709,3.308052287517357,0.553828768997345,2.6522123449269572,2.631310303344769,6.368078912568741,1.194502927585137,1.4922764357817195,0.8321135868843765,0.45680546363989116,2.3506486762324976,2.5339071812323106,4.7109211661914365,0.4193073657479776,6.508080395651836,0.4400669281763807,3.9182071108230154,1.9905052173447304,1.9740864525226738,0.7274502724725416,4.8085234566219865,3.9462881181533467,1.5730074909101854,0.17997731595830924,1.658956975765427,2.1054210070761883,1.4393608491462235,2.883650449747192,1.5629692435342015,0.1783793579943997,0.8962033517095507,0.3946845311699342,5.010682260346533,3.992134238525476,5.326827824694877,0.4888098767087342,1.4040311013825946,3.33402454359309,0.7832267840963114,1.2102835346712726,4.184348145057385,0.898384127885812,3.6018619752845593,0.3579296750466329,2.639387751759812,1.8261309174424116,14.004589363683591,3.1863383579583924,1.6797861983959832,2.6062846554242043,0.8355522726787674,3.5797061673182613,1.8380901031792607,4.5099380887294025,3.160869914251571,7.4071608677359615,3.6288682039037883,0.8641769463078186,1.236566668988012,0.9646651852886391,1.686519159357969,6.685578887865069,0.8788439841049902,1.8614473550909736,3.818836207284452,2.754939325494518,1.2067229348838908,2.3241260156206627,0.5849627935440971,0.17602491680591315,1.5090081520617258,1.4903133825884143,0.30086494571045574,0.7194700528501181,0.8245277114629552,0.4237092954104341,1.7215164598798953,9.145008252243468,2.5087567728215943,1.0905738294327505,7.209321251240911,3.6722341757724672,6.217267734005364,0.8066321868051796,0.3324737840739602,0.5262109933728335,7.413069491094405,1.783622569376063,3.8051929531121322,5.155270672335152,0.5220430496048039,7.8239004319587195,0.9083364907266192,3.93151353414119,1.1432499458091725,1.7699833929095425,0.09264922442975543,1.651594060680243,1.7221513032248228,1.3076168627092577,2.0895255382636115,0.37626611757401796,0.5095678722365364,5.704800325156554,1.7339610724353474,5.487082367750167,0.9291449020450594,5.53563520381839,4.458068969653251,0.7935282859545807,1.0305391620615088,5.796943979047899,0.12060660011905933,1.414116485330462,0.8170475652920591,6.626900576614441,1.3992549040016335,0.4673558253449428,2.7789839356178563,9.155455314961845,1.1888953283666042,7.524987701276721,1.6280172711460625,4.483940296904441,4.423786968455344,1.5819945986042834,6.155210542736476,0.5987813102462325,9.435634409488827,0.6105909910174248,2.001831457233397,5.642206418105343,0.37793485323827436,0.34338667375608045,1.5856627539083965,1.5844529222291626,1.9964467389361171,2.8575091067726595,2.4845564043521544,0.4634322312300245,1.1338950770823115,3.941255238527186,3.32755859293729,0.495843584029414,3.186772571524911,2.4230674423688727,0.7266244349809885,0.3885813207552018,0.882432072788335,0.5697851437431884,1.1208485061577136,0.9295054537247189,0.7489800387753258,2.7867688340172654,1.6305963248404982,0.5363413697820202,1.0717340964826736,1.585006543018953,0.5349122694906514,0.98547608854227,0.6526838707273692,0.6829496676420432,1.2684124705268875,9.952375932865836,0.49230482666742925,3.2738650620573453,0.3235068502846965,2.5843654433496908,0.6215156996633807,2.5274730317352727,0.2924128306319601,0.401361097469824,1.9921905723792706,0.10587947408629117,4.439463795897931,2.9816886465021026,0.42123951068732346,15.668703659260748,6.369951678076465,1.9146892802080224,0.9682980175756088,2.548084444836017,4.104608273842314,6.700416336207993,1.4179537650063798,3.0985966636849995,0.6175922171485024,0.4963796930186056,4.246250682569293,0.07967898560235165,3.9480005028669294,1.5866750021054585,2.9978086146597667,3.8750229736325017,4.452005274600214,2.679230879678547,0.514623050841319,1.5761688467805746,3.922306023288953,1.9700000263086572,1.4892883322471646,2.9580804112657226,1.259929383908983,0.5234368763737705,1.518288651954197,4.860003262014159,1.3979958355665516,1.1791557873144878,8.871330830631447,1.9509167928835423,1.2123115501396216,2.425683871524253,1.4554013352716795,5.151721278947682,5.858196761954868,2.417415785080074,1.8867927262941433,7.418651394445362,2.5114769307803235,1.2054794690023407,1.6604534291268527,1.5159110454875524,0.3523394232502129,3.4214718218292326,4.808410116057763,0.6981194392370712,1.0584924862440612,1.3151298175730235,1.4543780163554225,1.6982632723971047,1.3568100427588412,0.8406084881307703,2.629785744907794,0.9286866242537255,0.34415591369608434,2.898838659296488,4.815722574094085,2.510834011050312,2.8889462065592957,6.721209353331203,0.6925292648823125,2.3243832515596297,5.023060814818509,1.279648444202964,0.6775383692913846,1.410264243630437,2.409853480863491,0.3403351124840483,2.4830915098428927,2.15114266833178,3.784953042792189,1.402369676575527,4.738042178726234,2.0717661032727417,3.6219642219273704,8.944736428405337,0.7687398344782709,2.764763804616981,2.6378478776385976,3.465544748125243,2.3419236724039156,1.7453810367000626,2.1676844982882315,0.3581328529625287,0.08662361640818855,2.977084834985924,1.591716473604335,1.0023402008101012,0.5237792785316403,1.1350024995081314,5.226982545150472,1.8428109775484125,2.5585145240754095,2.42687861775786,0.1592989420852422,0.7734574333777329,1.1261370575011007,2.40701053323282,4.8015596650190275,0.7826683874947858,8.162123551722955,4.805082589638859,0.5925675963674707,1.119101021598194,2.230094671864582,7.324562305307101,3.423673110487022,1.1456210150365003,9.612425152191719,5.047619735094454,0.32875889993126006,2.799964731049542,0.6235351802778402,3.0587311062993705,7.256823359908802,0.9065319003001672,3.9378612155699737,6.567254021340138,0.8042068293996576,0.6277224456044649,1.845192207925568,0.9759614038427025,7.3845721991531885,3.064821921228463,2.2763457024376637,0.7283764087833966,0.2969061744385023,2.028358847865971,2.761342649874689,0.5795481645376026,3.387464314979087,1.4904878262845496,1.824964043327632,4.913248537415643,0.7825494264390562,0.29844286310560375,0.39144672449044426,0.3135266179324335,0.9151427261627001,1.0984951016965732,0.4729627015742155,2.5577544772994023,6.857517320293636,1.45361398399285,0.7657470210019494,3.8760744477418116,0.5248424291006831,1.7876716485291964,3.6974220458963916,5.591946959620583,3.0372161787482037,0.7906480973077697,5.375557369995881,2.4823974527794666,0.6974238308026459,5.586701309728723,4.577963513819072,0.9215382935996251,1.054773896045908,6.615525113037889,3.0398249319711663,4.421565304659575,4.136578480038165,4.147434967064033,4.435698480014597,0.8304347123099622,2.169886248039184,0.8933181910039076,3.220196874586426,3.275006118926829,2.246067671829487,2.524170564266832,3.3765443149149217,0.1924295457872729,0.7542353282512066,2.7074540854914995,0.9561272097331672,0.9200571156001962,9.573405696677781,1.6125899578127956,5.239418114124318,1.1786761759200959,4.986641517000527,0.3339940003774797,0.6365763948476985,0.7673922823860063,0.4715579395647794,4.77894993048632,2.099205713600117,7.937556353553751,2.937190733076048,2.1812289879621125,1.2689909530923993,2.346043531899838,0.4402183006879983,2.008027113149308,1.308780586665886,2.1335145606396737,1.9035022538339836,3.2456300897044636,4.542321897951614,3.1518372237303023,1.0399785812024511,9.320586498404758,0.5959202585108346,1.4526543923010822,0.19834581747510294,0.1708201291606718,0.17918309244553898,1.704678710799288,0.7645464243755595,6.4459661095370695,0.8953418511384725,2.044796962946052,8.978493719526574,1.6164179907835599,2.012118386548317,0.5152192539907903,3.5144480940480554,0.5227406575137961,3.6063178351694574,3.121356749573967,1.6710649283486434,0.5479874362258577,0.2069661228858647,1.3702368014192685,6.0739727659420035,0.5006199330706864,1.7857364763875925,2.867341039312705,5.583779500938405,0.48831760587368656,1.8368755437852702,3.9099164265000383,6.294359292142897,3.284909433682443,5.342936370030935,2.572456838191906,3.76275051327508,1.9366435523242829,2.704617792496089,2.597072523787033,1.015154027060665,2.3642088353959245,0.7618863269937113,4.474937805516721,2.818772734712419,0.702241716628363,6.215044298268665,2.790702184300202,7.450370066325525,16.086639079586394,7.287604351030883,2.162318369177236,4.591363568958006,1.0432328757140885,1.3695215341072382,1.3756297628883938,0.9955843325222576,3.182574959367061,2.5157660049756907,2.83733829714581,0.23840649868824187,4.277971279900133,5.463346352064897,2.277575703768976,0.7818726600612148,0.3020326602884146,5.043648383345335,2.1658090603959064,1.5811779116665148,1.885818704339099,3.4509225174569496,2.628964182407106,0.5218030514115785,6.347132303749161,4.543182747217738,2.2830474146225805,0.8174391346057241,3.8213098254933544,0.7465111914277023,0.27208211745193356,3.2100665396004806,2.452738075993946,0.5541174323682327,5.735200111463687,2.109281918429646,1.4767958411586304,0.5071769828895479,3.38278230046869,2.2662504591450703,3.2930254800903795,1.6630259697156722,1.078943020404869,3.394698865127025,0.8720527420758325,14.550682885062313,3.537937559589667,3.4500016347495297,1.0348009824533306,1.2091873171930718,7.779394104883934,1.8147492984684397,0.8481401780141867,2.2880750420130638,1.9664181580556856,5.6185626422091115,0.31653016212792306,1.849006766993761,1.9046433833472802,8.797110111897686,3.2837781930114116,6.12040077043864,3.7539918788127142,0.8641706377711155,0.2617514013312181,2.8096747611801534,5.95285971156614,0.2282063869825865,0.39707958754570544,1.2943318843224338,1.4817190807082248,1.793405498205988,2.770923563609291,2.5827995648636275,0.5977043857861115,0.13011210650116756,1.9415700697006395,4.148134312715781,2.518639875055408,1.666075053997453,2.1633595278502438,1.5443814804923597,2.9645661940298527,1.0870762579571667,4.824477560894734,0.8227571797264159,1.4403535835811225,2.1380727440243805,2.489758061080075,3.3848769799557856,0.5192677448389657,2.183169978020628,4.055599280200987,1.8638859618662034,3.5137866844505226,1.722589155318738,7.2513384060530885,1.7240569337926153,6.313090072911082,4.230629189802153,0.4566016306863274,2.5404374612490535,2.6275267952470105,1.2652456199804425,0.3021347643234245,0.6193361065193511,6.84880171022256,2.0779494136164773,3.2302579480537155,2.469741491075874,1.4239959335763999,1.4182762179245614,0.746878401821718,1.9297917292839784,1.1031126151104065,10.499568229956395,0.9549754258052912,1.1397622536041747,7.700911568805015,1.713685790461656,3.8925734189879884,0.36646172734289106,1.6656409906940797,0.5595228051105335,1.27685482547388,2.4460996212598016,6.525021612731861,1.4188580493286165,2.2372255131397383,1.334647315220233,0.2572131980270729,1.8567140767606345,0.4436371447907205,1.0066457180266568,3.6872768836293353,8.128975229798957,0.584891885906405,1.070692361482556,0.5419733033526684,0.681684293930521,5.1109919663352334,7.567539081581563,2.7351979154447217,6.938197750306557,1.8735810836434976,1.3862288472715094,1.4871778224791028,4.773874554849298,0.09174432672379862,1.8588818199271855,2.2090280793591246,1.7395246518015426,1.7956500761163374,2.717964350752429,0.8125619133470362,2.314664450541333,15.505531305934948,0.6629081310520737,2.0550885359396434,3.5051026179901035,0.4500331912940184,2.1238222735042243,8.328202361001711,3.7638224254814645,6.166745920361865,1.0928756202647587,2.0089126108789412,8.372897247982428,5.867976661126785,0.318037488513495,0.7772160851081127,8.75185371715041,2.1136338120066798,1.030131358982047,0.13220053097503115,4.68508669217215,1.8488410657495533,8.592548498384446,5.495342899069867,1.8408087986836312,2.6515402966669637,3.552204098454129,4.658103630896026,1.9539009919133807,1.1209210705396724,0.965533838665328,3.1522870622316628,2.439871178240367,2.513864046747129,0.19352322520081827,0.5080737405888344,1.1836377815052237,3.5218365017555935,13.927411496856292,3.353390252661911,2.55905878187096,1.2006443776926878,1.907216695017718,1.4455738118809578,0.6489337393991841,2.7961877016920083,1.2102467809444972,4.102116578666008,1.2375596898207977,3.7322028107602296,4.894593083747123,0.19561890916511182,5.013014185821809,1.9189947287637243,4.706096194349334,9.474065090383402,9.107973761518904,2.530742918973094,2.3709495481155485,12.547602598446915,0.09009734922496271,6.019134883405753,7.930025253726791,1.5791591233462512,1.209835087633062,1.139052776899447,0.4149384455662012,0.11808380305676947,5.734955924557152,1.9173747256310607,2.1063105817026138,2.9943900750715207,1.4248881637933954,10.638246291268706,3.890643512565048,2.758227266116048,2.8948911321631137,0.859959467782607,0.1895221396148108,3.036814146323607,0.4831546673136697,3.411163244214274,2.034370878020642,1.4102340690564228,2.904337749824757,3.655207200463378,0.44554574581086026,1.1251972916118667,0.4886707608065899,5.047736443389185,2.9873438572726627,2.5865020977571227,2.9885665944000603,11.592693030030263,2.393077258057003,2.635108749082893,2.140553594961159,1.4409609609625564,2.9054078445728555,1.4032616083411633,3.7243412782411363,3.015093999720025,0.10719279283948357,3.876500519807792,1.450675257892191,6.801856885856278,0.8899627567722974,4.478537538918935,1.8771696382190366,2.9212076112328687,3.6837159744493486,0.6898877788073965,0.8079318822910135,0.43796672992662183,4.745880748635131,0.5252900611880168,0.7131844590383999,10.354844748609091,0.7805863135096468,0.8895992044337261,0.2875873398409574,2.0796226830357862,1.2482772470860595,3.269806714522381,3.7616995499384265,7.4862343007876815,0.30507632379974015,2.7709136541596355,1.616507657804802,1.1685993017135334,1.5721639257690168,1.3947590137509889,4.260557020543325,5.785190325806301,5.009462099475701,2.374154545147103,1.9649899084972395,0.740151460222632,1.7076358231327269,1.0078750822014253,5.442033582471499,1.8692296713395704,2.0700938271581375,4.521228688383953,0.44855066122590603,0.38767361310968407,3.1492454627624946,4.235210209570236,7.654128586394419,0.12124514216534371,1.574364437424498,7.530369407533061,0.6571435066734295,0.08294937730902507,5.904760849490202,1.6687780123452944,2.351254974591131,2.6548272989250834,3.061384870948194,1.2861813376459823,1.513151104371223,2.7836840717999154,5.195187129743558,4.979856790940638,8.116734116336158,17.123801993472068,2.1662258982305547,4.155979083355694,0.7952769066046159,2.16902848109381,1.415338516638718,1.2963652073074239,4.065028709020714,4.403772239159936,6.89160601028472,0.8857799857753221,0.7569865969467306,2.7231953621211167,0.6637534415700701,1.347025041393856,3.851849537715724,4.505681775335418,1.346388927929185,2.799703098149873,1.1834069850051288,5.997013044579008,1.0281686574566662,0.8870579631979727,0.6192736990277617,8.394209370719526,2.3268183384035366,1.7355107329644806,9.162462199262606,0.4969731344355166,7.7443024393523245,2.1519164445898777,0.19705065112319964,0.43676806644190663,4.575965980983778,10.40827007080972,1.4271967165402748,0.3150684854649577,1.3008949394141502,3.1383446298111997,0.21304460034674877,3.68745737885171,2.884954301142164,0.36823182166075763,0.2061508659114517,4.474698520297289,2.718935956815948,2.6302544696980608,0.07730820470469385,1.1073922594145011,2.4461535180805827,0.08584002070592783,4.049118271064722,3.6670153543527246,5.420698497897637,7.819743249346342,0.7130799214257751,14.495333358428292,1.7222306934060057,7.425876120029643,0.5521442724591207,1.0976248736119283,0.6117045064983847,5.076648771425207,3.596060662071226,0.7592805125571929,0.07699753358472061,1.1790837648074242,1.7142946605437939,9.018601992901067,5.771747263605082,0.47629010555576207,3.3367052752080406,1.7309248001875237,3.225504129320615,2.892794105325782,0.6069496218460471,0.5934918088060525,0.5632627769024754,4.3305706507685064,0.7712267054494093,0.5870258787952518,0.8699758996448218,3.5035957215003695,1.838048994564826,2.181808068968314,3.42884686700142,0.7340817522874516,0.2611738840306931,1.7520047098838292,5.677032637029245,3.363232101000563,2.214613508467536,2.4657084375309637,0.48867882413548513,2.735332436607788,0.2558351549630523,2.0680464785610333,12.941954897535927,0.26076180365974055,2.232836051769162,0.047292855548100254,6.122253967296099,0.9921950740489365,1.0171918426352657,3.845299786214117,0.5158347881633448,0.33537749244008563,0.4636730092179542,1.8977962787212954,0.879243899757562,0.5844148241385468,3.3219425648721903,0.34963266886342026,1.1407239441221058,0.4375667434480266,4.104820775011112,0.8710905926083949,1.6441164404481858,4.874283731817429,3.6884701026767237,9.779777010891936,2.3093781007202434,9.762237246850063,6.477349434019516,4.981928162285838,4.471519117941318,2.3716036340780002,3.5025157514545864,4.342117701962658,6.978910694083006,0.749466327894186,4.340798501963404,1.2074568967445498,2.127608148900972,2.5161454058669532,1.7660223741850531,0.40031558845486237,1.6958678768291946,2.3100708103016068,3.019693542125529,4.730162719371649,1.7229027761201887,0.29481312194895426,0.031244101690691695,5.15418556810628,1.3691488709866442,2.9206202715641836,9.282283571711707,8.644684979837121,0.8404105004338103,3.4586840869984004,0.36471187606926503,2.510059402090696,2.201851414614329,2.5066201304196496,3.309183168590854,3.1033180977384336,0.7072112440411706,0.12089854327458682,1.2401612868020981,0.30143440781994973,2.330386673413526,4.59454845101034,0.837721944394191,3.004827233540096,2.4544160910408013,4.670347481453352,5.059553567464163,1.9325586599206726,4.053943846321508,4.319525811949436,1.0227335482195734,3.73944956889767,3.063816120737097,0.83688983366344,3.5332764354415005,3.859238159140446,0.9224471072342744,4.438573296445291,1.3969991978243428,3.880623020322265,3.7596699642590394,1.427304643175756,0.39064878851681817,2.031808511337493,0.7233130000332164,0.780738174069139,0.5067870285868094,5.179402230203703,0.9138513955905656,7.994775187893166,5.847820380305322,7.569974768372544,1.2384925910010494,0.5245938719360933,5.806294498919474,3.1706962908911205,0.896886960995578,2.43060711745172,2.7670311793775975,3.950393438271629,0.8670822254212873,1.6848388274602735,2.023348537700721,5.380827319329561,22.526601374721793,1.4066601549326085,3.057639394016137,2.7218151533250614,2.4532470381375435,0.28784786613104774,0.7439157466116235,0.5589113909379406,1.3033651351006947,2.0178055751509727,4.946917965606924,5.414220550208538,1.1724337432883583,4.573486827872694,1.2519279095031202,3.749601079100659,0.47954653265629354,0.2050993018219125,1.723179053988006,4.83299278517903,2.9186461027026027,2.575023090719666,0.12982608003175466,1.9057291745800806,2.485005099928183,4.267934800408204,2.280087040471118,3.537430180617406,2.066253919961606,10.685333066752442,0.54349489960834,2.5749928171594716,0.4138203327123037,0.7370217087995532,0.16128154634900804,4.186022129921994,5.014462055315384,5.719502618315402,0.13743265383732078,1.2009428899585157,2.911359541113208,1.047531781149269,0.1650272675274913,3.904326675922995,0.8462398244172269,0.22594403671098262,8.57498323778279,3.1484192405224083,0.33917582041863636,1.9796268803244528,1.2841862799880426,0.3014301983410801,1.6956172336052924,0.2708519018171869,4.139275104962454,3.408922789742832,1.7863871486548795,1.4379576242280623,0.4933353177245281,3.643335320024568,1.17020320067482,4.4618283704612605,1.1206726018018514,5.545260997003608,1.2445165508815266,0.075625470871379,1.2488035616521915,0.5963943330488013,7.519105943881114,2.343788831185594,6.538984951458668,0.4338226235126832,6.461934497816909,0.9365163635664941,0.7988369248494442,6.685122408225848,2.80796927075592,0.2974441772130646,7.002219068727668,2.420772850749488,3.972083828773186,0.44467664573418697,3.7601622256657143,3.426218521008182,0.4099419122139004,1.9493090519414162,0.6810761263165988,3.6570801258589425,0.8824504168297522,2.865238360888609,1.8116775269879204,3.7074115921896773,0.9928319770240894,3.6386777689879946,2.3912820792096854,2.4258513886756004,4.8058838279070875,2.3632617359085653,1.3041838848141571,1.702808441353218,6.42819963051795,1.1694519153499099,2.51971686843676,1.249853553815795,1.0151692770941736,2.2353632258919225,1.4093712596246273,3.1686321495151475,1.5577297274052917,0.13802652902537227,0.41076029101518374,0.3210150527872413,2.369672938993169,7.396067498552922,0.5271487843834626,3.7608834430063656,1.4904569615104166,5.121385330080297,0.26918404767095067,6.439505929310043,4.481095775526315,2.8039191500043605,1.0605318464254747,5.101492350213779,1.469880222581668,3.2946910157400904,2.026898406610205,2.5357366442755156,2.4007679300747204,2.4766282011110796,2.419802042860371,1.4009135719369876,0.28552186811454827,2.6751999970572853,10.25204054527856,0.46697889600780895,3.68782840559373,1.9359505392878673,4.877228985917779,0.9488038088017127,5.123651331935145,6.818831486803771,1.6297840132224453,1.0616424731511287,2.52103286694597,1.2738581189634965,11.180408536359744,0.40134736459718484,1.2712665102214928,1.7482152639916482,4.3474684205139384,1.9397533527475825,3.301424406362684,3.792272989189228,2.744823758109381,0.7106558610864774,4.725846541834304,9.194577656546546,0.9309984182219476,0.7072157242109766,5.143037950303718,0.3294802128091121,1.8806814839737052,0.5587089721831215,2.4572557729562465,0.44491705850161634,2.547859591793737,2.8424267723946923,2.9989726789905538,0.40268490521612954,1.1345505938745228,3.1000410361672706,4.275212450109156,2.661425372144157,0.709270089302769,0.970944880692723,1.819884252315535,5.477852883182577,2.2987236610939834,1.883453663052161,1.0484401669555525,5.324101121870044,1.4127798025247134,3.882311653254143,4.46664850027248,7.259300980803696,4.747549707893559,8.095713906740926,1.306649517438631,2.7675605644093,2.4260737315005576,0.5735624282455277,1.196822885167681,0.5615987921519323,0.05405713179234678,1.1479783426398804,0.2584697432498745,0.8073017913502464,1.1307744177716423,2.203572452946504,1.8568148818443135,6.6108215420913,1.970882195499618,1.2961800343034282,0.8329599190418698,0.6298081791456294,0.7575460335213982,0.31479999231795924,0.9368348174380297,2.3695951357402563,3.6283212958199362,3.9109410049604354,5.087824921540018,0.8064636203948073,2.593841399352467,2.496858926749166,1.8073823733814507,10.426100621579332,2.650720098584806,3.682546371380536,2.5270963219174054,3.4408264549693377,5.223337057248833,0.9910249703904279,3.664720495867731,1.0379752949635908,0.2478968767602523,2.6104934682978573,1.0699801753449873,3.036909027445768,0.8512935877108758,0.23751461858732303,1.3599535211508316,2.5984922253137155,0.5311321074612669,3.3058360410266783,0.8923100168404348,2.444051384738185,3.0199832226768555,0.7355317263649677,2.142123942735055,0.4836769675578194,3.0090874198446,1.7478402494331924,4.977181203164112,5.100409472281221,0.12594611920070697,1.0879095923009496,0.2865122608912758,3.3721707004555395,2.594101392843188,2.259131502765336,1.8500497998907677,2.3214580818497534,9.457594465966688,2.2376374499032976,3.0652821919197484,7.905302455676373,2.8953300530100923,0.3096997073205263,0.6861660154415417,1.1657364290908405,1.3200190028787206,3.6051099553387247,0.3003438759172443,2.7007585723601526,1.6583863832355026,0.805969729986294,1.317082402127766,1.7105109941589176,1.6377153991238247,1.018914053745349,3.1810246292995745,0.24252449741233328,9.229738965498019,0.5710408688115087,0.21906547220829942,2.0823311673629425,2.596213627906611,3.992610118899728,0.4550309254456446,0.826221524308123,0.9623556739693088,1.6523325932329722,0.4697019207532923,1.8833264674468495,1.7273821863909142,5.484659080614573,1.272101454222311,0.2982010653345295,4.867247445110314,1.9606256836361469,2.7521830184572096,3.360281749913308,2.762482251934759,1.7673639870602331,1.8002830248160149,2.2911593192853434,0.5104504789918783,9.61258987294518,1.6569226755729929,2.250178438048672,2.724259003039699,0.46970321485298516,1.4732071228475743,0.16890661743377633,0.5682411397798811,1.5864394980505896,1.425104729548347,0.4406351018152699,10.183013914447931,2.001189145101058,4.75597703783933,0.36077565684881274,2.4929916759115076,1.409619558517571,0.6899642598818634,1.1280204533366431,1.3711572891804598,1.8323415533903131,2.93767020117866,2.5173313009300706,0.573104154646362,4.682407945618446,3.6069491513534118,4.333133188485772,4.146862094720226,1.955757364505887,4.285064654070521,4.797582212874883,5.01142184016587,4.263542516409482,0.7592098262293954,2.346510391990083,1.3640360058397478,9.366515747011025,10.010582439552104,0.39985481319024796,2.1591218354813884,0.29067625665072727,0.7884267348098073,0.27556208914019464,1.545523839692875,4.109989134978,0.6370253382655952,1.07219194320889,2.4227281985679188,0.5276521022887336,2.5376227569577896,0.8723136506201002,2.9888621512933593,0.31296570672231916,0.8767523316977102,0.30319756400662845,3.569046795678962,1.2379125755484999,0.8759961089414838,2.5405226286176843,4.186989813432675,5.297041991586212,2.779951057544747,0.6446399998510435,0.985066020149155,1.652255900120723,4.640365158372981,6.0346812755917085,0.7364315908507019,1.231678226478426,0.08840651518635823,0.48371551860526024,0.1031653087880644,1.2968079473248664,2.6092430351820677,0.09352791158727658,0.8642044642540745,0.09815718736669177,2.2093760990705364,4.039677473071785,5.5767752497265235,0.4029698595081259,9.422490754134643,3.3517841389950322,9.432000697492336,2.4155308128008155,5.807943761959993,3.221796097404171,2.8332157260857835,1.6610096340808833,6.423866503052166,1.122901400624132,1.309494554369436,1.2670940411244016,3.0853506990366157,7.027994056919505,3.025796921241567,0.9470485533500868,0.7311655483039717,1.6072944459079879,3.968573699936808,10.023452103985196,0.8100578114728559,1.3232256620123652,2.6114551692486794,2.1916469448604543,2.443857926020674,0.8204175975383527,0.9916369647553351,3.6141723491878235,2.2687943266171393,2.9327802016478186,4.285911369866179,1.1297031034109004,3.4154660292436954,3.144212743536058,5.658678920399915,3.8350905250320633,4.951412570543011,1.6664747136228932,9.854884597772246,2.4736619631807333,0.5384511149189168,3.496325421547782,4.092977354121559,8.341720960084764,3.2486281244271082,0.7582862040025672,0.4912438592771682,2.7811980025049916,0.9480388662442565,1.371518168980502,1.383586717399817,2.7093448624170686,1.7454069770269605,4.85221226020037,0.10615481288482942,8.486528941651038,0.27122562580877485,0.32378754218172556,7.250827287479479,3.97691646578443,1.7689115460619314,3.154035561003578,0.06690587028725203,1.1408791914900311,3.4314563809944882,1.4680154032106547,0.7343256289592173,3.5240397693998355,0.8619548242845838,1.727787473116407,3.3895765037708836,1.956941582798533,2.9126994748991835,5.06997487894394,1.3390893610003258,1.80480738268573,2.5471036428808116,4.4331987572770615,0.6641085734064291,0.2576149901059703,1.8315407644800428,6.168808342125786,0.8321169819775668,2.2823747258073026,3.578089220713167,1.4876914917117277,0.7289973408736894,1.9056919147555997,1.6908850622921494,0.6583515817320267,0.7442346506487789,1.9471975881038777,0.8459328279830953,0.5765318658969842,5.052436033267579,1.22032960948072,3.9054626912139057,4.555245155046114,1.2678188572325961,1.0553412270191083,3.1334627492195426,2.090742710259774,3.9477248734260684,9.813658908441,5.264821349573606,4.032847368616769,0.6219855088550656,0.2588957733185332,0.6783779287879401,0.4752904387531627,0.24829618650880947,2.6584995929393607,3.9848123006473717,0.5143829628075633,1.0464879936963032,3.38899031690838,4.0940112823259245,1.36594405196799,1.000855733749815,1.4140780797075645,2.950728143218464,1.1907169913936881,3.5183608079587896,0.6625483256604418,3.3904753358874737,1.061296592923036,9.27640260481882,3.9576919909035695,3.6940919378920363,1.929047629463399,1.3391192687673665,6.537540247919213,1.0754154548692942,0.7568159127386609,5.652436812377543,4.975630888156348,0.576763192241112,0.6419123449385911,0.9077133824967076,6.222085132530671,2.17775036224162,0.88104028936896,0.45866263232636895,4.282405978051084,1.8751806283410357,0.6295044289801859,0.17169447930199622,2.8503151421211266,1.691845831619027,1.6920638355684325,0.9934652374615394,14.343396804672834,2.8739598042547563,2.76282746712922,3.9846380447186767,5.379936297240187,2.0344233943786723,0.8592285708354483,1.7477082918969675,1.0029592178487206,0.06966964568377676,1.3479684900095004,2.024996067704753,0.9209117000235885,3.7928435734713877,2.0156551639460236,0.7935006670820896,0.6857039251114267,0.5649068419511029,1.0559955771184049,2.0377944333935503,0.8574383067643702,0.5775745019917011,2.420441901873046,4.9868969597800685,0.20638950441285153,4.063804176846203,6.696553401189668,0.687322840923624,2.779206865545505,0.802959711017828,5.8154070986742195,6.139217418264751,2.7931180883646403,3.765478892065569,1.0278914326665225,6.721365843774738,1.9689881403313931,5.858452555802005,3.3890401494177755,0.9178271213672606,2.1276755437578614,0.23700243809900923,4.15078002532567,2.0929218758496604,0.8785180713749865,6.164726242436747,0.949959093270442,0.3285270421314826,2.5438468819078817,3.3601660959622754,4.446955734575512,0.38039476537424743,11.086524071450338,7.561720120410143,3.5587835106523618,3.3047203120973183,1.9572124809735918,0.6218794734092559,0.38356759845779376,0.8173231097665403,3.647899264923512,3.944440313566731,4.6812747343590955,3.5306807404677474,4.17655077663172,13.474748679161763,2.481254814278956,0.6301986822330166,3.2122690630106954,0.8307291995844129,0.6157587213612921,10.182256092146728,1.5247408536311382,1.4166563899227358,2.475711372904736,1.5760001691753631,1.407424783859399,1.898403695449785,1.9670704721726606,2.9363163794863127,0.2622489572711743,2.244645436760373,2.865015130394222,0.2719142300906554,3.1246486752295546,1.3487848755460492,0.5654365030006951,1.837019446240193,2.2437238595344944,4.069274333492246,1.1099696462051707,4.159160967905421,0.948165023007883,1.2617505105549376,0.4938294947591647,2.6681772667898134,1.3609870099150987,0.9699919908105528,0.33081884462760036,1.097370116081927,0.9946250204081906,1.031407453257775,5.4270719472105675,2.613551029292194,2.2508657987556604,1.2999775313820252,0.45281594743033104,0.884973711380775,0.6840020680732362,2.4316628316908115,0.6725952826932213,0.6012062740377078,0.1235378171201943,1.4368296813687857,4.2074456852786986,1.4349906075848897,3.0534005357519636,0.8981607510174568,1.4235348916755821,1.4254248300759331,1.2720023210699305,4.7855968204393555,4.699938322142142,8.490979133560838,3.0331582416810643,0.8626831063822717,0.5644901441817599,9.807940144425512,3.331339500699027,4.67341307711287,4.305220587000944,1.5162890603246328,3.63551119632412,15.283691619255007,0.670841158446577,0.16039680116935978,1.026472657969279,1.5760591171369545,2.9410424044214043,1.7102098235361956,2.173215723384117,1.6933749281613006,1.4868817474034048,4.1382500353179985,0.4225170658778612,1.7062086389398226,5.074477932049261,2.1588324087293067,1.1689351038853992,4.8353078882848,7.266868905268224,1.3276401080426954,1.3622320866359892,8.526036065233528,2.138745344918892,0.9495392540916686,0.5940069474781807,1.0536834395837211,1.9753274219329509,4.700840410415348,0.8218710250445518,0.6314824861903106,0.20109207921852912,1.278301556305527,0.15109922030667478,0.40453891853460155,12.090792431849236,5.889749942843063,1.7017536647796783,0.2473467737704754,2.005676032558776,6.831403235079182,5.425806009718679,0.61071533808243,0.46539202068322694,6.773423942763513,6.356617801664362,8.770200959464983,2.925211719437864,0.5757982859004924,0.39029126781550333,1.2022304355210296,2.6923004200591745,3.97525259881522,2.681452763779616,2.2789261009230497,8.825257797617788,0.6818766264542635,0.1922524215932938,0.6789073270058216,1.463779514584752,0.9475367981716786,0.5050686730968852,3.7295628361258237,3.703926123668138,4.175248795796764,2.216574893703656,5.932867180984326,7.449851107507146,2.665099551489435,6.222876924550307,3.825140254011954,7.879058029098301,8.002707337276629,0.54521658733876,3.7629955547694482,0.9042893467429979,2.152447623502363,4.031252298696646,2.448648151023275,1.5892430336587953,2.4849587030162743,2.5069489883443605,9.401020885940223,6.794599227906837,1.991963950728316,1.1896731954039947,1.4543405882881126,4.188121848212633,1.185482970311474,0.9852901621632226,1.014920144393483,1.8386340487907944,0.8234297521263544,3.507662280142984,2.9641914641850313,0.3411210109423781,2.299245521363404,8.99340873321729,1.0373256122439451,2.6812119795488045,0.7685766509535159,5.453372547089814,0.06287259105097381,1.5883359528965233,0.8539565901038866,1.0583129862656344,0.19020066250724676,0.4677867302981107,1.3061919689576111,3.9054902207438333,0.942704365555137,0.2578224401286481,2.9696536091395878,0.07822749373320281,2.59108857610942,1.713808469761176,10.134824767159813,1.1994386931258187,0.4192648407248963,4.9190603291897625,3.475553827640876,2.353453857024652,0.6409126764376352,3.8055850196079026,0.445382299201905,3.0820832724734317,8.913897884666524,0.8461487675271557,7.467743816270527,0.455820507524034,1.275912608907139,4.025807330962021,2.2219392926206325,3.5536952290504593,3.261839280774776,2.49696448263619,1.977276256111054,10.991092642885956,1.2543723721285764,0.8454012567253779,4.178218615611971,5.861776598745092,1.12993108417547,1.7665298997827197,3.074967115297196,1.1334591106189484,0.642740794577203,1.2914233286302403,0.22247150515456926,1.5108657061641284,3.8142333850152434,2.569062857819325,1.0757975697261615,1.4899371018928418,0.3412551925839995,0.8697159783135919,3.454342718678449,2.0779648414735075,0.8296139835573193,1.0169400457026971,8.298006815144653,4.772683432742301,3.1180578120236992,5.314680903528535,2.09739681292765,1.3077390364487795,0.2992327491229889,3.413962673576965,1.7503431356727397,0.2607015012029681,2.5552556501243484,2.6911587865201394,2.6483989870219133,1.3028248905076192,2.977647176407383,1.1299093972085394,3.4277949778689214,2.321675925571889,3.491174379591325,1.578664304489497,1.199722709221893,3.5681862320350612,0.9772082555223431,1.4187456658593032,0.3541512114867069,3.5989890565062232,1.3271942601915696,2.035378228920991,4.168922934197171,1.6839754532977518,2.847905659412314,0.520132611775785,4.063386740607746,6.5671861373387586,0.8449705717047561,3.7486975985003457,0.5107168498690491,0.578376339434491,0.29649643373622414,0.6598960628108831,3.3941901303599273,1.0854469336907542,1.2404591774855984,3.514756258911853,2.118974287713272,0.8879746305453575,0.9547681030765445,0.37253533259143073,2.5359488270324135,1.9064152661555231,4.602554014332993,2.7616894465188677,2.2452929439514113,1.3065857276436135,0.9635990692655014,0.7511182013733684,2.5553928262264627,0.9055090356177942,1.094264482672962,0.755868461455343,2.0270385219587754,1.8001239492577294,0.23736786538084007,3.8317277592603265,1.597454432593056,1.3519940502918388,0.22137137224780368,3.204489671723107,7.933599409107457,5.410436244286222,1.3066393256833417,1.8643453974601432,2.51247467741325,1.7638731437028978,5.413490632643385,0.19946376444530467,4.0281094230462084,0.5149199588605091,2.218448743920156,0.8066329225548988,2.2888991070231626,1.2637916570474987,10.890788997700858,1.657315624800966,1.2237330632146595,2.5235063718247797,1.7416187994972998,2.6090755736497586,1.4917282845005206,1.4419471367548498,8.05246056276532,3.458209221816926,2.2524902916735763,1.8072721336380713,1.8005312749211895,0.11338761049437918,0.2699533361702191,2.784099526984929,0.15790445515644436,2.8163609055192595,2.052153741101519,1.2732026255956326,3.2224962173063085,1.9310334660505328,0.684921098040612,0.40262829526959965,3.1513041820906036,4.231124480849232,1.8790008557946751,3.277856147573403,6.337962327494867,3.3114224122760536,1.1574161096474633,1.3539043392684942,1.5997430437956235,3.762772933289732,0.34872797999568944,1.2611186830516452,3.374670302722319,5.2886034837261695,5.742787542096865,3.918173128839931,2.983395372045695,5.830035452423459,1.9007836087729921,3.854646619773713,3.38396982267048,0.9444119420265675,3.128234745218614,1.045725054769517,0.6918260723934053,0.7126120415161136,3.0847570299797265,9.47355457472111,1.546960961507255,0.27370271680400515,2.2129730835305974,5.686299571735658,4.99413650187817,3.9058687024730565,3.0223714450961596,5.523229338790008,0.5161643741724666,1.2049911003907423,6.17244346010117,6.921188009449331,9.155094123916548,3.713539668322464,4.7947980678026605,1.2465249200933997,1.3064115734027684,1.4824660920410837,1.747639303942157,0.9760151982577487,1.3295042411181044,0.7055492829055433,2.204994606217922,7.448972066748314,1.5144103412154615,1.2085634566078134,2.8030663753520395,0.094948847811067,0.7214570383019638,5.4933711874640885,0.7051409845132275,4.347918290658134,0.9831206236656139,2.5520690157844514,0.18974929527039225,1.43206439305054,2.3893348124906595,2.5231308464245,2.5293794302093966,1.1030347485383927,0.16376555386443103,1.6546341901384554,0.8713644709590276,0.6219236497962181,0.6064600710979351,2.440590952066671,2.9554040199994622,9.77410725658788,2.311822858527824,0.265231899419642,0.4075967162067289,1.7614721517245029,0.5998940612408612,0.45017907675640156,0.48798319866244433,1.780545481575274,6.604784425934137,0.5951702432180239,0.5699346139476933,14.113073771892692,0.9655977719704449,2.9368455323872773,3.6016212466986777,1.8619673503847132,1.9443892920516608,3.0621732167392306,5.291500277401323,1.1122149359046027,0.4675039432169751,1.1501214837404459,3.9695569618292517,6.413608795544575,1.21675902243244,0.7351437202846614,0.9615346718260951,2.286941186897629,0.8552476061323939,4.0361574525263295,1.7659329472715481,0.9814731018588986,4.8147170894641285,3.118014104755032,3.0329177251057047,3.5508343265347846,1.8288798966608812,0.4029815053464639,1.911647541596576,2.705453280447535,3.8005570355173073,0.34956320954806297,5.138424002547688,1.0289374269019953,2.1738171759321885,1.621032296273425,0.6355949742544605,3.4659090670090995,0.8159143792704613,0.39959554625814014,4.942822190222431,1.1024367831153072,2.166845144283311,1.6840119759228895,1.6294778444046496,1.4419378256438042,5.764095692892447,2.548772561889168,0.18334962433777346,1.519235682256592,1.5350213422857464,15.713184569095949,9.468584611187204,2.2127453569148052,1.7432741935250793,1.4317231841873341,1.8139642780694474,0.6795464801816843,0.5097203314517695,0.2863862072508492,5.838170699560948,2.993204070730594,2.1288961158722683,0.6423339803014955,0.5506526935442146,1.5089855485187316,1.6748970561991046,2.5998270194407236,1.3537234102417728,1.8804880828095236,1.7173781930506455,2.514326833521339,0.5641803714593365,3.406256699922696,3.1234791166652096,6.505135199630934,5.443637279687196,0.26333841516361256,0.5907287351120636,2.114588447263565,2.0015243655212958,1.1785504763210635,3.753725413183055,1.4136621362562396,0.8119127920662209,0.767748808037169,12.731541486100365,2.0887275467566497,5.346351837592259,1.0415000893156574,1.8981819722593998,5.5207431145452315,1.8846604666752973,5.2808247921658396,1.0011791290127405,1.7821508002624373,0.38973402530358475,1.8993190599787282,0.6264444538074736,6.514743175000996,8.9642572420688,3.864336933725282,0.2522364177297557,3.6255693544237646,2.016591237791886,0.5536898100218277,1.810189584404866,1.1078913664806083,1.4625207776001066,0.7385333633063197,0.8579263124059029,0.5666745159508633,3.0191564123612,2.463067623720569,4.719663932300701,2.7103122145355214,3.009047584767714,0.3623542718599351,2.8290804148858086,2.8689638505128103,4.697904307940236,5.1654902586316185,3.3741367142452514,1.204021113563914,1.6057520486996537,6.295990380897211,2.1334184172410646,8.130511754840189,0.017233116322088682,2.7184407905264023,3.828383997400135,1.8298053588908019,11.443964881559737,1.382263103317678,3.100404819391743,1.7720376688532182,4.79446892272918,1.8840193279523887,2.2449686796224078,1.7628783320279537,2.0596870331799106,4.63651756385913,3.1412745348380318,0.5569204284915891,2.5854394124400026,5.532300205116815,1.1776092101213909,1.8111424186638385,7.996113911927644,6.247378969113216,0.6799102293076786,1.277941639373666,1.5963094101061264,0.6902880351056961,2.3341757451087375,3.1498961173646074,1.572902656212924,6.520926456267356,3.5304537986746154,1.4259866118625095,1.1772232313115296,0.9557244902049651,6.477346912128093,0.5996875050094934,3.6188936691756544,0.5236932100061873,2.775941665950126,2.2673170415106205,1.2220785722751044,1.2926049278274732,1.1472500242901145,0.7499234903186007,0.34707625576621304,0.6818379156708299,7.240698583747573,3.9152221450272373,0.80376221726706,2.8211397029309584,1.3102200635910133,1.7128412267555053,2.132711906109175,6.227893289302145,8.895497489111303,0.25732709592378566,3.1950573088549223,5.662606908069163,0.9430268352957609,5.263163150612897,3.712486837110823,2.0377112471300887,3.07704667888208,2.014975919156845,1.9427979546881007,3.777206439015533,9.871686437928847,0.9203215803505498,0.8732524858044983,3.264974430951643,1.848911867564663,1.0692141693390145,4.2087421889560765,0.5235631377158803,2.5587289918133833,5.9161479822281855,4.054058506052825,6.329816620120586,1.3741005378533284,2.327454735585806,0.3041620401830696,0.8753770711255475,0.2891117805175689,1.1171684111862628,5.045581030196068,0.47914710786206005,4.307213445766132,5.564666059015862,1.167965146824617,2.4399203705587516,0.8984843170284114,0.8691057047539751,3.856619580518828,4.00488092436659,0.7312523649594747,1.167860835533476,0.4762891191059955,1.5410790334303692,4.5023306291202205,0.9108861836678569,0.1661915086295982,2.3584085363126492,5.024808413805352,2.782052780358664,1.6840021756757266,0.40317081271987965,0.19964737691481615,1.4354383374233233,7.633308873960174,2.301904516576214,1.2027901506883485,1.1034400226531158,1.8782523311692947,1.7072021566660016,2.7051382764526792,5.063350772898139,1.0733123571109315,5.278359386654106,2.370274542652906,2.1370178615780153,3.389257068982813,1.0086796877216293,2.6342002997311122,1.7164015189101396,0.3537077930066126,4.168021824891457,0.9025380902763127,3.0282736495769655,11.193266629585304,8.542539420742463,6.007034436611573,1.5161569214603077,3.6988001589001893,3.7113125569619774,7.7085529819244565,3.0358021284364467,1.250660195190932,0.6191854943422727,2.0283775474462877,0.5990270526225966,0.8329447943988648,4.219547556013841,5.482357266303726,7.116257408971283,1.3548171676515866,4.7649094988652,3.1257143563561565,4.382415306812613,0.3840345036429662,1.3192929911367988
"((4, 0), (0, 0))",1.7536145439180706,1.4077528073907484,0.20492808051221112,1.888332406541553,1.8574547686379559,0.14480028260900824,1.2740207717294392,4.3596282569632585,0.9863543227934108,3.6458095822660357,3.2299636004363097,0.45375041996586063,0.6184902149869085,9.118808926476108,7.7494839573468814,0.013839694782125989,2.3720549421348407,1.3607321706627604,3.472003493622888,0.4596452967443809,2.1291822432170218,0.6662112002400367,3.887069242162645,1.9002612690757692,0.5539819588706689,0.07664505998631133,0.4243259967645321,0.7141799464568419,1.0875174831105539,2.817072973414586,1.979331231913772,0.04263117413534978,0.08366536012058967,0.029024642240490284,0.5912212575900291,1.439595219132098,1.933575039902319,3.732520565853421,0.6456035309651784,0.09754075935247841,0.9074885631493355,11.663516360365598,1.3176221064841362,10.8740255980779,0.48157077555906413,0.8992636321385101,3.2370128020046485,1.3432896320862724,2.92125892851797,0.30157575346768173,0.7913616395485126,5.28909912884669,1.3098096805079171,5.643170382468117,0.18703439215138962,1.00509929111696,2.592415925123421,1.694364594527071,1.0067127776903246,0.8237658749058094,2.7563997561279057,1.3716662488785045,1.6827738050567267,0.03916623633639382,2.2207271370651975,2.2910428871227095,6.975199560064261,0.4351162217893929,0.9102284793417037,4.268424814695208,0.16145756142732748,1.2506956503695406,0.22206312257286132,1.738457041455357,4.265537084782517,0.07265534548017794,1.8353185850237135,1.5949062292097969,0.18669550724016415,3.9009948588649133,0.6248059646703252,0.4237554618062216,1.4819275259453821,0.8124783961196818,0.7785444397139898,1.3456142685468324,0.45014128206477055,0.6658253533998439,0.40679654833147527,0.5173417038324986,0.1405357724950913,0.12531961048878937,2.8107286737397414,0.024678208122754786,3.7598318097639662,0.12199101140840929,0.9705144043834201,2.021230739980542,1.248519659682203,0.18127221625123835,2.7001618001188774,0.5139483938170746,0.15988096831200377,1.1545911610572641,0.3873144471836263,0.8183373874344739,2.0101918957819906,0.13076763316702533,1.8663859093282515,2.8793294815788033,2.1754844999464735,0.038072960525864064,1.6642822696554398,0.2571386641872785,7.954579950000273,0.4081259001338742,1.5652269191454211,6.701879996078377,0.5387663656333341,1.3778842637383932,2.9212480296060876,2.8505977821159822,0.4770847926858819,0.38249277636927204,0.46758259296824445,0.3528545831078054,7.449730412413733,1.1134297195456329,0.892662954924324,3.290112744835223,0.876839201303771,3.2769920570000313,2.8209532060353237,4.293540125820185,1.7958431126869325,1.8139377962654788,1.006541308730664,0.6467177839643045,10.342680166478917,3.4531533989171708,0.3188090334993874,0.7959405547382237,0.32391375208146345,1.002599372843748,0.2253812746781345,2.2149328124591836,0.6299068812979849,0.011524687465238936,2.984097516298095,1.8667717548538096,1.0066452837260838,1.8630920797233337,0.44027123411023683,2.7847705151390403,0.35892893435505924,4.165819465305945,1.723255756747279,2.1356235360230844,3.164303087609481,0.35463672133619495,0.2708570138842541,0.5814384619788373,1.7840115524890958,2.947904808317122,0.3272334426426597,1.258846359918012,1.8195566614964727,0.6342463777179037,1.962703975755857,0.07935587664309729,1.4914985622650638,6.048586380529155,0.4986906389189172,1.6656334449340597,4.21781837054408,0.1561617432146576,1.3892739611945923,2.5949000242941915,0.49586553277873247,3.2236476344121243,0.9210562037756507,1.3872903192240287,1.4745727490397984,0.2964882060104239,3.9862943739184806,0.03973397293482073,2.7275912959741664,6.409438249876532,0.7065129365426244,1.146310997893915,4.778377325061526,4.971473290681573,0.7028657708524115,0.5857988441747213,1.955092168189671,4.810940105302277,0.12497831257025394,1.6861665561006534,5.315580434563362,0.6644664059794444,1.7136155193008205,1.4259779372439272,2.41086282721566,0.02610969256988671,8.090321311208218,0.6408352505885573,0.7077129926246339,3.607158805352578,5.974200862556505,4.319803606202875,0.14878271297656465,7.686151032057831,0.2579192687650844,5.629569220505849,0.01920555279911662,0.8793050877018526,0.7782581639973698,6.982363848118426,0.552035787991521,0.7442724004311514,0.5147821521668741,0.2343910557918636,0.5118437482661765,0.010955689124004131,0.08407553096200815,3.515741490689839,3.743241441612562,6.7977302971709275,0.369930807693738,4.470563478310439,2.5336515531086987,1.8543463984338615,0.30509319108992683,2.0386537946170216,1.6159446350534326,2.5299683753717233,0.4510153027695922,2.5484093931160925,7.804958426839252,0.43958432617824555,1.3166537606842366,0.8335275660763721,0.3474796812720111,0.46438161869682304,0.4837615689216257,0.013211358042856558,5.848667022924506,1.2384378597840615,1.5509103879732962,1.6490622950600136,0.7557943518060615,0.29889395282802744,0.23552575805987463,8.922864858717118,0.04415514708416313,0.20025009806072436,2.981962713391484,0.1064082741503658,0.9996858978588143,2.434198821189852,0.8555192390803392,0.1205975358851088,0.7226673818376448,1.7730979864079879,3.083021027409174,1.088909923248442,0.8508424739753464,1.4725691285606317,2.057128357508933,0.5564389299509123,0.5817515651346574,6.744494287476265,5.340390822977591,1.3826960457700102,1.6968083647752108,0.5296431073569965,1.4012162991477757,0.24954021490913858,1.2248011265588934,0.07898588768223469,1.048468696078947,0.12327605426139221,1.3811112816676043,0.14571996377751018,0.7699715286600486,3.370552844111776,0.22988154161606422,1.608879580695152,1.0405233339867688,0.1081528823632183,0.43179104513055977,0.28950664044247965,1.170316898432454,3.0918457962121413,2.1041071599610874,0.7049621280668606,0.23383506444468027,3.9398899682593207,3.3254453197508336,0.9038817964586983,1.6363862988364835,4.581192576308926,0.8530205683143279,0.12486525392407133,0.5588004709052683,0.45821040524188206,1.4689467050882343,1.1774035729873402,0.2190885999807461,0.8260111265059594,2.8575305958874457,5.429525745527243,0.08432398792180995,2.4105454635864896,1.4912360028614042,0.4179158518685151,0.5767633895982262,0.1571567980967301,2.999091204243714,0.7256705782966746,4.578943749661125,1.0587831863346788,9.879665889257218,0.7450101670929399,0.40814117756594914,2.2409171884906787,1.546668047126766,3.467934739195898,2.6499833680780176,1.5354495682581004,0.10053094042938748,5.625756160372181,2.01083213851431,2.036120944808556,6.806735894501029,0.03953776964086461,2.496007261231787,2.0787468727491483,0.6444450404127184,0.9198465549952686,2.195881770723861,0.37183285518482645,3.2633033099366173,7.1431982673766745,0.27574310911414845,0.753673572794848,2.3581177195363683,0.37737386500421555,10.019446347156983,4.596348842667497,4.986741197976052,0.7401189289914525,0.48066866935339747,0.30546884908090277,4.517072212706159,0.4025345127515694,3.098470472968382,1.5761514686551326,2.7882775429581566,0.21606248432065644,2.1300114687285334,1.1264151268482299,0.5763868192665327,1.9622622605442306,0.07103145448803516,3.7487560534174875,12.224878765583798,1.4599589186073927,2.6157706053692245,0.09892586180062235,0.5899480129972912,1.2519019158714317,1.166538517557023,0.41669728859876987,5.946106035157344,4.091931047735811,2.157363991254599,0.7682101387497173,1.3450831225807556,0.0461656156464989,1.0721271415008342,0.9944642220998796,0.7474558304639529,3.0923168634870946,1.2923904237748594,0.8319816071932755,1.2893666310712275,2.372579519577235,4.577229045406502,1.0244941986172604,4.817649171900645,5.528144851741758,0.47003170878914924,2.112790086048762,0.012768568969383054,0.06273359990591754,8.217138097886995,1.0894182447395226,0.13878763340189337,0.5825852580779061,4.017077651039369,2.1332271287498634,3.5365895252220603,2.579930493067667,3.9393279707446167,1.8356745191721497,1.6644397783347074,2.173193032468691,0.3475620720263488,2.5418273901092747,2.06827563963766,2.84721391756228,1.3217919658153139,3.2387642470203746,0.005505698980485807,0.9531456139200634,6.711806002320787,0.9502512368970196,0.168157120302719,0.541910831840891,3.3068768065683543,2.0924743873040774,1.4767840450861573,4.164392712120344,1.7043437611521979,0.4369074103729855,0.6216314367685876,3.3709466116027893,0.10153536551677589,0.00027279714847600056,2.8620702759713694,0.8499292070824299,1.119329153019833,1.9523840084121091,3.4268827110064457,0.4535657753561637,3.276181370183667,3.2031836337058195,0.2530458712920276,0.4216489773432639,2.4777515676663193,6.855548167875236,2.7630115936881827,4.429634550961883,8.482365432982043,7.097440045928626,0.028690756582734567,0.2776765163618595,0.6651163502352611,3.343947578978332,2.0180808667567076,3.397976712195037,2.193834885293476,0.057365435126678355,1.2498524848780659,0.49278473554247193,3.9806483985577668,1.53083001263375,12.063347810190999,1.1030456002171316,1.8290940598629737,1.738542339774765,2.468467495905955,0.03156199989578212,3.718010068593277,4.0744100930024505,2.3514682784683396,0.4920098204391117,0.9600218772650966,1.6579187691981816,14.395105334059917,5.626244039308417,2.6162013423591115,3.384135634438223,0.06813109332294598,2.328949616811384,1.3287459237551498,2.882919592548058,0.9072140347227127,3.595752878036287,2.2938429242279494,7.749435999840734,2.7819161956394574,2.9178657356110023,0.9943923170488261,1.1328473230579803,3.26599866381476,2.0263670219180834,1.1152685641978382,0.03584208273632761,0.5537359548745671,0.5938337362160111,0.6436880373518565,1.9767905066924936,1.3399160289877836,0.3071869164605274,0.0741854181116659,0.14793357962619097,1.5230940578744372,0.09419917696859592,3.7394465963015526,0.02661381239128835,0.37583408247900923,0.468005700849403,0.8071749346127861,0.012640113902222527,6.056709250759914,2.074070865382506,3.9544821956838967,4.14599688884104,2.228496251258359,5.084451078372487,2.859317250550367,0.32830399340642147,2.0277268233599006,0.15229898349709126,0.7305771997385365,10.70694803869125,0.3600152405312129,0.04569307873972761,0.2897448113670323,3.8189074496270363,2.4764982472309907,1.0736097393040491,1.1297349797577239,5.013189874819677,0.8094904379028482,1.0571891087609095,3.7649097797774065,2.8445280573794314,0.5984963567759138,0.012992728927651687,0.5448765562536746,1.635876634306046,0.8436271844287109,4.358843655933951,10.681635657707483,1.9746087158174714,0.43835748275983133,1.8999703088659599,0.5818191210530624,0.753993587946757,1.7293108122199796,1.089554050958508,0.3774534823752279,3.0615720849520276,7.867161187085425,0.9905117725179083,2.1710047866863658,2.226025898835773,2.000493360940561,3.7836589010793578,0.3137870688329567,2.8541936545695794,0.022928559343782018,0.20239814264833178,0.9226437127396048,1.0197309421210936,3.352716741992547,3.6205309049897405,0.1510882605327788,0.6774521217193996,0.8857287283591477,2.374968080835858,2.666897962376765,8.346185139557008,3.8593442409790417,11.863559134220365,0.9993994694724839,1.0701804676683053,1.9637794492154623,6.07230453307427,5.952841792930475,1.6795177993878532,1.454742943106477,0.03497826961630501,3.3981115768814947,10.024086137910363,2.8413126331878287,1.86212504011102,4.2837138085136,0.053911200889316946,2.313570985358416,2.533166588731851,1.963525615025319,0.16307543848010475,0.3019286781865498,0.9515083930937613,0.7639428187603508,1.7185466922966146,1.7639943643354496,2.1166606842826,0.9543247499103298,0.35736798237275935,0.2122050869942731,0.026628451907217965,0.0007879610287760963,0.6419733766654225,0.250941565721704,3.778081242660071,0.5313367953224226,4.8268557786477855,0.45327608832237287,5.239124823626094,0.1307226936082671,3.9905162033717088,0.08791963688870508,2.2085962311317413,4.159521220016356,0.029553997691602968,1.1008382714688174,0.9752572873166732,1.490619557590636,0.5745526929360275,7.261069026825247,2.6028586942686047,0.005338256382499185,0.18131750913009426,0.27718381933553193,0.3034734033300408,0.5960642071739723,2.926160427943241,4.019301564965551,0.6806755671660751,1.8255049989301873,0.1238603238738869,3.712980915045592,2.296819041987165,2.7925252957386673,0.8114471324651289,0.0784547730863574,0.7786089982898354,1.7216939254927657,1.0771608704826392,4.192056755099002,0.6792685363262139,0.0480799122459743,6.935021728785076,2.365627478151949,6.258532401753164,0.8709198313600248,5.760932412986563,1.1416966304090028,4.458857035101161,0.19058305790414293,5.025500323765668,3.2571352283169994,0.9702923108687638,3.4815558139225344,1.4042772339131706,2.75998207756198,5.210673093154796,1.1691813938277758,1.6038707597684798,0.852633052188697,0.42429542665153863,0.07872831689459026,1.5287135050741139,0.29079750575806607,1.9033816712541505,0.4033221958087002,4.092167759585273,0.6495992059209388,6.416549755047216,1.0079454216690478,2.092021951835161,0.8108286139836145,1.0655752000911445,7.09719538086546,0.38414970968080286,1.0642540610449625,1.3963763575703345,0.9718148983623324,8.010164224551849,1.1561852467761735,1.5727925308967148,0.7604139708708172,2.447294917966751,0.02939606670109951,3.424555350933819,0.4398923694828416,1.8190051961291878,2.4968345627111748,1.0640169960462011,0.8523276074040051,0.7254552081880885,2.883540436968594,0.029262685361771235,3.589756078111281,1.373991500781827,5.97105441846512,0.002234747633604872,1.8569298803793646,0.4814595815639735,0.6354458796290112,2.1256829850582726,3.287470061787096,0.64680517345971,0.9188786438658925,6.98841418978602,2.6260860335511182,1.4289447139666596,2.903549894841815,0.7189713118637573,0.12590776066012777,1.634253938721251,1.58093555571745,5.79961531716321,0.6110807138303236,6.576841987358593,0.9922172539576609,4.1564393975282465,3.5990970475927484,1.8257994574544218,0.4682051721053355,0.04158745787985696,0.6491168178642424,0.8641140166494661,2.2943663049497536,6.578159778323879,6.263770049303493,2.8249068438390963,3.5616237202336025,0.44612247561820073,2.082374038167825,3.0886877798560772,1.4778160759805057,15.725756426028331,1.3570470696569352,0.1959359355139707,2.9616291455569645,0.5577283242475062,0.11955505510172304,0.06200031383772053,4.001524651705874,0.12449189311170206,5.534322998201469,2.2329895304611673,1.3595683090294823,1.7794620578819385,3.886760045446471,6.1350292389296905,2.492619954408587,1.20593561458635,2.4370993151025644,0.744426496781855,0.8614064411852904,4.086703479217282,3.7447147178145896,1.555121986888189,0.09932391688429609,1.7978538090211127,1.30492235739889,0.264728063164015,2.458693911160114,0.13420456828312677,8.255000966910298,3.1023466328873766,1.5231862061622474,2.150748396053199,3.0120989253557777,3.693266065853769,1.7520070998771686,1.896822923320665,1.0532552071039696,0.9158326565491156,0.4634433152123709,0.8154955437988367,0.08978606483435758,1.6735658371459587,8.986717024744184,0.037120022518424056,2.4184003149955147,1.2632832571266368,1.0124130087114778,3.458685881664921,0.3837242051835663,5.34854094726403,1.4886065424947892,0.2404409794451352,1.6346154024099953,9.586067068004189,6.135042370577017,3.713182643593819,0.11273235356966527,4.032454221421031,11.352729976468076,5.8542422245244,0.09656368933062087,2.11001776537155,2.7846660779217167,1.7476855616988387,0.2720916623132046,5.080325660362055,6.579409508122226,1.8927541080188512,1.832015835960409,0.19579213316442412,7.438946205852489,0.4671261512330891,0.18182007694139024,0.4637584543047797,1.6769248635812395,2.454839548548475,2.130585785858199,1.0405818184717872,1.1282450693045254,2.0146276949022597,4.427616820216567,1.4388453244578971,3.2167912064792956,1.0613913017372907,1.9296040415903473,4.032033324014438,4.288132023231873,4.8794400047386475,0.11118205882144983,1.2645512828743186,0.06958921791172212,4.047739270863213,3.8245640698979892,0.2008494049191485,1.203311575640555,1.6330473736286057,7.643972906000846,0.9957172844743549,4.43786436907591,0.00045695592616290526,0.7358618352703077,1.4643920901216088,0.29214626446787517,0.3459086792977488,1.2177983158167178,1.299466848285098,0.22999089918518967,6.33587228255911,0.27117694164016815,0.06175054113109857,0.07732996901143241,1.7494458032815092,1.8569290557474882,2.8176098880058205,3.1896005756697714,0.7956103958610505,0.2358930798957557,0.22318999953044544,8.645384789749835,4.3725753065286765,2.4239586099850867,0.6195171602450189,1.820395361086525,0.2593359438290481,0.8392663370152582,0.41263370347899064,8.778565541424653,0.27024717449111435,2.356795195225846,1.5782556929147151,4.17607522684764,3.9802395219562894,2.4174002858292,5.14939125934865,0.6238883746102853,0.4123008515922101,0.8916653991053973,0.38091053460380153,5.27847256947554,0.23349627967029574,2.002667556758211,1.6835559839652645,1.492908173537614,1.1002968273332492,2.9082902168629694,0.6732637506910288,4.753175491423008,9.659271492315174,7.949388495213366,2.248511470499653,1.1026335653721282,0.29519365443608625,0.6908259045822065,7.96236263598535,4.436351093060363,0.5213054258905655,3.186633953551813,3.3381161371571837,6.685718199579361,0.08813716098210844,0.4655188504502228,4.171023221219928,3.7571077597609754,3.738983373727428,7.3190769729556315,2.266337383247633,5.09724331997901,8.938380900421514,0.188144728078032,1.8727747538083048,0.981525304121609,1.1526929642025658,1.6568628788310598,3.8971504084132507,2.2555516298919973,0.7893406059938517,1.0543840766037054,8.17949838218735,4.186814105301927,0.17454655814943365,7.359560554372497,0.8428411385456834,1.461107061855863,0.05036216353867373,3.8991613851163316,0.495650937717239,4.472585418704038,0.7847221628916358,0.5169022475535381,4.7455833078095235,3.972027319708559,0.48521019100002016,4.9621320511131435,1.9172696948639656,2.007798591133688,0.14966261431377126,3.2186596284054776,1.579186928209571,2.3089919047543175,0.1672822918249941,0.4070119079019956,1.7029244769955814,2.258260592752098,6.224968134305136,4.849119195907851,0.19964419796275878,0.8142793131289879,3.1724072459006054,0.309816156890939,1.176962990268318,0.020150831957656656,0.852359435858526,0.25876042709413927,8.199523860444948,0.05181200476949177,5.7003603891847145,3.756677967326093,2.319724752676822,8.22543377308419,2.27525537706581,1.0525043589413057,2.404414659724444,0.04730183256623788,2.4340641227183775,1.040739995290019,2.890711502378059,4.346089867452422,4.4500416599242945,1.583387768202828,2.5254296799871305,8.747960467297673,0.9853270752688982,0.8114728743493131,0.32826325969764536,0.35040989076526197,2.6830122344731633,1.0905377381215877,2.138326206009513,2.0980524593786125,3.174732835051953,2.766758921863679,1.873302494825214,3.313833949959945,0.03249138097342019,1.325526400853367,0.8792985055639329,0.4619847672299531,0.007552480356836533,0.5975656324344305,2.5573460835468147,0.32380382440328526,0.5463103851614224,0.45891527807882393,1.468488908183816,1.2464191819479926,2.2998076105933443,0.9095386527322038,6.682846539509454,0.41052106844996583,7.138868327698573,0.2687913143318772,1.4388237743954204,0.6813373193808417,0.9050675258294595,0.3485342522686852,1.455877299672016,2.18193339600075,1.1068027285856623,3.514339141252688,0.6326354515937802,0.17584295682902784,4.207926118397735,0.002382124228488436,0.040475731415915206,2.7514718080566607,1.4202018185233993,0.7020171120834297,0.6607336589070116,2.3039728749999253,2.029321593607073,2.159357813126401,1.695941034525897,0.30056796363553495,2.929766315785535,2.751167923503152,1.420119650346772,0.9523118681124805,2.6959585548313214,0.43104369329458514,0.8986705103927992,0.4404934490576844,0.0724313169699542,0.12358292896960554,1.5030562883673388,4.922912039649923,1.6521812767868829,3.087274972844617,1.5232405292705407,1.939275851023966,0.9474632540137853,4.187652012647943,0.1749934589362021,5.897990505623126,2.573142527397544,0.09915766670693915,1.0798680423948666,0.32726272357717123,3.731304576223714,1.0681568547430902,5.162439821600804,0.1570529522797406,11.932672087682734,0.023389060092941505,4.630360934959773,1.3542534528585846,0.9944765711205736,1.327865562657969,5.518405725699806,0.6659124164188112,1.1853338304484926,1.0322758290065615,1.6177804326973582,1.6903253784762113,1.168156546242578,0.9299030696683892,2.673019169375457,0.46092405714661966,0.0816558885732539,10.246853320556049,0.015080470720835848,3.253549186767186,6.413976454588704,3.7351359230321037,2.9699348143948967,1.826676025315717,0.17221363114953503,1.7337409779141428,1.731396143817372,0.6708115205386873,1.5015558659827595,3.4713318827115627,3.376182261538599,0.3795006967067056,1.4148223434757363,4.2361752193250535,0.44854564845055844,0.608868565007668,3.4497289427268587,3.2949364596659114,2.268085543650082,1.124722916616891,0.6138974352635921,0.10798091010019173,6.121655131566371,0.2741023091312007,2.0495920787725583,1.5516772876078582,2.6789975421626724,2.4418077133212286,5.172939607921537,2.6747867257620066,0.6578546689721043,2.8624779994454896,2.2995967905885646,2.311506064959028,4.200109881726706,4.520825111339612,0.19786428183948312,1.5322574048940258,0.48676896153278615,8.047438953578823,3.481046590247038,0.2789997161054103,1.1812149454903187,0.837332527962865,0.055920877134506275,6.72832954398183,0.7020934360483306,1.4786975150920063,2.8710290829610106,3.2000148073866526,0.0013673488671857026,2.6306083628838124,1.929626844356001,5.00186312913067,1.3022940466898782,3.222857770114265,1.0677729272881606,4.8289608331197,3.238299184336092,0.239114311239503,0.18141342419832318,1.5584146019042033,0.9171531419970224,1.7228912862314936,0.45437472140067614,2.366253413889103,2.5898295149141166,0.3853164549067518,2.349740604259046,0.3147627000926444,2.401340486749457,0.8642668686937918,0.5527289056969806,5.434530305298762,0.041440254170211466,0.6768394068605128,2.3339473794661485,15.991286922302045,4.063737576714021,9.061430984211851,1.6578029819030218,6.3087549890298025,1.3862901156926724,0.5764926969452586,8.730159786327919,2.0792860915566376,2.560449887415088,7.863641150053311,0.11732217450800575,0.6128857759753068,1.2053964206078507,2.4356702247996096,2.3466448158002287,1.6927663935370685,9.783093477560065,0.06217440245426653,2.574763358392996,2.5230145231824066,0.7256093529524554,3.672286567690511,3.151162368575476,6.4567744358938395,1.9189263975708066,2.8005910271745234,0.24569827744700512,0.7876574235759137,0.2603481713557618,1.0191449306112,1.3684695389078687,1.2852058861770657,1.2756750954931237,0.1290581749227797,8.5101711502693,1.2368420184282796,1.5730584038754873,3.7168872077120425,5.123262777413638,1.7949264638875215,0.1730222052868544,0.8704261974526819,0.5671504248082752,5.250226628479304,0.7066082526365376,7.80362134295345,2.004746620787189,0.20907899187119905,0.5638913036960761,1.1771251028394107,4.7226586092387635,4.658225208705938,1.4887977735528057,4.769846222387643,1.4387188308198435,2.2330299537655955,0.03827530964345316,1.4450302023360706,4.070328916103734,0.9659382953893436,0.27370339106544994,1.2343481839066353,3.986871104847256,2.7072417082335027,0.39206148354599435,0.18960835404179255,0.816439684237634,1.2048869888218166,0.4754702772205741,1.223573882582476,1.7844983188346113,0.565422940637045,1.2609995747718854,1.2844388511536342,2.5161573437231937,0.2859251847961535,0.319920976185081,0.9452695943962155,2.2237413356010327,0.19802529046433337,2.945340587076429,0.5427043015392903,1.1334591758294699,0.9969073368507321,0.981016172872959,0.8010241193170144,3.107526144534784,6.512724999877089,1.1332049480106505,1.574849110783214,0.5027842003331929,6.572863191104442,10.35163321704926,0.5004874771907035,3.8917808069627866,1.5052976829966531,0.08102925951657358,3.709807037012192,1.3105923281455618,1.5858830881153414,2.020152968290475,4.049838507537915,0.4090269405888117,1.0507347149604982,0.6563101668834033,0.32279373286384394,0.35684197047239596,1.5371255515342215,3.760608538723571,0.9068320422768363,1.1547311670811817,3.902980205367868,0.19115168747301503,1.5208245422320705,0.2759545836305668,0.9489839365629191,2.0848389880306533,4.811792643045161,8.030323853350986,0.3468092870425086,0.0022010105274413716,0.2275707962809641,0.8669756985522128,0.5840882077552707,0.3728582956037411,1.7119549690603482,3.426560125169729,7.920932166131766,6.564673167393071,1.5237645957046655,2.6790378741430048,1.5519427241856691,4.786785168103775,4.556779446582868,2.985197091846117,1.012032585899388,1.295923696011136,1.1209028134111283,0.32829650126523857,2.964899729245002,2.593273018262213,1.0603739780235335,3.3327830743085443,1.035334113230622,0.15205900237586578,0.8690915815895712,0.22622803509963685,0.06095662242906785,2.90557953382198,1.0828865978454965,6.1626993308217575,1.4697671339360383,1.229364722467761,2.1539178397630723,0.6330504727359618,1.6559180066791872,6.40649705293038,0.6385143905952112,0.21943531690526497,1.3750575018235374,1.0585397167588697,2.18493994598213,1.5290476183812112,1.0789154140112145,2.7840022772674895,1.1206206450743963,0.3815985985304766,1.04403715151884,1.7130595439562346,0.06103305123734515,0.3264828349809603,2.1325118360829767,2.5526556317279283,0.6164055964962525,1.8974241029605619,0.7602756382536877,0.13594840930758656,15.863855975714793,1.625344613034073,3.604436625682453,0.31827243391964233,1.367203097203112,1.0754327273002793,1.6595547352582467,2.780510575359907,1.3368312642586897,0.6755214790060561,0.5266357775334571,3.248870518208098,0.7835237614062276,0.2696023484687296,1.600054027805283,3.7683626585778427,7.132320522429649,0.5033468012708402,4.554350147065329,0.20422587500995526,1.925923723873832,1.478863860417652,2.331071114087485,6.489580213153386,1.5788283544039465,3.680794840052049,0.4147132710161559,1.664250819872068,0.12175500580525322,3.33166636828033,0.4526452189475747,0.390402628356625,0.03326328564340786,1.7984888347029426,0.006666089479061443,0.07460958778527838,6.221724909542024,0.5450304497400726,0.7322274297169407,0.26265852487186025,2.7372931457597556,0.14456197123376646,2.43547774120555,0.4664668981018072,1.8152553699671719,2.330697775775011,2.80912578433382,1.6772824983409056,2.89693434084169,0.19407203251543037,5.7089532767164775,2.3005315007852856,3.9215551814146714,2.141096034109721,0.75505792868184,6.140506352867208,2.212217318418352,0.7970836641138273,4.558323560396737,0.6470487515244667,0.5013983935225247,2.8851856840245507,0.4725481132219269,1.8306799631867654,1.925719998680464,0.9703199142215302,0.6451250650223019,2.1780590551544687,0.6841282083177465,2.465099083725697,1.5219415063495036,0.6367157588664194,0.10728382114840973,2.2788845826203827,0.3215396372419441,0.5682467901739443,2.8954494125603087,0.8835168668429183,0.616576410361769,1.9360392547875058,0.39065605205835174,2.0510908333750306,2.0388603048692504,0.8946758165126947,2.627832244722638,0.30652382625202224,4.712076759674103,0.9646036172102535,0.7550616066490341,1.3247969655872005,2.9621230876017104,6.835234544487563,2.6605424947001803,0.17746259914021878,4.352904652741662,2.5598804647099054,1.5725635128939193,1.1247318431604636,0.49509004877029783,3.5226374216359613,0.5091689755736635,4.253140224112906,8.01863980594179,0.08224442981789681,1.6554771128176973,0.07176713255673972,0.15856474913973329,1.4314568552377462,0.9045014852320143,2.329170599477859,5.1098040867806525,0.43976637084183795,0.6848997721817467,1.2336722242016487,0.12710365190559492,6.256926997738149,3.968634132871476,2.841799010970742,0.07165589383591531,0.2901449639053646,1.026625719986853,0.36480311766426987,0.6805779710619164,0.423516476619588,1.4449391924088641,1.0558800210353518,0.4757553949780499,0.43818245248001597,0.8301037333206761,0.24503358915912266,5.994697788303195,2.493890867342563,0.03594007697876567,2.10898461821324,1.0591747504953228,2.900764586271551,0.8956945940036425,0.16508948243238653,0.775977156141967,1.311333636316471,1.206391933771586,0.7909429299985318,1.4660399616296766,3.597374059483045,0.08508660298621251,0.8349694775770997,0.27683684222648,1.113606119087252,1.4462928905377825,2.3264302277208166,3.3826824424845334,0.07217103010136294,2.222296973553248,2.1010264474118236,1.6694527943041466,0.6762150531398605,2.0720880957843884,4.964762274969928,1.1260108078269906,1.5130419513690239,3.9100781021950857,3.2854652095414183,4.645514262851279,2.385986971820334,0.513083934712554,0.1986452124139224,0.40283714080161737,0.050989939656805205,5.333704099946303,2.1337076194400155,5.490370909189574,0.7701678576531239,3.4461295791699826,1.039866920767373,1.2855012200415705,0.08896139156680016,0.4067389733205393,1.9250262180403774,2.8876552918530924,0.7550850478303448,1.2403047105931206,0.49795203369484553,7.779910159546498,0.18647764667814626,0.5249617151682422,0.4825179507724118,1.317831940414361,0.2641550424158181,0.381312769390564,1.3524531487658842,0.6917103687562585,0.6581390150032531,3.4907439214895017,1.4125452169234725,0.34378761375504974,0.5400406414057126,0.6881755165441372,1.2736077641114532,0.8018483539487201,6.510148112760888,2.742283400490126,0.005994107700072471,0.8611257672080451,0.01629929741246805,1.7574706331010923,0.3952637635775995,2.6154078088768826,2.2547083767721743,0.791020194520474,1.505669144044067,0.7387709316802586,0.4806871844736136,2.816055271908988,2.3589231346478488,4.791917510999056,1.5517704837610369,0.43157565331681297,2.135810770934476,0.8551152728097433,3.722594006555535,1.4180246816733346,0.8418022746489806,1.7956524862752579,0.26737100257224133,5.3185208710676,0.984679546562548,1.6179888882469848,0.8497167003322073,4.902905408770309,0.6025249683375584,1.7822415721599438,0.7266371091418184,2.188120083589032,4.62483557803011,0.4238431231577291,2.488812928751582,5.161956852653967,14.432866359781952,3.881125840240145,2.88095406555,1.8456659193539247,0.6024561461355233,2.4058161873826283,4.213994437550483,5.156002655988781,0.3663020242093902,0.19090105625743348,0.5757388092377109,1.2984759957792573,0.6430870902319812,0.6114258137313319,3.3365068916685807,0.4699614746839629,2.826799934327296,1.741098971740286,3.533211356066538,0.08898626237829843,2.592761425173949,0.6057459651328063,2.3331398919860606,0.2947567505178941,1.4314290432619894,4.003763026802231,1.8955325392828508,0.22666941818392372,2.8383041078327444,0.05029893549049054,1.6775548298538687,0.033057655740473924,2.7423963554190363,0.9049315379614569,3.4358910415518658,0.844389427612348,3.1367937780273163,4.328878587101315,0.1290787802192459,4.11927173417949,0.7737295575641574,5.103068033634363,8.321875689103308,0.31339422924012617,0.21477857011794121,3.9897988835150433,7.580553872358393,3.9281811975780725,5.0381640213923795,3.2712962753672223,1.802055360604482,2.6228337083814,0.6943539450799245,2.311346618882122,2.4931895387992746,2.744335024244883,2.395667872185736,4.272162601878525,0.17819703165952472,0.8923779485290273,4.322020929946776,1.9106809892829635,1.5268509935050019,0.4699575980856169,0.09708437986879598,0.2838803611828644,0.28209575944617926,2.638727490916015,1.4475581870913095,2.788507591389385,4.776605595065287,0.5920747127395338,1.1722021542337293,2.1501965859903405,0.10258671604496838,0.40549610753765686,1.0167756869857745,0.7276647817065822,5.766429616054566,3.5440877365969747,0.13083705868464857,3.056650592349839,0.04913839115883256,1.951284035434396,2.3172004371994133,1.0898059649780052,3.3260614560637456,1.6828345665083964,0.9876084490100023,0.7053426547284318,7.312404149929589,1.6711440273114477,0.028508334833143745,3.1804495059557105,2.0472674030850495,2.445858089829632,1.5765965892973721,0.4960425188223727,0.7206420899373343,2.4442313339017003,5.602934488660175,1.0126368844547162,4.152502436199521,1.1656146976220845,0.34549423865954787,4.915877033073314,4.047852647978359,10.316478396006362,0.9051157451979925,2.3331658639423356,2.3966645461207956,4.330335001710085,0.6987200262961861,3.7464156714159333,1.7516207754056203,1.9814950769619337,1.9974887738154665,0.3956334871324989,2.2220808224051654,2.413240085828502,0.3796025761296251,0.5669620877145678,0.04672612660067976,8.72881364627706,1.0979292899773558,1.297606957106336,2.327977183416361,5.612659367966273,1.4744141931857038,0.14955137298131183,0.18469011593696227,2.553113222302675,1.1502069713056833,0.20374072483415517,1.8043567805899379,9.909511474220777,1.0262974948325574,0.49193419991297516,0.9370181455634716,1.3769130433791097,1.6781695046764942,0.47472896629803296,0.028634198190681692,3.2439871104107203,5.595184946640335,2.6994527310240146,0.564647312046969,2.7476356020837645,0.4943938789885092,0.5785042269111975,2.0103977440800374,1.806254126832834,1.2339794056193054,2.325223844999592,0.4247459753763936,1.2692488231769081,0.5217569529090071,1.394073325721116,2.4767881939301954,0.7330693993406521,1.1495273801630088,0.9240653454297549,0.04263693488403497,4.332397650206833,0.8661974251946736,2.461225299633046,0.03330496571003905,3.551230728540278,2.2428475132624794,3.7957035429990276,0.06596672524640801,0.32179908774310173,2.12039089781678,0.092908108015049,0.05585327488149017,0.76893461978164,0.6966708448769356,2.404142987765428,0.4777331356975223,1.5169564875349835,1.5281344846303857,1.6864842162934899,0.3275571795380734,0.014339010884792058,4.608303573749394,4.402157518555008,1.881013514858275,0.8089098733249371,0.681250349731584,0.6446244157228503,1.8236285089578994,0.9262226521951302,6.477924058689856,0.8044528833009215,6.0667069925291495,3.871368813479704,0.7801989564446823,0.5720065722236027,1.7523382621861439,1.2432277793779165,0.791849985119025,1.8371978203666899,1.1838472493490027,1.6552982758195334,0.2906340411046222,0.7260205386418559,0.6235942389901259,2.4929343534131654,11.68600717091965,5.068159656586097,6.331308276249546,1.8579517128150362,6.836199890437164,0.1366541011888205,0.5486836029976709,0.3578629627453148,0.9135999527256092,1.9495661660379375,0.34372893341810995,1.3501936328774815,3.505905401190817,3.163053692799055,0.7708075771824205,0.2844317283375575,0.054167157890014916,2.6197092536088245,3.707305314059457,6.018774758096617,0.6425273155895128,3.3079675517240927,2.8575638254443345,3.764487961748592,2.3972708804768526,2.462472495467864,1.3799366585569923,3.49448493150788,1.7872311103467675,0.45667045202273826,2.4887637597526164,1.5403106813092013,8.300482297442018,0.7131209617657115,0.728684578724385,10.181470695719339,0.04530911023518591,1.3921463163632417,0.24439548520057497,12.394090092563927,5.534703708472707,0.8051578839997418,0.3845613961004013,0.9985353237458365,7.9204527252209225,7.865966596400851,0.3054652961237422,1.785708924575677,0.587462752181636,3.4018307994451744,0.8325247292340727,2.22642024837383,1.220169517481827,0.5268517088350004,3.534213124168139,2.355913760376951,0.31570400082936667,3.4205996144725037,0.13235185028973162,0.4924780187836131,1.897600136093777,2.664428323778123,2.1082188078604505,0.9923537678459722,0.07204426175166789,3.681241819532043,1.9584852442980765,2.5630600586253283,12.761300442423918,2.25891849384037,0.6455559853940736,0.3518247978956751,0.11694490829759072,0.350523855228817,2.5756218811125366,5.886442906077653,0.42847072647568324,0.8684790349700728,1.4466005118520417,1.277423802702041,3.3141658264590967,0.3313694854817733,2.0641561904677364,5.724926745055292,3.1533350894420202,9.069940402414465,0.044092289832355025,0.07828001279735552,0.014438266598001182,0.012549036702900973,3.060235024490005,0.0861730607801201,0.4316044817306508,2.3678390944571603,3.467120929175348,2.372415645444743,2.8683836475237827,4.285654706455554,1.8640830069527081,10.512144886662352,0.6577122833159097,0.6929146832292377,4.877315279720464,7.327240461898878,1.0409172739387702,3.19972047426144,0.9188225811777466,1.8214019319543064,0.3461712829982635,1.7172654325522794,1.6377205213676627,0.7529581627124619,0.47566001815253633,4.0068053855145385,2.9132470512344733,3.6038377234292396,3.4430890183782656,0.057908657865313184,0.561052069209091,1.3769938643623134,3.4990720275548814,0.1711820633915795,1.602020651119174,1.1654328573804325,13.104581356787651,1.5092881468375623,3.4871703788269284,9.666055950512773,2.696963127679849,0.7993205979216278,4.247739619020782,1.0936340506812365,2.0064228123910315,2.4819564166966055,6.9980257353752915,5.111269093436524,1.038337050427578,1.0010491109423159,0.004169929358217583,3.5190035329568943,0.8886709282800904,4.18709141236277,0.20079897970950833,1.8553960012872468,0.6346164973465889,1.8300961980380501,0.5025484782318519,2.951255991741902,4.5589466362431015,0.8956862086674482,0.7735354951819733,2.1734251813444128,2.042569118791969,5.046496215306822,10.733452429228317,2.370249351828226,0.37283594956738986,1.870980424669523,1.366354243864705,5.485280400328434,0.46046878335521746,1.08651493195818,0.8062360657571561,0.14475461489556674,6.129210638004202,1.070462833473789,0.7617334733858117,0.04367776861769679,3.7143635524698606,0.7885475144558969,3.5728379114364657,2.1763151912592535,7.389961076571072,0.3490050550734667,4.366304412208656,4.969647866648902,0.3775393340612494,0.003138374615916373,1.386106850996112,0.8541747046506685,3.6850594822240543,3.415526247372484,1.4919110264248197,1.647026459257397,4.11990775048758,2.5950959506676075,2.5733367964065863,3.146599689007812,2.8179439981601053,0.004663906914461391,5.106788596044393,2.667528015281918,1.6876159952355207,4.852328098145813,0.0193556379631884,0.14501325063119552,3.888095448585567,0.033808808937470625,0.18557219253414967,0.13782861745859076,0.18263974040609632,0.8475971709386707,3.510792787591598,3.059144941307893,0.10537928408177277,2.7521773815413595,0.35975369486459585,1.9995991799902475,6.220162600636434,1.6743689627311706,2.708799176107534,2.6259016571434044,0.8210802831840478,0.9197029086480838,3.5154895288485797,0.03459094688725095,0.6906766080342883,4.972701988907311,1.7760498281562007,3.8667502271423575,7.16100263281397,3.600663984827349,5.866249251687834,2.4522309587912505,10.553155343147372,0.5163025334059179,0.28442301590932306,0.4439697692684317,0.2762894152198374,2.9687033428405885,0.35072267615289565,1.6467984083102567,0.22118926534450134,5.414583555192557,2.173882644429521,0.061724171096949165,6.68036060047235,0.06195319672599231,2.2852741419995954,2.38645017687834,4.094160014903396,0.9394294954808269,0.665619356967482,5.347861289807074,3.997563365059511,0.866749996643017,0.15506384786040517,2.4211535117430185,0.1710935853647988,0.37792884070820276,3.555079046415104,0.12194987719247163,0.8418466889915912,3.055325319764587,5.291623853691752,4.0572263288091515,0.0018590611178999072,2.018104698979361,10.49134754289164,2.8119663667466117,0.5432057957213692,1.0960050493784155,1.1730756862382763,1.277340249826112,3.396557755813892,1.0377508179915402,0.4016661591195214,0.6908218825479098,3.630755080892647,4.5591197319307035,0.6470705848795648,4.671447215300136,3.677350666581649,6.187149628914278,6.469214897649902,2.3198258679469053,0.23883373547149622,1.2823087299424514,0.4077483912126578,0.9575643561549181,1.37816780972005,5.07898771475644,0.7158456803317326,9.426560957456877,0.9294909170983578,1.4113770464715805,0.45627620563256965,0.02777394487732554,3.1120904204066835,0.5476891227078692,0.7683042896856649,0.8160583623783166,1.5665809324323017,1.31783868366437,1.6165099598772694,0.7514804401026416,2.1694648068572575,0.13194010882313822,0.6712243245015226,2.259534049010986,4.898272355166021,0.5453587516961624,0.23624103657087248,1.5204496111868586,4.19648236401122,2.0666039293779,0.8486782322869495,0.00034192607111727114,0.012612985137878008,0.411173556745287,2.584429231518221,0.12261179634781016,1.2930505296507326,0.08016180116908944,5.879020189252215,0.3061060926979785,3.828980300049582,0.6346656993588957,6.176483878626376,1.1120137986191239,4.54690412338698,0.9685985670664858,2.244733905149736,2.5399658429859646,1.0562127687364247,0.6314654251610297,1.718130294676277,0.5332886506266328,0.12958779377702756,2.7488969308179754,0.3108586839685443,0.047003075240923176,0.40191193131004255,0.0178282397107542,1.3345910542562347,1.06740342246608,0.02574358313912306,3.442299832089221,1.6601430330462623,3.34648724143434,0.004978012836908352,0.7729166798119791,0.5013784697853239,2.686131824453714,0.4315424719960106,0.4354437640635642,2.470799519186073,0.5323479758564769,3.148363299464605,3.442666640396492,2.7857855139770358,0.44836424206740855,3.0380003223059697,3.969659525407864,1.060478401346279,2.280234344916498,1.2911694932566986,1.3219463573047245,6.348649707486281,1.0436672348102016,4.063456678946439,0.3863527152116113,0.625998144470806,2.466954571692528,0.9018646043343415,2.6772814477677596,2.224970256916892,1.0542985873859423,2.3378297336428497,1.4547954901036115,1.590133779022074,0.5933573436438047,4.365000210967475,0.5978359218022877,4.606492832696653,4.213856672853522,2.2322449307815346,0.7815847114077956,0.6835680042985559,1.610912844687481,0.6376906335782366,1.8281162715009782,7.187962537447011,1.9614943452293219,0.2896708174443985,1.5679729233360749,0.8480793639940596,0.032860365046966766,1.3584950559032394,0.9805550842196444,2.107366356029162,0.059226192664414645,3.241862091418037,1.5471974265455493,0.47463079454693236,0.7878480021567826,0.6541206414873721,1.5086640585917785,4.410290338557262,0.727788782257534,0.4022837745639718,1.2862271532855447,0.8120620112586587,0.1053692661382093,2.8840866924106816,4.896176917794408,0.6069333769653642,1.5197776871731459,0.7216811377531861,1.6866094658923227,6.899582198964424,2.8682630263557205,1.023379398549974,0.3425376023734616,4.743110514706008,1.8605869983740755,1.8261967361525275,0.057530848165272985,5.998119209969282,0.07515292105021576,1.6466436486548468,0.4977115918627716,4.610122407719443,4.010014208879866,4.061963576000448,5.223596695438143,1.0444029696738464,6.778856313630269,0.9654489747527841,1.2598290338575464,1.5504188908074237,0.36707390611336566,1.976676442461072,0.6055154914314492,2.2568365485149475,2.177664854227835,0.14188973428245077,0.8470321997263168,5.834217199846183,0.4078058097535677,2.2178793085018134,5.8495581982912634,0.9408753071313098,1.300129051180163,1.717495622020001,0.08609264647860893,0.4333946650968199,3.5329637117923074,1.04478126576562,2.70323461017186,0.6253500312542051,0.02424811203679067,2.3110317233520785,5.332632356152803,0.8907155275336682,3.4503705288817983,0.9049044579022585,0.21997025741140125,0.36895407808654745,1.117193509604036,0.5358860243703181,7.555824249908307,0.7202731734117931,10.715787903108183,0.29765966031017,2.873303936980391,2.234016006855799,1.0796050785460842,0.009771349465226065,0.5860522909360424,4.96363756672608,0.8983807555005956,7.917278267697538,2.5373319107717407,1.3506127634802092,2.1681743435866276,4.923944517048683,0.2009906707221798,0.1786383634428974,1.508421800163244,2.877036777279657,0.2793954098086324,2.0465355659522957,0.8048516061349884,1.6504589667462772,4.485339889225007,0.9160607672579997,3.1809846656488556,0.002362796979227033,5.500178424423124,3.0976428334402395,0.02770637932437947,1.9799194606768946,5.189428722850888,2.840283765578066,8.948518031690082,1.7070699739233621,5.601844027267626,1.2656392219318338,5.368015692388507,0.8394159452413035,0.49299430349604645,0.16490209486181007,0.7153306641411814,3.5415307835238172,0.29242242452506706,1.5345060456228365,1.9152046968259628,1.9445946318523493,1.2403392848423915,2.560874695468029,5.700048196998086,0.08702013614224113,7.168889501803733,0.4501423954652024,4.447043637259146,0.021549538131371615,0.7653877006679404,0.6921146316982629,1.3615882722768538,1.3522014335081418,0.3090336645017797,1.261982441912233,0.9675530913215704,0.7690064111159458,0.4203088879910434,3.7905868251077477,1.2830102027904835,0.11252730379522669,0.7768158746029569,9.627509314801834,2.609260133630347,0.8417079708969171,0.5139121421057392,0.6438053055973982,1.3584070104184476,1.6619976093776458,2.482442927480199,5.9805515418745205,1.178655740072164,1.7007432740463688,0.43659260196711713,0.09859735382690227,2.40824733485821,0.4464293572673077,0.965214775135865,1.4189231734142882,0.9996645542215541,2.6246420904103704,5.017281230659478,2.80066316311187,0.14337129579365937,10.63065434488085,0.7635496985271173,0.45535940451666845,3.3171709707414236,1.2960150846212315,1.468100519945645,0.6120012624064639,4.784829785494086,2.0455350876916936,1.36914862863029,1.4247591650868987,4.351012913189223,2.537390511469976,0.45106855281039215,0.35198269821229844,1.2313387263356215,0.64425763833925,0.021055777692554845,0.5889494339240691,0.7368727785911848,5.573467432889197,7.4912886551546345,0.005358536850543438,0.4296267299149936,0.09488374781974951,0.9927761313864121,0.09977073014336124,2.4837979905932586,5.9856445550933,1.4649581756200467,3.347019096648332,1.8841345423958704,0.5769573411520539,1.9911044927429815,2.6216192978250765,1.3201802608864543,0.9863436208148464,0.06976199739091904,2.3388987538798247,6.568665984450208,13.454779060846057,2.706418996155193,2.475608081001166,0.2826198806915401,1.1121458802757391,4.523974561671784,3.0495658746098773,4.5865618098992025,2.2705741634561223,3.060577335082683,0.49920402744761116,2.5806991896805727,0.8942732486713587,6.534914727494078,1.9852653718773012,7.0299846458802255,2.036834305416085,2.463747730903695,0.2514196895924785,0.02363721268747776,1.6790503333778115,0.045515145815673286,8.781780402346811,0.7900587797603454,1.9934848642861223,0.41105094121149643,0.9719065877497571,1.2161505733899203,1.2338231970234674,8.643286790473725,0.10388587562023177,1.5747392417560278,0.02352991777420388,1.0593767801104836,3.1750300254979456,0.2915809888095393,0.5775241778203777,0.032818257960890995,5.916506836894849,0.6382055447367103,0.5765686487285091,1.9238195307320418,0.5817381148502685,4.013819550217818,2.5703363279957627,2.070050293934245,0.25453717483649835,2.554934588878268,1.530423147948441,0.24312785199375653,3.848800708092004,10.452619450149239,4.470354126241594,2.548230203595703,7.717623631542555,0.12300187257538009,6.545574877335717,10.194628082151334,0.6976037304733156,0.8908090182619275,0.0573815979329374,0.3654537696493605,0.10397065216711932,0.018703398562662343,11.129584445331924,4.318145068990068,0.9459610503826748,4.023367814249711,0.09027088525184856,6.30523850392629,0.18445704646896655,1.619943924827302,1.718169598176394,3.6252519328286126,3.187656395583182,4.081555835793218,0.3524860496497104,0.4772432333183907,6.7838982432979575,1.097124310958645,1.914937752300774,1.189731322539406,6.97164540142519,1.3457531892464096,0.19737736923140847,0.22455129651114292,0.25545716036236465,1.8219307364991932,5.213795891331681,0.31829737095238664,4.369798253711606,5.324076715716686,5.414040759713147,2.96845817671554,0.9636459503485586,2.1094851682158007,7.288869958369518,2.0106872947606274,0.16576744834314638,0.006921304289532859,1.079912826719269,0.6694660312469864,3.347128526936332,1.3306427804293386,1.8949308517226087,3.2428759034538794,8.558755479713357,2.381597180875952,4.21731118902839,3.3353309955773107,5.449026554975758,0.8649869317643009,5.7131768491435615,3.387334025795308,0.01443160729516113,0.7700757850923088,0.6838369155261732,0.8840830345318116,2.4257735622233065,1.4323290283225132,6.624912605824184,1.4958140051871225,2.9366245377113818,1.1709645664757433,0.6706156722238301,0.7866586102637263,1.3511912428920065,0.8097125503456541,0.5528151629771862,0.608047654123778,0.37286781580007533,1.5060100224520616,2.1234227871118723,1.288436061409171,0.6596951299243532,0.023501477052741748,6.895794096891764,1.9199203631039792,1.3767864303240165,0.5130247651098959,6.305171732219669,7.171995861111242,1.09776622597982,0.4346335563303798,5.936102365305388,3.655150537825855,0.27423960934971786,6.129323084255334,0.884703238700844,0.46086649846317507,0.062173434783951986,2.547260440331218,1.8088661794014205,0.8795791930425865,1.9805409528357814,2.7146225715848855,5.2670120334799675,0.3552592539026369,0.4693036170526491,4.112907450179076,9.905761190219655,2.1426479726594434,2.9141016160772706,0.11474616324827469,3.0485794265797472,6.604765061073808,4.95931612425563,3.839764828814571,2.3128683720773093,4.193828126174458,0.032677936354092774,13.511762555112531,0.7161225972080989,0.939612614882416,1.1642585304654653,1.3527120299719422,0.04890833146608298,1.050931126668466,1.1395425396611176,2.471169939534163,2.7143025257896127,8.415931336350402,0.45074713182027876,1.5000694187453092,6.7358525468815,4.3752835253281335,5.1687794472417155,8.755801590516047,1.8911497090272482,0.775934094555278,1.3497496602509846,2.3354439300495913,0.5399812064580671,11.699288365614299,4.921135672839989,0.0020951113802671895,0.02713999648904908,8.669634390099906,3.741839697493135,2.8911500620118322,2.939229649895122,2.0008674984876826,0.400075260081185,3.725942176148562,4.889790698808359,0.4322452887590489,4.2061239966451796,1.0946925477941623,0.3018036217854698,1.5978277231111826,4.2696836255819015,0.8431478540003704,2.369575626699137,0.4621980977684304,0.06761166736803137,1.221433805214613,1.1560940182248352,4.468977691523617,7.017543374379757,0.5498551146792328,4.273461621000618,0.652495147256758,0.32180043355523336,2.263094630090129,1.066560711747058,3.026844919097744,1.3196871181294059,1.7990160609215744,3.8475148086586852,3.1140491830810513,1.7898717516575897,0.992824327394735,0.04600710460041524,5.341169368955367,0.26346348587945,2.770640286398696,2.1938140052070843,3.0731287259857503,1.5692064897920113,0.5567929405426625,0.74386603039304,0.19862121201663663,0.1778709354863025,2.1615714802810277,2.843639926522842,0.12488170050135361,0.5324818885112015,0.6988712451576853,1.1716068255966339,4.903900470441313,0.5717153098379946,1.7852373867587035,2.0177308508729723,3.5730733059961155,1.1639051744432378,0.05088475097365741,2.8938201932858396,3.690557427633859,2.883911970098396,0.906015167124969,0.01957798325538196,2.3173224955981975,2.972954066580457,1.0158008949043964,4.05536149754654,5.671625390076641,0.4763894459753255,5.387523124963045,0.34571812243212596,1.5842555536660128,0.43560640147856455,5.616520282958544,1.066214698319107,0.7613830439740227,0.8118072528770262,6.2288168546928375,4.763298351596538,2.6232730086119194,5.3460059722243205,2.3250101853268124,3.6985259270199786,0.4136014654578335,2.793396607174821,9.152560825288697,2.829407386787408,0.3325085784493882,0.9374924755745961,0.42401987476129066,1.247323467496871,2.369241302602517,1.6134089470767732,1.8375152007129285,4.730490167144625,2.714803105962487,0.37606018571297817,0.451651737188561,0.8373326868543778,0.5074417716775623,2.8708598943010184,3.7781729639430743,5.511382558736155,3.6188934949997726,1.2014454911928385,4.117535717103056,0.299059767373409,0.1078658771846242,4.5179931756082805,0.828730610381749,1.5144221001619904,1.8185992894707383,1.1147941065088456,4.9856939376328455,2.3638385788200194,1.8931776892444212,1.7362660836812962,1.8763296974198331,0.6637680717140915,0.4515204831250813,0.030455563907328287,0.38786632538825916,0.005640516273997198,1.7714771013508548,0.6415459118577831,2.5049998387919308,0.9401648634448905,2.4818949656106994,1.5509520640337988,0.6091475230505665,1.7374302683555172,5.083423147728163,1.8509512982360405,0.02176292162323512,1.198025620616334,0.6956692821478577,0.016637582288772546,0.5303761140749432,0.29718801844152853,6.6808536402457035,1.593408526921448,1.88963789591116,2.1497430144232297,1.8390358199164587,4.277782844776354,0.1270667198100126,1.3115561981045636,0.8685393673071142,2.0347576885281935,0.036557599096415316,0.16192650226480954,2.490310326817374,7.592251111376951,1.2173938348436573,6.279086966394511,0.9624100332315775,2.6242646989545166,0.7002429516698793,1.693935122772751,8.237785069372293,1.630057902668737,0.7158703209558599,1.8205594784899315,2.50972693565964,0.0014914349015113793,5.978820576968172,1.8089459627421869,0.5719540893479016,4.979298870278638,3.2808224477970516,6.174973031338579,0.026195076253293426,0.30844124101629006,4.716235384133526,0.9384251547198781,4.089292364815978,0.43228192278432787,2.214533481631695,0.7800102856500386,10.365600211891916,7.422233497182276,3.0594331006106676,4.058159687000316,2.019091088958107,5.064473406347587,5.7245321616470255,1.9393251912630798,2.886773058781714,0.4470085617615154,0.4364655987328787,0.03306965920616062,3.602454358240678,1.1166861033337767,0.2991677736334073,1.2710677736195002,7.421850454525082,0.39093427662816715,0.9541056892122695,1.250539564650458,1.633920554027041,1.7006968527956445,1.7526797838817114,0.5074909093904103,1.578197542128419,2.1084976848013723,0.8557993911014411,12.38056799296799,1.5994066691621922,0.18652497739020146,1.0266534490336128,0.1354127288147473,4.228274811902667,0.4370862684779744,2.994303752879641,1.1108539984427843,0.6118960278484162,0.3859914806600997,1.5187336540183587,1.3810036898181588,6.027487490490256,3.657777934958669,11.39910239038716,4.70472030352587,0.4757378285501128,0.8687130724569121,1.920434653109143,1.1108946850400616,0.4297213016804211,0.8025870580419481,2.4876712353109367,6.54229043433397,0.20883985053442888,1.8408792135489578,6.857047047557022,3.7996887570995925,3.428582203952782,0.09597307970906122,5.619354646653347,0.40661706492074,5.24631485014813,6.561493517150157,0.13582731401088188,0.28221490968622787,2.96869803116242,0.24237641874907723,3.340382382467773,6.001876534794551,0.9144401571996323,0.12706796581683566,3.4768543895715522,5.29653023529123,1.0285024156480533,0.2378974165613844,0.7777516948001382,1.6246239422831648,6.616229407362169,2.221326571671181,1.0071460316159395,3.084939150292278,0.9795954439767041,0.7698160047115419,0.3893048685192866,5.625162191166822,0.7138167012219365,0.8010056999229715,12.86722718274834,0.6953222828717067,1.0559539450678015,1.0987432552283545,1.5738677496150713,0.45897217564042947,0.12257935862533564,0.08045296604068586,2.110357540131607,4.684260949160722,3.167017219273526,3.5640794531835986,0.04837865105602984,7.40216018543261,6.7276966828241465,4.467787672317406,1.0062515658916977,0.526950542679175,4.5273887522612,6.045350487808137,2.613263731907503,4.3393718657044404,1.5315354646451222,3.3525210356591537,0.5831906560432893,2.671328895600026,0.023969450763805744,1.504206768800238,5.582388702169096,2.376795745441433,7.994415714153719,0.2218953072050558,0.1432133850659958,0.8540616322084121,2.3123605897264685,5.279620297748566,1.670115119606745,0.03905563139995438,3.4213187961599103,0.06140261676386327,1.2117401685791325,0.3638668817805249,1.4705681896786738,2.9469328566962525,0.008901142712895549,2.2434916286830138,4.011887137168873,0.5838025373774847,0.029568064712424902,3.573295576535606,3.4315055060557036,0.6227872447489982,1.9173750449115983,0.010013530511643776,14.41512967730563,0.01030727203579751,0.822836644474219,0.05763063838294302,2.7238388127235478,5.216376832899419,1.8923125143355806,0.49926049744214873,2.639855574695093,1.4559625899169726,2.5963829889606065,0.08894131628913116,0.03872909844318517,5.383536780554609,1.1011151990827317,0.82417526368034,13.540660831065264,0.031193886753723477,2.9507828158062983,3.1680364208434186,0.6523789975656968,1.561607230957177,0.6543227360724746,3.352006805818297,1.9224674629333551,9.841864344635042,5.245435545619305,3.6042939120024764,14.466436700112238,10.524475371716989,1.443138432547528,1.6950440077201043,10.574335758177039,5.465175483796769,0.22777873606558402,0.17504881555333607,1.3088030127654866,2.4595121831380986,2.1281895599645235,1.2079403321459656,0.030755660719234967,0.2766950941620425,0.5822422701504015,0.42444806386986667,3.716119317968012,0.6264429344433975,1.688297067970424,0.745050945882106,2.388132931120262,4.229685368995625,0.2727203962070428,3.748591132649588,4.6254556457044975,3.2292531500314965,0.30765300254913497,2.3948513617300966,0.543603356917999,2.2010067025074207,1.8751153187355611,1.8319738229942097,1.281720585073272,0.602204897861667,1.0375212123898592,1.474983394967407,1.2478020246708748,1.6204284455111204,0.023964989715032914,0.27569244709921703,2.738657175371311,1.4852808974671272,0.6021212382404775,6.594414318785069,1.2546973820676446,0.6025924686183377,7.574077741761984,5.25900030217924,9.758534182156094,1.4401012317279864,1.1493274197210344,0.7894742180299721,5.962535988364818,0.014470792996924886,2.723906861470745,10.51149294268503,0.6928639759730246,0.2802547797051236,0.5241391522316001,2.7511291558465345,5.1844770990417635,0.9466774987328841,3.513652548089521,5.028197539127179,3.43889239078806,1.754946373858555,0.7642451479051848,0.36297676036936544,4.736862261827385,1.3741433614464444,2.6298408377182634,0.33145587299314383,4.022255969754184,0.005670155198084226,1.910632618942889,4.382654564047817,2.51450762029772,1.603391681094424,0.4094323753569178,0.010679016413807696,14.597318824741345,2.2743307952763225,0.10589126336086041,0.8499539704314951,2.103551071710192,0.0013754176957013198,0.7112218307898384,5.393985676010036,1.4232987673209272,7.194287156431225,0.2529969316281402,0.23226603007698143,4.214369624509368,6.043698077084536,0.06329931581813941,1.4413519549560347,0.47507582897313916,1.3663004030126096,3.33718311522866,1.5690741376855035,0.2738597376736469,7.919978928620005,5.599819713374426,1.9151084777951684,0.04516616447131572,0.5968079777124766,3.7877753731281576,0.5066881143269317,1.699126538572921,0.10053250818157267,4.916460392238838,0.6289664330278001,0.004416245867323032,2.8767781618064765,5.807370533817716,0.03225530553127509,1.299755240079679,6.088755619797299,0.7620688832849569,3.943430983384717,1.7570303581199307,0.3209955531969564,0.7251528923585147,1.3614215941859054,0.025409964697173604,1.587471022893407,2.4032081056216543,2.32241439023835,1.5095699081224208,0.5137610173987213,0.7910109763534168,1.512293517624985,0.3278793449492894,3.102688043658755,8.880883050716772,2.7226543349549837,1.6703212199103785,0.46579011963479156,1.4528254285863254,0.8847997558907896,1.0136332877957517,0.20856878811288226,2.5640576026260526,14.89062693656964,1.8871524260164498,0.9966501517125645,2.398042039941917,0.8316993346351871,0.2733682293382563,2.4058228630057013,0.7571346046614148,4.50097913407403,0.3879011839583112,0.63128057266365,0.7551631811488382,0.7300955721484348,0.5118759358588536,0.22586727054925637,0.0260511226083196,0.13255600039497223,4.57586428219417,2.226289179084124,5.434502621861579,0.7523555877099549,4.210521885793801,4.622070297107268,0.09476625690172913,3.421914211449958,2.798077346257496,4.782167606521844,0.44071630990615207,2.266497144062249,1.4208271757789892,7.41864285123211,0.9992930923175736,0.03644719780953409,5.253927806951283,1.5350567672736215,1.9318954468766663,1.976554469418677,2.6844531552522475,0.6286902259566705,2.6044902209498044,1.1208195013038371,1.8087460687533472,5.597285534986346,0.4788177301810137,1.3800455601933646,3.345783951678696,8.964367610284148,0.06967628482707366,0.3380117954506128,11.540414553767512,0.33195487262909684,2.57451071077001,3.550955443309464,1.259256906254493,4.112414413619218,1.9254127151250349,1.214407197255388,0.8918358657336056,1.5307015332500784,5.674788975151269,2.046289381477485,1.181779313876139,4.9049143930608645,1.4754681710604896,2.602815291004805,4.3665815899978435,2.459780100042628,1.7404370218776455,0.9015304415369807,0.6435214891908139,1.9419879526886439,0.4400041254857652,0.3991532085027355,0.1004441042149658,0.5941313548493614,1.5709760559257688,1.9482676436828452,1.6785728376088702,4.97869758459259,2.2500215671938326,1.0995455339122198,6.3760592228795225,0.6331464349699851,4.439035289860965,1.4889124396183788,0.8026517527355868,3.538688249337577,4.938610284732857,1.5802535351486182,3.7766447486480126,0.6032444460912028,2.7982619558294686,3.657899009708769,2.9923235725128428,1.7237726851161836,4.24461690463349,4.970332014701671,2.3819495869014515,0.8269288977565203,0.7887890447286159,0.14098800242827503,4.930850502481429,0.5444691481000752,1.1862238623661203,4.587429038080727,0.21846818266873314,0.1936740526578693,2.432730107036094,0.3888983356936233,1.189575399961119,2.3667263013130677,0.27380735751010343,1.4825107887979707,0.21943438105675717,2.4554724566564747,3.1430383094403886,0.055707750504710773,10.756861462747242,2.7350795533083168,0.1908622367082491,0.4795313203014917,10.308241025440964,3.9615075891454445,3.5037465998166377,0.2936207879332695,0.42629762079213407,0.4781816383519457,0.0938657186229514,2.943941369465373,0.48479452427185254,0.2340231684393701,0.820764450279607,0.7248339422578187,0.9225720516503892,7.874093470656988,1.1828758975691445,7.5722132753648985,0.4681363768176414,6.308345083480306,3.5576227365658206,0.39539282985361446,4.013655802098296,9.88660913693424,2.0756878847957747,2.299896391408393,9.214180475989615,0.24017591552383644,0.9681900658041134,0.8610871429977778,11.174279121591407,0.7773518280692872,0.3637445216515389,0.4366007664418132,3.2599169624163413,3.4970629547795546,2.8899892524665547,1.1976750876621836,1.5653161560344218,1.3787621357200426,0.4153976059433846,2.6486807845816047,5.256821692410057,3.403278981754039,1.3654815468334958,2.134103434171559,1.9388845689818912,0.7447663820151935,2.4273981407575143,3.9336424859651853,5.768271621850028,5.365723977356307,3.942052967852864,3.679247276294306,2.1300380706752464,3.104348032958926,3.399093289664407,5.373850504219076,0.8066047625099294,1.9876297982849296,3.4777268925031883,1.6498918215400744,0.8744789138968667,0.14701613436912686,0.1246243068048205,2.477176055381581,9.25018635138414,5.507154640507982,2.343193828993342,1.54693997852792,3.7691055982649146,5.67017471983411,0.26816624006889245,2.0761223030345235,0.43629631618532394,0.7862436121373817,0.47629319445908225,0.0892827708501891,1.378668812468602,5.000264174750462,0.5753792400962401,0.31417060781248574,2.037668735664096,1.437863911805565,0.4859208996934439,2.0087382969062357,3.5037122098104434,1.4235037887727628,3.5856583254230365,0.027769610754219576,0.4353134435453535,6.310351426823976,0.5266701895793142,0.8372104868488986,1.0567575371177464,0.3210642887727708,1.6546361224634305,3.555843175516178,0.25846840420057493,3.5115043078420634,1.8506951623187335,0.28528970175626345,7.880984518730597,0.23088817987421129,1.510575222965561,1.5601727834381103,0.28337931043909803,0.9120291027182748,7.713430887198553,1.9591723168092183,0.8428026642504097,5.322205221115053,0.4110371064468188,0.30942429199439725,0.09881560869897932,0.526804592353442,5.992542449937234,0.026258348943856813,0.11661445684052008,2.2461917245577845,0.1158779370680263,2.6381572345905084,1.2087846053712614,0.7655240084664794,0.036430994681987516,0.28933275613015574,1.1775181293295183,1.6136501831737868,2.0384202741004858,1.2802650188876181,0.19186177474667754,2.53372898609103,0.044394490484360505,0.11235486368514591,4.461688618995071,0.9293762771928714,3.879995269504213,4.904600349236297,0.4537557640978289,0.7060064106521421,0.028382101148369365,1.5157952099851633,0.6086001498716596,1.6332122716474178,1.1530069133618497,0.3467200883471322,1.1166576986457157,0.6042545881188484,1.0776054509269364,1.7831353414180724,5.660285048075686,7.1811291339620595,0.5363184077324006,0.7107173749075433,2.1691700938639302,3.128409998585119,1.0996113429616527,2.3801500582052353,2.3025546656007982,0.2628815174866346,0.657998085514957,0.45046879420123564,0.8393568397979146,0.33308282686093366,1.9513587897142441,0.8898263210420705,0.6178799115516136,3.136974297099812,0.9112920875497517,2.485711725217347,1.4377623821916883,0.8525122296243595,8.158200884008435,0.22788399582591756,7.780161172667511,2.6031531579128577,0.8280402234604701,1.3425048679158105,2.1952296191409975,3.1063308595817696,1.6676213920919851,3.0010501049573,5.570405995714179,0.18190941691346474,0.5342202265310306,1.2018357602777292,1.9135156010502459,1.0683817528368769,0.0361688997812597,2.060367608229592,0.3268883009459407,1.5422721733629672,2.901055538177813,12.05544570830118,0.9114794628835661,0.34738725861057485,1.1831410980894737,2.264257059027334,0.44269127137498065,1.2899108648166997,5.5577213553219185,0.25902394191422184,3.2418388536937512,2.2314874457533005,1.3670134056888508,0.06743801420819562,2.362645874704521,1.3600081321073367,3.2964585641188817,2.3123800866509203,2.620963139963239,1.8690772757122733,0.691355118277968,0.746553048629557,3.408445658517771,1.3048493073205543,1.3189360421953173,3.428812943134779,0.02091644387242919,4.550659413471311,5.613673986204342,2.560353007871785,2.0714365236568133,0.8425586979293788,1.2911864685860077,3.355105650798138,2.017841720150481,2.82175010669201,2.5628782365975598,0.4176995505231802,3.1618781227032646,9.06831090662881,6.884342773503284,0.39420154093022763,2.297396610369699,0.17387801456072038,4.902708935184125,5.652072243923024,0.938526917515852,5.817280122109037,4.534332299963238,2.006238147424948,0.17592939595441615,11.40255684065468,0.715584874400309,0.30303450817902244,0.011676045267184243,0.193597584288157,0.6550080394089326,0.8051498374565883,0.5846268554366877,0.6825962454162193,3.3863721646510667,6.898013348444142,1.8460418915477517,1.0586997782306558,0.3098995412009732,8.218034230853782,0.02468681564537789,0.6714590054282339,7.4783811259161155,1.619798098125157,2.6883236762892895,0.03074523287912645,6.511087560257219,0.620181775412326,1.026270746310703,0.12277155767650999,0.0765528018888566,0.576964640649118,0.832076558462912,2.3038887215923465,0.2009163532082161,2.017238628134222,7.105219497127034,0.786212144078831,9.257587321539994,0.38633536168364513,0.1466180520052922,2.2204259455527775,0.014953223596697263,1.2783210182836084,2.5633107232066092,2.1986622270758636,0.810106764827092,0.42970050766934026,5.622344952030762,7.978813384223912,0.7349863017002161,1.5484412338716846,3.9666128769798568,0.019881730850121793,13.807594139360665,5.36391792147594,0.582829125482329,0.11245052097687136,3.2624277504078725,3.9184192895957244,0.44576551160268973,1.101564196379738,0.4040900603919331,7.556838917781053,0.49055838385444805,1.2609550242916618,0.2340779580142094,4.161693475276777,4.0982862951712935,1.0939559451854062,3.902042894295295,0.25160082559626745,0.6618054168895693,1.3075111404867934,0.7264849898656076,5.215844863223505,0.3863847750211655,0.5469972059155508,0.06647754115106874,3.6620940008701686,1.6816885018689591,3.288896726038909,1.1912135320225534,6.140624472819648,0.5774488246361517,1.857648507505787,0.31798640763413655,1.0389141075540147,0.2490889640051006,1.980350887873293,2.282340288024983,2.2511291785861003,0.429907648908479,3.001140386444899,7.813673372724305,3.150501667713519,0.5580057664993983,2.150888570719405,0.9395211701875699,0.010343344142497157,0.8518570442550901,0.3822025977344974,1.4185492106422273,0.3251170958815299,5.516148080085519,2.086733024498237,1.1592000085039584,1.2451212047828262,1.14193532261001,1.9199897408739666,3.916024118259941,0.08689519147119651,0.5246115445412123,0.22295691784297977,0.8719460702257678,4.659255384700659,3.133385585050548,0.603357128302199,4.826308730711047,1.9004091353214496,4.712447743298074,0.8275594071987534,0.6777009448664024,3.3302541005238067,0.16292413622163715,1.9520064418944183,0.6371805355125355,7.420349678503554,3.903864504628011,2.4391663612840597,0.7718294493381875,7.129894505109869,2.283136247428502,0.7033498289470017,0.3478325338876212,0.16506773144683423,2.5701455987725277,2.4825430167105043,0.36673490623679506,1.4837896681810978,2.432005671139672,7.7552635161790695,2.692880482751182,0.9826641353629715,0.4237828483806054,7.259459437982765,1.8708271201079285,0.27800854361272487,0.5193555571442943,6.294669823068506,6.96883850429186,2.485571457156411,1.9790968490402852,6.044531219490899,0.8547974710079362,0.7300869151820448,0.5725814841656556,0.9420890363784361,0.5599453349604112,0.7458020714047875,2.131569239230575,0.08018111809343947,0.24086102908108764,1.8480005780990676,1.8529763745148502,0.49366518711424945,1.1020560745433117,0.03100551491725767,1.4569003378587666,0.319972446125282,6.557824823482038,0.1927672216686689,0.9767006439990034,0.34553406582156476,2.4939913657576636,0.5317828466183805,3.478981823254374,0.13508696247558427,0.562517138973804,1.2739580588515005,1.350863699038627,1.1029445025608666,2.0299029750924653,3.7853808690971005,0.10338068057196459,1.057786175647995,0.03971492561501977,1.9376673451106141,0.47055883294211254,0.55741346885157,0.12993475176960279,1.45877951604453,1.9710006148574464,1.649830350296086,0.31833116709843967,3.0990786020626055,0.783319755256884,0.011776963174136346,2.879526463667754,0.09313952793924357,6.121495046394577,3.0191163726635097,1.4891339528427958,0.030053660888807787,2.254650390675406,1.04473180162273,5.749388745979161,3.7874741945637527,0.8384936686988833,0.7816574970503005,1.5043041629147176,4.331052043077666,0.5486467090054674,0.47780336019122105,0.6587856901338616,0.2546965072668428,0.05822061409647333,0.31514693665294446,1.7190373098164322,2.8200600341864144,0.2304494780243065,1.316233278196571,0.03661466422097637,2.3630470964885912,0.003157496436970053,1.9167969872976436,1.6059351582471253,0.28903008284027576,2.761670019883857,0.060147023895483875,1.438798268510793,0.7073896281858554,1.3325266146484296,3.6306514836767216,1.616647028199949,0.8120454359525344,4.220593560950936,11.146339850961184,0.24120852130754855,9.804506999378923,3.1729019528829867,2.3860252871521883,0.4795526110523425,12.461902855853912,1.3949722237924163,10.591243950671949,1.4132031910253262,0.634527393222453,10.799027719803933,2.9752277498057467,2.4884143342828624,0.8247409322181452,1.5404403605988093,0.1973057484580934,1.5753601539007045,1.3845288519959038,0.4439787826322096,1.3094764083794972,3.6436342334865097,1.3127904394281482,10.009293909602796,0.006153999270408328,1.803919319749069,3.909677196315872,5.700314925436961,0.09964955571996548,1.105529026509135,0.025542764355415443,2.787892995021737,0.3335595902104387,11.835298665892438,0.5110091935161731,2.7084500692536126,2.3828523331816873,2.6437039908697813,3.6397636385927528,0.7041431941862998,1.157968736958849,2.575056197027891,1.1882930264018596,0.05258997142054467,2.216639977893921,4.781387187048535,0.18347647097649233,1.6398697881020514,6.967946784460274,3.2084706458101997,0.8266331749499176,1.7410140489475605,1.9948637125432411,7.887461422981839,7.284771690367073,0.6782246593469918,1.9193260128734426,0.564700706367371,0.5762362081315627,1.5901030761763537,1.7767392469966348,5.8532046518641065,0.026228713953548866,1.6515513321547468,4.720331024296038,2.999144655140832,0.8005788179828839,1.0282730386753132,0.3895003773558732,6.642776388367377,2.0880036060551523,3.743080110106388,2.942674502884591,0.5940044551376669,3.3926842449829837,2.8753988575374345,0.1868042246404823,1.188185142797861,2.492753109029381,2.7403333728842627,2.2147844376056853,3.0207599444206865,2.91281266794702,3.2647677758847253,3.688487251658534,0.18224253553545,1.5974000367283356,1.0487327472044863,1.4298445931378065,5.33771258111061,0.6682913740034606,1.635645309298308,0.60138201814363,4.728533662023816,5.936146066079266,2.1277678706683276,1.2599537321401717,0.20137640388647338,14.319603282905225,0.4708679801890796,0.9612081286762995,3.533133453769917,0.5266504154920038,3.5137185530300337,3.361226500524021,2.474395286485791,1.4478706407289135,0.828150539367025,2.635811916059295,1.3245061551167772,1.0396664002639562,5.064711730925219,1.2760098372575568,2.1317828094954097,0.9401669680189093,1.3679465747773807,3.711639327430749,1.1664980768898388,1.518963296734162,0.12782785460948798,2.7795923084122673,1.6622902170217166,0.5332399299427344,3.5667599722576213,2.023107143968873,2.654138100956695,0.8127160343835684,3.278874439039191,1.2548274275586238,2.6945565179209945,5.150713551433137,0.04327537718837582,0.7015926405176707,1.2489314648842977,0.9178592000841831,2.804566073214488,0.305432438092204,1.6375028541584182,5.246514015580951,3.078234225137077,2.9729848525573033,1.8761328391016272,1.4465066524303567,0.046565797658662866,3.939316472162708,0.5356871920950562,1.817338057505339,2.0722967557364393,3.2952683373046106,0.1336472895959564,2.8759838383720546,1.2474374537566342,9.056321866412521,0.4887717866858212,4.839149340424899,0.7527931367810501,2.6380633579323267,0.6360797142340424,2.315686432659069,1.1320023127537417,1.850002514035505,1.1806508658188024,2.48217231111963,0.9709545858756226,7.30995429696255,2.447421742735674,1.79287065814246,2.094298919361852,4.578039989078083,0.5829667365747513,0.04025728138178142,2.4148346943398122,5.726126190951172,0.2582838529828919,0.5237247226330071,0.5128489423546958,0.7205202911516899,1.0564911235945376,3.471866879114507,5.893400711322209,0.35353422088114606,1.6070881691059897,1.0597013505818467,0.32952533035523457,0.2583985878846027,2.420166564458297,8.307916966488506,4.296969356028198,0.15426579302136023,3.1839174151457805,1.9414726877206419,8.802830074590453,0.11565569826965119,0.43035343938923054,2.8271064335982334,1.5683010069605725,4.917310511039654,0.6665254031574777,0.394368120153221,2.5138929367046234,3.138331234920704,2.4711935424971845,3.6078718290492438,1.7576398972996987,0.3814643325960816,1.6044765369107628,4.076863420980739,4.672945809940964,0.24797081717070268,1.4935098019418767,4.598140215800391,1.2671526364506547,0.5941701867305318,4.164378191110657,3.563520691820181,2.945129012451244,1.5454630465673271,3.400768281059975,3.734065608393264,3.907418947270515,0.4970202049074081,1.1492247763854528,2.3127880202036666,0.15789392684383108,4.60616513175991,2.0742795985644715,0.6411126342721488,3.1105384617199165,0.24023947297880333,5.264051019574981,0.04570209753596344,2.173052767630148,0.33319322222533776,0.6725669240065248,0.37466749826111845,1.2270129057692625,2.1795984029283773,1.8539181775631612,0.09761918834356464,0.17807094497404719,8.300044786230082,2.0769808214584393,0.5139310402038982,1.330763289635337,0.2556111383386406,1.817742688836062,0.6956061961155466,0.69994634533427,0.36931561537999125,0.020042638676639468,0.017182511190743183,2.4101937780557376,0.8447921996654857,4.754548009542978,3.259441976474673,4.503729330319617,5.764729018313594,0.5054098493102801,2.228792201789478,0.09723980059210868,1.6076673167138087,0.6302005971972487,4.79992638107109,1.0731185288611764,4.267451356921976,2.432982684313149,0.9122002994560985,2.056441725923655,0.012580839032029334,3.3839832973136037,8.061304122334022,2.2775013066748038,2.289395964449885,0.7282227409131397,17.698969862754158,7.736620341983874,3.7989475826275116,1.1790345607924868,0.36423399793324884,2.8979075717089096,0.04802720164304297,2.8564272138424105,2.4702217743516615,2.045537114150981,0.4143197993768517,8.742340385396757,3.751716327475318,2.810977789220176,0.7430599413813876,2.5151835198454666,0.11387435133761814,9.23372130992404,0.46766065466105255,0.9686921041449761,0.795458844042736,0.11798515895900841,0.7401432922487392,9.321727185336728,5.064482561533118,6.719878141190636,3.849408037911024,0.16341915983063104,1.0394938467399313,8.142855678178073,2.545078980258575,4.005331656622239,7.242411585382477,4.218583107852716,2.7057919423495016,3.082476801059865,2.39069476783886,1.9705462715672848,1.0907245526094762,0.7101968149418849,2.790407629200276,10.083835626393508,1.356294523795548,1.458943231617639,4.425865633501482,1.4178379303433002,0.32828885550623976,0.3932243630727774,1.23912383455312,0.15846925715558235,3.7726985404232445,4.3947159791695825,1.3287762293411118,0.3943495798331649,1.0046110123498218,1.844444772858472,2.2941248594448735,3.754203491520511,0.7085793004011246,1.4957689536034142,2.716054261393565,2.6814268387397573,0.5812524510670496,3.1646632305037636,5.101594627220617,0.8946423509097297,3.77778466775925,4.867537165901818,1.1973420867322446,5.933187341959215,6.784042505893,0.5596146354033598,0.5245105861350625,1.9776113999280163,0.6433576613895347,0.3842829210579062,0.7033725712426433,1.565763117680838,2.6954468041294652,0.9347740401504538,6.2011647109012085,0.238754064629898,3.408017587184579,5.869885692841174,0.04755333737576528,1.8048812839260413,0.5006580141796579,0.12981043197396813,1.2146887326304103,0.23039235601020502,0.3090789604838946,5.641522512463883,0.598374657824269,0.925195692171991,0.3395185103201266,1.0868911625863356,0.021183229259884584,1.8777828888573875,1.3284137902862456,0.2233461176003812,1.6252709699282866,0.04229888533533588,0.8843034834369505,0.1233409121148763,7.265015370609982,0.030430549782887617,0.9604785719242583,1.7513365069765225,3.472298269222937,1.8406398182920332,6.556019631568076,0.4435242272147446,0.14137535932079004,0.660108715975241,2.3021814768011186,2.800469199188883,0.6341221818409446,0.9292773289947571,0.09667897178915164,1.4087927874036081,0.5514204374562963,0.007120447272581876,2.101780251340857,3.9840799649194487,2.135056525876907,1.9623538957902147,1.9685537288752648,0.32136615513460454,0.20301217787502424,0.07244186325989355,0.06506441982482247,0.7563528483731164,3.7864364058108744,4.6125740021149335,0.41735256919952646,2.019082914208655,1.5908576814779427,9.08693356136569,0.43055570533798027,0.07492086566897499,0.4270467452023139,0.5034743489803264,1.1874668061608382,1.6846403612465677,0.7226351870798187,1.8310356365030698,0.20659630234807014,4.246671304017168,1.8936237252090011,1.7102544470876495,1.4659227048422263,0.813061915480364,0.610117129233623,0.9079544477960118,4.023827437860652,3.8965955635291634,0.5186039402002471,2.3697382420646114,7.250847284538089,2.6861858795964046,0.4421647508860669,2.6668673042897653,7.462796866870368,1.7823293702147214,3.3438245837414042,0.3044732322493795,3.1976762289191205,0.045923065994941226,3.0847980073451238,0.5194907553158574,0.4192073583782543,1.059940217032861,2.551549616819123,0.0801079558692499,0.5940506947156725,3.0110000847214495,0.2538120271487865,0.9195148024802786,0.7814954977827677,0.1789558806116558,3.02773584645504,0.07283882931232832,0.40592752813572064,0.08650567308002821,0.0954686035724257,6.679552156679742,5.807566566921434,1.128224963684087,0.6599202864547706,1.6134306442732673,1.4291349627139973,0.591810151298757,2.0383795112835092,0.04801401894833773,0.5464921846016156,4.052428035795799,1.2344164062212186,0.42788040356666834,9.202716428050802,4.173856973596995,1.4898251608326463,3.675478295471692,0.7945029956661338,1.6252548649822431,1.0362111514852748,3.9535925024578527,0.4635595446024626,0.6635021134516554,0.02560223251541105,5.940210199450387,0.9207298630978791,0.055062732602252584,2.4140263962451023,2.271413383088367,2.8750337109021684,1.4660790000148392,1.214060257770972,0.8905303554889326,2.6954557516480753,0.6790802319398352,0.37907014155303553,1.2751224472331286,0.5206811151881443,1.782294656349846,1.7163257680706918,4.90050145436937,5.687582422247374,0.2045393412544756,1.6572308999245524,7.795456335011044,0.6261242643360303,1.4727441556269816,4.189829849591834,1.1496774960144784,0.7889714834316868,2.1905180279621397,4.019919487554829,3.0656123819933927,1.0157723868731963,0.8803158361123251,19.172285912032358,6.704493825692165,2.4105410159486302,2.6527699575666603,3.5820676026582268,1.2732923674718264,1.3553298754542018,0.41220199285764814,3.7741888965763253,1.822640270711061,0.9751680696998382,1.911138577976806,3.702256262515888,3.1709532155918057,1.7439330416050098,0.3790958280311483,0.17824235505355968,0.02835303356927321,0.05393893962296792,8.383048056883727,2.0391254278238184,1.179661260940756,1.4938973792903725,0.49103244121415646,0.45987976688134635,0.9160163257687826,0.534800009252804,0.005558157629987015,2.541949776449474,0.05902067352076645,0.4125563721450831,0.6449754328176991,0.5241060537633726,2.903309518819373,2.0374204123831365,0.7871965067718196,5.226736088022224,0.37003330978523064,1.9009785944430178,0.4898106963898208,0.02962484480635963,4.414258262322703,2.0026360805388927,0.9471448983862856,3.827538592658414,4.045995935686426,0.8035428591017304,0.5623290040498103,4.777370146587252,0.4268111867972104,7.623244558192809,0.5294695913673266,2.966734268529804,0.9567386633992605,2.6786765131161197,2.403945484876309,7.0364262667151145,0.805586105606136,0.15909689715227593,1.643357598081438,3.035436511640713,10.592461844403877,0.18594528536242905,0.01986200659480586,0.7599213767898936,7.346908509879627,0.31423728511980276,2.9763383346473513,0.26874204099690235,0.8832694983023025,0.27006029153163214,3.43060104760505,6.199123358141075,2.677555158001129,1.0343716732986286,7.606723836356572,5.863818317143065,0.14727300262205723,1.2556566602676162,1.1323970895015039,1.3320742020970382,0.1789877417295116,0.6054517451792156,0.04363151788857844,1.93552103996886,1.3192227387785898,2.3728076602526986,3.48318909779482,0.23529223060036453,2.4543358663206156,0.7136643895429451,0.08431013213033234,7.49544539656859,6.289639492700099,0.2027336576547396,1.6711804946519146,0.024163792264997652,1.856697444048082,0.49239540148274186,0.3119104620377997,2.7386247339213248,1.7390352387762464,0.027986509306644924,0.43732261906540004,0.35948659689357687,0.034691123814581504,1.2351587876647891,0.5934250777917887,1.0611892776646634,1.6777365356230822,2.1854735882854763,4.273687115665345,7.7325130563694096,3.6373782108319297,0.4590558477682388,0.39178675784349903,1.9783348332910435,2.9058166046887433,1.960429124617625,1.0997366578304641,5.433926971485336,4.345198250834336,0.21323791099053735,5.001829679605165,1.1319842942596123,4.438108078986401,2.2949685640067004,1.1618327015393974,0.2092595223611966,0.5618123562532558,0.09350154331067317,1.6791464698643517,1.6628937107530581,2.895061966692758,0.10777203412505054,1.8867170455226079,2.029526823872322,2.6899774194726875,0.037256766379880624,0.3384480189369208,1.3468299547685865,0.30951997551021293,1.5244001580291,2.955386513102544,0.42324088487934286,4.028360692088438,0.7307803537178224,1.5369124607768756,1.1736975422675746,2.465434248618193,2.218229250719544,3.8532577777464074,1.5227678404999172,2.1923576174433768,0.5830650335050684,0.2267290246138245,0.8048409321366666,2.981533381629096,4.490406642187609,1.1717514898373351,1.0805590477233955,4.903914821327367,1.9774512008278506,0.005853586017146362,6.24553720973765,2.193601313535455,8.691668235710415,0.15117702914968367,0.05311003227011318,3.655083688972645,1.934824332448137,0.6501591387165275,5.151063853972547,1.9681919680745188,2.2546273503024894,1.2704435347868115,2.253053181114187,0.9566273431140245,0.13519561995826002,1.0859539618752323,0.24485916745939384,1.726383318004058,5.251579900202188,1.5573735736230163,0.8752867622822933,3.6883982634943653,0.11476923878584211,2.3428719525272825,3.609567449263815,0.1473268598312476,6.785823856725933,2.596765615905534,0.4068298030865791,0.03879001805578297,1.0873698191111398,0.10745915430360053,5.060325687246799,0.08431596380832707,1.3906473218752666,0.06924817970781805,2.46861135223095,0.020586824843052076,3.6059958658260634,6.588988778033229,3.6916481851235337,4.191762526075303,1.8718738369079913,4.576129433165126,0.0552030849047247,0.7133125011908015,1.24260320598682,1.1095779942526534,0.3529377278680379,0.24593580216995958,3.623802620288135,0.9177757339415584,3.9535386543249698,0.3594804327814285,5.0784110139688385,1.3817562041495517,1.3309766194536348,1.4370861055781252,3.0394508577832786,0.3895746573462362,0.020638801376804627,0.1416212229083877,1.2762447478553487,12.553072185896037,2.1204713517890834,0.4028813854693718,1.7246703576668112,1.4994372014919506,8.057319486370785,0.9689684401880707,0.5556089523358809,5.059516415022419,0.9799895319113151,1.1314035867721728,1.5996975894676968,2.5163543062243834,0.8483961066876964,0.9280477653803985,0.4552999817231056,0.6359533849339909,1.3479249265114353,6.9446187706884785,2.350682749145225,7.047966990506231,0.9368090274491084,3.1672324923799606,1.534852096796497,0.3376644282675948,0.5858459970196144,0.34389167003751425,3.1297282000762525,0.682865251177494,1.370472735242699,3.94054527444531,4.88729982367709,0.3394112176626791,0.7260472610637247,0.8021656006096554,0.5195225800482364,0.42530901178662495,2.513356476319039,3.5476861687535663,1.961558228815127,5.186305836141839,4.038578326634077,0.4808202854910142,1.5120983892661917,2.3007614574051884,0.6487989165092625,0.4160265697150405,2.59338138858942,8.63913603867869,1.0252865117019758,5.916654345930184,1.5938082606585373,4.316559292137448,5.448938028509018,2.841586439846755,2.2871693318074424,0.470104842552847,9.217092084193595,0.2996484341648311,2.767072124626041,0.015528125134742998,0.6835543554988459,1.3509248264077625,1.3585967814558337,1.7371939296701002,3.682720400949431,3.1653619007553555,2.97404742426934,2.567170447015988,1.7467235758803512,1.1322433412697506,0.29691438079203025,0.33211975519651427,1.0575771199930757,0.6710144922581815,1.0489687790639468,1.583115218346916,1.5778744404048477,1.55350126639274,0.8437605870242271,0.009031905259218043,0.5771072004435935,0.45881950586884446,7.415757369846827,1.2032434806884114,0.3336787861348842,0.13644838446236307,1.0016638633823423,3.8420106916550987,1.8107274128728543,15.109541326185779,6.1475736850101415,1.0631782696606296,3.843569678676324,0.17301056462635866,2.904382417878091,0.37618471517729984,2.3035154761533025,1.4283997880131798,3.5968203636872813,5.043783127867886,1.6524576963345534,0.12403556052495501,0.9287695698009757,3.5972396460808325,3.403716068697307,0.38278799928926677,4.3434428150268705,5.124229764711073,1.1640360582461704,1.2492148492452686,0.3144429278567057,8.219872025212304,0.21031097431122825,0.09939204562341564,1.0902507879560912,2.3820407405726582,0.5653976735125945,4.765643098056129,0.4701693448819655,1.7918571927513305,2.400399523282201,1.6059309866699418,0.4442000544503302,0.2672291785687555,1.0088410360135582,1.8747741352393894,0.14796211003341053,1.2204204606612843,1.024329538056143,0.23022605079315994,2.221897019869343,1.5022780013424684,1.1357972589352059,4.761210645742416,2.291170743123626,0.6700414900504956,4.476152984225137,1.0163722597879745,0.6504130596763651,2.5421530973131374,0.14056702950520406,1.5868402960575836,0.000860074072771333,1.5739472435714505,1.0136823159067605,1.2312936925411537,2.823442277636326,7.119086099945492,0.41386945158800337,0.5116524933908821,0.7410273440351007,5.296007060546425,1.8835079307262397,1.3089545664356488,2.071290483816404,0.05031323711720853,2.8922702553080137,0.5444985600177015,0.5772744458260483,5.186525136956684,0.13338878411001615,0.1369227590189075,3.04554188114783,0.5479497446091941,0.3559813168676653,0.23236516586570044,2.7995392509389765,6.992968215917328,4.069031055689055,0.13994247125548753,9.57755611129332,4.48348954152895,2.3285044052324775,0.06780286033601701,5.681040981979434,4.231407414298026,0.7543089621620331,8.048484364984148,2.569147125310633,0.21177627557112932,0.7440694062250715,1.4694567272330636,0.16678910006636136,0.8164207122040952,0.27833578164065775,5.25409836078493,0.10502668466298926,3.279147330031536,1.3829898584131213,4.508053837727203,2.7607139099239983,0.17924415221032675,4.6124956882953,2.0494415885828845,0.7338735890531103,5.999580335716237,3.846512269444509,0.09086883360435438,2.774513686412397,4.366348316027162,2.339114507253768,0.8887173847501533,1.1500593386655726,3.209648401277472,2.0986704621975845,0.656612363234891,3.6847072742257847,1.2392931510969727,0.7424845916388142,3.753331569873211,2.190806425720197,2.813441175758229,0.024489753435172568,0.31392974961021514,0.30183301032003695,3.457577676149258,0.2281983369288514,7.021032087133074,1.18661219745933,1.1934421136946083,1.856641101657172,1.6343584292786935,0.7276307633058976,2.2337838931957847,3.9259218922267163,7.424437086340236,0.16023588994219362,0.07468082773652646,1.162315053486061,2.808277401809786,0.6372366897466417,6.1659639853387525,1.579885373300137,4.064480011851375,0.09348376126652713,2.815854893325093,0.9361894601433813,0.5294800848358548,5.440308126094726,0.016676239338439425,3.5685817672717492,1.0035961282961912,6.139214691872668,2.461452222470614,1.7031493262531316,1.0307597345628614,0.6864668194865182,2.423558294691506,2.776221470119542,0.9802405889224044,1.3400685414502873,0.027269217005535307,1.7122257008235002,1.0253168103425523,5.827455095962367,0.302655882860015,5.471927125876608,15.218258869323945,8.462255347010853,0.22143524802091274,4.472438422249535,0.505829152830988,0.975860189289825,3.10551375954637,0.2858885235300064,2.8975521460401765,2.3294792464689267,0.34039050549580274,2.4486002288577824,0.6991287927549363,3.382961310078416,0.40846153471859914,2.030887520988224,0.8827216936090827,0.010024105836290875,0.4445067942186387,4.333526693781998,3.2124853616124103,2.364830937936255,0.06144537312169218,0.021415278434406715,2.7757745579293225,0.861502791431461,0.4220712225643011,5.458742068197178,3.5415097938456648,0.6224384655274716,0.5092626678936889,1.3679095086961177,1.3271390274628587,0.9599147455498511,0.826928170065381,12.431435236223663,3.504821790870578,1.0513208974958905,8.133865750890815,2.45142406371035,1.6709563075444591,0.43610493831812924,2.0730480782747724,2.924585685496343,8.523763853428035,1.5120959093633126,1.823679054852393,0.29240004154602395,5.961710272825237,1.7260509310045937,1.1850721185766413,0.0613303627017035,2.250184643509448,4.499043997195776,0.022307745840144666,0.19048688518438106,2.8079055488266396,2.295083344635314,0.00013697134199408545,0.033234998935135596,1.2051297175817495,4.380960679371271,2.0694185123209605,0.668123367062583,2.5923690537084125,3.882171855825754,1.8902676318425389,2.406330467363346,0.5958628317103085,0.4976150518874297,1.2121598403788143,1.1718038559682187,1.5661986221214834,3.287176826904549,5.964200352454629,1.4744355480187772,1.7465805745036258,0.6485675944626981,0.030691144351464028,4.921723465980525,1.127725855163863,3.0733053392169962,0.552609046271392,0.6891805775529574,0.6419379190427338,0.7387936036841878,10.306553607848118,0.007523584836307329,2.9134270825239987,1.3079848653479804,0.48855563043745454,0.7459117352094111,0.05553988382243258,0.027691968802739275,1.8267873562369497,1.1655235584195982,1.184509418466632,0.024675725840325402,5.443830249368887,8.238508217421414,0.5452192824653666,4.816271713573881,6.58365946927181,1.3253407021320667,4.4290444937878455,1.0816586533106063,1.8105541529481401,0.06538103479032009,0.5003081934649358,1.408373519486111,1.1024759298446452,2.8514506676497855,0.048311321236681026,2.0929105079758115,13.518891165974441,0.6314741628932116,2.272501761433972,2.015471771083094,9.19679876079926,2.023987548812255,4.007539402513865,0.7253442058028776,1.4042567898648812,7.072064050953467,4.498178742178198,0.6539451985868627,0.7095045742830861,4.696852530437211,2.7309862270998364,0.02228713302940255,4.494556522536525,0.5189009473449657,4.141004772171264,4.219633659406444,2.454465560567723,2.164773978302939,3.432534970906838,0.01848420018007868,0.6141533742525247,0.5706430614393248,0.09233048138949895,12.391292986457199,2.258719900840477,0.06083707210583289,1.5010514262394594,1.365523504539401,0.6197980370571963,2.2241013490161463,3.19447021067271,0.8897117212679486,3.552022408866448,0.4046814533569134,0.13858004701348303,0.11511559733421162,3.62393330382425,1.133623434337603,1.703355735664903,6.166914868859866,0.15705439744871996,8.864273853281441,1.5695495568003257,12.287102279730542,3.966159817456432,4.7742847227778835,0.16803927108411743,0.15210273851275513,5.024295316900593,1.4917437085178227,2.870312908844119,7.1071474200342974,4.376328244786034,0.08082679179751939,2.484852280388984,2.3672009517748105,0.6202519227367258,2.738748358015002,0.9423523589866591,0.8027251498487901,2.6085543608295945,2.1720845082797435,12.739270509539827,2.955091174298049,0.8574140641055723,2.7707419699991713,2.520926949565853,3.5825958499584756,0.05433788172796805,5.138344235532322,1.127204968067942,5.3489396845081085,1.494381834411136,4.083345163764045,0.25067436346783323,1.9336697357791681,2.7524285709823846,0.32527833771516546,4.116223849360674,0.620527557995322,10.354058809028741,0.056153018317405934,1.4732184900203034,1.6373338148367638,1.635954201975264,1.6410480509649026,0.007297598992156207,0.07768657959442082,1.1502288478085103,1.2743876944183947,4.159388214218179,2.214692338877457,0.03518974514814799,0.9696621382141265,1.1699001385742107,4.844932795960874,1.7488626525982254,0.6435122365824586,0.4877943176700883,4.721471651056271,0.14283243828591852,2.4946215112167756,0.9401831325167251,1.3652437628501808,3.392312994560765,8.408463036839619,1.4616805710395502,1.201084450708632,0.3238710027666025,5.028625081866388,1.9325972568484604,2.2018255537151914,0.5775070351738485,1.7771192966943508,2.651029809719341,4.097905318365842,3.9898551133211253,8.03056521346202,10.718837656848045,2.2721434098344018,0.564336762793372,0.4303128910914693,1.0892740624299895,0.7527553139528425,4.188582070499593,4.995287536962124,0.3860680499269127,2.2678203826837082,0.9199867852955563,3.3039685775643832,1.2518362923436301,5.065175944090818,0.4716062401206178,4.784122010506366,1.9057698117520625,9.084828487592894,1.360255911387208,7.666079756633712,1.2684746380895997,0.08061581105373261,3.9360451962728673,1.3513796850757043,0.1689587655773499,1.2454406940097509,2.1533813325491944,0.10389120091940818,0.06399537129254651,4.292262305926564,0.031172371355544737,2.513768661649269,1.1449974027509944,0.030478635908679774,2.4722264424903186,0.06740116247358241,1.2901343186608907,7.865974317401877,0.03986488836649982,14.80914224360496,7.29748888315819,0.3907126199392923,5.006696420897259,2.8347150840439737,0.9915960212251868,1.0042765569085177,2.043705699558658,5.442954337960106,0.09768271857780664,1.1460921032209077,0.24347883569259093,2.3896487040780263,0.3005288286363177,2.1554513876587964,1.9230458353169886,0.21421160777241566,2.015744364641008,1.9881896167528441,1.0269587315442883,2.055769335393668,1.194112673071043,1.0811654589139605,1.5755229883337412,0.9817118637898572,0.35184715764608354,2.856302203727457,0.21819423009734223,11.29227641602791,1.892908496412316,0.6986666180617127,0.11691214434774189,1.3902407632174891,0.29328699790502505,1.0661558781639364,0.6212523988964807,2.964462501037574,2.043545829303148,1.1151961801721917,4.288095324541928,3.3714129982346184,9.066338317330581,1.6543355803441426,2.051148602796488,5.979391538218151,5.358374032094279,2.9484912629380564,2.2715888024031132,4.136606969563163,0.12282978192124094,1.634323819910267,0.038361935713391526,0.8482114693125806,0.7555756821015178,0.3524094241962886,0.8331869736502311,1.7843882249402876,2.788823387397521,4.445027027186247,0.14902521068335434,0.09618739626893047,5.263760435621805,1.260066181911998,6.945667614770647,0.8147850756118749,0.017160709713637257,0.007135507763942228,2.238785002553932,0.39454234031586743,1.4425533368777346,1.3852804970692945,2.3925394797061554,0.09577287360220876,0.11403646502077963,0.16471405915893322,1.4725089704462984,0.8656542823358713,0.703746408111475,2.157614458793261,1.6051662324578873,1.526157399594383,2.6670352378043716,0.10909509924090421,4.3198804900789325,0.07596448591351956,5.0221768100474655,0.327531657998284,3.7580599480245165,0.3240556713427344,3.894446378181139,2.1442401277561545,3.397618215611347,0.19731951488330846,1.6705946689612217,2.0930356258406593,0.06482849522911227,7.806209592152872,4.758945253899627,7.471936670841357,1.1469115665939693,4.385703169756717,0.7095839697635462,0.8633721315477081,1.1485181325506948,1.5525766385214552,3.8192182966313557,0.2608233368222015,5.153503414222968,11.656081924077922,0.00839833053878758,0.23718400229112857,0.9505502027642634,0.24465057709530802,4.105005020662319,2.9987239471623055,1.0548078021286598,2.9670922165856037,0.32004158392738313,0.048092210111703615,0.1991955852801981,0.20259808791656564,1.8102487287789994,0.02304983044149944,2.5894899021211453,0.7159316309964918,1.915544453993852,10.635795486666137,0.5117441934680339,0.5724907142759608,1.069913084919651,4.858460474286069,5.701819956071953,0.08055204672333449,0.5860988498107633,0.22253104318869532,0.12765466844422022,8.179582633939448,2.3137918469395755,0.18024244855897265,1.507423356776385,0.2839329148927222,1.3597915007631856,1.6621182915467922,4.834316571151843,2.095240552766534,0.75734333184949,0.3116237018545942,0.3741791075578502,1.440747267434658,1.1367720018012046,3.624098960651698,0.4538682491863799,0.8903648636644796,4.161383521603154,0.8384641095075891,0.03971454115211509,0.17253910603992928,2.6332135338286298,2.320554420748145,4.729980141955991,0.029346526368954073,3.5791344116210526,0.9223691166760983,4.860300553895682,2.3969176051249894,6.835049218495692,1.42029057403219,0.4399057084623541,2.739061997971288,3.388450397138946,0.18263398341276382,1.893587705061798,0.5703603119382706,0.5989022303373588,1.6109327530350148,2.8724490544488783,2.6020433349473215,0.993344693010596,2.2993102846670275,1.6721175535424027,2.4641589779503903,1.6070674774382834,4.969501807197179,0.9407167278190287,0.6756007112167541,3.130721195359716,0.14203970695652757,2.217496173220143,7.28916073715906,0.4043672064501639,0.045725885951740985,0.28591810642856696,2.6151284527043437,5.10553751204913,1.7378818873777755,0.5388111508364088,4.603206426087873,3.1888110285543325,1.989690297115032,1.562678158243916,2.292576291525529,2.403663912847668,0.005780488815843032,1.3499895641928368,0.14743088992207487,2.823090192023429,9.65517926270771,2.655747350407299,1.871098359836936,3.3305034554889654,0.2276433477430646,3.5368688029940745,4.902513925436084,1.5684779669407134,0.059846722848036826,1.2699665394491975,10.326956867567269,0.7064957191825625,1.7834830579839163,0.07474061488508887,1.5221193830264346,3.2267911873956043,0.5494914478153605,1.6898239621369686,8.885812278786387,0.6657617408873893,0.3557693607612511,1.4399157699421297,2.341270590147824,0.13484580565474957,2.4869938168252705,1.8636145091166019,2.6296604664557424,0.24901123705749084,0.9915376475693582,3.6163468882115595,2.492954879077895,4.52468767300172,1.621897759110554,0.5333813363736533,1.2052892195292164,0.802570390962638,3.5216721447761183,1.148002506309753,3.6173493523499514,2.2597539711916106,3.4320074158967913,4.87004780970782,7.695725020140261,1.344666959287102,3.937919129479933,0.5647664843585801,0.02495735651483466,0.27925837449029367,0.03072838359828478,2.3953516165880377,1.5486280054122772,5.828385494132091,0.8192970277787412,1.3507157606368025,2.413109702684259,2.8750295656717704,1.8866832261473419,3.315652701612216,2.095550862196513,2.3826923870931225,1.6050532672876405,9.3475252637836,3.895847161235373,1.8960520340779579,1.0166484425918871,2.3857488446347395,3.8564345380212517,0.5102049879377781,2.825198322592164,1.408974193222961,0.14878764267856648,0.7774187482737633,3.004357303104179,1.7284832150255962,3.963374905151076,0.4142197244113044,0.9519570482866755,3.108234193384985,0.34667424824929327,2.18594735985424,0.15386950684255352,4.775988578108713,4.427929193469611,0.10495147209372302,0.08152114527479037,0.43318579073559116,1.198978804513235,0.23659381534897062,8.73545174776708,1.7672025419430688,7.9987087152564715,0.46909641243667705,0.2952782939368057,3.7306168723801854,0.18947215069745638,5.6515155349956,0.5498627154441218,0.8715625352100678,0.5488351854110849,0.7779377369435122,2.7853184881975563,9.111520614371836,0.004142140002257211,3.906645883870916,1.417544107532871,1.3639692128557903,5.06676588485916,0.2413357252301963,1.080368888961248,4.411682680245757,1.3177899779180349,3.4659095942820537,0.47021333315729263,9.71715067093669,2.9643540051412978,2.048225739289407,0.6247620484371632,0.48384960023204504,1.3767407671952103,1.4957835066921796,6.149673738565129,2.1227154785862488,0.7546401084083261,1.6618098257022538,2.4456499361278845,2.457258071779204,4.113779561071251,3.0177289284127085,3.0626697331459685,1.9102040029658882,4.199906099332043,3.0293668196608685,2.904733576838516,4.198874530256886,1.4880409675543684,1.5665869853750132,8.104041227396452,5.5200859414961405,0.8347351450503937,1.599000148729177,2.1214474520527817,0.5717550100585188,1.3275316316991437,0.3382387555544675,2.47631827225312,0.8947494181079376,0.8397460426342738,0.38555420682156805,0.0573651780495994,0.15716766580544117,0.19354751562778105,2.0482159975860625,3.470067977670955,0.5488512293738572,1.5244563263203954,2.092347997444238,5.094752636223372,0.9866194028080503,0.32297765949313084,0.23033803319803114,0.008154924626716853,0.17866264583644442,0.5003823338287575,8.088774491298128,6.299526616940067,0.1739814471110117,5.631248013910511,0.9697651440776105,1.8594643497406378,1.2642715204215809,5.561147951621763,0.7025453761559264,1.056320267612074,1.5146790367375802,7.084236597401401,2.733135023072298,1.5858723000724442,3.9530168993471575,5.816540824262968,0.404389268270952,2.132455032601805,1.9982871199712562,2.0414865674749585,0.4266157539853459,3.351016782854065,1.803832004513901,3.0959183305423577,3.3175539084028562,1.5192780487203121,2.141767596307637,2.8394487407127196,1.766577766826675,3.715961956180914,1.558458615304148,9.499489903815343,2.028777192134801,4.043182371394496,0.21117827527260258,8.65637347518507,0.7108691691104281,0.34242559645016324,2.6010872447908193,2.060144324176641,2.326784779657362,2.385170959625718,3.6657273920412585,7.2968913619857965,0.11384788300565807,3.2129700315313565,7.223475692683168,1.4852312496948699,2.750646405903998,0.004331077254470905,2.69427463344188,0.5479178481894111,2.6620682042556894,1.878097369111385,2.5302710304752534,3.666267535395207,0.9792602248159035,2.5292233518937484,0.21002694454881077,3.1464031440030134,4.107903091381504,2.0386115734773567,3.9586144300942165,1.3901819878159032,0.6851393432481534,0.8546995857757386,0.21740759346905136,0.7776606039522357,0.10233651130311916,1.1840925743074049,2.4677517892913428,0.21677632512723033,0.3857108087146879,1.8606503803213479,3.1612520245019717,8.940105809565557,5.650399055314436,3.8696910914262865,0.11793711499841009,2.8477047908146997,0.6702440520282984,0.5962261126365102,1.9520653609564205,3.658077097962925,0.9013250077354673,0.9440369306028324,0.8380089129176385,2.040818910751021,0.6993656958250926,0.8649279703481505,0.036189979937095496,0.37915949190784914,7.279671382584093,3.6222884501455286,2.8854905379600746,1.524231506221539,6.365490721736632,0.19353910060365043,4.430095275914573,2.4233849095986084,0.34284443412122856,6.190791187344421,1.708665860040203,0.09841258476016157,2.1981772381054023,0.7543776634961927,0.10160102646613245,0.9149327723148861,1.6319344137778837,0.3626317367064409,13.603752604866017,2.4451609896779924,3.5386107265806834,0.5354822998809643,1.333102940932132,0.008962981671337578,1.7773131590070068,0.5529696483487825,2.4710350660145934,1.7973980708086632,0.6293526120489188,0.3472349859247653,0.9633413706066494,1.974974330080029,0.35659800658122554,0.36870213626082693,1.3029518732885084,3.506503818789464,0.24743900863390955,2.1968652699717675,2.7189601831008066,5.609194740437981,5.881243433059428,2.248214387153883,2.687357700027637,0.8549089560006785,2.177389394742347,5.655402915697383,1.7056775118328331,1.0138274010011208,4.073579653479151,0.8380329534678845,1.6142113483907972,5.369645900677073,0.6787535429695053,2.897904467515904,1.6355168700449387,5.205382828502678,4.782711933072774,1.3426043936654208,2.5595726732047477,1.6760835765049669,3.8586615804177624,4.084752420761127,3.4766849687659764,2.7803188650689847,11.561240884717538,2.222819134859896,0.06026080897940389,6.4899195831530685,1.2646226760208568,1.753412292173812,0.3902246153391391,2.4347286223270985,2.50931702426088,2.0013675611121737,2.2378730076460718,2.9330979505288832,0.2653382545974283,2.0268288356396846,0.043464928760958976,2.403312744477983,2.3784873788377325,0.404064479746325,2.519984323787474,0.771305514502492,0.462488518613029,1.0641865794605123,1.9399236646756073,0.05755817952557907,2.9099287719799865,0.1673003676345789,1.3322689924686717,0.03818556335739287,0.2682759121192829,3.4698963664732005,2.274074548860713,4.416330203371843,3.662585191218527,8.09933556770096,0.44782408503121207,0.16416018230131169,9.894582242362786,0.059419608063706164,3.231630901001948,2.6428314783072553,10.971644498578527,0.8491744270812478,0.26917223167971716,0.3036553627586216,1.0298878768695148,2.3289186355333222,1.6088712604400943,2.8486617802880128,2.7313923595353056,4.948941601099721,1.9309392215255914,1.0052342965273882,2.120218086579776,7.1575651648276795,0.8723019778654175,0.5930447959270659,0.3654278560242421,1.302396071669774,0.19252554343383088,3.0327345130721,0.3378415248654145,0.33199864675976465,0.02803165296896215,9.240629745661735,1.8945166900414154,0.7960006652807947,0.6178196667335079,6.232046564370439,3.402435387967729,1.0342280244178208,0.18814021389123647,4.713168523085436,5.190121951018669,0.8299050896323994,8.108512038675462,0.08323744464045435,1.6815065655235055,1.7340249455540346,2.047929659677012,2.108883356899412,2.0178787564075154,8.063554063406789,0.5041789365783644,0.3570258099491814,3.223352597833435,2.9504842168907337,1.9407318949005297,1.7611381739469085,2.487186813489248,4.128265599664707,0.48706463734440764,4.986157262923429,0.451544702474012,8.046935309132584,7.858718074761777,3.5690560764769645,0.39390302826526624,3.4403422182961165,1.9584048555487954,0.9820731732597463,0.6262308992117378,2.3334207303894017,5.984403369357496,7.137974501991587,0.8571150372658889,0.8435252248421911,1.7483813727103246,0.7025398013236055,0.4036436624795918,3.2708025358288775,0.8300454238629471,0.10591769393045691,11.714870284922338,0.6882750003825711,2.522057057941799,0.5589750398376325,0.4404503230958916,0.640146083493506,0.03894379485346078,0.3693939643140218,2.6666738266924708,0.7268848987634913,9.273377341431337,3.10925028193674,0.5476212439959234,3.2940246199651573,0.41202557735760637,2.6678037248492887,8.899040428727867,1.5708964776560723,6.996575967190425,3.1611875646087215,1.319455735790327,3.863106665073514,3.351588584299904,1.417940781334011,1.2305944378268836,10.602067042540423,3.898915719679488,5.653281099765255,0.23359199360868432,1.2111371044561237,0.10866281914766018,1.245450128881285,0.13912802395691237,0.531375041969009,0.8210355506308995,0.3129178988823723,4.012099659256695,0.48340164040791245,4.384582416992552,4.078740826523423,0.3227699270559361,2.4230228459347654,1.8478238960749156,0.09987285401414081,0.19661816369305096,1.7882998423379126,2.70771917146639,0.14023720091952896,0.027587662654022793,0.3681939902789817,2.746014848081083,1.0038111027869083,0.8517119805983785,0.9918871534974674,0.14781221981453418,2.038051200347932,2.610706692804305,0.4432923200383274,1.398808208372893,1.5284837006888534,2.251270205779853,3.030895179438297,7.193746717180763,0.04763229330383334,2.7591720045409804,0.3502729039879844,3.1251077590712995,1.0179454669694796,1.2786236985028188,0.6584397803485567,0.6561845192314151,0.5257889484971598,2.7117543033917357,1.576819324842651,1.1442498198775364,1.1880014355209854,0.42946372923278564,0.6201946931334712,0.03650948445966584,2.2804574422293586,0.1958533798894324,1.3258440074859825,0.4067440710287622,0.12424647887675988,3.129063095028137,7.896846220823962,5.25850142276301,0.7436495471684943,1.0383630382824558,1.2721963294203782,1.4402067720732368,1.0054842272796387,0.15311238654687664,1.9946590979196528,0.0017728958667500017,1.4674105571698406,2.157183279087336,0.840626441767041,0.40447217976674943,10.51484970453655,1.9349530333767881,1.92759322325017,0.4032024057272645,7.655740664347255,1.4185937757005966,0.8760058042275181,0.0514888617861482,0.10520992634694859,0.923332466070196,1.4603808883529852,1.1784349714269666,0.6694930733004227,1.7898267327678359,1.421121663125045,1.9303774598334895,1.6679432892710124,0.29452861464743696,0.2741221580866364,1.0510914603898245,5.211327879207415,4.695249955480485,3.7584045369276815,1.4410292738180168,8.483176508603576,1.692955572957898,1.5896299977688582,4.582756010965382,0.6237299867011874,0.6154802500005957,1.733619230786777,6.946001984018908,0.0670365444019303,0.24113506543648788,2.155166999914953,0.8858258034209117,0.4406451933873994,3.721117284039644,0.17982182572274752,5.133542670505067,1.0980477866277638,5.942132807960107,5.421430463689329,8.153948329995467,4.6906064790450825,1.495582966518763,0.06862384618168771,1.404207082185423,0.7805441696923996,1.409119884507657,0.042739822499008984,0.8852006257718119,5.795041664697992,1.1657684148042227,2.6603542949627146,0.6692134386528688,1.7779524047528357,0.5497899856603912,5.27843623618972,0.6130231856251332,1.5364878652757796,0.7063667898667196,1.8507785122673772,2.3928424142807176,0.5826897355160094,2.182404832876321,0.19071207577413918,0.3861659677949971,0.5673745841961289,0.5737681040583036,1.0508204142974162,8.92602487850017,0.5073740942895358,2.353293325953096,3.5244456459649633,0.4627078819141214,12.144552747167634,0.9339322575633909,0.7000589070643812,3.205799907806468,2.0973697986488515,0.3333273984407179,1.665209290376592,5.248202478056243,1.0921811485525135,0.360280201389201,3.7203260240974823,4.72517721884956,0.6177330439719504,0.11786217159581036,1.3525744920254303,0.06180964875502917,2.3450731909575255,0.7691482845526914,1.3094989337600005,2.3198230068081482,1.4826068879713126,0.1460397051307889,1.3976879577115944,0.0008237299847405621,3.799998632520595,3.9440716141145984,0.2233282006642474,0.010304396907038882,1.8350984569093702,0.21054509305839075,0.008001938288446753,4.146674540815816,0.7823485068445428,0.6033442801742654,0.9178566758029787,1.314673576717567,2.330799887872516,0.05241530267459438,1.4787904152927562,15.4247501700593,3.358705353863191,0.6610621822544531,1.1894914763780609,1.5330120304410406,0.6131618231565046,0.3853632054249235,5.768371859149992,1.602656419775625,1.7008080886809946,0.033638371049601545,1.1344423607712188,1.3827505213800022,3.4801546622387307,1.3327109235597154,1.5021177272590553,0.16133724115134385,2.877365534873716,7.451102637248996,2.4061140476635066,0.13528718874484158,2.352537180766511,1.599288381932482,0.535973468431002,2.1477496755522023,1.1936549381814885,0.07713805245204597,0.398871747087998,11.13990636353989,1.1625672173372081,3.5678966016399913,0.33470069453170703,0.723669253549504,4.472366784056131,2.0173928281044606,4.558439697784845,0.7357776245235657,0.5550495077592716,1.787916931690427,0.7484122953256498,6.955412874633056,3.8376970155757237,0.12174074380017164,3.08272006640926,0.16777532001715656,0.7335433211345088,0.5421774425323556,0.14439543575445013,1.2110840478702904,0.35574624674812094,4.637710392360081,2.0234143698985303,2.518023626493403,1.0227629673018113,1.7855935943072803,0.5028722970287927,3.353365633316729,4.475209394791352,1.7673490164863166,0.06302368583111506,1.44082590039653,4.949736753389014,1.8863010039063877,5.950489891716834,0.005849725182830445,0.9055320423154862,1.222290957752806,10.938265851151732,1.3208752913960455,4.536434471297204,4.591115329403278,1.5936498400249093,1.2520892993562338,2.9303837291301966,2.4626816956678015,5.272681767239877,0.574093730752884,4.443085757576199,6.859550957935693,0.08679558349116712,0.48797845247830907,1.4362253070021829,0.3701788206849932,0.9203840771963545,0.23783434065093356,3.6450045735465766,2.9160183127058654,4.852175473545081,3.1909577793287816,1.4975724730845932,0.05412082260376305,4.795853260596051,0.09846680594343893,2.7338196125114114,0.5356770494237839,7.1257786394165,2.2073405810343063,0.2599528998814806,0.9898104491036699,1.8052463281378468,4.2076720441926785,7.954013689146422,0.17045582124954728,1.1226171762651798,5.12279792834526,0.6392422220754437,0.17754257779714644,2.9359697236250435,0.7045591042454835,1.7802881963416495,1.6173975413024975,8.148017976587582,1.790202205101795,0.5218163927660631,1.027917646434486,2.1871723970609525,0.02846945287226421,1.206461771166614,1.0164605714156627,4.929354756245064,1.1238913429096473,2.203676688352622,0.7181729349336088,0.10252871572582967,5.0868921066026855,1.9772018921690373,4.541508891982929,0.9818310639570251,2.091918306422814,0.14293794441602148,0.5615706267039231,3.745433775722463,3.5184505751643584,0.13628201317951172,0.25726790596711135,1.8984965025752283,0.6747753528875324,1.1188257871552416,4.714976771750942,2.6442411726644774,0.5204952563383138,3.4974183166684014,2.1519684634859275,0.7460740879350117,0.5818827950850464,1.1032593852019443,1.680261245575133,1.5828265101182688,4.368089133764992,1.3788247136529184,2.3188131737419018,3.7621046800202507,0.5658690112003121,2.50265452158084,0.9326490493231057,3.5598718296931184,1.3242991789994172,0.6932716247461328,8.990802796362363,8.05308014101443,1.2303429176692946,2.634229790448495,3.1697307512637787,6.577471128247247,2.200483100400686,1.1380840966029917,0.23612601506592523,2.308470626874264,2.837775186324413,5.22656904984113,1.1774406202030157,3.2582743880869884,0.15000479335621072,1.4642161314059434,4.580164967629285,1.191182210076207
"((2, 0), (2, 1))",0.0,0.0,0.0,0.0,0.0,0.0,0.0,0.0,0.0,0.0,0.0,0.0,0.0,0.0,0.0,0.0,0.0,0.0,0.0,0.0,0.0,0.0,0.0,0.0,0.0,0.0,0.0,0.0,0.0,0.0,0.0,0.0,0.0,0.0,0.0,0.0,0.0,0.0,0.0,0.0,0.0,0.0,0.0,0.0,0.0,0.0,0.0,0.0,0.0,0.0,0.0,0.0,0.0,0.0,0.0,0.0,0.0,0.0,0.0,0.0,0.0,0.0,0.0,0.0,0.0,0.0,0.0,0.0,0.0,0.0,0.0,0.0,0.0,0.0,0.0,0.0,0.0,0.0,0.0,0.0,0.0,0.0,0.0,0.0,0.0,0.0,0.0,0.0,0.0,0.0,0.0,0.0,0.0,0.0,0.0,0.0,0.0,0.0,0.0,0.0,0.0,0.0,0.0,0.0,0.0,0.0,0.0,0.0,0.0,0.0,0.0,0.0,0.0,0.0,0.0,0.0,0.0,0.0,0.0,0.0,0.0,0.0,0.0,0.0,0.0,0.0,0.0,0.0,0.0,0.0,0.0,0.0,0.0,0.0,0.0,0.0,0.0,0.0,0.0,0.0,0.0,0.0,0.0,0.0,0.0,0.0,0.0,0.0,0.0,0.0,0.0,0.0,0.0,0.0,0.0,0.0,0.0,0.0,0.0,0.0,0.0,0.0,0.0,0.0,0.0,0.0,0.0,0.0,0.0,0.0,0.0,0.0,0.0,0.0,0.0,0.0,0.0,0.0,0.0,0.0,0.0,0.0,0.0,0.0,0.0,0.0,0.0,0.0,0.0,0.0,0.0,0.0,0.0,0.0,0.0,0.0,0.0,0.0,0.0,0.0,0.0,0.0,0.0,0.0,0.0,0.0,0.0,0.0,0.0,0.0,0.0,0.0,0.0,0.0,0.0,0.0,0.0,0.0,0.0,0.0,0.0,0.0,0.0,0.0,0.0,0.0,0.0,0.0,0.0,0.0,0.0,0.0,0.0,0.0,0.0,0.0,0.0,0.0,0.0,0.0,0.0,0.0,0.0,0.0,0.0,0.0,0.0,0.0,0.0,0.0,0.0,0.0,0.0,0.0,0.0,0.0,0.0,0.0,0.0,0.0,0.0,0.0,0.0,0.0,0.0,0.0,0.0,0.0,0.0,0.0,0.0,0.0,0.0,0.0,0.0,0.0,0.0,0.0,0.0,0.0,0.0,0.0,0.0,0.0,0.0,0.0,0.0,0.0,0.0,0.0,0.0,0.0,0.0,0.0,0.0,0.0,0.0,0.0,0.0,0.0,0.0,0.0,0.0,0.0,0.0,0.0,0.0,0.0,0.0,0.0,0.0,0.0,0.0,0.0,0.0,0.0,0.0,0.0,0.0,0.0,0.0,0.0,0.0,0.0,0.0,0.0,0.0,0.0,0.0,0.0,0.0,0.0,0.0,0.0,0.0,0.0,0.0,0.0,0.0,0.0,0.0,0.0,0.0,0.0,0.0,0.0,0.0,0.0,0.0,0.0,0.0,0.0,0.0,0.0,0.0,0.0,0.0,0.0,0.0,0.0,0.0,0.0,0.0,0.0,0.0,0.0,0.0,0.0,0.0,0.0,0.0,0.0,0.0,0.0,0.0,0.0,0.0,0.0,0.0,0.0,0.0,0.0,0.0,0.0,0.0,0.0,0.0,0.0,0.0,0.0,0.0,0.0,0.0,0.0,0.0,0.0,0.0,0.0,0.0,0.0,0.0,0.0,0.0,0.0,0.0,0.0,0.0,0.0,0.0,0.0,0.0,0.0,0.0,0.0,0.0,0.0,0.0,0.0,0.0,0.0,0.0,0.0,0.0,0.0,0.0,0.0,0.0,0.0,0.0,0.0,0.0,0.0,0.0,0.0,0.0,0.0,0.0,0.0,0.0,0.0,0.0,0.0,0.0,0.0,0.0,0.0,0.0,0.0,0.0,0.0,0.0,0.0,0.0,0.0,0.0,0.0,0.0,0.0,0.0,0.0,0.0,0.0,0.0,0.0,0.0,0.0,0.0,0.0,0.0,0.0,0.0,0.0,0.0,0.0,0.0,0.0,0.0,0.0,0.0,0.0,0.0,0.0,0.0,0.0,0.0,0.0,0.0,0.0,0.0,0.0,0.0,0.0,0.0,0.0,0.0,0.0,0.0,0.0,0.0,0.0,0.0,0.0,0.0,0.0,0.0,0.0,0.0,0.0,0.0,0.0,0.0,0.0,0.0,0.0,0.0,0.0,0.0,0.0,0.0,0.0,0.0,0.0,0.0,0.0,0.0,0.0,0.0,0.0,0.0,0.0,0.0,0.0,0.0,0.0,0.0,0.0,0.0,0.0,0.0,0.0,0.0,0.0,0.0,0.0,0.0,0.0,0.0,0.0,0.0,0.0,0.0,0.0,0.0,0.0,0.0,0.0,0.0,0.0,0.0,0.0,0.0,0.0,0.0,0.0,0.0,0.0,0.0,0.0,0.0,0.0,0.0,0.0,0.0,0.0,0.0,0.0,0.0,0.0,0.0,0.0,0.0,0.0,0.0,0.0,0.0,0.0,0.0,0.0,0.0,0.0,0.0,0.0,0.0
"((3, 0), (1, 0))",0.5463921370540887,2.9225650963977814,5.398099957476656,0.724995794478714,0.6797399895049625,2.12262653789253,2.970971196017032,0.42481652345089027,3.569545501326179,4.264999582121315,1.008464103470757,3.676193503303899,0.3053046908431401,5.9411063811429585,1.5448677463425817,0.6649370914504391,3.566234860452228,2.717438347332358,2.4007721795806534,9.353380827510172,0.4248683715965351,7.798736497661119,0.05253705554604782,2.7739989968875807,1.5869932061289251,2.892639545518782,0.3162600936173814,2.2457637711893073,1.7903926573033029,3.888548619809925,4.520236154246873,0.01914731882777243,0.5896996054251629,0.07715053852400855,0.10844822945690402,0.7649076016001188,1.038931906086002,2.7128418756567,0.2157685147077948,0.5144252097340725,0.46119169138894467,2.9134622982622567,0.5995027919770453,3.002151124994293,0.13159561759735483,0.5905749106160243,1.450953527509711,0.8272702553925768,1.9356734936045796,6.102206784597442,2.7316227561736133,0.18276083881074479,0.6026669736115893,13.084863400734832,1.6744280865194932,0.6133482492948237,10.983889150410647,0.7847279000274348,1.722910828391448,0.9723642462014804,3.259820872329068,2.3067794793994447,0.15134252651454494,1.1462793548674328,0.3199059714955279,1.9806035099700177,0.9280073687516568,7.884881198621072,1.3361464610377087,6.5895413468888835,0.2684921816903664,0.8978525820652363,3.738943282952051,4.09781077796794,2.60743945746965,2.6571778861122364,0.8197488858250083,1.2618618060330435,1.2086485244769638,1.4860348380893946,2.995326891595712,1.2300952335865847,0.8888827290200285,4.151417827133049,2.3195958161626637,3.9572948583214167,2.2257605081099414,1.1509748598342417,0.12562708046768312,2.317318507640149,7.047739329091655,1.813887267512246,0.9604597662566823,0.6650626170822238,4.3080380888522045,0.2059667321233995,1.2627262656368266,0.4824645456518819,1.6878423531694078,4.3028854565223895,0.3187298619499448,0.503999179868369,0.2833347029779958,1.5868444453055024,0.5070603985149846,4.070665259142379,1.5581623292591231,0.9244114180916947,1.7367741885306311,0.9228847389569848,0.8842183345286863,1.3808536772284068,1.4677096096099291,1.2285941412626695,0.6287980183121786,0.6493439800051931,0.6777314200419857,0.22147422007319392,2.495183996999493,0.5571376186746322,0.22430694116610506,0.18166456955896265,0.7091546935539921,2.977758770576961,2.9680355126390965,4.981782189959992,0.22422043730270547,0.9989424780487862,0.23141677923903292,0.9497903171007356,2.0561710669915554,1.0667186409525553,0.31869693987083586,1.2610820545368102,0.21400555542900634,3.3694407940969864,1.0149827176914714,0.2561325818534,1.1228491561258884,4.431446997552463,0.4397247187794384,0.9471383629142893,2.2432367631810317,0.31963331607036394,2.4070610974396582,2.9645348010915504,1.927117600594062,1.688758216405971,0.25174880772161323,1.7992381424248745,7.983725670604174,3.0803076551432165,2.114865081165845,6.714774898016955,0.3530583398380749,2.004902571553325,2.8443965004700957,2.8861306706040075,0.2957091046617628,1.2576511878843404,1.4375697288168698,0.52305973811083,1.0563548484873726,2.5638702756677176,0.6608413622499867,0.23331017454545755,0.7289752592755574,0.7470358667306434,7.4909099205457,0.1646509249462531,1.1438167405704163,2.379437279585331,0.9322273187265698,3.4649476224066627,3.7304859797072245,3.4126559956970595,2.878862643176748,4.2781002850078425,2.3647760858425078,1.3453147360336635,2.0167954113306212,3.054391090064983,0.6717298241286168,8.737987907097754,2.4555754801405767,3.5556371789499335,0.018258149304451077,3.6978189865981967,0.4697375607994523,0.08097790414015582,3.303543323077015,0.5468235240790382,1.936560419521216,2.769332615056972,2.2295636125837395,1.2818222116209685,1.328632969549284,0.0669807400357405,3.040757495002786,2.4433112286971777,1.0088326404879817,1.9236843117746012,0.5434461561746188,2.9888563333243185,0.7671697678708038,5.480110736102729,3.227609485412396,4.093806853621004,1.5278843822037176,3.2426603671319416,0.3207368673904618,0.5300213769216022,1.0594218147077568,3.9494902053045924,1.3034563173464004,0.14550860258785991,2.632121625956747,2.0613746829737543,0.9020630163725758,2.597480836602601,0.40985105894220464,2.4167710246284964,2.069247513477346,0.057194284511475346,5.892778852105672,0.45426954274450737,1.4628724217315021,5.788028609159769,3.676404837355302,0.19464749310269425,0.9741802129023114,1.1282943772455607,2.774819224260152,2.812063299116596,3.7000657581532614,1.7856967941595001,2.7882025217455846,3.8407334610589565,0.2546419255836403,1.2992824724075063,2.78246648540006,2.543953772860061,0.24914081165743918,0.4565726177236804,4.053780190199401,0.711826992573318,3.4796122422145004,2.760562355418441,9.839353864757973,0.5042905974418158,1.4575894206346294,0.5000150370457714,5.952205709899199,5.055781306746184,0.7602131071296558,0.6114769481882043,1.9637265029775726,4.819947394400254,0.3080932096542026,1.1874186614670639,0.5742612666915088,5.17856915872943,0.7341541877032379,3.8028532495404286,1.5509459403466632,1.6181980552995294,1.4708334548687731,2.3559306977382595,4.6153349900841425,9.037917493745022,2.122923996958537,0.9015328785864127,3.6230685939224143,6.013247074568195,2.086684030993277,0.7078923799779995,4.377129326575645,2.3710337721338366,7.633409560073067,0.365312480305674,5.525518810010274,0.7302031634978463,1.0176301260435863,0.441236571643405,0.7046123495143114,4.698828100175771,2.6932656100620758,0.38854936939755697,1.734228335093506,1.6729029223858958,0.37920609243208636,0.8668150715123911,0.11203051631628691,3.5387921794205583,5.052407697440676,1.753802847350761,0.33871953772415925,0.773366550858191,6.857932291147312,0.386528332337143,4.610697079055939,2.400864554267612,2.968823087739178,0.6343197670912246,2.0442316838170793,2.0197051835452724,1.1870373894247903,4.669331885270681,0.4823672612180975,2.5119474516800264,7.972448844454691,1.6256278178360875,0.23701407666816882,1.306523036408762,2.425570519329032,0.5191911435721752,0.9968509376224379,1.1476224229456833,5.7568615949129835,1.1331837791705088,1.5559523906234736,1.7252642746453128,1.074851751262986,0.2997285505704652,10.245583275691038,0.08473978184582132,0.2260546962338561,1.3162043897528426,6.230673493878909,0.6122442381532196,1.1171427305526576,1.1076292518408402,2.7942826431469383,0.8864779395271751,0.3215872864125191,1.7933100921910454,4.052148479569367,4.410431140325506,1.486111598956148,1.3537972053834375,0.7896090599208055,0.8624958707692867,1.127488538977741,1.8610483466565202,0.9207731141957696,0.4378094265080449,0.3401663643065851,0.6742026318011162,0.9925643498497818,0.22769629766147825,0.5770057915999109,0.3616237727933276,2.497551738623224,0.3385523548093874,0.07993362833496442,1.2727544122701842,2.1059971785559717,1.1350700153509972,0.5990671891582094,2.1765164687345147,0.6341470456905989,1.5884576347347859,6.629046265741013,5.39413944130793,1.3868431590313062,5.150293314334249,0.19937292448464916,1.3491306429393162,1.3986108228503094,1.298244607041608,0.45719570284054334,1.6987393819994359,0.040885176904383425,0.030006368143512097,0.17786142744881994,0.6772310184188848,0.08443737505012194,0.7766838330919063,0.9492677294575724,0.8195321284620154,1.4000718170149333,0.19314785758963904,0.6376823880344136,3.0766471154235973,1.0036638064789392,3.411001151563811,0.2810915120905282,1.905818988855817,1.2224325882727989,1.503324988755824,0.4383101289292334,1.3814974036475447,1.1245987389001562,3.1612403281788115,2.019170625781204,1.3217003504942917,0.22692204829371987,0.6319188626171968,3.8326390067241416,0.29619136018948444,3.4003900040413177,1.6701959233895212,1.735953042105502,3.54490429280009,6.290080700071804,1.132816822922365,0.7601938535859493,2.3357563203817984,0.17032074585728374,1.8883708240234909,0.8989597982284884,0.5016893708156722,0.6685093810950551,0.36480586027787165,1.1853459235006922,0.6082343213602615,0.07444793857386778,0.7647214911357894,0.9474869305124216,2.9030193630978847,2.7452162717602384,6.802867629049062,0.14065364251758117,3.16880443708262,0.3441552754492505,1.510005839272718,2.787699404194478,0.7073453928628375,0.5971567129398865,1.0946691481369797,3.2608510914198905,0.7347380227014539,2.359841004235668,5.804670447391924,1.5934122174247012,9.923134528193518,0.8022049850849744,0.7546966372998268,2.2604861348175893,1.6154582947073455,0.7182831313788867,3.274739462946444,2.7380190496136922,1.5036039195543909,0.9589985029040989,0.09615483922449397,6.006921689319596,2.0539034142223347,2.809046516720183,7.118819978810818,2.7862530618343078,2.4800780613656728,0.8239875843854702,1.6677465469459114,4.331456586194032,1.0267742729442415,4.3154840640264815,6.601432791956592,0.30365829348664386,1.0304855521666925,3.130500946079342,0.37228995792432795,10.715412187348695,4.615703452144971,1.0190212641055678,4.842039859376248,0.5627427344692317,0.17224673471313046,0.4931352172580603,4.610043809111422,4.524107782772697,0.608061113101328,5.322867866521099,1.612554202487777,2.799196087747692,0.16628230512499664,0.8775297273002352,0.36724176093037464,2.0617587224736793,2.978206383950626,2.104278560144436,4.213259382966038,0.829306069623756,0.4771748557551141,1.7869889337395735,0.49500129165759543,0.2456089101008474,2.8442470968928997,0.36053431898930643,11.463731594114035,1.5991529370858009,2.6207958815755807,0.0572928254782098,1.0592475656116274,0.9507101335448976,1.4445697024764743,0.4478437209606807,1.2830511946224312,5.288837248360207,6.612554204310027,0.11478730350327626,5.478299753976933,1.1114618222934385,0.8242291291889822,3.0809021245057364,0.331368543618904,2.342548588915165,3.2303324048595483,1.3615682447051336,2.321609771036057,1.0141886542605956,0.7499993485691048,3.13714518941317,1.056602983770727,1.8745987426850075,0.908336167146623,1.3058588150996446,2.568528624296396,4.611500997619376,1.5156895118081097,6.116600075591697,3.183894757139908,0.5856096066692897,0.4308726471349118,5.048742815091079,0.8864844134115981,0.7072187343276131,0.7894497962299565,6.607210579140254,2.0142152135966302,3.691083705471973,2.185204595621777,3.9534421324876736,4.34765110181345,1.5769706680980615,2.1739260863478833,0.39708387416652724,5.760540103201327,3.4865405830319878,0.48539422690645395,1.0754478853162626,3.2485262978344025,0.03541414810284382,0.6195894423229111,6.644481062052701,1.0902820332166776,2.479822899408135,3.3451853506930185,2.0413953566534504,0.5339595515263915,1.4092411358182062,0.9148634186814927,3.8728725314703594,4.568800395435136,0.5385544678831109,1.8725794312281914,1.9054521922216374,1.6875567530571518,0.8094424968027654,0.43959744839190296,4.98260143600272,3.387415306030329,0.23706891574554656,0.8048401259528858,0.26698381134913307,0.018190821328981477,3.11645749360646,2.1219335662510592,0.8380537441473277,1.3255362763329306,1.3755210706878294,3.022143597820783,1.8981707285846552,0.04564586500903331,3.2396203011415423,0.5336654272004653,2.989990843530282,3.2435215748497024,1.3461545574936664,0.23921455589084162,2.8667304117503383,6.820688886584829,1.0921192719954222,3.0875781056331277,4.435468477268701,7.134790164773841,7.469505058936535,0.05381321734564182,0.293637437911074,0.7178127096872458,0.44327688744966043,7.5578891393211975,1.6955308659968886,1.0832492273638183,3.5048578662210863,3.825134203894348,3.466488561125737,2.1177044834452428,1.1022736560422395,1.2855322811272674,0.8299087206353508,4.23516315091679,4.767894053167578,12.121521947947253,0.923913031563474,2.128584221293151,1.8366242989117247,2.910562203825405,2.008153965667373,0.044581334868411426,0.11147107999816586,3.734937336658061,4.428020745710334,9.280317484226812,0.4325422643396547,0.8098362484148247,1.6822603191125418,0.9832437938051399,17.06022542602956,5.630023737806239,2.608674851855749,3.411817025569216,1.898389529057554,2.113059737139106,0.8620630013361748,0.959592680606931,3.785701890408739,1.3358216243651082,0.8360952455488171,5.718828609554103,3.23192931067807,10.902248235363677,2.5503730370581064,0.5395130965192436,3.539343833823127,0.5353903280663054,2.754333022070257,0.5345064204245698,4.445830215099346,0.8446637313076153,3.545318994321459,2.223712392749266,6.009525228742631,0.1498841198764327,0.6810056001576688,0.5387568300546565,0.032683587580944584,0.593500043004656,0.5958450653093048,0.8665396316731286,1.422542297212932,0.3092146438035107,1.5657444042508164,0.4285880905567667,0.3245228765719982,5.1805256502991845,0.06472959290543079,0.3776129385978424,0.40937869300904384,1.4378977598054228,0.7702771474593681,0.7275925809919694,6.082930695934225,2.143830072438993,5.365787576297645,2.5597799643514576,0.4830351626404663,5.374798992293666,2.2391109032823118,5.05960000108336,1.2754724976254797,0.3590011783161736,2.7804602956898186,0.17736488600527212,0.30936886587543677,10.79383180491528,0.3174191833920581,0.6999175354547438,0.24353117466253282,2.311404036024539,0.3006707586969299,4.467693001798307,4.679544278539204,1.2589501087764514,1.6806166139847323,5.075996733306857,5.592082336990762,1.3710221334362733,3.8482415603035527,5.58340544850104,0.4432076038764181,0.5891649067026306,1.7040054003492873,0.6066591390708047,3.0517013067871748,10.567952351713027,0.36506541736398557,1.755759584558187,0.6371988229981931,2.2015995942563045,0.9397509646936517,2.18385280031608,1.305558148837712,1.7238508927801206,0.6859414094323861,0.26787799342209034,3.494945610659646,2.4670711512296206,8.320219059256685,1.031279568072569,3.1916074942813966,1.6539940514099833,2.1306174107141214,3.1849444108000204,0.40733469597806593,2.8819428450331324,0.9555848877951856,0.9573285073870805,2.8639363348590785,4.8363894447711075,3.811608361665889,0.14274430692289664,0.6894381500050564,0.8912720005405376,2.733410846949729,1.0656759296416007,8.48138652376307,12.774384693756302,1.9361292488960384,1.7143003365759635,5.774889680761439,6.042280358337943,1.7613745889873589,5.7743774200488565,0.6049083743665453,0.8024810435018455,3.2567832020751792,10.114314593074614,4.00833062357501,1.5647913087250649,5.917895435064402,2.3456102777658128,2.8266789335272695,2.4668610863217535,0.2357829972843224,0.810771932102367,0.7964840221391983,0.7661807669085505,1.5923307310597647,0.9567003029637189,1.8614339544762122,2.220767255807435,0.17998041082723581,1.1025168175599704,0.3212489473849266,0.6803921427427766,0.37071098023746885,0.5591075408521289,2.570090089545341,0.23527266971185612,0.7262609799425825,0.4206064779949441,0.8425659619184593,5.939245856635544,2.687743267635202,4.91616832829237,0.48332464191121915,5.9301269733603785,0.2806442167913662,3.157915754221135,0.4974749620294026,0.10558482090150823,2.476523063176394,4.069938776491338,0.0518264137569211,1.0474527658137314,1.448763420638609,1.771509711691994,0.6418090535350297,7.674181674651518,2.637848861317771,1.295634411144503,0.36553282312019875,0.07872614141553491,0.3453467897052428,0.6882264008259296,3.946685890281983,3.137709113813771,6.09081088626397,0.41338520635442055,0.9890414485495881,0.8290683583614695,0.7209315364883322,0.161499074536132,1.7464220919088003,0.34246614769954453,3.713647046999132,2.5338856726389536,4.373020108970213,3.0636211653346845,0.22385860233761878,1.074846278687626,0.745550944986102,2.2364580105561727,1.083121685599636,0.1091336353579091,0.5137914204354352,4.161518919516878,0.4720866883512016,0.7080765995955369,0.7810616714202177,7.589029676304288,2.2870816221058905,6.2802076149684805,0.8228452877956349,0.910235728003663,5.806256571846447,2.1091928582940476,3.99883995126703,0.30666245363283107,5.057856437072922,3.015837432786165,3.273676293456028,2.4379176652531416,2.6689260894538,1.8861541838195666,2.833944114053334,0.17071490298018188,5.664753954757908,1.7186418092726654,1.8693485480305427,0.7734337696450057,0.4831371866014451,0.06767345817506948,0.5727469168498934,0.2671128267596077,3.957774179770001,0.5326481233997062,1.6502985180810903,0.6061748760563881,3.569361262269953,0.6871876357474975,6.471134078366925,0.6882663104503057,1.9967209600999807,2.869892525093895,0.12859954867124568,7.034349484839499,0.24197067408377376,0.43751684856172246,1.0780107763825668,0.2329186008890891,1.0066084355232658,8.502294742376451,1.830349717972148,0.24318556621191123,0.14773323089280477,0.48222003673596214,1.7974620363563751,0.5541311756183915,2.712723433416847,1.0324917754525702,0.6116873863290349,3.878056333820531,0.4459006205984273,3.3959965200992537,0.11104462797807724,1.18172133131748,0.18644263782213188,2.2066497310668547,0.04145476990791108,3.6059071826337816,1.3785517796201276,6.037713577439843,1.0040339089092312,1.9451647613350747,1.06320156822887,2.0684191244316295,3.4416809471705365,0.6441834716452792,2.850078200529434,6.950028622199789,3.6111435877154894,2.6398106885040127,4.088943317282135,0.2579122655120525,2.758067118562458,0.6451774633247624,0.8847572103150786,0.2678360418844974,0.05150918568308471,1.658059029292755,1.5839899601190903,5.825206227271606,0.6589584357704331,6.490140245196417,1.0268837676012947,4.16746139846127,3.7588800260548507,1.1327063702208005,1.8845295231945,1.1931395088961403,3.265744939167041,0.475586719567615,1.425092427421236,1.493550970653573,0.3599202860412847,0.7234775085313778,0.20560920030689195,0.45650267503126507,2.325299218368853,3.230288750536291,6.930813852997632,4.439447150526256,2.8529485250353694,4.419187993155026,0.3180939712389559,0.22699354573801234,1.884023001638826,2.0029146149527506,3.104361776492238,1.527930414241711,15.69600299624431,1.64933172680412,1.719328739247935,0.3436539043156357,0.2890744956382233,2.9081813709541673,0.1305392615364065,0.07089867931343652,4.2243612374770185,0.6960612757231913,5.12781022386517,1.1905245936054403,1.3587372045065809,1.767284818501575,1.0418880765609884,1.834676458824089,3.79006647645319,3.7620745605222434,6.196150800904338,2.5086373125448778,1.2449067958477618,2.450179666045906,0.7537428398030808,0.7585288406440023,4.310068895143672,3.317556584380026,0.03758579143536478,1.589582533815699,0.13107673503560013,1.9869334450819833,0.5697422875647771,0.47227530514917815,0.2806106513122124,3.0439638710173997,1.5208592860877124,0.25592040887008594,8.259188983254562,3.114777705479227,1.0686922497164297,0.8362905995945082,2.632300488943394,4.706523401789522,3.7000025046524456,1.093088628337672,3.069213840882286,3.4517321498123072,1.0656091459437338,0.9296195790243718,0.5312716238440526,0.8580241795672069,0.09369494364056052,0.37478285239358833,8.96173791374958,0.08424328272627535,1.2053454749923929,2.6083916317674505,5.008053352538609,1.1462880173142018,4.631963500969791,2.0211936455193267,1.2450645590384728,0.7596294279633229,0.7635443498294491,0.3715439274690183,6.059315018883384,1.5416636636532828,0.9843562603577352,1.663738161154982,10.20222560193813,6.298695644256776,3.7328847505211455,0.6110185285958298,0.26512086157509174,4.418483562684315,0.7771168778754306,1.2745530247560342,11.556198943386763,3.290153467237464,6.081472423722636,2.150741160465846,3.5302174113833646,1.8654213932557004,0.834530630037528,0.43587936719848697,0.6876692583150001,5.854032904420588,6.601138568498273,2.2817390575492453,1.2897258207148337,1.8672622644595671,0.22746869486149113,7.908649834528351,1.2650497891472228,0.7895247483474686,2.010103661071817,0.5297908271013547,1.484691180411387,2.68618048721183,2.134299683982956,1.2315029303145972,1.9865215256115594,0.1095096634377799,0.12870858078604552,2.1138098045163467,0.14761602357875137,4.502903460522431,1.052871068127257,1.4963229242371234,3.2379332804066254,0.27433242118780754,1.1018842716250528,1.9592145272467607,4.162651835146076,4.252439529758039,5.088483236660171,0.453463668201012,1.9025164896430014,1.1201752071773678,4.06499225163306,3.854270996381823,0.15785433325714093,1.9847140194024264,2.530510422525988,2.5977517760008393,0.6081231066787942,1.710308802058087,7.719441309197704,1.082467305491608,5.496561553396257,0.37123186146419107,1.8377987816696748,0.7521933703067707,1.9101376379041186,0.29712821605200945,0.8987546034273517,1.3205946859468953,1.4525220658635432,0.15483556075618443,0.79900601783417,2.716913406486352,0.36137420881009863,1.3382534861702238,0.1558025188737826,0.15171147299489696,1.803677240397387,1.4465692903140597,2.7190074558483,0.28120635840131447,0.058881218025073345,3.382778696016751,1.074862412907547,0.60614448590949,1.1407794998330778,0.24613696728427503,0.2367859360777933,0.3963225247974881,8.694027745063083,5.683379604900306,5.006569087143127,0.27733628613217776,3.450198633108366,3.4572445116571875,0.7847642976915135,0.9813334153674937,3.2479592421880072,0.9977336083382182,0.7201625295919272,0.3967742815614649,0.35464322993077,10.219748857654823,2.5248464728514066,0.2925575263317173,1.6417902163641935,4.223073123416627,4.171607069263922,2.504976558443899,0.9851579299549602,5.149462253068317,0.9112288134029705,0.8111406065178999,0.9104712756295368,1.5492636498688352,0.31366469075435394,5.300117901580019,0.2140226780470985,0.25043491480956603,2.3668561051421766,2.0083064474505137,0.5477528082793233,0.19857681573214814,3.3006982946273,1.8573362543459504,0.6141002960948247,0.7377548074668663,1.29572674853307,4.5695515167321155,3.3410298298565873,4.318058855695817,5.664647114866628,0.566354699099699,0.30222414342671877,1.5388445699287403,9.772938259663377,0.5384202365769348,7.969060926832682,2.3306827044527725,1.050829997874493,0.71304422747466,1.5573089231993258,1.6937281199078746,8.06687654831219,1.2511147337581736,0.7166744730924849,3.4500393159510474,0.13026557111117332,6.804945375450136,7.2604654731506795,0.7882824014875209,1.1762035462868128,0.5469638260609564,4.632636787229583,3.781194133080303,3.6892257096287464,11.280083998330745,0.3611792492582029,0.776741479579913,5.181018436515625,8.971487402482381,0.144332797421175,5.23076610349263,0.5516906021558019,1.5917557464082808,0.3747040255143904,1.4073916805839684,4.856374881215267,4.0404781159250165,2.258918867700294,0.8061000326741687,0.6909394201150809,1.0039073909878347,1.2647001586351692,9.44760453048728,5.839504631531657,0.1281681163921775,7.585671284040348,0.08171303036455235,0.603396417464261,0.8707367097054897,1.3802654122603495,1.0007277631473157,4.16575158932692,1.5237901907413574,0.6064356482617879,7.415096968754535,1.2092823706920328,5.2069859242537335,0.5185782261209253,4.039290006748994,4.78838742563402,2.305323349230206,1.5838468845286817,1.2784395456875512,0.1880866426168165,0.1582822752848262,0.5327208637390135,1.5694691094351945,2.2844188663346063,0.8700409100399342,1.875106730781482,1.7198095608342578,2.2732336648801494,6.019191016756036,5.2540058373759795,1.2173271627776574,0.8734749236647501,3.0758817524200897,0.34732353746205824,3.0667058223035286,2.833758367060992,3.4184864283106533,1.2816601954979658,1.9851056270765457,0.0992774488848589,5.976666382175175,0.24182305708140928,0.1911504183068978,0.4381503771985406,8.091579421972117,3.6491167095692316,3.4481482612893197,3.905100123803611,8.281623025798151,2.709848896298264,1.1314120031817174,0.2807369281655938,0.9532252625802462,0.07592551829094354,5.165823004061423,1.0658911190994056,1.9505792048366322,3.1254019670781403,4.391875030474852,3.253879331547898,1.7057086172399412,2.644428034064256,7.3452153972968155,0.8699265512117231,4.417104807253305,0.5599874054696992,0.4866266202451168,0.6543363515303899,2.7615532177727866,0.7576748791739405,1.1091398728319894,2.275078109064528,2.124325592928268,4.682189245762481,5.571148738958053,2.3647260802693726,3.1826291332758894,1.9068030436188086,1.8676089636055255,1.9118747665576703,0.12063345439948248,0.30212126912806014,0.6265319687001855,1.9201675951126567,2.5930787408300118,1.3949715474890247,0.5533238420761162,0.4140742223158673,2.5418753404795154,1.4045029561532172,2.2985844218748275,2.460952723073852,1.090657192696579,6.951042030602871,4.572217055906015,1.749512779641627,8.794311336056822,0.9658278639801514,1.0972392877843393,1.0542682967770431,1.1416617627498318,0.6626514875610808,2.6279184588773226,0.8567248661504958,2.4913402966012366,0.1657470996243251,1.1493336926226685,3.6337171320827415,0.6937562741552241,1.673457362500013,2.091971571905955,2.4930207356591296,0.006872251718667288,6.413488370478446,0.9892271722485733,4.169442987462285,3.887911100212526,2.3090166088768624,0.7285206168650631,0.6560768354913034,1.801236558890949,0.5303532945560674,2.0705795395198283,1.3797711954693392,2.2198019418738664,1.3073734265978973,1.0781339541724906,3.2249235333587105,2.8166168467385986,1.613821936197476,1.682015716125915,2.9563066505606064,0.4774789743222756,0.8733227336308285,0.9594996687419398,4.0112297960149474,0.14987972494439505,0.9711811642238846,0.2092377238865052,0.21583797980936748,1.2418531991066555,5.719999661705735,1.6918486824414594,3.1136065607067196,1.6055366260515485,2.7932472345005324,0.9876243536886502,3.9169937689309213,3.4564746551950205,0.4190471244476689,5.93357216330419,2.5977025043053747,0.24510012759418653,1.1021734327166113,1.5594449139541326,2.907125360708629,2.2239037270229116,1.9132900363972711,4.3309099459676865,1.930804493501605,0.18653807420090873,1.2928523774558935,12.005434225446223,0.050442485436051676,5.677620938572914,1.144116132220344,1.145930167781107,1.3025055571641886,0.40728604526381806,5.851056725837553,0.7930471946365767,1.5948822340734576,1.3108876234257714,0.6300028989564872,1.2324475024559285,0.11383692377511334,1.7233560271644945,0.22858149419449925,1.7682664196001707,3.8136439940228075,2.010247583982941,1.5207907455066854,1.645927549674468,2.755476086615505,10.835020551536985,1.8713528213382302,3.3324191487661654,7.056408960844581,2.1443356979772923,0.29819205874496,3.8189343654874284,2.9786118228213927,1.8531932537550129,0.5809791183873919,1.57959502052641,1.6470650748388476,1.1451017120672942,0.24450643516300652,0.6044618539873392,1.5926521436774792,3.533957762740692,4.685422318542628,0.5424035717493181,0.21794283349923582,1.8143988224903973,2.958655368225936,0.4516129991166392,0.6665964021404577,0.6941588302715467,0.2986242705453689,3.457433541786384,3.509489866539683,2.3596763570455392,1.0952950574594587,0.31019939772192284,0.1682409086806126,6.125059803338698,0.2113086686804726,0.30089051810332945,1.9382959955139187,1.4990563702251545,2.3852656427317473,7.54355097311124,2.7855377670018617,3.3975469934157845,2.8740365456236887,0.3940871642583723,2.3624938672523212,1.4272012906703995,4.394573726505273,4.697238589241113,7.622387621176778,1.4913969656220651,1.2027892061310659,0.7932277086370101,4.14070618747018,0.2822852709531223,0.8909191564224763,1.5776731793074825,1.657560336925425,0.5038706352431166,8.065344096259583,2.985092415716851,1.6114683885188432,1.318293376182241,1.1554397199122575,1.4905424409323396,0.45146321933291844,0.28001416842947124,6.149798355138495,1.1468521114468748,0.35913463608759066,2.085378909736127,1.0680622518733331,2.9716710027609023,1.7807761290978936,4.515668405304879,0.7462988130543469,0.11616436326199175,0.755800455475065,3.223084735925806,4.752843451467271,1.5453812335882575,4.542100212239629,2.0493979831387037,0.10305539983129841,5.371935251423453,3.265574309618349,0.3608115928018979,0.2632154850791597,2.0883523720565007,0.8889869991235542,2.343292223506934,1.7176183557503995,2.478682316830282,5.784221579287374,1.3829657943320819,4.086216367691317,0.33073602924050716,2.40939522337792,1.2476688638337563,0.3483041197306461,4.858895406626808,6.137937795131382,0.050815962658855574,1.1320308872036007,0.6107906509459122,4.097202816659777,16.030418777486748,3.325324932405997,9.099971641149452,0.5719874124962849,2.5490838527626196,0.3414112456245243,7.062235904870681,0.2378363103557981,1.0921828758960932,0.33076355612186614,8.730584517218068,1.8033371526893345,4.811958225192813,2.671367011746913,7.662486514605968,0.07230442254007441,1.7603142546335588,0.09524235453901114,0.8161297030585014,0.4991732876692864,0.7621340004853006,6.501658720063339,0.45936421620299805,1.2665370568025813,6.086554660900486,1.7248092483885626,9.570264047681626,0.6933174782755094,2.5125612058987996,3.0381179564145384,0.4025541146512711,3.7416027154811826,4.663099256144067,1.4438696412571044,6.8027198153627095,1.882809640657912,2.179058477502468,4.086369102657302,0.5489276417585309,0.7032188480299295,1.3568850038501596,1.5912123078582325,0.47214627722858715,3.649550373448462,8.774340227016957,0.7552049120914508,3.330035879291545,0.9768296334933844,2.1319334804106274,1.6325055517370852,3.9507282074956698,1.1443278145800055,2.454785236691993,2.3812636572782937,1.5093103362929352,0.7419935190123759,0.21481602724373505,4.4512875634318325,0.7394971675165403,7.8040405753532145,2.3587477478742116,1.9253194654483305,0.2114642409320202,0.5051300288620417,1.0872968715848803,0.6182789000884799,0.6751337606881687,0.5178641981065157,1.3003580150099108,1.2152029058184817,4.745483058579822,4.188646904080899,1.538009800135696,5.378923651948339,0.0219101241188131,1.6844337359351327,2.7560369205530515,0.708401362555088,0.5589926141311552,1.5092100449386514,4.086639853743431,0.9670759337668499,0.2808756961512121,1.2677907811437237,0.7305969053102703,4.217875400764807,2.927666118315331,0.8476650812464523,0.6279163871509434,1.7544466547121904,0.23290003427181416,0.6754158542276678,1.984978868001358,1.855737460853455,0.579399110309037,2.4646057866352993,1.2849174299935786,1.3418048568108591,0.8512370287108504,0.505550924158088,0.3604071301851346,1.2901584683153873,8.855083653530114,2.5329801386122393,0.2318504777002044,2.9980156021676017,0.5555933931024968,1.1448025116663498,1.0584961638299735,2.267164140647143,0.6081474643180471,1.0203773962280716,0.46642757528255574,5.422993713906543,7.00325778082754,0.5557642524240645,1.5125004363498835,0.5053741884980341,6.613505751391148,10.690210541859056,0.6314901041628742,3.9429528957337734,2.402926769507201,3.432855978752505,2.111952107084033,0.4650950927765194,3.732244952074659,0.6123418150600771,1.0821329393507066,1.3861759456701317,2.1270353603515932,1.4625742184363553,3.5884907150597605,0.3616944177358836,1.386611085358981,4.500524311577074,0.5851989579797174,1.111827579993599,0.9443039601359507,0.4120828752009106,1.2892827890554213,0.47084670224354697,0.8679826335706099,2.692059579432591,3.8001701971678954,3.876743861441109,1.031490886406499,0.5746651100755453,0.9582046931437356,3.996998249095946,1.5531265563251069,1.1641771429803938,1.5415263768942862,1.096573035584436,0.9444767356792383,1.4669960726897187,2.1346786090280814,5.930196480842447,0.6502138465581664,8.538556933195228,0.03523597986180979,1.2441427133084155,0.06704188608130357,0.28812962746097615,1.8201891673950827,0.2832979462255363,0.35586453297052467,1.5702774302073776,1.4609550246448293,5.2586017839538,8.443958481606419,6.612912125633776,1.6575068045847752,0.8133716793007739,1.4846083072893688,1.0594969804776504,0.21657503085724494,1.7654501060355143,8.051586252245906,5.142201278753202,5.403161684391964,3.658305724676503,1.3616104894063426,0.14644730177915954,5.110948383901762,5.685894629256434,1.2668779557145244,0.5865115860526985,2.2585694486959174,0.27614801918398624,2.858405900866222,0.5941854725529603,2.63455690063775,6.413340963351056,3.678165594288664,1.2270157567567157,0.5323079539330174,1.0465018331358094,2.814403560210698,0.25382426738241504,0.311075804485758,2.963621910380162,0.8474082489903221,6.395078323569067,4.360007745761731,0.4048140797849902,1.7147536302191932,1.1838841263671798,3.0409397851578763,0.7529189074208538,0.22316901846471215,4.924334437213598,5.2833923411001855,0.9230354347648522,0.741224042848123,0.14915169144496,1.2062100095898691,0.5321548505731258,4.741863710074059,1.1279300709952114,3.3874277952225813,1.963776214667687,1.1419617449114419,4.1075297010089855,2.1966100781834963,1.2750021154429811,1.6232476206259991,1.6763053051116816,1.8880007200749644,1.8273273518895496,1.602911804421738,2.634050897708761,0.7441362588579963,4.22825607015674,2.5528854785336073,0.15033415134204398,0.5768221179748196,15.871891766736272,1.440892551158524,2.465770930440454,1.3493638698020376,0.12628164538984898,1.3417082731814713,1.0730635590687019,2.5797674102593366,2.8244146578421008,2.0931801066900126,0.5945793927093244,0.687937164690653,5.8923108078952495,0.48603161500140146,0.2999392096632258,2.3640202458356123,0.5079608955508296,3.7824056327371944,0.4107426602684295,7.205666125000773,0.5183504461126012,9.455081076150362,5.5517138961121955,3.0412308312043725,0.8804983556813109,2.964477291953964,6.193809378331166,1.6240317706233092,6.487364718785002,1.6503845139623914,3.792812368961806,3.146581199611204,0.12789399542206392,3.4439426989485646,0.7997028226020798,1.3585795998566048,0.4557859982253201,2.2566216491304556,1.8630841442719466,1.4531178209485405,6.329655994373848,1.377291536738931,0.8076911094470505,0.3397957028642295,2.783118595088254,0.23064414511276254,2.44932747740929,0.793247780620821,1.8256901979717166,2.345175523307995,4.4739090951587555,3.1805810481762267,1.679987308086474,6.640977714220747,0.32936633512529623,6.439815223270308,2.3512673643619078,4.172810908233379,1.6496981342531547,1.4713586279373843,2.1849051425123003,1.3185517129829551,0.2153061375797347,6.226679649588339,2.298620452986734,0.8080497729902021,0.9749685711016114,0.47711768070306193,5.44930026872771,1.2034340950252107,0.3451518016390467,1.0169659540092355,0.04773241533022876,3.5431936669693163,0.639314703682115,1.1263252501352683,0.42228534987717214,1.9224297825229488,0.277813655650358,0.989657638534174,2.5045061601493965,3.3960964456971072,0.7715567007775233,1.3741087238212448,1.8921622635225133,0.8046593295214736,2.49875570381297,1.2735015976381532,0.6038336300114242,1.3528192648314812,0.16888205230721898,2.791191793905125,5.28037392289381,0.9775299179758081,2.5517673357396404,0.8296836329729003,0.6056407433463611,4.613843263533379,0.9360632724859439,2.9211682520633273,2.081480237931651,1.4233016836164218,2.510854108041884,4.695715916242065,1.5925851431946054,1.4801370004971863,0.8531643038818422,1.400751627958585,3.2668339442196364,2.7720960860343817,2.661206391321226,0.5905656232512486,0.2058824972270531,4.384478990533321,0.49497165267744614,0.5527176390662858,1.60158848446674,1.0435472571089803,0.635089086355086,0.13503734628335762,3.6108284999926195,0.5941446562536465,4.572835776283525,8.630490015560904,0.4360739980057443,0.9315046241865648,0.45990764467954004,1.6107425922863245,0.10022403923697976,3.623993335858652,2.9869588674014818,2.350814700729891,2.0954759743158684,0.5340906750452988,8.138623189760963,0.41360619576261337,0.7085247435054915,1.2706151885663453,0.13259857978276368,10.343667756229673,3.9792515533034667,0.5362529449264921,2.848435773747015,0.5576912455439017,0.28997859421203875,1.0828086181598464,0.5769640774633884,2.812158910752756,0.4399999198770935,1.4949787678046378,1.1581947185304329,2.809426811545875,0.7541233727684818,0.5486718363747478,0.08638438210201249,3.1111783955024785,0.3110651478858846,5.708849216932293,2.5931859805227115,4.421429973207059,1.996424825510184,3.9165324763064655,1.4298865235053255,2.7700602786420934,0.06292902592693828,3.470807714319113,1.6561657892698145,0.9880252641424878,1.3378450168541889,1.031875338672754,0.968605341111705,1.7779954357549559,2.3237308141836026,3.5561525327837082,0.7500533283791441,1.2046835799800535,3.4204419211142905,2.8828128761023044,0.4830399822934205,1.508459862396147,1.0252903656947847,1.9038653761804556,0.3573409056644774,5.484077454637177,8.725678732431282,0.13960881047281293,0.7546741171998614,3.7355719860773804,2.1985875118836478,2.2100333146377515,2.088692936342295,1.2586221771649813,0.3486833561600843,3.487044819975382,1.1530359196206754,0.6719357330292288,4.270579400701542,3.6943798966742705,4.1754717649604185,10.510587112720033,2.798683291140525,1.1078664799283862,1.5938770745850217,0.9594604439690633,0.44215318505465917,0.13221640092701525,0.9716324684373447,5.5282801708392775,0.7325810056828974,2.1697470286560923,5.548339285385834,0.7893560471995489,3.470071218165,1.0865062377553358,1.99165110406652,0.4777382465127844,1.9330218324741215,3.4453485377098745,0.7634132779279897,0.200738467459741,1.093932957194156,0.05532224915651529,8.72577347882249,0.3865828308261847,0.5527815239825137,3.9674289441360573,1.65167752160994,0.7721891178978111,0.28697762050379205,5.392619188049929,1.3800323110819395,0.7766266687012058,0.6398075635793021,1.8175848906684786,3.495275144375125,1.4169727142471178,3.8590491790412758,0.8082525487228092,1.5202522023089882,1.1596422434600822,0.8847382048613669,6.639556198015288,0.5836229737147266,3.1216268813682113,0.1244829384420254,0.6447256219090358,0.24630908843078703,0.16189956541284456,1.719721156565861,0.47101171189101443,3.6698194419339893,2.1121686551283507,1.2981989685893272,0.9031643288396645,1.7557377731425972,0.8129978499400368,0.7398291438351051,0.6102923913170692,0.6876101036705264,0.16456872010378598,3.170570598112251,1.8139836144938941,4.857555466364273,1.6007814150409887,0.4640960920125885,2.1439888513060725,0.09036834170200314,0.8940092934744319,1.6256073265359097,4.1234409131470935,1.4627149850913734,0.8543203981219425,0.6641696020373927,2.33668090544424,5.349595673743291,1.2779137724543213,1.0018012880656304,0.16896576745992542,2.133139067255379,0.8958618334811179,2.2962817114783327,3.8022575778691547,1.5098540638710627,1.7921938089079439,0.7350891448896903,2.2837172733477726,4.682796957503883,2.3970711690386706,4.910010922239714,14.590241128997242,5.64994230593373,3.570428962279397,0.41598036371753455,1.9904245837939791,1.8225310491885678,2.407902818681019,4.343611000741496,3.26402913094827,1.4193222845204216,0.8273925261028898,0.2053489045167871,2.9293285973135665,1.3489821772123092,0.5909476041761994,3.3550856225674472,0.6013754656904313,2.4753799653778303,1.8765282971332908,1.0999947028958772,2.5802260054606405,0.4311094486790894,2.964710818878536,1.9021189672914414,0.8340103224113831,2.4899454423525835,1.5410696261066597,1.5107059246307029,5.12282461566374,1.0453085541138547,1.591036320381303,0.3767839726356681,3.46636475771518,1.3349512714096319,0.23957826262761883,0.4221471372507475,1.135324372171648,1.6451613121779123,1.7450098087923147,2.81473028909152,0.5530997875522226,0.9711018504373168,3.255069672386224,1.0662704915172176,0.954764013180132,3.2190375151171216,0.8386401431153113,4.699872338005742,0.20046728152990334,3.934579423311067,0.9126895896733582,8.024404133593134,1.6909744065585461,15.549870587473167,0.3404651068169219,0.10266530105161964,0.3397215033475026,3.8766123505325,0.19593115998512484,1.7204841746741149,7.237049943862189,0.5658757969247841,3.970453789544351,1.0549340761489012,3.0544152682110477,5.104620593297407,0.4220864464592038,3.317948080183228,0.6694732231544456,4.112374858001669,3.2472901017286437,1.1504338713168356,3.139940644420433,0.833277491649005,2.083056476236955,2.686185823813192,0.7443253450001994,1.6279572908432525,4.366535198197095,3.127551641020571,0.8739872931426327,4.654064932839527,0.5556280276490542,3.425761869400218,1.5567066393464,1.4060113511157617,0.30534351645212077,6.378673628053604,1.8145928937854965,0.05828308662071047,1.1939251278213099,2.8807909463688666,1.4941715114881848,3.9582486614796744,1.0795703336086517,2.530591938327203,4.16726524720082,0.43164196179421366,2.453395229915989,2.1665705405632627,0.5016065389241885,0.16842897464731932,1.4227931098405904,0.20959070596888496,0.6065336850583244,0.8730248826695173,1.4227279327906561,2.4359524312848615,1.1363516041325545,6.558402336356314,3.4650256541576043,0.20122649386511526,4.7309420916754945,1.8946979081869586,2.3534496015864947,3.026458946056302,1.0792680667482673,3.383678076387978,1.54879449706388,1.677942135965044,0.8650291684038866,2.2027508702936,7.401710972873591,1.5895762084175638,0.2633968559154899,3.158247889361165,0.19025606119808391,1.6786246802793847,2.172508549572551,3.6342867525776574,4.144292600799837,1.156018029454486,0.5293583680612821,0.1590812533393291,0.8399227210333107,1.8213812504251619,0.15303172659255182,6.376182073348551,1.966250635907823,3.9432695105457674,1.1753052355579148,0.6596490247103654,0.2692457507025774,4.978995299108123,0.9104675784744238,4.11371241740781,1.7614821150008142,10.38371048762462,4.365113229124517,1.0256573894089613,2.636991470636986,1.6950720292494128,4.293411882558024,0.7192447142988967,7.382788231674892,1.1672545866761594,1.7347019175425893,1.2494103378680774,2.1625680326836165,1.9019888817768522,1.579207027054577,2.326903118266521,2.279810842418624,0.4495166361115015,0.8366712814019377,1.8330427815057897,9.66454468981189,1.1795258606651453,1.7520244836701113,2.382834257217004,5.632265473409232,1.248085026210223,0.1639883807622069,1.0225696835453657,1.379803558381947,3.123902792374145,1.1663923950704014,2.3529060798221098,2.626056206008349,1.6859996272760003,10.637237151376253,1.1001943732660324,0.6984926830917552,1.1564913560443804,1.442986870629663,2.836381108255267,2.0761994736482574,0.5405837008110077,0.21374669435937776,0.16082981460931967,3.391247127112344,5.9652006367163235,0.363774730649018,4.020669049789155,2.912854847175809,2.786809959714025,0.15016941410714058,0.14470109812262422,2.2864522324634837,0.9736373711445309,2.6385339457214076,0.6453739709538568,1.7249683008723724,1.7697593276926884,1.7682343003982692,1.078468526608435,2.0713142037525603,1.0385417030399582,2.184812411102503,0.38761608896315725,2.0305255593148193,0.22262772542733789,2.9400580263276597,0.7358568517432893,1.206413021573374,1.0994580989709335,0.5138118900013642,6.392027148425195,0.7863994494371318,0.11396684545279889,8.89202849396398,2.3168667021497633,1.8990953625191729,1.877932563467695,3.1927944490839177,0.05055707237692031,1.1334159217799553,0.5800636976866622,0.2884167440468238,2.154571819070107,0.8680417048248248,1.3397250578285225,1.755304468147683,2.988967804455997,1.9828083758966573,1.5180515019317955,1.539696084013583,1.4778511007769382,1.3558067379861996,0.6417706312345719,2.350202114514967,4.525132864574125,4.296137769827283,1.8738950030604933,0.834830383349772,3.0848569772948964,0.070531767977692,4.164282476086267,2.071230047658407,2.299135654841354,0.7021642706007689,1.9475840782808111,0.9179144267996424,0.9309682034457167,6.521123724939574,0.7203429250434967,6.197049344619752,3.891056910770833,0.7320992447531087,0.3186772608542764,4.80015387027065,0.5297493743791708,1.275031018593442,0.8855939485077493,1.755217105208907,0.1683749041424636,0.724562048252797,1.1909071504873454,0.05841920875357132,2.39629242565377,0.93112579958719,0.5644605396537994,0.9465474251622682,0.6377361376277847,2.6516753282191594,14.614514275176647,4.99053249424161,3.421624992181462,3.6923520616463525,6.872886138693885,1.8756263242643538,1.5445235243193043,0.5215727236846865,0.505219094148683,0.22339103385447479,4.065091543347597,0.8930721908096657,2.7406113838824515,0.5312090620418368,1.4613375985609216,3.551029940831132,3.367485346082671,1.0646240169420988,1.2946751949972783,1.3477330005251391,0.8112911226204219,1.3801229447947618,4.653293373240263,8.40357561751005,1.0172446148758274,1.664732450536089,0.03310429673180293,0.7789165459350043,2.8363416528374823,1.7972474424549685,3.3570208262250056,3.7835457471324503,1.7607373547044327,1.963763648029357,0.32065143113851047,1.4116933149375652,4.725632713943074,0.055040932933696496,2.5146633464459516,0.3100221601677706,4.560662205214781,1.5789453864663234,0.8133430571373043,0.24741120141130302,7.878506999201956,1.1565653584418887,0.7421882589508002,0.8592861787340507,1.0051813224357349,1.4155994457639567,0.3665855575532949,10.38077840208158,4.185637601984686,1.331527880716768,12.304598737553397,5.65095762823032,0.3772910638980227,0.28219237753914284,7.380781462013519,7.821289272366249,0.2642407956097106,0.2546785366642874,0.623109604382067,0.8491574170080489,3.160722298699473,3.3112461922516414,1.6670180319428518,1.8310975275069232,3.39941515901938,2.406339283587558,0.4029850233507736,3.496189932450515,3.49766307699144,0.43545913518443413,4.192460280217368,1.8976281969203572,2.673891210150483,6.023071138430729,3.6421500848311243,0.7686932681672871,0.9906588079259929,6.088152313897267,2.149236339818888,2.5722833305255444,12.151166182821765,2.3399101741645483,0.9761930133548022,0.8867974292592751,0.18528659722821583,2.373952120751227,2.156739886101145,0.04780867834367131,2.5921220066114277,5.92020070987238,0.4412776536223194,0.16521351817285623,5.5514700057733055,1.565558755057208,2.2504167260006267,0.27447466175588897,3.098804024774851,1.0539796916839625,0.360295009719551,0.3670723629799286,2.139936260574451,5.260170575692051,3.8906013495504634,0.5613303706741135,9.136997292631037,1.9184690260483674,0.1191519694219828,3.081057947830173,0.23528333560390102,1.133615656803084,2.405487681552909,3.6702324567527884,3.9991247866438284,0.6231969695414677,2.901529610892364,4.2901706305250435,1.9470023076123715,12.300420972041415,0.7886807741629505,1.1573631792269623,5.226407660095255,0.4859189409676302,8.375224431617408,1.0434992406562171,0.22462737522839404,0.3739210705140021,0.832353802835181,3.200834924357043,0.8839835802008944,1.833222281088944,1.3978122999463016,2.3646519442147493,1.670046360745503,1.1557129887788538,2.8565373626715256,4.105147471652134,3.1157361891835524,3.600630969896658,2.2040391620611643,3.462215388898227,0.29537774857012344,0.17113379568446474,2.406044204237827,3.516429406225516,0.9386213023446344,0.7058199589161758,1.6214766774580496,1.1201661165082881,3.4322871389749623,15.197327108422982,1.0453539999957326,2.798144636492765,10.409508519957543,3.058123091756,0.8530325944644237,1.371871665315155,1.298864215532364,4.507792532959766,1.0707499241873706,0.9540765834725411,2.496779437698279,7.007743142822469,6.153257791833534,1.165918058885271,1.144527615294403,0.3231249874911615,3.5871330676849658,0.9964408735997511,5.035579316373256,2.1930515537827544,0.7441092187781819,0.8847676999702638,1.6803609651752398,1.5891494977552578,2.1537904367691523,1.4908035348910431,1.9037193078517491,2.864695159629898,3.034571414872218,4.597767676308151,0.9338125695990875,0.7838376508587376,2.243299524976563,3.807116891387401,5.44658241120032,12.641380554078275,2.498421343388905,2.2135269785132987,2.8225088205948943,1.4130693935717789,5.567411106018688,0.9863148138815122,0.5389928592241793,0.8876903346382559,0.8081700909000831,0.05861326155567281,0.07945091238301405,6.3015155065327955,1.4367540685189093,0.9748854805581256,1.0384923189005066,0.16077175196268834,3.9591296089205015,0.7051024184844712,3.5623812087973925,2.194042034476503,7.118157347101161,0.9615884709820404,1.907881624463856,0.3086629889925345,4.598652733643168,5.118867565161386,1.0814285837637847,0.16774122691641735,1.4039116125231121,0.40384444895407345,3.318493436039507,1.0262353928896557,2.0883899043688627,0.8538126469344935,1.231892571485648,1.430175555038635,1.3006001064267414,2.2261786288072725,3.9261805892248187,0.49792041184093355,4.358593696213008,0.7403747881787464,1.4965234463462773,1.7621620144802748,5.65632510723153,2.6996152717839452,2.5417003872502,1.1930271245377166,3.149886251658078,2.838265111621918,0.5515679993558227,5.637196094158606,0.21563218462304867,2.7623371596124557,1.9121840024591945,5.485733080204284,0.19172726579909183,0.10209159500229859,0.22305151809130808,3.9282041467740436,0.1312005693707936,0.40200540688635167,0.19318191407701832,0.6411069702110982,3.138743658785357,0.21724076262858005,3.8940214076153152,4.620292340591002,2.3966948141283844,2.757453055350683,0.33967752876766455,1.0858157111612279,3.3590082202918556,0.7573533959020415,6.242579866119376,1.7332939803065295,0.6319301112865676,2.7277334028853355,2.6259487911189474,0.9423757197208986,0.2068425548514674,0.9630006112588505,3.5631776917731566,2.9254138688846063,0.5714874246391202,0.9800650451314801,5.0342906661033595,1.7036860735380817,3.8452076184986153,7.288570092768052,6.198271842608797,6.455383028299903,10.571995451278834,0.5749137022607046,2.053627457017919,0.4453075731435543,2.8534921533223656,0.8383135940084179,0.14172519048264198,3.0989184808567787,3.6744633190200457,1.6853394234292862,2.454078773870952,5.483943762960845,2.42642155516133,6.699739105581233,1.4589594659462515,2.289209910131087,3.441738665049321,2.5298320311348435,0.9642620598565581,3.958450099586977,1.1543136613822091,1.2348499293448785,0.5415862460139903,7.8613767322735875,4.2195912556023245,3.2840305516672728,2.3083236958865863,0.4497296135649681,4.949288369896877,0.1109285504241686,0.4175194775029689,5.446657463905724,0.2579791938782352,3.1060368678160475,6.104346126380495,1.445765736634475,0.44837937498639113,0.3401356069113681,4.532976833212457,4.190952639964843,0.36162276282067607,10.514816139931527,6.89424895489645,1.4352769757704595,0.6946727700252442,1.6507547090509367,2.7160091186521367,1.4906069551979733,3.643245122909545,3.360144932804263,0.5041326230862858,0.8895737603927734,6.549431178488569,0.19524765595482796,4.654638746628115,4.7390739876375685,3.423247922029515,0.5193221048242673,0.7876962935148151,6.4860196297353365,10.299052609094671,2.7013273414009227,1.3384109623723024,0.4931367606500938,1.5751859337147192,1.3898843859081342,2.3807890191082075,5.960379377953181,9.342878609886599,1.576116548587629,1.451167158721335,3.397778627992089,1.2802260215987538,3.400248939549342,0.6681382076988519,1.1164319521261588,4.069054605382661,1.361589577018281,0.26415030070457146,1.5527714863384852,0.5194191413960719,0.3379083799168834,1.7018301158262659,1.7061988533660692,4.753040461328786,0.11862072725855244,0.27788198422531285,2.8859238455148586,5.251742949637639,0.52466141561756,3.368124157817892,0.15023121414693308,0.3725634200077068,4.2514191635459175,1.6104399624229817,4.251837523513039,2.364646373838457,0.06396228163582185,0.006354235792243035,0.2368155425066103,5.19937586266146,0.08828614376725064,0.14765930400440652,1.2834138526491452,0.4625565368161495,5.88991570843323,0.3336500236407788,4.8206609769807,1.3547784639231624,2.625597035150243,1.7889454362655919,8.056152478569256,3.246852552882251,4.580428115662915,3.613583608202262,5.503084047186754,2.703073858882804,1.0683160032260341,1.837413414241564,2.3308309512197405,0.7793710581782727,4.582817529783748,0.7667728414406944,0.18187459902293845,0.4746888147771552,0.45233662564089405,0.16674289088830152,1.379307399562717,1.1032129419567425,0.2212958269874834,4.531094229458405,0.9667671999221628,3.4972760897978525,1.730979187844429,3.5105033024942998,0.10405527825180938,2.952594520638744,0.9126230249124301,1.6706253086167564,0.5021871407994114,0.597545481358892,2.5827616241786444,0.5114892411379977,0.32527156393229884,0.596714282187849,2.4799923300197664,0.5332130376090491,0.11443418887239587,1.8556568489318206,2.0436393951666068,3.4745388101089625,2.8845488734279847,0.7978220570472498,4.698956755003489,3.843995232166071,1.4364826797780825,0.06458860341292638,0.26652693354872636,2.7720349647916254,1.3018996846021536,1.3224421917189066,1.246932723347708,0.17851245419673,2.4934827834788345,6.372147956693179,3.8711018074464647,3.506386616232869,4.15696233552613,0.6390394122231957,3.218986958489691,0.9292230648868955,2.1138731332451184,2.5744127229408997,1.1859577373079955,2.383886059007604,1.4548847529192521,3.3883271078896104,0.28121712042319147,2.23587941902003,1.1864274803584396,0.6336685157491337,1.5309094878151823,4.507521721061957,2.015970128156024,0.5995166294916507,0.5511418888574905,2.5698335685025273,3.8381001903610548,2.8761558346782463,0.37122899672631293,0.7821933784423831,0.7581231897240324,1.4171126440639847,0.4365004959380361,1.6334136925253633,0.44753501264004947,2.1695400554916366,11.261189836267263,2.8107590789950856,1.5938165457179347,1.1057001683796774,0.9283483380021567,0.04055892773600167,0.4970483470538434,0.2757671151567358,1.7896294865007292,2.108028686700168,0.1560572315486296,0.14438624159110547,3.495705008821661,1.9334127795304108,0.6555059869789222,0.8012739737208021,0.8394350637629424,0.827960066872276,0.6194524284433821,1.717303440404768,1.236206370789453,4.296841009036578,1.0260237495086892,0.6905076380054185,1.1011169538031167,1.8788384182070872,0.04887110622359203,3.1849415508072587,4.9619282073706374,0.6657992181499952,1.7707488183807367,0.7507810336678816,1.8943119733115419,7.6071873870300495,2.9025903180407977,0.7680508448846762,4.805405087911779,1.560568050613204,1.9489975680005178,1.8413712458887894,0.24373506726418848,6.1995062119504585,1.7210875862500217,1.2528876564618299,7.715506967937978,0.5007995360465758,1.3869528170741288,4.62643684768415,5.419684092394369,4.152334247517975,0.24273807199792197,5.219783777152841,1.6132968722633203,5.283579923652241,3.8903389860802617,1.2697116228298269,1.2945105519032465,0.9069228434987116,1.470149856436985,4.625466644444395,1.365573442385902,4.380315712833697,0.6274174367178863,2.4890097908144493,2.179193186956217,0.5774729640691467,0.8783875894863624,0.5913123599987626,0.7509746213328132,5.8518300469798215,0.3729071859750779,6.2283844638131,5.865184824552505,0.3400022298187857,3.0667251200190746,1.348613344201821,2.8401838533575914,0.12514706834615485,1.5648561231852256,3.7429077589543183,3.023456034342509,0.557133819385569,0.5645209721859339,0.04608319465265642,2.3282934299063,5.285257828692786,0.612099560448361,4.236204543506637,1.172009059877373,0.166513568917304,1.2910587597578431,1.2432540497670583,0.6262027268444588,3.3766062562260446,7.626293845001143,4.429646391969435,0.09702962065998921,0.7653127659236769,10.737392254446208,0.13748541728096164,0.36579021450695803,6.222984396182486,2.1217617210850834,2.0990349053492876,0.23508318932209016,0.14039781858988643,4.812579116008288,0.6180480429111792,0.7409096087008897,7.918721376526841,1.7671951477840606,2.460021255338711,1.774678811501554,2.1850746365369584,4.981248650441822,0.15978020278548288,1.4929938501450828,0.20048462179224058,1.310337139380487,0.6041332081305066,3.0816623739163482,0.45479711360066455,0.2780797782503708,2.0594893061318773,0.26519232871503173,0.8119235065412964,1.4997424324786948,4.511280041476259,4.084601814152585,3.8445482628982894,0.9641629761388899,0.5756179391687846,5.510512893089389,3.101582194001924,0.05608199602201214,2.4541526134757907,0.3573917899081749,0.6275333636296274,5.203469342598283,0.6405921181182685,2.51442809387518,12.052424244861148,0.8817306685217463,0.8504236555401203,1.9953354470041724,3.956059665342818,0.4939632685620574,1.2687343246778362,0.2611297970421633,6.032355435031782,0.8409423944434413,0.3005654663644153,0.04268011881527123,1.0915366339480401,0.4666300353095999,1.050881815173328,7.363649458814837,0.7675988860076477,1.3162943475351225,1.8860099118866587,5.386620580445513,2.49206381162703,1.2566350033963962,2.647824936705484,6.2092481984704575,0.15107060552337803,7.080062148305946,1.125326471460852,4.487154209321008,1.0362551373456004,0.0552177577723455,0.19600165878810616,0.5499784749201955,0.5882999104451911,0.12132218470506873,1.9366757745257528,0.9345723561147117,0.5594691366345609,1.2705481458137953,1.467495719467701,1.836693027963739,0.42118921136222176,3.810365047935277,3.375247064111328,0.12090079077859406,0.5688837396131317,9.65088030531794,0.9285230490405176,0.84950480145893,0.8186530126255582,3.679259836360446,3.3334895896207573,2.705638385910072,6.066010644278895,1.2011525388683002,0.4311506007138518,0.14033258143397892,0.14568581100531786,2.916026696946051,0.4523407144438042,1.0221606128828475,1.4291560341072305,1.0267784293030076,2.704751781842242,5.101928018942136,2.587484743638345,1.594405984256996,0.2272491781449517,8.808078777742452,0.849894934240142,1.5444497364805359,3.306677231452191,2.2764682712601485,4.81757124480656,0.6356137974340894,4.939818436072745,0.3125528970377256,0.5463999451084915,2.2311495743831258,1.755661652863172,0.5241779087895653,2.0446817103048796,3.9848595435213188,3.436930544227119,0.17437470741786187,0.4641715503793964,0.960499590680413,1.892374561496696,1.1406349527843398,2.268370608964281,0.7458273943369016,1.9294095286648396,0.9808946663195154,0.7225491033936076,0.5217141957758411,5.8075901703179795,7.6146873721529165,0.04038566370827501,0.2866276532314765,0.45155195991240005,1.4466685530990508,1.0033999383659262,3.9819056128361243,2.4922114074260495,1.2005660605559272,6.8107366415583535,1.4707733449856306,0.41464404919248943,0.09815984936225908,3.243438682742123,0.8281702799577815,0.6240451272455236,1.2148187906726902,2.6904409264198446,1.3670747190380332,2.613356739924948,0.16294204305234716,2.1558729855207686,6.592144347035357,13.776855579974107,2.7564129421521595,3.7276752644180347,0.05315657021998832,0.10694963786055478,2.9810347878876504,0.8930050644781979,1.1361783075148346,6.181589781103847,3.08180573723879,5.523389351743391,2.2846507263553955,2.1955795411551384,7.396487627681797,0.05269332691561629,0.27391711955069287,1.6119629708846914,1.0492036782248553,1.150216001911733,6.231695092060819,2.043136486421605,1.7152368161770588,7.04779225615978,2.1570722068310646,0.20368431405796183,0.5010665793540556,1.7737258485247607,1.1671017246231246,0.9735600639374983,1.370803762416701,9.752246271666731,0.5876896144353174,0.6732014295621693,1.4109237221210296,0.45317127765564846,0.9895452828103468,0.4885355172054573,0.47459358468366275,1.8380195597523126,4.264996752516227,1.6538395451007908,1.2430531512239067,2.0584294326391124,0.6651936686286035,8.082238796077716,0.11029067528542169,5.14979560738194,0.03655179131801933,1.1290160043057713,2.6506987350198785,0.8386985193096875,0.779925280853383,0.05470364505624159,0.40100129377685656,1.4855697125311496,1.1225216155457587,0.5193841884765624,6.465545508864061,0.7447688845664513,6.022785571423498,2.1915051911227956,0.49192406543073464,3.9531661396346123,1.9187393576937093,0.4013167499931042,2.089273148135336,1.8785473628025908,0.2808366752155015,3.8938052698268546,10.51318488379944,1.205969583974869,7.319725759529236,2.690082950709329,8.241932840042773,0.9868476208928754,0.8972735142757814,1.5071538665247521,6.55029185062717,12.404865133791496,0.7031152941867647,1.0269731115496876,0.3742504967350928,0.45064269452824646,11.291662224168315,0.1969335719387897,1.0686137477646098,4.344093196201852,0.9681987314032854,2.661971692691251,0.42803499279704793,7.206221447569555,0.589231802221234,1.729034585144411,1.0221970990021756,2.2890802883517085,2.6776901756689986,3.2018356536164188,7.089295535699456,0.5298701788142997,0.6438115711306133,6.666867913730205,2.2567027357938483,2.4294504834161588,1.2882067800287653,6.564597439214092,0.29304416376299347,1.371840810105362,0.5806106121050748,0.21647397652787914,1.5793875385361127,0.10414737609592825,0.23708221718757927,1.9134028405761845,5.193413144365592,0.46375766681436936,4.6954212574846395,0.8831701004642292,5.397458074699124,5.561494936512362,0.07544364024732197,4.283884520179584,0.7703153690062932,3.2177019706885837,0.2893041044966086,7.101781569324405,2.08077887206162,0.5584029189894366,0.2636321032961706,0.09089971332480618,0.9547443958170578,3.3611318804832964,1.473459967076618,2.1113690185206804,3.2913199935647866,8.651862620007364,0.7005687169135772,2.4681126460411367,1.17240464734724,4.750688451023549,2.9004484020734504,5.523495370769906,1.0122738308476367,5.716541201425292,0.955147753561294,4.621523949086585,0.3311422466315276,1.181296082597469,0.7435858320184479,0.9452523439274498,0.7030729962499283,1.8761903596093348,2.5297187031373523,1.2176321582368088,6.605152339728311,2.992899161237081,0.12386206947332468,2.3726869284908676,1.1869061268550039,0.3579818550372398,0.6300994066033528,0.6952311218522249,1.705464379021193,0.921004319892661,0.4527601309788234,0.7615069648606525,0.4297867291505608,0.14942679033170525,0.3784538516919995,0.4363855028075727,3.3566885133623803,1.2842909399525295,0.6673131008181862,5.006720497793942,0.42235489258530357,1.5879736987450208,1.5187963746611008,8.93668345130813,1.6499062597414238,1.3103779369700264,0.44655043833142993,0.5112456649110441,0.05320039702578083,6.431513866279737,1.9519828062025364,7.113707591110879,1.6286321689918566,0.4530724750397306,6.017168327742013,1.5366292423298644,0.150359458976139,3.4547085679616325,0.17570349432003618,2.4187803939937105,1.7770828468569948,0.9467287958696695,0.4734436364549519,0.16124758793568938,2.5672992862651594,1.765819455199214,0.2684845176186528,2.4878699264698207,0.37066236342455494,2.8013187067798264,5.263497053498504,3.4335290992778775,1.0106732446043631,0.20431031713910497,0.49661468961774763,5.045895850832646,9.926446163018761,1.1290231589255297,2.8957782245790105,0.052964087119365066,3.1024542602734884,6.613168279456744,0.3645299005069642,5.313461507079918,0.626368862186035,3.6953019446918924,2.479456355783556,4.204060834185324,0.165292986268454,13.592927072189314,0.7235713866787612,0.28454891337381394,1.9916990213803334,2.094704293569639,1.241043906284042,1.59871783926855,0.4798227583504686,1.1069300075625987,0.5486228263464739,2.3395736979514847,1.5000464737628145,0.3189410522969348,1.1800471567629385,3.661458441176224,1.565945139992753,8.417319101197453,0.22301404060644892,1.869051132046892,0.6462211825014692,2.184743591885556,8.49783323217261,4.402773985052338,4.749261252804357,2.188053316755956,9.763641965714955,1.931822803862309,0.14164402379862828,0.2590983139991181,1.6154526465916526,1.7868152687072707,1.29444206926728,0.43601528945556617,1.8380475570705581,2.3131500355102315,1.8586729788464984,12.965742748968848,0.32711238019533284,0.3647584084406601,2.4760838368122196,4.899870383312037,1.8579329888666423,11.450921112880497,3.5952815463822527,0.22552745521197692,2.6996943686287893,0.5032078212741533,2.9485167058454467,1.791314778249247,1.5027586874568946,0.8378793631864038,3.641848398188754,4.932028522332908,0.5496279429938166,4.242412730703322,1.095536399497793,1.8266729930413803,0.18276902725955524,0.5255253907119064,1.7827731188374862,2.324254731889031,2.384881447092632,3.1791984468603545,0.6569923320464957,0.9478418303992442,0.8341028940787529,2.9774326506182636,1.2369202873711855,1.245721871372715,4.542618663896513,7.035525729458987,4.19432661062749,0.45550539986307453,0.24369940558286385,0.37861231335390055,0.32916334463100183,0.7737019004542816,1.2411856225470506,3.6974153672791115,1.3303390008593703,1.7473118748780636,1.2820989306506183,3.8075980677842978,3.1822103045030383,2.6117148425412458,1.0011971233165513,0.07190695447121481,5.010395617023398,0.6281397902023094,0.4249355732475,4.207926709055449,0.2594286424421821,2.434984430926902,2.345345307762881,2.567579555143352,0.5620218393023878,0.5372602153439828,0.6721220150862122,0.5532710394648055,0.21306114364229378,2.239082389985823,5.155844754163901,0.1370569115472553,1.5719871734702004,1.0615389440382024,1.0959001630672578,4.658118732293944,0.36045343886312975,1.8629418132637974,0.843998138497593,2.0263631848723325,3.5875697002746554,1.132708020629381,0.17780410038496486,2.4363967783868805,5.76653530661955,3.9352227675404823,3.6392758763772477,0.6543365057421626,2.488349139556245,3.0248260079297844,0.04949677638170469,0.6725977278541975,0.41165136163130267,4.301386344116525,6.1433408924533985,1.4858641695779864,0.17527827926432304,0.500416884801141,5.3696728497499,1.7137515525525426,0.4757299253141307,5.6041111759772715,0.30492028959047945,0.9897503647860635,0.17242159576842075,5.603479938630946,0.8998721246039707,1.25336047641815,6.105957507867089,5.675942230385689,2.8654310550271735,5.988380337425413,2.6472774990123797,3.6051388732889986,2.8756899359658097,0.37155932512433276,1.397186599105558,8.433047107870738,2.7559180911551433,2.195374896889155,1.0592565484266507,0.8810438371079374,0.43266982958390043,0.6553094348958857,1.5961942968451892,2.505763883031576,1.4786354942522444,2.032343687436726,1.9206785394216046,4.673460557501809,3.132220875345291,0.4401130245832837,4.075481172611947,0.8437054492055047,2.3406324943869365,4.654968730683507,4.822458776958938,3.510789490915628,1.0155140694294582,0.3406878774367348,5.876517303073864,1.99499301842269,0.7056991598417186,0.22527774368924475,1.1269143253461715,4.626666966370523,0.8443522299799474,0.7205963327509323,1.704320286454372,0.43196638832085266,2.148949523129818,2.0865429114526672,5.079549168101496,0.2852342406957826,3.204760940291572,1.9126283502387273,5.8285350409357255,0.31986907327333647,1.7492389640230392,0.686508460663878,0.27062757601170473,0.6278555733577414,0.46509359772798287,0.30966495336882094,0.41895375075762775,0.47618262344428786,1.186555249484429,1.7022902266133006,0.13922423705802456,0.7456831829805226,6.188737271967976,2.232538332383896,2.513866812996192,1.8931034592490095,3.316716915364454,1.77677018222784,8.870976006692926,0.6548039666043208,2.7926255513199587,2.1695655982494655,0.9094197480094948,0.23836125683645148,0.6390808875353451,0.5850449053514772,1.344590743020029,6.881268427308109,7.376907909561721,1.8094681645990898,4.678878601915664,3.8983806596631,0.14205595868832077,0.9912601517052679,1.3250680321847648,0.9678746017115278,2.0611696888861184,1.4319163124929046,2.5321422535497984,8.595613306726062,1.27215259401191,0.21404134592733282,6.377455663796799,1.1914412355560624,1.6832849332926438,2.6282297147888354,0.3693580598755466,0.8083546181294761,2.024347781007658,8.258343456416945,3.885803511198167,2.6676499781058296,3.24964323848916,2.5490354884649147,0.23382188012943406,0.7905780771885018,2.714291368239497,0.49959736777844155,6.590076689800994,1.1018737130150607,1.3588706426010446,1.8310523837931423,0.3191003545845026,1.143067206683773,2.1010119247857255,0.5797608380490931,4.454895604520984,4.381709629663634,8.56136022092807,0.8766897175206054,0.426655349925629,4.72759278226305,0.9651794730742944,0.0638843482188004,0.5620842201454319,5.411439507975582,0.5173880703363509,3.9048009485400463,1.3406314782919917,0.3969694508046937,2.9751893096569706,10.370864290808068,9.476079206386135,3.2690323866119804,4.072938469258095,1.237910034005231,6.002074251996753,5.100701675548705,5.671713988985065,3.6833790864102296,0.2343956846790518,2.801989509066878,0.5490637258475692,0.8028719787635064,0.2142508280276485,0.31409780019266487,1.1825991537440617,0.03332757794350061,3.571388810182186,0.9076513195755966,0.3448522408011764,1.4847527854803393,12.062319308375677,0.20855320019175105,0.3181479731745189,0.5844788668684693,1.1308518543688841,3.554124021323871,4.534071436923662,1.220194321619191,1.7665781783307402,0.537450567205566,1.5235152820863496,2.1324373759345425,0.8729502831984234,16.506794826750422,1.7509596788168844,0.2195109734732399,1.0311982667567785,2.250487423788254,4.332405535960064,3.645477611795737,1.009216128787422,1.4282985583710754,2.3532009701071765,1.8788240176553515,1.6248012516661534,1.0769326581756653,5.909836417823437,1.4878556974720816,1.8376736154424242,3.7131083654918595,11.401206505109277,1.9025765960100156,4.037460579367779,0.6673310917974056,0.5053176900410312,0.691777127641014,1.590320348227319,0.1893228528603969,1.2559471147850925,1.4273796111084263,0.8534622388330457,5.168766179443569,2.3332389176635493,6.583430564973306,0.22283493768170093,1.5429614346611578,7.126853054159952,3.631834725111819,3.4966085585662614,0.8660916340227933,0.14191753133734453,7.6864696748591985,0.2010329852215058,4.493097603172261,6.381389172315131,0.1509462007478588,0.3457995326236867,6.844824980210861,0.5210504886305445,7.280878316778658,6.004163541382409,0.896202445406449,0.8482767957234296,0.23099338960855675,0.46554923664207526,5.346717702165352,1.03890173018735,2.7451874449920837,0.30593336164438945,0.931261583117124,1.6550923779015172,6.943847935751145,2.1397093738631647,0.3184124872470535,0.1450138117687026,0.9538956387695567,0.20773168076769122,2.9970597972936965,1.1736980505153856,0.7964123064031192,0.5107989483658394,0.11734626333754683,6.191496284507108,1.3303557040608074,3.0792064384857176,1.1945834055156148,13.347159199580835,0.7712711785662898,4.262924536297508,1.1392107545532726,1.4687951155735117,0.32718257783312854,2.6595146170292305,3.8597185655510353,0.08834526488321126,2.2284865178100044,6.5125828047132845,0.13763650033233898,3.465958596997539,3.515042980867719,0.5413340428693109,4.8340710184979,0.42531297321658146,6.812675825271861,2.4094695569507607,4.4859620518819305,0.8149014972280368,6.43745895127296,0.6415478932569822,4.634254641503808,6.027471649090549,0.43067906884484586,2.6139116505895523,0.4999845310144546,4.367779753396017,1.107334448971622,1.380392235370181,3.1690127232110488,0.8446591817519635,1.336820438582662,0.11120847098718456,1.9630972086980965,0.5613938270768384,5.480385160984792,0.985229082703845,2.17975892265994,8.024516358156825,0.6361377730235174,1.0367337122546176,2.950797181657798,1.55830473039084,2.407492537981952,0.08352852495502039,5.2001434730545695,1.76770431684306,0.1428620815908621,3.4839836175226733,2.434752315102867,1.3950587601565658,0.42740304153073805,1.5005335585925355,2.9494563625637698,0.03311683727377024,4.466450692835174,4.023151180342691,0.45919687981093027,0.03869301107835488,3.8580821939759664,3.50576489747638,0.6244877237908313,1.4868330472001752,0.20547899606133058,0.7371538975012553,0.1621816326764074,14.300954185777377,0.1581386977187762,0.9947009648845742,2.4793070711372813,3.680505337645241,5.26118564895741,2.0275959756542705,1.6583220058829795,3.082219405912397,5.830215263641133,1.7184331261559995,2.7167973294611496,0.2216134156765679,0.6680973349207183,0.3852997947679778,0.6159298587839916,0.8752426990092594,0.7430173794621291,5.27912043862232,1.1398883998417504,0.3986766480158286,0.8827462640377234,0.43144029082256496,13.50848851033551,0.10883984249151935,3.604736772373262,3.187435711905342,0.9001701162720819,0.6621330954620486,1.6532178544227718,8.397672168612813,3.2477558737882846,2.124912026979694,10.742290694562062,5.505512584118297,8.367530312514608,14.491636688771361,11.174057771201939,1.4422897332227638,1.705672911574867,10.572023175795971,0.2886071530174209,6.089166863622688,1.9431898009675277,0.2517856498443776,0.21740111802184336,1.6151716587379006,1.2042574467965634,2.126692085037904,1.178374694440541,0.7806520481330952,0.36469809241436074,2.968497165251508,0.5688337225873816,3.693328109949176,1.3965322605689123,0.920174531228765,2.369546012776002,1.7642046245869192,3.670169739656806,1.782119551544627,2.4202954765421376,4.3946613074395335,0.2026449698451337,0.48037152080497836,3.044332604360293,0.44851540528559886,4.888964996226804,0.5662796772691556,3.2780826632244717,0.3817083991731943,2.4506717027901543,0.5640632316409708,2.2528237475761848,1.8928650727188996,1.8554374237167126,2.013743797167212,0.8415523234374338,0.36832912378254645,1.0053280973779697,1.2283661505840298,1.595436010428736,1.276883119077079,1.4674358817117492,0.4216201721288173,1.729772258706947,2.7907803883741926,2.9334439745088288,2.531162445998552,6.838908277683332,1.5539531515237057,0.7814893781224217,7.957370694105637,3.46025343873549,10.030776472177909,3.2841296211323785,7.833076157135961,1.3695213554240244,0.1455814183035834,0.2505053734756073,1.953258693960851,5.58238893714385,0.09293739442813184,2.6697229371578217,2.353414638711106,2.7727306331294135,0.6941716829755926,0.1425005827924486,0.9900019106138139,10.023440574904487,0.642693669227453,0.40054041970002974,5.033994837979228,5.082561200933359,1.8166807143781996,3.208123591968072,6.599771193551451,3.541556486518229,2.574084108554653,1.9409380521456807,1.9979394451278496,6.9778599812316076,0.639008587795426,2.065692515697845,1.1706135804891238,4.131449615193457,3.339299973803379,3.5871010084595443,0.24414703167281293,3.8137666555925858,0.3843669694333127,1.1570549842274778,0.008515744236978984,2.0886957047865193,0.3689260355655133,4.8695981121423575,2.589089761292078,1.6341958978636273,3.87908069238924,2.4974452888356375,16.39864957041455,1.631965683902113,0.1293675388909774,0.763502647960157,2.120042331919821,1.0076668368839972,5.462002284572838,0.47663497221249096,1.4582738019507688,7.239391803105508,1.770218463262396,2.2138251556914335,1.393509663168297,4.7328174071153395,6.047253368248613,0.3390854893088313,1.5331863783756348,0.4875730310058892,0.38091326969106465,1.691799618219045,3.377439763783771,0.6471546290957653,0.43925763048023425,0.07392289506332128,7.937557021380766,5.454748542096212,1.9778275071792248,0.05097130409204054,0.348164518350528,3.051854264860996,0.4212120536215185,0.33927718957087616,1.227545626271985,2.071681498009556,2.3858571692101047,1.0678209565230445,8.416018568284983,0.4357346210116746,1.2430421557062252,0.2590883302450715,3.3751615144812193,5.430865079168339,4.244437593341727,0.15992195659166208,1.615243289902283,6.206701591172781,3.092830211106965,0.09893094317611384,1.3667640004136987,3.815115192610986,0.21564198318731664,1.844494123567358,0.3942708492260554,1.9112087076887958,3.2140018507068353,1.2329452621386627,0.10974275024606861,4.495202517918049,1.5928668723576267,2.3271867427816213,1.329152804280737,2.3511728699893184,2.977111397747259,4.583463112494563,0.5544325498815811,2.88869573928624,1.9172916116290026,2.185921065679769,1.6378624944072548,0.12251551066434696,0.15327998065476311,5.029391329380436,0.5373960275908218,1.8355071317728395,8.849888412380182,0.8190365657307657,2.8551171868565057,0.28560990090305605,0.7419078730342017,0.6940990784561665,1.6907069317135233,1.3450755512457342,1.9765553500349506,2.030707132361566,3.30842786482821,0.764516801243244,1.3443977471560984,0.2421325573926686,1.6677006267053855,0.5238969110002465,15.052991934920321,2.0697858945106984,1.6871607347106528,2.1973651334923403,1.499597244054879,2.2363531989885566,0.9316992295192432,3.2857431452329635,0.23626122239520408,0.811432033531938,0.2615880951962515,2.3116487966186283,1.7717255927318516,0.48128078802447316,5.325087880096753,0.4067375700526615,0.25320284625715206,1.0830760239879758,0.8408001543187891,0.3729076817422784,0.7728733145052646,0.14440471322034742,0.18926878547338483,4.658164705854621,2.0033530096830576,5.845858847229061,5.645832851588162,4.641750142782752,0.8853435542491397,6.188044530560943,3.1560513215852937,0.29695785058537094,7.520455616574335,3.1314164331788197,0.5382405513437292,2.511588470656548,1.0523443324223907,1.3685397065867482,7.5238147318607,0.3497000792898386,0.17954238247892562,5.245482335586886,0.415227712724319,3.423260004947968,2.3610773432329486,1.9817195945060682,3.914504280991431,0.5247655674592794,0.7210873686585159,3.5588408895744124,1.2412610501950512,1.8120295010156615,0.10066561124625378,5.974526605423836,0.1834655690722291,1.57336453063877,1.012218835609422,0.5430807312241086,4.389363094428155,8.973201416234273,0.100378509920729,2.738688665307781,11.590190662540367,0.17317015277369419,0.10132035221136271,3.186558083300775,3.5570556413297307,2.9197992614646795,0.9244005645019375,4.188928654003197,2.5681610981770793,1.6377888095574074,2.6559371126458586,1.4902810883584228,5.72951002394891,1.5726258653525014,6.381729996503349,4.647909242202127,3.0529900694756726,2.6781037410123365,4.456792012084906,4.900463548087151,0.17670002844130073,0.805484984759941,1.0760326702470537,1.9286144223132,1.9634053852262792,0.8498752246268628,1.0934186896068128,0.5472900646153368,0.1707664095149541,1.6508582347236898,2.0472797586806104,2.227677014167142,1.5433440927849726,5.014708283175383,1.9603199936934828,1.2108840969686034,0.3016729761969529,0.55365438531194,0.6520804256233286,4.503590021268496,0.6711751365255667,3.5854399559873427,4.837279261700964,2.3403850763618816,1.5053826532778136,4.032906631206609,0.7286256525169945,2.7359839465806504,3.3985360455642573,3.3812979414853332,2.0666743311351436,3.2854698663356743,4.933133374400642,2.825401902238945,2.8530712025718152,0.7154570404092344,1.4276045382348905,5.101896864370888,0.525070782517425,1.5311751908976379,0.16737108794255295,0.6179513221640058,3.078354801167851,9.045703470305785,0.36687119929406253,0.34574996431489335,2.4584255678333538,0.776671068359071,0.5340951716622142,1.5718159327376204,2.2009836045709354,0.48675394458403876,0.2583720912401417,1.5341094817965693,0.9579695742962083,2.361527751090413,3.0148000341736068,2.5310171671556727,0.5695312901929017,10.728894017494717,2.2483798629115523,0.3017119979603286,1.1411163309925716,11.309700359829028,4.221407304130988,0.48096393212914434,1.1636703555390846,4.186249084749482,1.1164818937750054,0.35366636904867477,1.9303062704675202,0.4269084085606696,0.14848813268324523,0.3707309458633421,2.9790717038227617,0.5742570802577129,1.4899741073406285,0.7313253287938706,1.5973497748020529,7.60223560941825,1.71273934382035,7.652461568999564,0.5483673102732003,6.293355635528257,3.5636224097736977,6.423203852671013,3.9930934705566887,9.662507850203832,2.1299657851730314,2.4517825366491195,8.799739430413519,1.4434582744133988,0.4192606151755772,0.581594268893372,1.2022482217863875,1.1774786747293786,13.830954043574883,0.7818920654066901,1.0793101486013374,0.5002593578142552,3.4952694540646476,3.479291289170455,2.855627799930363,0.48132259376229736,3.07528496908067,0.12325375813041095,1.3686529585047684,1.3140257627404308,1.4482655152116681,1.2870086330643495,0.4434316870759828,0.21296212375146206,0.5665243136505789,2.6740017763622936,1.2343073442599142,5.053566936538447,3.4313092843496165,1.3545662777668794,2.659681323047352,1.8497849632680552,0.754494116419206,4.240924742775003,0.953980467534121,0.12638384252760548,4.144023221296713,0.10606485003517108,5.777616767213944,5.144426433453178,5.032033380837651,0.29341387353043213,3.7390823355121157,2.658876672786004,3.1064663180643324,6.240668957281944,9.858628021018944,0.8146720172329778,1.7346140942497308,3.490589112951367,0.4636928180200721,0.8330672318601742,0.1530182855211878,0.15431568514145733,2.7769749854220205,9.276595777466204,5.951408412658397,2.4521510745122006,2.328686578033579,0.7133807434381336,0.4573242161969473,0.4808591277007972,7.233138068257148,4.576377161665866,0.49312410672354445,1.8161827491447171,1.8000098804803106,0.7201420146437141,0.8249980412473574,0.6520784655320625,1.9867359968692304,0.6293416421327256,0.4894785820256935,4.272110536233083,0.126407299421202,4.9245376724438,0.18970775894801953,1.0973357604052063,0.2119443294854384,2.1004811116268374,2.338699089251965,0.8612714621025674,4.412582557180269,0.24573960000053685,3.519929573604807,6.997026978606536,3.6309110754699914,0.12733153363993455,4.507745512459228,2.388250899623181,0.4961431947451792,2.923435863755401,0.7970029364385433,1.124191390978714,3.146182297978112,1.6716524800049082,3.38642789778345,0.27786018505456744,3.401905295735836,1.853881091197505,0.8683025609384833,1.2712759935019298,8.08197681863149,2.536327600262636,0.1194087377768277,2.536659420515254,1.5036292634857578,1.311294852945461,0.45055666893149615,0.952099083250449,0.060517842403149835,3.101298422191131,0.4845970141067758,0.7946156330143946,0.6312184804779344,7.719010081051552,2.1701820099989955,0.9567389813479338,5.3844198980745235,1.4644989532098847,0.3336709720077089,0.10766455475737846,0.3038662300093603,6.17590700893993,0.03461666879783265,0.2694524780765811,1.9081764042895373,0.11225121472308897,0.4248457304968988,1.1870673004180183,1.135572088402923,1.3023702456655886,0.6949875904313804,2.770630575524073,1.9384159525368636,1.662582296464058,2.3799849368480936,0.9770210876958627,0.20505850554279748,3.594734885886805,0.29700056828427224,0.532135187407986,1.1402180149132082,1.9901431188399241,4.515846024375933,1.0174618067655885,4.6969127442330345,5.031066143478673,0.3434875982113019,1.0712180418876174,0.9662242699183793,0.1186959681895603,1.7139877632854956,0.8141201585238445,6.782112473465176,4.148863998745752,0.8997635908945727,1.398579843366077,0.8557094173237505,1.1348557259880925,0.6522481311901194,1.0896795712028422,1.6935055469507598,5.833440213117219,0.6037395495859891,7.130816850143513,0.5421617351229882,1.193578283883447,6.571230623810516,2.186916541563299,0.035992303345155574,3.636642931690802,1.8681755723655156,2.429633746601226,1.4898564792446845,1.0467148459012843,2.04202153284093,0.4337066042447233,0.4740339760638723,0.35510325142713184,2.5752947667378616,1.4798110362101005,1.463570278472145,2.872349713775694,3.631209044794648,1.0459263478923497,2.638776570138157,1.3249062287168272,1.679773179986104,8.175655913392966,0.38419838388651123,7.947349052837684,2.6271904665402763,1.3604601126734133,0.9714807070563782,1.3740800301612064,2.191217239813542,3.036633593479548,5.335881375867341,3.0485160949378183,10.991426343263065,0.19008160619481052,0.19069883079134164,1.2525621586978857,0.43581027421946483,0.4068586136606175,2.10220785591221,1.128483421511846,4.457097571916018,2.1474896999865094,1.6689857531831567,1.5827822551579964,3.159899951150169,12.162339889481226,0.7744789394183891,0.3726831085949238,1.14883573005334,0.30406731428028166,0.9720339271333569,1.822529171350948,1.3291914152290722,5.57698147293841,0.295860536611233,0.36373027162031213,5.564481905170439,1.828185125676058,2.234231535348166,1.711260551235244,0.7030746380345336,2.918701746765804,2.529444209861121,0.14218489913761934,0.10513053593874755,3.3790823358785462,1.0495299991353755,2.3607841582792704,1.216175474433555,0.1613540446425792,6.499727086607966,1.8954642561948163,3.4826938510490946,0.7179807691482555,0.24284410454869665,0.7529936117589839,3.680270274333735,0.4220288917375141,1.3754471718258459,0.5961810412106108,0.9554454327916252,3.503657612873224,0.20675805828465077,4.604252515805504,5.787885302498658,2.8514477093727266,2.1182087968547774,0.1917363332152745,1.555486130401867,0.8959135053254506,3.4894862520408005,3.597063160783176,5.545639644228622,3.208348435436186,2.1018510408509243,0.7967741800916714,3.2057356516531703,9.11338521136945,1.401825431051262,0.1640594986234345,2.5953095921905343,0.17982720439819988,4.91895896564363,5.385731628110254,0.7263983473400248,0.6235942767551852,0.18488124168639053,0.7982475483890263,5.444514814119838,0.9810758602212452,5.801483192195087,2.61558695780077,0.3498832838614915,0.3538927474402914,4.4056898029953135,2.686541196389849,4.047324436980873,0.78031043649747,3.6427377244711643,0.31470128606146497,0.1767732564222272,11.462719883184219,1.090275178025044,0.7328921872318923,0.056953306602342935,0.7403623933690087,0.885379877821107,1.2231086942157638,0.41728226032254867,0.2601011113459927,0.7014741194867293,0.8464126616962971,0.6710184061082889,0.2740283581321199,0.48472438677351093,4.1718613327547525,3.8818938554858624,5.8655798886041595,1.6961681118851741,1.0865324129894582,0.27406402988969536,10.428136776924527,1.0314002446945718,2.161973750268497,0.7163813525605349,8.10148510633223,2.071831296381687,4.220649313654531,0.39993469017536554,6.9960029215570145,0.22722672394740373,1.0497886245833556,0.31768534060664355,0.4574128307164106,1.5177208923200118,0.704149348905845,1.4953165240631567,1.082067936885627,2.944965866811292,0.10349159838926081,2.1832704635192277,8.215649598847321,3.0241871007228984,2.1957035771284166,0.7625064079160375,10.184718020738725,0.052588274999290974,0.19950188536086666,1.1681335772722246,2.284975911390767,1.2180110129103903,2.579502970341509,0.13771634217709172,5.889659803829586,1.1068607256297263,0.34840630283416746,5.808279378071508,13.396225577392515,1.574959758634287,3.6964763568234464,2.3921570428435213,4.6883629773289215,0.2410416576686743,15.844323198316172,4.999705212441036,0.20407365093706886,1.7592408185035358,0.48343855248692846,2.8708248390602003,0.5343506484137113,6.019466576358503,0.47412790467685095,1.0482095862345964,0.41346283862342104,0.47090210999692994,0.2641824057997384,1.6244129023339982,0.5279341521850804,7.575802349941089,0.5176160442871908,1.1977275290971767,2.2661751905147844,3.9760051706869866,0.10503789875108183,3.866839905257409,0.22129210504416075,0.16540233739240628,1.6332292921888785,2.6860467374544372,0.3987948780784567,0.8949903838779782,5.498557867298713,0.5836840784843405,0.4342917481729911,1.1764955585758141,3.5022975407913233,1.0958390926372616,0.9051291179648417,3.5975866160721846,1.8431888897303608,3.2892751490992627,1.235594070727268,5.974314777933207,0.6493383244649257,1.5581057684939827,1.6131326673190747,0.6674155225639944,1.411655251321458,2.066168625849657,1.8682096007443378,2.0915755103041596,4.622319909689465,0.29578034053376034,1.3910629204307203,0.4874430370144825,3.755101548908428,3.0123690999663877,7.915080337242103,2.380845162586863,4.211310450834696,0.6150191248647165,2.182033215215349,2.61131051614988,0.03595955579980403,3.2840485638887458,0.3884342973927397,1.5859297511700143,1.028645214159601,5.43887485339747,3.469806247577203,1.239623581533771,1.3292441601669267,1.2173700711536692,1.9347248195259161,4.0275909441411875,0.09116794732638478,0.29015948161082494,2.807009470877747,0.30629235596065996,2.0025033837918054,3.650675667703543,4.057759033130304,3.1651901717638666,3.3425804808514177,5.518891126367727,3.279477117310837,4.712906967172782,0.841657433131509,0.7506124564769009,0.5363298508190206,0.22777437092356978,3.333169580687526,1.673688149971805,0.21616123928954845,0.2964087782116629,2.951375577450227,0.789646969573391,0.18606087792099074,0.6790622091907985,7.8453388205018815,4.030168507854657,2.4510008848121694,1.9338629447949345,0.8987811436369839,0.23752389935894433,1.456893279095015,1.01261809920509,7.6789393110590645,3.588712826277506,0.7230111158251287,0.364226605189278,0.24376124460583054,7.556142656674186,0.2850950209365304,0.4267422954421678,3.4093375192943194,0.24779862975784428,0.6265522712460966,1.310466836402163,2.440053031457259,1.2674138952021072,2.338670417934518,0.14638679169725677,7.789737644939076,0.13754269737460167,2.250536176380825,0.5469581104669803,0.2432385168293949,1.0114314478566266,1.1718000629699667,0.7479808694269818,5.575734112374887,1.895591759654987,0.4649980332953847,0.5621852451039264,0.3864677058688559,6.33857128249077,9.064313829616973,3.4281800589397067,2.041216963317002,1.6643193573116437,6.055055768770966,2.374765966837816,0.7506610972540799,0.7620664250313807,0.41994196220190805,0.7907491045277268,0.6093765294499167,0.7560154351861734,2.260450935328732,0.14290605205675805,0.28106923612182505,1.9777398320124748,0.3748740238829186,4.05879603048281,1.4968186150863634,2.4742784626543397,1.4592083776042308,1.7329977366459692,6.985130355106461,1.0649316278877867,0.1948271712611589,0.28218759608974214,0.26105990710484406,0.4006165655036469,2.6164899121085012,0.4275444844398134,0.5647095422079351,4.41418261094381,0.14954259125155234,1.358948145339184,0.30674570572851645,1.283726328279788,2.4071338869034355,3.1462957688095563,0.7926689625486472,5.942137272628967,3.2119978753445206,0.07177759778896431,5.777781760218813,1.0900388623019648,0.3346289256825197,0.8319895810359794,0.5731304859794375,0.4876787215941748,1.9574700196943575,0.8450066434331747,0.06738410434831876,0.7212170641733158,0.5956325391073831,1.9723257215993188,1.4717681425176732,0.27339608366560897,0.3888767339848226,3.1625974826246757,2.045341965690535,0.8727233301685203,0.5416889356676462,0.02233999794026109,2.901431398615459,0.14084777060722303,6.230859317405501,3.170469616985394,1.7823597708593555,0.8119522874939518,1.6440001597744982,1.197559464485041,2.9876694685727188,0.15646642506091846,6.04649096624038,3.8549267852052878,1.3722088276756346,3.231681182310127,3.3191148701319935,1.509297394106351,3.450544241745315,0.6892497694999609,0.24972062268143735,4.385086805912821,0.08737336810392415,0.4706396456158908,0.5266711061630576,0.7430478987137734,7.742371837403386,0.3397167779483081,0.0665748727622279,0.31818782508450094,2.0854674556242823,2.8407633005994413,5.203850265699087,1.0893245799691935,5.944433171263784,0.7306273310799306,1.04896711057197,2.8562026316696585,1.6217437358949298,0.6587170079713188,2.1813789529735352,1.6079769221604314,0.3278609281144801,6.326585251902451,0.4392545962658061,3.801406506210591,0.2063236849697761,3.2277773023097485,4.087301643303935,1.1661763909159735,0.5213853822913448,3.8749745265343454,1.632063855536194,0.7374565405857263,4.278621021953883,11.151225871616333,1.1780077998754914,1.0708963710439925,11.569788124569717,0.6156384487803819,2.117416864851935,2.6457555528545442,0.557075027193054,10.499573286013788,0.5774610886677913,10.740689661220994,1.5768408475669062,0.7397184766675831,0.5598831376143742,1.9306776289823566,2.121724414082445,10.838895191785,3.0302245614859475,2.9203678901400636,0.8506193941916573,0.996352679538804,1.9275313259091056,0.212045791425425,1.1127965022354696,1.3899004493664635,0.4524377562032199,1.353744601260314,3.6572729692907844,1.3209538152388665,10.013040321442658,0.5696978150598789,1.7063011294191526,3.7524019128770325,5.773405024944622,0.39871361079713247,0.7254958722983214,7.585307595353328,0.06132923034823162,4.2179018048387,5.656516362349106,0.3839437854554135,15.617189802567605,0.6532272199760886,2.8078080309022457,3.342160029489743,2.5238109462105442,2.5559051063077263,3.4220164392434436,0.5279073729705943,0.49551686358423,0.6919512874691762,2.60920455481502,1.5972954433773618,2.8174582982450445,2.3048664500412133,2.2414622075043473,4.836707821880875,0.376179513836595,1.8153781642862636,8.858001490981948,3.0162985638481583,0.5028975617033057,0.8631361565887601,1.0805798909912643,0.46954347547483294,1.7835334975955544,2.002503402814062,10.59288361522035,0.39693641746276587,7.292422476325137,2.532457555076836,1.5043636748879488,0.5689122594994211,0.5923610859042302,1.6231298911881376,2.4160716855863815,1.7154801975067004,8.041415282304126,0.4728849429040396,1.9987213547252103,4.131079520250655,0.5989483430771483,0.5633367375344629,3.012254335898353,0.974484746207058,0.9719423493387498,12.709899792002762,2.037341666641783,7.3960366640226605,3.026356117507399,2.267010317817642,0.6167826235823584,3.8516573147091315,3.0188524589506893,0.04858930685420493,1.6637475333904925,2.1381209306602083,1.1955315067192034,2.2247634067499957,1.8924720040327654,0.23529323938249502,6.099065247585358,0.7157111049407341,3.038478216799035,2.8784420268374844,3.3947205200989607,0.2849262256443267,2.3856589780104827,1.3885180064923568,3.4600223068565454,0.9396219495406485,2.630296309002376,0.942599216415623,1.4192524012549026,2.486045040313116,6.051497417054129,1.6473317341819635,1.8576606289908693,1.6669784697133805,0.23749520786022937,1.4291490818503643,1.2430014100190099,0.6060551865872528,4.805481453991134,1.759954661014013,3.7840689839678507,0.8308423992972003,2.1380580565404284,1.2404491624362606,0.9147830868269597,0.2121394795310525,13.148512555261782,0.51768382030842,0.6950821012502837,3.6435450817011876,3.319856577398449,0.6449023358629704,0.32614348600955956,3.5450280881847247,3.3519564606409404,3.268290939504676,1.6705320511550505,1.7876775815205361,2.7106088150332894,0.662468701685911,5.138549614422115,0.06199211959879758,1.2858879457106172,1.9562510279172272,1.5402607748024741,1.139734037796376,1.0891710555132397,1.3921382989596789,4.2910050050185635,1.2064132767496467,1.3393694390127964,1.7729598568963842,2.798857753776565,1.570001600026154,0.669028065333769,5.0448070830994505,2.0485521314458266,2.678587019703425,1.9670384487533545,3.114015530017589,0.5567792184180733,3.3076658169500868,5.243898435508998,1.8243211957614858,0.2070485465643166,0.7925371086615334,0.6398862878401228,1.1631140499267767,2.408727737847434,0.45476027231313854,1.53831009488305,0.36860621477053535,5.186896463940827,3.0809615815374634,3.1856530319974303,1.8879810083131294,1.3603550993229483,1.068420365890835,0.7374141112825809,0.1616192314173901,1.8960161682214585,0.30682979119403675,0.5449848366662846,1.0741613290507808,2.085330392003387,2.1895793866056033,3.394689745660865,2.279803949719494,2.6235304458125928,1.916946426155843,0.3914057827613491,9.061114475431218,0.5481034202506745,8.467953426099523,0.7531767988446747,0.5650668334102942,1.4144086027368854,3.1440656041995125,0.6774963108139278,1.8563535776180986,1.2136315484962883,2.5614577793221325,1.009952385122442,8.067042450529598,0.8448496654152944,1.9316122382508951,2.140874110310663,0.1365381685117142,4.592319770389352,0.4996893620693388,1.8667801982215049,2.3141903031828046,5.855222903840792,0.6113007922194202,0.8644019551706452,0.5847377695754836,1.3979050469646968,0.3688138930467053,2.050466099058774,1.6937981513368117,0.03842241918341216,3.5028462864879293,7.2133969030989125,0.17960608078567875,4.623766224333209,1.6648410207265782,0.24055809991628618,0.9480578391832579,0.14935070188213595,0.3115575206079606,2.4764531741927964,8.310621163481173,4.32032698511062,0.30184067997746444,0.8566318303519349,3.166973268931924,2.0503850684337612,0.14517448593005344,8.904679329134657,0.1237693408781406,0.3802471851411393,0.5816126908366942,3.3746772251584334,5.426796690020341,0.8128713434964209,0.41719472869268515,5.0081768185196776,1.0490156340362926,1.5541239783298266,6.313304059029301,0.524769844850323,2.046282900296211,0.3404099731408471,0.5273689269714154,3.14520988102535,2.2184828204947715,7.082714297124649,5.337862294192462,1.6436536865255673,1.861189962290692,0.4444091856267728,0.8572961172747913,1.016934667963512,1.761762674984226,4.135378606562332,4.6804083330910835,0.2638422830238316,0.3289906330893889,0.23996900240894625,0.7931610872117473,1.488296523145701,1.625932688110129,1.1483857645967097,5.6822978832858055,0.5084093040760765,5.100519712016243,0.5849957974307749,0.1411500114309332,0.8233599812648813,3.4226921081307276,3.783971061963143,3.9086402954277912,0.4343840496599473,1.162582834331148,2.216415288370383,2.393502863687602,0.12901806931403526,4.7272345262089654,1.2750274568761732,1.0060665980011276,3.1732426615220595,0.629352190606973,0.25011269936802183,7.4197219317860466,0.6515644146004436,0.3766126189839655,0.20442665076126376,2.242900661116231,1.5023613586344189,1.5040585315991837,0.9972018077871181,0.28885392210617367,0.4868258186643848,1.2379144982558778,4.1114101034298685,1.6976746419942303,1.6054039878324196,9.404884434077632,1.868488754491111,0.1199125310440412,1.307037737708539,3.2360589853104726,0.9804535927866289,1.8186526459774397,4.004593610175344,0.7847834253467885,1.1252333943003252,0.137206954953215,1.298605293306559,2.2074453110492023,0.026629905480593852,0.025217300313196578,0.13088650604747232,0.07841081689539334,2.5710114681649654,1.0879380613143415,4.862051372029505,3.1664951523252167,4.734520101980783,0.763586942736227,0.49422501201150704,5.49513275430936,3.4708124244849685,0.2407652427091973,2.234474808892994,1.6079989210234356,0.3941091443198492,4.841018160986226,1.0867989916399876,4.306564768289317,0.28481102869189245,3.109757635689105,0.8825374852366155,0.9379010937483603,2.6110415005327345,0.036799672445579246,3.547359126314827,8.07730786607218,2.578385706688194,2.1258815285018917,0.8186593329292196,17.36354265798519,7.910252823153512,4.804784519481554,1.091334787115187,1.4855060788007908,0.2893912450072218,2.831108524524427,0.12812630535393704,0.7074559429001628,0.5363671631496578,1.8027341343608294,7.619886535445667,2.551990149546924,2.053092554601425,0.650198554155996,0.11168995596866976,3.7403617307871753,8.85631539282626,3.5882651094597184,2.8422435326600546,4.184064281893575,0.8534587415241144,0.13329253996023605,9.013182770439107,1.0601179394631792,0.9101966979976432,1.399886242224531,0.42075422218915937,5.5535786944825,5.208167338050405,6.781287504996424,3.952778673375003,0.38692470268448437,1.0666805996527668,1.882987169763604,1.8293462146176585,9.085991151484635,3.9099512888400345,4.510639310956691,7.387674634894043,0.9999553667467831,2.508733933692283,3.55352204899585,2.9806159194774136,2.479123185071489,1.5218452986340436,0.6606564430606547,0.658762434367878,2.231490225666634,0.8231173084930217,4.681603543557692,10.21331017054698,0.5026519124459758,1.397355690607501,1.3077931223075558,4.432086993321022,1.4596146121726035,1.6076192531968665,1.3420358524103466,0.17703053116739254,1.2771360559512865,6.394631538865199,4.490402628054348,0.15396039524409355,0.1966320496347045,1.3056051688453074,0.8478630760487291,1.1774695961459232,2.3811029450645194,4.2874374153052655,0.2748461379592584,0.44453722362570586,3.3523621727408788,0.3763875907183437,3.5669803415795895,1.6544736977314256,0.5859861013877669,2.6542691729639163,2.7059796973419825,0.225682126281592,3.311473922550201,5.140086080443395,0.4960904242793054,0.5148080494136658,0.9378171114985052,2.80373172160811,5.0543538159421075,0.8750348672059689,2.7959726681385395,6.918089413469472,6.849614044262938,1.4389732746589163,0.5828609143964125,3.5027220110390074,0.2366708083167688,0.4864271077379758,2.084436659918714,1.3108438123714994,1.998938546581002,0.7050727942937929,3.646644468310298,2.778631257585235,0.1599656940961447,0.9501461641806256,1.8635061615579787,7.404927782746398,0.05340532620657079,0.4563082544659771,3.5406174626394225,0.7070745990456127,5.890118885820687,0.1162303531391855,0.8374432367473036,0.599872934408864,2.7594376957248152,1.8240043349690505,1.5070281051692804,2.5032175894977398,0.8124720601411579,0.14594522327337467,1.2759718437626577,0.10461173310272304,2.645126747651968,5.074304275569429,0.3714234365258301,1.2714177982856987,0.24233880972858102,0.9189267249658284,2.0560567903756337,3.7051733216333287,2.791996368511875,3.764256658541726,1.3805016701067938,0.030971699264654262,4.086628250581906,0.18538401409270644,0.0822776338039044,2.490759580734052,0.12798829478315876,9.25234113576984,0.4309635148036849,1.043542527519159,1.1250871421273356,1.6378798274272837,5.490188427730781,0.4472919572962133,6.888229163222437,0.3542493439293386,0.23144995705630755,0.7038677449887167,2.9241162457175722,4.503884790908334,6.492502113688392,2.2518893101823987,1.7544998750990646,1.4635508562624928,5.512309933363597,6.757431508181631,1.9549460282918218,4.746471009167795,1.8706416806400041,2.180518088179425,1.8207601531615216,0.633738172560415,1.6281278798312597,0.4983362621345473,1.1266597359656148,1.9896890974443426,0.49071023693442617,0.11355696889513123,2.568142391313536,0.10134673159833163,0.7833460768783619,3.227785678693702,4.83419958505358,0.40989235876559293,2.137214120286443,1.31737955558594,1.579860775825137,1.6650457202447906,10.686769712276144,2.0914212239337715,0.35460820997226716,0.2924806563415365,0.6918454493551762,1.5892806518378078,0.2545462478555513,0.8090027455181132,0.46657684889314366,1.8476814901570215,2.994540284521903,0.2462459254203524,0.48695103751884994,1.496873720451326,4.005632164335392,3.4598325230672615,2.2316843836910962,1.6054266370718397,0.9513895270150132,0.6450607577330276,0.9371292168970371,0.7387204134002265,4.829199492172867,3.9997866074794803,1.278069699813897,0.5231867032223333,0.24815951783827506,2.4476452750038433,3.1644155243906074,3.4348106991042773,7.05672384221773,2.613336516509458,1.378960834128692,2.676359282457939,7.675595881703157,1.7649094967692376,4.053379458450513,3.206841227792139,4.956360269052141,3.2263179988079864,1.445700142997629,0.20767259509314195,4.438859280727925,1.202162038456715,0.5536957006870772,0.4056495455598852,0.21252669941856617,1.6143721672397915,2.613713876575426,0.6165034985166793,2.9570338530659717,1.074400527906697,0.46525749136158234,0.5205903598731483,4.356573428104835,0.2498304538728111,0.8211783652802498,0.4033626646442394,0.35743752196264944,0.622178128698702,3.7067879659807836,3.118849305806354,1.013244882484184,0.16658358529953726,0.7028127634475227,8.126603616336354,0.4006960218223923,0.5767759952085596,0.10978340465519132,6.723093080362869,6.834484121735563,1.374840940918523,0.9390835790397121,0.14023324523908487,0.7737743977833645,1.4363771870663262,0.7559432632035423,2.038541271975403,0.06414798985116194,4.05802940554133,1.3989680676232203,1.1155105517391133,0.487361986570914,9.350188946024355,4.33803063754201,1.6077881537797736,5.074756541871303,0.04515700274926959,2.175994026982123,0.8048710147749828,0.24158866179914407,1.3349342896653604,6.021645302977844,4.284330841135114,0.6638620444751566,0.6800908662261014,6.086199576189877,1.4812597478176137,2.2141628645223683,2.6766825645791172,2.74624706654482,1.7538705322793233,0.5831153115975984,0.8166446476467426,1.7694826311084388,0.8971681812747183,0.8026633426073024,2.128150879079487,0.399335818849125,1.0337248409345574,0.1395548772949906,0.6863345084040848,0.6722102316362177,1.919566611679746,0.7005772805495948,0.43043518874560016,3.50630537211148,4.666894072660202,1.9069087727978489,6.40037197167271,0.32462619049097063,1.8356119991052209,11.53776492676996,0.5392395879535741,1.306817493219719,1.3581874130923364,0.8499302156666304,1.4275202487432908,0.1554002188964615,0.5049133448137738,3.1609242487915292,2.2123273011015048,4.026043057486339,1.6614982397991551,1.7310004067936964,4.208260207827553,0.5805113344094681,19.175592012546943,6.757438355144854,2.6603586486725077,4.525117269716952,0.7968774447879022,1.359223864068317,3.2608846091519847,1.022940726024414,1.4457271543725647,3.410400349966909,1.8376194921318805,1.914873862737004,1.8376534525232777,0.6477741835793894,5.823922249786241,3.4114726448124495,1.769168111973319,0.10341183685915367,1.4821510732175822,0.05393178132572429,0.06189750706269104,0.0627096806561207,8.333637561864943,2.064595146097734,2.542940792970127,2.6244044417593773,0.7587956863964977,2.6648390006166265,0.17335088605076454,0.6266409903587822,0.9765363657879298,0.1829498458376957,0.26620173213443765,1.1361204346812384,1.5082679499724096,0.6420328334778471,2.4976121362069623,0.4980324023813181,0.4657514033795667,1.253463478594901,0.6707738881271996,1.0949675458109165,2.938764860595307,2.2720196838021396,0.7107848455123935,5.137873054871182,0.38001314187862967,1.8535077924060475,1.0007383253106341,3.0062008331950185,0.7453441446053248,0.713549361048387,0.17797784637831304,0.1412434924942294,2.836467058585607,5.008849881149037,1.9939688011749683,0.9471839910068329,3.8527991464772273,4.221257152482525,0.7461291047445314,2.115826703096964,8.249403589773655,0.7469136303341113,0.4980428956832146,1.6510685008209416,0.7019819818617745,2.413803203006445,8.256715898765693,1.4096729100818952,3.2657464559335456,2.52095613255747,2.657633853465594,0.7276533179573177,2.4096930484166883,6.997446925195132,1.2063623410045143,0.32360959597643313,1.7035387731778058,3.1086585348736326,10.567812150663322,2.222282021709578,0.0438516447565751,0.8516743677769782,9.17367172089521,0.49880956687049594,3.3966916421731783,0.28465936219746846,1.3913861696225156,1.082607603890457,0.14381888692354505,3.4523369429233917,0.3324638929909105,6.758678120743041,0.42409187363690554,0.465859536407603,7.628461203700031,0.6754394835657496,5.8905716623099496,1.005368854536853,0.14288086390557686,1.2391474696456446,0.9522476757836591,1.3380201187248488,6.115280783358243,1.970102799228045,0.21422062603798975,1.3613281552772527,3.6877600992086625,3.5000622065675335,0.2821649247241469,0.33316599447117046,1.153926204793037,2.396741479598298,0.7198126888731382,2.4480073099633537,8.026602165287692,6.318769114807618,1.75989770064162,0.09846024408984658,1.8799235589872954,0.8485943329006398,0.49476387604650685,2.764159169739535,1.385933378190134,0.18652318984054395,0.5062138100014842,2.0754236860925195,0.3860768531017743,0.2912955666514476,0.370215583179601,1.274896058386246,0.5135584004367753,1.6945885136745575,0.6123233406632911,9.62891943702747,2.8784448811767858,1.902773225001796,5.308690952907804,8.313373120356575,0.1442589832840655,3.677608515384934,0.49177147450896785,0.4165084815463287,2.0490068924157527,3.228209146139507,4.5949480913521095,3.120428459726855,2.1019460926198383,1.112603193121335,5.439560397812819,4.357898293169005,0.467277975451845,4.848613932431582,0.2259498423291446,0.6406358435343023,5.521071366430592,4.5779615026906875,2.864436580475257,1.0769847474873062,1.7819504425927843,1.0188850789574673,0.1407806131023306,2.020282422062776,0.18644671116901335,2.280195774862592,0.6485453885223011,3.806622999977076,0.7614024503595067,2.1713318286110788,0.19016858715859875,1.6168345067396523,2.133522167386092,2.7038546035334696,0.03854109749304846,0.27299311197998444,1.0338806219315373,2.0918306269703506,1.2431435493962004,3.4493081309034483,0.2973835091090762,0.9579300698843873,0.6692921559891114,0.46287679790824865,4.87516762425762,0.6630351141527655,0.5426404032858347,4.045042659982052,0.5642816103961991,2.5054860078031895,1.2940996819095583,2.543950355216399,0.8460070756628003,2.504783888256296,3.8569908620652322,2.910079774818471,0.12479295528307732,2.4396974082015674,3.2549777429890545,0.4112245535621016,1.0467822768061352,4.103288474162301,7.278205093964585,4.874610936998622,1.17775959794151,1.1123269687809771,4.937803391464863,6.747764819643246,0.04503069666055376,0.3502864835616527,6.044268599917955,1.8637515844203385,8.943574095005822,2.055230903112685,0.07373598075901344,3.9722897228343017,5.222428728233421,2.0554275074050365,0.6085244027842993,5.160568219155842,1.934659943071988,2.281483762731974,2.3317942044797495,0.42897068691115875,2.571413901892609,2.738433820310368,1.0115142859814688,0.6941439416054216,0.29619861804752456,0.7885845396034701,0.1083485924176033,1.6985175597635638,1.9635454201975062,5.312470852678091,1.465433106189053,1.0061968231421163,3.4537328560750473,1.0691089775099447,2.4284346299903046,1.0962358474050933,4.040502397222745,1.2745966086326477,6.733862056027219,0.8990280583342365,6.560946546130441,2.2849193351069665,0.7525003497767,1.3700865707305947,0.14823509303069082,5.063066341915988,1.1492167464751906,1.4375250633539496,2.3530009939055003,1.6860115416063812,3.7530425526810536,0.5432174655112477,6.731783168885023,0.41228761935611735,4.200575356938764,2.5586836251234644,0.7014155565449789,4.736160746922235,3.2000662817201717,1.4818887247797552,0.05952052722475709,1.296295910210167,2.035124103602371,0.38573674678786407,2.342329312823746,1.259685102962844,0.18188017259745443,0.9429899285430665,0.42378366767001574,4.9962476750963125,3.7715111031711186,4.1470728253743525,0.6528981784526218,1.2953654260082468,2.204199237134643,1.3268725013907203,1.120717857343791,4.000012211245744,0.8919917474977481,3.0054417897369734,0.8563756496617982,0.3701050939067195,2.607782223206532,1.3429282846476447,12.653534059319554,1.1775496105049696,1.6466347276866387,2.448690694487495,0.7611908065640773,3.5778019988966205,1.797681768917625,4.151512372247903,2.469805201399746,8.017136450065866,0.23903628887073403,3.250719274782887,1.2289632748765764,0.8284428180077404,1.6808133134450127,6.260902993401897,0.8857471580385659,1.8639880494843677,1.6158214216087026,2.6155539794034492,0.4588675548869515,0.8931308163246096,2.186552714807775,0.5156785148122498,1.335786237556117,0.15938916322627583,0.7556773616952311,0.8341172201902951,1.4050005408523847,8.3609798240296,2.300188084644944,1.0485411037121233,7.342472886481965,0.5023476931199251,0.25915566831305203,2.8534869588910476,3.3684022084098317,0.6877667463246424,0.3954536633834609,0.427648429962459,4.927704875265874,1.562172355692089,3.024532295235013,4.6571862123945875,0.48050634714340834,7.578905782906683,0.8538918824624483,1.7358560774106122,0.8176812702765661,2.0761683056751794,0.27458261830865693,4.271324147007222,1.877496246310804,1.3201522833783885,0.3123600712687551,5.4926289821832865,4.025341828064218,0.6502284747398469,1.0444596376664057,4.344798649596076,1.9708750710267098,5.287825451473024,1.125707268698196,0.4741455212139515,2.6188784857115244,4.493198761889382,1.099423535414239,7.006302591948796,1.6135326308460423,4.302127662020284,6.359083182776086,2.30449934972091,2.4458573583696817,0.4796949636498,9.072096779824422,0.5168958264373686,5.371776878991739,0.3427553922813791,1.5906985997752343,0.7203667244022363,1.3559819811844507,2.715888377806479,1.7022969265248298,0.2260890633225796,1.0710842311395707,3.829037122992851,3.300406041789797,3.0139434095866737,2.433747681169338,1.757131756792024,0.461962928609397,0.9977537586344998,0.23005140439584149,0.5244922587284946,1.0219904464621379,0.9070086186319382,0.7214703521258763,2.786648334057864,1.5970501082879747,0.3392893304954694,1.0140171019722886,1.0920361420042262,0.8511569482989909,0.5250831609725486,0.8026687381464864,0.4850440593426797,0.5784168138982342,0.8068141773436284,9.356954949633318,2.341960578713687,2.0383033377817017,0.4983988830345154,2.577237352216346,0.4071016478174041,0.2885264715103014,0.29547789879820235,0.714730012889444,0.09488649564114948,4.625544317145832,1.8119434180469949,14.852048904068685,5.77187641807881,0.2772160172360616,0.9064882930626983,1.282088523152841,3.7857284717387283,1.3420632764446285,0.20906508866707085,3.157646584777632,0.4710901974412922,2.454138710501381,1.6120128444727198,0.4134526462452297,3.181081482301175,3.9574488405157195,5.096873356834996,1.5609122684761731,0.5177418661020454,1.416116636497645,4.089902061568184,4.271270970683041,1.5009048921829553,2.5927160239852363,4.556836658443968,4.864261287000169,2.459753381910602,1.1700505247452513,0.7390812506950849,8.847563729515572,0.6526168528757288,1.1005131784206583,2.0676042174135185,1.3268525783409064,3.4587970311544334,5.721864754377256,1.2169912082047663,1.7957429722205398,7.416997199207224,0.37649913848986305,0.35552359833223646,1.1569773119033995,0.20416387991616242,2.8997980311054596,1.8414883830575204,1.0385616351156282,0.2890826832236612,1.136783452800103,1.4095410529052048,0.26498805909950907,1.0107134967853368,2.2032218695680124,1.558605552435404,2.00319798225377,4.775303147124183,0.3288743806922527,2.952928772546621,3.7468541668061435,0.3755816151575377,2.0352365448671,0.8485637381043278,4.769414166732411,1.1898678471529829,0.658055824788002,2.581453682899559,2.6070831414500177,1.4658758212132743,1.6083799384740394,0.5697577926310213,1.4092705910033136,1.3181007830478495,2.7944895592250347,6.247066379489002,0.42324673094715476,2.5675512757866885,1.9519201845937868,5.382324811235681,1.9006332007149995,1.5406406161722188,1.3265050086070855,0.22975072323179846,2.659701477284927,0.7654037964442377,0.6100970507131684,0.43634421163622183,5.1994062841333,0.17546225709932162,0.5849502966917366,0.13538045961144396,0.2842753034827368,2.352054624567948,4.550073053552168,0.6332497874929783,6.8528835605993415,0.7579706660084897,1.0589149521338042,2.7142870391904936,7.022000258298021,0.2564529676352276,1.5048444431058807,0.15029123797083432,9.60898801442578,4.518463180982142,0.3050466920171572,1.1890668356908778,2.24332781117051,0.1937603683457101,4.207717942529522,2.503159106572987,4.246545760911294,0.4126857387586742,1.9334021037615854,1.0290471045492948,7.835009924033653,2.6221812067330306,0.5337283573521459,1.8386843276293559,0.18776032019582467,1.8447030735384766,0.5170302742124491,0.47647228119060214,1.4791974762283344,1.817502057659932,1.4135489418256597,0.7141606998131338,0.3655403936791646,0.43383710852805274,0.30289464558935036,0.7774301874457503,0.8119793765415867,5.3885979442619325,0.4250257804377626,0.13290070122316888,3.354822449557963,0.4901336854766246,1.4372777067901192,0.9686353065555053,4.1170448820356995,2.327271227416766,4.626090852727247,2.333468023077585,0.7575785208625141,5.955717134234757,3.3238167189763557,0.14433617669441,0.33864834710244485,6.468796115111081,0.8014848265258316,4.3809795283061215,2.5559771250326753,4.216681698935501,4.376074045577141,0.46483224394107736,1.0297379860072966,1.5198588185795519,1.3961653249839032,3.2286018473482203,1.8028273680680569,3.919935127953468,0.3260393015840144,1.3167100980721804,0.2749806409611135,8.909068815932375,1.5429086947191795,3.2497786195691707,0.4287422380759367,2.835283933194259,0.22516274383969032,0.44291648351850565,3.5003973242732034,2.1256514038141643,7.841962759019605,2.9067446740137095,0.21468277599704644,2.290074617357535,2.0151802585935554,1.958981318513211,2.0090066980083288,0.7513209472183746,3.1921460212751445,4.121545554017024,3.0283419239069453,0.9765793610305816,7.593153497255729,0.5748211951909901,1.437053868911796,0.3394129832709819,0.09266232781220662,0.1592137502883334,1.1687715566807602,0.7626251734204439,6.257266313540364,1.7559785098006322,7.43941221452889,1.5903808460210138,2.0235484810024413,3.8913994051904996,0.48442103852208307,3.536964970640188,3.103709178079001,1.6634487380470333,0.3876161887950387,0.2646687024447689,0.29308779365259174,5.519652392309774,0.7930384553463603,2.8130931337735943,4.9584660737133275,0.4144278490619586,1.3266498193559189,2.6082167995182597,6.069834322175383,2.5563416359960103,2.3404062755308894,0.6591132514255591,1.7224079091954616,1.1665079275231593,1.0156357155305475,1.1101484334715395,2.546933747489036,2.685564107621824,0.992485612022223,1.7932351168601595,0.34653688145371264,1.7561476888120913,0.636301679740986,4.825909174907498,0.4644781043370845,7.338904749316898,16.031165492842984,9.525880593230967,0.4747103844838896,3.958620621633921,0.6808866967321259,0.4741333063948474,0.9763918495281366,2.1921906455225866,1.915130747523871,2.9808223176012616,0.1988962092037485,3.4696144077768976,5.014935866105347,2.6399388201795526,0.7099749870984653,0.254233006328195,3.6366048128561035,0.42937684567166223,2.1151188222420294,3.337147717182104,2.4713997501862828,0.5122694108875072,6.0598356371520605,3.4158283253675568,0.680862583664622,2.446396244727113,3.117304931270861,0.9286202138668846,0.17507678358866263,0.20732689417376132,2.4400413694426972,0.883755980757535,0.48147549074307594,0.4500480283150944,5.601243156240625,3.3341985208507703,0.5520559801428846,3.218885279730401,1.0111921329313913,1.351013235730123,1.283398963915685,0.28702031353962143,1.126239826960541,0.3374907281209468,12.229184568388742,2.768408797455442,3.472272098545161,0.8998239599484634,8.144855375728975,0.5428207772707979,2.4602157073105575,1.761343671546248,5.626078682455203,0.1389072693615001,1.8538215832584402,2.6777249922618274,8.594658311313069,1.51236168865401,1.8233456890397188,0.281256891788353,6.0210965534284915,2.8735691112358626,0.8909077467991252,0.11516467387665558,4.376786691374033,0.029786756272954462,1.107162135886954,1.5128412595926286,3.1677490470074092,2.224641087807048,1.2744052153030094,4.4101492502544,3.753691124563347,2.111638246555605,0.7328544712668812,2.9482163923004183,0.189192042795423,3.8956786800657652,0.23044345801926214,1.400628648067263,1.7738970644283565,2.275438461448889,0.5222854298058344,2.7746123630357866,1.7584762484387901,3.347154762546569,1.3128990537802647,6.9271362568404165,1.618224572102886,6.273487992308845,5.197544948418967,2.332872901259967,3.455390382977654,0.04164985470331656,0.3640470616503597,0.2957133808283356,5.583914636591022,2.0841760558475126,0.9216856302627412,3.14460873124755,2.4997913558823313,0.2652652828690085,1.3067851933221728,0.7527015175210451,0.8995819990324518,0.5792795557940166,10.35028377166539,0.15029545370707448,0.7264191102345103,1.2667967057763652,6.927340764001137,1.134249837252384,3.4305860122554557,1.6143369996016885,0.7570075485131629,0.2693273929396589,0.9875127702914992,1.2378903784248463,6.471289414508922,1.4048554679442562,2.2087457427845743,0.7933780300573636,1.5684651851743163,1.6984804178301292,5.558097192990311,8.162315871633785,0.5758684212785484,0.5438759873211136,0.2243083096017513,1.8939488095761199,6.5996746598582146,1.3338474698299088,5.203956589371779,1.4570553160627753,1.1116159318201766,4.608083987142559,0.24609787542383865,0.8131747403192116,0.10173030615488976,1.7159625272404726,1.6627690579235381,1.4443608201839198,3.2094484027719212,0.8490006216709307,2.2172593972906594,15.318201755058332,1.8534659600828993,3.4324834654115954,0.39905216348935046,1.9260502311947423,6.170245713913916,1.9290030208230657,4.542260889353193,0.7509209479649224,7.725695104212829,4.600643753682444,1.3192116370139406,0.7255906988563514,8.333477378473528,2.7983937319282735,0.9758089223083246,0.12822820658244316,6.828267215143241,5.126380729173598,2.4842023746605926,2.724554854635522,0.39360250369289185,4.52450576231854,0.2791218451513644,0.1883644621167171,0.7379177810126959,1.6857075032659816,1.661613697232447,2.506417175951599,0.8266254561234905,0.7760667780783029,2.3853660855370222,13.502839626786836,2.2793891783657427,4.367895329356567,0.07188820735412893,1.5858015821191631,1.3994573831304855,0.5591332793605033,2.760143236644981,2.71075640780856,1.112967700329174,3.6116398999392465,0.49841382670984435,1.744749283270807,4.572794098869853,1.2263039301436054,4.626930748499112,8.978105529859851,8.931637179457889,2.5275755333253422,1.5725328434219827,11.824664925522931,0.186146876579815,4.002447974023522,8.80512724832267,0.7396696405701366,0.24416287469829445,0.15230656750263893,0.06819213854320894,5.729104261769573,1.788498717391451,2.089601593338418,2.964647580554411,0.19159169971601742,10.284945405771618,4.361631660163717,2.597691576133819,0.18707327511568428,2.8151929984220354,2.8822719263369865,2.1435738567659834,2.595581394367523,3.1739371939944876,1.050965197222192,0.6053760802612602,2.8830811473261315,2.545724350109074,0.3928639597593965,2.3559207676982443,12.748422543357426,1.909256912531776,0.014290736900467227,1.734626854043293,1.3729266324449525,2.8707026176874395,2.4330413383754643,3.549817982861642,5.237289777745035,1.4075507470623294,5.528687570419433,2.1143872842856815,0.6163641135837019,4.098621047438156,0.6303422696530956,2.9073342823005044,2.481560004488206,0.6423825775463646,0.7232845515773144,0.3294579496432143,4.599325984263984,0.18360490962921405,0.5830552740949728,7.396544276548807,0.513317861649002,1.298462354279112,2.033805538479935,3.661867886202089,6.80863082273644,0.2695395848731459,2.285963142599772,0.39775484178579257,0.7571950999904804,1.5732024317288538,0.9231037088532399,4.3174098055915415,2.7207660597161984,0.06454361581588364,1.1253797623839807,1.2072477243841324,4.872235601897203,1.0301199683743607,0.7111329196960068,0.5170046627788288,4.722304531665656,0.8516171018459215,1.1523668275576466,2.9247682322837876,0.34537678257781934,0.37029634927243715,2.189035095198329,0.015488220253853768,3.9756289574787704,8.538850448601181,0.19298697334558573,1.4964491013454964,7.592397197250007,0.00845311160469775,0.4354182200363259,5.336435176186336,0.9716585405929224,2.166316590716683,2.6769858229543075,0.7152728320099149,1.809614768576745,2.6629919354472102,5.1033009122731245,3.997412437014058,8.11545250638068,12.764684716129063,2.249725347175799,2.630611667319041,0.6558257035891508,1.132854226948473,0.1856943276128722,1.4680097405179826,1.1722497961197327,3.9644290126878885,7.05648404496518,0.6505069193847498,0.23600730706460715,0.7606236419938823,2.2214956124089813,0.5517672657290706,0.969502062084493,3.3877876281721626,1.5668982750394886,1.3491777244601109,3.04571550015647,0.43749926680344764,5.997762727094534,8.44781151686633,1.9705736200860888,5.378868924536683,1.6368914629479643,7.080047337087386,1.285186074414423,0.18108078859825683,4.481514182861719,3.2918422614683713,1.2571565486015084,0.20509237468607644,2.370472962423665,0.18428041216458557,0.6775205044791015,2.604848805584833,0.1162210834555395,4.349990334575942,1.792538691170329,2.5235546724342486,2.392142566840934,0.08930628382239464,2.5325939160385227,2.733450292002982,5.41506277112311,7.840222706516524,0.04538605834792575,14.647281315792801,7.3301167366126165,0.2555002606226775,0.08239070243112112,0.7553071813257157,5.019349630139476,3.3072460926432425,0.8374125762246759,1.1816193033215043,1.1664226028256692,6.941184143445438,4.797464627810982,0.36861659833266136,1.8989378176525427,4.709998121823218,2.7752674628837815,0.5884284826639985,0.6971219386191734,2.9325753927473075,0.4722398575784428,0.8580642962629049,2.811169220437212,2.051479867004893,0.15922876432075928,1.7921495285835582,0.2287120438477357,2.0805427812146227,5.343489036863307,1.4913673179319695,2.4431999335131236,0.36166724492743907,0.343283292867405,2.8245199981683813,0.22007429203968304,1.949364316960642,13.019314391743873,1.8680393259755415,0.7135850235104213,4.727083197038429,1.5084469209081366,2.425887512044107,0.3160537493324704,0.42497324248171986,1.700859476006116,0.813887130490424,1.6525403134379164,0.17273818171415645,0.9102960050260183,1.3220352108847426,3.813807603745785,3.027793238892172,1.0398637272545093,4.623494308313474,3.6127790687327153,0.7256035588427423,9.067245497696927,1.2730327661078502,9.164188734841368,0.5152968171860115,5.37217005787007,4.299511047805277,2.395732881141848,4.145998555220291,3.6956840208340753,7.079270378731717,0.2026765936157066,4.8933278090285235,0.9839767481495754,0.913244441605034,2.4696841912036307,0.8044053047615138,0.39586250806023204,0.8855685865887326,1.8787326418624186,2.949526227578205,4.492667187752492,0.2579655488737994,0.38637571127607917,0.023620164360552254,5.339145412400225,1.3568971808237684,2.90518581308677,5.577642918018008,8.550846258174873,0.9819592231667675,0.06842035088567977,2.394326003541013,0.5882680500978225,0.28621986262250027,1.958852133828997,1.3313169404495502,3.4420492599200427,2.442551860852878,0.11690317830726227,1.145866042329684,0.20190561935465712,1.6033252720078666,1.3641537257856289,0.6062615688471853,2.1619584170772237,2.251920562557087,4.673063324632234,0.1964572782243259,2.2396927639031468,2.670439199064019,2.8217088831434216,4.368466968032408,0.1543799555843317,5.008827215090147,0.1399089159939294,0.08444242451023043,2.6067235567274247,0.8145613571530785,1.2180348413428144,1.0109668651878896,3.868289294525623,4.136840602834089,0.36267306701472357,0.06710692195985635,1.9599097605360167,0.6628369711669857,2.1391130410771515,0.5062922086453256,6.529715960521472,0.9835597696450594,7.84463381600616,4.908860094455105,7.558950053657207,0.3613358535443256,5.834955937065561,1.9023249612504691,0.8792394319682751,1.0803229474059692,2.7386046629891383,3.9322957271630874,0.8993278714514608,1.9035097262699094,5.3244426877130095,22.30986160310158,1.4467271510631807,0.8385289003746825,1.3572349498355192,2.380031520972323,0.3185831462174206,0.5586924439987726,1.239159297563765,1.2909070744608362,4.346726992080536,4.9285016412911595,1.2024334119180276,4.45054001521252,0.05128409173415083,2.297585207447769,1.2972492226744676,2.0302378318472134,1.81662100473668,2.389625323246745,2.486862933284549,1.9852134228792464,10.636448557565437,0.5201265423928186,0.3004002403786301,0.40038356655617324,0.7743337535202353,4.868361744315314,5.708952302340532,0.20887590404359146,0.49937003929702195,1.0314287484844293,0.1296908319180185,3.9175311167610865,0.4743035834507159,8.316808396896043,3.240162404767593,1.4371664044807237,0.7073498389750539,0.29158114330238716,1.3348845268411864,1.6677094500395808,4.726293722830698,2.9253555841641052,0.7576211127115888,0.4575262130841149,0.4015182248482112,1.665492003597424,1.1417672649854675,3.5759656419623127,0.4822063091692359,0.9440793843209828,4.293321963218082,1.1459827258939113,0.04921038844343789,0.3412170703503894,7.480482076390076,2.3328501075465873,6.395213944102924,0.4045328005383273,5.171122790846937,1.0165196368117,6.111938420999258,2.63081110252567,0.24387355692651946,6.917952092829559,1.626188609116498,3.7638693471648548,0.4418992060714825,2.768873389497103,3.3964321676840123,0.2997213809954301,1.930999263550788,0.4328189847277799,3.6951043416637295,0.8289281706491765,1.240061394967868,1.6518269489629671,2.851597960477935,0.9630228319488987,4.2446499787771454,2.1753643046300213,2.2885787138642586,4.578707445080725,2.481118939158466,0.5096618884417667,4.80001558605322,2.435446444045893,0.8928963864900266,0.7890650299525701,0.7916885243131484,2.984371711647925,0.20420397476775065,0.3617981541158428,1.7039707958926862,7.0674913372646095,0.050706443737675855,2.8669783045308863,0.3094939006368127,3.2157324227712487,5.702063112675684,4.3752724052025735,2.739213120152867,1.1967908064968296,5.026635928884282,0.5350669831175039,3.2616973494480375,1.7836581178944628,1.9161214051805562,2.5980363414765053,2.449589805683637,1.767926845333466,1.3727307467078016,2.9404561458352467,9.752968609185103,0.45543273134435736,3.4819525072390265,1.8888980400228501,3.5064688049958157,0.9375261529210278,5.121203432347526,4.953874132858992,1.5779195321288075,0.21466566297755918,1.2731913153952203,9.917328654870285,0.6763523676156916,1.9651647357049966,4.363451567119808,1.593695823471817,3.233714633071538,2.7590511355929,2.2983202011084947,0.3784375531012949,4.669960122101993,8.942470184206263,0.8154487590035553,0.9190954744537807,3.24883106388479,1.6724049124209617,0.27000220547750264,2.471748294330623,2.5230545100748936,1.8469908220769082,0.6917471625633191,0.2775656532415183,0.613394527706387,3.641868220956003,2.269402027967309,4.447099798484903,1.9178441818419827,0.6124907667498845,0.537514377027241,1.6292570539670201,5.446416774214593,1.1286433626642765,0.3277956007649735,1.0311731785251927,4.860423538353002,1.1585958759719315,3.909866664913524,2.2326183612857378,3.5337074360795473,4.90139657799773,7.548234961519498,0.8077245187950806,0.5421288512552337,2.7053467197444983,3.5597542092195296,0.4483630046598175,0.2163335183070223,0.3892250761299842,0.4470349526927262,0.16726903406323185,0.2987744594616113,0.06767923869758286,1.9944892893804056,1.8539700589680896,5.890639462640889,1.6442228313404195,1.428358944542909,0.9404813541960657,0.7966200875528886,0.9352351373909238,2.3850469992153913,3.5967236209292883,3.68093577104589,4.662560554356791,0.5633439469307909,2.5931250140591855,2.087467614753617,1.6386573383749512,9.43859580282708,0.5254330122369453,2.605116978693378,2.5280147754302926,2.4637708832524994,2.436589991708267,4.538228882066008,0.9766094800865934,2.846488942350665,0.2707395877050013,0.7841474819545804,0.9260524080611132,0.5894853742930388,0.21620869865519277,2.482966089979625,0.18663142250058473,4.0328770620937116,0.8142864124041045,0.9558966833587066,3.0164068666450046,0.7339497274008462,1.6251867355230618,0.25140454224193354,2.2546080740319208,0.15546873484436796,4.823031576338249,3.7888814073026476,0.11001084853232257,2.5400429771337687,0.6686661453188041,1.256574797347439,1.5894803830982727,2.317884946852956,9.431936381335538,1.7786806900725822,1.5775811108792452,8.014235267221942,2.7510915861782306,0.5075413428782714,0.5553576101244736,0.7809348323198364,1.3282216849610886,3.7399108663860354,5.658402667128606,0.5915072713563967,0.7405611195046407,0.8732854559970569,0.9056788894041861,0.8706312348018713,3.2084111922878633,0.251081098456589,9.245312672501976,0.11622989439432496,2.4528874990161897,4.004295727537597,0.5109057148890404,0.6797047358662162,1.3899212451246588,2.6561101420279205,1.1337645474175289,5.264017538408873,1.13328069518989,4.887029230506444,1.9543815780178995,1.18305416535318,0.39235546541127375,2.717648273865641,0.11503508693406328,3.2237217857156573,0.4904009442182642,8.952830691554809,2.9772783705447425,2.21640145802502,0.35538829894771284,0.9257704453673856,0.5661285993284836,1.5116397879632202,0.48037107332602014,1.3961806183031495,0.40951644596449577,8.060494362006837,1.9664640549423447,3.759691345991885,0.7989897758780738,2.4414186396172624,0.8751697057341499,0.6179830936281808,0.5635719975715836,0.7849449894143352,1.8421422631622553,2.853459195773954,2.400550052378996,0.5526419955740247,4.654403271040281,3.093965369776427,4.227326864706752,1.9573426925004176,4.27690324463528,3.1020491888908395,4.063580204412727,4.141815975358769,4.200292111738488,2.1783101370976734,1.8376386181496556,0.33656061596491854,8.223284239305151,7.419794157589049,0.6667499353464756,1.7291684559753693,0.5412714719129079,1.546226137341903,1.5432961955522375,3.2864551294022455,1.082656012297874,0.6299055210895182,1.3246631235802213,2.4216398518590228,2.7382619851731107,1.1575101564595691,2.2372529197507998,0.645005671214695,0.1994060015322081,2.7291223933849995,1.2209536709593125,0.7266229014359304,2.474112511554291,4.0557219815625505,2.6652817938389135,0.6854946474083533,0.6725238840619614,1.4098211224643151,2.1065040719919788,5.649575617764407,0.6861980139923275,1.1869306017701997,0.08498356109671795,0.4637772039955606,0.7456523955073346,0.36841131581536546,3.909882727935942,5.527624224379967,0.3053751744471751,8.43473784603254,1.3931834275592667,9.426568427198356,2.376934400587117,5.762823654490517,1.2656480304950142,1.9143201850137546,1.3344407582635034,6.429115424862898,0.7363253806488039,0.9424292300651929,1.2667218024363678,1.5247209606386871,4.25745725873117,1.5956232041826806,0.8727509513242149,0.20826338284334756,0.18461938247828957,3.8352331131561526,9.202564083577942,0.8086269238734116,1.3000365113394252,2.2520638541624436,1.8010825957119574,1.7755551369061553,0.39245909042294236,0.46346234363586447,3.5922864843130395,1.438873053883492,2.9464771280467086,3.4261439519809773,1.82657620231463,3.2589662658227594,3.0647079442101957,5.025310979773141,3.693317812247929,3.485664497641207,9.73664356938878,2.1986993725239294,0.4483943240654283,2.811128052976958,4.067188989463083,0.15736912031745154,8.728223669724741,1.8642048589020306,0.7144505355750055,0.35595051456397164,1.7296324759898116,0.20216099984550695,2.0091120092335237,2.287272027618447,2.4011317142926702,4.10637202430681,0.10265726061709313,7.5033259410275654,0.08376194646079504,0.9166615011693838,3.1721389611605266,7.242665154393071,1.4958322524194676,0.47457216375816147,3.1926520319117624,0.05683783519632302,0.08102021777387478,3.2771904740261952,0.24362901514749646,3.577624555483958,0.4785428324515332,0.5531048577353386,2.716361399668775,1.9064183646238158,2.856348150541724,3.7571814660904375,1.0029976404519148,1.8063274896981683,0.2324279860233589,4.794628213418799,0.300020530687535,6.060095842401449,1.5566074979402715,3.5478852607427216,1.1433942505746066,0.6908732683404182,0.5942304738303175,0.8869167299796705,0.10739627117705863,0.6418141204933867,0.6714481677340263,0.4647682343729813,4.9162917434454965,1.2125511130389826,2.1946238201827235,4.325659037748617,0.717108216421908,1.045068221670074,2.355707232874361,1.6188631677192418,3.3401230975934166,8.985930061652937,5.818497321796647,0.5186421772715406,2.612222595551054,0.5452437243512309,0.13974403310477657,0.20120795549720594,2.7275452746288407,1.0956706114224728,0.9903920413250176,3.270544946805788,3.6643702339542945,0.9163166859593381,0.9229741352168638,1.2212930286914754,0.8001879110516681,1.1270768281809536,0.6996278708159447,3.1610987727609485,0.9469145970472981,0.38020258125592754,9.271448083535502,3.139028975403333,3.6480149074426946,3.0306689803313307,1.4486173520332144,6.321516126291689,0.6066967452120875,0.15700560085155368,5.003130648066095,4.305331077557433,1.6923439797214082,0.6138901119463539,0.8436082874732415,6.3015363845773695,0.713415354378204,0.9798080060043426,0.4993627254764318,3.8339685242283283,1.0077592826420345,0.22401017160233216,1.139152572000678,13.764087992472907,0.5897812380644769,1.010127364056577,3.302831381284891,4.313563528463156,0.41579492950056585,1.547507011064374,2.1511051752350387,0.8301715652985584,2.6211748139497786,1.622579488989933,0.7805996755253809,0.4728020638391084,0.9985450262134301,2.0277448911863867,0.532738398475609,0.5483235884778923,0.03349970417647574,1.0218112436600926,4.38308589334302,0.38946942521138095,0.4447546656609087,0.20630300437274496,2.408019175633501,2.7269617507111628,0.18400278553341443,5.330700947944491,5.988739571542698,2.819994673949601,3.7930980167582193,7.182418110794422,1.104308487250788,5.673364807703954,2.7791873959771864,1.8385649651985438,4.103567778158478,0.6587728005148565,0.0061432823837805905,3.0549674970656824,5.387001147988412,0.9110912899881538,1.9620227227848788,2.5086182909405297,2.908134568785344,11.354673743479173,7.544027268358811,3.0547228065241003,1.834679091133646,1.8327869924476303,0.039499439115766366,0.24401095880434465,0.7336620299763057,0.0550215612798608,3.800523324985045,4.550709957766341,3.496266321366763,2.889788351321635,11.604475474578788,2.0436053086012826,0.043477175218345376,1.23524759977253,0.1482582969901738,9.720988778096169,0.38875420257222015,1.1789914729852284,2.194811481760243,0.5416895890796845,1.5689954055841742,1.4573572931737104,0.024936024310993066,2.828781621036901,2.002897479480258,2.2627235533444696,0.2625100834574899,3.070748357557044,1.1739278302750211,0.2792412778760811,1.471741799736423,0.04501678035415768,2.462333117276066,2.3844741239416183,0.9466376413924484,0.5588581520242895,2.619603377232686,0.529802555722338,0.896146048981799,0.2553479709814408,0.5560638825597626,0.9775756061795726,0.9766839732957318,4.148389363216776,2.2441626080226214,1.1575562028942978,0.45104491692434,0.5708437104453812,4.316062097953653,0.6514728781327299,0.38181734792758637,1.1791332536218964,5.236038502210541,0.42230105733751055,3.049775802318676,0.14796164857843208,1.5298650865584833,1.2237489500630634,1.214727890120977,4.7654893669259755,3.8899676126100173,8.142445451640594,0.741265059135013,9.895967146188108,0.129230150215351,3.401469018098439,4.076941919983259,1.4287381664600864,3.211980658838586,11.000116930797777,0.7097879146521131,0.14753212049178793,1.3913757353944858,1.48656189515483,1.467584108765388,1.0430131794497584,2.1878231463655045,1.3645601911377712,1.4499213590936821,2.9316470593166857,2.8006595957824096,0.3542960312817174,0.4191370118977398,4.990123558882022,1.7875188574721261,1.1428430138459742,4.016617010335656,6.939633519720135,0.8740927596843742,1.3861680088155008,7.29880450528836,1.325278866454176,0.31296685393256696,0.5285553192701794,2.7102400690999993,0.9814484218752537,0.26768286779113376,0.0645894249932788,0.4744895762974084,0.3029735468697947,0.39210708345606493,11.596037524628933,2.9522725078640173,1.5663320979303317,0.6749478925231815,1.988401313483017,6.367278270543865,4.9376596258940575,1.1073615803480965,0.28456173150084396,8.059721896068652,5.241597487613428,0.862926874969366,8.791629703115381,1.3806541850090952,0.25789936020884685,1.6907825428416003,2.0340271685688456,3.9214910998113477,2.1620974329443508,0.4651220646669074,8.535223073648142,0.515893931714217,0.5195250134707401,1.0954312409596607,1.4137002773116494,0.9415325558449518,0.5023588590876993,3.6824024985744344,3.379033713198478,1.9620518213038536,1.7868054512859994,4.3426490721899365,0.10011221294284539,4.815174151701145,0.5900989145825326,5.03993255788761,3.1772967295055032,8.073938837963535,7.87925635389546,0.508743221459786,3.632119000337098,0.42078859082692177,2.1220076302511375,3.1587917033951456,2.3574800526710264,1.5127225502413069,0.9006801014650652,1.231177352853691,2.5487275085836933,7.2941467014769445,7.171870077815819,0.9950743431523676,1.108992440355199,3.869905188814728,0.6873324047339684,1.80886196476284,0.5266433730395728,0.8192310608518988,1.1978694765158062,2.1162785334722782,0.847957271339592,1.7951954891407733,11.515901147866096,1.0363911757410174,0.4594665177462245,0.7482582984427009,2.7504954843268603,0.6919594040653676,0.04863654701243392,1.3250108194475012,3.835466134721196,0.7515575249912563,0.21782623555496894,0.1778400778077316,2.59577876219687,2.477023435916397,9.30846210313737,0.8002948666136838,4.682172349440718,2.825352793309026,0.6064624016368787,1.7970532195910578,3.010932484901346,0.882518016124056,2.01467103113064,7.0411944444146055,0.4496801214752887,0.8993320012955099,0.8843864924399756,4.035621376199534,1.3280367154796053,3.6806632197803824,3.366156939070482,2.4254519285269915,1.7489353418912434,11.001572518958318,0.37682606037104405,4.110971516645853,5.675546925332163,1.4227424156292348,2.7166715470604985,0.7083256908304455,1.1376384139057558,1.1789119871294451,3.5663829325045713,2.5596043694140502,1.131734585188844,1.0946662773417342,0.3220674634113674,0.8954491156434068,5.843100924107722,0.47538126744597564,0.9192829627916962,6.278067400294045,4.766455850507465,3.113763135413371,3.600298288039057,1.9048866409032132,0.28694271187921927,0.2662956013141393,0.1573774862440902,3.419523379609042,1.9899298109966104,0.13795108394166533,2.427769652571659,2.88691656766681,0.8332368114078188,0.493317683908856,0.5529653538206274,2.2623459531662418,2.9523550212556664,1.2099264822449922,3.544569392836496,1.4005294375346138,1.3211730282276135,2.4618838416685644,0.04209390853453843,0.3269089046534195,1.3981739890241904,0.38773427359333684,3.7366897967512402,7.239317409672759,0.8777279535743734,3.810354210867904,0.2914517401110488,3.130521285157209,1.070334572762835,1.2360498078175344,3.4832589814908164,1.8512740853287826,1.6550050244051164,0.9016118594358843,0.36361981082312383,1.7529216120991173,2.5549982166856777,1.6446720063533171,3.0417518924418325,1.1428380381214458,1.2462700726428708,0.1767833408442403,0.41749809545805583,0.5300790529596406,0.6219603635225295,0.4185290237431245,1.1235403978213954,0.5494527644275964,2.0295916061757104,0.2171330721981326,0.16151868054756546,0.8681327820224931,0.19468443042302286,1.4744570324221882,0.12482033102637213,3.007460524785373,7.9114742018916635,5.375078292366138,0.7470273538580248,1.707436009275584,2.6051385758822834,1.7301514605296773,1.0567337200551554,0.17418436300479845,1.9318199387657424,0.22556558513348834,1.458014705751503,2.1677463487208017,0.4946153654618701,0.42156697234674123,10.415284636832308,1.064405087072374,1.8805713778300033,1.092444336401567,1.44271944161134,7.672275978932038,1.328967319885316,2.141039838845078,1.3107830745887963,0.9016083668336878,0.28533845243889244,0.30830779395321173,1.8277013282102037,0.46402063537614646,0.05831825287891812,2.732930688744034,1.1915486789781955,3.087218286066411,0.32151594030782515,0.6922806654206674,0.056977002635041574,4.5958689968330955,1.9386865058076004,2.140412302843039,3.267328119098717,3.2671293236128207,0.9955899841182748,0.7969152317588467,0.3564901506530318,3.1589997749543635,3.2326697695110003,2.0771689562515565,5.497284748317016,5.553295574361942,3.7997915464169774,1.4589168679367992,8.281715347606237,1.8898230781975973,2.7777598288129672,2.8792967428599345,4.123619216163407,0.650110528993614,3.1198558702328194,0.6676915997765624,0.5946964226693353,1.7935898671801438,9.092524681654785,1.173885175894942,0.15422035591244265,2.2047654299235866,4.083066317726898,3.4039206483522935,3.480035124299638,3.9117583518816947,5.111309311014093,0.11483530936568609,0.5099095707049808,6.13563351376014,5.426762681245085,9.066310196971198,3.3801037947436456,4.712010616763897,1.219368338590681,1.9573469632752296,1.4442939202760896,1.3483580434933329,0.7656313808072128,0.44786479835441817,0.7508652062879628,0.9727787964411925,7.4049026738715575,1.733937040734383,1.1679584123017148,2.6612845249584494,0.6889229880132536,0.6659002482577865,3.3764558762996337,0.618998133265388,4.697339845359866,1.0318466442691192,0.16853551127306554,0.7875002376540388,2.2911149709141942,2.4330777161217116,0.16409671816472282,2.248999527993341,0.4323953176491986,0.4001520241932659,0.5436336510727638,2.378415341938428,0.5976244086138548,9.248953864605465,1.7138430659003125,0.2497716704897056,1.7596560728072443,0.5005374690213631,1.347685965009526,0.460721483377877,2.3992427405173733,3.870093884745832,0.41481366390493646,12.149313180849246,0.8846043566055491,2.3845262222522026,3.3801325828818967,4.844788167489215,2.268350023805114,1.7329664449494446,5.2139939510374855,0.8911525705236274,0.4519093146838701,1.1316030106910535,2.8731941686443916,4.772073594261928,0.5401067537086814,0.5159703323281555,2.243373422678756,0.3394831628554884,3.978926414380018,1.4809851612045204,0.8148403731492029,1.5519092712721303,2.1068693894946713,2.3662137039965745,1.4139894839623577,3.600641962439337,1.8566037593028517,0.4018425055715532,1.010884254671814,0.9336234187696344,3.8002548497484536,3.9543064992904524,0.3008913546988101,0.09827707693910792,0.11677304086014706,1.897055731488389,0.29823837279144005,0.057924610658739994,4.189877947477594,0.42639202986134705,2.1484604129112372,0.46213814102346884,0.8545108087172033,3.0925238394262147,4.02343644205992,2.1989614428927036,0.10322672678217032,1.2345893013649865,1.4866642845244333,15.535567447805613,9.524186049017711,0.4978827230356031,1.3330350392125094,1.771083179384074,0.617789065048225,0.4204817966701173,0.5445647037093471,5.812455604939228,2.9601712771845436,1.7102447683965443,0.7467312852908874,1.4464886129959693,1.39116389478933,1.8422753764799058,1.3261169614484956,1.369785271666213,0.6167841429085548,2.19815392004604,0.5738829677185748,1.7467671122087953,0.5259117656597723,7.477434181963267,2.9223718864945285,0.1574203820039115,0.6015877741145705,1.2821634111483038,0.5842885401570743,2.6686550787745555,1.1303246887487148,0.12421609089719077,11.457349150167085,1.63476049000408,5.3179865306663245,0.3563079255534738,0.8519726126268455,5.702651629378808,1.884677017071735,4.229371190941269,1.1361652235735882,0.7949361703689308,0.2897447395364686,1.6971437253978743,0.8326618147637113,5.423328799119799,8.46124328654211,3.6239715047948824,0.07158955571867864,3.5965992807992127,1.344687365727357,0.600271932406452,1.112430571302902,0.5787716064218026,1.4359408232880035,0.44048336429743484,4.266867037046997,2.380803814590572,2.940275834400548,0.34524568789604904,0.979816156702257,2.62816685822989,0.790956871110883,3.3997244758542298,4.520896765807339,2.6283350972085167,1.2287819703880003,0.290092448577721,6.091435811530228,2.043952072808654,8.133409110163313,0.7405737554577367,3.8060852423343747,2.5182628095541384,11.358613825795665,1.3511248328635181,5.036307490926403,1.5122047146281932,4.66992163842132,1.843445104594204,0.9945499681074297,1.2117248632733815,0.7646016891228831,3.5278255062779356,3.1194159790027136,0.3078459035927059,2.5291559960504015,5.3073003282117845,0.5066184871222921,4.41198562160124,7.063010685215379,0.14587930771625746,5.617503412018886,1.664918959229622,0.637491706211125,0.33680162276393144,1.734145493489105,1.3727964951602398,4.451875504241185,4.173456144332677,6.42919207728213,2.993874971432716,1.7886551123715684,0.9995968470940185,0.647149970873321,5.426194797018425,0.2611352909758572,2.580910895984218,1.1028839757527371,1.1264614066276908,0.6070550191522832,0.15849781345414016,0.6112360225644314,7.099950947222983,2.996917528767863,0.2611866843799069,1.0064903985503624,0.8221662664278362,2.1548123869751006,6.2111808779072595,8.281089700612943,0.05473614095780355,1.4706524557369787,5.128544727826556,5.235975433916339,1.6058494833206265,0.8980518638271382,2.988506329157329,2.0638997875812732,1.9398269176705882,3.7401868196500794,9.202936363603069,0.4307309732896847,0.858971807516229,3.2592491021108994,0.4329565844819854,1.0625625584725584,3.347670160656803,0.14728996960379503,1.3404151819801273,0.9336262393267587,1.063261661483622,5.511142045695804,1.2092453595450956,2.206993689329461,0.20747263798951004,0.2249750801135102,1.0548028231458888,5.099907541043627,0.4782085577252585,3.2709891855623296,4.558052995206314,1.1800795843132819,2.036817122201859,0.674916702251523,0.6637064480892172,3.785648310390828,3.5481628802471175,0.14627992801824385,0.0949378098182525,2.8391580231294173,0.41393063482669956,2.371498860304603,4.483872009412374,2.541390071367259,1.3478708485820468,0.36638182660582674,0.3780838675764697,1.377552993199188,3.511045997736523,2.1655674125176954,1.077848455359443,0.9249945354191715,1.1058619649661048,1.3436002745479814,0.13346511253175508,2.417099953727023,4.984252122808661,5.155045083068278,1.4374830807843386,2.0241412104541516,3.779074664263952,0.9909690339302735,2.5664928138549667,1.0637756799834437,0.38333808740338504,5.013491549252884,0.9066491569474038,2.2365926696956167,11.15306651830371,8.604396435777852,3.6636065366170967,1.152651057958204,3.6493720942964236,3.3635698510436507,6.4971635793676965,2.970196015319169,0.5792253604913662,2.2564443671960492,0.5871263130100672,0.2968826409426406,4.181388338764532,2.511661662754345,7.10602473341304,3.5251115040738346,2.9910690415669876,4.510972194306409,0.4499395310419865,1.052488258119931
"((3, 0), (2, 1))",0.0,0.0,0.0,0.0,0.0,0.0,0.0,0.0,0.0,0.0,0.0,0.0,0.0,0.0,0.0,0.0,0.0,0.0,0.0,0.0,0.0,0.0,0.0,0.0,0.0,0.0,0.0,0.0,0.0,0.0,0.0,0.0,0.0,0.0,0.0,0.0,0.0,0.0,0.0,0.0,0.0,0.0,0.0,0.0,0.0,0.0,0.0,0.0,0.0,0.0,0.0,0.0,0.0,0.0,0.0,0.0,0.0,0.0,0.0,0.0,0.0,0.0,0.0,0.0,0.0,0.0,0.0,0.0,0.0,0.0,0.0,0.0,0.0,0.0,0.0,0.0,0.0,0.0,0.0,0.0,0.0,0.0,0.0,0.0,0.0,0.0,0.0,0.0,0.0,0.0,0.0,0.0,0.0,0.0,0.0,0.0,0.0,0.0,0.0,0.0,0.0,0.0,0.0,0.0,0.0,0.0,0.0,0.0,0.0,0.0,0.0,0.0,0.0,0.0,0.0,0.0,0.0,0.0,0.0,0.0,0.0,0.0,0.0,0.0,0.0,0.0,0.0,0.0,0.0,0.0,0.0,0.0,0.0,0.0,0.0,0.0,0.0,0.0,0.0,0.0,0.0,0.0,0.0,0.0,0.0,0.0,0.0,0.0,0.0,0.0,0.0,0.0,0.0,0.0,0.0,0.0,0.0,0.0,0.0,0.0,0.0,0.0,0.0,0.0,0.0,0.0,0.0,0.0,0.0,0.0,0.0,0.0,0.0,0.0,0.0,0.0,0.0,0.0,0.0,0.0,0.0,0.0,0.0,0.0,0.0,0.0,0.0,0.0,0.0,0.0,0.0,0.0,0.0,0.0,0.0,0.0,0.0,0.0,0.0,0.0,0.0,0.0,0.0,0.0,0.0,0.0,0.0,0.0,0.0,0.0,0.0,0.0,0.0,0.0,0.0,0.0,0.0,0.0,0.0,0.0,0.0,0.0,0.0,0.0,0.0,0.0,0.0,0.0,0.0,0.0,0.0,0.0,0.0,0.0,0.0,0.0,0.0,0.0,0.0,0.0,0.0,0.0,0.0,0.0,0.0,0.0,0.0,0.0,0.0,0.0,0.0,0.0,0.0,0.0,0.0,0.0,0.0,0.0,0.0,0.0,0.0,0.0,0.0,0.0,0.0,0.0,0.0,0.0,0.0,0.0,0.0,0.0,0.0,0.0,0.0,0.0,0.0,0.0,0.0,0.0,0.0,0.0,0.0,0.0,0.0,0.0,0.0,0.0,0.0,0.0,0.0,0.0,0.0,0.0,0.0,0.0,0.0,0.0,0.0,0.0,0.0,0.0,0.0,0.0,0.0,0.0,0.0,0.0,0.0,0.0,0.0,0.0,0.0,0.0,0.0,0.0,0.0,0.0,0.0,0.0,0.0,0.0,0.0,0.0,0.0,0.0,0.0,0.0,0.0,0.0,0.0,0.0,0.0,0.0,0.0,0.0,0.0,0.0,0.0,0.0,0.0,0.0,0.0,0.0,0.0,0.0,0.0,0.0,0.0,0.0,0.0,0.0,0.0,0.0,0.0,0.0,0.0,0.0,0.0,0.0,0.0,0.0,0.0,0.0,0.0,0.0,0.0,0.0,0.0,0.0,0.0,0.0,0.0,0.0,0.0,0.0,0.0,0.0,0.0,0.0,0.0,0.0,0.0,0.0,0.0,0.0,0.0,0.0,0.0,0.0,0.0,0.0,0.0,0.0,0.0,0.0,0.0,0.0,0.0,0.0,0.0
"((3, 0), (0, 0))",0.8843088458085337,3.0936085552790136,5.360756350324876,0.6790263624905831,1.9188419407138868,2.9858311711356382,3.0420700681280275,4.274864606764293,3.6275993051060476,0.3057607047398503,6.081776348405521,1.5806105473313095,0.6262613691646286,4.413853026739352,2.2034726052677813,7.712331200506462,8.238625533814464,0.847368199204503,2.2322687000680568,1.7661457546300006,3.7069978469093035,0.49270518084621706,2.0013411628940343,1.5865950433991831,0.8864983390461387,2.526817797799068,2.123425793944232,0.6829515025313261,0.5420358407479878,0.4412285946643745,2.820896176273778,1.9919085979872306,1.0395743480883288,2.817153745037844,2.0442116441373086,1.7397017035605888,0.30762157530130274,2.6155203849174926,0.3474742243440469,0.6140990419108487,1.3818619829054972,2.0585561911208186,1.908945566435418,4.747530476854226,2.710218645245842,1.021485033667679,11.72004510549825,1.7842263454362504,0.7161251024800129,11.167900860069274,0.4287481073782211,0.9421334644441619,3.272690762653818,1.5344246325814903,3.1500592533283,1.4748799487717996,0.12443748049629688,3.0706702676237274,3.5513501699649157,5.216498931993437,6.750319485003796,0.15238331391241,1.0275749031198858,3.7349674637141956,2.2366102261372625,3.286814034069952,2.7772000418615406,0.4693298208382506,0.8428611479624992,2.5903271103850645,2.1084172733337145,2.339419467702319,1.404281527453503,1.7091342155735534,0.9181598758035253,5.326016740583471,3.859035952254946,1.8533205127247354,1.3261837735689974,3.188183197637226,0.5139063791532074,2.3248514868949335,6.863251530441388,0.5370323427488375,1.7975934239815046,0.9096203475779145,4.319674290118415,0.26392694654862614,1.281784452264748,1.3955251639090553,0.217427317737521,1.7694151410551227,3.6344521337065316,0.40273897360571254,0.5904373970919392,1.8515823430033898,1.6128886738465686,4.083362628901295,1.5487178546572864,0.48588962231147126,0.6460600737098527,1.2836650542513772,1.1926949797343145,3.4747729992316425,0.37712702209638316,0.5277314308816166,1.3692867434372231,0.4991605015774261,3.0309138083509355,2.5237305853975363,3.654895696595923,0.27585487520224894,0.6338573230989815,1.1161741467520807,1.06342405425411,0.27979945405449846,1.5157765487165706,1.408840482653172,0.3235028443326079,0.19804817962016352,1.2652212584103415,2.750396431451957,0.6584100720864903,4.503615393856446,1.577228578595919,0.9448687137160853,1.793333274760682,3.6190482126993655,2.3312023117906526,0.14825062798722777,1.7491756973255135,0.29048027547711,1.6258821955743534,7.8429502987987805,0.4920144084671536,1.6441718244745376,6.346612339964185,0.46104040792476986,0.9546521130303718,3.901603681746077,2.974262723896934,3.053767336973117,0.32101661887007504,2.314084069848854,0.47730408556103143,0.9953887342873057,5.631992310284527,1.6135371362809123,0.2655481351146838,0.18826936692240637,0.3653330485482017,7.720443911997428,0.8595009501834265,1.3110683409804258,2.619407745831742,0.7622355230607072,3.608663601481921,0.8894035550240794,2.291135092789392,2.8165185358715186,3.044741776052731,1.622170659540412,1.5012162972028191,1.2987202567443163,1.781674863590011,3.0229560995580886,10.383432570717193,3.4050845188143346,0.32848900992499774,2.784417601143166,3.328953285091913,0.7794079895683105,0.7488947920272112,2.14090618571144,1.800742655026995,1.385582142253206,1.3422624347937497,0.3348358554014431,3.0484128923955316,2.480788510567494,1.0227487349518358,1.9715128153232577,0.5923296204914585,2.782250455999715,5.4131521487420775,1.801088166483728,0.40407742627495147,3.202780600718722,4.954485135249166,0.3690733844666356,0.17288509188158518,0.9564453206763603,1.693509753853415,4.788564654564378,0.33302195895681813,2.6501896500816153,2.1613364332637346,0.5789084589612545,2.342911405541464,1.9061695968607961,3.0511979066624617,1.2212880324625115,1.8021161942798136,5.927200579746748,0.27622691897006924,1.7316988430321836,5.78079866504301,4.0397294374948105,0.35682655441941924,2.76341018396345,1.2867436877422473,2.5331780359230587,4.349034649787692,1.3540397876235977,1.2167338411500892,0.24578314351924124,0.5785733199482476,4.073600641716614,1.8521062511283863,0.7776807420322822,1.0955667166332725,4.524048237535782,9.954570697646814,1.200464361064017,0.9882523707694375,4.8562925088750415,5.075509677639572,0.6856817460264824,1.3748377865098442,4.788643100146764,0.24845685538015516,1.5804010781282998,1.8693047366276059,5.329634211521176,3.821614041717401,1.7447443181051792,2.102302597041206,2.5993213933770063,4.542641198865894,8.038825334624855,2.0971419853110445,0.9381289548598029,3.46567233210801,5.963513973706039,4.3477988143698685,1.1226213604126862,7.743323736819029,0.3984608217811467,5.7433620613688054,1.066431260564176,0.5507338557897277,0.7935134752727262,6.9975219134821165,2.686435108902957,0.09737759501889998,1.0534350222194364,0.5646617215789231,0.26336242810879706,0.4768966692016236,0.5318878815055941,0.6644401276117675,0.3690001316969157,3.6324551456261034,5.950852355588559,0.4009950732042933,8.293173814574642,4.745294260042394,4.01838335052417,3.663105270157761,2.009385043815942,1.6404315362592186,1.2340261543696158,0.4977773797858995,7.027401051977203,0.5391252308440634,2.5633699101410565,8.600472498055371,0.44327472482976127,0.9760612113079703,1.0225839580305855,0.33897166399803424,1.4628526976653986,1.3943784930478142,0.10581154006519866,5.861688772349696,1.2878400952809983,2.2766730729839417,1.0092488928908996,0.8990845414905505,0.30564009188658336,10.123076671767386,0.5675304187789381,0.8692025870687765,6.2941152359383015,0.8252392181469151,1.1029622003163961,2.44580606545867,2.3984970134190293,0.7722572577004342,1.6775634951343936,4.058674255299608,7.138776871294228,1.156140324685528,0.9877055957002066,0.8552120320857997,1.678717535840089,0.4556245162893855,0.6012480720726977,1.5599497515729537,0.7605069578273495,1.3899968546213979,2.3645963868806463,0.13230459810211936,0.5525824855486483,1.4863035911966744,0.7300693648676966,1.0595794057837344,6.75860362117318,7.8747751659874785,4.505460033172611,2.0879574722928296,1.227204011513244,1.4586709586200006,0.3764368678561886,0.11173562396248626,0.03635063462644539,0.3338393241244502,1.249915853662674,0.2444545980653694,0.932931511699948,1.089510199911611,0.3147728777568135,1.4155851579093652,0.9873381865089297,1.1609331295696363,0.24801861328351738,1.041897011648881,3.8841883905554693,3.2950261268480294,1.047195774795457,1.9455299608769259,1.0226675611469602,0.15313331957681253,0.48305190369336715,0.6054120559519462,1.0229936764729095,3.649017374642872,2.0872870024511156,0.7494229798969025,0.6112914559157487,4.070557541478541,3.1430480114429136,1.2545943841617129,0.8840051553460277,1.7152253014014587,7.302789109293386,6.150402272268774,2.8750396856275855,2.7666464764752856,1.234757430086973,0.9690363484323793,3.874452343834042,0.31209583832444143,1.0427619434742912,2.311516097101432,4.379867724067135,8.258421238291177,2.0333335591092903,0.39710194756592776,1.042403843880155,2.7293707860461582,1.4612124892516816,0.5983447929566366,0.20600964403496524,2.0472756576388274,3.2319497009882108,1.0169646995591033,0.8041682054796451,6.927902010465194,0.7821369687256294,8.898887013674944,0.5636483363030047,0.715694127325222,0.8404478396179874,0.30563320441598396,2.1055711200220153,0.8243398968833877,4.150441534960993,2.8249451225461253,1.6009289281926773,0.9573648078614255,0.1526136145888568,6.097278677320719,5.0917376480984435,3.166874206667207,7.164718997844391,0.04609562656834387,2.4670583178224486,2.5069047544075653,0.7001853490284555,0.9489249957305717,2.9377252498894015,1.9080085706355403,7.145573247708741,2.8422530561668893,5.957936435729428,0.38426764493394805,9.997933256654775,4.81572018063128,1.0543074843150244,4.987795956309361,0.7289071054698497,0.31670238161649933,0.5917369921937863,3.5911668942223582,5.102769757794897,4.975394543552506,1.539190065180523,0.16906830916800653,1.9749362910568973,2.8862473649213807,1.113334441177004,4.565947731552475,1.4525397959540292,1.9875151062863214,1.261071629448642,3.749013857842246,12.92594123541782,1.3970282696564957,2.373835483585064,1.15020546658981,0.6268349164002227,1.2309477849680324,1.8598823423257642,1.3056423385040377,5.337072449806769,6.417812241479291,5.46417896412542,4.175990929288863,0.9589019844340836,3.670507717691428,1.7748878298305293,1.4201257011903274,1.7348867637148961,0.554953239052729,1.0196776801784153,0.6129372251413776,3.044614495720868,1.5529425086807218,1.2077099907135196,0.9353776988887543,1.2247881025380774,1.3152074109294927,4.367221969776765,0.9445288029319538,5.746768892685141,0.7082114720807375,1.4128700700225747,2.132802910073413,0.21608566714580446,0.5339900459596043,8.79648054122406,1.3469207725878891,0.6234490942551654,6.937223811556562,2.1590343102863168,3.706135496027938,2.664747246206193,4.710314496536567,4.247576589072354,1.6859066615861822,2.276478071900501,1.7259033497558085,2.58208404525063,6.780197588505687,2.8440551776813825,1.2627142016043347,3.2468347550306675,6.718308461962432,1.1474901533668538,0.27643487108636805,0.5810048889602433,3.82598072699182,2.1640737784653674,3.086537133262155,1.59480400178862,0.854669910051244,4.031379558929552,2.715062546926008,1.5635158900481865,2.928938078299719,0.8218553393809402,1.0061417547877234,1.7307667387963481,1.3171673245023587,0.7080467735781726,3.134511955257302,2.8223031121576185,0.9211448669811405,2.0424486654933243,4.180356616447053,5.385004025796927,0.05252818798071754,1.342384223570884,3.3085425303983445,3.2518953044982215,0.39397420423482377,1.7514095617500052,0.5288190066341464,2.8669848847125747,0.42340549578467257,2.9528988509844925,6.856758713235322,2.450836612875838,4.286941781146397,9.507928763778017,7.489624683585301,0.1943036041168722,0.6248172373482507,0.4903536966178844,3.4150017750729162,2.035198335876622,3.7241104573404407,3.487152242984083,4.698197059318612,1.2966644085872547,0.5374219786824248,3.0435805641384395,4.073153603487562,12.10950842096753,2.102787727525371,1.9312619815564136,3.23264681143199,2.4993438384875106,0.15153010466096561,3.8060550742654966,6.09460463674198,9.034371840235195,0.5762890257327994,0.7746839260631562,0.6902921547096521,1.8982389560802058,17.105121385954295,1.5660316762909545,1.0290661131821346,3.3503606011953693,2.57363996520798,1.7709783459444053,3.9734804234364605,1.8506282181670932,1.9847431561064353,4.614518823489541,3.424451472991578,3.020162474139666,7.941044497927551,3.2963051778665338,2.979100095582141,1.0457677704035069,5.209635378586435,3.2150337142097705,2.0101089797445972,3.561975747765521,0.7151484821683334,0.6469379838912688,0.8197428042672632,2.6896217427300053,1.4996988356545018,0.11234383958765903,0.1490142626669287,0.5663545524410032,5.120402810373989,0.4711647954511752,1.0615656222217411,0.6470043378757255,5.92231424853979,2.0614201469452302,3.9429032055856945,2.5377983391029457,4.2222531370238805,5.310702655408727,2.9023948107806214,0.5295570912589079,1.0921495476957073,3.47462315547462,0.20137477463031583,0.748425639215357,11.846624600003278,0.4133110468852923,0.7329850604153609,1.5884371695222803,0.39378256027020075,2.2953872339851493,3.471067430795752,4.234822675398641,1.2739285503465192,1.0408512907941216,4.898462696190594,1.070749169317835,5.636994573099741,1.2626511593358334,3.7552384402461656,5.607778780286013,0.7260917772708533,0.04203744467280934,2.4758594839088586,1.6179307068073183,1.0566614073634706,1.0490337227832955,4.321931751547503,10.753551786141989,1.8985775628607169,0.5016176955882451,2.153755073971144,0.5822154459018991,0.8008820165058057,2.894055923041904,0.9443852075325098,0.7119054760167296,0.45666259937491904,3.43060375055315,1.309767271565485,9.019077603401009,0.9409059757120851,2.176443249514399,2.196016354786612,1.4178635057705107,4.089521870101452,3.8615920093991134,0.27390702346148793,0.9890900804466662,1.0412074893212706,2.8943075158639844,4.708978183053599,4.856173954439355,0.7978799754164256,0.26027229973924015,0.518849518750002,1.0745527919924895,2.8323363270406654,2.220955753500217,8.339100296186928,3.9270726251381802,12.645325935158965,0.9368293557178067,1.1491832019953945,1.7648935672466846,6.992584263766339,6.229745843462645,1.4487310533248963,2.127525106854854,0.3122169743680745,3.521300586513199,9.299638510958468,4.029185479492244,1.8991113774329076,5.9999286991871275,0.1310887270929088,2.284544605330699,2.848496860502776,1.8002212557275192,0.31573714065675795,0.22866233487824372,1.0797965080514453,0.8235451743205502,1.7454393016669487,0.8551098477343488,1.7974123791426235,2.2663343157647082,0.6841985980244002,0.923646313982682,0.7810541055872161,3.5442571214204754,0.003201500163383053,1.210947310252552,0.03402186399192564,5.968223627931049,0.5371019468224061,4.972674844042777,0.8570579923579951,5.933787385877966,0.22164896697485476,5.126076389031588,0.4983615851676123,3.122177041026339,4.238800309990537,1.208750125033018,2.3262778264641035,1.4268408944011528,0.5382069181474372,7.692702808224226,2.6986928591288892,0.4377749451452752,0.28362869021866666,0.20506004367531894,1.1264976489272707,3.019040932336684,4.120078981886731,0.6856744138359309,0.5546501805952979,0.6501934503814484,3.12571677916545,0.1650584231868346,3.336485329038818,2.6617175210687543,4.429696470048702,3.2671492449458692,0.08827334027925615,0.4343589401695258,0.7184779752336496,0.7810674052133755,2.2627353589230634,1.3607936070816087,0.5481169714405092,4.21053184280248,0.5497308361984891,0.9487513946023179,0.49671794778687905,0.8423354105381493,7.0622486710646,2.3926442414307783,5.821264611159617,0.9065085158875028,5.7701629324480095,1.182013618801415,4.474594341187011,0.46812291556135416,3.5193149246739033,0.81244735768554,1.7357008549589448,1.1739427435216578,4.511465223088879,1.896158848811315,3.114678502168037,5.7457659969839625,1.0990134978243067,3.917361760979537,0.8607838587545,0.6507351267706476,0.10547120090895773,0.5037338875317372,0.3841766859500326,0.5896612362636386,2.646987418300947,3.652708107224831,0.9968962075707923,4.1138606265519755,5.853690499556351,1.6066131626773537,2.921846417709583,0.8330278913535163,1.0835720280782677,8.544624216420463,0.26140096664061,0.36718919109852477,1.2037864860639762,1.4249061691193958,1.4086056684148365,8.683963883523777,1.2303981325695355,2.0221058856450718,0.9408991583798243,1.9294441119954377,0.5556284223776756,0.7848334860509973,2.85270974847828,1.0426961506176986,1.099927808529396,3.341389575294245,0.4697437130372444,4.089041069940232,2.508341570697006,1.0764528142651582,2.3551646192586158,4.888570958846731,1.1996959785188328,2.9421636228117443,3.6061959678551028,1.2987546448823235,6.095736629315277,0.9626305519706706,1.5508689175399832,2.8629952891171833,2.3906088884275634,2.1717934786792825,3.43192304066927,0.7235575796584683,2.7236357970786114,6.959824405114531,3.5581336073471728,2.6463519410588763,4.088004252451195,2.22696513193576,3.4666114678219393,1.0442741350463338,0.6919328058346393,0.26667826724305255,2.024335419715178,1.5558715808672998,2.7113257596396094,0.7096307933879736,6.741760128318113,1.115358420739269,4.094194714083551,4.0095723858099,3.3329868268202376,2.971825882818816,0.4978332738853435,1.181227284692862,1.9197656550196314,3.6040283945493767,2.3298570197531197,1.5589159371215322,6.491014519501198,6.246013600852033,1.3090557751757066,2.8855898456147853,3.508004769789411,0.5323912457764071,1.8959852185346704,2.2139517957870734,2.9270740688221624,1.412230168424051,0.2998045816900158,15.79090016549557,1.734615213436093,0.4787605958951022,0.3630044819416538,2.772795711924226,0.7870213359094234,0.37042208367408413,0.4783338118900944,4.3922798868629895,0.5496402691168993,1.504500874007493,5.57177075852758,0.42722215963953936,2.475662357071347,0.8712195372832104,1.202845738012165,3.83256982799566,5.427635272944293,4.975578293360983,2.427295782865411,1.2499101967535153,2.5329782995081827,1.2946100072520923,0.861913394956491,4.502905232961785,3.760841702568187,0.15037929033364827,1.5602640181271192,0.2456675147247087,1.8257855949254518,1.494343098142635,0.5025696577106233,1.2128088224887095,3.040903574531867,1.6657364246726099,2.4614244169095554,8.168349440112857,2.4104311683771655,3.135437504717129,1.0151832452314247,2.546522502297069,2.9963866314740693,4.748705370992027,4.212046437576536,3.2296201137090352,1.8782501313815323,4.465755519692106,0.8787942080834872,0.7257196623102848,1.0642707404050777,1.6322343087365112,9.008825818791216,1.1092658421783705,2.2069496718306025,5.011542310962128,2.6252183952019066,4.502757307118101,5.116112289886721,1.5237547666248161,1.4892713790569228,0.4398274291037316,5.338846059350699,0.42920484024206296,1.0664953713119034,1.6649995693203445,10.215992068698839,6.308319064602832,4.400662550621524,0.3159770355085263,0.18739342643779766,5.566618566089305,1.301563390713779,10.367105125416382,4.066341982467611,5.884475762593874,0.31060736736347827,2.1377347019654094,3.5455290439802747,1.2331282682207607,0.6951757680714528,6.505774295936022,0.967719836175339,0.9476029260848412,6.396863841971983,4.524152306589824,2.3563647501971765,7.540691872869943,0.44625117238045275,2.845984023295826,0.47623552456927654,1.2850348153931042,1.70911211673246,2.3865733571312875,3.823659131213457,0.9559328833646774,1.9361979080778065,0.6788161167321702,2.0139583932017846,0.543026821732761,3.8186910136359864,1.0673772976969502,1.3752021381670028,3.335232045710297,2.5714787566693875,1.32403944835601,1.9039441385373421,4.118121173784764,4.386318524087424,5.49095016445243,0.47997777742801984,1.7039206532592077,4.538054961124772,1.8302208119305396,3.870246549985501,0.3693704088873492,4.2946592124437215,2.0401776827615086,1.67479652566856,7.427021724794789,4.465843545411372,2.935546110998259,0.610061825679157,1.8362263559888112,0.8915673423928521,1.2813218850785115,0.2721308413507142,0.5799798545830358,1.5065975002115675,6.4357722660369845,0.5241062138060564,0.35355446006014896,1.8543943428907472,1.8633948615436398,5.19754057895594,0.443469255216703,3.342274072117548,0.574520059504174,0.8666630449301215,0.2334303149239756,0.7408068266036869,0.20110893700125215,8.851026488495426,4.241059682551809,2.169880713273683,0.6401821964530114,2.813373651680644,3.4705748876394,0.8527396695011356,0.3517164173109144,0.19823231599033186,1.6650485593995379,0.7680099588808491,0.4026634151955816,10.35476008225573,0.29713209930281526,2.7171313664120023,0.5508828121871656,4.24553223227916,4.084767525930345,2.7455359082905217,0.866426231037611,5.09824046751882,0.874704851190669,0.8627424787059204,0.8052242958385469,0.5673418116033639,2.364548055843679,0.5273035308264141,0.7231498938260981,2.372133099835341,2.0297276651173797,0.9050335681583795,0.27251666985852685,3.351224579057569,0.20253106514098418,1.5642353964944096,4.5744140368101185,3.801593293303349,5.389643833587966,5.809415070959073,0.7760924191782469,0.17609200747205933,1.6466002756821183,9.639577730307355,0.5542697480560848,0.358939583934314,3.541625835132132,5.425279490977221,1.961769358471923,0.6543726392554832,0.7696339658228668,2.0597909044762788,7.874085447075838,5.50630073607607,3.4745681726070288,7.428256500660339,6.561798525028459,0.5170695696915424,4.035125739953651,3.5711621373944364,3.8763186196257156,10.725610973422743,2.269211660730703,3.671291104046239,9.045165304426346,0.2740753892368353,2.7185348496118387,1.775993879187181,1.647062469376032,3.97105430513397,1.3835155922270213,3.8671540977114076,2.163391823693191,0.8625064223175998,0.6819334036907712,1.2866918390784923,9.896879166627892,5.772895505784365,7.563702295960548,0.8572775266592949,1.8651094808333324,0.6739113258781705,0.8992289605980024,1.717927050773334,0.1070513772359234,0.927370536482427,4.219666482641138,1.8825502540823877,9.155693188738047,1.11973108657766,0.5653195168690519,5.259742902854952,4.388097647340817,0.5621171143998471,4.173692090393631,2.3364640365767206,3.3571020006551255,2.386557823472411,4.209945217591182,1.5886159474938712,2.3289291072178453,2.475515950700468,1.5000095816307715,0.9261547466512974,1.70162869750086,2.486494530349564,8.459720386746323,4.844201146154479,0.7844424742825244,3.2512803396414736,5.064600789975229,1.6171190305572818,3.3440288680606853,1.2616813097196138,1.6872496847284526,8.784950426551745,0.5285335315585603,6.630226910645003,3.8283234155016235,3.445315123703777,5.326507427522253,8.2803925116173,2.014473425378039,1.2276967057479016,2.5059735868972766,1.0136070473846643,4.783155233596877,1.6975915110735817,1.924923583888191,5.970852246211852,4.541412762715677,1.5339971543411322,3.389811116825815,8.786707488694269,1.028514375328201,4.26834717586274,2.8827149476850504,2.8273304817909946,0.7026859754296004,1.113360330017794,1.6510944728573147,2.1698639644576634,0.6061469018600866,4.914675986022952,6.26768618685621,2.5540063488537714,3.34069031624145,1.9976555784978407,0.6487365271754979,0.9008167585334781,0.9313187574220914,0.5046571674108797,0.21804296989826932,1.251531202067648,1.9039716811744154,1.1938044822749339,1.3373016284823767,0.541871175556921,0.6802740252021573,2.218687794744354,1.463792707037671,2.308361670155946,2.4642231412710314,0.8718540863180104,6.934123707843105,4.520655142512372,6.711211197219749,0.5724666663656466,1.4536683371847094,0.6755661011580087,1.0523448141315286,0.6850603671148567,2.7845976031512327,0.8888175750911065,2.184631319359955,3.6433873337444713,1.5013692756595085,0.7425868190850147,2.9454935922821406,4.2704907987001075,4.781021015109705,1.799192742381127,4.03434945232084,2.736744820783784,2.3634507242918312,0.7587764945795665,2.3574171161500996,3.964820873946411,2.0222598663860536,2.1335064438347504,3.0841028426027095,1.2972133834715027,2.807498396878531,2.604063686016004,1.4005937534960329,3.0170222387417076,0.36925050735705156,1.0648623752961042,1.0363728894402702,1.7216940269879368,1.0640627674092502,0.4722104699031551,0.18584634689886315,0.1072422558431807,1.1937320195543755,1.5072665725055827,5.998845953207628,1.6051515594701704,3.0993918693298386,1.3065288164341007,1.972752831097574,0.9119320658158474,5.4600653819009715,0.7932076538426654,0.38289189253967715,5.670592906030157,2.044051567457557,3.051309993495922,2.0252593943742507,0.17318156334126344,4.311166536814087,0.9331556494584765,0.6145675771030696,5.294206238512055,11.917510305180295,4.832644950872014,1.3827359153889138,1.1286141278632584,1.3303014385314649,5.946581944888317,0.5910004759043761,4.377930521180917,1.1097594470129397,1.0713710774297678,0.44297862878842453,1.6724537543429587,1.8917727817655923,1.5482297233814986,1.9487959428265906,1.1668288513164353,0.27373291620542783,0.4712446540352333,0.08443096190584848,11.55743946553412,4.101043967359202,4.70723184472436,7.002003079694225,2.176911682270217,3.5674425014009907,2.871857908918585,1.7879476540010952,0.33395224516106625,1.7401736881306737,1.7896042945305077,0.7277104945860362,1.4638566310618266,2.1567970029713113,3.410162485973376,1.882931675359242,4.1133279301648775,0.4001811657370428,0.6589172935075231,0.7418516798575892,0.44406637321826964,2.0610738936143536,3.2350103832277153,2.3312194816147875,1.1382245698245734,0.6666492297155506,0.1231821656426213,6.319547276482648,0.32038404024011446,0.4668786465837845,2.0512784721225716,1.601241181825684,3.5229419558729633,2.4857702656032847,7.708940385853307,3.2507861497065105,3.5362209666713063,2.8758513349560793,2.4533360748907294,1.457735937293548,6.470564361015078,6.0565919447523155,7.179624156254332,1.1650885034721083,4.55882952775215,0.17080458263771514,0.9145158670632633,1.7990287546039827,1.4183844913409744,7.9978279901213565,3.5763743394625953,1.3586750112597006,0.7128834990364293,1.5887305682482329,1.2066978875338625,1.3987101724637987,0.44440025135559713,0.09454912473360899,6.6526346132943495,1.311762066252626,1.753938367560524,2.9236509248611005,3.2246450252131975,0.3572674537720748,4.016613625889409,1.2732246054829326,2.113288233343385,5.1128712772816165,1.3547620633321042,4.446632484251374,3.232902532274894,0.2716991648319367,5.397939909766028,3.270009109167569,0.8202477882365095,0.18170706916795698,1.584403069607435,0.9219180886237143,2.1923731793779258,1.8712433930288312,3.482036708477783,6.036224857595936,1.6837655085383367,3.8326581157723068,0.2805905303972649,2.385038731666067,0.3706134591510668,0.3627296004501907,4.714944849919645,6.220483542838763,1.0610545982838562,0.7713024339620611,4.017779453684728,15.613000379600708,4.1497408945155065,7.8536956953998995,1.7977662399064673,0.395994457089069,6.9057736636704945,1.419983495711221,0.1282979441602481,8.749189400562013,0.7220489319391712,4.802337444598729,3.093595070276331,8.013566449980152,0.11986918743856778,1.7672920401933632,0.14382608389259627,0.7884932882070042,7.328416712563949,0.8791737193821066,2.4894201953734676,5.093631232266629,1.673033112257226,13.568492852945262,0.752858759743418,2.7593432119352994,2.292972769306711,0.7824349542673606,3.6629217272080696,3.1522870118137165,6.434525186176232,2.2309507687027677,2.877408543445213,0.4243946348758568,0.3464532745203599,0.7974824616395595,0.8255159637464546,0.7832089810560294,2.219489373273204,1.3752528440156573,1.37829531511805,0.6753486446866351,3.592764749651294,0.13835788320883324,8.785466571839414,2.06871811514272,3.4425281606920604,2.2611774797409785,1.2818615921370906,3.937483964669698,1.0965182278945034,5.0128798823792255,2.3576296332566846,1.5213864086172766,0.8985356780654667,0.5583371560364256,0.3058486264448623,5.281792979781428,2.0908401150822016,3.1212556752308993,7.631872591380358,2.0919174899719444,0.26433837016028006,0.39344258817526256,2.6705878554359654,0.7806121430500083,0.6386587009090439,1.1379029958158835,1.9907341018555929,2.0296895455459047,4.710862737497299,4.2162594043203585,4.640963457100731,1.3921101795392055,2.1458828806663153,1.9457445556425743,4.061923118497207,0.5421252243305852,0.47159268486150796,1.77188927313514,4.114953919349267,2.8094141451222434,0.9070180078684136,0.33604362964005174,1.236481806647922,2.315790287937846,2.1672682965615966,5.087100919672844,2.4444535433219827,1.250869384032947,1.2756474363402321,2.6052871827822615,0.9459638102789807,0.38434741340568657,0.3665684167318519,1.1589730571174415,10.61246958369404,6.890462922222236,0.526961184328605,0.2055314983587515,1.5917673526216045,1.7335434750856258,0.7412927235892394,0.9771292651399118,2.3252786951140205,1.1293614063998647,1.1177216169037896,1.0172215863298846,6.224962673956468,7.089074359549697,1.1522670747089352,1.7578290719607506,0.47168743590473083,5.373026061994947,10.709178012632224,0.4694334043443993,1.9079172064608336,2.3982803909690644,3.4620294621103866,2.119607867666929,3.75439532644097,0.7083624086435606,1.510038004934492,1.5876881482107619,3.608374404277634,1.5030690214197102,2.0295392933506395,4.026598879815064,0.43149115342104993,1.3610163475792327,0.3983450680424974,1.1592046557125537,0.5717458400136972,0.6131129488150409,0.36287451978650154,2.6388934312772627,1.5688420987178855,2.3480738663064185,0.7641672305359436,0.491520701723654,1.341443473957468,3.8509937656710513,0.39104065336586435,1.1316522315386157,1.0599153080196997,1.1835501690340136,1.5028723178497818,2.261768016112094,4.640295979425395,1.3219657195868713,7.31477300985088,0.4846876356416854,0.018061120270550124,0.294633757169247,1.9195308048609074,1.1189904090319518,0.48745886636031743,1.685571921611809,4.116669011634194,8.886738806191339,6.647627581160903,1.6578807868515488,2.3550722055443254,4.541948144271291,0.9653555072738133,1.1998603337563027,2.1524945424276005,8.679438030537959,5.968123811906884,5.493383385839089,3.094820257261177,3.263766489779904,5.387385276876669,0.9758861060064414,0.7397678037895108,2.988697141737781,2.4866414293295973,1.8584423457444883,4.998971044084671,0.8122165617866832,1.0766142694495384,2.819873601021409,0.08813656692277849,2.8873362949941637,1.1652556166850234,6.573589323313684,3.705115852648511,1.706584202010133,1.255388756861897,2.6582056995571532,1.576018020809808,1.7130667060875195,7.832769906095214,1.1612703349604132,1.1799621622001268,0.5100846741005474,6.074730848613977,3.416321005591995,1.9920120979487215,1.6853903017579877,4.111933730332769,0.09262910782550193,1.2742129828600068,1.5421870758313376,1.7413610528074113,1.92384547460807,0.3406077521902482,2.3910014918160782,2.679223629726587,0.7485875223455416,1.1700229891694196,0.7542802288740766,15.7957972610499,1.6361740642973857,3.7104621317919313,0.33230751558144567,0.2080332877383715,0.5449325312013087,0.393930106296989,1.45934057200349,1.088269303169591,1.0081735009858779,2.6592860788284214,2.9517408610437235,3.501747036510601,0.6825670419338592,0.524439628049465,5.896771458916348,1.0047375018488527,0.1982368439556182,3.289475788889101,0.6873763229557723,3.505922807971345,0.44111395325891656,7.110461500772658,9.290677537555016,5.699390706052526,3.1695759462458297,2.9045252066767606,6.237841971307258,3.095294083108849,6.547680603897439,1.7957308528077838,3.786173116019781,0.5854499291405765,1.2330180905579486,0.7025860817003269,3.4429979780331506,0.8813844691386414,0.16965482848655178,0.5378847179906192,0.5146236610387313,2.311760627717506,4.051747212974108,0.05489977051193218,6.293348782771552,1.3620126604685754,1.5010981350320307,0.3474644366015805,2.904579246983557,2.1977093106470775,0.70182777818222,1.866397006860688,2.1008485926821985,1.9117127723634146,2.8663372244915197,1.803903765341933,5.551454202063585,0.3741926101235,6.963770822540002,2.2698221841736856,4.497768537544546,2.0750710058475743,1.4510782789895211,0.43496423102361315,1.8420302017040213,1.1766077315807064,0.2270443723437957,6.31649285418693,1.7194312252646635,0.9271500658162444,1.122584409243263,5.505218285331337,0.6815748823143969,2.773794351377177,0.5321773955623941,3.2867220976743847,1.019864164362572,0.47440824261208514,1.9545743340653985,1.7635625735979787,2.555013371084691,2.323281837904294,1.2365667315125937,0.8248296780905362,2.6919057679733704,1.5261306469685891,1.3670407692390651,0.03663847678665233,2.204192412951595,5.212869678508426,1.7776041741698791,0.38652573795231615,3.002056463087504,0.6931852323191701,0.6389614007241089,3.9598072188799316,1.1237008262400006,2.9626196573263615,3.2298056543277625,2.353554261121524,3.043458032192601,0.33804794897109236,4.7413357452634255,1.6083857461128395,0.9577457109148364,1.0883501086459668,3.163834401037081,6.850219612002909,2.6508742251412487,0.13581701146007596,4.349226964601759,2.609465059024996,1.2390080131359666,1.6769750471218472,1.2729030968214008,1.544638457550595,2.780032319992131,1.7431443310834474,4.161281784639272,7.852790197566462,0.5815168791363043,1.6812414083061595,0.1780750296043272,6.175199611942777,4.489002066277761,2.3570598077029885,8.064295221093024,0.4403971899149998,3.2793339980776044,1.2083268878914677,10.338071958439851,3.983408419810082,2.645461035997732,0.11285229434216615,0.5400654160368339,1.1304347554127498,1.1542866734016242,0.689490474893647,3.715498210564644,4.143110167905008,1.024285941061291,0.5105250537818877,2.658176327801433,0.856548764981425,1.8133205300321529,0.22055907471689684,6.105343198293461,0.5483211488992108,3.3601525406276207,2.1208945890858573,3.9425029736934176,1.2284691484590344,1.047477544351924,3.298997934913005,3.6140494862169597,1.752941113290758,1.6809437899955266,2.675525453170046,1.2332399791586022,0.9423299750074576,1.7947116964966132,2.4858250328850193,5.894714977722563,2.4718543676804132,2.9741352877765044,1.5482956193860982,1.1696470361589288,1.817257299252287,1.4529289885325642,6.218340627149343,8.6825549956283,0.2938334607566486,4.209446947376642,2.2498845979070463,2.2391360195206507,0.7471486218139878,2.034070366705903,0.9167136234459832,0.3493166003801447,4.831508416247623,1.13505547775659,0.644268665645106,1.6228874110748333,2.396887328097078,3.404582749484696,3.8248791559196054,10.550376237226443,1.9898297480606608,2.690378933531956,0.5253236092492386,0.14662724096494273,5.364508027344128,2.0834383550092204,5.576533998707642,1.6778009405886876,3.2363629542507737,2.486430421337748,1.450658831397877,0.2709013768318824,1.8570529101267872,2.9661960096570144,0.7827534370030942,1.4348651640817436,1.4907451427863547,7.7101281116381175,0.5177639299750361,0.4836283494955358,4.0329052359449715,0.6310879922264954,2.019453097136386,0.8003673654155979,2.467583643811756,2.0168775569478865,0.8591447143222921,0.7614081017105381,1.5198099295020775,3.4049918038099327,1.3801151009975285,3.8703763617204285,0.5727000468128307,0.8217112325822158,1.147279595587503,2.2130227525526838,0.3632582451583115,6.640697306250948,1.179542579947614,3.186313310284581,1.170345424316845,0.8977346713171663,0.03756674548326888,1.8608022827409787,0.4953930773698898,2.285746455915626,2.419861473556754,0.350194831910987,0.8784681428376969,0.9283124179729927,2.607417014314308,2.3969333817316056,4.9142022289581755,1.4950217214070267,0.5110853892277728,1.9968108709675656,0.2199631789706955,0.8056329359294752,4.393180485386098,1.785418416524246,3.5228314361384414,5.670256405910651,2.0656276690081468,0.9604098966274865,2.2699885779802766,4.95556218873899,1.0199492368883176,1.989438893857708,0.6757387089640589,1.920410150736401,5.2338159503159405,2.3625963486845936,2.599211063059661,5.164989646853012,14.100779432895987,5.391602066991165,3.492367224616676,2.0687850142310213,2.0745086745115975,2.4347184086362983,4.138283183944192,5.170536182067945,5.690499228270407,0.17648336142401444,0.8202106668385889,0.21144691008401506,2.9732549991110355,1.6818449573471288,0.7229243565330683,0.8490903855406966,4.701074534188397,0.5785045393570467,2.8369463217979023,1.6806394072732918,3.718993752094547,3.48369016573114,1.0835251896255595,2.781450764764397,2.328938530991595,1.5394819191154006,1.4408913999814927,5.2460742736637425,1.9318312303183678,0.25085929513388416,1.5111769574038119,2.8170038362626943,1.228841784489171,0.3206107426876721,0.06829935097724059,2.068322975412573,0.7177114619836917,1.1959516084698854,1.686075042055338,1.8498000509310168,0.19092804472577235,2.945200661726898,0.7677229137405478,3.4439012662342083,0.7939101844559305,1.5903676758787433,3.3936663337754958,6.092534687932035,1.1458928634637946,8.051872226531785,1.8230632326184013,15.564090412611389,0.5544789095236444,1.4738756954335803,0.2997532404415738,0.7556714306731864,4.027567040289691,1.7869866906269447,8.659304689253771,1.404716086814329,3.907478610133782,1.1070735618166299,2.823033180825811,4.909650658034609,0.5428403733108249,3.914145392039911,4.724616669931986,3.1324260275115186,2.373885229671349,2.5733963776767053,2.7450992479703054,2.4556855139092675,1.5900120764766394,4.425774995493978,0.7038272823327021,2.3041171551264594,1.101693147984176,0.9088065186910406,5.129370892895427,0.626964022376636,3.5416928729015007,0.7902802614098041,5.638708752952028,0.511321650690638,0.10981021022965537,6.918735013649749,1.7709809375631185,0.3391142073052187,0.5110937257899584,2.414071731285489,3.54581839803836,1.3833670653781487,3.991446797140003,1.170067060025886,3.017231078167,3.911781536888408,1.074063255045114,2.2565988380451913,2.335959207868107,0.8865523790583004,1.4276621305121475,0.20897895421096424,0.2182280590503194,0.8815530722845505,3.6253791197156637,0.8006845772455287,0.9462861589277684,5.701794106246027,0.3095056108485458,3.6539249768519024,0.07284752515264126,4.804262465163926,1.8821528884815515,1.6187960083530069,3.123822299452566,1.6789459924243335,3.1727266219749835,2.2127147475640463,1.1487112547282994,0.9518782737175298,2.1855009940282035,7.260342104501107,1.6864601070708893,0.1703363334725314,2.07219106165269,3.2196316722026808,0.42224851608329805,0.269595017347094,2.220593546260768,3.7702780643942075,3.4636367631404696,1.586030356578053,0.41403098059206833,0.8671447228600226,2.609155156881014,6.435524703956706,2.609160001127895,1.0432648175804706,4.290208936182868,1.2041495436269325,0.6681216092265588,0.40995732775339233,4.73437976524044,4.085311405738545,10.20350763300795,2.0240985490828303,2.8742844048776925,2.464182264975746,4.622862916931428,0.32012052571515603,6.6266901892282934,1.7839444339918862,2.0097836304221346,2.0540545373185966,1.2610143310162703,1.7472337175581716,4.782432910274144,2.4312089453246974,0.363497150173015,0.5743463354731846,1.9133155961774164,9.911326523965526,1.2481099555907686,1.823998832707547,1.9132499940167524,5.7586947414331675,1.4806339464390588,1.6837131594764578,2.7583260008520667,1.4757013645507393,2.3519323831145753,2.2014895006755504,1.9448157717707821,9.906567693162836,0.9554036463479838,0.7007667315483058,1.0183876798510765,1.356476439993366,1.1703107952839127,1.832392992868972,0.22373169812223925,3.2037310418219267,5.966472062134916,2.1438413012717317,2.6566847973807883,0.7559499198599128,0.9135032055598322,2.8226251057794998,0.5576707803352261,2.1441390855774682,1.7555513930043425,1.3406488570044952,2.4503095301025635,1.3333324013060874,2.716628825373169,4.2907610031512355,2.574790037891248,2.1346335659945717,0.7823356881905406,1.117290605735293,0.4609558506536455,1.0869402180810879,4.456495259448263,1.126425188824199,2.4657020328932244,0.03528869355603903,3.6634431632439677,2.1076191000191793,3.843688287808533,1.9749049757156008,0.06613185076009653,1.2133016089910145,0.5922871422017706,0.32680963279295394,1.2000337096975302,0.10466687271972319,0.05934883069684993,1.4572703288411768,1.5929564870735526,3.065371220272453,1.039724326695987,1.7786744718516458,1.552669526140593,1.7028429469541373,1.316126782873056,0.7404416059485358,2.4382362987044957,5.4722541957613124,4.427357892559076,1.1881686786902823,0.9586040799186865,5.479428758739281,0.09215557561786847,4.152632928853198,2.7022792882518836,2.424482992606251,2.7991993628784404,0.8975259578240753,6.473247207342226,0.9518995540912081,5.977440843680786,3.8587704767161943,1.8993218275755754,0.5762057785494205,2.5093942087804546,0.5278755353495792,1.3149740373767762,0.560417672354923,1.8531704545975436,0.44932146006213414,1.6899013592843024,2.0465029763956117,0.5786518806873742,0.6945085839990748,2.662654882754095,13.495960436572247,5.147607899403775,6.623390401804327,3.765449175406726,5.131064612090405,0.15770214901761204,1.617840665874084,0.6230137758457719,0.38608088623472997,4.931952255365141,0.9283407477352617,3.851593481522401,0.4815999161421527,3.0606736547207616,3.5913261924663877,3.132247004075315,1.060242351943634,0.2564343230742363,0.09561687327319479,2.6781435518206247,3.5514568969733102,8.902571678538152,1.0863783117508636,1.693610610401674,0.7036460800316611,0.7831732587607702,3.326244527565709,2.8171540483369353,3.7757831121420278,2.407859546511839,2.5009813654328035,0.3449556199764601,0.7931588289991143,3.5152343528429197,1.7379584487431963,2.494121948870177,0.4692433481409919,2.574027392696534,2.7405563510451203,0.7211446108326228,8.475577857527576,1.1261804885043052,1.960960468449205,1.4270963003949486,10.19930705146906,4.920673615586387,1.230210036764237,0.3402062769425762,12.40877159160367,7.090630497402467,0.8233213541931848,1.1975708258493278,0.9692170258298756,7.675771275393884,7.9146299744008966,0.36094592300582573,0.25861906837175397,1.8084269334948766,3.5588305626851278,1.110821146199796,2.26523616558322,2.735531729921926,0.802866682137309,3.5885349393260446,2.066642297114168,2.6585620004106394,0.14858989659057875,2.626878445126772,1.8975647414682983,2.685950604005161,4.264097609418254,3.6662879185883717,0.44962232148399517,1.298653746433673,5.985423229052631,1.9048222216502257,5.458389673380684,13.680352262874818,3.0089523913528917,1.3152739430930014,0.7447872760970018,0.16318758233302755,1.08215313926344,2.746414520668268,0.36866502262128464,2.3150676137774022,4.801778157763543,0.08027533435143774,3.922670829476183,1.6229204854395978,2.9977018411384413,1.2105919069434026,0.09670448790572805,3.3263390424208676,0.32742699667013986,1.2822550712457965,2.1025293249195522,5.7108978937639,3.27460947380437,0.6319144924888161,9.249058407780538,0.06351997478476079,0.03432156123400354,0.14956352971598674,2.1039481302684115,0.45540010857256763,2.5025325659706867,3.4450136797239708,2.3216105681628134,0.6874483620600734,4.350355794130671,4.208083063912492,2.5965261511288515,10.488905832279727,1.1138579889737246,3.213857895149096,9.322266573399656,1.0097042244981456,0.23501682191668039,3.7216929631165674,0.9868235491618538,1.7744624069420079,1.4235781813963708,1.3548786458823572,0.6263663567331128,3.2411750746582073,4.158687267099757,2.710600650910725,0.45053667951617826,3.6050607755671513,4.699841616739425,0.38767973474841955,0.6835226316651937,3.985433252192832,3.3926797854210413,0.8519720427216008,0.8934126975948906,2.4020661042524747,1.6324817037839463,1.5890971870184734,0.574977249349407,3.519309331168483,15.172072348068331,0.6741984356789993,1.5369245026008893,2.7773483716807013,3.4986949140636803,9.612081332832409,2.911642142769172,4.591552863171647,1.1068041990887705,2.0554101846747943,2.4979941469204614,6.648432573601049,7.0473009780204094,1.0010222298663791,0.23986006690771444,3.734011161265177,0.9238662426238422,0.2999703785271923,4.150628990215822,2.197296258046469,0.5917843746722868,1.8159573919776286,1.1816603453534196,1.9475086246407256,2.735088867901002,3.0561707210483307,0.9736724164378643,0.6728361635728874,2.8933645944840753,0.15375300772094946,2.7830415787029703,1.7596922740373175,5.47171219444801,12.342401484581737,2.541801107081872,1.6014962029799824,1.83117774512594,5.573544023927478,0.47502945851869804,1.1797048942706194,0.9372756665664361,1.03166877309051,0.16824409613870417,6.203782782428645,1.5650617946572711,1.1193434539762352,1.4952880845548,0.10745521823040138,3.9656876950097066,6.5292035892252045,2.4190335047730596,6.90727196177856,2.0362547314781283,4.598867103617772,5.235814846171849,0.13888443497195868,1.3154846556202233,4.461414671932306,1.0557841999512179,2.133558495799398,0.8980698469891903,0.8354119484422133,4.935397221073935,3.2007018690369144,7.205796935730713,0.7845685817351535,2.307309914900832,1.523720445860082,5.662122312656975,4.680018244332328,2.9733430239228,0.5363867101124513,3.017888203102233,2.3589567204426385,4.610691235234006,4.537846085893118,3.644167769834901,4.968446009183463,3.937705792163126,0.17697339032894965,0.19766348685743795,1.23400636538808,1.1398304434654811,0.7855732122610273,4.665907196564677,3.125751097019065,0.1469441033348869,2.7655633122083074,0.371987307599569,1.7457980993657234,4.686519489866352,1.781820639300861,2.723018177561115,0.7134211068515808,0.2661619398866535,0.7908626517328853,3.386607926794044,0.06864440087949397,3.2478199388406255,0.8522688824374822,5.016023990913195,2.5236430337408198,4.024250003293451,7.361230881485165,6.162866727741539,5.527636589197077,2.4311994011459706,10.63457203680474,0.6203928204150777,0.49373868126010256,0.7357223799916313,3.1058123948880736,1.1721512996028194,1.750177638156452,2.2784463502820396,5.401619110105264,2.4866782480178546,0.08306919809279534,6.63889071637005,2.2863038885391145,2.102670777623519,1.915974435847093,2.453368016251417,1.8682942116423633,4.14772640116991,1.31524993961599,0.7612951098205758,7.615224889948985,3.6374657688771492,3.348097926624455,2.142583857894508,5.136793820464015,0.2997349555267024,0.43763477081423496,2.3208956905176734,0.20991221406133898,1.4732456592787004,0.3039595845990657,3.1095909893518683,6.1281438668947175,0.45513108881213027,1.154856819361006,4.586816996132042,4.0479843473922905,0.3487638303432836,2.0638349085158514,8.604732200385355,4.19068330280366,1.3408359322078085,2.4264434599262694,1.806932122614269,2.7285660150703266,0.9739475505405455,3.713812041186435,1.081496750705372,0.473691161286009,5.239972532722038,0.3258459791254247,4.7111930454480095,0.756039599962743,4.844819293332113,4.019600548723174,0.5275837628667985,0.7905833626131669,6.595161062269252,6.248549930189618,2.701591977072919,0.33938813929202544,3.240315545743017,3.1747451051976396,1.5789177523368443,2.4242944606916317,5.964925692318151,0.8302312869993602,9.482162511232863,1.6006636141094952,1.5462627890984428,1.6499782890122696,2.2174222922076927,0.4938884214815961,1.1363061199555373,0.956918886851124,1.5687498431407176,1.7633778023443474,0.32699138830831764,1.715986867844802,0.5080271448777545,1.4560321392960964,2.375139371756635,4.594434092075464,0.7702674797749749,0.2298316997674149,2.7285695776703562,4.799765427752368,1.8751221071113289,4.184919566946777,0.6171554492485072,0.4454322358734304,1.9229046407344814,4.194779039022036,2.166922873898152,0.8899000634603565,2.9403950135601553,1.880617087117622,5.661091412014266,2.585289457005481,1.3902769966049344,5.01411117239948,0.35801539337337374,3.691101736828723,1.5939217246832673,2.6438128559175675,1.7540214290463165,6.685675341973056,3.2503305340914865,4.567784748877257,1.5973005290442694,3.7243558759173845,3.053243319692814,2.7250861067919034,1.1695523908790877,0.5108652355369633,1.6372571306131656,0.44866116143911006,3.307850308614215,0.347421688345236,0.8314409879670175,4.9773403254409105,0.8321018279465308,0.11642383578863957,0.25973506037702876,1.4226966841674198,1.0168568930048338,1.2531220963934162,0.7702680424716495,1.253101639835852,4.5221028931257,1.9968287173192432,3.6870176586959733,1.6489587815545974,4.1441515811861525,1.136419468038728,2.6133975983760465,1.8273087877552225,0.8059022890870566,0.6839864849871191,2.717348363067686,0.5058212283768126,0.45572844945432317,1.247161533191559,5.6147734793725865,0.16776160663009376,2.583198179509912,1.9435700303244101,3.5295986964549932,2.6067197696056916,0.8765701240721822,3.7329108255657197,4.2162786464875746,0.9791463547538102,2.867468459715355,1.349444401377108,1.2125397767429575,1.057280435953763,6.432393525662382,3.6427288209650937,4.157482755510466,4.009192754522769,0.9760734140790301,3.2443224148677112,0.9884944388397285,2.836019636276016,2.66610728875602,1.1893360262434298,2.4521291145354094,1.9239522735679584,3.4017995615658077,1.5484547391159604,0.5221192240688106,0.6202331551551432,0.5826706280423111,4.311888041620517,2.043936692933349,1.487729006640489,4.667001410376731,4.27801618365104,2.8980237428908655,0.34768993256950553,0.699578025228393,1.2168979022243076,3.5117768894054406,1.4281112645243321,0.5778374246832596,1.6519516949195236,0.7016775819438203,0.2680488208168037,1.729681665804153,13.911142482844546,2.01368515113842,3.280710105790482,1.7818715661410889,1.0610308514335467,0.6363747320156594,2.531863155052899,1.363364463598343,0.5217933501901735,1.5478125189991425,0.25965671942017865,1.8337408692298247,2.4876331004492513,0.2528902414041052,3.663101555722502,1.8218722739654325,1.7202474709468056,0.8393183833425752,0.8509148876968061,0.871247132663808,2.1673867077286526,4.440016671480972,1.276675370249747,0.664573810281385,1.462259591594846,1.4551514428592127,0.1325216522296051,1.4663195916950134,4.897769116393905,1.751068502140777,0.8142217093789075,7.284784033195072,2.690236416505371,1.0973532082536943,0.38101805457919086,3.8321610201273986,1.335660185628936,2.7285180854300455,1.8584417250906697,0.521021434171423,5.852177059373444,0.7576229227586214,1.8590535946664708,7.739948083164856,2.205582147708487,4.588836061547466,5.545099368303479,4.041796999587321,0.25167955939215303,5.32287506453879,1.6894605401311689,7.259301782870909,4.371423667306827,1.3170496646648016,1.6045305204058915,5.673447992304351,0.10971336901945183,3.907750300451909,0.7939085110637774,2.0950119139817627,2.334788818573554,1.1260804836058114,0.20383561145369544,0.7664485895564941,6.253743534423944,1.260119730941325,5.454207921798888,6.54017757815371,1.7380506530175812,3.8623190268057397,2.8639024935427333,1.316940118023722,3.508310185568624,1.3302669209727072,2.5920957388849413,0.6945516766640429,1.0278783200376735,1.5088573997416688,5.385504440429802,1.0930509841315337,4.8919534394135695,0.9146137477922653,0.2581240792094931,1.3475750342039055,1.2053793144399947,1.3130115604864088,2.624608529728378,7.547859996077575,4.841494508189132,0.5483613856309528,13.892954225961041,0.17386280880401017,0.15261603192072892,6.339800413397952,2.2670274007501092,2.129314491798952,1.0570236326626978,0.325619568204893,0.40559885446912225,5.050033389688498,1.160241132542751,0.7787579466317969,7.71286946984557,1.807010649728003,3.138631965077256,1.639823238845698,2.3210764362481053,5.048474835344162,0.24830774683316026,0.36215084623921157,1.5566491391249366,3.1685183488820976,0.5171127608423314,0.3161664430036042,2.0562599096559078,1.1228755072440761,2.7724115265373817,4.403355154937277,3.934959714312854,3.0426737969509854,0.48012503696784625,2.4318219521989852,5.468058947753951,0.21530868884626753,2.568764075132207,0.5989685000113134,2.0358295381999882,6.599027577829473,2.89387911565837,9.059273108209652,2.00808767268696,5.637793693792706,1.893274515824356,2.8550504426604286,0.6420409463996974,0.5284381225440158,2.4686699901714206,2.673551497766294,0.48273336300287595,3.1909231672235503,5.364301375972233,0.7457728554668068,2.2509243424933016,2.0064069532893933,3.8807547833020837,2.619817947970399,2.6702783444127784,5.95219267543246,7.177944238945808,2.687943706085675,4.346833149573514,0.12929037744161276,0.7773363100278177,1.2928270836723852,1.859429594515838,2.8346952471725433,0.6060782963413326,1.3527925819162787,1.2328546622404966,2.0960341316817286,3.5820711082649694,0.7699525417846392,0.43129787346243065,3.7395017601780456,3.686549695120239,0.18699362694003963,0.7782917145347932,9.566771822152223,2.637463809484446,0.5491051409044574,2.1113391893887967,0.6546588122924604,4.449426944728519,1.1253414655208198,2.194622895317648,1.8506121710662473,0.30849632425909834,1.1527311792803792,1.791833790894595,0.5365714173408089,1.2029701253550433,4.206501952968679,0.9642859909772563,2.7420346306452776,2.622196455627411,2.949061000474678,0.4819406015272283,2.8155793132455464,10.633107979069319,1.1842650365687575,1.584044997659177,3.467516810341494,2.249559861497262,0.5836257045252466,4.866475116131873,0.7695358764989367,4.82096891528486,0.5179622495483809,2.0995473214075,1.0713836856614638,3.400319451246201,4.87743604134301,3.520932572818885,0.6063851361147051,0.36541224758729274,1.2995331999295014,1.043259015806653,0.06642242995327718,2.528833435188217,0.8515266814801338,1.1965160421739043,1.9532197600317793,4.928898216331641,7.688933593616157,0.06715061360871366,0.6400386488297625,1.5311163804290933,3.148971323683265,4.089297666749306,2.9279834125721913,1.6447131514440874,6.760302295514359,4.207456919212836,3.28738846788218,1.7930199639436513,1.6848004222882653,2.3079748063961123,2.7927490137893685,0.893311118175673,2.7486599266371625,0.23240562555901445,2.156022348004343,7.713239860318,13.38474853794705,2.5176160537454324,0.07125923312270444,0.3047284942696229,2.940924981609518,0.9413485459775988,1.1695770287949707,7.015659719236295,3.1715281891061764,4.600454675968174,2.075423500016983,1.998538449947508,7.341240685721593,0.09101252441170596,0.5214910924273305,2.5951480867357297,2.7844194636440323,6.393847397124624,0.7693588518088638,1.8064910872773259,0.7163471176314937,6.844224522361934,2.0778313366942927,2.486361756777888,2.4309846200146956,1.7844488852476819,1.2718250604385133,1.462516865794311,9.79607527647084,0.7150361721100855,2.100041988755228,2.177672171387729,0.5365681589154792,1.056277855411334,1.9730527282127843,4.426300091348586,1.6390916697162576,1.1626756928270698,1.1032573072611283,8.800370607905068,5.2838269359199295,0.10561078745657138,1.081746625540383,3.2480256207876317,2.0977666533203085,1.2512789367042831,0.5934036608147206,0.5177850472670872,1.204636785065364,1.2381245850673654,5.6204634627144365,6.0513909505080905,2.2463012653646603,3.9966555569094124,2.598146796169935,3.7300447266772387,0.2558402842947477,2.7128060669606615,1.7216283081931862,1.0229813844481932,3.780437912881969,11.929220971307926,2.340518797769478,5.185307869573453,2.7064095437671316,7.714758325464135,1.472332107191744,0.15115931520133263,1.3960661099931633,6.521637160164925,10.73631734632908,2.1043018479205013,0.06287383668095206,0.2354496400253261,11.102791739825774,1.0737273628223454,4.562268442023161,0.8471705621668018,3.994707648561119,0.39959818097285216,5.506757323914977,0.48744165996193334,1.6113924344020845,0.9674165249324037,1.1978066501666367,3.686415943135667,3.3359773548945197,2.896169216367972,0.7279741405900209,0.6449993318578036,6.8976677766571814,2.2642118571401944,0.5235231258857587,1.081586646793236,6.9764696572489715,0.3340771830879299,1.4229835176484278,0.5940295566162521,1.078372604944959,0.21051495485109917,0.2635050007395237,1.7965908769334815,5.877131831745757,4.564642188361973,0.7542686970638139,0.38861168029942283,5.354611445267349,5.560024068811395,2.655398193059512,4.701083982580091,2.1316850362052326,0.36068657656561864,7.361400734318666,2.269928836802752,0.6279219646900569,0.5777071894789149,1.5436520742954996,1.4036578488068736,1.4745539725028989,2.60668044493637,2.8478375674197878,0.6051230884526047,2.234270393457023,4.77263517173665,9.733164657720325,2.6375403127429133,4.781593802992586,3.359979140163785,5.400378171218963,1.8702914524778924,0.7601756563944408,6.35330894769996,4.629759165492519,0.09705467678225088,4.153104353431793,3.9535239733720977,0.799238370033696,1.5564155828584867,2.549670831697555,1.465946846154363,6.651908350960076,1.399475043496723,3.070908384455142,3.1520848364099727,1.2069063784963303,0.6864138647966689,0.8132867814758122,1.2951615694189198,1.939404395539711,2.889742690902698,1.2385100234801056,0.6367387280886752,1.7510117938315994,3.2922506815006765,0.7904621764937567,0.6054489933100843,5.26998715608321,0.4194696519881078,4.010496446412079,9.009155679575365,2.3672947398482194,1.4788423310716658,0.5210689936989448,0.6331424045767622,0.11978781183095988,6.386830566032215,0.3425227823036865,7.202278016258216,1.0827808903521658,6.049473068658144,7.417932071416061,0.32051784278083706,2.431600586773145,6.252050972177911,1.5149578706971023,3.747711765065773,0.42364225167034286,5.3868596277397,1.6648815752144839,1.7056733734439349,2.776943630709814,0.6362374693777461,2.751542413310851,5.533032827234878,2.5800301968569426,0.8031776814059822,5.13675116128963,11.037157076515596,2.1637619380413824,2.9415001028199286,0.05483221941358707,8.391168267589684,4.883172085085816,1.422325214106742,6.433620235687611,2.197021547462893,4.294576870944348,0.16223589486063195,13.618072063533772,0.9334786499626703,2.171172885256875,2.1132601020159973,1.0926525812184549,1.2222198293511515,2.423607881019766,2.570716377888261,1.0678015202390794,1.641619131027852,0.8200911936702009,1.6767646964569236,2.0830834615591645,2.509848034729372,2.768305331535664,7.544361169067434,0.5291173902463095,1.8694227617624426,1.4969866445124191,8.656849272090362,4.52477789972398,5.227792112641559,2.200529394262409,5.319617838690335,1.872996970385261,1.9345763243021945,1.6609665030363008,0.4403586144778262,1.0513751124439898,2.407051360756026,1.021315958998509,1.484459556864145,9.517202796988117,1.511165381492148,4.933552700778957,0.0627015187574338,1.907982845697075,11.032614042874222,3.775814483858322,2.9033873395430208,1.4326170080762375,2.7547790280647533,1.6708303985886939,2.099520375168499,0.24707085835234643,0.8857093068251463,3.7881853547323545,4.776072691208247,0.7825283000117875,0.9867802037046758,4.172214754476299,1.1133139777794168,0.33984386928307253,4.330384427003182,0.8451404126309107,2.3546750729966015,3.108970632686706,0.6954974900159392,0.4734316194405226,1.1464541841700426,1.2582029050961583,0.1311518385727254,4.555069665802868,7.036747325037082,1.1584232275525261,0.4950631426376071,4.289665946640051,0.44507522233718555,0.9717835956388401,0.6844465644065119,1.7304287299219234,0.37223528483477697,0.3644213612578039,2.282633444499694,1.1910229532886565,2.7465940937150735,1.4128878884455345,1.8833219943744157,1.316622063904336,3.856259683012532,3.415530511062467,1.7828434114628924,0.5780551520093395,0.03173243546545512,5.443907998619621,1.5053813505077465,2.474925763470151,0.46902095479840056,4.2331078081141875,0.30323366300266674,2.4639029349726744,3.693522242957742,1.6234183835709683,0.6249733349676709,1.4112197074025412,0.5182745488708582,0.17974216525220355,2.2812157661791357,6.2404866242610915,1.4972136698562597,1.0092294955255792,2.325583458313682,4.951867361802227,0.7820867425540166,0.3197529791641469,1.002311334410696,2.0369697062850736,3.1258093338208157,2.299369929810794,2.9051761721466125,5.773443097105078,2.8399386337587127,3.0130413787890844,1.4169922822981715,2.1809396200224196,2.861006872961903,1.0364585995719442,0.9160545396741042,0.9150452799506157,3.9798568944267454,5.5189801510184715,0.2954179291931429,5.41668751137959,0.33319857205684,1.5179556709798772,0.9887218202973093,5.620657525810284,0.7797898914162795,5.821346873471606,1.3538330550099746,0.5865181407507585,7.082596521782362,5.426062538765226,2.614759973093132,5.490407439897408,1.9890526842596068,1.0438098242696499,3.84851838901084,3.2947656662677884,4.35229699694014,9.164184324987684,0.23347065934492917,2.9073731127275804,1.2152784936228724,2.7015621580530524,1.1672102935246973,1.5323202102311722,3.1768007391912274,1.687456375553771,2.223130529909924,0.3608190580968773,4.816052616453491,5.074146948858139,0.5027026816632021,0.8259728987104791,0.8365383234081798,2.9662815442086625,2.672154218342293,5.531591212922657,3.60436356153564,1.0661307011008039,1.914669093074975,5.987819859877694,0.2876386760952476,1.2275770363657144,4.469778679216567,1.4933857465496425,2.3547830831863203,4.603138718053819,0.3070397338063512,4.302636641309577,1.9192183486552796,5.161012887106644,0.2697980203536269,2.597135894464843,0.5826053676552037,0.6427983839950118,0.4219564268647469,0.44254740236172263,0.22193433600474877,2.1053929524747654,0.29048158327859297,1.0461252403559969,4.994012695959425,1.9525421791198114,2.42505084076189,2.155763185247886,1.687251024038575,8.916847019429307,1.0484664184150616,0.1320423373209515,2.4820976456568977,0.6481558545455994,0.18399762027267696,1.841002869444703,1.3497579144586014,6.641787858908216,0.17221564496836028,1.6810580266560404,5.272688092888191,2.268501693324939,4.6307491319797105,4.311881431300163,2.490368395142057,1.9650083712580844,0.09646210960734236,2.0115232298188737,0.1622898256884414,2.47003827935141,8.716141638122524,1.4953621896364577,8.176796935368747,1.154506773328321,0.14307860442606612,2.6024473125476426,0.3900880746045847,1.0218323495986983,6.160470389337246,3.9585393658332357,3.802577621402043,4.457076402594652,2.5066159965351895,2.863980080916727,5.94273961218033,1.6529229292995233,1.359111015195126,1.5938732905864446,0.735380220273656,5.58558650298952,4.401991874156737,0.38253432421925293,7.2085598972121545,0.06624977679540178,0.26971147201541146,4.709331351753099,1.2490204413418557,4.139564257127801,0.6625939514341537,0.39205204062953336,2.517171272541608,11.992703177941337,7.72734620362604,2.9292237230725924,3.032772128831917,1.4917265629657985,5.306764401847721,4.571910599353801,5.7587734952570315,1.9791178876635813,3.0076453920621447,0.37298491708933157,1.7302746163492104,0.07386107426064431,3.6313123360598007,2.0019472891705563,0.27946033025190276,3.068695532435682,1.1917158767438651,12.043644176763745,0.2876454426682006,0.3977712025098473,1.160110679513624,1.3576059130836278,4.758532853699904,4.592267313289316,1.2452428681591108,2.953760362858807,0.5658938189699565,1.2548782847910744,2.771583720868789,0.23610442413794464,16.54952455668137,0.1607568000799473,1.1641760212937031,0.1078463471908857,4.297878918098686,2.571669691324195,3.1502044089713612,1.5440234906618402,2.3784263829855905,0.6907654901385816,0.5754986932362401,1.5858119815250142,1.43175787515866,6.055830530338349,3.8246007540953917,11.407993457562188,4.71253154828702,2.576124293800741,0.46159487534697696,1.0020734100011568,2.0093733086881977,0.8898896931838187,1.1027714414916612,0.9069062856523311,2.308278033318624,2.589371293889432,6.563930040403205,1.92678482629925,6.188706485631293,3.851616040556888,3.1226016519054176,1.5691138908829256,7.872967837362925,0.4281293889070703,5.270017597651512,3.4442440658143205,8.060119422553512,0.6140776637571511,6.773596953696296,0.30062040146288294,9.687451330809395,5.844447083600552,1.6236778127257523,0.33036703153818947,3.5032573371134976,6.158247918234547,1.494978023485638,2.864960227852883,1.6058357438524078,2.900447752773519,0.26541928937254067,0.9852638762354629,6.039673458845637,1.7059865901130946,1.0185581321390136,0.3103486283438692,3.120925820375127,1.2259004577302286,0.6762150175739332,0.5156582167221505,5.446005017957488,2.8522050110824653,0.2577337844134626,12.805875790013843,0.5900315809357349,3.9610615542485097,1.3447369883631761,1.093805864914719,0.9812469383284785,3.004201059230735,2.676435346573366,3.929528832972391,0.10687654602071772,2.2772902275382125,7.648250222388748,3.5792420701826155,0.17652622178264193,7.409254656970343,0.4276534530533388,6.57362148095309,1.2827064062465041,4.413923694215065,0.28889838107686705,6.456545581578694,0.25886484505027707,4.405227753447177,6.051580207057865,0.5892768892545834,4.539156187660149,1.6322560602023592,1.3876469401713307,3.822393523827128,0.7957543000927532,4.713331026145204,0.9209065294120578,1.6017143656349635,0.8697477208887856,5.610922697545694,1.0665396091030939,2.782552176322208,8.05455107301087,0.9730427205861341,0.9270774779861256,0.7462467308808489,0.8539507660827577,5.367463760378764,1.7394504801581754,4.048250542821389,2.3991815154501173,0.1775296303268039,2.9625892596850525,3.1129486774194666,3.3880237899111143,0.4842467222935287,2.525887974973552,3.373009489908304,2.044489272592179,0.0638365965820813,0.7913092885612447,0.3136893361798313,14.257709236219576,0.11699971508261386,0.5214350421476116,0.08067458331627098,3.787133266629356,5.232882067749202,1.813055702891858,1.6653764502447563,0.6005700867868514,3.134509412124961,4.143614186010243,1.950106924940255,2.417607252611951,0.7052109323058241,0.4943597502831588,1.1079195740703822,1.138506446711519,0.04654820439873353,0.8677068402937576,5.649908926803166,1.0763009924093008,1.087537075429053,0.8985787771367011,0.309929222633166,13.58948228311522,5.481524983019496,0.6044404531445147,1.0968101960135825,3.600930308235373,4.495983029061323,3.3592317527329083,2.4151749821396886,10.856127399093728,6.596601964776328,3.9131754865103288,14.239054961385898,11.209961060532159,1.421198421104643,1.6246427406513297,10.812268533048483,6.292911127947895,1.9347254358188595,0.22106183969110793,1.7167563530805061,2.464206158290464,1.7781619255808685,1.8084696729579444,0.8273258611141292,0.2727009758910783,3.001527962632066,1.1317784696873567,3.7538217251651,1.4085144667581817,1.083107811904613,1.4265749807699892,1.7647458398365274,3.797748062603924,1.2274875703454744,1.1299946460147083,2.331723868813448,2.0817398370724076,0.28125381974438524,3.7810844851166214,0.49902269943608846,4.490800633721623,2.0314881405365153,3.1712343577209854,0.354961768169115,2.5583022676165066,2.1558433730843243,0.9228035142970996,1.9643474534102874,2.060761347776792,1.17905151175313,1.0835490122012184,1.089414642631884,1.5703419800243026,1.2393127801426376,1.6504411153926508,1.8204486145336987,1.9402370863082679,2.2426929620550995,1.529618110309319,2.108369154556985,9.270371867451193,2.217440130131036,1.3692236257933825,8.081576576662036,5.315339549030396,8.729672100528763,4.847549546421393,3.891744358986405,1.4276618695912866,0.2456491116593904,2.6601610371183333,5.978400233385186,0.09592650812498071,0.4740503493407431,2.180662061692738,2.5671753617423674,10.543283877712895,0.7050832114275241,2.556771645396149,7.555687585775873,5.211435910664125,0.16180829186336998,3.0219659139124753,3.6219175103313077,6.636466137612737,3.618584679120744,1.7940353946109666,1.9949053048829102,1.4781725668599996,6.876430746260194,1.74366249832937,4.193809122517336,4.8811819855176495,2.654292366450206,3.557663006545313,0.5769192665945772,4.032172066957264,0.8385671914144137,0.073313662187107,2.5115469624976696,1.7170398922594425,0.19694473880388785,4.4679028080926235,0.39415279453286756,4.016820307285903,4.002896329737881,0.08088767727085483,15.13623111798057,2.2566942023126715,0.17547918180818195,0.8887285059304199,1.9259761350627134,0.04502204262467624,0.6745800442041867,4.996616394810264,1.4031926853258514,7.123077145019099,1.8397449211421029,0.8840481813969965,1.3946001260988428,3.6720334978795783,5.819775596327114,0.44800907105126164,1.204677152923647,0.4257707711667529,2.1482305644838973,3.7302689949862464,1.6928286063727178,0.6143579222945799,1.2578467253174737,8.199608811935972,5.665578278365226,1.7315108408106132,0.6244311973858645,3.8145441014385963,1.755329458595802,0.13279976257655957,4.503936180574291,4.438771987105438,10.94461663883401,0.4732297025778199,0.6304218093588396,0.055745855242808284,0.652134449718595,3.409800031164023,5.88189668682291,0.14222042498760157,0.41381867840420494,0.966197674102856,2.1155770505669373,3.8706733765986603,0.1833997716227338,4.769132855747861,1.7591209214827905,1.0467585410578937,1.9416007629574281,2.2917884714857992,1.3760744786453167,0.2452632055414381,4.103612709680486,1.5879224702872585,2.2159853296160676,1.1518244342235546,2.306920592345647,6.650477780019402,2.4487178084649717,0.9859379768550398,2.1981770941234333,0.38268563277216994,0.5953813854612475,5.222785407168091,0.544956231034099,0.2912952008485554,8.883988551057696,0.9658819650272025,2.614735426955099,1.8573628068365118,1.9019234954697222,2.603853189638497,2.1670611654812584,2.203234694599182,3.6023918485711746,1.1460370886496578,2.580858647542239,15.065280748399541,2.0275768950235116,1.5260273425375512,1.4983657437719375,2.438954657528858,2.2188204246583574,3.256977959126218,2.621430113899808,1.624290548080071,0.3287407438788664,2.539340354165668,3.4851995437916283,0.7674861596077612,5.927001434320636,0.408294817139832,0.6707057695239166,2.172094503001899,0.5197541185750723,0.44374001758042314,0.03614806476180649,0.24308877563701198,4.776035060825795,2.210947884929424,5.41503158701235,0.7844033379011758,4.358243155550877,4.572607509719771,0.0915332003983893,7.861680596988965,3.1822400839760423,7.833039368091382,2.67465342953832,0.3787413585384013,1.2054305160562184,1.6852058049228495,2.94142538586439,1.9088626228641645,1.5329237525887747,7.980698704601988,1.1738311533781542,1.034360390250208,1.5957782624403234,0.1815928158480331,5.261614819394298,0.4584801741015835,2.0833606253710863,1.6974184044945062,2.075849657165411,2.8578434258465277,0.5107931680180359,3.522856893502342,1.1496870436879258,1.667331046759334,5.556593925209675,0.15536354926957863,3.2652674922688343,1.4217744416545868,4.431183455376638,8.430264899061118,2.8106180365166096,10.195541869308329,0.38479340884146673,3.086818991786921,2.6024198697584704,3.1466959710260527,2.930248756207889,0.9716487244695315,4.197933322910878,1.855733449746914,0.6094941090622942,1.6717541737215504,2.592773331110136,0.892211351761205,5.785076426658812,2.180989615679373,6.476477599451442,4.912774163083346,2.1445642647968817,3.624246393509064,4.969331955358548,4.483485787073783,2.7387072142684996,1.3737872894193937,1.5613931269654615,0.8605548943562438,1.6377971490579888,0.7582407139995921,0.467922552002628,0.4031192081172954,2.3134564152569825,1.930801621930637,1.8569074931292926,0.4857411469638381,1.6770209572267443,5.2564890349180455,2.2730756666852416,1.2114473801941492,0.4455456676841111,6.3012172868171525,0.5857227408925882,0.6518448379180355,5.612038462065705,1.5148387530948026,2.3264737199229337,3.6621775977325894,4.938724341866363,1.5592529434073708,3.7971125310717726,3.1388050725554892,3.8080304365359883,3.357528039916483,1.729256574761714,4.531229181907026,5.023179835521187,0.6732648939063477,2.887001730166716,1.3082917791930193,1.3617146004691594,4.770581834575314,0.5378668094110028,2.9528700913885344,2.599582627051409,3.947512562348297,3.079679358064867,7.778929897566085,0.5633442988158064,2.4004531130320608,0.8861995346411582,0.5226372266893644,4.136168967412149,2.12969971486079,0.5756375551718933,0.2920621403173439,0.6117228666543579,0.2742877165876165,2.477906016179503,2.4240741263548227,3.20063589541056,0.6387921690947209,0.06696696143630554,13.35783874834548,3.9034442593842846,0.2863576258097088,1.172344195159638,1.2743190113332103,11.839532811888617,3.8799707407577118,0.48929129076398026,3.965747923777185,0.30119183334509225,0.4017430170059352,0.5003658956030406,0.5436448992392782,0.12474564754526901,1.8934661859067106,0.5476526158562207,3.028278695673088,0.5711857859101855,0.26913810779480185,1.0466833779077331,0.8246880901728866,0.8099613830711903,7.9051817043647805,1.736657665185382,1.0351347258261463,7.367441297506075,5.151172887627881,6.532180855280472,4.027796859112266,9.947678975896999,2.057363753555953,3.0098131263162102,9.874796225220289,0.9813292107437441,0.5612430566152484,0.9535852840921424,1.335116761320334,1.208270488445992,13.851174580944605,1.3441634092737025,0.3254984275531405,2.905363866732568,3.576442228279799,0.5511084019321275,3.062151672245951,0.280811407985939,1.691405818371727,1.5053604904725704,0.8039877080555534,2.4459071152741325,1.2440503389425843,5.299447638346075,3.3314412639735798,1.5627782163603272,2.131924488416337,2.1258385856777213,0.9434916200460375,4.406538889852852,1.3673346022655515,1.154822145526592,2.7274140374015436,5.939246647012531,5.213632745088779,3.8382415019717135,0.44060877823239486,3.9300032183871463,1.8287190356580896,6.543870552836211,6.020530504777142,6.91025247408909,2.02767001704423,3.1984603569135395,1.5558997352418256,0.9203942068842736,0.175973217192531,0.7012462892365949,2.7797135017296126,10.094501997308111,5.633563105671717,2.4433489602479455,0.9093325940723367,0.49644303281954383,5.8761774940449225,5.234062157340402,5.676136654407015,0.2737332372619399,2.1250686357911133,2.369442092917911,0.727536229583877,0.4566266803609722,0.10589032229703133,2.195664368868313,0.6189750939716873,2.139358582091086,4.305879857394058,5.016729265026271,1.0701588425576263,0.33105327666302475,2.1311427287213007,1.466298264259738,0.561217663116846,4.410709586663177,0.34946935831067816,3.477415832585704,1.2947920292133723,3.32471307801295,1.6505406657848414,3.5944755295783666,2.3351455834511166,6.334686548244589,1.0138036309861267,2.5912360515194672,0.5727349525063969,4.080263894259409,3.579944884895319,0.1697522286736497,3.59536086763167,2.8891353900202548,0.28344187031822843,2.1653786264252908,7.499589123476607,2.7627478375621406,0.24574401486303743,2.5701778862881963,2.721720595026147,1.679185255379427,1.3151200833850933,0.9917746462199213,0.08499929505452969,2.9117932132535707,0.5081282353339619,1.0215836083995251,7.771890881193269,1.8628243129748574,1.0780080339799154,5.2189715633788785,0.7348267148737047,0.5515397983991742,5.352866545236164,0.21659124821868558,2.296563092349302,0.40864288841075724,0.7180978491361016,2.773887581905077,1.2701818312300628,0.20825697212536431,0.748251501410187,1.498066049373608,1.9494170578374037,1.6408665835535232,2.791177853045916,2.5850427974875854,2.722891166523887,0.3117673050188152,0.6630804084021371,0.889087863874042,5.481248277483355,1.4103731088585545,0.12818778790286006,4.780445587651952,5.118308339764368,0.4812998738812333,1.0766821823432986,0.4811189202129815,3.6580903212067253,0.6731793985026786,5.655256084643397,6.409575261539006,0.2283778850352387,1.4409153139943647,0.40679269732439205,1.2398600355701368,1.065803411298686,1.8198727830400334,6.9768706051763365,0.609105123942743,7.181371430698731,0.6629579843738584,6.25877564033968,2.1966228995506576,3.726287412126117,1.117568765417476,2.358706856295906,2.558128213559625,2.2539869062395885,0.5069636790800642,0.871912280211267,0.4279791512651663,2.7195507034002038,0.8125677723855866,1.2609423614888178,2.8624989150953866,3.290180469875319,0.7310945582551918,1.626737673610986,0.6503376252295374,7.814759560109989,5.626209345507768,2.5637782465718164,1.7784170799753798,3.06257111300554,2.441551203089219,3.316198398004622,5.686884253022577,10.856407085199976,0.5839036140223351,0.9995194181906251,0.5917128568181418,0.5681419398902723,1.1260405396209392,2.3567644423705563,1.589436116940158,4.481690578087217,0.03915225483827206,2.0125721842359265,0.30140272494111864,3.202458055428562,13.65449903383159,0.9643254982159642,0.8747865868385738,1.3076373721149988,2.4519303248855957,0.48812808953845277,5.560849787691249,2.097756596217911,0.2396429448507314,5.634161832690726,0.5920676477584719,1.731765047905829,0.5513831929840851,3.1267043540850272,2.0995088219009315,1.3716910982497685,1.7400188071249434,3.1471689935998626,0.9507799037760596,3.716610710975312,1.3031920976387221,6.500528094221332,1.8121911629651037,4.079044845699997,0.8669050902677984,0.5173031114223874,5.101081918722161,3.3486503045016347,0.6898877956320144,4.981386738923197,3.678160982345174,6.428313139337412,2.570220453439751,2.0498596923359385,0.8771912239164108,1.3401394790646983,1.5852217365826884,3.794826372277808,4.384754353312339,1.576514502264724,5.570353856383566,4.44444973928522,3.0989210661165196,8.816174920155504,6.862567201222462,0.4664556884443236,2.187276641032514,4.60138341634957,4.078352311575896,1.9204033942882734,0.2624587167547294,5.656655690801107,0.8848218164955962,5.9222678615910045,2.9151813679064764,4.543413137722222,4.0673650985001295,2.2144550194373958,0.40117921369977183,11.355161244612708,0.9474366479002563,0.2028440256532369,0.9305201489049801,3.3488506735482817,0.6227925249659432,0.27066401412997687,0.19944356463670943,0.6412707787744565,0.5211531656155688,0.592987764009273,0.7494536931301372,3.147404946646243,6.791482244263641,1.84962874757431,1.1284566629222381,0.29783959016808836,0.3351702435093331,8.23695156114647,1.4766643345707011,1.1446684795130673,0.20421190030577163,7.66413332816704,2.062332328142209,4.3118690976004395,0.4378598255154713,6.873078698970062,1.0608777880339035,1.0198366755157524,0.17837416072636486,0.49664640634608315,1.5305647189270735,1.7974395958785012,1.123392561859033,6.204202365764459,0.4261026664897144,2.25406408067352,8.224204712412806,1.7658129214919005,1.6567985379170884,0.8501168677403363,10.178721429849952,3.5161000913950047,0.04249563977095128,1.1777060799474701,2.037976965909415,0.22168960952820205,1.3100613427799,2.530029870528566,0.2772431718471294,2.2064716877556503,1.072582476976633,0.588027479363936,5.817815388967045,14.333725857711064,2.1923903540449636,3.5311494416082985,1.5326784595394511,3.954178445485298,13.836706692627168,5.2521518077447045,1.7086365630551077,1.9350454739621281,3.2796820464129426,0.6460261696930264,3.949906226145366,1.1697136652112543,0.5439921126422966,0.7612992424639504,9.623773986310061,0.1624623324736425,1.4127398533079847,0.409364474508916,4.192606151853705,4.227454230804884,1.2037955335591144,3.9391907657173406,0.2573504300857616,1.665481445088469,1.9139789357900163,2.624381662230344,0.6381713305433296,5.659032794647967,1.1293333949919422,3.563770521585094,1.2322439359089628,3.790836039602475,1.7656788106066625,4.377939497768397,1.1451097021634247,6.188014709916232,2.1614430425626736,0.44274093387578395,1.049931848151122,1.4503096009123357,1.0978864767497243,2.0637719242859913,2.2993484765574563,6.042654153401791,1.4006031506227248,0.44731413001709,3.0157217203214195,7.7889062748722315,2.3323899796293164,4.238512447835252,0.48873521493930827,1.7989553715804492,0.9885113156864769,1.4872627007450174,0.3664046152273086,1.448098618915138,1.8046750422655526,5.602683477742778,2.8975598603089265,1.1099565233354978,1.9510523683928922,0.6226664284271838,1.1494700921451853,2.026714941567058,4.82203119101939,0.6011038393703756,0.44502403200758195,2.8713730846912338,3.6762420685298896,4.665024642555538,3.118953147838115,3.629908552221439,5.8302010183644875,1.9095201706150926,4.784033165990321,0.8015177718654249,0.6939273380893494,0.17856497321761222,3.274136933436598,0.25011501830490035,0.5768467541116399,5.477826880613794,3.069356778376899,4.218439028512002,4.058780471728048,2.493862139854908,1.73802332198056,0.25853635815375103,7.2500369995776826,3.149360399935518,0.27581585245919965,0.24824714292873695,6.0539895924569205,2.4402343664483066,0.514970228727076,1.6162967258994674,2.446709074921513,1.9252471858087585,1.1560729207176506,5.449618735836589,2.227226326905938,0.9954660094297374,0.4498313014620625,0.6705331343173614,8.230316375500209,2.081455812611832,0.2300608522561034,0.35325551309121783,0.9898906093557451,0.24317846762036632,6.922130681121289,9.178662924630213,2.35250943920942,1.9690950443516886,2.018822059266217,6.040215586586082,2.529259255102194,1.0909973185245014,0.08081023182210845,0.6359059682687872,1.4123444701538388,2.2061404560319096,0.14525086358788714,0.219436257192325,1.7322469707929689,0.4453131146432408,4.064775808968757,2.13097779096452,1.0655185765499178,3.215102776431771,1.5516583166877778,0.3236236890479498,7.2413224558503275,0.23210672518095699,0.986713200497275,0.378474769221905,2.6444433586574725,0.4985749550914037,0.3133132033171808,4.572282990224336,0.6173326186372928,2.98449257949255,1.410718518473261,3.161747959983236,1.1342198561649974,5.927135090714073,3.8369378706298014,4.788663434696486,1.1297328442613508,0.9567557818831653,0.3672343715193247,2.3405915725420283,0.8476043294785133,0.1113439180462037,0.9681419094327579,0.25883399245060423,0.504357653564783,4.155413372288202,1.921260883874498,1.5753587897838055,0.39534703695489165,3.199241823942838,0.9745116178031037,0.5940575522698657,0.06325939129054059,6.704243980168305,3.2782334800134043,1.7336511138249986,0.8477302598533308,2.2623983042619455,1.1644684370848337,0.787516268607062,0.9682922153218341,1.1025654615368705,6.057329561594461,3.242295336459044,3.27001187358096,1.3757238771561124,3.3421256732998077,0.8931364625523177,4.456440996112235,0.5785391953308151,0.5110242181593955,1.2218641825245262,0.6423931662313986,6.746096281238787,0.645921698251261,0.12259998405373128,0.3905355861175912,2.061140354031323,4.2701393378702,7.348262687251215,0.5896769377853578,5.819974626294943,0.9221416584895772,1.2655348189596607,1.9297996567926787,1.7356605364120237,1.2399990416046447,0.49750341385243424,6.487399474922836,0.27698430426565307,3.3452528051950017,1.4126983787862848,1.334997666366007,3.9496579357684554,2.126877168193654,4.145699571559684,10.549326606164767,2.506621492557042,0.24096932787022252,11.588308224847536,3.184189232473753,2.586109521330066,1.202399274000908,12.528585031127797,1.4485631513668968,10.639662261881018,1.3210870090025768,0.74839086843538,0.6850190881324694,1.134826244299069,3.3001044326580136,10.806159088564819,2.750027613032983,2.3655058047355055,0.8598559361523974,0.790212201414995,1.59836811427351,0.5554576971516212,3.7575523359569383,0.3867994791831266,1.3764572638603632,3.7283507100789497,1.5806163344440063,9.995684657887653,0.12039706519898846,0.5736482156159631,4.37797350549789,3.9397680746057935,5.687564676251372,0.2981317464267076,7.572612333395122,0.3724002373560784,3.02740654830453,2.4392304351623566,14.300750750059025,1.2507101324242345,0.47055809173826924,2.9517230769690013,3.0123166151507346,2.495012736122459,2.733786889129022,2.811920998881698,0.9117318263751517,0.3230233500869881,1.1664989655259093,3.1313480387911676,2.294313519734928,2.837203989313699,0.15667061393259973,2.2520528959907367,4.848841770015348,0.4439652023744599,1.5809289721962243,6.542391221592951,3.234697131677341,0.38656924746787946,1.2133332989022048,0.5037466520931276,1.7808455496491034,2.1006114582513424,10.605591496461031,0.44153341123381873,8.211544588436546,0.786605096940725,1.5904601162344618,3.5615784390157454,0.6772136467888492,0.6106992267951215,1.7238086495486795,1.1535095978372296,1.780891229804339,8.662355185402125,2.4194052902971324,4.5711159252878515,3.3549837954794897,0.5230683012643722,2.27266528011922,1.0666476829590077,0.39121181032655805,10.272431527146109,2.6853455896663023,7.411902433117202,1.2314465862604265,2.2858787231015807,0.48484891581452194,3.872916659241568,3.073371348990243,0.26122810087970694,2.509849697296982,3.0859099047913854,2.211881857006163,5.7925157725031,0.8065924318341029,2.9407889527848656,4.909769175892324,3.2956152557124296,0.31227594828215877,3.6661451508731506,1.5646762522756816,4.126717179309161,0.9054970500123171,2.63251362994544,1.2412942995095155,3.1953505717641852,5.377860479488001,1.6972770302403244,2.456064845035268,1.6409352212075456,0.337873125567403,1.3999865545988848,0.4499568757217375,0.7726274875197692,4.756077009683317,1.6692108338786669,6.050236921335977,2.916163177898456,3.4202919627364516,1.401251926365845,14.349161013496516,0.967424174309529,3.472315242387851,4.421467610646557,0.6819000482979252,3.49792801614237,4.054847234713813,3.302784187511975,1.700428296411803,0.8629589003927647,1.06709997262108,0.49536605288058944,1.4864286618436309,1.047437361190844,4.9161751785831855,1.2712000205464713,2.1434134133930978,1.9585289285790382,1.320288890970815,1.119640430684179,4.479890096268687,1.1497192234069327,1.809065144518446,1.9998298088409459,4.6309695616908275,1.6143825041559408,2.0781558263865096,3.3987688649155348,2.2565729669576817,2.6225672368455175,0.7047113627068384,3.297503548902833,1.5446345110355904,2.304547009515278,5.0466831201460085,1.7403677412420953,1.345731659015647,2.7227986013981926,0.649351912965793,1.035569827806355,0.9413865033905527,2.8479870174332764,0.8256200771891942,1.6788810458757895,6.012757012186794,3.755391891130598,3.275167783300535,1.8454685556166939,1.499943067549478,1.1195462405984506,4.407665291922012,0.32269336546364236,0.5889970312564121,1.08277147327182,1.7028131951781318,0.8859466358520802,2.1843023070734335,6.317697915082528,1.5604554108985829,2.8736029646553374,1.764206269297686,0.3920440672158602,10.043816915848522,0.5923631696874647,8.530380254110472,0.8228759868562747,2.715374598258207,1.541364349492133,2.9664890834112336,1.3678727620666038,2.5683497537707667,2.254143269060002,2.412810184043845,0.9836699016942676,8.294232547406686,2.5388689150648096,1.9333635159132505,0.8973008650147738,4.385016136830857,0.5834264615994518,2.6076484634702926,6.071364751004749,0.6892522398831322,1.4509766567078373,0.6190065792783774,0.9967177590377556,1.7479342327555663,3.6984927091771578,7.204571558778425,4.677977012786534,1.1089551933856747,0.5094400316774205,0.9235215302595694,2.3434526294105065,6.388011894981132,4.2705481898307704,0.15732036823264517,0.824795640705883,3.240791720459936,1.974871108051274,0.1602746408288842,8.976932332776569,0.43382533938425827,3.4275500007560367,5.539390392413126,3.609469607489573,5.063562912608332,2.559857864225164,3.447317609641496,1.6458692850644177,6.5350275584348285,0.6311312952153254,2.0875905459346225,0.35447825337446104,3.3453584015793285,2.4745964852236813,3.725387003484217,5.306728641972655,6.657498222110044,0.4439638187474667,1.7672977405085954,3.988531406100333,3.1232011006562135,0.3351120249076418,0.3028776984811612,1.505647587391339,4.637857233121515,1.5602805715040657,0.6442777938198507,3.030640524783522,0.5320699530087885,5.13428008908205,2.6651045754600884,1.0143147533772643,1.666803533410739,2.8871800635651463,4.0194203628951914,4.042747059666205,0.6076171279899152,1.2256848064868588,2.34466841908832,3.1066004553619555,0.16317108328628427,4.72225662072497,1.9688588511650216,0.7682040854573601,3.1538997776371427,0.16565778603614545,8.244517565447067,0.3673624598531742,2.1679220899910367,0.3344206953024793,2.0251710422984135,0.4639206430886933,0.40001166507423114,1.1961243204138006,2.533840518413623,2.0414840146094515,0.25191728709794825,3.452765854563333,3.192336317549292,0.2060442112908259,1.6447447301400784,0.20960503081644077,7.760122857723614,1.8500123200754421,0.5335910628377297,1.3570122477399162,1.0237313191928472,0.4203057792599514,3.3170161917120256,1.0222932025554103,0.7114764948458404,0.539307717773347,2.2478386765302605,1.2240268065289412,1.6234389496397172,1.3589432607279732,0.41113987915097394,0.26476745296285403,2.7331545410451916,0.7695177506228117,5.382868293173981,3.265211947275083,4.464597262388263,0.9283388206865122,0.4705509942990942,5.796639216081553,3.305625758915177,0.42069589292040355,2.249518800248968,0.32569548858583164,2.161238804184256,0.6165061262399174,4.729847026768247,0.7751575964951916,4.326676867669374,0.35645774703037036,2.3171860143022855,0.9057322966924549,0.7311865854929267,2.0949580531409158,3.5492554098542817,8.04766444793616,2.613575634290987,2.2967524437811573,1.7391387961146865,17.710462739206253,7.92341936401695,3.9977914537716726,1.4444072295112673,0.36883160284718386,2.8509873127007923,0.1414630157592715,1.1565779755759549,0.563798893863789,1.7934517362003601,7.4392443630263445,2.62070900828106,2.217980198066487,0.6359104193618219,1.7444873472185911,8.739722798265541,5.289581978299376,2.087955120071868,1.595251541469298,2.5151944877446653,9.255132353410152,0.5108211716251284,1.939191419218342,0.7894249491444386,0.2639556248312096,0.6919852283536911,0.47954948195968683,9.499827281161423,5.413766225925778,6.621825795118235,4.157929270401029,0.40063909868627595,0.836488891557607,2.127226906266329,1.8523939528296929,7.925923365572851,4.07257943134745,4.600675424454161,7.37350557907112,4.234319726188951,2.708985850501671,3.020122762929999,2.421933121640212,1.846622864449431,2.528808987619862,4.186389133981435,2.5510656089665495,1.4081001965285538,4.431133675417859,9.816226941606574,1.430361062228746,4.263663093296485,1.6538741837634567,0.15450839909336977,1.5591468117940739,0.8921141382436064,3.8447494377219047,4.4394295674268305,1.0553760624560211,1.3780089530172308,0.7978418004355591,0.9928719707266276,2.213460804117532,4.376954117907248,4.1779818016833925,0.7124007379338901,4.881558479590456,0.4817074148917455,0.6022035413843663,2.8087098183894046,2.674368936084063,0.583277194773387,3.8876187396121784,5.0313925353246765,1.391994584986365,0.8835590278718889,3.796394781285346,4.864299249734422,1.223089728445306,6.988930951007481,6.966732940742876,1.153660799034673,1.8837650170112066,2.081064341134733,1.9708760581388376,1.85932456099228,1.2870775872115097,3.619952388446854,2.7609150714068473,0.7154405881747503,0.9193267966372474,0.4812261378918228,5.184926117398504,1.8254443758495076,1.9120275847252657,3.472076929301788,5.834654327892612,1.003212061172262,2.8043948049056273,1.5602076354840229,0.8170557514117959,0.7825998490320073,1.2105191802672988,0.17462326906501335,1.6140512735977315,1.5460478962495063,5.644250079515029,0.7925224680861718,1.3980237752203113,0.9413454026826304,2.323753186301211,3.5320361432610365,3.601814457160372,3.8487437852779145,1.0513399737337603,0.24729845008444395,2.301076863817721,0.2168449616213397,1.890850204570539,1.7995945555364947,2.3356450453376807,9.22199935667334,0.473143155522904,0.14865824196319144,1.1384378572280167,1.814437092168975,3.4566019435112443,1.9325884079884652,7.037568119327324,0.5212522396775585,0.13243743442433953,0.736591820066858,3.1573764006895138,0.2162687230336482,4.492241611173003,2.4181844375215933,2.152145120728054,0.8790205844002532,1.0159157745728007,5.534809110227767,6.680915438171713,0.6777627035147138,1.9368711102635792,4.9215546986946865,2.1435301532567395,0.9552236704890429,2.1833587517651836,2.125993231062269,0.5912644215462273,1.9962285434165963,0.48452138503342246,4.331661437201733,0.1806157689554745,1.7915278242695258,0.6568520517215645,4.690008536772426,4.298764096917827,0.5038636630281781,3.2457628283959967,0.927264939050142,1.5838283842341325,9.607592336221835,0.29529985144504134,0.4019595724973166,2.788909475604705,0.2324473975348243,0.2334390841361338,0.7492249842608185,1.7612286923954352,0.8924459048731306,0.3261635997101078,1.2095745263146345,1.9325271084406195,4.410483301143225,3.667630227171694,2.242806888406526,1.5785578115673566,0.8058023772519354,0.20557880942212436,0.8525390078263251,0.7334559893433826,4.060914936771142,1.1694577858752457,1.2884501500379693,2.3626120234308976,3.1513053182987347,2.1400124590906557,7.229874147548119,2.9001892726402985,0.48939879606009407,2.6535710580054923,6.968763695146303,1.6054382960810416,1.8510167500077244,2.982579351206694,1.9718532197293008,3.1576296380926605,1.4798246035574008,0.04419704113509848,3.0599687311707933,0.5247280766691662,0.9784401711917076,1.0933484129876134,1.324866312043715,0.6340992777588167,0.6583861252736898,0.5367415949977735,2.721150171906759,4.367609067295069,1.4731131511686641,0.8898118223230411,0.2986920048517555,0.8167081703069692,3.8258875432442214,3.190081985457422,2.216633432974179,0.1962847740143937,1.6443607038769739,9.18331023366489,0.5918296803801295,0.3389998756418777,0.13130025293463676,6.726742669904754,7.171427796354185,1.0976742449439456,0.9509228551007485,2.3368439995018306,1.0338351356016715,4.132609100422245,0.8254741376745276,1.9465803769912742,0.07920004370519956,0.5477687453191609,5.778755961401351,1.023787949065111,1.3066948790449848,0.4990104780628297,9.217275453710624,4.340741976152876,2.8133446080508095,1.75460150779408,3.5581199747788506,0.7179476609194821,0.058575440972056914,2.1930480298248787,0.8256474049614435,1.773008416484446,1.398965001228965,0.6655612452074218,1.49306311539541,0.7480414439582996,6.0611125138793955,1.4956169320355377,0.21495658010960605,2.426398963695255,2.551462988871497,2.9425422457125,1.529065677628409,3.4647406176097273,0.6170144779798938,2.692557658538833,1.906906362740536,0.4503970437384477,2.8333627246886097,0.26112261386804053,1.208951398447154,1.78500099802281,0.835892916019347,0.599319977353125,5.75901822224945,2.903207460351328,6.469988810244544,0.5306813909147692,1.9569759490465342,11.5150306766916,1.3559935441549122,1.49952211343742,4.191182681384561,0.9918279291255621,1.1586595918436242,0.5886467307291622,2.994894819015201,4.505370840907459,3.088051657241054,3.6015473672748386,1.772935493601231,2.573679291550053,1.0650652102549572,19.345523790804215,6.55549280583751,2.4862869477045026,2.5256325256599896,3.598190333593594,1.4867352520690107,1.3933552038963453,3.2097338570948506,3.7830477498833197,0.9618727593840974,1.919854646867821,3.314525963641696,2.012992426610381,5.702516041651379,3.505353552816663,2.2377496984757115,0.28577276352814973,1.6189708200060775,8.415259501819186,2.2687582633239085,2.5562790246542053,0.5286344366016815,0.5119121663996568,3.4241958185274672,0.20197041709309826,1.380525568165184,0.5048697721030988,1.813855491344872,0.6597908017131711,2.816353903219007,0.5229100502313238,0.5525928652979242,1.0877009725932631,0.7352530965737647,1.7007385932489192,0.9527707735648232,2.89876181732121,1.9970367648709266,1.661902918355133,5.229754906534301,4.641753526003479,0.4468898338818601,4.483925993670532,3.1256113652377273,4.205617132220025,0.5155083719904745,2.02040408037832,0.5269441092088333,1.221586461042472,3.3973002341831315,4.130375794051661,0.9265610752853941,2.1689378959239294,9.802139091500742,0.7365252034356322,0.5696497956427957,1.7722441589499671,8.288983549049199,1.3698201786250932,2.950626250949179,2.604110888369701,2.7736664906440955,2.706993656626838,7.059982359030532,0.796444006942223,1.5486809936962036,2.8587983758581337,8.538262286527637,0.7751368322394401,9.354112672997893,3.072158971423536,1.013580433109894,2.3903984804937024,1.0770110661141787,3.4193400049933826,5.939216206045714,2.667140333551665,0.4339613341905456,7.633006180962036,0.6431070179312823,5.878090804810811,1.3354487486510842,1.2556496803757682,1.2978461720105936,0.20620247103779188,4.841078669857463,0.1409877037947984,0.6656039869839055,1.5905169872485745,0.10229069172037009,1.3009733934960446,2.7084528401477463,3.957453356082583,0.43829179431766296,1.1488284002395293,1.23683902410162,2.4930558842627173,1.3787263751395864,1.522563460389996,3.1881466270529337,7.025280639448528,0.4175060314035737,1.8415213404430633,1.9133146876584601,0.8952136061017129,0.6927123926996914,0.18975167204083387,2.961737698457733,0.7324516957490701,2.3313909203954366,0.8820861704341909,0.3267317465714427,0.07338586090032706,1.4326765295293653,0.2651367144960832,1.6388455500693495,0.6192713450099417,5.835061527455893,3.2016359358327033,2.251866230114427,5.521696153173974,8.436337851667181,0.6251705009342641,3.6553644443787157,0.6436077981317813,1.9758786599281781,2.1712770891702107,4.626340284107636,1.5941954724050538,2.1291056836977664,0.952783193083979,5.356908731392121,3.3816162482049177,5.059952458375725,1.320095298983174,0.7445468366871626,4.380121025871147,2.786773071304181,1.9807067474769395,0.27568674656878134,1.0304274815651875,1.7829309647518505,1.071914454022386,2.062018783279971,0.28011957051881775,1.650927341093606,0.6687614604221973,1.1127930350135635,2.9562949141132533,0.1854476093840174,2.3825098526832678,0.9679529563588308,2.6539296023604693,2.0285185945718784,2.742509456864537,0.41541268611487164,0.3454062941785875,1.3814261028965649,2.139985927221992,1.1923340062503338,0.36187100733917754,1.482600137615925,1.0497961230709034,0.5338569120714651,3.030443471220225,1.8944255449023313,0.4588845761102308,4.05636838549198,0.8965420397853643,2.5381481256827616,5.154789196586345,3.2652969292913414,2.578075370506151,3.8215262495502937,3.19050864760269,1.4918411391354276,2.183246375388049,1.641680941774362,0.48200293266757654,0.9364265871210391,4.177739457562302,8.544645166953597,4.922635172435793,0.843910832168866,1.1168600342992199,5.009093540260601,2.727766657827666,7.0990227663068435,6.254619028919616,2.2390619267354235,5.521999836260902,3.1849892891475653,0.09001022401529796,3.759579338976171,5.299944655669453,2.051672776049138,0.7031510131817442,6.091575573862133,2.005905995899679,1.4689844325173111,2.3685130222828725,2.3371096652066705,3.0929700283456705,0.894912636996722,0.5720395569148387,1.0919465695027175,0.062836995844477,1.380167730377548,5.249180386739008,1.607431341313241,3.110771506365996,3.6905356498481345,1.038128909053328,2.4291473191357387,3.6733833710983,0.14990165757953777,6.800626633735184,3.272520187333146,0.43883025638017825,0.7716963181203391,6.288114614151247,1.258418104435398,0.0898061417067173,2.4883386968309718,2.6533084980024615,0.09431999129886504,3.264395208068176,0.5686696924614829,6.571330326868425,0.4313733212077681,3.7080912406853686,4.2510232080214445,1.9611644100541166,4.281950356742883,3.9617990739892446,0.5865748606505254,0.11104695122972641,1.2347497062245465,0.7822140171309462,0.8897062878890111,0.2645640188200886,1.5451558901739901,0.27435509284880677,3.3609324556310125,3.288590790837019,5.1892709538531445,0.7296712496594192,5.091291750857795,1.8324847591342879,0.5159856251219598,4.291363855181193,3.092519581592569,0.9103656374924609,0.1619090527156053,0.40750608829410195,2.098290881011735,1.8172843602390087,12.55074266536694,1.8484943429374336,1.649448239696783,2.0659154882905293,1.6204671601332266,2.050964373660731,8.129708790036487,0.25637532178183686,1.6058891656595007,1.2379753372072226,0.9306450367964363,0.9518729103746217,0.5710692351527675,6.634977792298828,0.9432168467319544,1.9221735115381413,2.605585251580854,0.8447877757483533,2.263729983170657,1.0027392291001773,0.6727307237986119,0.824245465974632,1.3675273071271086,8.450121702196201,2.3608239967787648,7.608469467300065,0.9937429765583292,3.2282193967171664,5.164343426794345,0.4908767571014825,0.40264839871156954,5.9250856772598715,0.6752561445139929,1.4293355592659758,4.7284849154616335,0.4843475795029489,7.852006540905421,0.9050495183145503,3.7158265165745714,1.7435096679538153,0.5236423990900476,1.4420895868589783,2.514801400360328,0.6678795836998792,5.678813582021815,1.9748825608767342,5.485528286823326,5.58778618208943,4.430060251737733,0.8796824005299755,4.099855163464525,2.29007377523646,5.371393196102225,1.464349736937605,0.44409768350898854,2.647190392432581,8.690407946313663,1.1460898078617692,7.502723509072947,4.342736639121304,6.404977444493072,0.9910597496179845,2.5501829344217777,9.271811003093818,1.379994070942798,0.33113259128309536,5.391349639974404,1.5719370011352858,2.0239893764226373,2.5893437522719482,1.7445057357733667,3.7015855030151323,3.0447861915505685,3.174281504187648,2.5816990423995665,1.2384294350228455,0.3991947570276102,0.462780024484045,1.0811773262741626,0.9073317455807072,1.081879107437902,1.6283975703729086,1.57744909934625,0.5053399859800902,0.907449700471801,0.5614307696181977,0.671540121169566,0.8897648824609321,9.768072362855193,3.2616169510986923,2.103110162975183,0.5146231270082811,2.6056912666996266,0.30965150276540676,0.4237916261561624,0.33377803399048966,1.0655989465834124,4.187119574881918,1.7300537571487302,15.14577716667701,6.122165543213992,0.9329427503537471,0.9812297547483078,4.074091174163862,6.693965391450735,3.2790642876971954,0.4869749218078441,3.7606464148066006,3.8724667066423506,1.585643057616889,2.9743964658236024,3.961534533221324,5.0641023711583095,1.816948369102938,0.6149161567139216,1.8490372565401139,4.146813812861316,5.058142480838586,1.5111364556952251,0.8474238365539883,1.4466643888457027,0.5237363953639584,4.394662117043062,5.159862280578578,1.387492030852387,0.8188269483961736,7.791576701985955,0.43246014341427785,2.4229598601974964,1.4424551149595124,5.018009199011793,4.707780921333873,2.4104423868623046,1.654289181200314,3.2128043763553205,1.6544895320845652,0.4904316731966153,0.8705134442592803,1.7106313413512269,1.75966074214196,0.18686534662103282,4.803812272519008,1.288605072238621,1.7094407366340854,1.1570217260740008,1.0328935768455492,0.48836607907824714,1.456429058390051,2.309936708673269,1.271734325962905,1.3208047752307206,4.845067467940478,2.115999749108845,2.9647431606385823,2.2639281626494574,2.0750687996473443,4.396626126618767,0.9378594578446853,0.5553843436833783,2.5085121611804713,0.2443167501200606,0.6632766807036674,2.133729935249001,3.724776432440768,1.477227411819853,0.6809623978217867,3.4967404371864017,3.9416294995752175,8.906025888453497,2.4002591552254904,2.208977563283368,5.4091782391502585,1.8366198816948296,1.6934909460041534,1.5940335550210811,2.341480429822284,0.0842850327507835,2.9005367827921646,0.5948999241647921,0.35902201010785173,0.581155785170532,5.171859363159884,1.6374785532841154,0.3002557727991797,1.1463640565124527,2.4566827431378617,1.6657400063653047,0.49126546466092214,7.886067930191416,4.428585460438402,0.858486830384382,0.9916939221836104,2.8362577682640504,6.733868838162735,4.020330379610274,9.485197111568677,4.452109389849463,0.32866205226635675,0.599791860158718,3.0842775244290133,5.612766310229791,4.202147359711202,2.3125192656623645,8.17217371849643,3.041046271225406,0.5573681855324335,1.860193363431455,0.21656195762655595,2.5466539775514465,1.0085315083655857,1.0918896696914475,2.397973873701067,0.4521345055688348,0.3096034386435335,0.9106782135251792,0.4334272212564311,0.2811517223024742,2.6339767013298507,1.4978834589922048,3.679017721690067,1.8832688398933464,3.6118910586083315,5.3619671182869935,3.014750388253257,0.2059923494729674,5.23194399301264,2.4770731107296076,0.7086455643477776,5.985113283767747,3.890716440663568,1.1852541079834271,6.50012120841475,4.360540193944244,4.0884105902813435,2.3742378720115864,4.295982669379937,0.499777602772013,2.2760664778917628,3.192688928021364,1.3979685903890413,3.1083814485167522,2.218575476655206,2.3519272488676637,3.548197126095349,0.3315854971611747,2.637282803294431,1.0730096623196914,0.9078573928609088,5.9435124986602705,4.3279257409646,2.631672498265382,0.5205196621129276,0.34237532269128546,0.47038023825666225,4.77868161786436,0.10909804545874913,6.489600438404419,2.339862078324502,1.1425106180580584,1.6432984490287246,2.121907725965656,1.0589699960993557,3.210895463435972,3.6765919691549853,1.4674094741059873,7.476293431741537,0.2895216897831099,1.3512946537347597,1.1473275795028481,0.8909122310156296,6.146462968322083,2.085721875905012,8.680645998560395,2.009200316832172,0.6793121780820218,3.676868925124634,2.170666885632892,2.8569004018103503,0.5595252571454304,0.29964904915181556,5.3885298236720605,0.49081465678274006,0.9432926331231841,2.9380765002209626,3.604115185109332,2.611127138266994,6.274216642881173,3.3234929944428067,5.31634992069102,1.5631961276836117,2.5780831439651744,0.47291293250098754,1.2081765108165663,2.2658030747498605,2.883410995334858,1.7982800337330715,0.14710575012661042,4.336787351235181,2.967820768461822,5.845774758261484,1.3547578912405014,7.080641499216924,15.982328322582001,9.715289042011829,1.7986744499681695,4.562235426204788,0.5704845098068918,1.3816686730625647,0.9929360430449918,3.181983417690151,1.5649393899705568,2.8995920547726057,4.171594132497748,5.723125064935018,2.667085661886721,0.7763878271962731,0.2881387871890798,3.643737848219245,0.36042450242087165,1.517455002505138,1.9408236427287258,2.8896223712041715,2.592954130765169,3.981355916316267,3.390533426796042,2.3285618393440455,3.8203236751980665,0.9828150338702502,0.18438136325720744,0.2390890824338187,2.3735069967894957,2.5386290522506756,0.48598973289575986,5.431470910681476,3.6664126992923096,0.9802848950508498,0.6234954143888259,3.3507456354770166,2.082512085911434,3.2556556724178227,1.386799698061838,3.0488388305650647,0.8290645743998397,12.530690834857973,1.3722631712433313,3.436181034576684,1.0147504822343425,1.0677673905569394,8.313538232917612,1.1384470288510538,0.7152242595097993,2.281904025447847,1.6235652671685485,4.916142352907847,2.962917846932608,8.735411359404491,3.272979175166638,1.8562201155965536,0.7447332374882965,6.13795467072911,3.7079372202900696,1.228397846290696,2.137504507314258,4.530563233154932,0.18306976804371372,1.2924363318068797,1.6300464083573287,3.536640652131473,2.581857174030924,0.1475565768997238,0.1235651682315343,1.858177982302315,4.431207472914385,2.073504811565604,2.0111003227077937,2.032693084506446,2.903806307755928,1.0698388816040114,3.81444050881802,1.4251874249020586,1.9151974494175559,2.4707556272054267,1.4804785399753393,0.5130052340698238,1.2751809871168989,3.981613009582835,1.6076658954114647,3.4187417129575763,7.155915993452618,1.457582967447228,6.297660238871554,3.2813126683215215,0.6601871441488357,0.6358770513905765,1.2799549035255633,1.14973534989636,4.9262117899652385,1.3816421415348368,3.217256165124666,2.5185673591511013,0.553358511084983,0.7821301824582845,0.9180057513832329,0.5754911382180042,9.226824772951483,0.7184269412946294,1.3755098602323557,6.977874692977526,1.6805782221483963,3.131535881988553,1.7394569336333905,0.6400681729673112,1.3465046553344329,2.43950174999556,6.512003464318735,1.7950455565387666,1.1754545051968797,1.1776462064490882,1.8006940707600372,0.04117478538665065,0.9155250482247963,8.254320573155017,0.3781223017468949,5.044129628313703,6.569223722443457,1.0515697264221413,6.175584644588769,0.8986280525187217,4.757326928140342,0.17813030620360848,1.1444616117492068,1.7396022592452187,2.5990900497029923,0.8385115488149374,2.30221990164943,13.451171431833059,0.6423346303748514,2.372082220973369,3.162178761691653,2.259194999823684,9.210328940424612,3.075734042511296,4.582633790239367,0.720145854867967,1.5172255238144303,7.210840994677146,4.45254109998425,0.7695519795055147,10.11820549040091,2.7789274079515276,0.095369052484296,4.683189509973031,0.698716213705654,8.605340895069803,4.179916348010664,2.3175649642813556,2.8183131305342135,3.3893210664591313,0.1314456005825959,1.039111893218773,0.567457947693566,3.1395826629103833,0.2801624771928592,0.1164444149447712,0.9529597835427188,3.2492533216738786,13.120907761233164,2.251121128819,4.367950763092268,1.1342153670031556,1.6009291661515543,1.188379297531078,0.6244038094292383,2.112660186277777,4.046763298017985,1.1200188839661989,3.1654086895593037,1.8586315877197719,0.11966168779063735,3.7888327145499057,1.098556267349344,4.632005573577176,9.443563408039424,0.17520637597113253,4.70654719286639,2.757168116217496,2.2038746149287762,12.535220497375363,0.10810815103727922,4.194217343646959,7.91494951065056,1.1249165923979907,0.36941009911834977,4.978284601895803,2.0778905149716342,2.939363441963203,1.3753454334438784,10.445348261817264,4.446833355911304,2.7123449741073467,0.1368369326572969,2.9323672257600464,2.306949404904697,1.1859972144709092,2.684307223041313,3.1786507641601256,0.8407710769438815,2.9484978875750807,2.1650971978913267,3.1143246976900807,12.598505185216338,2.960136866515661,1.0833356737109907,2.671044482114951,1.4143216414071476,2.771808474127944,1.2751428930771407,2.525527659023374,3.6302352015395574,0.07776845602750404,5.324403593867945,0.6303220654295094,6.550804077575327,1.4190305568000967,0.6937576045480107,4.0596901260201355,1.939150670245676,1.885895597422748,2.7499088439545734,0.6481736681516714,0.7543815186669651,0.3600322866808383,4.630607388041863,0.4438626204420255,0.7116129020140016,10.354478464942183,0.7621677539118098,0.8301020637767013,0.27273860428823404,0.7341313789172539,1.6306099424202531,6.792583664167056,2.911259130417845,1.1580706169209516,1.3553872450661202,4.229353252693579,5.492980153112795,1.2550701846759615,4.812620015651047,1.9475245394677467,0.5623442095064015,0.4802835809915631,4.649142102210073,0.7372272424778592,0.14395012264189078,4.411658335878606,0.43273733144493176,2.923983938892178,3.3490231016612126,9.419386489634553,0.24042194670085604,0.4612190381534673,7.5468121479926165,0.6474521264155644,0.3962832265620091,2.500788279230764,0.5089436375501877,2.324403509172932,2.591303108078843,3.0601462951262346,1.2391470425370668,1.684975253730812,2.595159448508708,5.126104127969518,3.97239184574089,7.222543744347113,12.483717574401675,2.448649600283364,2.163946044797096,0.7891920546298721,1.100340214045237,1.385402350400423,1.2659674528327303,0.78482047201389,4.310595640176291,5.304718528449932,0.6852582988731687,0.17257686386413695,2.940687121452229,0.5649121523477358,0.7882157070047018,3.6729905027263876,1.226973270491758,3.1326622025706192,2.5395109760411985,6.045613457516163,0.489791365907169,6.224472784437121,2.3037268703186706,1.6773466928621035,9.136119377746775,1.4604486432784713,7.716177025863252,1.252536571671825,4.545486253840156,10.333866936720339,1.8582331971514094,1.3145418689302426,3.084709532982244,1.9316986200501889,0.11452486781401883,0.20606342031336644,4.450045582507921,2.6663251606370166,2.496852480008189,1.1297031471832484,0.05708630434752138,2.5360477541615745,2.8273429213407697,1.2877541798004755,7.896701067575999,14.81217842545843,7.845931252584555,0.5257454023220994,0.7250206456689942,5.055692158660517,3.5792336038638313,1.0612489306869721,1.309109955586949,0.17814608813262267,1.1599308622120703,8.698781472691822,5.763431943307603,1.1949684863949916,0.3630431050512817,2.3670678924646507,3.15523894414762,2.7932916995712858,0.17965930600357738,2.338670907925868,1.990605014781682,0.9349002705020133,3.0293627492703363,0.9083757104775745,2.035519671244434,1.9968367560136473,3.519575192861318,0.7328093869431527,2.053284760764682,5.133958267760965,3.221877194829261,1.5854810787946132,2.426066056200563,0.19389103430424726,2.891595468235787,2.0586011992311155,12.910399007771924,1.9011975291010041,5.399786556402665,3.7269872755657376,2.420328658649689,0.3316977721635153,1.78923792593069,0.8099824533152572,1.7676755156059358,0.30635550231700215,1.0960886980964344,0.6778673577823378,4.0222399254326895,3.0297974724971506,1.609091400867602,4.196372034105763,2.743090182974544,10.783490789405834,1.8771986881798504,9.832875195412281,6.247270144121676,5.331926713645472,4.2520181092043,2.4179936137696068,3.45090158861382,4.238840905416512,3.978773551377591,4.3388565952869005,1.1260785260024926,1.8180949013929821,2.490845242803183,1.5238575018936265,0.9314836728227904,2.0543036458345325,2.645726028854141,3.389371430774365,1.4144923910443252,0.28209835526592014,0.7218232052314556,5.091747826217679,1.6697399536367425,7.273700192614745,6.930604613813273,0.8288026195597629,1.2238550034155207,0.6855763223297198,2.4470349121311408,1.7429663872638859,2.387370269207416,0.10307058407142344,1.2005456161545047,0.24575043297939236,0.3111469423821931,2.1228886714897706,2.5850683181054412,0.5300222441870952,2.1897694183495684,2.424007268561004,3.023964879795139,4.959491551586044,2.239890935016932,2.613741151168822,0.8407302221206825,4.439047012532835,3.06364971136578,5.040989823613107,0.4030008988020002,3.8041539890056972,0.9105319054847307,4.38797555025304,1.1035126871492045,2.1672616794102164,2.528102530969097,0.4452188207733435,1.8685137513953625,0.6119414470380895,0.8377357317666747,4.280078947642984,1.0433157292721733,7.969091337510731,5.457295191409067,7.471142252306688,1.18436048100843,5.833761363439069,0.6706264969024915,1.003656262915974,1.2420345731250897,2.7566600869190134,3.888024636074104,0.8605998623091455,1.7825238966403774,1.9486568650473761,5.313011862590973,22.47287508623936,0.8378105962813043,0.3443418823196896,0.8814425286000409,4.937002515661052,5.235917754319755,1.1620343598906877,3.501238316329756,0.3385559297472287,3.5864286060744757,4.362667563382701,1.2577118879790308,1.7847021108084424,2.72726474664757,4.318480873547937,2.326809209054044,0.7118072970158269,2.0146177038199435,10.660520480159091,0.1683973256208804,2.6544692470117823,1.100235061553927,3.4432340023520025,4.734493096014408,5.45631213796858,1.7404129188208304,0.09046348816779748,8.494949585555736,2.291321191783693,0.2713815780833384,1.5361506723024139,0.20226470649322692,1.3913972932068412,1.6017405568957361,4.863549745394719,3.1093127463135675,1.207640894971592,1.4581560325039833,0.4670969752146559,1.3605712795441502,1.126810866026169,4.322793247482718,0.9559987688524093,4.822679524089432,1.512483959715316,0.48105504817953426,2.609544438312108,2.1658527594315906,6.481530047761656,0.39847397636867243,5.248328688296956,1.0173940516657047,0.7340957302849136,6.04302676318118,1.8074406465767425,6.493752208847231,2.2198651580329143,3.8436874715299707,3.868076414149277,3.103146359052818,0.07966771199986555,1.7946728571150663,0.6503103018324539,3.709016327343875,2.528533384872172,1.6767745670808805,2.8573135213003003,0.9903960723144815,2.677411052516444,2.5522857150705356,2.4233801426410198,3.6439522412960983,1.533463531497723,0.48208852173197414,1.6784137149305662,4.8620848000412344,2.4160632405603857,0.9426212249887733,1.9916711646339915,1.2039435418013695,3.132376827034555,2.3321354278714486,7.308304621130933,0.42681200010092224,3.309371272711885,6.32052459872658,1.163374002916945,2.7798010593954072,3.4857330956434116,0.2986493328631359,2.956678715648132,1.997903870942809,2.556372456987461,2.3013301721165185,2.4760831115999835,1.396146862902152,0.3343972354516854,2.9383852289155596,9.457220388170228,1.9350754702275745,3.5355822260772687,0.7789608962862049,3.5314675194185896,4.9240744758812465,1.3736295085146597,0.20681221774852077,1.0688560071781001,9.986690902393724,0.5424816361424871,1.9599712303383143,0.9210573163557028,1.4094472568002874,3.0830782321580394,2.3026830610293914,1.6737606623201198,0.45783077512619186,2.538185714593945,8.906035414945151,0.3813685060833727,0.9207398851557672,3.425184507888655,1.4031134728827923,2.3537299188407728,0.2301534577320259,2.5449324530933026,2.3778606425750857,2.7784455441878846,1.0435441805226644,3.56965881609933,4.300663467170747,2.6395926658831668,2.111574436823234,0.6766704805647213,0.8629499911689091,1.6196807677315692,5.472164159658576,1.9825884654860457,1.001367553890445,5.053394571653166,0.5100634186348174,3.80006957663027,4.13343883332146,7.222977379728828,4.745689045525728,8.047576853045031,0.8111915860667522,0.5816234158140078,1.3324077521044766,3.9434245062759423,0.5688200703950435,1.0675864847853478,0.028674949293544416,0.37728843037678694,0.2993851259269291,1.1045244365444105,2.466338618555175,1.684197753364089,5.839174701129974,1.8794106035241027,1.5061941133416148,0.9483052178336528,2.4520270452712616,0.261109538993888,3.5257971840683715,5.135749002876625,0.5782820848233208,2.557967252445746,2.480317780877205,10.405333638301542,0.6395031691037019,4.027893223510351,3.6209596621447835,2.4360135173690156,2.5256519676944755,3.3249518860201253,0.5816115417628807,3.5500482493264487,1.443734833689292,0.666060007129273,0.5481306170780775,3.017990219902196,1.7554750028271016,0.5105351748226588,4.058897494903244,0.7654068877344433,1.0876709224148309,3.02614656384866,2.1316655531305884,0.5029022043541882,2.3315601996329205,4.925198924317844,4.334446859330821,0.10732512693889373,1.5655648848622394,2.733341417800405,2.632504746030886,0.6947844422539389,1.3021495545605442,1.2032819810010216,2.546719861307215,9.45534806085147,1.7365313314567992,2.4759986492221047,8.1124637585885,2.598581157157947,0.5519681942680725,0.3584024230114631,1.3834306788613095,3.730351620865336,0.27254226899692147,5.6835176167310015,0.5289437773888854,0.7858588409820437,1.7682341008857008,1.7330398692698639,0.7320970344452519,3.2097440754556237,0.34687326555694775,9.281867220684667,0.5507630818341562,2.395052810637429,0.7391177401050267,3.5903079484906697,0.8047557010167643,1.4243853850119987,1.518755987366573,1.356027973825697,5.4103622118773504,0.2451297338387597,1.0491880704559347,4.399834132682078,3.2937834640700046,1.734066827867129,3.532534695803861,2.164822850237732,9.72981988180028,3.1501707751773838,2.0145674383637737,2.640403064947373,0.5748347467083222,1.453738456715779,0.5043053250801475,1.3386394187918338,8.200056307327008,1.3487359158338739,6.780293530593057,0.8192996112559704,1.9504692315835768,0.7977282650739519,0.5141769985601701,1.02924689623108,2.033026019998061,2.4139960141583847,2.4760213166586107,4.387939711089145,3.115426987871637,3.139303390770617,4.01681852275572,4.187963842156053,5.031086649335167,4.142485015121466,4.952318146177859,3.772032547612618,2.1824694076170474,1.4332410507357929,7.534080575576649,10.43064859968206,0.43029720943242733,0.8323714979991355,1.65407949831174,0.9207839360126773,2.0720826423018037,0.6304552706792201,1.3807644907033447,0.7802475640347066,2.361599740917021,1.2482088977546302,0.6707428519466455,2.900795023716307,0.13583491095054945,0.17048940901435294,2.7606423237859343,3.2027661330503117,1.2052132683658747,0.3890954460089229,2.4792533495834874,3.7656084050878658,4.0898167032275206,2.7344920238293544,0.6930622597047379,0.8875710110428499,1.532078428299064,4.652646370732501,4.753930651820751,0.6338702304987276,0.33813326138168415,0.28847758251462075,0.2419298458116917,1.4565693893709413,0.8268992719097707,0.31219705202696213,2.192770476887207,4.025408356176034,5.566819743313035,0.4708275207086178,9.519230927664827,2.8502132238402025,8.953108949251176,0.1699070780662857,5.595931702493925,1.5071380341430385,2.7904180925319166,1.5573477904432815,6.40165548454557,1.2435864809457393,7.052599268221092,2.9592697815767384,0.29139307154245553,1.5942889138913723,3.9541702370960956,10.156834584687854,0.5313757246777586,1.841514186211079,2.278907341505216,0.7084225027209875,2.9043084950301012,1.8112921600558365,3.088535861384798,4.165506334645741,1.2294187364912088,3.383867050919557,2.832460627510177,7.410059626633076,0.6255693431765685,3.8183800522554128,4.224778344744558,9.83633507308914,0.3911206500892836,2.142426875370947,3.9668158324076757,0.2865622493740144,8.378654220002648,2.838575041081058,0.5799893926919837,0.40356492359081475,2.6079873450628877,0.8696671740100678,1.3576917287239176,2.1563164757945916,2.073696726475518,2.3933710419191585,4.770610003092705,7.191786309984174,0.1961708380704016,0.9072363727163174,3.247462014970897,7.202914767576615,1.4409184067224743,1.7167666817080505,3.1062519006536977,1.4644308392124064,1.4413481689191876,2.79354067003973,0.8709313442815272,3.2369633285205053,1.7494815438501279,2.75696614314221,1.9411599881642339,1.219665876227404,0.28901602977974017,3.218887363264783,1.8166516053987407,6.111919810607013,2.217464503672356,4.827836700502245,1.43684951360994,1.04995994916091,0.3739206159881012,0.743684731011993,0.7898877633298974,0.38127222398585053,5.085458916344965,3.8726403116275114,0.8383947740925503,0.9511177738752408,3.3343309356568924,1.9994102922992343,3.8399739441977756,9.974109509429242,5.645660600336859,4.154985600540405,0.6169343370749337,0.4715164496711165,0.21760301362378132,2.920081392645354,2.8623206755474246,0.601119284654263,1.0364342007233927,0.6581522535024663,1.9859178718697472,3.8953464755614338,0.9593793275221849,1.5216030765198738,1.401967812958023,0.7722240567153282,2.0546612064240364,0.781367422002518,0.6617986639658429,1.0005813858759793,0.4218606486738774,7.312065057951012,0.863307798142606,3.639978435063685,2.9774564073353753,1.6014383090557391,6.473680726075331,0.7202501629221199,3.834134718151213,4.3761009929054255,2.4600811560607423,6.184302197203992,2.0092015890194714,0.6616852524089132,5.609876143797894,0.6670872126227896,0.13479227158138907,1.0590027610545067,1.1683193119888104,1.6692900490460385,1.2256523850697338,13.584903063605932,0.717278486950951,1.0241723226359523,2.0675545750028332,3.4311814211938847,0.8614078281900217,0.8753968062848989,1.6426569200676349,1.0032806121783397,0.029707072475941176,1.7894099458913424,0.9014192158551513,3.7508442858927458,1.8019724270085398,0.6544460155507199,0.29656306027365664,0.4889755264179634,0.3837195125116897,1.0915459179030969,4.954462689704593,0.5116555268684839,5.273743201660038,2.2594799819918503,2.7352749259927824,0.7797051712577849,5.780424166011399,6.0767665077436455,2.178660544748653,3.7375175492799233,0.8799765259356178,6.0966563525404425,1.9434889911758282,5.62423555416131,2.835514744577306,3.7183890287985806,2.225643866689554,0.9875744097669016,2.3472968523748814,3.691908451158528,0.9192050157278786,2.09704771951171,2.972636481117433,1.9807890950296243,9.923502123088772,4.793975376311783,3.3347035235410285,2.9461179723934703,1.9273441615949882,0.5930014342049721,0.6351171997025145,3.871109508846477,4.572881193921388,2.9073478795824363,2.8063193860217397,13.441819072748483,2.4806382923990027,0.8243353248382006,10.17268346465025,1.4140134931229271,1.532383559114171,1.5639909461861157,2.4842048041798708,1.82733366028207,1.884611840747251,2.4827859102633,2.2289803297528716,2.2833711276571558,2.838850576549126,1.314136283149073,1.7531766087634844,0.7775352100407829,3.6658345373596557,2.4666551694159486,4.113025374827925,0.5608157312006311,1.2397735654951925,0.4912046234486099,2.5171484010977556,0.9561114431802689,0.7237391010223616,0.45165325969138914,1.0427971142244399,3.2304273875406575,1.96186164215134,1.0370909078803572,2.911719022029451,1.2284803571696452,0.5417864493745683,0.45327947769729915,5.243903558471748,1.3560972884448197,2.391699712024815,1.4156399632361942,1.0369111430428277,3.9126291858807143,4.696231912935946,8.191434444657911,0.20943851862166873,9.84805925994091,0.11211745114139937,3.08259438160491,1.900683577042297,3.622069426332007,10.932951636803441,0.854702596845293,0.2621398469020164,1.559179920580727,2.3322226641426873,1.689845906979748,2.815204851828124,0.8515566156918644,4.719855841297763,1.975474703678198,0.9889444068876436,4.08296151633173,6.94730208922162,0.8763817056057523,3.8252243242893016,1.2576421391032822,2.165168245038274,1.0161885339581433,0.2682948061451112,0.14420565996690726,0.532708605949057,0.3717237960037212,0.049828840222879145,12.089116538620072,5.659364542674593,0.8680636932341677,1.459029222858241,0.7438849165280315,2.0119651428300296,4.812682003893395,3.0457300076083684,1.132635536091176,2.0308204267595684,4.75741887409417,6.338002882570112,0.7680630044528906,8.114149396046637,2.4961999847694636,0.3167412768084889,1.3966349325044156,1.8429785943071606,2.5590772178362085,2.104193523636295,2.0722625232196523,8.576942338690344,0.34985608754820174,1.195191235363758,3.7087983593057117,3.1107488251672515,1.6258063540664143,1.7372194561822705,4.573609421573778,6.467100532310074,2.6097147690001985,7.127762795277931,0.48930665577987265,8.093232008483472,7.956605977537974,0.5315686514013135,0.8343174429623339,0.8786081606256122,1.5012323392359128,3.4934294319156507,2.896273187560454,1.5774629936217317,0.6148522042370199,2.6681543370157463,7.386085704232663,7.085076822532226,0.8521594363668001,1.282355014380689,4.129094165207298,0.8474687905789176,1.838684463979974,0.9691745137284768,2.2506852309296326,3.511125172584693,0.2831940176864234,2.25415225377025,12.148236336341133,0.9205409967404012,2.6455330342724723,5.469576992846859,2.275738449564608,0.15486798681505043,0.6062470716294601,3.833725036947288,1.729846659800212,0.1956009298431165,2.73710989231725,2.5459156141493438,9.205837925777324,1.1791370686723672,4.14931035100776,3.472440600109489,0.8345245758307565,3.937223395466096,0.4277339087455201,2.6662786702491887,8.91366475201127,1.9947531511140721,7.254711427575499,1.407886820330333,0.9544803697564805,2.8842088104284134,0.9336675668862504,3.971980546257297,3.312163219144614,2.4432152860749454,1.6945126779309485,11.031447023093355,3.838308734123852,4.320843431725811,1.3953067341480674,1.7513499628108473,3.0175161398480217,1.4941697406448164,1.423094590779269,3.7333811640380317,2.4981251426940525,1.1957395680538083,0.8271522847404821,0.3103835079175861,6.0869255151952375,2.4007427320671724,0.6188040154349266,8.268132973279673,4.140252651289846,1.6681415366275363,4.84174169511796,1.8294298472626145,0.35826176775973617,0.19716323616076092,0.20295604394293076,1.7775893887490763,2.0616989304575957,0.8267522400920004,2.974637932765031,1.1159007655125124,3.7822217228177113,1.1249372907474862,3.1987353574539483,2.271605798315991,2.688618624859235,1.0805657530416006,3.171540487189123,0.32574261941636506,1.3133548904265147,2.6692429882314395,1.6602204799779228,4.092795187292872,1.6489178092890944,2.8397680644180134,3.362945561629865,7.160417550019866,0.6874349508358079,3.53337202048272,0.4408013264494406,3.0741065034100687,1.100727081965697,1.32964109244611,1.7448618974506482,0.8229947460483137,2.7397364238559394,1.8344320636145184,2.7994497743205193,1.3636191565256826,2.118902296123829,0.6600519817854258,0.7598745599433038,1.0591399591008777,0.5843802528139994,0.6529348419229657,0.22994072465935161,3.812113411778999,0.19987027159487059,3.241062056140259,7.8271420967849545,5.3837153773128605,2.152113835924076,0.7533697548152751,1.8331854486174743,2.135738593193283,0.4499433595718223,4.531466230275442,0.06676939001710525,3.4194036990731895,1.0272336591271065,1.486558314248843,2.2608531816131388,1.1502259241084973,0.34689508913366685,10.771785381672661,2.063269074499862,3.3573997717070165,1.9449612057869565,2.3910119144775113,1.1973030909073157,1.4599653579440908,7.579805007831387,1.4150989628060895,1.5865423506624927,1.6935117315631052,1.5021264235891,1.0596442530359227,0.15673014385541517,0.8902825145821915,2.812835947153184,0.8626058147075903,3.179866438974967,0.7534140349978387,0.3584466185544739,4.666266999663128,1.4662047061430319,3.1453641438207174,3.7670883706842693,1.696888572007419,1.0477105728097789,0.8238759081248883,0.8879807323783708,2.149881463564644,0.4023863367752034,3.3230079224501274,4.765476588764788,5.7418880049861585,3.2384378883726175,1.4664240775736515,8.645670842170254,1.6858046055501859,0.43935800762878197,3.4335847994936413,4.630824291826552,0.7271703279176362,0.9883258250067546,1.0250566563745718,0.6824983772226705,0.9150927472356583,9.457977457134515,0.29294309158713033,2.304242312237374,2.729983353711719,4.796527904741728,3.7346437993334196,3.98512114191354,5.518437584592027,1.1650924190166834,5.85743877650141,7.152096130477675,8.251154506542456,2.696779153819156,4.688689638760616,1.3211739780643763,1.4497132457869828,1.4787409355718149,0.9590559381980819,1.467649859620139,0.7518669043603643,2.0446530403186123,5.477458503960523,1.822482721162244,1.148697369218794,4.247022419832682,4.722456312841526,0.6989796062378248,5.438269195472271,2.1824452500318094,1.3973297054514269,2.370281878361747,1.8687943357718617,1.7430570404358132,0.2581992641461177,0.8866835748596901,3.3934729310256886,0.41509315348132114,0.32843797994843915,0.547316986716166,2.407034605025692,0.5068063092204294,1.1473116854128036,9.131656092655296,2.301777949949269,1.3212528091484534,0.5893956803382588,1.6433290177794435,0.20152323161142505,5.480942319510996,0.5498476827132914,0.48242969992563545,14.127188320956725,0.9431630671620699,2.940837861875882,3.60278479947732,4.939526734066384,2.310023890283143,5.285258620958203,1.0993083175958553,1.1485900110614373,3.772669452066386,6.3957110289293455,0.6423821417217834,0.9297955685432779,1.352282527906837,1.0545594878482007,0.0706949348591033,0.5104407753869142,1.3508418505952235,2.340218307238804,3.8097343716299847,2.9018544510623667,3.6895861360851328,1.5271435054168025,0.055744528130902804,1.4733134313991498,2.666879333275455,0.11723668931405307,3.671606400461479,4.951493638112751,0.9562091903781114,2.557316634154203,0.7453669037528866,3.458961431928816,0.34187486414414725,3.994330111076269,0.2483425026965005,0.8390116398194318,0.9039226814270234,1.395782896899012,5.742137383940307,2.2275269188737425,0.12753744509437187,1.295198047567026,1.5161574895931231,15.75878898213962,9.029056099654813,2.1845506215488864,1.6100569978549713,1.3330515512075805,1.5973670562307922,0.555831689745146,0.09044218792659275,0.5744186702547269,5.508224511592676,1.7723222071910882,1.4415476011240875,1.462639250588419,1.3478502338738807,3.5640164221260426,1.3819673560036807,1.4512155083558822,2.11467353112483,0.4280923383870312,1.815790067872428,2.9298908432925077,7.221200822768708,0.1250941693951294,2.334300339351527,1.7224852322094026,0.5845920626229819,3.689776901876192,1.2061820696107746,0.6186509147857906,12.286331266291507,1.0661121693208981,5.69886096787121,5.4956862902570895,2.0658581433855776,4.629803790806152,1.0937473816045131,0.9954666665000189,2.2419313539118075,0.43469824571412885,2.184512284317286,8.957271709492243,3.857656200052199,0.2309380563179313,3.6149278726858016,1.9577492050733558,0.8255977514993599,1.080588651083252,0.3197536194437336,0.16747532010169008,3.143196120760029,2.4284908163134915,4.719583139781902,2.176429798434646,2.630742859284007,1.056408665267523,1.733893965506416,4.5653396230950225,5.118386570076568,1.268796809849038,1.5537061275798099,6.341460404993383,2.076123150989676,7.371215154473026,0.011307874247692973,0.34032433170131826,3.090525745254144,1.8384910606255218,11.367169629269,2.9191066617105887,4.112610253865567,4.961211616209482,1.2243993102927972,0.3042562080284319,1.6760496020260884,3.540175332464048,2.5808587466794313,0.5315765904927814,2.1995463961118906,5.531012024985073,1.1715974698125495,4.466521350061747,7.046708599731824,5.4469903282442615,0.4363574377940522,1.783469449410169,1.2171859065219133,0.15983887778290162,3.4856190734864994,4.955284576615321,6.470277970677672,3.228358079507978,1.9413065169250963,0.8668392485481433,4.874270332309664,3.7344170387843456,0.2857243334124106,2.8376285959694907,1.4948968289039848,1.1137206878960204,0.951028033795443,0.7382203775305438,0.22720457167967778,0.7448663857953379,7.403003453662102,3.0441251605152755,0.28122492565963597,1.0238825510571277,2.032657066618361,4.430141960923173,8.263913357009917,0.22537250848201373,1.0182647950603183,5.61853516933276,4.480832883287828,3.044700753018299,1.6264617092567613,0.9597135204838889,2.9742038983928927,3.4663799939158273,1.769670912957798,3.5157560383172854,9.007973451548889,0.8202786970986873,2.676604569475898,0.7278792050817204,4.211114842030388,0.9264920267068432,0.4293664778212416,1.4215627165848423,3.851196138740819,3.267647901251418,5.003502625023176,0.8648138438135295,2.0209349440767634,0.23717252482666612,0.8709677244398506,0.4128778117989661,5.077843130043397,4.299111791373208,5.384991250407419,1.3085574059361256,2.3919346638693963,3.1956627881448227,0.8931522450935383,3.8546275551290132,3.660681359211565,0.5606161559100453,0.9743644721340887,0.3013694100021873,5.315945778845177,0.8844858311287599,1.5877557033372909,4.766907130551568,2.6481414263051946,0.5641075369518844,1.3199143648316982,2.3917252149884654,2.107117692028899,0.8842125681347546,1.1312587235854834,1.6957879305005177,2.9171611278406075,5.049187143007761,1.0575237156266548,5.192357007666141,2.4235795255123636,2.374349747327637,3.7410499009597142,0.5754817128486963,2.2301497209930172,1.3650998919355073,5.082667299273261,1.4122865646187668,2.091900190156232,10.84081818649498,8.548154127476371,5.6392546890694515,3.422210146971119,3.516172802042282,7.7052482162926115,2.976154199402605,2.270344680789923,0.8439109165493672,2.520560927787629,5.606750082071532,2.7424550080387293,1.1944068341179703,3.989531873839798,0.19882863126957603,3.191742254829162,4.780428995142987,0.7726324808650761,1.3024032640368999
"((4, 0), (1, 1))",0.08040673357421269,0.35571925954581385,1.8601814137006814,0.1552030697273823,3.3560071662635944,0.5044497173639184,2.228215796617813,9.3044215116916,6.915150843027991,1.3803366178579095,3.2843203849892335,0.08799633518867478,3.482417347994396,0.03499504846686152,0.8798593053132557,1.0451263099140735,1.876126264679241,0.9460165351152776,0.355214393180483,1.887048499666015,0.17344259362655334,3.886038287530944,0.08789447149867735,0.27749027724566,4.267704224307698,0.09350146547250482,0.06757962213039603,1.299036348641892,0.09503552837716511,2.955397714606819,0.9074148249103122,0.4480325683848372,6.464313441086895,6.057925195476843,0.6214840533846258,0.05494128481663285,0.8743734326664159,1.837957412420744,0.379251881141363,1.1914041917701867,0.002907690496931181,0.40692634139199413,0.37026620940409183,0.41977139508885664,0.8467491472510758,0.20940167806076304,0.4377159138668001,0.1356509027179449,0.24877063378170083,2.8641840080071415,0.9777647382939461,0.23224581429102065,0.5061300059353118,0.08465204086093348,0.2636492394077252,0.2419301885163776,0.02151196799890076,0.198992736712583,0.03998621792113877,1.8801930748672353,0.10048853676236558,0.2804564450018465,0.2633151862690055,6.791939045286378,1.1835571915671954,0.5076211441530916,0.3533615381279347,2.428580956095498,0.5283099406735161,0.3308201009623444,1.329585685330926,0.09534460747417572,0.1642598345294637,0.17730516172119226,0.9967184545063047,1.2430378188068651,0.11121820403239702,0.09643930592197991,3.1648915916774962,3.244517491915067,0.17631412759166598,1.8765158441697025,0.8987725309517574,0.500298131103051,2.4716296788864422,0.6632961967908093,0.5299448168553351,0.034232549221761666,0.28548731750280454,0.9867475596999999,0.6184667906908927,2.681505647119579,1.0286040757190875,0.07932620149796121,2.800134977329199,0.851815160053293,0.045075480895949704,0.8765717300312406,2.167404777100062,0.07341180053929497,5.148244885751245,4.513998122948518,0.03088398186756036,1.4249920605372877,0.3015088934204617,0.6333548742132056,1.3849377717647418,1.4882239212339625,0.28959832438340083,1.4838975046478724,1.7951251468667193,0.44294793599087834,3.4862319728665256,0.19033626806968407,0.5991475813438027,0.778200033596417,1.0860374013564011,3.3906594614019374,0.06876035382616497,0.318816670090009,0.24168760885211693,1.1770315780183764,0.05843603358888272,0.26206715237445977,1.8515156545224554,0.29398097851813443,0.27793567188027213,2.47903684131563,3.488305452718491,5.424280841111191,0.6102545637600092,0.08105545381890966,0.21075314152242441,0.32169221236717305,2.8074817970300483,0.16973503655969246,0.5427539448535957,2.842216897675132,4.317428627663225,0.6995892060738367,0.0872079746226847,0.2883045329159646,0.02546163554004799,2.118726787710285,6.477263368812434,0.5334990555334945,1.0996590062310758,0.6131211087619477,0.08292668889506594,0.6557361588842687,1.3712265063761948,2.6723985817580225,0.5404021681226339,5.574297113813746,2.011586853015099,3.4126578696271572,1.5042450660874054,0.27239144406763627,0.5885355739241611,1.2283680476067904,1.296691310984369,0.25432168149549284,0.004695937846943776,0.30817114851069305,2.440589142028525,0.4034279161890213,0.11240885363297592,1.480609527216044,0.06475405362715048,1.3443577815271837,2.394745733529555,0.1524662691103913,0.24649383092443333,1.2693644031869882,0.3546556267237855,0.1268192893146023,0.3427035422121587,0.044397691722404486,0.5924488700928702,2.4731365370317477,0.7231998364158039,0.0037515049504386333,3.170683209667417,0.492172005640346,2.7724718538060733,0.8439481948865599,0.4753050129072449,0.18645429933695645,0.38603180643649315,2.2971094136557197,1.4595192722752146,0.623640036940003,0.29068468773592415,1.1961787308325826,0.4248117166304739,0.1550752059958711,1.0693634311753832,0.41403990103043753,0.36887562650802974,0.06517716116670336,0.40316627875038424,0.827393151736965,0.5051059002455052,4.62571415316512,1.189665506417953,9.492578535516907,0.5880581399522118,1.7633802340486786,4.626089483686539,6.952237983147425,0.5429289344842425,2.888314932838018,6.987544764044461,7.025798904144147,0.3395014292826568,0.18395577102667104,0.03287653693137926,2.6011760784435896,0.7431340877643824,0.918901193623882,0.16785512032116667,1.358674632784821,0.09596170247966462,2.5120702436256233,1.7521141403439682,0.47652012039590197,0.29712276358448775,0.39015949797048854,1.7366603665958666,0.14748667453799236,0.2590491080615993,0.7073823683220337,2.451032824082973,0.6989668088067633,6.641179070439074,0.8052442338862855,0.264624578163164,2.608887105313559,0.4747556951732794,0.22063002875173954,3.5868385928588706,0.0131380218946191,0.812780318814879,4.005699401080086,0.8987249367859913,0.24860547616643291,0.2250683256714998,1.76281047433273,1.2155765296255678,0.6671879370806933,0.2106033994926051,0.05926121952366148,0.10541263337783491,0.220524472862476,0.24622026887313408,2.5785352026809885,0.26041181809020264,0.36027610110702657,3.484929428973298,0.0314696547867217,7.340952258933161,0.11334720223574068,1.8406754847136497,1.1346060501764486,0.09409133105138068,0.11200053949116917,0.5110206124458727,0.06686145622428685,0.2720266013514234,4.349890235927944,10.670601421806744,0.5045703152064576,0.1580830346331319,0.2653344604666916,0.18445157961930025,0.7252190151845639,0.46816339331825807,16.55469436131832,5.281791625407356,0.3552180631916033,0.43762320614536,0.39396464661843766,0.7216605843365933,2.9610380953253594,0.10092181656722499,4.13475078562186,9.841908779000615,0.11412837120752006,0.3837775167820876,0.43268591923108213,1.4631713735948084,0.18391983847874416,3.403259092525689,1.4325021392365986,0.12394063798020472,1.612150002118511,0.09298608483097148,3.0053423850943632,0.15943037967872842,0.2359987988466855,0.27413836524257107,0.03368030190323856,2.904771709071327,4.322292010582094,0.02067450454394315,1.7322075005042,0.1618841245219529,0.5491229566334173,2.3760442471251064,0.10542242244678501,0.1007910545410795,0.31377284734787203,0.5638776508855903,0.01063301118536053,0.5480147558238944,0.3047387122038838,0.5281962091927799,0.1438132873261655,1.4116463577820975,5.498898130008587,0.24517675569963648,0.139838951814937,0.09731657791419979,0.38978760707026283,0.08693404056907772,0.06548202379676038,7.5091145175281255,0.14597097412265203,2.2561573728461894,1.44150547808369,1.65654312625625,3.624881928294375,0.0822298774302897,0.4497440478455179,0.37264328466024654,0.546870204040399,11.629646935798952,5.601201208218138,5.732378200825999,0.08486427224855109,1.7806320954222068,9.807840304850421,4.184854976676396,2.0325640286585,0.41910231504181183,0.32561274251782946,0.0539709194963125,0.01957036009941615,0.3118652154158761,0.04136880065162862,3.3100346012660244,2.586029535281013,0.014712719253383577,4.165070159629102,3.9302557296064053,0.21024317016182592,0.11589119767802991,1.02328816336893,5.453158475486185,3.5607009071602946,0.45342985863378016,0.018556303819855735,4.154393001516043,3.0931707663527233,2.0224100369548705,0.19847655537250075,0.5839947680786093,0.3666801148026049,0.4667484135430122,2.976242400449502,0.5733596538660146,0.34319562048055374,0.20125793889050447,0.8215941771195681,2.6390352423018806,1.0198868776214027,1.9446749431979429,1.5834784484558768,1.9592611227332464,0.25603546853221204,3.3809568288623506,2.5924953433134825,0.07629685379671391,1.2874753095545934,0.06564419616720318,0.05918402661337985,6.9145870865056995,1.3612664597631003,0.4381084036120367,0.062134055260801846,0.7412053557276869,3.573489258171729,0.7520438305890602,0.015426292785540197,2.5608566036695652,2.983883814787762,3.8722370088292823,0.11029097050356684,7.093246048728355,0.056838186419831516,0.30103909995690525,1.6749214119655047,0.021802728964737117,0.4649604836553487,0.08128786285667644,1.0338202518118613,0.6645318071444963,0.28295161861448603,0.9126340853370345,0.06724886795786045,0.22289838145995589,6.723840793911707,0.030276098099291104,0.47993148173351385,2.475039620033767,1.361504669154237,1.1492299051903094,14.022614382704212,1.1030069458397673,3.307680652964672,2.6123224602823445,5.418241549846275,1.1779124389879856,2.4754640971203368,2.2379311569290294,0.09330816398549224,0.058340774257150896,0.6901141790262093,2.21380445024561,0.11202846027573088,2.1789254658309996,1.2310939809462167,2.5326789841591326,1.8896547156388053,1.0275794766710664,2.2451925742537253,2.979907115117463,1.9777676117759069,5.2239828672648265,0.03942782517342436,3.962795049110931,0.9042378623798784,0.43524389627816396,2.1911442835576995,0.4263461838014859,0.9108957004100426,5.727823418632051,0.8776885640489305,0.103834616558103,0.9377546921309001,0.03162735283846985,4.697247739656527,0.19283916526766065,0.038687281422832065,2.9419544977241623,1.2063648170569534,4.80769974573509,0.1246541690121743,0.15216516699200522,0.1473502789275276,0.7254454826019148,2.7012346531652347,2.9383188650844274,0.27707873901818125,1.7669159006537587,1.4808325785679566,7.357256553573579,0.8081028919894138,0.16594142655377908,1.0351022751340762,0.024568361906762037,0.0712446161919309,0.22654979864647007,0.9992977316030349,0.24057327286286068,0.26513132781512994,6.553938830464054,5.448021670634585,4.8359792998914815,0.11595477546037603,0.15798283977941763,1.2581216072627917,1.853223756374332,0.08475141493734939,8.525388934998759,0.2946783452630184,1.1966676076372718,0.12014580933729468,1.3996386892983883,3.791435944895442,0.2913388593805981,1.7693047857885986,0.03815207762138151,0.124058386322621,0.7191932572252446,5.1479123565234275,0.5217781093540358,5.765707959480911,0.17493536644006014,0.017149028168752523,0.2981736777252091,1.3977427498143289,0.15326047188842007,3.2299710257471115,3.2347216537976733,8.510714712132241,0.711765579317709,6.352673036959245,7.968817604869108,0.26990918588718826,1.2787257221124744,0.24918583602349376,2.695690445395929,1.656803091761693,0.16879955669847568,0.5126033758522257,8.60101160646744,3.780060766888788,0.2801804589190595,6.336790134454963,0.07284010172507616,0.5319330002638509,3.163421564036506,0.28520633508219095,5.064174903096263,2.206216506510602,0.26025738429898837,0.858190952008618,0.4141294413198384,0.2692595741183772,5.590638762529979,4.050327618405183,0.5169316053467113,1.5921331193306807,0.6581210163943223,0.24539136791652805,0.5381153408367734,7.682266341276288,6.2245137328919,1.9260582507092017,0.31597819374227587,0.43581872362609,2.433150057869619,2.5386333985304548,4.099679080052657,1.1490306954331433,8.62905363679761,0.012260265279540938,2.738595982390434,1.0358872715516483,0.3879553549279935,2.720042023583929,5.344186828265931,2.1409739961522227,0.11048381917211225,0.1694556605092905,1.1228070266792198,1.974081824050846,0.08513003880916536,0.3220821973219947,1.8463551279015262,6.5216213125311855,2.9614106325758422,0.888262238339705,7.870189701253787,0.9278129879018071,0.2971577910299559,1.1914066940989687,0.21923015466565232,1.6179986429436966,3.6904704539399384,0.7367308762614667,0.19654792217955297,2.2492964265274815,0.14425069457298023,1.0233850175429162,0.10400462220489937,0.6135298971845713,0.6614539652244842,0.0445036013628719,3.9817949781531423,0.7544026683974066,0.5758780218506272,0.018459897887813437,1.7734153774788224,2.6901474425334566,0.6409295530833727,0.021797240555418762,1.2217163023268012,4.925311037358319,0.6266420930335466,1.8014612787855473,0.35181884309806133,0.0956299651353838,2.7945199552933735,1.5207385734931411,0.4715984191467464,0.5148335920984692,0.14008412063917142,2.3143847993363,1.1371328550019122,2.8862040318952475,0.19693984878650572,0.6739187806622472,0.3576027164035479,3.2203160497999237,3.1682655324260174,0.13883923517055008,4.627424877569869,0.19240421084085224,3.1013452071041643,0.029908828149511457,0.8457043678113148,0.20741355431644837,0.07106721496381774,1.4641808119139004,0.10658221900286846,7.268055039925343,0.020614435348710103,0.7141247856148403,0.6953533861466354,1.8824814017759204,0.3818982124206969,0.14900686275332164,5.165610751828579,0.2841936037516657,0.2008927749903915,0.2829023537076676,2.2342370831822342,0.7923555337686925,1.6593614518796458,0.2779987699580686,2.5303902273121945,0.39955642119000645,4.574946087442391,1.9204070911856985,1.4439674808601648,0.18235709402236733,3.132825812192911,0.32749888145616346,3.0206052404554415,0.04263815672524096,15.95751927412301,3.827240864660667,0.5481687107877007,0.12078962992448017,8.102775819224957,0.29006304707468966,8.55739618371777,2.4593511555471026,5.651398809729741,0.5245466317150351,2.281929643082268,1.1269437537516738,9.891268153599288,0.18971741268044928,2.84246354532456,0.37859801300527174,0.685026604234614,2.063833187524322,0.5313399725133059,4.461731113622472,0.45180184957633807,0.46555882553219874,0.06734669336154608,3.3766670240848757,2.6989010235319535,0.05162719982620012,0.7617751123478695,2.984937093675403,0.027041723181782107,0.052992922548122046,8.123022041674446,0.15446131775012728,1.2639793337748342,0.04095146068383937,0.37148974860392636,0.27152182120722457,0.18372720372324292,1.9672824039460002,0.07523742605151984,0.2505046014331964,0.9969524037495008,0.20015172650869217,1.1207031537605165,0.019100044548236106,1.5849564945301604,0.39350991203521835,0.29645921067547976,0.47824648534835945,1.4119495228947514,0.16055763740662266,0.09508559132355865,8.283019701222722,2.2625580459230292,0.9611104649120383,0.18952068871359184,0.5143912040545491,0.8494070921590797,6.918128540611019,1.4598950309626146,6.406864310778438,5.088029096795549,0.461724060075703,0.10277472893968653,0.8681045381367296,0.13614261358424673,0.156589922021952,1.3223195291808993,0.7705294660480615,0.43881437419649383,3.3630386247757738,0.022895797902653392,0.003671477317049865,3.4820112375797225,0.30062798958378445,0.14602264234756857,2.644248041200881,0.5316501412331667,0.9353644740298905,5.061165595888692,0.2704453910544178,1.2885269861432347,0.5003741297190223,2.2808178798502325,0.0345036624660624,6.856856510699558,0.346451638680739,0.6131643138508736,1.6502532135613963,0.0032112462738647096,8.224006977819052,2.2020354138809086,1.5885429362905983,0.19612297653551547,0.4978592924070444,0.17522874386966913,3.4606107981434766,0.006482417746598301,0.4253727726176537,1.8250361198648681,0.5863927294869213,0.1823957050379672,4.713339786541291,0.12291304762519428,0.02988122781241509,0.6191713302968392,1.3432090037249145,0.30298941668067947,0.08352772077512682,1.8579489089102073,1.6613616974862069,0.4060730144645621,3.3562076474527265,0.6416959418578769,0.8110065664658282,0.14036763247875372,0.07841147026709949,0.19965744475042957,0.1030178967629205,3.4781101563558865,0.17987004901429704,1.0665908155823711,2.380616190379941,0.04592355313028196,0.2917907624607441,0.4995761412227946,0.5365276009682427,5.964584024586976,0.5127282266892321,0.13235997908285135,0.13955052198118956,0.1002584139194056,0.5357977627469793,1.1915045662156603,0.2717248695867285,0.10726450184082381,0.5870306293834964,0.4740876086181336,0.07528284132944885,0.9860850189442214,0.17746975910860252,0.4710570661777864,3.417093144414596,0.12718093737581526,0.7458579410694792,2.8165020582322695,0.7224756521946669,1.1069709379377415,1.1366570218951384,0.1079652906075399,0.8700050460931844,0.019120671265165257,0.5082433979726062,0.04514915507246764,0.11314224735716016,1.1145842947054847,0.717507840574461,0.09249092720046104,1.6605281062323582,0.09729340408668685,0.8569713756662859,0.7732995154093418,2.2794567718564496,2.487052032523344,0.15661056145277286,2.8593257281587197,1.150354761760435,1.4352343339258122,0.4461397763482511,0.025579138295115156,1.4667211872379777,1.4673970828641352,1.7202640123753934,0.6265283548651648,1.7012808712909018,1.0882113011585908,0.09873412547271077,0.19720521032196703,0.8179873091713246,2.3878885360892275,0.2818411188490493,0.9974388245007462,3.704024399535589,0.979032228845172,0.3647766693816932,0.04260750316798445,8.42596413836841,0.3115519572767733,1.9464181855928835,0.7748331746852712,1.8882523447460073,0.2869086304236306,2.729301234756782,4.001654069723125,0.12492459396783939,0.3668618484760211,0.14607145452533632,0.9285295428352138,0.3546680616013036,3.3019110144394324,0.35681259003090005,1.129554599411836,3.399071634339511,0.7528974336106136,0.5438121114958898,1.6219881801763574,1.4862457078446454,0.26094565467997555,2.096778394424379,0.08429619630889773,0.2080600448248756,5.467595418049779,0.7388384723210792,1.3448601611249782,2.6985050222746647,0.2122326182572234,2.687783215503321,0.13429941562750658,1.0427433674479611,1.3122530432072135,0.4405877324719327,0.7458939388447385,0.13475253927383068,1.6385106925119857,4.4789015785054405,0.14134442831731775,2.027054450755835,0.15775863569087845,0.32280162459433637,8.311671939451116,0.1536247876040806,0.11529481659112273,4.8681275535270085,0.041816519055942525,0.48217046166402544,0.10082825585598831,5.295876907212822,0.23915864871133397,2.98455554264127,0.19672567007532327,0.32520267083022447,1.7374836850564117,1.7202105151187992,0.35908811736939317,1.0345221523640773,0.6035353463503702,0.620944989958379,0.4246794895571284,1.033657260612105,3.9612763765909498,0.874445940803902,0.47780798050081463,1.1797578534583844,0.03143262448208883,1.094729395648994,3.6490292355306586,1.2082186384373532,14.257157183142393,1.6547410867145347,1.7352735094580671,0.905551847308478,0.09073944872110484,3.400432361683964,3.0648077629346178,0.28448154344894505,1.09217786783252,0.03184339953511994,0.40603485713858367,1.5073360335290393,0.7196523215807121,0.5524477445005576,0.3460677130588854,0.5621576250344376,0.7190104673035789,1.6252871433480824,1.9457631032178715,0.1538058339316679,4.586596794430396,0.13634495746788766,3.2280444124530283,0.11309542432608799,1.3377191338122933,0.07957432559771549,0.367853666446162,4.386998580713497,4.344283134901765,4.779937960281551,0.16531359238221643,5.540977034693056,12.561859658563698,0.2573704596085957,3.842770219112301,1.2952582838057682,0.9764172942966468,0.4710489128838269,3.2207009901263675,0.14293327089756347,0.40193164350436117,2.3657413806453644,0.3109233844964807,0.9788524303238832,0.11327169955778382,0.6432560702337973,0.258279042507076,0.35644952227385096,4.191764096541684,1.4467409226088135,0.41807484415013985,5.0917640565550695,1.6603827890267655,0.43442085767684124,0.04568042984118259,0.14322969976605826,0.5055667493954243,4.011986088907593,0.24896308966224168,2.337675739900268,2.183327645254848,0.6309311744583757,1.1993197790609083,0.04708311730393544,0.49685939675674495,0.40797641234323345,2.5233601896276188,0.9513763275878628,0.11365565531095889,1.9528146782106015,0.40364284804173955,0.20755218697475397,0.07348034018900451,3.8782143623496528,0.6084251362674555,9.684193900830211,4.321231598506224,2.3479963950997833,3.63599044795144,0.3680384171419795,0.47317105099351253,0.3522595456289035,0.20463604168075333,0.27209692906531435,0.5653162502620033,0.3960511814492864,0.8915207058109962,0.2049580623654479,0.28996394069320486,0.2602347732125274,2.368381193384603,0.8067023829130013,0.37143767267802463,1.093871571060459,0.1421457578235792,1.0586542402644818,5.65681551720591,0.1256664474871214,0.4918726533943403,0.017401870201346092,0.3322285197551951,0.15903508422379753,0.43682643390046305,0.32999831850556094,0.08808417780089695,0.19826215493118893,0.192775281603641,6.254614924871136,0.586830010584203,2.871420785780863,0.1623747979158341,0.37054665221802674,0.9496871300856816,0.28693999026230266,0.9706464360360565,2.6443941173993126,0.5805621782010466,0.22499735833043788,0.5696611846727335,0.013947354826489455,0.19214404039675914,2.560566800089319,0.09395180656911029,2.996997813714934,1.517093182995942,2.108124086185631,0.3479300528802328,1.532998080896626,3.0148945383061427,4.479950436789887,0.14198996351789006,0.784357066735251,0.06643030061540744,0.3117011382073116,0.1788998139725354,0.6449492706668434,0.4746314516064072,15.023187814444432,0.6343637700155922,0.26244550202133476,1.2763307404106903,0.06902154856166542,0.04219769573974874,0.3911041618656923,8.244174268210257,0.929642663327757,0.4474704199419899,3.0093378169300813,2.302870137340178,3.0246384198991447,0.15733582553081105,0.2787101870192209,8.160289081757089,0.2369518318893632,2.8046581338285907,2.2066339718868293,0.14146873520885084,10.121332532389161,5.560834312311255,0.2279067473804588,0.087567119207548,0.7973586158116497,0.08361687573241472,1.0523480492353938,0.6017135472010411,0.5169227645038839,0.3405436091761951,0.9270425416149913,2.478419215131541,0.3359009205066854,2.0582953342760275,0.11047115719233114,5.363212769563772,2.948602186278591,6.342724043055704,12.916274256214331,1.6808821965964031,0.7336505602693013,0.12283923849360301,2.8806496124409713,0.08948587654393503,0.4128919733356189,0.7517185818095053,5.8952956247116415,5.895067372389072,2.857985689489237,0.29263124969638254,0.08968975287341063,2.1462345660622613,2.964421504331992,0.28304254868055334,0.9830098471526738,6.31427965788669,1.0702147722700368,0.016189234953166265,0.30501130768363716,0.6710157957991836,1.1113981236690782,1.6916000692311055,0.3323052540686895,3.425977099361108,2.1779334390797356,0.25824365034217056,0.22304293697644528,0.15321054198707307,0.942699709996083,0.07188340348592348,0.8085961652443387,10.962775526941417,3.720610631169163,6.321247105721857,5.672884821147655,1.150555574219239,4.896025717756022,0.07705136690993442,0.29231069864165926,0.6552854852815699,0.7805901655719152,0.8536086216031997,0.4709321935278443,4.408888321490518,0.22246293061105238,0.058479653502841344,3.2308231619588623,12.499615922084953,0.14631675569953773,0.1032655725089704,0.3136711998899637,3.94092273752285,0.7196923758309358,2.090992165755128,0.912661331161948,1.7918255180509461,0.39645442107859696,0.17052890508368224,1.1160411545295394,0.8615791856887638,0.584658327075963,0.3068200255552087,0.5823114172391892,4.305568804937041,0.12433933154433774,4.772577925774476,0.020379117162672156,0.5782453492543773,0.3483978777809116,0.5316833638884383,0.10168763915662371,1.7012057804520526,0.25245739103206066,0.04460214065164747,3.039714336178529,3.803467214145364,2.926617459809869,2.981521378610143,5.442782071826996,0.2596891421704217,0.03908308276769579,4.171015788415702,0.44058900163339576,6.681071730256547,4.3523168127419725,0.5799204083168252,9.489699644803245,0.054136756777585227,2.810077382044704,0.009941734882883413,0.941623438782953,0.41154917403334657,4.536976430122862,0.6881079753627799,0.9593721347652702,1.0436245840690377,1.1680208299977282,6.582580214842222,0.345649332900376,4.247215953078719,0.4142332719441606,0.09301231321913428,4.805336246051438,0.037595178547955355,5.462926390236472,0.05598281106304759,0.12112849466511433,0.1966073861238904,0.01765857393159731,1.2477580720042916,6.2749871937841535,1.1682111566162185,0.5732834170931653,1.0083596206735193,0.43637713895064834,0.13460886783180293,0.025810983131534737,0.1238484075049806,4.0689141815100065,2.4607653366764213,0.3406974577309254,0.1897495169643988,0.022353697487394797,0.015675152595068464,4.100398196720693,0.672736031088851,3.1499583942150324,0.06698206219316072,1.33875958455187,0.08383450416701888,0.1734091549901977,1.4168653132933402,3.3337956855148416,4.513700804796789,0.29970468987221466,0.024441507199778112,0.06803602861462399,0.025780678441237548,1.5341810690674098,0.42956066860588193,4.854662654363713,2.44679783858449,3.3155631589671306,0.03546347817891804,5.445505209369417,2.303764170698893,0.32878016123560627,1.582685435967245,1.3225483834429737,0.007048798409492685,0.03821307679030905,0.27020468467567094,0.19779117729253937,1.4130093150384613,0.6878639607138803,0.22683989987385744,0.08446134655751258,0.18585020827272047,1.3949691620773619,3.0920155523615924,1.6919302712258721,3.585793467095149,1.0393487212567654,0.2743059030760209,0.03162752072070685,0.26625076314460316,3.193664831279496,6.007858799562343,0.48947856585992167,2.3763091394441944,0.7994618994302395,2.4867850360194472,2.1121253250364442,0.05269989106270323,1.13167813182631,0.7329769632532455,1.2293884338153496,2.5166321520054122,0.5879442874038874,0.2745856414733856,2.730551294889875,2.3131790591204013,1.5406022365270615,0.6730815170688293,0.045448382554578615,1.49614767657601,2.13818448188284,3.939284044513154,1.0122872709925552,0.2295408804834207,0.34554349009455576,0.0370550943980299,0.021154800172465293,0.45332250086617476,0.31167548542434664,0.8008552982188579,0.007895906586620649,1.408482577925498,0.3913778025103323,1.3776186747380255,0.242041387518647,4.618306516123869,1.4627670288329675,1.5529227704543045,6.107588801692871,0.1391204721366025,0.9943163714737313,0.7001153988793973,1.2164635512431232,4.225806430436725,0.23199643575526419,2.294477810333497,1.1403951584516623,0.32542811495485835,0.23683208214773943,1.489498763722184,0.4667183836342237,0.3392031171422403,3.2631255877828873,8.747943538428213,0.37557960967731585,0.61619577644041,0.17919056788447474,0.09304872830227495,0.18995328139354317,0.730269486743589,1.0743142366481016,0.9519217984562495,0.6673543275232967,0.16807910029938888,4.6828763174435215,3.777463281907715,6.241424966814555,1.13236752442727,0.09210566204424886,0.16828841106663672,0.2712521924322351,0.2612369929542484,6.547576030969939,0.026222946023777283,0.5749044274999182,0.0017824936373351807,0.10829321694150473,0.16901763804398162,0.028115757622901416,3.6974126976813233,0.09970177347650155,2.34505969542589,12.004010936866855,2.0245022720679584,0.49985911336925404,0.00337480632546705,0.7752865144083652,1.5008873680882315,0.3476449421789578,0.1882687802980425,1.4844612041640095,0.9227641440251018,2.1907905683198248,3.4420431316517757,4.060670984374671,0.7256434467197783,0.26566095587932104,0.08646313472454459,0.4535512485985618,1.320995218320435,0.5767138716946012,0.3583519577501386,3.059960826762718,0.3224271329805857,5.196781193599673,1.9293395572919223,0.15921166257974662,2.690349605043978,2.6052237701047316,0.05791347968080185,3.029295270608319,0.09364194441320839,0.3713143758895625,0.2856748757761931,0.13640807284080658,2.6555811650891448,6.322635062840309,0.21046855938835063,5.129568469424336,0.32205013384840275,0.2755820879529285,0.28158590321184707,0.5828765413556214,0.05019587559072103,0.12945801381386812,0.50342948196642,0.2767073045218562,0.6982083481060342,2.098960893277257,0.5064877057230314,0.02155489344232242,0.2646503734722687,3.5291608966917085,0.3460798886889993,5.7760430287492746,0.09306169854429214,0.8305638638432566,0.03920553595308007,0.19990851536214116,1.2448891715961314,1.4426908777221268,13.028610342782336,2.3333214745059347,0.1893505443896597,3.9299908162849664,0.41156697166075196,0.15864265889989682,2.906298821604497,0.3150453774464692,0.4501414469798478,1.2341548680763346,0.036764234852129984,7.009941036704475,1.6127718542332754,6.247895351065291,0.2759980843284642,1.4529136630080473,0.8486572407790002,0.41030243114455245,0.20579504515311653,4.1719818780997135,0.11589576458448159,0.25734042031945936,0.24378206235186717,0.4735349343972346,0.6165879363465949,0.39820763890334554,0.25096417185685993,0.13668635412582764,6.728101254790873,0.12977803801630916,0.3263301322615111,1.5015644990531158,0.3843974918438344,0.13621501758641763,0.12669065226897924,0.5701910317720529,1.4405288229629227,0.09167177954281192,3.2963787440530123,2.2782101150115905,0.5868064068488312,0.6605538573099787,0.6832102017290098,3.4289220195162056,8.763041557004879,0.3248428635031708,0.30445332089009547,4.204707084412778,0.1354694032231874,4.843311313249886,2.2040500372191856,1.9992014734913646,0.568350973591675,0.3803428922386367,0.09590497972039547,1.1877681149666484,1.7572343050872354,0.4227616109635428,0.3593132642936864,1.001024166541864,0.056004652653208586,1.2735262270172276,2.2245411849750765,0.1714169610133669,0.6308647644347785,3.945267872691834,1.0322447325092048,0.04422319616619297,3.4606426406189996,0.3065319906797308,0.38519377933408316,1.7621150560915422,6.71439426329775,0.01680959256313641,0.19059015047354766,0.4231886855182543,4.467348515060884,0.1622863885059298,3.020256775031187,0.7770358079215622,0.048126779933364006,0.0123402214927264,0.2966316650259355,1.7065939770655538,0.3223153879260341,0.4962148582115371,1.3114058510330895,0.18397636437370934,0.4291507266537882,0.15997445261774013,1.117090049104485,1.8242046744332163,0.09566621275067888,5.656690967559468,1.31180954223273,2.203047384027003,1.4609515728249838,2.577152457304048,2.324320605566086,0.16093780948903458,0.34884936381603593,2.2357382426895533,5.148109250822822,3.3077046332573206,0.6201921966933082,7.440444978154601,0.5562736728845223,0.03847669919670871,0.18929008889016474,4.161413087467749,0.462808024951363,0.1402661942535839,0.04371049937326732,1.6478256632717225,1.384833400144191,0.12420049035383407,2.862871381627232,0.31007592161039055,8.851982431602698,1.6625495777430837,0.38974795014869645,0.21703004695094297,0.1156447747589846,1.640861297829809,0.017241173056287806,8.380849373271138,0.1742486489462779,0.31448819883465773,0.29199019948775495,0.779130306485909,5.527033383002676,0.24406216244764845,0.0011444731284444565,0.10406384756662923,1.43841929576956,0.3560395263101812,2.459207025454014,0.17107956035991467,0.23209905275505527,4.005471053137433,1.5701956113754445,4.004257897808064,0.44737843628496476,1.9730948800799069,2.39030499990608,0.05135821134873808,3.8128465260612527,0.49999450779587473,0.08150388384982898,3.1472113514332536,1.3559254527237932,0.7462228258704725,1.0980016122769847,2.8584073100231358,0.5419558038157488,4.139152240930142,0.2712246498719644,4.10778791286184,1.246820413269274,1.0218765323953496,2.088265350600416,0.45355209894380666,0.15088874171715494,0.007634901126408966,1.1498381236441648,0.30109431748391335,1.2679316834173946,3.5099947560543274,0.6340521685931367,1.034992791728858,3.1385896088940526,3.6158682217670846,3.3731638172344995,0.4591470977656982,1.516524284421479,0.9892875401980872,5.110104663738588,0.33678784919686144,1.1748827145480814,2.42201982288464,0.28844614098305654,0.5633684371299728,1.2111655385421929,0.9627110248030301,2.03487414799992,2.722481065126984,1.2401184326565762,8.067917867062441,1.69170162833018,0.6309222756686625,0.6286192692808319,0.1576201729903417,1.0783181091466587,1.05043332508866,2.675617798651516,0.38109215810023356,0.3497501067126585,3.705108445529855,0.9220875491034688,0.4966785573698891,0.5424672325079896,0.6613828526135377,2.5385565256424747,0.3885032562787155,0.4190717433833817,0.5550136531316958,1.650073507283945,3.5470181595854045,2.0374245862196947,6.004013493523235,0.02301289768966086,0.27179677265962443,0.0118340379910018,1.1229483343716078,2.9049296109843272,0.2728590193597067,0.25139843582283383,0.6665212648513938,0.1732643060661352,1.8610671195231165,0.23571798082958262,8.33639243602879,2.3123479521532557,0.9933748540048708,7.708288438960269,3.0545624275074754,2.9440866906684704,0.9515599682133318,0.5678904803851408,0.18520122001826111,5.329970658727919,0.18156294529124772,3.248164973397473,1.3022012788267852,0.2972512843770816,10.190803248365254,0.5128501836170098,0.1950988444318993,0.0711492132702638,0.22517880848998484,1.6503221313891574,0.16582482645376895,1.4364856607191316,0.9934100560066441,4.771691526410881,2.9166946789155337,7.04158999407483,4.975725627817689,1.7035263893723944,1.1077251090004614,0.08878447119960375,0.6328772001165515,4.529266412081929,0.7827346779460242,2.034544179324519,0.2545941074883187,4.850205903552871,5.442274243477463,3.0496132684815653,0.14945416929636224,1.424851984866127,0.0017573563215287358,0.7076092365708304,0.21020073811270157,3.3519970210794368,0.08299925807810515,0.0015004026123541792,7.231394057559656,1.8790247720136328,3.738212804245091,0.9767319476814047,1.1033089537350171,9.378853794319838,1.4813620557194471,0.6059758462702041,3.4030619390958874,0.8092150539444551,0.8604356996977942,1.7303528666487904,2.0871981116501526,1.1557214775771276,5.678931769849979,0.052790524466193034,11.253089722895101,0.35847630907365247,0.2754226920165088,0.20937849938638142,0.11300152193647678,0.005499487675826753,0.042762488976578084,5.854224332989812,1.110450742743672,0.5148390425883782,7.301055319942523,0.29897272459766416,0.057702450725008125,0.4666552331878475,0.02471084620273345,0.09304134214533155,0.06916955174612305,0.05255606733182705,5.23296542917631,0.5672780814378715,0.07293277275047894,0.01578638681572908,0.7500538833623795,0.18525647823814329,0.5081657211164452,3.2336310675827997,0.771106146784601,0.6487041557436588,1.6346976503658242,0.3634532721183974,6.096029211108802,13.244045695844067,0.16266631253286357,0.3605311290668922,0.9854167825005139,1.5320425451265323,2.4039587486696883,4.039090009452849,0.33380586942531343,0.10946606973016659,4.6986161753508,5.222190818679676,1.1387034687791704,5.302931692156357,2.200670763740669,2.3291341541284574,0.7773201459027064,1.177035295499478,3.0560602659515768,1.1824498461308215,0.1549914230978955,0.02891979758398211,0.6614687260040775,7.925421138302115,0.5276076919350268,0.09858352893111166,0.21626304246456574,1.4965660632040705,0.20879928202171416,0.0657448115436936,0.8738447869201647,0.7732278045079521,0.13512368943242203,1.24157664176307,0.2167196853763116,3.451081991967635,2.0401193268434263,1.0228143017522844,2.922537398658585,0.07734866847629118,0.6234395800324364,8.50498067095486,3.6507250013691306,0.7304448710170717,0.04313396300117733,0.361260609976626,0.17781503373835328,0.44414214494853876,1.284291180116219,0.17654674546511684,0.11002377784188244,0.1411475883327049,3.36856999554013,1.297184157697381,0.1874870496381429,2.5371491241401696,4.271288161490535,7.93180242630855,4.417859567599656,11.014022994575594,1.7767001818072188,10.335777021693872,1.201710421468575,0.06977938781356485,0.5674411196752347,2.251707208304679,2.5450229287336654,2.3585990433844404,0.12924996418862644,0.07957879737682338,0.06426702130009954,0.6459774392048692,1.8388114059857408,3.1862332007938496,2.710251834205079,1.667806812161981,0.17597576231645506,1.0265315271127462,1.4749078478042943,0.18345358699376613,0.11300343756545383,0.0903439130997854,4.169153064923309,0.5096501930896242,0.373365793150529,9.551019208333454,1.9418294012149122,0.7743510456922262,0.18359245619600095,5.177086218099623,6.019209871269572,3.7385688324114774,0.05233981740821392,0.014043133277134245,1.6974943116134695,1.005413560550056,0.2096868679584838,1.0971704570098144,0.051057630256951425,1.0310339479775612,4.34219112859187,3.966516731589316,0.09827732486339635,0.04797169421110148,2.1914871918160657,2.584531900546458,15.668265921722396,0.8972580139496582,0.011318022254225735,0.5901401255315883,2.24939649653125,0.4714956627398723,4.033747886644834,4.806714427583311,1.1490612660606,0.2256111913352976,0.8210503656683277,0.16246946601050616,1.8969139376107327,0.3069019759682252,0.3578548538654851,3.6067163631695194,0.5993815925257842,0.13971881438295108,3.069077288455639,3.2206198193234994,0.03392030216533204,2.773622174545695,1.1539306033100643,1.9364447004056706,0.9529135686232095,0.55629683706599,1.452893856605862,0.013353894928606724,0.22761707353165583,0.24088337481203403,0.48141948662238887,1.9148373785385127,0.6283769215338433,1.5475163016121396,0.2789539450963434,0.5198407802702545,2.617918161690895,0.5873249489063521,1.2044398812938073,11.045955714586169,0.8455746995388358,2.4776881588913215,2.128783375260756,1.11866759371109,1.0750201354156015,0.03552090456310664,0.061984421211023655,0.21899321968578533,0.26991410867860655,1.5290610197089582,3.739071103405637,0.04807889165486645,0.2242414702877049,1.7562619652932634,0.22127030757826982,0.7810659880384133,0.9500803160738598,2.1767210071546446,0.2964468533607576,8.533940613527669,10.770859753014733,0.10184210557815554,0.2744071976044884,1.1146128268883553,0.0329895493364365,0.22471245991474476,0.008367076368875459,1.294985626157846,0.1014068834512134,1.1308220895984131,0.3423844412316148,3.65421151419535,0.86659918541769,0.2926825976837839,0.05037904945785687,3.1692626832400324,4.608309434744075,2.7336375812009273,0.36473343414290604,0.13353518185772728,4.181901581793596,2.7450634265271083,2.2878433660083752,2.609642249756897,0.1346367789577252,0.6036821435447196,3.2049239087266432,0.14154759826024343,2.6017818270106967,4.401102101879454,0.14457194105521243,0.44790732072648387,0.735359267481636,2.82643930268861,2.7088534000412743,1.6339396914611752,0.128316436963809,0.36651803922237214,0.0075346731929022415,11.325128427288936,2.4399179657615298,1.5510984882499224,2.4792167170066186,1.6337776296275213,0.0898103379277897,7.779794999361396,0.4827179873510754,0.35042134527893687,0.030974118064402312,6.35648617784497,0.1544643168529829,9.347970248905229,0.5401243085519916,0.10657792848974534,6.848986029066555,0.16662035999824676,0.760603378980345,0.10813662256498624,2.6197609368939636,0.9390785910217783,3.46575077347672,5.424752014104648,9.788581128043171,0.26043309801947556,0.27489409827437505,0.11851197938508973,7.164225938967084,0.06160727812695832,1.4169271095153964,2.162456877443876,2.0194700019719676,6.197209995798731,5.427619208678861,2.3678378448776285,0.17994030013334905,1.4157381913672218,0.4240828889352839,0.35491811091437686,0.029622352247367312,0.08934530546080177,0.23309951482189728,3.219267970418273,0.7778963793458047,0.18039245610683596,0.3022087117142016,0.9703493931543994,3.371940349590716,3.077167149814349,0.6972366341944529,0.683169251215773,6.757256477557757,0.2430777475685444,0.5686965213966055,0.277058142442808,0.027411142343368056,5.945905645070592,3.2399470128389587,3.232561366939974,0.48535143976428574,2.1656304353638625,0.2883683590349104,0.06774555885891553,1.6237455982855358,1.428328331319769,0.057075896737055376,0.25808692146038403,0.47701043791881004,0.05997012082416742,3.1524208577430577,0.9524427681361738,0.8099610423804056,0.0725035465274626,1.028760986622633,4.236024266082554,3.95269566150468,0.5120278943770176,1.0794105392283828,5.879147291038209,0.10999955493704938,0.11467252077107126,0.5508977349800817,1.1356880077565612,0.16914694208373415,0.8821172878230303,0.6463761070955953,2.33298939033203,0.34381365026599076,1.4175542071588811,7.1362507298232565,0.0175884008794871,6.463530430754604,0.06339446747498045,1.052664868788545,1.109094495835564,1.9027205572067927,4.009209138632132,0.25673344482909144,0.45135767031880913,0.2182862470037934,0.44398497241473134,3.3792511293501124,0.6940856704027694,1.997548941913275,8.504777496088897,0.5879030069106466,0.33560281975462236,0.09686503021791992,0.1448482184782871,0.006818363299192609,1.1693832128758412,0.0956462380673826,2.1543690741878985,0.12077056001103648,2.590399854708676,0.5895096405086759,0.0020031444707528934,1.7036679523637783,0.7414188054170872,3.3625362807330665,0.3751962246801597,0.6514707464822213,0.5333165160283262,0.6862768040515222,2.87178830961407,0.9628335301350539,0.16396855132335464,4.457395728503036,7.148623978056104,0.09071607301106699,4.722027804382019,0.5288954459174215,0.11838806921051559,0.9879548347192535,3.559911432797036,0.1823592616747387,0.12187321292723108,0.7059052379494117,0.7041982641085223,0.9991423322298592,0.13033027830552157,8.181446414251583,0.38814943007542335,0.046512446122570994,0.6955343291284231,0.11531945665458598,0.26031689049700035,0.07492943206583758,7.230895440515453,0.9825746484135862,0.8620117127239852,0.8805420367577881,0.4829761279200533,2.0136256229058116,5.476186851151083,0.6306679197477935,0.35664134347822074,0.5674353741277298,0.3262719202131261,0.061474975798263554,0.3998933304784036,1.47063549285321,0.32032274796418303,0.1472334646529111,3.244629232819428,13.551616013686223,2.971856652423769,0.3699362942293275,5.547869534985448,3.376260600302233,7.434483090911215,0.20118362528100064,1.5276626989803248,0.21694141282398194,0.19629597414265032,0.6999772448393422,0.28623456497699484,0.4302884066429884,0.8446386248264024,0.962564388154862,0.29087198557213456,1.306332806758429,1.338671423652924,4.446466834176632,0.11355134494480579,0.44154671100987875,0.1719835992921328,1.2715100765829397,2.786627939454525,1.474315631751887,0.02731737669384149,0.8631960452699943,2.7933038995412374,0.29731430765028055,0.2905958200951835,4.383155138463362,0.2734420033643481,7.010295715124688,0.456823467367089,0.7269439756796094,0.10418498840146073,6.621530176990393,3.4108815036693736,0.3150791695510158,1.7439738489776007,0.1935526423921865,0.0623590134149401,1.1946215994877432,0.6094244518625791,0.5885378871825031,4.950669913222536,2.8265026383686163,0.10125122024500532,3.052046449492507,0.5108462747095347,0.2188984646970269,0.2382712106974867,0.3717465374358655,5.878722958898103,1.4478636499661208,0.4072975650332733,0.20796776522634208,0.13935280029612018,0.7333247002273,0.6652413020941634,2.0567979246138925,0.33263138341598464,0.9552720134088912,0.07933601936627932,2.3081347426261116,0.19396580925668666,0.7188007522894893,1.8282979780966038,0.004819380500513448,1.3698415319011308,0.3197005459681339,1.695852473327236,0.1846266992992719,5.729657951687056,0.15902846701850248,0.16660079409779316,0.834465816690246,0.07871813839479791,1.5233623219596266,1.4835576171859575,0.9037938087335501,1.1012599726669183,4.41999222290566,0.35883923210664825,1.1594882579962498,0.10846210933465672,0.4968855073566516,0.3926909168323549,2.808386599093832,3.684716129719754,0.2945457316927991,1.1177431958771007,0.1779117990362562,0.6460608631083353,3.506375639169042,0.45619529191845115,0.3455963834103226,0.3238103545881139,0.2765743403300388,2.5945239782579197,0.47946988683282954,1.0919323242294392,2.012686297289166,0.03561303520256898,0.027940413350216797,0.06617249762597033,2.6080139973061582,0.5021201633932648,0.8685878872791086,10.872557760598458,0.01812928631685473,11.793556483389622,5.155884262940764,0.8521264467083824,0.2133630064537494,1.9098551951751306,4.446172563709777,0.47752462111001637,0.20372270916449964,0.3791239385790386,0.0497192150744199,0.2946937561408056,3.533847379347071,5.647370706844113,4.061898855116466,12.988042974256064,2.4866588721300964,0.6320950898481366,0.42611263850184145,0.013499062117247496,0.035584082630928826,1.6752347927588154,0.8176234556556987,4.427477348436448,0.21272491000771176,0.6027491844333763,0.4445722264373909,0.19864870344918995,1.6970319624097618,6.89835037441823,1.7632324002220683,0.07788461997544527,1.9464965591029646,0.8054834328202052,0.09296006485319919,9.647580047201927,0.22808056751048245,0.7533381706461943,1.5794093626115442,0.07292622957802664,0.26147289399909335,0.12616713081922815,1.4310202266423473,0.3310247659872827,2.9369118893001893,0.31286942702987686,0.4128476208432831,2.5491923559117975,0.35452588052084977,0.10349083718606389,1.5173119378253863,0.10052409716143473,0.7226910496465773,0.006561207827569526,0.11212062769218889,0.9920909327755107,0.48245908196623694,4.427118461243293,0.5469969693238435,0.1870898022111911,1.0573896961279148,0.1138347531428261,13.559770949261319,0.43557740030465886,3.3134567846033076,0.3435460407657107,3.123840168321665,0.46460044016276525,1.9609109226858366,1.0535986291491692,0.15537279745044463,2.762056198252635,0.032129152573270314,1.8341256216568291,3.154142407567664,0.762595846875227,0.6357731403082414,0.8398317576913983,1.0549499636385873,0.2007690913179705,0.2183413387835249,1.935404101510466,1.71972885009744,0.8887129338798596,0.27336413030136963,0.49869919563371656,0.07945044576359606,1.8447800173922317,0.20024099871267897,0.6957751365496234,0.9869087736032416,1.4036267475935595,7.676181250771868,0.7087374117500771,1.0064748727128634,0.14800222076813063,0.13542631059298316,0.17421772190702578,0.25128116755838903,1.8103397478827188,3.3980387172201887,4.8688915955324354,4.4924835957821285,0.1479792683615908,3.920956790286966,1.8715040990008078,0.1994640900839264,0.029511482985999926,0.15828716840813417,6.159830761637525,0.03208022259299037,1.4313903588596248,6.5781791715674265,0.19090209964682958,0.07244117407134532,1.4429837876395424,4.813557203975566,1.1452532344507036,1.0584940525775899,3.1354375826677154,0.0879059312960715,2.2481108592346164,0.2039103105865281,0.9828708534625781,3.441366550802101,1.311314895269151,2.872581175662911,0.5773910717317787,0.1592384163395515,0.9106820718552895,0.5515832718554067,1.9046696878523623,0.6094849852220947,3.3531128134347536,0.17758825446258486,0.2006780137633929,0.6914161211059299,0.051263903229618046,0.9286754724880755,0.3874060398567494,1.9473751134977704,0.4450383572683886,0.45080704016843165,4.304881721056945,0.011432807891628372,0.2901262685052892,0.47314833054655914,3.784631515818429,0.8075545092915823,0.330453671286822,0.1272893786176481,0.6786312041328231,0.8281677336184998,3.2374766011963017,0.6262739940752873,0.23709092315008018,0.9837520372944294,0.9796335910916065,1.3517858768855966,1.1879547606903094,8.435331354293329,0.9122707024013756,3.7451721695232227,0.011611448045762085,0.04365534613157829,1.2270975415196284,2.2137404817640904,2.8682660812952916,5.986738757900529,0.11383606156481973,0.15184757020239426,9.03195157694553,0.18326634185945156,0.009648604785300385,6.970830197028009,0.8199024465648956,0.28990575648012484,0.40885184003232267,10.628746727155225,0.9040201131730993,0.5237226268274444,0.230730478956918,2.8987616949833,0.04834893350114955,0.33626458885479993,3.475030653665172,3.574123284352482,4.179949261269071,0.4752256273396571,0.03968145056051142,5.5266638486887985,0.18989645700203583,5.0296329529076464,0.4512262966010099,3.7027462755795586,0.1681522483090072,0.4783911239690999,0.4188332347896391,0.5027141682745546,0.7435467938074387,0.508253640899374,1.9039923706475674,6.311954209853337,0.5417166376195621,0.296488569669896,0.11779769770674875,0.04370301062082427,0.5242671660949609,0.357178504353554,2.361861575874373,0.8528947310842763,2.4401398185420553,4.895993222510474,0.10240278007421488,0.3424832540821563,0.6125365092807988,0.24829970177463845,0.21389730873546164,0.012538911393882746,2.25953735829102,0.3163163521082031,1.4702978246482132,0.06887858962788074,0.8419020185580812,0.9051672554030086,4.828623149720389,2.2018500780225008,0.04715568520773461,1.1415093037814286,0.0821514374003014,0.5330439269855449,0.4762543383567528,0.11090269156585197,1.4990851424705625,2.1798386847496984,0.3195102905298919,0.19053563731708545,0.4157518502197006,0.813952099172923,1.7964455003954143,0.2061134918528258,3.220784856576945,0.2783276441508906,0.28995023144538923,3.219733757717398,0.015940103945895956,0.02913689515861312,0.7276911066771894,2.7832705878982367,0.11388495584780611,5.566944687649346,2.2054746800768017,0.049978631096032844,1.4214622733050852,2.6447761461218873,0.010404603786293265,0.06429912564674733,0.09849566623136186,1.528665897214715,7.514887439154254,0.22026412755248104,3.489556273466202,0.1509111696140062,0.13059862638128328,2.416481786249407,0.3666617222505102,0.4636567863236154,4.135279555023258,0.1852197692922758,1.4580229404753742,0.7597409950797995,0.4966034754864944,3.3333370676958634,3.335827484946419,0.13415579239307363,0.10639270745144547,0.05950427388153745,0.01882640279881409,8.030952340747485,3.286305554702934,0.020788950800722183,1.2338492445442366,4.200580274536346,0.0891434038632144,2.2177854003879265,1.200285744079848,0.31298912355566255,0.7289953647964644,0.8881471858218439,0.8514198641001696,0.05137809196584886,0.031392475448463575,0.3852863443935839,0.6440986772714988,1.631717120523547,3.2919599752681696,0.7079073560563796,0.25090514031925526,0.43169732348672385,0.29817788624748154,0.22993165765837364,2.025487557726658,0.7245119170184653,1.1504110880316256,0.04187235074268303,11.901790320586704,2.6096666906979307,0.9830120387510626,0.26362584706157866,0.937148239517902,0.1142966547158375,0.20616045939434002,3.811033161836635,1.214921792395292,0.579960202934384,0.41680208307267574,5.259664566040312,1.8578814001533868,0.07864913351340941,0.9383772503328707,1.7387504882325322,0.23641355080059334,0.9174677675231068,0.17621571829854643,2.6258995335341986,1.4680054304915928,0.33871206696598466,0.35071560499558263,0.29006707091407646,0.9852357857726055,0.14909898170722435,0.5461166902728884,1.0090104686405557,0.8150848818300513,3.972139693662964,1.6168270367044086,0.10363130712673063,0.3658939482466028,1.4002275428204016,1.0342906646051588,0.20512766880045152,3.5400018137097087,0.37055945938723234,1.347951582189519,0.19226648152450276,0.0713613583020164,6.77810140109542,0.3240301434728441,1.7135664344109598,2.199885416159839,0.6432813278734155,0.8424030123097772,0.17030000419721425,0.0008988609964961647,3.7010872209468677,5.001737493822855,0.06846083887524013,1.181953042586839,5.631050556951665,1.7435409027888742,0.7551330798670182,3.3149834126351045,0.05110907772922024,5.33092932120152,3.4651015640240033,1.1228008952094783,1.5482695542273288,1.4493074909512782,0.9661208423596133,0.030881578603188853,2.107840431138469,0.004430945569873779,0.7200904332313467,2.8465579030176182,1.0752959471635657,7.914089723210102,2.8089566482652164,1.4263795184053114,1.099757778059102,3.707721069872416,0.7466261766055771,0.5582436221119564,3.9896231451965805,0.6916802722332536,4.7432093434536755,1.9566107708542366,0.10590966252026668,0.015808530536381427,0.08011453509794109,0.32856527078770004,4.313928395538055,0.4919580974526907,0.06830382855811434,1.5765417977985443,1.992738439016939,0.13160816942561304,0.7377760760124816,0.22991416240448648,1.0089578461566733,0.054515246725640676,3.9324379286367286,2.311747360882787,3.3843136258941406,1.803574242029334,0.11802217207363519,3.7873643152018275,0.38379700461368405,0.18907486897692927,0.7530543368993232,0.8787807804139689,2.570314431581377,3.108811871656697,0.05421290514552313,0.37097072797235153,3.737713998864742,1.3465328375055958,0.07372375551920363,0.27615460582969154,0.20019240342473443,0.1778481241666336,4.242086464521193,0.8287109306056553,0.1372003273366098,0.24421811729747833,3.43844899880258,1.830675749854688,3.3099817607962745,0.8160663092013911,0.80291197879786,1.247884981436357,0.0999963586375987,0.972921748263814,2.1489265747934323,0.5541747273138808,11.72458880136147,1.9700920728838067,0.11060139635436306,1.032666346989981,3.5202234318573353,0.03884042844740865,0.4195252486297272,4.9456883153382325,1.139021483066901,1.5065140166444877,0.04720203537133916,0.4963500935727161,0.30200894382788634,0.09193039039253126,0.04661796314245825,2.088072878077802,0.19609712519483402,4.008594476395775,0.4038122675378506,1.1393401459016579,4.399824432720155,1.8212968265885343,5.518309120444926,0.15090659961200714,0.12499860380685401,1.3083543122323837,0.13376766547844454,1.1311660578570026,0.0814041362859661,0.19337760282000294,0.18170584329093598,1.4405789931816328,2.7486429070982177,0.6819207821528368,2.8702072774158305,1.493752647140405,0.048443251343400995,0.2766322009111004,1.1370860312513673,0.13641070070828332,1.5869548982325643,0.38911866699607545,0.1387344345750703,0.7223672725158927,1.5377612276090826,0.12639443229657088,2.7915316477837617,2.0750212298584887,0.10529664691856855,1.6332865577624112,0.21006005085908486,0.45450232416359304,0.22881406812614147,1.9650002199652743,2.351042537241642,0.4952826373660195,1.362694147654116,0.945058119333098,1.069346312973475,2.913195385712637,4.125919043459869,0.026004848149002946,0.166543483224336,0.5226121573037998,0.2104853485411633,3.132801868744897,0.2410161444742216,0.7401854065243874,1.037160429387317,1.0289590072702737,0.48104238416094036,0.5115211279480656,0.3028789914111043,0.7265796302864729,0.42990474211255103,2.795521825737365,2.0490278034790568,0.03618847485659127,0.3026771073353567,1.6099346103443972,2.7022212467167526,0.5600192313403438,0.6719372773475927,1.4047877224826495,6.8918847707567235,1.9312725870587124,0.39645016527742527,4.8083538584422705,0.5156578207338858,0.026093958969581665,0.5630021874560978,0.05203272675022075,3.222495100292929,0.33697031258884746,0.6511866863668221,0.2625234817983344,0.11520772400744317,0.8521734277036401,0.33880580884067113,0.02801859398855555,0.45672848820551826,6.294613974961461,0.03793373550380341,2.772331725720562,1.5726422232332002,6.699790591046339,0.47877776530644156,0.16306976946431218,1.4086066568490954,0.7093662725123437,0.43839189275126333,0.2199268653079992,0.20952607858110084,6.1106566913975815,1.7097834843711284,0.5870322427920893,4.6245795272445225,0.7927536089179696,0.8522616330309694,3.8316652137291745,2.5723546168343803,0.5016663416021627,0.19084762746238848,0.7837876152867276,0.16567364704027399,1.732373868259232,0.7378527555917589,2.708273120644929,1.1815570756801916,0.39137445690487693,0.524108576063055,0.12243986492534109,0.3432542631382205,0.3775886459713269,7.695160545403969,2.610190128261575,0.03394327824391663,0.7301678978743977,0.7491382139151321,0.09961865763748134,1.332487879937044,0.23728650427752784,0.3560925092608893,0.6110657143363007,0.23989735425479686,0.34094731402756606,0.49847211037700423,7.502455084731333,0.41297132966392613,2.347379155114875,0.022557591149974687,3.139319929180404,0.02393283751140185,5.392649046441278,0.5953837254968852,0.7609454312023587,1.7827022666769952,0.3120534662388248,2.046136558643873,0.8845101437125751,1.609049887952052,1.7651355399485484,4.7198068453424895,1.1062601227356001,7.833745761570242,1.0222943994226803,0.39437844973434943,0.11115618582929399,0.8522862825955454,0.09214092488766212,0.5728695975563616,0.2987180627350863,0.08454515522109007,1.4339088206116646,0.10171722963117652,0.1203853387491085,0.09368279921067946,0.7218652968292638,0.7150392037722728,0.3457021961915514,2.329832093955984,0.06460320483851623,6.756776045221088,0.2843655691125111,2.1469829371090996,8.033727560800298,1.4000373919760705,2.1866308442162534,2.3080689109479158,0.26250795653918635,0.33264723355319115,0.2530987685527517,1.2636595093775715,3.0575236133341503,0.2389681836627905,1.889736877840141,0.9389743898076297,0.17957470002124687,0.6676559712293653,0.34585074983227937,0.23088167020132255,3.355552473508855,0.2130439040437928,3.1726963049303682,0.25732895887506,0.37451867625148316,0.2894969529423581,0.42107008330765994,7.081093426220619,6.863843042412632,0.16487564387024367,0.33264213550298094,1.171187787416324,1.4071744538547106,0.29638144704559544,1.327584569487691,0.3990346326973402,5.214364824619797,2.7076420578156233,0.23011809844884112,4.373198546932803,2.385404565325631,1.0593045662069087,3.088848287777136,0.12645624404152045,0.8709303746754566,10.830171334921706,1.2268841319848953,0.4603712514107987,0.08837134934653257,0.41899507638971656,2.97406288248271,1.208077712501255,0.29325378014301506,5.094722808072546,1.641071180276214,4.9157344473329845,0.39080828414113533,0.21938279920808257,5.312102949994637,4.013713104747463,0.0673842373399407,2.2667593928964163,0.5194691821794728,2.5345565630990428,10.263325140759424,2.3078411471130846,3.7524304929859866,0.36116734068804623,0.615286115416849,0.03930002965487356,2.607163092527959,2.9682034727025783,2.7557609834819985,0.16060949750928977,1.4830573150713324,3.418363319206108,8.726668807913255,10.063155342814218,0.03803079348261251,3.393359033816769,8.516736800992337,0.35721534519467735,0.72212942114668,1.044936745826235,2.1986699934074383,5.278497817069508,1.3154900458327337,0.03652448487402449,0.7700017020193974,7.263495035011626,0.30462125213147573,0.793505449167645,1.8334528239112453,1.692417889655297,0.719072790498291,0.7751328992458211,4.5092968486448655,6.730043696750988,0.22451206357805176,1.7308177435262677,0.11758953916457504,1.2685456862382591,0.08033063280159758,1.0346829990514386,0.015835361572913875,3.7202823071799935,0.8687731275564224,0.9267195994741075,3.5929872221338064,0.18234821191566786,0.2746599179107445,1.6209406649862035,1.3084329868445748,0.7801242308996672,6.248944604970952,0.30249252845646346,1.7489717311807995,2.2774795736873354,1.4074630631777953,1.5759237620956,0.06726070425361863,1.8982651493283427,1.840197526255717,4.142287035199864,9.880564450002606,1.3155190944909076,0.6052664784385624,0.2066435832685274,0.16902004385394198,2.687653065677484,0.6733296428343822,3.2441430876028208,1.0071367466525005,0.3446040535897237,0.5455718792559145,3.687020078823548,1.5012082505706106,8.74308174949667,3.6067934952203506,0.2906436911983503,0.12053441514918273,4.807574323007817,2.3069801806286394,0.25343446072827724,0.2467423725835829,0.5137673659143505,1.3971618714009841,0.12255491040983646,4.985294601334919,4.34920456018485,2.812532873489827,0.29385508559065565,3.113214698540982,2.465812292619283,0.29334706383287346,0.04929556536449553,0.582326434971506,5.166233396455564,2.141161195644087,0.4302892676522241,0.2579667717468541,1.3546176165712245,0.5572320510112254,1.5787009375377665,0.07521344767781057,0.5157299473671824,12.071920077132045,1.7437544819790014,0.26051531759469415,1.9846473802734796,0.3650160602640058,0.4108551039508499,0.6163987010083085,3.150324741968701,0.6216995300387018,0.3525278718947962,4.353696817746102,0.0070305168095388115,2.300023694860272,0.2975839256124271,0.701469455342008,0.10006567455488202,5.853247379376327,0.14155491655744346,0.2603508502502363,1.7869782484767676,0.5137361130218345,0.49887453109078184,0.12712109923587445,6.076822051489765,0.7526286754581322,0.2714652828241326,1.0054493896824352,0.09411083029312728,0.1004859470379742,1.1330089881140535,0.8838795928366987,1.9550840287444264,0.30126215597974104,0.7791910329146585,4.0890698652926325,3.5733250908021015,0.17971571902561068,0.04579774032792683,0.5664627033414159,3.140456570272332,0.542514408894804,4.0734998425012385,3.2760479501262187,7.270203749516693,0.9764878091330805,0.41885818819753595,1.1250370927604827,0.9452018490786331,0.801154041702314,0.5555428976182104,0.03658611408049195,0.7598521760497627,4.771038736169826,0.5256913065184072,0.4649507412107341,0.4039490483679874,0.10375815137644517,4.753974078240426,0.18814650164233115,0.0983651547759341,1.338045199416157,1.1671932197123165,1.604967447945059,0.9451767485694074,0.028080596298037275,9.213774905635912,0.6424269325430565,0.15298274012311897,0.22443907105031613,0.29027432063406466,0.6840856702950227,0.012130875638347582,1.5987877245873234,0.13794793820009188,0.615522056160482,1.5098006605665915,0.2693777314587642,0.21500390562351046,2.2257334702830516,7.337958689306034,6.322817137907564,0.08827460639906803,5.423117847151932,0.07555170574544467,1.1447808817923808,2.022502495226951,3.9127840483904177,2.2167501846175957,0.15978474946456878,5.137718532926096,0.9990672573113426,0.23838144552147034,0.38421186199111856,1.2341002119024944,0.31813231504541095,0.3160456687663943,2.4938877950599245,4.026467740799839,3.036614800713272,1.412107362027321,0.16333593565266513,0.20221764117800056,0.2754898796580827,0.056840972579505156,0.24896833123533257,0.10619639809666781,0.1436524329621216,0.0593942935262497,0.4974986804102419,0.6508218785369726,7.555056178239708,0.9686168892880999,2.806921214168691,1.9193265568617588,0.3584675996646647,0.03092107303870162,2.2219360731189166,2.4242296761856825,0.1960271519038992,0.31178146421271385,2.469446103697729,0.5791469401719718,0.21326234960733048,0.7368075999123871,0.24340873051437772,0.0921256599723026,4.471679012839895,3.233571686598464,4.561532473333648,1.5688725446459326,1.9590742672980355,0.047596478055442315,2.785428822263404,0.43057806461055437,0.0029301670459382922,2.5434427733985627,0.5524514596856998,0.09765308048644394,2.789390573878107,2.4757796139333226,2.0731110902404324,0.2021342924125733,0.8025651211488938,8.86238478527487,0.26548608184508815,0.8759005954904111,0.2258665135486586,0.06387565597308775,0.3594164365712036,0.599658139439863,1.4010116287867134,0.5207787697186808,0.0184563822354189,1.407483077793192,0.4700132028688877,0.7423230778153322,0.176830367576996,0.044798222977312285,2.8588504664502876,4.414183160835398,0.08392133194292617,0.7111288779549378,1.3179295969547509,0.6321779298889498,1.7853177444364388,3.8495865929412454,0.2701767841378222,2.3595649170364594,0.2623368599614846,1.4207507725887456,0.044738787116643586,0.22790958777136705,2.8601511292226256,6.971353692282813,0.20332837408520277,0.10351828835107246,0.9397910441788082,0.32819901215752223,0.6068772761611747,0.11512425443896013,0.11673994325408654,0.49324838768940715,0.5719953149234265,0.25649784719065494,4.505643929706857,3.17823448903954,3.394876285420318,3.9272692560199403,1.6029043182367029,1.7402859606287082,9.022675295616324,3.087667715207246,1.3223794862725207,0.3293804100817965,0.16148788370582334,0.019770326041614217,2.0169284689704927,2.0328129502141827,0.9204465623454319,2.3280209197394575,0.05273540066454241,0.6706011930925913,3.4333322664824997,0.2856618557981321,0.015947823421706864,0.08657326350423178,3.258631965909335,6.586856319064466,0.1311561087993467,0.7220009806347694,0.4689288193645691,0.49809010678359855,1.6201628020067158,1.7220905139676874,1.5738292360453354,8.343479929533883,0.6321261478606152,1.7919306953603158,1.1239740751091432,0.22464668055083759,0.28401493275890943,2.6266743024506964,0.3520833320187635,4.7699618647774855,1.8199484212854666,0.10686036101559626,0.17611426743040326,0.042637784512432164,0.15299708926927225,0.29729118729869297,7.824302975244243,0.07279871472443333,2.9244209352326758,0.11676827952523894,2.008907513035424,3.0375064767878905,0.311171241776399,0.2372340032377398,0.16413635207890942,0.564609615613993,0.8088779497380023,3.413165058500385,0.5219113036366234,2.3213140739787086,0.9474254990697195,0.02377674517421635,0.448937411232591,0.18238223455425828,2.6420099515001128,0.07397805016507752,1.1694861690568188,0.35447653812713487,0.22776861658071468,0.019129417498038093,0.6961800843935722,0.6482141869150988,0.9387859589047949,1.9805897454354389,0.7121112476216562,1.699525515441576,0.1708272089031544,0.34094258230490604,0.5953639004050351,0.0764716240710901,0.9488712847595671,1.9347747050687265,0.10683952048585654,6.954378148943524,2.920450466017207,0.2419710949179612,2.1107835313346213,0.4827518417841843,5.14383742558988,0.45887614331717463,2.7839632466101856,0.8728260253344777,0.5561043460829809,3.1642298303379772,0.1866458698827982,0.14636141774746214,0.299148839400606,0.5425309926620527,3.568116365865473,0.15374098021604132,0.08707666741508202,3.568020398934867,1.986530337016685,0.7655954441420736,0.04173792058639347,0.09823512233374387,0.03620951350034973,2.9132179390580557,5.784488925426215,0.4974535039502279,2.3093639278068934,1.4451421907120183,0.05452952432556657,7.403034485388236,0.3520782244157359,0.3531173644401209,0.07960808651913975,0.013353285786881885,0.592582907191816,0.3468571085997625,0.2972716757312046,0.36086389908787986,0.5126251507806232,2.2672656317492326,0.1518720786097183,0.057931404123084285,2.0433966702385526,0.025432647511979267,0.06397061252101466,2.1112251622208738,0.14370951061632264,0.758603096462173,2.4190198781867522,3.8103743203967424,0.15132220267624596,2.319567942620446,2.832007798864589,0.6204497107301892,0.05376855201153041,2.9677994387211903,0.14193860797287705,1.0900473628384981,0.4298230200419748,0.48335251684584324,0.14751939203532327,0.15176140882877887,0.5327831263480509,2.628060169379097,0.5207049354658846,3.1377947048802017,0.46616958452357715,0.22214323253396673,0.014279403294746307,11.319273923226692,2.8964683061741163,3.978157863405393,0.7171629961546593,0.36648261982478814,0.7453604195877811,3.371832237016109,3.3067812155546426,2.454058396886163,0.13722983146790657,6.8019492318538335,7.579093855435671,3.167810802397575,0.03752971140892747,0.15354529798464345,8.657636623418394,6.226072120509641,1.555434565337745,0.7170196098475832,0.19681765223146375,0.591132798953977,0.18408180177536715,1.0351774214243012,2.4079585248409003,0.09542128694000018,0.23076577120850317,0.148433726779154,0.16493311701310398,0.747392270640107,3.4023965816218347,1.200813780219296,2.0682697921139432,0.040307840648604376,3.3334003925087856,0.6006800170882313,0.11197811791796974,4.595821359745423,4.59213177611195,6.373179841856913,1.1278723919740132,1.2219805194701627,0.19250215373611834,3.6422382904013313,0.039986014393236236,0.7014995137786957,0.0017018982425336393,0.26151631504593364,0.39551041583266144,0.006700934110240198,1.791015901839072,2.5517851826918285,3.1945110621126704,6.231236577045961,2.2427606044505133,0.05057367433023874,1.120480457906448,0.509101823476622,1.160401939340866,0.45413034830824284,0.11262929738149285,1.058641995096572,0.24141291212211569,0.3063849806267245,2.4600668330692574,0.7737009261054011,0.6250826835847301,4.687458922185797,0.4412230062228666,0.22290931077411935,1.1392837374328222,0.2727686121748034,0.005868701286789069,0.1746428706162837,4.2630266325666515,0.15093192502508135,1.3549199854821452,5.322193536506581,1.5134342041717588,0.2307202167375655,2.590428659868156,0.3533232488719569,0.02719802304272112,3.9206040953572217,0.533028518526101,0.23491117483401158,0.16350229545264217,3.0701058754575885,0.6327063876295571,0.9940812544444855,0.43977264513118275,0.1493718072398975,0.43507439526900127,6.668264551311778,0.06282590403935073,1.4356183200776997,1.9935984766680903,1.5529960287370317,2.786411430326495,0.3655401477133642,0.05788751826818772,0.7697335588788081,0.05631789109026236,1.1355778626485735,0.39876037861685276,0.22901708422562272,0.3079881651524574,4.8965754795316405,4.677588384471848,0.11695393486661931,1.8647034381687506,0.2316915522140719,0.26528002839908615,1.1312023439185577,0.40731929514622645,0.3729429291927966,2.411170000811738,0.045984791817395454,0.11942316273284115,0.7535117405151026,0.3148322348867185,0.8327195274625705,8.04690660700511,1.2487796290446698,0.06619386296563046,2.6928527526165045,1.9423975886671752,11.956527538580705,3.470832590856386,2.157083232627736,1.3090265573175577,4.419977231422886,0.5652658313823284,0.36226067161492903,2.095100770618344,3.701787004374527,0.00800117882492124,0.04206811174774028,0.10153130253464715,0.3960770460470169,2.4847957432166106,1.4164177431973457,0.2804796440093362,0.9328605001375763,2.409709070613822,0.871558106159867,0.09333041617791804,2.3962557633619177,0.14615722429681988,0.1358789736920165,2.7867311480938484,1.6011597948531069,0.07498974998651109,1.9609517929235674,0.15892334477156345,2.3940418700692643,9.630116108172496,0.10913141569273144,0.9867827009042708,0.15119455686388683,5.686937962492914,0.023537382284050556,3.196664888406505,0.4860563719044755,0.3822893325006387,0.13543873028160114,0.22850698053492158,0.5780047794632088,2.024489419079302,1.904656202993415,0.010991221195469691,0.3417081921826697,4.977453006124378,0.27519821234878794,8.273385469978418,3.4256397611213094,3.346141407857649,0.2018398255662479,0.2743870969233775,0.8179978878249772,0.6521570581786742,0.34847053739134637,2.290155395856542,2.509610247406796,0.3310198129107391,1.5793564574390426,3.628262526030986,0.12930138580665007,7.365629537741613,4.937048075239523,0.9495594213867418,0.4575149202049831,0.9421403432923368,0.2835854784963767,2.117959801648529,1.9489958682824056,4.823802451139138,3.809595166298269,6.238789406107929,1.130026410175302,0.2145584992309728,4.257933183127994,6.323772684219383,1.5897506419224285,0.1928160634985956,0.36920615350748287,0.03696844851697145,6.6131852896101,0.22858267187674242,1.5570668410056043,1.7667752065607027,2.342455203602042,4.249626204835535,1.6508449623529398,0.20937847849875313,1.1363977252410518,0.05417652997499722,0.49810018495411157,1.3999197187174373,2.2448441305805975,0.1003413884776625,0.5619361718712046,0.5214475920834536,0.09860440189031466,0.1745935331291668,2.305106883237098,3.456272479281549,0.2091590393304672,3.4148465618086545,0.30775667873350776,1.2698305083036558,0.009931666173056186,0.4216611071554335,2.5554981972129847,0.3061478127506685,0.2705107032878403,0.9255528830854611,0.03914614283501505,4.612249601626935,1.0772320949489522,0.3875260573877286,0.01937694903114795,0.24511602276385824,9.290788157485746,0.46518788134212086,0.003549093527313474,3.436758741301416,2.9480956776565517,0.21040105503802398,0.10127411649445373,0.09535454736000348,2.0015105843190675,3.248483711066009,0.5343804720489822,0.060062901900694854
"((4, 0), (3, 0))",0.450810158345351,0.28144133683972195,3.269111473260379,0.4324060093035045,1.4812903341646164,0.34389997640122427,0.0959979929049175,1.3024324108040968,0.012748093388024628,0.13643735805871976,0.7891340770922479,0.0970196643041823,0.2400126753464238,0.161987365381127,0.7012064737524533,0.565341490707647,0.21876464557162878,0.102337263885242,0.348154589295361,0.6069521581098797,3.9557283256627356,1.966824675378255,0.10883594345078851,0.33602478898254273,0.11872394682688725,1.77547996033746,0.2886050640674598,0.15616092372244772,5.622719441588884,0.10907383190887332,0.0824818806498755,3.1096038857444124,0.08782868114303799,1.3629681740022548,0.1439055133742324,0.16053960963662828,0.3127020610667586,6.318931142021018,0.576395814659505,0.839332292324591,0.46273363846677285,0.022887634814460545,0.5442285084802356,0.4427008688085299,1.5048913180614532,1.6377741627539666,0.8313188090096043,1.5463904106665778,0.9190363306952039,0.11580717425086462,1.8791995998689366,6.191783607440125,1.0115234243431734,0.5485052914104669,0.12143095790319647,0.0489640081301439,0.09154744858601704,0.42519298339556366,0.4938911505052737,0.6290869016017164,0.0980158227110357,0.1182937375642441,0.5073721886678768,0.3739266142359682,0.005650070880890534,0.2654902707249396,4.3188820666653625,0.21900137660852548,0.17400448366721222,0.2552338763423454,0.05491350933683703,0.12081822650530105,0.03208377332908652,0.04202867806111321,3.6505909706939965,0.9685673884860719,0.2028010982627917,0.1575115662536133,0.12306982033248937,0.15447962934638815,7.2332604168919,0.06849614027856354,2.0583458682869633,0.1655068829998333,0.04477095610198245,0.1189184222168751,1.3026364874425198,0.04135886269955469,0.49732115298151847,0.11401574090268296,0.12576392306031448,2.566493763287815,0.5064299200353019,4.485961117877071,0.8823683430151068,0.37108086868727874,8.462801775224637,0.04601305989746507,0.1479885327331596,0.2759050342973892,0.12499045551083177,0.2942992709036907,1.5424003256294416,0.13016694912456295,0.7769744842890898,0.31664548193596675,1.1994271076201297,0.040922332722592714,1.3888561820074392,0.4359152937544586,0.02657260626873148,0.2875820487458953,0.390648209147358,0.027709634539887618,0.2003703473484153,0.5405533142705661,0.08870257107056378,0.09994873562637974,0.9607322929555506,0.019204721861248664,1.7493102975877983,0.0985252051366583,3.494205560676975,0.016969144222734656,0.12371953875878461,0.2551338571479067,0.18377530444208157,0.01428869253750964,0.016611110478855995,0.45529184656451527,3.657418428199252,9.651421919504262,0.00033949844688407893,0.10799938289690791,0.15130972767453166,0.0608242256507312,0.3403225262064442,0.05969978310638924,2.8625681490318464,0.7748412038304572,0.10372490177589411,0.16557677977531515,4.704145841037638,0.050266191171386865,0.7731551006148234,2.6262834443448755,0.2602681451556852,0.13593578748485768,2.1128504092379297,1.9093274942773153,0.6309943764813593,0.4947351994947674,2.7796413489412988,0.600047547545302,1.48012332707897,3.8234157722964346,0.0947691976327194,0.31081374846547494,0.2590264106584602,0.04181015815445577,0.8841283018720105,0.3353661868269927,0.31435953124970173,0.7452432731430942,3.2414495671377273,0.14715234052726367,4.080784984346558,0.244658320885897,1.4626532148924642,0.27410055829778024,0.35263157910992093,1.132687708658879,0.42975763326392036,0.780237078394753,0.7502038420746848,0.08678892730715271,0.44053357195717413,0.024396698873791145,0.2182788393743662,0.4479971040847672,0.5628605345328332,7.817718613772931,0.6760125810950552,4.756570776766539,0.048719956644836415,0.1936734830255218,0.4992396810878472,0.4882066005967376,0.4559231546046989,5.356328987347958,2.284356359937714,1.2146886798314709,1.6336108227070998,0.36792710063510525,0.016771386732326032,0.5733461280607063,0.5817898279567975,0.05401387946482572,0.3167282091327761,0.21173594902853932,1.4747378194436607,4.501657078500548,2.3545156557232945,4.055076562438136,1.04303554822155,0.08269540185328528,0.7634361046535121,1.132225442617401,0.38975084260642734,0.13469440431664892,0.037678022169420844,2.016313580121257,0.018943771152625577,0.04892425575279635,0.21898188650914374,1.8443105801806352,0.04229310674127884,0.09807735317834165,0.2863666513678713,7.170454458292739,0.32824062322067515,0.041057498875329834,1.6382726933555718,0.027001767685824962,0.548449126726922,0.052866858432301767,0.09478594335902857,0.10833418080950263,0.06685591233048771,0.08232623697005215,0.6754486598386706,0.0039137313373664995,3.0888583513301877,0.24171563526053585,0.34328392698067134,0.8896972748631538,0.22635917536175065,0.08405247058630305,7.457333638648193,0.03253079474201237,0.13163950312727146,0.5707009360103912,0.4042019978290896,0.13573116404274455,0.5163740996425384,3.649960162194659,6.399842159710362,0.08292965613684222,0.019811116303528387,2.7103302336346804,0.12355690059675584,4.52846922735341,0.22184564118538463,7.09287536161623,2.4983013466892103,0.07517932175216568,0.4489289901012272,1.9338125909151187,0.3083512767330192,3.1098749956102836,1.6212828351782527,0.05864389185356034,0.4017549145905486,0.35751367439100346,0.18381951281708653,2.81214322906344,1.5563079439930956,0.4672095435895527,0.14164142779012945,0.03940772943873494,0.053371499191052996,0.007247204844276212,0.14181805088126653,0.607183820952276,0.4545135792999496,0.08849517295945386,2.3036579314396155,0.4140131127042559,1.9010462902799925,0.13028113841533873,0.040390250081886236,0.4912044590314304,6.500314583550175,0.18755416163670713,0.15038536704329175,0.32997348367952695,1.316970629999291,0.05138294415965228,1.8841962097382607,0.49765886223587597,3.405846379948204,4.089844291876603,0.26498858972533545,0.4716209890125356,3.4235752236159414,0.7657392066717343,0.8919893330692619,0.3761857284326342,0.013471527090324953,0.09387403997481414,0.22401437694591642,1.319180013450727,0.13023317378162735,0.057124309090600955,2.638957391881476,0.07037709558986904,0.3286781928411111,0.18857967133337117,0.58543799299362,1.3774669279517378,0.9185441726714236,0.20247274515373848,2.7573419322235324,0.24692091146716422,1.050288932038177,0.23405938652465919,0.16915684063097292,0.09949392266188961,0.2989148037935978,1.7228515395386212,0.0198973826503559,2.3970030214451494,0.1674872289994218,1.1010894775937192,0.9077141197629643,0.6784982328748503,1.685454533568425,0.02620810117757466,0.11123261427846387,9.029758518814347,0.22860790926848962,1.821547933231895,0.5093578022739638,3.3219613620126514,3.326903479492972,0.7309963192914415,16.67676996021986,4.542750595296895,1.3124339406105607,1.0191034860685169,3.6426579894324282,0.5645303503384951,0.16244784376723453,10.697408377151179,0.40440584425661097,0.7270252681898812,0.02567857231515358,1.808579716124442,1.0668505919915163,5.235416633280221,2.708342533986979,0.39065120187631164,0.7038643181579621,0.10568776997179463,0.8230749001189686,0.6567568778174218,0.04635464936480538,0.2006997019318133,0.30647405860792665,0.35835295202144657,2.9337248380827687,0.23675541489972374,0.07277732328611575,0.40362010375854784,0.3588041339183474,0.2400839388919962,5.327115232688722,0.042709238704981445,0.06458383931320766,0.278352273148319,0.04443704475307464,1.526402255839705,0.08703661061063261,0.2816025386866241,0.6205116240173152,0.07820737103743003,5.559097375225832,3.1803649442732125,2.816533547089804,0.5775559374878818,0.227876309364067,6.215998539561827,0.23154267821485175,0.20769450826787206,0.09642017252870705,0.046063058499583365,0.30403455385448197,3.4544316524868783,1.4060854557405105,0.10917300966757493,1.1859495804648534,0.036883206658148815,0.2625706905662888,7.393903695875077,1.2342332016391815,0.19186535009256733,2.4823290216375717,0.26451030781856444,0.6463673307930822,0.02597763471950465,0.20071221616898072,0.40447033996399084,0.13868801612857595,2.2119248169654995,4.885898863486499,0.777452704086705,1.2115998204487735,4.152605180982656,0.2784568899080577,2.473872772918375,1.4525231558189127,0.6773325721687184,0.3606356063727669,1.3995573380817272,0.15199335217666787,0.1586073209109925,0.13299677523873266,0.10828077701963656,1.237265382438603,2.8151776199477476,0.06915255060628378,5.173076731995714,0.0545050782950417,0.19837335848222026,0.2324558474599816,0.3589195031295049,1.8599705778426117,0.720813705966945,0.03134807524972305,2.015209980059301,5.614555487752598,0.12883751558832413,3.3683604800127,0.5474858752133862,0.09237982816714374,0.13420836669657876,0.5880757312791509,3.384105239037788,0.28420788223467053,1.4005163281482247,0.04995922647641038,0.8839425845480084,0.5744623970066884,0.13831044171828744,2.399177614821067,0.48298629836424123,0.3551643324903828,0.260908926840818,4.146767103039584,2.6973890061159356,1.8299929741854575,0.2854520170469632,0.19719635235165756,0.019000653627467723,0.3577803653670215,1.9292033791804921,0.010789938188007386,0.12489582330137095,0.00032295921612013334,0.02343522141701615,1.7811461265692197,1.7201257305191082,0.05861539864932652,0.14405561428189095,0.051969851481917795,0.1641940006374425,0.694647743614496,0.5389060048453409,1.7023105760730084,1.1466105686521058,0.19539180375622234,6.6045793685365926,0.06510633142702638,0.003274117409692412,0.13244550735799643,0.19903717006848876,0.11364928088711346,3.6290503812281627,0.9435932828497154,0.03720885022446413,0.5667801656611777,2.6762793951535997,3.9165427878923276,0.06268287355529267,2.302032813012845,0.08047568712878661,0.28142470628958827,0.1693200947581699,0.030466455387273328,0.2597925563544785,2.285493085244105,0.8299053710865771,0.2498743848062026,0.12785059122364384,0.25120510385660166,5.089073579181187,0.6951566286465758,0.7220143774999164,1.043174857668204,1.841901780497,0.1823107442559646,2.5226165514602643,2.257632371507242,5.652023409671119,1.1137998201920967,0.27343055369979474,0.3024046194417416,0.19612250489708005,2.2258356115806306,0.4646655798090049,13.479391069893035,0.7840715928612585,0.16396341283507504,1.1583117855975673,0.4150068619637547,0.5173270037814026,4.81174198175904,0.022632789415294452,0.016727901437310067,0.3803262150329705,0.05247765823866679,3.601829886329156,3.8309750685818518,0.3022691626907421,1.9485377013704217,0.5567875337699754,0.25341167854380586,0.2899761134517209,0.05850511360382349,0.937919949135307,4.7182153268550895,0.15053857457111564,0.31828631772049487,0.052011390290369164,2.576976573882151,0.03546428362816201,3.2375425237325617,2.2975972129357842,2.250156556311378,0.5760237089742324,0.15822923106556175,0.5518511990164079,0.5222882538681619,0.2167568080689377,0.7554220900225239,0.45623056704081755,0.10581156819699178,1.044266081379659,0.00215966750524621,0.1639704119212375,0.17768686948731238,8.627624021194855,0.19899561354993267,5.064550307127263,0.4930670770186958,0.5200180476538192,0.37553722315889804,0.49583279588918083,0.0008932972345414569,6.021792603402355,0.6714385259501539,0.3191268020501925,0.7614328056514077,0.11447072967659222,4.044508384076924,0.427897295528358,0.3279580233989199,1.4194791592774365,0.23466411589260439,0.6116159665780323,0.05227540197844038,0.8807457589057393,0.2321816579198982,0.1145397415031002,0.3531133770778503,0.47026935122703994,0.18832842816532946,0.0471569538666905,0.03898160945358642,0.612392679066569,0.48397543497254913,1.4775963599781479,0.136844975356472,0.225920731411418,0.01023725977914458,0.17421497266118924,0.4677014854183015,6.704271942201201,0.26994034510004816,3.565707728765255,0.1667227089643326,0.815979856589695,1.6501173867761159,0.5916113845975247,9.89331486217651,0.13199807501807737,2.1208176371851235,0.6488643991550866,0.25423728197780315,0.8454704552123642,0.3154752707024788,0.0331350805565469,0.323968750569124,0.2093007858549063,0.41782783254294065,0.5407219646261612,0.3557486992133576,0.5661354567019434,0.08748431668798418,0.1488040329732998,4.794341065491752,0.45971118749253836,0.3414620919871849,0.7336349531510014,0.015884719729086783,0.26684126300673716,0.08169547707100078,0.33914773745003224,0.019016694620803243,0.5430654652750625,3.71284042689555,0.67285346569284,0.013930224428365001,1.3907479831718774,0.137666078888681,0.35183363898013464,0.007773828562448126,0.04808854199724788,0.019687033948340815,0.0026408414524043966,0.0749340724088583,2.1721141513386284,0.05598825792719975,8.85375193423545,0.4269074619743797,6.7609125345256444,0.1895161900108655,0.13410007180133143,2.9938551959593376,0.15299791829030696,0.5609544946201499,0.3380990205493517,0.06938806616816562,0.08762584646564431,0.6842667254811143,0.7392731423422028,0.3549706833793631,1.5123213121464296,0.5782215414828913,0.2927908574851794,7.931455826654833,7.00651045736154,2.7339298201422184,0.34879865027091816,0.008272155535703263,1.7947750509948,0.04192693089564048,0.8235866310241899,6.8041114208484785,2.9703962908544344,0.09448281174554829,0.14502102182945942,4.57260700600927,1.8163958807991658,0.06999693042840915,0.01956863857394353,0.1821051834166738,0.13861002990369653,1.3472400039126735,1.7531416302328935,0.1801857715357229,0.00491893298944257,0.14988579340328467,1.5922508318375148,0.5999946941715768,0.8073656915296006,3.0250893725306764,0.00840273169953143,0.5682973822846222,0.11163016144253435,0.049913539115212124,1.278325064684564,0.15661136510046703,3.769364557859011,0.07867839087730366,0.08574993686268462,0.22384795427121196,1.408975965501905,0.1539243144661886,0.13880091938262673,1.7208644426660897,0.8049690047929989,1.3607776872002773,0.025906471067931758,1.0521893373000846,0.44137991387565734,0.04010462955696692,4.506171333235132,2.401627405078844,0.04670248625984996,1.983677265195971,0.17529543255380342,0.1791128061041803,5.075649290563836,1.2574587649638573,0.016056390171395707,0.26219513505139425,0.9070428353562674,0.6710323725953464,2.1447168490890256,2.616940694942614,0.06330951696279996,1.3419678245152538,0.08802136838130536,0.9119669949144074,0.03457515729372229,0.27655997947538946,1.1978957899988616,0.3796771934509541,0.5545471389608969,2.5154583425638757,10.645126474631653,0.02892472271200086,6.119224234799013,0.4881902592822136,0.19047219918248692,2.733262896993673,1.5670206009761454,2.7350199778357536,0.09589715387413122,5.635026501077118,0.3687205455813092,0.41002720230540324,0.3259994243908615,0.03287637754912698,0.061620076464225404,0.39654209858511136,0.13800215447684128,2.51582404279595,1.2779395478370663,1.1573917802081355,0.22826360074311802,0.04299699411180491,0.6407818180471345,0.9435735491469268,0.05005901218648623,4.469650635890108,0.062359810006145766,1.048305118973615,2.215275906176714,0.2989938498159739,0.3665228159082474,0.07318672365954093,0.26075326590809533,0.6215296543541837,0.012334811305779958,1.582145059190768,0.06068356818377674,0.1605751862189182,0.03383212921607193,0.4228834908981556,3.2358502857191587,0.829326535360642,0.2771282360548204,0.08541490870352364,0.14907056927366646,0.1740580781687896,0.32473680464745147,2.434886742039878,0.8610521226016112,0.01649804834495905,7.4339632288780635,1.3047000438702308,8.340227879408015,1.4884470293050196,0.2620660374919668,1.6810591593368647,3.0138009948591282,1.6715845054535738,0.25471418476474184,0.20333371398206423,2.2712233836060767,0.9918533481793226,0.7251009506029191,0.6459313949216936,0.19038001756951883,0.030332282533160004,1.4144606533271835,6.240222568641224,0.22794909258791796,3.8475456702509443,0.18996984905347825,0.24092074867771496,0.12211220495588915,0.1235900919266415,0.08638154654994024,2.1973804306237152,0.023380021544816554,0.6987272208816128,0.609284000519231,0.2912445358304785,0.46900100492413177,0.1320254391880722,0.4432388072690161,8.242311234736942,1.7758795499962468,0.044184596962488776,1.2243892105299712,1.3630309543123584,0.2528137718257164,0.8247365838758067,0.07869171180788026,2.253092387116781,1.6222556116835216,0.27809279516019547,0.1181267651714526,0.09879001666759835,0.2656688583890112,0.7955511294000533,2.061646910039781,0.13093341555520865,0.9968164016913148,3.7378581352535116,1.2939853870917322,0.2128765089870268,0.18368339755119756,0.44451775589394593,0.007554922790750984,1.300836546824397,0.5720645801127371,0.24597815758021868,0.06370460688238833,0.1396207500285369,6.350001560904878,11.845761936328016,0.1079490916402952,0.2875165170247147,1.3895073831558538,2.9959873331355653,1.67256919336877,0.6281663818582008,1.0220830556769398,0.08199028092187399,0.0674477950230079,1.179546316765396,0.7162810830401244,3.190285786922404,0.1423723832831949,0.41487577343217596,1.377047441034836,1.0802365182484635,5.783744699644376,0.5175406695305582,8.230072190670636,1.1831090742068797,0.02308702199169055,0.18586284985826934,0.4267676720221152,0.6739978100836925,6.580039266323492,2.949654248837741,2.0751493293145797,4.160236282261762,0.9816196105975349,0.16202646648161068,0.14641976477494056,0.2433250566679548,0.062084629160058746,0.07826957336638118,0.18437201574109263,3.5369735862152423,0.014155523128208447,0.4121483067294731,0.24585251729593338,0.6643198363165463,0.29814871927987996,4.193271010144321,0.015704920210586337,0.29702615010411515,1.6536180513235532,0.47638136697357125,4.040403697576618,0.8893188137979714,0.041446758752202495,0.9843631480972941,1.4438607518613285,0.9257776313792077,0.10033839405064926,2.2493926092644334,0.4642416239063323,0.14637972885526596,11.867744921787029,0.2639084155542877,1.1041704057258555,0.013360162582084723,0.2927494195349214,1.127033575766152,2.3988308257781252,0.1575811192747847,0.12472128495773549,0.5315262652088051,2.3748019576765014,0.34938334005234606,0.024682208360501057,3.859692081259204,0.22431403972593378,0.1362768653862272,0.4023402724544711,0.3040063071890726,0.17483693629627917,5.197414928014853,2.4007516570752445,0.2830010771019196,2.436461032022943,0.6123066069333647,0.30964915414355587,1.0983918350820812,0.3657237937312736,0.13105244161959528,1.263361903471027,0.6463742984499641,3.958455832463247,0.17073371526149117,2.865284545699657,1.7873892182276039,0.40082180981687454,1.0224605812071599,0.03461597203410205,1.942869049021799,0.12346040780685796,1.5433373131864103,0.8623648447459598,0.08071825713934411,1.6064274905422842,0.6617771960019205,1.7731120670225702,0.2693423296368249,1.124064759742462,0.20601765359127122,0.17066047478785507,0.38071530393555797,1.284445000226229,1.2757427772543295,0.8277823390205239,0.28528821437273577,0.06562765555098915,2.5758372436110673,0.8931707044112365,1.0853909575605396,0.49615349667065,2.1417528902521807,0.9481241723723679,0.14346176881421613,0.011423335369702636,0.8394943343940509,0.30072239393418476,4.446683818567345,1.1449947944555854,0.02070369994794219,0.7971269680694748,0.3883683478982132,4.972867618906585,0.5941383037340016,1.6858759053513368,1.5665447404773203,7.0988996238508015,1.697464137354132,0.048354944646547215,2.3493732268048295,0.23378680739939584,0.09664842149673158,2.2495168318857095,2.7177845472492175,0.4643159760578799,0.17346150047901487,0.4446296860112007,0.8273311643496379,0.8057023538452133,1.5462722925070431,0.22705954128447048,0.16939677820705046,2.8573922098611577,0.29771300838285386,0.20845379483205995,0.34993269964212415,1.281956024437479,0.3218989842171449,0.5717153165157818,0.9308978960064107,0.25103762359704074,0.14156493409200843,0.1278301090210996,0.6406998222835927,0.2214820588845774,0.6561292645984447,2.9553535043563595,5.187439736793524,10.065480356909518,0.39389545019538685,0.4250495038403823,1.147804954920061,6.473113552894507,0.04583687811858583,0.48893308200666574,0.126584549239527,0.07231078790459433,8.405992406598592,0.09156617203360207,0.48753833809455227,0.4264860058762119,0.43264280063058624,0.09428794730987633,0.058922767394312014,0.1660327263792829,0.23134563223308358,0.6163924018979472,0.727782516162236,1.3041182312796509,1.1395283874140296,0.012827302800614948,0.2437229195556525,0.6132381026181333,0.48710804225395077,0.3329955600102511,0.003091943755235249,0.28568994640286505,0.45224523658630833,0.31822300418882654,2.9268826182176726,1.279227054820699,0.2819392655568942,0.7474431087749114,0.37264085114856904,0.29498671713262725,0.014911511290645052,0.5202876401823096,0.9927446389424353,0.07749193034194302,0.28629026525651013,0.21110554913619517,0.7067563622557226,0.13155992099513825,1.4801717987001157,1.259929560206234,1.795469103586611,1.1896586879630378,0.16533565688256224,0.7392492762387515,3.596991092250515,2.424775871410442,1.3103751843374578,0.36367284850244963,0.21939496792259483,0.41803866087602515,0.10837408921308,1.2387194806299338,0.6794097101973344,0.17489859282012876,1.1840851572184905,0.650362544624099,0.08863978289312069,0.46068552965493925,4.894262432778212,0.47628220260341125,0.41032775541734634,2.2695500497372576,0.06747673048694325,0.18390798665242936,0.7450243453839662,4.2458701547835584,2.38832149674565,4.531715106699696,6.23021376312554,0.12279852259302104,8.87886086368983,0.18258557225729444,0.30367231637115477,0.6257342904269603,0.811052515456689,3.648075890924814,0.3699195493380458,0.5719716563878823,2.552508049373945,0.24816975150914544,0.23185412169111919,0.20983850159116546,0.3808042053352465,2.008876345142503,0.5465971398074363,0.4060613114820981,0.15545780895161943,0.0016009984712282987,0.1041739063979028,0.053122548354384236,3.453995519332003,0.11224931437271035,0.09685797103969795,1.1674444271270619,0.20090652670392273,0.6140446345538889,0.10234436641333211,0.4972210945621899,2.856142436147558,0.5766669309688277,0.1101834870899756,1.454328108664832,0.6268287624321571,0.3727256346587593,0.1346855935624277,1.4345552256307144,1.756886240265307,4.7418158336971805,1.3546746107890262,0.11286492625818734,2.8554254792977574,0.5556461733652334,1.2112666464111363,2.929029423050409,0.3444230750351598,9.868218133635963,3.9597988810576137,0.570938945796561,1.3562760560447797,1.6898074894973787,6.3793077929254745,0.07256510005927375,0.2716921063419149,0.10198687537590612,0.03076740423746882,0.1750727117642421,0.7496334350249638,0.25560612082288103,0.18812020854894662,4.625648021572287,0.5037631388495016,1.3449730996853722,0.14413232002886556,3.2353343067500995,0.19738530488837025,0.010138918252140083,0.09481729499527658,5.899423446113606,0.2463802376098485,0.45847731014997706,0.6003132176536881,0.23661748399299665,0.11013537019158459,0.1279065366322838,0.1821393762883241,1.3303854960985693,1.3102336091899145,0.09011131412324214,0.2638639613989149,0.024576577871841643,0.06935806079134021,0.4696325195578206,2.6449391254946404,0.5888019565340286,1.5290171348388097,0.7311273466224781,0.2217417190569586,0.6040573082787568,0.7702270262055497,2.796025358642027,0.196813499496737,0.0972867426354922,0.10683255076758358,1.229431963680041,0.0013521565547645054,0.1442033912503211,1.709204274141383,0.48553019762963967,2.438048959989789,0.31712058157859513,1.7316671196432636,2.176628957665447,2.1318577300171144,2.756854204258122,3.8233562842325366,0.49683389502749686,1.5883592480590818,1.1586725495815022,0.39999939206839774,0.3290477549837141,0.7393439458990789,14.866720667163214,0.492536141102895,0.2517978107506065,3.8880620588974266,1.162681171646308,0.13774510697957876,0.4601344218499843,1.2729805421644018,0.11761555022168757,0.05055934925569616,0.09315963421101969,0.10792477208187501,0.172267688401452,0.9026214014017286,0.37579452726050105,0.12383040459880323,0.04239164338850365,0.4751846959108361,6.670787356793263,2.7078619936776365,4.012108098745237,0.45483613976940784,0.009937351644631942,4.732049227352494,4.708252934452156,0.1554029116030149,0.06236426983356358,0.4775144420841295,4.570647248809312,1.4876411475319147,1.4332022088340493,0.1688521411577133,0.10190629677703633,0.5312147209027864,2.229795125482119,5.184613548628363,0.17053376254861208,0.0980884862293605,7.048523029472746,0.022550942297409726,0.4546977330486772,1.3923238894362922,0.27630725706829695,0.19185583391469585,0.9951035987507728,0.0967837374393794,0.10364956266972891,0.06247913120799131,0.7604932103810569,0.3074164514004596,0.041294614027326926,0.11742050902141621,4.994009860292482,1.022465356266876,0.031617153236398576,0.7360078842297892,0.17407173018751232,0.11917348625452895,3.8998212530444256,0.38679956438260543,3.563089706041133,6.3765308805297245,0.6211368040256982,0.49577487556567235,3.340270476887783,0.1674725220629405,0.032327271473826524,0.4494212439255141,1.485153943129883,0.046757789505746494,2.0075247171552975,0.2519215677234552,0.3102071580351528,0.7767846544005133,1.14029753852417,0.18525402583717998,0.5010524001394789,0.39457981061734415,10.676742820429844,0.28678443253948394,3.8102338468567902,0.010898397901746737,0.5905941294919836,2.009547694691091,5.621982008904109,0.19243400541079425,2.1889703272977985,0.3276781760860521,4.647463099023376,0.1303731226647904,0.2117748988820125,0.009088214647702486,0.43199431532317556,0.606135139488488,0.03127970315740769,0.9011490252765517,1.2233308474641507,0.10769789447246891,0.8794850918991035,2.9065298309919756,0.447198548036013,2.849283554904477,0.25248495230773815,1.945336217049206,0.037766666809588845,0.0903300199062469,0.7061735082284031,1.7301557902765534,1.6644681638681922,0.5335760187719334,0.40790202291285027,0.3230785259886797,0.7675623906287725,0.17948412914706235,1.1356292880774594,0.2945029027458057,0.08053950737226756,3.1376030223855382,0.4023010677763297,0.2040002009088333,0.07277775343154946,0.9643221008048122,1.3244772807244196,0.5323497085884634,0.49706585159912464,0.16496287779174823,0.3791565170413218,5.313372117688303,0.20887527984073762,0.07517482175017465,2.8925861890504194,0.7373348695495476,3.2669234185545983,5.805393988824869,0.5954933388081525,1.963233726010818,0.0022602229604757884,2.016414014590225,0.20037385766111693,0.23874684665101675,2.5790190560371054,0.047867396186269895,11.135585682956364,0.148862514347611,0.12173522462059783,0.7030711234505587,0.9395543825495798,0.8735171852605839,0.4302195785780123,0.055977075802792875,0.33383811898814697,6.725890758773955,0.29953635829574354,0.1943403416228524,0.24290121817740118,4.99571388190086,0.4331351118439627,1.7720774351207376,4.063512232510113,0.15632388344983816,0.4303573778038672,0.3825166640039561,0.0810117254432452,2.5351505738866216,0.693489931779725,1.7671059191011431,0.17372610680568212,0.3840917323788062,2.1210039296257968,0.6553223470992426,0.9492935951365222,0.792820101512131,8.639721010806115,0.6446858419552286,0.6035347088429026,0.4525306939004534,2.081369620881263,0.19521829156605885,0.6681377563709323,0.29171903385567877,0.3702009378519113,0.17952886400281187,0.2929592678240178,0.7688355263513031,0.14658060480289614,4.48117797344335,0.004709787516676833,4.389794045762284,0.08536057484080661,0.21199221200204565,2.468226782144542,3.812832060898646,0.20088174784125457,0.3892333156614334,1.9506586738904443,1.9435192238752514,1.4677126375705543,0.22823295254864906,0.03761465956480081,0.4621050987625934,4.754627501965299,1.5753651858833395,0.022809965808727628,0.19453694331178228,0.0011878500295791072,1.590378862225237,0.291129431247095,1.920126738434064,0.19763495131098363,0.10077969806652698,4.517444240701767,0.3243504609621666,0.3612972222454556,3.3439555118815654,5.1728678321621855,0.09975816118018199,0.5018974928323319,0.39047491878770746,0.315568828454043,0.5119293415989614,2.0709210890999685,0.06923098116215565,0.2471773164750246,0.1434181062404145,0.1193421355188593,0.017064978884953064,2.0919375192696266,0.6005327818634529,0.5349770776264606,1.0265125120380425,0.11293516802320358,0.9431826926273886,10.670049210009648,1.4275650480888635,0.12527958094627145,0.5952930465044288,0.3221239995857146,4.052594955788552,1.4667066200230798,0.031622068440425366,0.22756581654222563,0.28952361911621427,0.18365261704507096,0.47013228057402046,0.3579279029444016,0.7283981920928122,0.24767690997234126,0.6572630072965127,0.4302933704009464,0.13165534317203265,0.28685525751889096,0.25002815174296866,0.6855396610172146,0.09563941166060586,4.24663943918239,0.2525086650873223,0.17205849906948023,0.14114415145435633,0.2989903352853984,0.12763794028184527,0.41449364689717383,0.07652653142791,4.109910951668315,0.40206321843790604,0.04374844569626646,2.692635076712829,4.397317460933328,2.921927227615745,0.2156545921582418,0.06561217934108365,2.468444325183384,0.1639007080414756,0.400120218287789,1.9734578014884052,0.37109857807264746,0.21210704077317155,2.480096532849494,0.17175482707530598,0.444606986465125,0.45158550516566165,1.7597151979916044,0.1688216016966413,0.0012242451882840677,5.004162170561282,3.4294290773387335,10.51907998837805,0.041846453787355076,0.218481164682514,2.042221172647518,0.2782116662488443,0.5320754392960958,3.244625476258486,0.12233733042992156,0.3978630534890235,0.4241402263708094,0.15465474992285888,0.3884415539936148,0.028381758213853026,0.14925733273724884,0.09213635829559941,0.017454202306735667,3.540590011889595,0.24482868591123363,0.23366004250032235,5.266987508031948,0.569135275483361,1.9506185659302027,0.19546534588389042,0.06898479338733932,4.479174473141935,4.068534669222881,0.7376189263959598,0.2347263651506193,0.2533026310739881,4.264003824679859,0.057240767618122135,0.14993563143570088,1.4696488813426476,0.04621016482078799,0.19748625842362788,1.243108111718442,0.20362332392145777,2.392589741398975,4.9508469495525835,2.2924512296422233,0.007765412819337847,1.2565392458340625,0.5864712457900807,0.343061342590671,1.556474130941531,0.25793879581081214,0.16764186449136664,0.17487852416077754,0.3333317091458796,0.2851497684488449,1.4145797097054693,0.16126026161718698,1.1529292002437748,0.14055223557747754,0.4285057707526232,0.08714683645309762,2.2714825302981785,2.6084971109506636,2.4132574809103664,0.2068054738497067,0.17887790981100338,0.11043981327056218,0.3731248694296836,4.833386407363696,0.5098059711071947,0.08422500242857378,1.406505522869926,5.016787192181901,3.950018771813679,0.12252355520227409,0.05230112608804349,0.5419122739738931,0.40482806658211756,3.064408212079811,4.388445155974201,0.2221471782071549,0.44115084215807965,0.03406764666756246,1.873703534067908,1.3875590646763667,0.2313536052072389,0.24373833583488302,0.05999467525133095,2.6948120507252415,8.471035863450616,1.4805764374718051,0.1279625011347263,2.8872286693821994,3.2720578926551998,0.0654430487952542,0.1512333779565247,0.12206528450261622,7.230719239727272,0.3079035668550594,0.13517797120922515,0.17993476553055787,1.3433720336482615,0.30772556915220384,0.02917960863688318,0.0019663215921315036,0.2576017642619379,0.1687235942106886,0.7343376996647935,0.1002010324633098,0.2702915802743353,0.05307792270338396,1.0231918333257033,0.34057806958010794,0.1853498594426226,0.32678596884783095,0.3013058040635448,0.49118252268267537,0.027799657151192814,0.440938563988414,7.048847824509686,0.14903539335943972,1.1559476016370205,0.3627355996996853,0.1946573245591412,1.7586097013876767,0.1770625396529275,3.4986606502225026,0.8213591039646118,1.1733309291339418,0.2996932777245984,1.0628881001675716,0.615236783669393,3.014305072502296,0.047981685084479864,0.24684941879005473,1.4040648000669327,0.0546644341343554,0.0024990759182470512,0.3012074406692785,4.5948964174234295,0.7332909533044973,0.3414757497105745,0.6633601345186246,0.7420579968676009,0.21562094791622766,0.019795300585679465,0.1760465595988352,2.0173101013299806,3.8350025251710074,0.2492366589155428,0.6474839350358933,0.47814551336275546,1.291928348239469,4.255341956019162,4.958616236743658,3.183176112076779,0.6783208115179364,0.2399667890706938,0.01150353878933652,8.970445755321197,0.4736595662049914,0.24803025005218782,0.3286401525810021,0.45153032416390415,0.32011340814682754,0.4512137124982134,4.198790474911782,0.22252630922431393,0.3001363489866242,5.36540206922709,0.32302476772809174,0.024854301914503663,0.6811467427437492,0.2817281111578651,0.01467286599807105,0.10545934207101038,0.5641939621097665,0.7432787459070678,1.4801329916904813,0.5108397527313624,4.639577016412889,1.7770232344691212,0.0819729573835204,1.4337353680280112,0.005465107627907528,1.0497396469763371,2.336796679034159,0.08282510973046153,0.17155051534251342,0.08940797974307202,7.489725710115642,0.34093259670643494,0.22111468667786216,3.551530127602529,5.111680248595103,0.04633775159308273,3.8031182048051932,4.9641027227039825,0.12807752427044683,0.1762891644171073,0.08522821332182673,0.2675427495031242,0.17769592548084834,0.5301000510189073,0.11858117012892544,3.1575773785008874,1.3295450717573984,4.855245406921821,0.6038090111467228,0.022412225826364818,0.8061899991953447,6.1598996317031585,9.48550800616119,1.6928362158846524,0.48439809145823287,0.4238091197475389,0.1579159896824236,6.304733667206797,0.11865270156361563,3.3979114256521474,0.4348181548502785,0.2561707161102307,4.701089094499069,0.30567465806419314,0.09646316235549257,0.11988333788910843,2.5516473709420255,0.05013361114817072,0.24305656395196307,0.36477554390838685,0.007124487872163243,0.15558489079905036,0.21322816079174123,0.010096981540892891,1.2543772979646035,0.2545698976341803,0.9826436166665355,0.10286935580576273,0.40155305347582504,0.617735444214965,1.2180508254047704,0.4829755063148893,1.665507041786006,1.828949515206432,0.8671936633475452,0.4166489771410622,0.2463775199610172,0.0031595239513073636,4.375680457942848,0.23664492163178652,4.180091328858705,0.011240615560444311,0.393403767482992,0.5521157181985195,0.2815759517881946,1.8591999469513096,0.06207018336945369,0.09948863578051315,2.266116398846398,0.16327397177659098,0.0546430088064076,0.7519147951304674,0.16886482919454293,0.10766035249597516,0.061527448246293304,2.6351728418036195,0.0715772206132872,0.08758673398293926,1.2939845658327778,0.1865996308084803,0.786762117144801,1.9367767305333077,0.7691008477882919,0.18946033025846676,1.125979295707407,0.3417711190823711,0.020911239927389413,4.690522470755306,0.13089930491622903,3.4092492179161855,0.04222918930824582,0.15706088238904226,3.2028602832278317,7.6370977665925155,0.11944992462473403,0.83184236745134,0.24261908466187032,0.44568271612411436,0.28968658550619963,0.06447807782895332,4.42327018304384,1.0225021356414619,0.30372422777647845,0.2239766525316429,0.08405349741060775,0.3962378633758872,0.1379694055979056,0.8054660156446557,0.5450889437830988,0.24945224060579596,0.19131613891722443,0.671850592267925,0.5924446110512198,3.9671723486584045,0.021248002396865084,0.018263781133530888,1.04269414216488,0.027945465098820677,0.3864613519431095,2.96240469198796,0.29205375969933467,0.060279185078025765,0.17037147187994472,1.193155065075045,0.18815330244322004,8.401906641188983,3.9979880285254996,3.0515498797686496,0.16813053530024324,0.15393264389616146,0.41402500650183166,0.08519150329353975,0.0558280668027753,0.17371659730717237,10.027712963967987,1.3083850073746222,0.18327920074883264,0.49070618046457604,0.8812792013231259,3.094178756937482,4.840695775780171,2.481981357125145,1.4965153583754818,7.288684960191719,3.8279189707442978,2.1543105633818023,3.7234281477473155,0.1758376038251077,0.23648281232928592,4.151487528307904,1.2948383723513563,0.1141722697180877,0.2264407985195585,0.47763006595740354,3.3755224995094855,0.10067111859695754,0.13594473730983392,0.5262451764153848,0.11492243590327256,0.8497444750361378,1.0504879692376718,9.282250585502094,1.8233253050799514,1.1213518672580811,0.052895571898929905,0.5165523908998515,0.014954967600581348,2.6581909003098696,5.114549307425018,0.07788934341025966,7.18531559477439,0.17891932570902336,0.18202607765637424,0.3860016428932509,0.3350572154043414,0.06965876771577162,0.018051870654307578,3.2716795598049884,7.547682457245674,1.469731715070004,4.011316694971664,0.700903533880892,0.8713054172072137,0.9379262042671819,0.3850464379752917,0.1927251120104012,0.33356232729324753,3.6659462634802393,0.12838044353381084,0.35484238784510147,0.1961367158009042,1.4338682886136713,0.16237082460819852,0.055676683806206384,3.1213914338274096,0.15568080095466907,4.006909243169375,0.4090640580087499,0.4255442064600099,0.3089536876476626,0.01591293541578853,0.24477383127865998,1.3663355267890656,2.7188324239420574,0.46447927176016623,0.3317677239514154,6.269281305650424,0.168761810144769,0.02097912438296401,0.05002830912257128,0.213439877897456,0.08076374430654276,0.30903408625821915,0.8932849861384125,0.22102398228040254,0.8662095682824271,0.027739151495973502,0.16083047703656073,0.6758484429668864,0.6943781061304133,1.5164981483858522,0.22659554576714147,0.20923239486844203,1.0555697977629508,0.12158685819831971,1.110320099880119,0.014011194587990272,5.037381419707618,2.3870806822494233,2.4598582926954617,0.07960713534506203,0.061477457491722065,0.37666511451664686,0.2549089113472128,13.419723592448797,0.06288122656628392,1.8370386171458586,1.3815547578524232,0.029671413011255865,0.3998221888096327,1.006969533035678,0.45924308721721063,0.548745100960395,1.1981780418290273,8.917637216321811,0.0671798306375937,1.6045982452251284,0.4689558834090757,7.495644789830582,1.6523470991057172,4.362155912137574,8.020076311554092,0.014483155913603163,3.1222934446533124,6.7543847329128965,0.39245259773546204,0.19843482925951927,2.2858354901874574,0.43137889557812326,0.2530583940594999,0.43856168811606366,0.4541195115623129,2.6196991594296772,3.567987529604066,2.504967247405179,0.7436977356407564,0.12015336441109292,0.5062638243632795,1.1112601804042417,0.10900019194424826,0.6117392079514412,1.3125696226637211,0.19877136906957515,0.10219043356478608,0.9526880198812901,6.98798229354948,0.5157506228759887,0.4945578137681814,9.257803968438019,2.001425211147753,6.22095426210274,0.9828814794616674,3.414425863924195,2.54890472248769,1.812721769993746,6.09260551162155,0.5208577326559997,0.23161529802812586,0.16942327972766158,0.39097223872808584,1.3628630276079434,1.9123338786415425,0.899170605396735,0.1459795093164753,0.12432298103568051,6.164002557432838,0.4719605890762425,0.23210490440886034,1.13800413597109,0.19693022085244483,0.023900326329325816,0.9260002686827016,0.7107675308527295,0.2431148689647964,0.0968379900541505,15.991453227478178,0.1369824282927785,0.031260612135736165,0.9262416210768136,0.09645797666542366,2.837413021497044,2.467167788433443,0.08254529980556113,0.19913258904542186,1.5054090661333346,2.632806060000846,5.890588729617341,4.884479604994986,0.4917538235515191,0.44812056004933,0.3626790095235748,0.3371619888229844,0.015273332403408446,0.5165398101918619,0.07491766682927015,0.06207528659248873,2.7355486916237433,0.6279584110188972,1.8730943415559775,0.003007817249886191,0.05686593724013633,1.715693487015175,0.29341336395519324,0.3364686863047228,0.08685881615632063,0.572624051917046,0.38101967620873856,1.5300421384865992,0.3952664415413354,0.4343413835368306,0.18075754642478947,0.41867752850803797,0.19736218149719242,0.10664162921185527,1.732281785120613,0.39471691676461695,1.4506608927448967,2.3311405516673327,0.04071381338548519,0.41595875751816624,0.4962864374966752,11.014157366753452,1.3702540955598816,2.5916812233552875,0.20437108509562174,0.05984177145533609,2.8594496475841247,0.11112419170142829,0.5760620996291772,0.6570230306948667,4.300259212983144,0.48980654840479554,3.8028375174815094,0.5637461446287806,0.07524632079851812,0.5723464237728209,2.2485704864724387,0.15420291973400102,0.07986028852462335,4.403523723850687,0.6808493561156058,0.40366183080352225,0.03621556215383431,0.07325122915498294,2.266434290497046,0.002262949393267988,0.14166033186381144,0.23451652804041068,5.643330463573567,1.32909240320443,1.0965354226820798,0.6155874222674775,0.4190660774716233,0.056749116334289695,0.29612093845483356,0.8605981937641145,0.7091158415564642,0.10761624436750994,0.12001323675890951,0.0968740046790526,0.32113065769763693,1.066935370888476,0.13514910815860626,0.2164168508686417,0.1291188943535957,0.6972954195766432,0.31884402860226746,0.3704064064915922,2.592242994466479,0.34540462422413465,0.11907612789063693,0.6193082872078026,0.96983798883684,0.24195187552817554,3.155406797673602,2.197421783495196,2.5398997688626643,0.21739118542046199,0.7032263034798103,0.0319119220077575,3.0818075586080433,0.0029625234350376672,2.411474640340016,0.4185812952874324,0.26549152525824193,2.9346611911333076,0.3395266260845795,0.1724515392354924,4.3954926264327785,1.6636516205913496,0.037272241456503874,0.026370173223901006,0.045968330807744096,0.37769942329925565,0.29468182735144977,2.7363042720779824,0.4035761825478714,1.834382215232068,3.5856003305827473,0.22842488692989305,1.5659514894029933,0.9546979453572639,0.39542271556219954,0.11130740355356816,0.20731422802444155,6.606686889982425,0.5127853110098286,0.027684387507465047,0.4586677050463641,0.08687252218895702,0.32403143942005186,0.3307975614415306,0.0021303811819057827,0.07076555147593622,2.09621299301504,0.10028925489940788,0.06451298023924412,1.458166969475566,3.645518485260052,0.7833888189006482,0.6406212457793936,0.10455738204681708,2.2218976219813067,4.334569245533169,0.19493719925886843,0.49695671844652933,0.06671314899278746,0.0729720695446121,2.428260587018255,1.0629312155571489,1.763293218488745,1.9051184161585328,0.14006803545764113,0.3463335811673125,0.7023920980154319,6.393014249292399,0.6591304127385751,0.22674645598044219,0.8802005441294889,1.126109615406703,2.730628822210047,0.19046618653889702,0.5771831737331339,0.008493855077206014,0.12663327659980017,7.680094942541584,4.396429680636312,0.6702964606822459,3.361574295750384,0.8203587827951899,1.4372778261000096,3.772517299032831,7.833408939443347,1.7258440853163637,0.10128052087844885,0.10488281393010235,0.8255865304904426,0.9681212868124254,0.13568395336673422,5.913977360874636,0.05293316342163923,0.06407461421552774,0.22951027838263727,0.022685818181008344,0.03344899675597368,0.3211414847778524,0.8970058291618641,0.5800985724281285,1.0939173940222844,0.07231932861916712,0.057870649349728964,0.8366397885167565,2.88393113354845,0.05848351146458075,3.247565515065413,1.1348365139898324,0.10814116735895796,0.014273976943115052,1.2833531973508696,0.006303379999059722,0.8297776860426822,5.192562716206959,0.6594465359542823,1.8130800914636023,0.08596742550460856,0.4942339756549814,0.6199330135757752,0.12239316788178667,0.7482311150517411,5.973147626259694,0.25327727248598153,6.115126343557187,0.14462265641231298,0.2637032541991038,1.0729135032295263,0.09477900518064253,4.014229698478358,0.014731626942721454,0.9680151536265988,0.4593635962414482,0.08413897517758118,2.0515951809386577,0.48678751439765167,1.4429387086013366,0.9191393767814386,2.0162864043543527,3.806664521364265,0.23645034562762945,0.38000344299828903,0.41883039810896205,0.04425193701451491,4.2047087799856335,0.1692660487426636,0.23730600665311963,0.7732825502068619,2.760155243325023,0.07007534655294112,0.17120519143831103,0.2963927140452831,0.5291642970820278,0.3908449847749993,0.3707692806795677,0.16514715582899786,0.44077610397570366,0.5015063323211207,1.0306394645614412,1.3812184202206428,0.09259242756246344,2.731361104391195,0.5508691252630424,0.08181995933363573,7.792658111863126,7.182580673713556,0.1805542269823861,0.3909674013012441,1.1374979022394562,0.4753332763394278,0.9325645782596684,0.15272966426369194,0.12164728231349975,0.3409560141779433,3.381891267011466,4.56136680702944,1.3134523059365204,0.28919130308713353,0.09544202711007865,3.517323844552133,0.5405897746869899,0.3977623261156884,0.4319762368683928,0.8892371841015856,8.10954968791832,1.3612348123262854,0.6317162315176059,0.9086305108417445,2.84428080827794,0.17841856220133145,0.01825955828047121,0.12129171797438798,0.560271330215381,0.1340100800368551,0.6204251697931578,2.232517535893674,2.8841761185802657,0.012605399663981665,4.669923061225637,1.7876598643673915,0.392981588048138,0.13565000332747368,0.21411001906406613,4.830151994475273,0.05670689490715297,2.4790882741155116,1.8585651120254907,4.429227739612029,0.040139412791703855,1.3448754499024105,3.4465340536152085,0.2529918569129883,0.18531080340928893,6.996477397622238,0.47672508017063375,0.020408792848455315,0.13825277791968027,0.018098016823343777,0.5976984375132239,3.1731991206984005,0.46612048298638664,0.19730810093609907,0.571516101616985,0.33441410256168025,0.8245511939631247,5.5564327003303235,0.38980311471210616,1.7648131507388753,0.21086126829845808,3.853059515880153,0.13431506204638433,0.266181683125872,0.06955073658439037,0.09530909620860761,0.9340070257859556,3.3540438486703055,0.20667712426525364,0.15515354300334128,2.59806531863685,0.06051596619473254,0.6925509615391086,0.03921027449025871,2.011755017878294,0.30905893673913254,0.2585635086310486,2.0851805386632014,1.351116643932781,0.16886133033487283,0.08326543914332873,0.033469079504305554,0.18013412255505035,1.6521875897042073,0.13462078730914995,4.413639915861607,0.4146770642601958,4.448851492815621,0.02287292130111318,0.12787428551705682,2.774739410523156,0.3174848357164932,2.9923496853548706,0.01981641471428086,1.0121858310183551,0.25543397329857154,0.05285217329830605,5.218634917278987,6.0543863817312875,0.276641265293847,0.08879961977621731,1.419921699499132,3.6008150617813355,0.4673368740223471,0.762671405509955,0.6471457859000709,0.618816849038764,1.3865381217875434,0.8410909573605951,0.8568163359574413,0.3842585658400298,0.29220702260013987,2.448833759773536,1.2173091106395273,2.196169621501472,0.1289674970305293,0.04920626681280971,0.08009666974575502,0.36476309336839047,2.5778975418965704,1.774763811940284,1.6222533746758514,0.22686732413683686,0.4294113330626055,0.14453205299755245,0.9352072110523995,0.024110900819391046,0.09761461751682288,0.28215493769704736,0.07278606474029647,0.1381949142660419,0.6182566580987583,0.8451214263962976,1.207783721916197,2.3722608144757356,4.714704344410411,2.474672994569466,0.10368565795059204,0.6521642198086246,0.2247138197258205,0.2553973077596239,1.4080251825690566,3.8624008277708937,3.623837831546007,0.15813484122546884,0.9544449105778643,4.349764695433301,0.023924568956560588,0.14486388572902087,0.4945228143306428,0.06515280827872028,7.6913136906199036,2.3382546650884866,0.0630620454298505,0.13401228044520153,0.01338808568418548,0.1611166487429725,0.078025204301015,0.358490914253079,0.11386939418161557,0.27121055478381373,0.7645366638613558,0.0865114081742373,8.413274057938152,10.60672706359876,0.1689619178135584,10.309937110879362,4.768793078743748,0.033836011884072814,0.0500473330394654,0.03143229278346826,0.047456226655360645,4.479561173343942,1.3480507058521822,0.5053264259881975,6.441645921235409,0.0067151632355457735,0.21590550990780066,3.5728915361828197,0.27961361774201954,5.959576034557634,0.1118342201304392,13.611612672553663,0.7325586214296549,0.007791808671837153,1.020821462581131,1.401001772053788,0.7581213227970909,0.11936500397949168,0.1197180312090218,0.0062510551454985075,1.0483325771034937,1.34893860387634,0.8965967908507018,0.0958193938499381,0.08598831259232487,0.6582918291899977,0.28725148229295727,0.2925383210774932,0.40608900817577176,1.8939056172005273,0.33898806629097367,0.16012047092559611,12.464445230178482,1.1300542126546933,0.008234048225511437,0.41786346709506583,0.3514584800819298,0.5234257982373647,0.15962350186988106,0.017539202056057412,0.19784634126344702,2.6447081106542862,0.10665712175434416,0.14938880230316798,2.7065622168896812,0.1829276556074637,0.4096540233184496,1.833002088000611,0.7860418431438727,0.18583995169596657,0.5439372809313432,0.15325256150619193,0.44357070475593846,0.6641151466197335,0.11952515109642192,14.083621781607484,0.04208773821694911,0.15772685349943294,2.0960030432381664,0.20697756490365227,0.034749048531080184,0.7288725326751733,0.29896882886054765,0.6344666315730723,0.8877563211217936,0.15127039039756296,0.09999453412511716,0.14787552941510773,0.09237323471334946,0.3719686676402605,0.03790077326238439,4.904615598809787,0.3664597986429672,0.26171446647623053,0.22489022238358514,2.3030403466640723,0.45672914810488563,0.21778607190353094,0.0908398421130685,1.075833635314409,3.5779200753624734,1.0383472920057728,0.26604432555827073,0.6815986760807169,0.9235630741647447,0.710775983672459,1.0989604836147326,0.47154139323197297,1.9072432922435372,0.07219232386484498,0.2973545754557998,0.04254111548963091,0.8863779370624929,0.2698147925735448,6.772594308811623,0.18585554323526665,0.12770458716648037,1.6033397240614455,1.6103273869108898,0.0755708140531548,0.5436542136904916,0.015843797426400963,0.05134867109806862,0.03658385499048533,0.579981914949868,0.16254571937215845,0.0038429760356873954,0.027479428509348036,4.995269017745305,2.8263691501403936,1.4737783813550536,0.018699027330459028,1.554454911283515,0.3260470878634363,1.67989253580614,0.0036599038279749863,0.07998140461481784,0.10478046103929972,0.13956030515970497,0.035121791997744456,1.0972287545070474,1.0685725863446565,0.06253932243432114,6.952420378311436,0.9729200370745632,0.23366164381465548,0.3761066624693419,4.458032326110876,0.10648881418601919,0.09611971587355983,0.07424466299448779,0.15836501993659358,3.2746243942344724,0.38201324929441793,0.13758380457951214,1.499011262505146,0.864721903263314,0.0484733974451812,0.29555568772839536,3.3394887569463725,0.05724030645803846,0.000817637428480289,0.12022118532805193,0.5567034449458501,0.16141535296639242,0.3022353599085752,8.745888434638534,0.9146827627929515,1.0473072341282998,0.37718619144760324,0.3485382090866421,1.559618513915442,1.4696184206007308,0.43465460975991643,0.013131087618162507,0.1738898377768251,0.0007052120676167561,0.06550089969022377,0.10103888345494294,0.28283913535500216,0.2889338872285808,4.029318875996374,0.11589374168821553,1.353193491084546,1.2627386227760908,0.050764210603699844,0.26129033988634187,0.07260705930749367,0.8976214590017912,0.39035878034428695,1.4955590817672342,0.7654403613902483,0.1317917004085587,10.489625481825193,2.6022371756036957,0.05989931705745455,0.045981790084958396,1.4980888186839247,0.05136902541135946,0.7048852686380713,0.0986771391281116,3.05003416220556,0.34694021450972823,2.5127942345358374,4.042428545872871,0.04946045044294123,0.33280012987649066,0.6823149037530483,0.016596713503011173,0.25855691232274447,9.209214332866063,0.17847736463106045,3.3943978800876655,6.8705994610286725,0.668478886864091,0.49692228164221497,0.5450140882107197,0.28609662442768835,0.1819730495935259,0.6220311107722303,4.107794635393165,10.828853273236357,0.0780468688666125,0.6445139937371174,0.5707886511431841,0.6192159563843931,0.08293526647185878,0.23187119953812108,0.25470280027878944,0.15495610636139912,2.9794235021187427,0.19142684521056919,0.22054267923985726,0.8418400039207226,0.34884496876822846,0.3975628470124158,1.880713759171333,2.025100131531735,0.302746311788773,0.20317203606056,0.18280796388550424,0.07660740755538242,3.6504514364770344,6.521505522072749,0.07176374512385586,0.19192041214597322,0.44846155928579146,0.15136102205475144,0.4895907033327016,0.4007152210190795,1.5084725715367457,0.27536864054487076,0.036251849866506536,0.23617874552526175,2.136767922294059,2.1568308526055167,3.712186339616228,0.23436272078579923,0.2784159621918836,0.39068076692957,0.10241068165624778,0.4068024545404807,0.42447845122441885,0.45223020656667234,0.06861546272006835,0.28477218615895383,5.1022027489031005,2.1744545533838284,0.876717561609655,0.11035259767897276,5.364997865144157,0.061055085735998826,3.833835506582459,4.417714699591517,0.5807716266633645,0.11445964611193427,1.2102533048571746,0.35743068353861807,0.7270028229626966,0.11206275910030794,0.19649640456773243,0.16175107893316687,2.006604950767494,0.31918837213355133,0.0998818438432778,0.8398838619366013,5.629974424071223,2.2792048092043853,3.343198070347251,1.7653990090292249,0.6495128962574088,0.2239728847724658,0.09756854298497897,0.5103597706121556,0.5971618126855804,0.3212211065490349,1.7233309193588484,1.8056877990298899,1.383497000002145,0.35991068468983656,1.4316688029171973,3.9814755155054273,0.208381760954774,2.656060362156505,0.14161579156884985,0.3297330827985204,0.1486790591538507,0.2025610458964946,1.8092697498028043,0.3910348849940236,1.7998610255098164,0.10541372798626547,2.494291226235753,5.0704247383189855,0.17725052045772127,0.28427933932840954,0.4019136260594034,0.06890831170138267,0.3208357329216153,0.14937561897582707,0.2694194538642565,5.734403207748994,0.17529930832943474,0.3447879536677787,4.771549802614279,0.05042055274019941,1.461502730392434,0.24201727986970156,2.37925784918399,0.6600419815200729,0.09131625772867658,0.3375444826365297,2.6497444040659133,0.880206344522602,0.7181333244054722,0.7627077541753562,0.21256068848365373,0.10225998227670585,0.23092094178085976,0.003775287727094234,0.04601337143714268,1.995038187500378,0.043805390159709745,0.07915791988599619,0.28926800859086654,0.35179844203816035,0.14118918114746748,3.879487063118857,0.21356170357602222,1.0491507925939167,0.07011084513467525,1.804738783556806,1.4144997415042584,0.42560586746152973,0.3031204239806691,0.8637981872782905,0.636999010309435,1.0977392722280408,3.983765201320109,0.9522071089260491,1.0411650089913478,5.729739310759749,0.03783016002369388,2.2841136758472986,1.9896508977100318,0.10422143650614513,0.21762558088041772,1.6506205087291348,0.018191706042530287,0.38274531440070625,0.15449196642389174,0.7033748369420945,0.3901000090826021,0.8325197911558507,2.448593252244874,0.1328293517136825,0.756433393457038,0.022296942001426068,2.6678091608210015,2.761080879752095,3.364436664056016,0.793739798121138,3.215094233927081,0.1101204699549545,1.3022936451594664,0.9057908234689211,0.12999198178453308,0.4717751488127173,2.1165771203255366,2.443328162005515,0.02935878537604175,0.21477790904445782,5.28037006168808,2.1240616073224894,0.3933365304157377,1.2785508111690849,0.6579049255143397,0.11091242763554243,0.4857467326329404,0.20042310872200358,4.716025476895977,1.2100899873823296,4.481946196090277,0.9129949299264943,0.45893752451146563,0.6892434099467042,0.31694269544736264,1.303182400342208,0.31588290798361696,2.25017837879565,0.12766159301989877,0.16441434868929772,0.38342718722394453,1.6218030228344156,1.62990552452491,0.15954871680095994,0.06484548315983585,1.0682363065055664,2.2402481906360707,5.065004997392474,0.9506425249739943,0.22963746268847274,3.3850598615636436,0.8370609662006867,0.2254223917825866,0.039980364369863075,4.402532115824906,0.8451399119291287,0.7814300800677949,4.7415021393871735,0.09508896392353061,0.005486630666055703,0.6344251250953179,0.15188949324891166,0.5383671682037248,0.04654813302568783,0.08728583924491895,0.8353448509274374,0.23992531688676144,0.38669126219544614,0.21561552401449013,0.3981002827408979,1.1097947208336403,0.1627637740770267,4.028821363504119,0.15430304492928748,0.630779834731535,1.0453465027766038,0.6547720386764802,0.7035403192804006,1.8817930605753679,2.738622350526183,1.0394322627176833,0.2726175128129604,0.0021871262252810553,0.9798010975561648,4.072974351599973,2.7498847158097597,2.1089937997636907,1.5153947820903362,5.068240429176802,0.1896250711605676,2.8545439136005335,1.0293119237258606,0.20721649518985163,0.19430278068799955,0.649574385984129,3.1112754202970563,1.5252251893859152,1.1468333655955245,0.541828058184235,0.5348867629032639,0.27638218461865893,0.10375633024196951,1.0835679291676534,1.1344999731904504,0.03041597111156935,0.3053011633609688,0.3588047332063393,0.14480350871414416,1.5779527780752556,3.380747036353884,2.4728261379089034,1.7347979395798516,0.13281456628932498,1.0621726277195984,0.8496260299622316,2.3556689957973456,0.42242235802598316,3.7630119762158314,0.24479383263833854,0.17000196545479085,1.2421802291670472,0.9157028248451183,0.3235141491699296,1.14102494843219,2.359690209572961,5.611585772797337,0.14795884893303946,0.6728067809691316,6.107270715600496,0.29743472184183495,0.3989070993118804,0.20618593593750711,0.5163797770218008,0.11656910930399955,0.30707294480323166,0.07428398930536328,0.22445324708761927,0.7340272682081974,0.6614837925335979,0.6040386499677504,0.0651722962171748,0.12575983086561537,0.05327171472649883,0.15399634389619843,4.298786939215264,0.5090065032491471,3.3815842872283106,4.416850051662279,0.08822936722628993,0.13988938767843528,0.27075009869711386,0.14378907135406205,0.05491982262998896,0.9788058555416275,1.526165952470997,0.7189686788375114,4.316520027718777,3.6551731560444356,2.5865329700374438,3.0169206541559195,0.40411123083775746,0.8060900747834148,1.7471790059808487,0.23914709826338587,0.5467876140971812,2.6244357164388754,3.192954376595114,0.33505601247761074,4.2596689892251005,0.08528796831282204,4.212837374565436,0.529434503819157,0.13371956609189084,0.1748970780460819,0.9023691576182767,0.9151057887326385,0.15745248585258187,0.00450626817103128,0.609301725844317,0.21860731905324526,0.006251717692580927,0.2597513910171969,0.4427014201826993,0.48097109505298064,1.455723357192046,0.24306783095846263,9.045583973067693,0.6836510600181089,1.0844941256679796,1.4847285392600662,0.08491425687050569,1.6210168407014969,2.0902259347039505,1.9825764863777922,1.8545101734718736,0.0656559541549746,0.027296940810444426,0.3606959191868717,0.9217897323757538,0.39806354985115444,0.5333232274002926,2.123502156525083,1.0402106752044573,0.4193372748461055,8.347434646378316,0.5181261030090958,0.1933019558519553,0.03897472223043685,0.5451398578421411,1.9484617120487764,0.2510581084529073,2.0294381815183935,0.8986737233560783,0.3933915719983454,0.24967187857782291,0.09001027892030411,0.005485393998861721,0.4591656852078554,0.18626285923302976,0.6378484969687737,0.2584934093559905,2.02589160017168,0.11109979104081935,1.8991930825155374,0.08820419894806375,0.03808181312231218,0.6615534333754374,0.909235643367059,1.0744556257761935,0.08562780456083718,4.491238394070381,0.0808710930168246,0.05106858646799761,2.189041570679678,0.24391445244565713,0.42406369544347866,0.0028723420972134317,0.8100157204221259,3.407903292247656,5.5507273749741115,0.1795064187923301,0.925652446400032,0.040377152400770555,4.59468266154434,0.7872612474379022,0.07581623379352287,0.34921686451370215,0.3028578145241858,6.57304676983273,0.282293406192077,0.27340310161976156,0.10826896603027558,0.15406548581115098,0.12073121997004632,0.8309494640908657,0.5502654939028309,1.1472344949147681,0.3325494864821556,1.66658847590196,1.1751205190432055,0.5447551103390829,0.14994652714112133,0.2134658024213134,1.7852678059289584,1.0475423677906028,4.760442590054426,1.4720406688760335,0.33488484930339446,0.06291690833085006,0.27705672564517236,2.3476664440515562,4.003464952710939,0.491716453572415,0.06697450556938556,1.1274518735033148,0.17208648589266495,0.06936558854936115,0.6134482794467613,0.10823604018466093,1.1272217052642,0.2629343332225589,0.8682440646715175,1.7037587750150092,0.8837834029113989,0.025576319067130093,0.13207739485705505,0.5861919383601961,0.5856232900830682,7.1390002721261565,2.337734587192403,1.0582418496570685,0.010396515123045846,0.8092316387785761,0.09818136624908513,0.16813630776163535,0.23159526237793915,0.4144058326962745,0.07435480709768427,0.1963606346734439,5.5052666262683525,1.2172189699534859,0.6839154923366944,0.8480142864882012,0.24451737855172784,0.06353648447972327,3.9811958141937183,0.722324979127783,3.9349093290860844,0.5296775506831537,1.877814207466474,0.8957318392266183,1.8762392480100538,0.3149100077576792,1.0476572346577182,0.32083439177984574,1.8626499049964211,4.411770697890418,1.0550348319380447,7.6249108195530475,0.02573754912433479,4.425679438712212,0.30132794139661634,0.08015345049109635,0.15015768048599742,0.9965171759030316,0.23573202968244855,1.3668391537920908,0.22160928024625615,1.9232354522956898,0.5998766055337246,1.3370889396370402,0.1630502094477797,0.3809698964371638,0.0203655659183557,0.4399865631377399,2.692196684172507,0.658324125890613,0.7078672974915283,0.15523975381751198,0.13753116958367828,0.46332324931420066,1.144586278854014,4.357530567563321,0.07929579283511723,3.2285713538871947,0.5377682622132003,2.8906888969580313,3.573381567635997,1.0686552976594053,0.45612230517236085,0.13322636487057404,0.5437417013333143,2.8010260318314293,0.09665556123308083,0.2552721915308611,0.1869583950898801,0.6868174382192507,1.449122925947901,0.02683059183504022,1.4549678084421238,0.030921286780614565,0.03643116263956481,0.47447690971310585,0.04032663863031871,0.009159554099450462,0.7446600395175551,5.055697193210644,0.09753331156204803,3.217094644298011,0.011947703614393457,1.2733085203837256,1.4759479018610444,0.013727445438487251,0.03293206881628752,8.292199307466793,6.5487676659403204,0.03997116973445358,0.4379106924906273,0.7747235071595786,0.9396090413580251,1.883596773398195,0.16275569704971216,0.2950826701443756,1.4376800863506514,3.711259264377789,5.605478841392365,0.17554835577183847,0.21573127841644246,0.3091525261764376,0.8030851228578335,1.8504409769736156,0.9727176957936539,2.2872676364722953,0.18181869451857757,0.6701954920240785,2.8963059893334426,0.4603420817552937,3.7585104272920455,5.161493891863831,1.4425302617378333,5.056503572722192,0.17701785807435555,5.3702073180837875,0.28310226671898153,0.7503195158942195,3.3240739254971547,0.07583196129982217,1.3148804215157013,0.3357108520189027,2.0694801829113425,0.002642831120370226,0.04150347695381029,3.0282278147887505,12.154021900644004,1.226832896085205,4.208492829447233,0.7201870559527086,0.17285364838228068,0.04434916893073071,2.408900517717223,2.4708680860465737,0.035314482851064755,4.354445498926723,0.4980340475061211,2.4722021713609816,3.8845791478019045,1.000772830244395,10.90883175539449,2.8907301391469664,0.13631224813508092,1.719230246224078,0.6855704934223588,5.471507435420958,2.2258858945517135,0.052229075352410836,0.056438196454535294,1.2608696763046372,0.3197801716417361,0.3133247873043503,0.018178653024467195,7.869878699092084,0.3045603126946821,0.3173612461164723,3.191479550079372,0.5087853604418566,2.7978607829039253,0.9389361134827454,0.49940634195288736,0.1361892652684007,7.039764524987033,0.008694711715595549,1.0587493695752532,3.7808637292039764,4.088738014416018,0.3919496883911311,1.0749494157510409,0.18392818077055995,0.11221578538004451,0.4284281359244213,1.7392244478828622,0.027687681902468952,0.19625217930686967,1.1255384323320827,6.742703358019639,5.256660677908827,4.326569884975923,0.2362263969243008,1.233021374549981,0.14830507657976089,1.6355498539188549,0.9104567891521471,10.078996239152323,0.3786046776959511,0.19942240750129858,0.42871266623563553,2.777844338735575,0.06075572299608467,0.18426928163657907,5.5327273062902895,0.31420890696621606,0.1099082871661563,0.08770079057442359,1.0097195234076586,3.226998089504249,4.005301615104993,0.27140976452367305,1.137921669016701,8.349891148803636,2.026658116836861,3.4957311914189315,0.11221012187247803,3.031804550417567,7.498490328738013,0.6300919026312712,0.3540719902756182,0.13352524025231527,0.23199626866563916,1.254083494342046,0.022502517199760597,4.8416160612678185,5.469609142805805,3.3715229457600415,0.09943199421968685,0.2752367275191121,2.186745482790415,0.19758159980691925,1.1072349466936284,0.04880635142082479,2.1725687101855997,1.363638990888946,0.4710322223267889,0.12333000718012244,0.26126557503142056,0.3284590434693482,2.0349670148353383,1.5281757641968425,2.491974427708788,12.496186695799183,0.5179782496643699,2.3029887513117373,0.07921921557218536,0.29780098722282744,0.00028433280458972643,0.493678240671376,0.005516349818994737,1.1513454872242206,3.347153679291927,0.04082572784070937,4.473367033903537,0.1897171518982299,0.5762227830060134,1.5817643398045025,0.006002531181889648,2.2350978419305085,3.091964432353886,0.7290246574455796,0.2826484228508712,0.019204777788625282,0.10006832815083877,2.4157436683689766,1.5276402434907421,5.368731368380034,0.6872464465871257,1.039438472867873,1.1192069276594134,2.270477733978648,1.106439820006381,0.8342570039545154,4.298907226014704,0.30738736114819476,4.2716928285986215,3.927943099739771,0.47953361482093726,3.2810128404437657,0.7458008193088019,0.38963900157307263,0.42543787467448535,0.11972938790215526,0.0009676587517910562,2.9256037600357603,0.20546137633577133,5.889413778517719,0.07175825052329898,6.652324546970252,0.36723157086619307,0.6780463738242155,0.05691005638926239,0.31168803935698186,0.43727103370579057,10.36826612917607,1.5652159853107253,0.31981904769934344,0.14645005737918138,0.9458544794768384,4.187044161554671,0.050717204551653294,0.0961785972884277,2.1883638453332512,0.7573246622220822,1.5774425391534908,0.2061363583165896,0.46381076600673876,1.0149438054147573,4.4086014529812845,1.2650564300029998,0.29824645739526634,0.09505844812436282,0.8301803370394023,1.7893827874209158,0.5847258309631922,0.9081401793337005,0.18403075361616583,1.0995314904748628,0.09530662885120789,0.421000416691383,5.301205640302126,0.2113603721452959,2.843535382158656,0.24052536830983295,2.1656065108844107,0.01656411410579517,0.2031838763325391,0.16961902571553722,0.3060769639412686,0.5473207036840826,0.6792751927296178,0.07059698139129922,1.7036555322230966,4.158782425566734,1.4697689087491594,5.527099971656744,0.016304686700254756,0.271523444727483,1.2116473642281846,1.0321829244194989,5.6128026960697,0.16984467942101156,2.824772635877406,0.7429432047989659,0.11875136978240075,0.15468079291641068,0.058349168723159206,0.2729533296801243,0.30815409125809,0.21477432284179065,5.489470844258814,0.2104101605781652,3.726477394683389,0.06196427203912247,0.12489777126098112,7.276684195519304,0.29028939983805935,0.16326848410195094,0.29017593592314883,3.360160317337243,0.9006097072416925,4.541354169905547,0.13910965226289473,0.8791913700952696,0.5964592333886227,1.3374591450463544,0.43929692233924156,0.12009654406503079,0.9166674584213061,0.17950862161532388,0.06911407793244595,0.29474847222493206,5.406958342095288,0.2847611234046612,0.57383000415656,0.12743702777874932,4.291413916958414,3.755965382371699,4.720993127394117,0.11049579870238002,0.27193819835084276,2.984907522939682,0.22404275930295547,0.12357115031736454,0.4083272297691445,0.0007133740625686613,0.7918889179929871,0.22185905499046665,0.7301217780377272,1.7302527095500237,2.777203452007985,0.1263823453799684,0.891120239209541,1.7138741035097163,1.558967182755259,0.08689599197482067,3.2648894113241225,0.10044688406638347,2.76388986152313,0.18712112239956769,0.30130951063254363,0.5222167814315486,0.03366980053490065,0.0883954570632286,0.04531908053350486,1.081112260928859,0.07560236969582246,1.476874341394196,1.099072866065136,0.9868723824612389,0.1330284440224938,0.0021083671606261234,1.740857426404217,0.07953776504492005,1.5265195669509817,5.722929629492677,0.66256999597642,0.5748885719862521,0.30864305987610385,0.0031831870299305898,4.4453915847292835,0.06518195905712387,0.42055860555493196,1.5233965822769155,0.10537095330932367,2.110335145958075,0.08053410495471869,3.2795374088670295,0.5504013553104783,0.43711776007770364,0.013068461101348516,0.033553268874709996,0.015779177626837004,0.08424078561414294,0.14696691903185144,0.08227473865772517,1.7152038798251805,7.710153398492773,0.19561475336509204,0.004345378992730353,0.2735639435507645,0.14239483982936374,0.5604733991362123,0.24942538554871896,0.04541989475333663,0.3934438674562115,0.49693160868893926,2.6635878029119575,0.29369160835122066,0.07354681107291894,0.2967236092307477,0.2705121617660735,2.1219753327757616,3.643787288651673,3.6428811063407527,0.0007099005095350108,0.587397534768149,0.21227042836044596,0.4107739007282023,0.007789408793785313,2.2633969823247204,2.1307116776862554,2.0953070008480634,0.028342708167754083,0.09545641983791864,0.15219102031378817,0.46870971031778397,0.02079000383497598,0.09846483860853161,0.10518372276614196,0.11463804355129614,0.23481622423949666,0.41925859875060656,0.0479027380299486,0.45760268129861537,0.18530062452952123,2.523696200722494,0.03984318708604828,0.07882820181235006,0.22751742775754913,0.04228010990196074,0.23092489786732262,0.03927543454701388,1.4872545673173345,0.6066215609362668,2.5329196854461773,0.0176893297445897,8.265529936790685,0.42105744894193675,0.011548776237117142,1.7483865707888615,0.8931380739351122,0.09034600170206941,0.6591850052015831,0.3191954245235529,0.4355353314625252,0.03965364580859143,8.954975720286962,0.0074923959422283914,0.20139856019053282,1.5389136316125596,0.21017484254365648,2.6146561225735883,3.8344787164672764,7.742884463282481,0.2621067241867894,0.13364929130592884,1.2907590910080438,0.18057720549468215,0.8243213497863877,0.40619184320070856,0.134554063458026,0.13679439955768347,0.1478682117798651,0.9630831040520198,0.10275888226136587,0.7475013985428915,0.34783112422180906,0.6649901916431975,2.3050965946952826,0.9893929612967387,2.5619350922147683,0.26523784394702643,0.1942713305974193,0.2393128186404896,0.3546937913983501,0.3543163702943657,0.7418030574005023,0.07375191985975293,0.18993000322291342,0.708417934727497,0.0004713293716664957,0.24403006159455787,0.010688836508217836,0.12625869642055854,2.180254921651877,6.402346397513822,0.19924753782990257,0.1119576037484813,0.4123216171973825,0.10552894732949458,5.192358574689761,1.1686928579095266,0.1184185070358259,0.33476780412099094,0.7587928822627286,0.1223333580945789,9.719005135713203,2.6863933351574802,4.649389199668348,0.15853486029039798,0.41011895319121616,0.0737587158702464,0.1541111736056764,0.39551733500048813,0.6306920910396254,0.09919456701297469,0.11036332325662057,1.1098343019181944,0.06462662973562794,3.6456631307806293,0.06419388397505932,0.03715072110958606,0.832395634458944,0.8444904567864624,7.093176440022247,4.707473139430461,0.5885199223690489,0.07882094171097842,0.06469960204531633,3.1385551610687,0.3392588283042395,0.6850797236731707,0.09140100758237102,1.0941035502488337,0.2769191975323597,3.465124474263039,4.016937371513173,1.6384539297783562,4.398163531810846,0.6177849905899961,2.146291690850407,0.3279898993491117,0.9151901217076006,0.08646617545585711,1.095262718755414,0.712489772056065,1.676893211582106,0.029062274257089404,4.8416975049918545,0.04345052801290983,2.292687913917643,0.04340370402468752,3.859298423193593,3.293969549090727,0.5064891650559675,0.19346827941513034,0.5149940460452859,0.1537230250197849,3.8039386455683966,1.0155300102297438,0.5595077571770313,0.33655248859694453,0.5276764678161783,1.0920846013014713,0.1861298862168006,0.8230896538441641,0.3694014582237939,0.3406514873844406,1.261443837566263,1.107237975799387,0.6319282893504592,0.1359023492510807,0.4485825440168739,3.581785209114031,0.11019061145243869,0.3066956473942113,11.155978162205413,2.4085208315334286,0.1867586086444597,0.0421688401888386,1.1432003620323958,0.055466543897742415,8.418547767481453,3.1065933219719883,1.1250940367733318,0.4892366465824254,2.3987563069031648,0.3771148488463969,1.929298237206333,0.10257449078593578,0.17475948736305713,0.25286318253210593,0.10842777669802883,2.012396809944514,4.189186776339187,0.020876855439678543,3.4561658905085104,1.9230181551338505,6.470914671315381,0.32241629505071756,3.344185056279452,0.15051600877579263,0.12370503897862406,0.14880129416683197,0.33656301644454567,8.690948414489108,5.392116262350198,1.1086053627034986,0.728456647109669,0.6184914271831596,1.4287594961314094,0.040376582373133685,0.6310999574808875,2.73441291914866,0.10739991623439149,0.15321031914482486,0.18526316236974583,0.13701937878203962,0.38194802599565136,0.04996564374791568,0.275274600643175,3.519138574248603,1.2441193742232883,0.2420845021392921,0.4178999898870004,0.8224440499873843,3.863040646404508,0.5948416082143133,1.5674334545284698,0.21035607113008048,2.6019383915124923,0.6643002298043251,0.600537964971056,0.8128582952147525,0.4468459804643543,0.8161618460584419,1.231736092502251,0.35162901909220823,0.11619776643841573,0.2536808713933887,0.033915880848800484,5.4798074383611315,0.03952866077387984,0.2740657369872743,6.789449371255083,0.7233030103488589,0.1308459165551945,0.5568328169884031,2.396177435682392,0.6489822755343724,0.28884505959686524,0.16443997284507006,1.2842972097636793,0.04490588559822406,1.8650224796533972,2.2017415323109053,0.13055362654838598,2.429973981585001,0.09121808454084968,2.595090316089011,0.4076894706244345,0.30759556214888006,1.0694280483117766,0.20942989510626697,0.15072871778010843,0.7847163265763717,0.9671208904921178,0.7023670179685759,0.3662633282625509,0.1523268043428178,0.8668927684288561,0.20969101161666304,0.10555877254663493,0.029193702544305644,0.25646117771431287,0.4868988062733973,0.2989796199186585,0.6467212785532404,0.3296898009627851,0.8035987087070664,0.3735770593706109,0.6703251950974005,0.6089637685674756,1.5560838445656051,0.06315578735980099,3.010732207769525,0.1028224331193881,0.754316948589711,5.5428970377649005,0.2034547264245834,0.8396460578151137,1.571212847009873,0.9397252467986706,0.1479884601119933,0.010043830101146956,1.471400738830047,0.2979713979844685,0.6742067991492608,0.44745845342017787,4.326012525915745,1.298829737697897,0.07556996239190372,2.294803903821281,0.8764545995834259,0.8615541685250317,1.3500727907196823,0.0862630704590217,0.27492681255691975,0.28514744693976013,3.1088004571486274,0.08431242714648057,0.09416988444091068,1.5090081646619238,3.305509136260543,1.9467923707494195,3.0561072718094735,1.6693183951701211,0.18542961722853235,0.10231623349774122,0.14175482119117877,5.062785388887231,0.26597161485538123,0.04269426256888398,4.834405730092833,3.0687885663288723,0.04343759621029908,0.35643448326815896,0.27157075349713455,3.4613426770769053,2.530381122337832,0.2767858433868211,0.05955619405918089,0.46924028680546437,0.1662360932854705,0.022634652331824268,0.34392457120056497,8.409797978692666,0.22822131979300408,0.5913246603814444,0.22740874420099377,2.803016194896385,4.102642880916363,0.05307593868481525,13.461510444488015,4.5980192044196375,1.3519006425054816,1.1156305070691142,5.146409076626561,0.25222277631699574,0.12917134943247988,0.5102177564296169,0.05362284794037642,3.883642446416484,0.19500210885070235,0.9302406546941029,0.15357423377706692,0.07501050941596699,0.024274727750734915,0.09936328305842412,0.09721239935331472,0.01082684440915771,0.9771926085109213,0.03308365488474618,1.3219792346842802,1.742851618414345,0.7861666997814412,12.047950285932245,3.8893341620573363,0.9905013562794572,0.016929600489470786,0.03339458834000286,0.025084691474943188,1.4915697632870097,1.0250529192991982,0.3601190302025836,2.7497228408978946,6.1801948701110945,0.20367143645483843,0.9486235921037669,0.13520104214909412,1.9068518550397524,0.86837374534411,0.27338822168317156,0.9593723992219827,0.0731840511749473,1.0907704760573012,7.811475424079898,0.02946625070910408,0.09183381496858867,0.2819655440551534,0.17036296159333641,0.15212142953897478,0.00017048431593291724,0.4415964214737551,0.14871967473030123,0.08998203802554627,2.9703383949765083,6.782533272229609,4.7888708106489375,0.02501354324590288,0.8512727086800507,1.7638250360752432,4.878140916974086,0.5163136234635255,7.489178702068067,3.7439179841027004,0.9525391073888192,0.04124343591860424,3.433355908337996,0.14051185626525564,0.09172660607757477,0.8888936095743358,5.367463261920403,0.7776755682670933,0.28261906154118366,0.5409728646090155,0.9138038517887201,0.9374508094177605,0.14538665552977337,0.4067083213068887,0.11281649122169846,4.87319394426601,0.4466767143204251,0.17869049273721327,0.010268050928278427,0.7557311442180916,0.16465112587421504,0.23268716383694865,0.10202970261658273,1.2076055165781843,0.2639459573233762,0.30426069825199686,1.3016642914946361,0.577791548626585,0.9376670120453028,0.32073757041516515,3.3390526817152706,1.0420609019822835,1.0783910742851361,0.11246035273774191,0.21042222078405692,0.476176626549218,0.075416233312662,4.307760584540018,2.4202402494561364,0.3331561221724044,2.8653024949944195,0.23351532813083153,0.1323449319450527,4.935812165078895,0.8580041136216914,0.05131105725434981,0.19102252333670133,0.1951441360591275,9.402166869745082,0.7100794626579265,1.9834138185544847,0.006241040940766496,1.5012010436417906,2.930029775144597,0.23256419490849445
"((0, 0), (0, 0))",1.2976399409211516,1.1196963146429473,1.6744250512643752,3.4029945511281685,0.9913986095915053,7.9701267340827195,1.631796416236824,1.343249662861512,0.9938687560577202,2.8070211606302875,1.8686160442645563,3.739566195726912,2.312379654701614,4.179595750857006,4.9118115477260265,0.7029843459178651,1.7752627841511486,4.270878893258158,0.6306902671340345,0.38963441548907507,1.268354454662079,6.996766834296846,2.8059592522099885,0.8613906036192276,4.748791534391682,4.393974154108955,3.8459234045109736,10.369845584722658,0.6613878403116192,8.288711669750738,1.2305629536270186,3.43234810923398,0.6284882405365407,3.3496262601568474,7.152774298409089,1.4986115200324284,3.285882989499039,1.7846102762726026,2.960403896127429,4.027007974731703,5.225880931688976,1.415422178719715,1.3535288987565273,1.384729083897437,1.2872275541343667,3.7150892218420672,2.3338380909770353,3.173780310075523,1.6962190228121643,3.282431309183825,1.0612337239270317,4.058829150181041,0.6604918939686452,3.405433584387728,1.8506180602466415,0.5288514367108005,1.9727543787101807,1.5383473295223977,5.850171937083928,1.4849584763445014,3.699465401206397,1.0235673128932883,0.6343452928514763,1.026221804145877,1.7146047150705745,2.763911610889704,2.9121870175135722,6.843029066060965,0.2670903312193926,3.3530040015720832,0.7984319455795835,0.6182464919420769,2.0606179801877467,13.474106930014184,2.842525972143286,0.7439108582404539,0.9873017953732248,11.868391322882358,1.4314517577785846,2.4855670100059584,1.4258674849482253,2.600161997430057,1.4936724462283777,3.7975898124286114,0.8567507931255622,2.908608242231791,3.5500210687027627,1.6013217988797919,2.464541452445899,3.531935736763117,4.342014190891531,8.563691145576763,1.7730579107052216,7.364679766794297,0.7114139313999766,2.4233178742022004,3.626868685719419,4.869112600967109,5.144299294622041,3.5885633477160024,3.0930008633636357,1.0066549631623338,1.6258409991538196,0.20953876341396216,2.889313477325512,0.37865969123627935,2.387585178904207,2.8172811396600723,5.071380998613786,1.993553265665968,2.383809847301759,4.348494723591127,1.02100756666983,5.556359669394338,0.7381174129322633,0.879103387166004,3.0205551709939362,4.289020229566746,3.285283776366585,0.7193113473188312,2.29715518530234,1.964773854332446,3.2926935144207796,0.8825122683895444,3.6589118316036706,0.7300009929155723,9.654462430082743,2.087727670149625,2.09279710123053,2.55494410980121,4.14224024083088,4.733320857045487,0.579859751519059,1.5080343842969268,1.7417033940715925,1.4052436519779155,2.1773019800883815,1.6914046556503386,4.976728501810168,0.6940577972181264,2.5527056003365174,2.857007859621618,4.843725398719428,1.5698848062815554,5.703632308876243,2.7002793255515436,1.4982067070958935,1.6800867281151177,2.049078074485896,3.7815322132259586,1.1281875415557767,0.8522742958699897,1.8555135516579921,3.8742666295192767,3.0127157875710537,1.7830846458519656,1.7114113663210402,2.358417095271628,0.728239555296561,2.5458775167105214,1.1862176508551663,0.8923840441834959,2.931521324158354,0.44147367293709067,3.382999461213712,1.8950233752330035,2.491618670543282,0.726911408983776,0.40156660272725886,0.9117849725250811,1.7758924717383948,3.6422962817215065,3.560739476446562,6.954523989723828,1.4195883020541955,1.423326378859764,1.2267446032070977,1.5654294172355874,1.765307434210414,2.094682252188687,1.0066108623930445,2.8518109860643506,3.292855579106096,2.1404079276445978,2.0931579808995195,0.5148744508713361,1.1044425121326535,1.6043547322300415,1.63955688965894,3.8690119608538325,0.8432292644059556,1.5300082983690788,0.49759815736306773,1.78176126491485,1.9141591984354958,5.166887484103297,2.1556268234900253,1.035293385251849,6.805995513356992,1.800107233559638,2.8896379620386408,2.0911406264769847,5.412979361523604,2.844127885643349,1.8144620615785723,0.46636254961059403,0.3467656439941915,3.18539148244371,1.095864878118568,2.868099790302427,8.570568497833325,6.846025492617318,5.582682375972688,7.4990574765052775,0.7829002606518921,1.7350882863089752,2.1585428960495086,4.992376432333344,0.982970141395825,3.395359410544789,3.1682523277624255,0.7948095006710917,2.5656482548743877,1.0733231793385698,2.429652637253888,3.0189793822867337,0.6929704459042051,1.8357318947557006,0.624762223439072,5.876743875043366,2.0274006044627133,2.5217176025333847,1.7883142364241358,1.1793294189978702,1.320255409626625,1.6063454929636423,9.78183448572867,1.1703763388998365,1.5697294275293807,0.9592833197298816,3.9345530566573355,3.7487927683532476,0.42123367151738395,2.6781368406598327,1.742712145246006,3.834388499040198,4.946605365963219,1.4441584557312988,5.028228125741821,4.99030835369855,5.995687842067105,2.278809685836006,0.6773685681273187,3.6855807425531237,1.9137656449541665,2.5919253848594788,4.989347413362757,1.277371932171353,10.604282943214452,1.6003684616285838,3.1140468899760094,3.7084684000421575,1.3440799108330075,0.45828367178830154,3.9503724289996054,1.5321077236821874,1.0244369058140426,0.6499064974819718,3.9195907263847607,0.9571350407124375,0.8272702046892435,5.173651724234983,3.782052954571466,3.168015427069039,2.3403880895393074,0.9912686404256414,2.5423662726688323,0.9118465864394224,0.8220233916896008,3.1322465528771666,2.884789608448629,1.2140131810225099,1.498523660738882,2.4071303618033566,1.3952610801295213,4.046840343670309,2.4440602741528115,5.609892120257597,0.48776675873560094,1.2100853344706122,1.9115487206949389,0.5609214161135081,3.4286954125729965,0.5211878760846739,1.3217167350358876,5.716389538062019,2.110593405357198,3.4536506981888055,1.7319950900706833,1.2033618165820106,1.752613702494728,3.777122144792031,5.388403495460693,1.4995900863411191,1.7158294921241941,2.0321462777143235,0.8250186644622729,2.905487330370949,3.636268828354591,0.5943734589549727,3.2287988269103183,4.081041479830327,3.7115673594719425,1.4123020382909495,3.7591530345619666,1.7455045039782626,3.4470011913641745,0.9921316524386027,6.21652020436962,1.3421638280086499,2.298323626961659,6.40568594064602,4.804357853003998,0.5217150580126741,1.9181957215194108,1.2012129978839907,3.6821614187084486,2.524058690091054,3.2954005327295146,3.6324703289931506,4.708159401969931,4.198193632099037,6.273246103897684,1.0100064420113206,5.704547048523242,2.376451419337031,2.5147595154542093,3.6908481325838567,4.365398977076591,2.8020124731132414,0.9657537390872497,4.424008219010851,3.590493905214456,1.424694163329568,3.756518273656545,1.2921008996704686,6.2708098977843925,11.354846495326587,1.4663928451779824,3.007424265080944,2.3548580729592077,6.367594568457648,5.461700180955696,2.0120146271681247,1.8986935669988296,3.5072314418121033,0.49683586545669456,6.203439696449019,1.7686787542011262,1.7038539968664133,3.0790512203733456,2.7403592647081045,6.488214486392768,1.6064854849326344,5.911442909283335,1.530609532078774,3.2704727800424584,2.947529171284942,2.828943411085785,3.411918713678049,6.913246648515007,9.579611376292952,2.2391126327989754,1.3446514687465358,1.943433703974145,0.9820940147709689,4.668219486800043,6.556582670497266,4.870381302550503,2.3026384700284517,5.53858493652819,2.9024973984791345,7.954521177227086,1.8306867790647432,1.352618071884468,6.611023101347794,1.567122211625564,1.5055433733890462,1.035145312260538,1.5893895238834095,0.9121699315490622,0.826265275446861,7.382136289113661,3.861495746363376,0.653678703985413,0.6122631657770311,2.9307336632853516,1.1447632082265287,1.9792338716476277,0.911154958336734,0.8253580549709358,1.0850051913222198,0.9967386963733882,0.7107041104954475,4.7350379864725,8.134723213873121,2.472159837035931,0.5053972151758799,1.0477173350914355,9.11919254344106,1.3354671005772483,7.54402818064165,0.9159335223773953,4.41529604323478,4.837975686205608,0.4981602183226854,0.9899543752990909,2.6334761001689246,2.835463044608622,1.710240535105809,1.7405486596986417,0.9396224199076765,10.829645833191638,0.8546735303016868,2.744625285732289,8.808822621530245,1.4692096981893732,1.5164280851200176,2.777810462557746,0.5690750366655344,0.6971360179525221,1.0271751760974497,3.3940304556378265,1.7508810722548291,1.6648714249957877,3.5089331252491007,2.8562042727762247,2.5769832160386965,2.1271015478351134,1.473464239391649,6.481326522498319,0.41309286054205646,1.7428331840645577,1.16446293667722,0.9275697298574272,3.6841099342031516,2.832181941959012,2.433690303648745,1.2024391102022063,1.413285280660807,1.8134794955805735,10.833052645355298,0.8525347278555839,0.8695102180188419,2.1988384963499126,7.109032365214382,0.2953693289602916,1.3666034469757353,2.24462645384026,2.7302921627894934,3.5074112547738467,1.3844737266778773,1.5964126111622294,2.503918795931779,4.435396873982081,0.8743331927311804,1.4281793971274963,1.7235360906490076,9.028258127595057,3.6171709940693364,2.362418461440814,1.7653873915313905,1.8762488411542875,0.778313973449454,1.5273810526777067,2.3227266885487348,1.6667588518311036,0.753131145329265,1.5032121479932363,1.9600730317752093,1.4107239466485713,2.24822648305387,2.742116430701906,1.0457280698420162,1.300031275748609,1.8552058910142604,2.3027351904292273,3.1392626844428047,0.8144478161978389,1.610362359188093,1.650387280926274,0.6525703037271597,1.6716605369248554,3.607171571848352,3.264797889642979,3.0222149446150346,1.2598525514951862,3.0589862414965348,0.6624711348935768,1.4633309175146432,3.2487778632972724,1.0959207510634499,1.14804117367049,2.810985214314227,6.955849525493638,3.7115896215344675,8.9040559716715,1.7647204810095671,5.97702154795807,3.513441844274524,2.2916832043966258,1.8652558898822442,2.377672748916705,1.0284514709358703,3.8191546711852427,1.3503764022048248,0.9954093623017279,1.0089674433412685,0.6524342184827865,1.5899731249747546,1.8595371810489623,1.4768940074932448,4.31146146718316,1.261669003886925,2.1759790265553507,3.419953502144968,1.4061582872811353,1.6436153458474876,1.1483197612782956,4.219910716111716,1.9619968480191312,4.263844741384053,4.158231242041804,1.568328310638949,2.462119615290311,1.2806658555375146,3.633380903852611,3.681916430001905,0.5364004777163797,2.920433594465548,1.1295617306888543,0.8720513452147513,1.0764402732972331,1.002456204770587,1.7678018692755837,2.503453942121525,4.755408664313161,4.311733527785271,1.8409892389242057,1.6685514944703819,1.0430423543563963,2.4895807941317645,1.0995396401514346,4.286749854809397,1.2502342577366359,4.232529882645284,2.3236585133999728,3.250117934701914,2.923735265562794,8.271901163372052,7.608893306306389,5.095265466503788,3.7887458854512217,0.9665575451667751,1.4905022762807176,3.607385636259703,1.5812691328259734,4.793389832104487,1.8591681177131427,0.7886903075890563,3.5464384989188997,1.9123155137635441,4.333767102169324,2.141593424826076,4.782348907873109,0.6534341935567229,0.44065502372157117,1.3305399134389355,1.702501849938888,1.8927588894272773,3.885168596161623,4.68897226377948,8.357494028943895,0.9268827993871432,3.684389656927459,0.6012721112829242,2.366580425385188,3.130089997711457,1.2500893268294377,4.794389810189668,1.2115941986865055,2.5716426800486114,3.332553986323707,6.460889758269984,1.5835412636141228,4.058967167566816,7.233460588123352,3.6494466772398,0.6333075394908075,10.675895380664072,0.9731040250564287,0.9731260943394129,1.1889190556369806,1.088867169360038,2.1019919536166536,3.523096826317771,2.119877930575714,2.539013295746841,5.177134423064605,3.2048325660144195,1.8129250581900707,1.0220389578062488,1.5291220421940244,1.0682658346001235,6.424878017023986,5.427498304344458,4.207899102261289,7.492748854787888,0.177846687808915,3.741088784981945,3.059351204743811,1.4522367745556746,2.1838104052947767,5.046902852779425,1.6923136330367654,5.879924554954322,9.089303406551831,1.6218541131867104,0.9795126846905798,5.6439129883273305,6.60060480160149,0.8156237859430797,1.1340187366249057,11.629858094294349,6.343339731041748,0.624194949262588,0.8354255739711742,2.231368895650914,6.000763104255219,4.04338484357339,0.5877181905838416,1.4879266291227302,7.529345449974508,5.746549977435768,1.0417366549331897,0.8737350460884507,6.468551879782374,2.5922989713363744,3.229503674601306,1.2876841357761637,2.991423627530345,1.2327321766799029,2.7354991568579505,3.66063031661241,2.4830551250026858,5.0019779571425484,1.3398807756359465,2.5180764133586218,1.5882384535873544,2.6356523992010468,1.9351968551659895,0.6498921243843304,1.6918135727961712,1.7129185520759533,3.6554881458999757,5.446394048958076,13.157546363219693,2.2382220487820423,3.556014925125856,0.9188768337545173,2.2429344164044522,2.0917054295081643,1.799035065475029,3.572169017349183,1.8878814093200855,2.480406868321465,1.500468290016943,0.403715662678467,5.547395162814147,7.654078264769658,1.0799086904158164,5.83180279375328,1.1855708499821387,1.1642647882421282,4.754153082379721,1.4462251190940434,1.8603353257917348,2.567834299453501,5.266806760008378,1.2210158371552087,2.171344725446242,1.3210107723407216,2.7337712025237884,2.3575522314665913,3.089743569555382,1.127213466768086,0.818711478903818,2.1028268589281205,4.105846297489798,2.4002992687015188,4.083177108998171,3.5452494438273567,0.31873391630831377,1.902407375047526,2.930023743892043,5.135338494789335,0.8574501087067115,2.2624323579734065,7.0954363365968645,0.7079868606666098,6.290110358605794,4.212334521863449,1.4316146379593255,2.34380946068407,2.498810918352373,2.0762584084970928,1.8821896848851,3.7001361234835652,0.7375244247925146,9.05908207963585,0.4115440432814466,3.8197883846591387,2.886109090722048,1.1255072682652658,7.751170780043814,0.9565127964239009,3.257083098243475,4.563840554308588,4.755760758132695,6.95451279498542,0.4618449184584801,4.643646267493167,2.150915791395895,2.6021613380591897,2.6312749357238867,1.270269811836602,1.44292473914982,6.32406257556801,7.523235914602002,6.13764564650703,3.1929891489351125,3.844504457165255,1.8021965795287334,2.626542379509632,7.164267405539421,1.9417786588528205,0.5551989634262362,2.679359112479089,4.099526070175715,2.3688673731137926,3.934234695809036,2.2581003383790446,1.6795323768101749,1.5838254477587006,4.105171722808561,5.219855689760979,0.8564255893730305,3.125695479747335,0.4458159566411344,2.7466031707577536,2.311046955936944,3.164705771678964,1.9673963324980435,1.00885245998887,5.393611243885376,3.64727772643136,0.7923715277981065,1.1480026236461776,3.9647900414437953,1.8432322136072747,0.5976683855493206,1.9664916919620588,1.3565714323722646,0.6376499146860404,1.260027791315537,3.9268814601679938,0.38611645034734793,3.430096031685315,4.001447258897972,1.0691533690537267,2.20343741520595,2.054195403772534,2.390402146199072,4.825516166025258,5.664976672814524,0.2244400226832349,3.7403179030856957,1.7225467784261985,0.48081926424741217,3.3618374122977657,4.139064398810948,2.248534723968133,2.188248995384695,1.239586465259288,3.23744265004939,0.7821576585250368,1.284131112135,1.5924218117305826,0.9727268728691552,3.3943798444364908,1.280877729178318,7.276990629449077,2.0037144752989478,3.996858480729508,6.079998453818853,10.092766425869135,0.5827513326142373,7.814591431373446,1.3603215341019017,0.796123836060434,1.0078305640568708,2.4893131732549643,1.2457033766573118,1.1326434371582976,9.37315036576552,2.57724162092701,2.5098044832685624,3.799483273822497,6.7113409306435186,0.9212641204509915,4.280011264621943,5.103135424865455,1.9247352076634636,0.8201624401493353,1.5090705031397114,1.8092822749253212,2.3199617109859183,4.741097738683952,6.1157709393845145,12.832205580794668,1.9813139114556022,2.905417696387106,1.83215850069451,2.093297383851035,3.4640770917330324,0.3456040257328248,3.112408864394302,1.3000945309344822,1.1758243375591968,0.939342321339039,6.321054008474249,7.155637013916821,9.616522448162614,1.4261010000141805,1.1924459022394318,1.7661099763801564,2.610092540233157,17.594305063680476,6.957698558957398,3.9106840439544306,4.117962797888837,2.21009646561636,3.087355305906504,2.1839396759389773,2.2212777595396913,4.788164177402295,2.0681133924209774,2.167526215870741,2.6164224384351984,6.671555409886372,5.273740465700929,3.5064311913632675,11.212593732477389,1.1737761321732532,3.910872987043877,1.8335728218133671,4.524231450120298,1.0493822221563742,3.288902646693033,1.6815253155429097,0.7544412989288871,0.7089253688673336,5.681190942396199,1.3360041811142709,3.9828595825434348,4.4263994249661005,7.267618217593568,0.6923140742154061,4.112366458543697,0.3958898989972376,1.32353393064772,0.97409840844584,1.6165074845172729,1.4391045230232395,3.049078096821798,2.096002404213163,1.4493797700297848,2.5923253304465783,0.8822722405172853,1.8199348810695937,0.7095805129895469,1.4429739456564716,0.4495201828959182,3.1164560187089227,1.67467892895038,0.630319419714029,6.526543795626639,1.9375039532799483,0.5818410771854994,0.5789680024893311,0.9315175799728412,1.8570058246784855,1.2999921147974083,1.813304809354952,1.1256702929242008,1.047388856576852,8.833350414547692,2.911654725290912,6.0619929430886454,1.7244020165617422,3.0735319551553246,0.7209564213968301,6.488187364156521,2.5236313141534654,0.8292601749957392,0.5478887509519522,5.509120299508586,3.4300726528602543,1.3598080308524643,1.2700782429374262,3.5901059394872368,0.9911698380395539,1.60983660140752,11.888114410067477,2.244112531592517,3.1678016200791026,0.5564238591911062,2.5566137490491108,1.416419117942181,0.9724388873652219,2.56313247943736,0.72468019328388,0.7687059493975659,4.952988364287733,6.896578725088052,2.2503853828578553,2.1067721168742426,1.5036648612317394,1.752085680686612,6.102821040676887,2.0891951983250276,0.9932826407030271,5.798673014475121,2.019700343341321,4.515456147724584,7.148868473093995,2.0003514633939443,1.7746921157248394,1.6906542817930965,5.1750606131915475,1.9501455923555782,1.7117131113135928,1.7849178923703046,4.891742739547346,12.24709272681052,0.9448168145301776,3.282533979201863,1.1723975760464669,3.8475182865038837,0.7536547627255716,2.0187305145602585,3.74670951047574,1.6968608052403777,2.4315350124680415,0.8740698259712538,2.1801520481911627,2.4731265494794323,0.5800320232354876,4.712444349218202,3.6637292660119942,0.7832783275056036,1.746388051362779,9.940963716663852,0.673574669154023,1.9021727818483762,2.6482732057506913,3.1018468910054176,3.7229571683630747,2.010971407953793,2.4973031911333705,4.665408933638708,3.738835424793279,3.940568799117271,1.632743247927928,1.2041658995242388,0.4983675374275205,1.7268417198894688,2.009443400692659,3.078135338561634,5.492966374233612,5.661247117405275,2.123385697523586,2.380436432697676,3.2166821659479714,1.5360786020189416,3.318518516354882,3.9976827305832856,10.435919836775737,5.038967970723181,16.69129661456856,2.167654938206993,2.013966324947231,1.3777503458785736,2.567874075825324,0.4164237686995146,8.386857298996583,0.49085384305161606,6.6920380347901425,0.5196284145498903,2.4500708809827616,6.230070970900084,0.48288077283757674,4.051867330721073,1.7607253483573828,1.5740687823428654,3.099132803538237,4.54325758394381,10.633389507353883,4.781168867894396,2.058825869294472,7.775214079878575,0.21239012444301242,3.7227418672361465,5.078424287010063,3.5382599681664724,1.9741572549776032,1.8679637398887647,1.213788832852953,1.8834959120718202,3.200464778451289,1.1867479787436086,4.789905862565012,4.616825866159673,1.44810378386921,1.8272203278741226,1.149274708435428,0.568866666269487,0.559153215453563,1.368415433231419,0.8696992630218604,4.949950968877874,0.6340599463248915,2.947949590507176,3.009944270556195,1.522931857571442,1.9568352248125818,0.40719166192922235,0.9657627947394694,2.017357606742248,6.751169912863327,6.6354859973958416,5.672841049240882,1.1278699458867747,6.79281824054073,0.6148426036265383,5.23127953125731,0.8194749782192668,0.9229642115958971,4.114054876446766,5.926299621935388,0.2271100270903817,1.6818735788430845,3.290864797570404,1.9156262041364844,0.8766875048271205,0.7962844836536398,8.252020860268093,2.2363280417600944,0.8945147440856963,4.16352453327962,2.5486286292925118,1.5912887679648224,0.897115014388909,2.070215462930704,0.19884719675207174,1.0504758829869498,1.467361542973868,1.3324105997336366,4.379245256599702,3.4491898619285353,0.70161874847601,6.4617924214731834,1.534815461891275,1.7849509822909162,3.9298801763632825,2.1223528226131365,1.7030514636591652,2.5813645682554966,1.6184552839668145,3.05110351448498,3.327738952796457,0.6412557726706914,1.3163657912336677,3.892380674235175,2.9704467188655626,4.925978134298185,4.984599462491502,1.3650243400488422,1.6935544313882198,1.7128712328878373,1.23926665929973,2.349781385172206,2.415572154142565,2.5240859258092887,0.7798293608553419,1.9940493947285236,6.614554310226108,1.3639593737748938,1.8488286336518824,1.7159313658931008,1.8328582142129959,8.760934926664863,2.6768247935071976,6.867278144509512,1.466901586818799,1.6406256398728312,1.6649008721464937,7.2102510697685975,1.2067835685155472,2.370655908364935,7.060060285016669,0.6898116833656257,5.447906720661174,3.4842800421744076,3.4704300635894265,2.648785466468942,5.750334764241559,2.0796704955888394,3.4278194125070796,0.8354926737949481,6.580810375559996,2.3775256502893134,2.643138544200707,4.689543030010709,0.5029874773995153,0.33783186462344184,1.0284661963243362,0.9090237612269259,3.139176105546059,0.4817026286206578,0.9944791530409194,0.6767887507191023,1.7135640747302496,1.054853530958122,1.82900817643612,6.715727500576346,2.3876800192344434,1.8097406971912013,5.064876793271109,1.2160622704542035,5.4064392205360985,1.8405856241891785,1.9627246440244386,6.9686917317988115,2.225237607731917,2.261271015012061,3.2497491168745003,1.0820753001512151,1.1753990820478342,9.735619125526389,0.6020576881983386,1.2564820154790817,2.1835720858984113,1.5263079601320486,1.5876418098050178,2.916677789824385,1.8951739241572894,1.4968963242946223,9.014531379702474,2.7507315088824513,2.5117396335198716,1.1078252955817816,1.6125398350642437,1.142588374026837,1.5961768764829969,3.0934079703845527,2.358423359650762,0.7199764768890478,1.4717709717152219,3.7369444254808637,1.4706998651866892,0.7402356528660298,2.6014251186991135,2.8600991267739473,5.639027382944843,1.4188721518144003,4.838657748704421,2.8204048583067873,1.6792476746327298,2.6068478953285426,5.414369690475997,1.9055201026484128,0.36243213908906347,3.310953253846346,1.0531618174857404,4.075116999958203,2.690538894246481,3.792975943637967,7.749283734687335,1.7663552587023998,2.146290272682353,1.1473958095369134,3.137226409194433,3.1241446313066303,4.308061459925452,2.2015764903354254,4.783210309522862,0.8288996766811144,3.585946616292434,8.473256784183382,4.106564065084171,0.3774037798174237,6.700996189487373,4.644863470399076,2.879760253781843,4.384598598447803,1.3902163643979297,1.4696487837495038,0.8450113302126931,1.436420260433217,2.271449069953532,2.406058187925855,1.0009688224846074,6.146284689143714,1.5189545152665787,1.2417198922891832,8.012894307067668,1.744999075026167,4.5782311134628575,7.319254735210921,3.9692924559399105,3.478116927499736,1.6273825428763231,4.1436400474576836,0.7177690577854142,1.9653543822339037,2.104486020521596,2.2696354182661826,1.3720010807845466,4.6682848275332915,0.5221607099474914,4.533083254280751,3.5158876289679615,3.8179839498641357,8.258473521959944,0.8999551601043088,7.326068678962276,1.7883356366759726,3.0811448315691248,6.887250235805861,0.9399603185239792,1.4218216511633888,0.8618632656563965,2.813785166954567,2.579595796730223,3.398346808563773,2.4110562931150032,1.2928914126451083,0.6563945747596013,17.9420005661267,2.4975453375992616,2.9099058991018705,0.8759406543868262,0.5171646339834057,4.230884206194193,0.8578005207860541,1.4803409051508147,1.0628662003663882,5.188528841570348,1.127632646076683,1.6661239347171954,7.154074210008635,0.656744341293301,2.125287384931283,2.6676231342736645,1.5883751582976384,1.1096575829807576,2.4153477255737603,2.562948120208147,2.2476863880075553,0.31665424918269414,2.3052453340631436,4.57958200249673,5.869635158474676,7.53117370195771,3.280566954605745,2.3047202814318446,4.128981255555134,0.6492708546616802,1.0324513214791284,3.4376068502155896,1.3896085866576542,4.905498850905285,4.3290472258089565,2.4146576216130238,3.0887274425942337,2.659077136754578,0.645334878540214,4.419608026468128,2.4200126932247312,1.4471221632325202,1.7616632493174256,3.5734065841373472,1.842461913419741,2.85395796212791,9.494791113178849,2.8517297610540733,3.4442765189726265,1.8792144155545518,2.44542739984732,2.79274517603565,0.5788838808024763,4.203831380919567,4.926510080701672,4.686880950399239,2.032482510322426,1.5251290376450362,3.465537136181564,3.9186950624443178,0.8715595773980409,0.536393107094657,5.222412332131486,1.5239729410369864,1.3742426022559084,1.6897078797133973,0.6055700467020969,3.150765250536894,10.622559852125145,0.41623828252628725,1.5137238240232982,2.13834211110971,4.773143070202143,5.473475217128647,3.367095210835397,5.105826862477747,0.8752968921509736,5.350356957390798,2.2226939079145973,1.973416511529415,1.684133668914673,1.3674068403044422,6.859829883118118,2.072167359714304,2.323952776153049,1.815089666446933,10.573703842118999,7.1923038491980185,6.166720258642652,2.056461591796291,1.9278446887229368,0.6444343726038188,2.0823291768310437,6.85263350994014,0.9221886259652161,3.884588505477857,13.213237486227955,4.49353141677904,6.492027537383238,0.47116724938944543,2.5673683531828573,4.007811155805524,1.0101344775856753,1.5763380662640267,4.885334311850953,1.3662778474980946,0.811234994679245,2.0852864011497627,7.280157832982783,2.725159153384215,3.4149866269056193,1.5255271398893402,1.1469283194618831,7.9853086536570705,5.141145252391245,1.9668366115349958,0.9949744474713467,2.971729126249598,0.844112039350169,9.138024823372358,2.5595948376801316,3.131428937874224,3.9655067813125364,0.626546550826392,4.224583063442816,2.0493712814960525,3.6243547610101268,5.808245621615933,2.1451650244159954,1.9138374328222896,2.4724529311755674,2.3155441863996105,1.1367999628717211,2.9018368629537226,1.6718541915039937,1.2418192634210834,1.6423056956036595,6.86946538850135,1.2679701211899328,1.8262107871573816,3.657784150722216,3.6110718112662066,1.8942253814298051,2.3428318473983847,4.9392612648009715,0.9027576771293098,5.192747366655154,6.333180073808505,1.4505845183662733,2.160984224084836,1.5042592925955982,5.043083506487004,1.909601839713347,5.269131738330842,0.775145722969167,3.406810447532575,0.33948173848795526,3.4108478157429745,6.181654989786689,2.796252618505543,4.820017347828024,9.451613670791009,1.241827110440895,1.9386511588452153,5.866480970039793,1.132202289109339,0.6431984417125927,1.1544888971740936,3.1386919493570486,2.427692609063339,2.5855400542319242,1.5315511255859078,1.30865465482392,1.7755254512167933,1.9528635602687143,1.1067167313196895,1.1688528704118888,1.1427364679764658,1.5664018900624141,6.850473137169069,1.15745313532707,1.5504658700960006,0.5968484091765818,1.3783085544713263,2.9649201021045104,2.6460791408468705,1.637815680811804,5.789387933224903,1.82189954787219,0.4118512694578075,4.541231676040169,0.5964613396431409,0.9811944885112925,1.895945403204206,2.555497294903871,2.2845881966649335,0.7464471144863214,1.2732866990861538,3.0446717181061915,1.8175799749626784,1.1230727473049207,3.315281782209306,0.5717796065117899,9.124933394816498,6.983348149681654,6.367777216827697,1.2608118142752502,4.072786786696593,2.2116937170534867,4.775174318425561,1.0804204227432241,1.568245827494375,1.2804769011782604,3.546092751149475,2.0523980260496955,2.5908024590062655,0.6353420557933441,1.1605498062110917,1.0931208287436112,1.0608411043984447,0.8919346646585047,10.82315617905871,2.130414130191803,4.176415066821667,1.0866614754287318,2.511563711836555,5.891947763325112,6.367900707807881,1.9385290406190852,4.738142401326336,2.2245551731623636,0.6377535256658586,6.17216969153368,1.2370051273575844,1.0898331245993804,1.912236172705894,1.9164337529109696,1.123661383237124,0.7731225525866958,5.724151925139297,1.099652342245394,0.9161140803142092,1.1468268741680756,4.473118458702802,4.83585729736882,1.3195047749746647,1.18045530774923,3.5482098725317,3.094696372565959,1.3302499079908676,1.9210144397254285,5.850562055370996,2.9580205003846043,1.7399537223220451,5.584860001324451,4.497700053077453,7.696342173233987,5.955293238967802,1.4969501366169657,1.4561582429634394,1.8798612999297022,11.176100826024344,1.9016025906693923,2.3698262408326,0.9989618872059812,5.052887444991837,8.816270968172171,2.7244955422727553,1.596168090272604,1.9929381630498955,2.426365873820616,1.9557375147119693,2.0997583077895303,8.8400568568609,6.4342753131320665,1.2778316572947945,4.760345346046958,1.2300462206294558,1.782922136792357,7.885403531645165,8.771695904363566,1.212280174367614,1.2793568265304893,2.1129102183578787,5.479375979071777,2.9707941355283545,5.1685734416117475,4.77820871940457,12.101831442646588,0.9532697904664856,3.467194636648099,0.9907628585133497,5.596486191065853,1.6179211348919578,10.269495559912247,0.6214540320765654,5.654718028143207,0.8878077578439076,2.2185430356490645,2.7265600424462453,0.9422073735295051,4.694624069464726,6.529258450172095,5.118745911282651,4.615647559342691,0.9760614929333136,1.9461685845273098,1.1814540771319957,2.187756000212855,1.9608995423393232,11.403568288758066,7.8907160700900025,1.0787618218076243,8.393292762895664,2.2499687182084847,3.117449841907711,0.8485447959721912,1.3121868440532376,2.38155182511008,1.0689187026273648,0.49400819271675855,2.29207845758724,4.90628036439202,2.649285232030222,1.0057952303978117,11.438521000019879,1.6800287597626669,2.0553864291165107,5.495458394302467,1.544891313748847,6.0532018128665,0.6895109539258247,5.834247403799201,2.8494711382504354,4.34058779602831,2.8581002851531863,0.5766968412787435,1.0078438236950054,0.970703978846661,4.325559659675954,3.7442763781633372,3.547108276495079,2.651668733975278,2.6071133181429187,2.5696354248413766,2.068193961250791,3.2361072782589506,9.047074568223747,6.514244587392066,3.0465161407246497,1.4798168026012304,3.486309187346758,6.131151036884105,3.4110490290130446,3.9862934904710285,4.408535891523138,3.317260647344427,2.607799276005625,1.8893146093497895,0.9373109518969597,1.4859136061768665,9.545255295933531,1.0045881882365206,0.3769653785312969,0.905679481308412,9.571382629685326,0.7898390733676282,4.301998270815414,3.737323373093559,8.028869820748152,9.809884568718482,3.1672471197841165,1.6483140495054938,3.163362522994541,2.04323330243016,0.22876332148166934,5.628520485053944,1.9644444047339769,3.616306404804913,4.771648472337915,6.285192673671032,0.590422293472645,2.440944200889978,5.0835228708956866,1.3907431053044115,2.3096195465377005,4.019568194058488,9.29458527259074,1.5815735602096366,4.742408277668951,1.0213326601567785,0.6188629770271405,2.9784771603781937,3.4349339077731864,3.342475019905635,1.5709297085740541,2.888734896540875,0.7779719298098978,2.996599954277575,2.913551865921375,1.333619486121141,5.318134494696774,8.747762704793447,2.6827887733667306,3.462979776776004,1.5688481427630094,3.641456210826524,3.6847775637134554,0.4390288399653237,2.1324147042845105,2.4131136345891018,1.1354080553536934,1.4725208657610538,1.5105721098298677,0.9962241792131014,1.7609046906342753,0.9772148188534282,2.7026909597992255,0.8688700239925574,3.6662313653238527,2.139259244105344,3.5233240933176355,1.5328800402769989,2.9071317125226463,2.3690045567761033,2.540190539917181,3.278391092377865,6.0272138313675665,7.8811986638067975,1.0934331755089386,5.74971184971663,2.5112383280664106,11.070376099029843,2.5445889166094346,0.7493011345482938,1.9925846830946485,1.215908281142404,1.7582171740043773,1.4285668068653898,2.9634838564450536,1.9699634011755802,0.8145566709441129,3.5518464678719663,0.8098502239314491,1.5612383975834727,4.046793119519064,1.8907963521766569,2.2429039981707297,4.693273729135811,5.447162686234549,0.4143454308606975,7.260410514486179,4.701190811023222,4.510043785091909,6.373368702112027,2.606806646297034,1.0487162657584501,1.1575405478958047,2.678065967269497,4.683272825271106,3.96639832517009,4.030797189330027,1.5155693343497652,1.4077151970412631,3.628782063938636,1.0711740452399519,2.1420632231939454,1.661807223524786,3.7568355763209658,4.0187378488644825,3.3894061319375237,2.718831418382309,3.2314317420822634,1.718413226964635,3.4426001810644467,1.175212653302664,1.8351899280213266,3.0381408804488093,4.945431839621428,2.250238673257805,5.833748872037871,1.4999099956896087,1.8769432059955773,1.0472957131949872,1.9433170430358073,1.7975693438984242,6.543508914578613,0.2708430358258487,3.373386484052778,5.537368525708192,2.3151062407075784,3.034789250245715,2.8892066237721963,5.745945254226287,1.1257168761155731,3.910096653052792,0.6265035170583056,0.13511344386675964,8.15882387697649,2.544054820427199,3.4491054161566823,2.5745603402892145,0.6250118674473488,2.540021242783734,0.39036606911410304,1.7444859204298147,4.987152581186729,3.3568817738979924,2.315357366159973,5.49436334596745,2.08146658581049,1.034499286992854,3.3166290462902226,1.080283641165542,13.250168878875744,0.5494327810649139,6.020836676907479,2.9815869956993195,2.3005872608102718,1.6932672963078517,2.1878482259010186,6.711159319623575,1.3951996844992312,4.545599634110411,2.381150395280902,2.4126657820248143,2.9030183268081338,2.2492304890269215,0.7704490966934658,2.2156243197196868,0.8990997514182456,0.5278524847065346,2.6932683502219263,4.291449366219776,2.181539987743196,2.7952837115915563,1.2048012410248807,3.368584482503939,2.0546976791982026,2.267548859714095,6.928330914743396,1.2107731221410254,0.3557521488934986,11.832915202840956,4.296931480775969,7.5370723340058,1.171490084438832,7.804562088495597,4.872143237846577,1.9518515044443714,5.299344948357853,3.5806437082752947,3.441594621687935,1.2093363153448622,2.359220414835083,1.1315177116054,1.128835821655259,2.1369101010021345,1.4521030440209897,1.0200082974724052,0.8865071438241361,2.0272370185743105,7.837443233328905,5.397180586181603,1.5183944402213654,0.9925824535204009,2.781889028863021,5.211786925622091,0.7514950236540872,0.5615012753947569,1.583857001772049,0.3177464072484483,2.234621167664523,0.6077090059511973,4.393133237277704,0.7437225867400443,4.056632351258584,3.032745056890669,1.667258987312409,1.4730859298396415,0.7233498021712144,8.075317557988805,1.2781890183941826,0.6331858371483086,2.079490897304321,2.9600581527658245,0.5078263207097766,2.5082474376909225,4.331744987508089,1.4744827694085276,2.8237057702603554,8.89951921106766,3.4276320436382184,3.8889622164233346,3.8183237586717773,1.4544093244916558,3.5048428769162134,1.871091262783382,6.581790081523455,7.2045514947486025,1.5704956392750762,9.96882864089222,2.840628675359858,2.711875784140032,2.248198328347027,6.56600872725446,1.2649193764180786,1.319428995613972,2.1079874749062246,0.4683255732123684,1.993008477757651,2.550307808524665,1.789580767223582,8.469342068527931,5.738750634889978,1.993239104423443,1.0644297643880523,1.2392864989064183,1.0353821436132367,2.4553274070504676,0.8831762369085339,1.3108851638326169,2.3161359393790177,2.069200000976436,0.8816493953953661,0.32028764949285937,7.844538687812363,0.6307495293460305,1.5810608892778635,5.381412013528619,1.0551955248734135,0.31417253939299583,3.4351657529107054,3.2884112311372187,3.4918458872692844,4.491196396019399,1.5374102915809988,4.759515851305615,1.7284562271721424,1.9829204097715774,1.0156271530087038,1.797900921376717,5.379051565352151,7.744629511721238,1.7451262911195111,7.471579182013612,3.8310527383054733,0.5575905426938255,1.6114036087287025,1.3527804731499424,0.6259038797565247,5.817417627259508,5.111019319278964,1.135846176615924,0.943732549494639,1.6927201638447338,4.486434383369268,3.648607833154139,1.8236373037493405,3.011771191492132,2.2800353477586297,3.826063481461227,6.3217079862946814,2.8551263211968614,6.388523476340777,1.1700630222069188,3.087908950830011,2.024049159084217,0.6182296566367278,1.05373180389615,0.6345698418426102,0.6445638043712422,5.421202659540565,6.96507385291451,1.510904575991068,1.7474936029467483,1.0904358637349543,5.42477954833747,0.5156071199968065,17.420892903211936,4.408558959178766,9.866424526123664,2.2308719628968374,2.5831909923342393,2.877489972166092,1.2658686659618135,9.819579700821606,2.585283734262804,1.4467008554070515,1.2807869399312253,10.629314071433214,5.755731886869221,6.12921957084213,3.4956472029715466,8.728994141533052,1.7097793590433488,3.7703377433478606,0.36462176579440797,1.7301383812185953,0.9635180273904531,1.0572934728099266,0.4608192783936874,7.711965712698538,1.1220546935307338,1.932317318814744,2.6611263427884686,8.105410202301226,2.2343153757548184,1.4282483871079945,13.676703632013217,2.733346338515619,0.522202234005062,3.2200586992288325,4.145101366904446,1.060757432731397,1.0217086399474753,5.136743570873768,5.02632933363054,1.979305540657065,7.446128727495966,3.027732592600146,2.801606684507457,5.8004340759707675,1.0029258979757587,1.0778667009691705,1.6717561157386032,2.4759753374710085,1.2645770627841308,1.3744556139093027,3.1389203107504606,1.5302257264162984,2.5319127996633073,1.2464891132662634,5.176732417410891,1.4069196532670856,9.038776536739928,3.506459229110304,4.120174581309939,0.863581513493438,1.4050099873066733,4.169591557902433,1.1401249894829433,2.235409106469043,2.6630088530369473,5.153040338446498,1.4446589672369967,5.397599805423519,6.515235996459164,1.675854123778359,1.3586034473047737,1.243512198420957,0.8440796525901255,6.815129534616394,4.126533257335906,3.40218487901716,10.257839710156302,2.964727597624139,1.3754750743659845,2.3911046022263047,1.0027813570212714,1.2634180932360244,1.5303666099790076,2.8192398997062624,2.784651016365147,0.33909841959972603,0.6258509382182229,1.0318947548200619,1.8555699717331544,1.1537217768016714,3.0432967790178647,2.622195424416555,1.3521057986016956,1.5890078390163802,6.643536650606625,5.120181395007623,0.8696979308711251,0.6603847912197469,5.563212414479827,6.024138115049366,2.6494873238977834,3.312155357897694,3.3181193817336205,2.071269729527553,0.8795763476819808,2.1657604063888836,6.788625747550321,1.2695691739056933,2.3618351954197965,1.0019441622545155,3.1506015623131183,2.0280469180248377,0.8822586616882726,4.700922125274168,1.3384295113074502,1.4534231064221288,4.142940119368855,2.691605391932533,2.2623438105252975,1.6117954807229253,4.155516754320843,3.039683273877072,4.1688391725678695,2.352170198061242,5.71411515104763,1.723607354255611,4.028777089644154,2.938497118614133,0.6613628029984867,1.8972945190260622,3.9344712957470303,2.1536699078840793,0.6223895874604796,1.675243867180796,1.3921970315737089,4.5088979585630735,11.9631894777556,7.321275634927224,0.7884109928950012,2.132077751744377,0.2774876897377014,3.4767200601565293,1.9554609592629149,0.2423890096157354,1.5525016869427535,1.501876574559863,2.9360040829591685,0.8139488742133122,1.6062533702808814,1.0994578223818596,2.565978226382851,2.647160858920993,6.7177527528234675,7.403973091317685,1.6678877620370196,0.5627818610159103,2.331701908868832,1.0534823024410254,8.913214663356973,12.397720339523033,1.110553575091853,1.6706826891231108,4.809828286968045,4.153776531663883,4.525631055254608,1.2262054575279753,2.5217610384955624,1.4798169076451453,4.79482980161079,1.0907938837041982,0.3980305227727585,3.65187955756603,1.6778664950726554,2.494365220582908,1.8529050693081888,1.9021897118992939,4.537625612866062,2.048015771315956,3.243870938902955,6.741856817952139,2.475514360760792,2.437681360103326,1.4944369403659268,0.6331220589921183,1.1924403320637893,1.682198558124412,1.6105984547988035,1.2192118456693468,1.8653648941791658,3.8903690316572614,4.113381399919708,4.577769779307689,1.0396859334626598,0.9226364047679706,1.6607376410374812,0.8331061925073233,0.918565920773229,2.7796682469522773,4.153489707344569,2.2111633001315116,1.7064114015353586,1.1248859841080479,3.3992248174874957,2.013282845946918,2.099421070446335,2.3089464541805946,2.415557452785874,7.803993852515893,1.7867211351177934,9.477370011156632,0.19914344831798506,1.953628607054606,0.5088587052085313,1.6525123002102384,0.6724394663673408,2.4256319067008945,1.364295581382074,2.1655383873137932,0.6014908362381055,0.6357099284094574,2.676314136302346,2.777664746262749,6.331082569832764,9.64065757968939,6.8430259008326235,0.3884223197691659,1.001701800534918,2.250012918064047,3.237914211923828,5.498326774575857,1.3541492642574584,3.2667450296612826,2.4302288072499207,8.904714115023612,6.092428842428063,6.11880970131007,0.25945588080648063,4.607281348426404,1.786632176321539,0.9434007622247732,1.4868444174773094,6.330866985525256,6.220380378502057,2.495804854279804,1.5715673393032483,1.284945466636227,3.6838364441368157,0.29627878497032656,1.1213367143739907,3.617802175353442,2.7098267783095062,2.002947742610603,3.288808929979074,8.060390247053837,5.440194090820964,1.75677652451572,0.9885840611775635,0.6182534798754823,1.6217645311288285,3.591257319875628,1.121860054186644,1.761276604136349,3.3132703000036905,2.7830876590076166,7.122085871442686,5.57492715583144,2.9343868243617006,3.864544952486954,1.8386837079324725,3.754362881723489,2.391182820258766,1.893151963649817,5.487448496903732,2.240373619622207,8.497558431272614,2.0342064371456727,1.4497140449506931,1.859096999410886,2.960219698494052,2.0535631884831016,0.9653607820097472,6.335002522250174,1.5458075537160247,3.925892915727221,3.227231971032794,2.5487943790123864,4.337252617318118,2.628463169137181,1.6451795434648662,3.413551564047052,2.0857863622589754,3.023742532719136,2.1390194866373275,2.6107197233066497,2.2866643731418415,3.9115657111799176,1.8631952819431354,5.128265367754782,3.110791309133896,0.6336171811576212,2.3250270353266047,16.71299039455699,2.05319921688188,4.18289001126866,0.8882386864468755,1.5753717720423697,1.8607546232568468,3.973873882072025,0.8365269121900295,1.6297098704989872,0.6811822963711283,1.9715464154844493,1.5270335437253677,1.8960291450689404,3.5938902563643955,3.6890728376719726,4.074703998695438,0.7349896788194201,0.9078793614215731,1.2456749696013332,0.2900647476771307,8.965636156049824,2.1061290568444138,1.4213659774200125,0.6617369882787222,4.907338542315476,5.972294777777617,0.9079899842260111,1.4462662683317158,5.238818720950413,0.5956294214676596,8.651452313576455,1.8322147900463248,11.302881028718437,6.60114331937435,4.493250608278187,3.075406916107722,3.3019668638035684,8.76588403289167,3.7714526580764316,7.130922569589442,1.9711358359610718,4.254405583908683,0.7114338562913356,1.5454473336215298,4.758071279822539,1.248344574465206,5.055321417180414,1.4089419444148743,3.2240633246579944,2.7334272585605475,1.188344555238265,0.641255870548286,0.7648033584293716,2.5724788068212763,4.244978162462244,0.8193484997748933,1.7206151916936285,8.433997496712223,1.5375261827263564,0.6323155057623224,2.1978541827240172,2.0790052462387325,0.7960041011881747,3.333834300609338,2.1081857140591422,3.713524009571486,1.191035188893714,2.30626431026106,2.5503190233669732,5.146234945512116,5.516459925369812,2.117335355273891,8.91499006227452,1.3428159682542216,7.465519978240362,3.3063533043820725,4.89063123458037,2.342866708835746,1.8287164148488473,1.020631283062837,2.3908701099316745,1.5403436296435715,0.6164764005772889,0.9391085990859123,6.572812570343434,3.0225010573909827,1.194154898386225,1.9408269890332548,2.063374737335216,2.0208982724650153,6.6146013485717585,1.789046782989692,1.3075169470604369,3.965899259784231,0.636108162641407,2.3134941686577437,2.3270549836850294,5.569952668271229,0.9483655714242716,1.5707871105468192,1.0555490083137196,2.4180587514762784,4.7314096016248826,1.1637650777167774,2.262213616092251,2.9254712623418158,4.2178813560169575,2.3841054979798115,1.6579415267960635,0.9101575772409591,2.4130952456504255,0.9189389615988371,3.4678378400162044,1.7912774621874619,2.296647508563901,1.8136838820752275,2.0126748398387355,4.209321933548904,0.0816642517578677,9.081451117152334,4.237785005617209,1.476162811864499,1.4191568790388733,2.2421529816223704,3.420173276966879,2.157350306087655,2.619334938828663,1.7662835504234482,1.3750781912409864,5.276118442594343,3.692914620631665,1.826354928594331,3.070975429342637,3.6745432932706503,2.712065985748102,3.4134659205842146,1.3082797786856135,1.3227289250908372,5.065510478286805,3.485969888691921,2.6900685975545793,1.5532501465433808,2.8347756405560665,3.755004606415035,7.657449486923077,3.5023713021832634,2.4242850786202443,1.0075187678832886,4.6783035065103995,3.172128856033098,1.6245286939079273,1.7605135465747488,3.1658050022952695,2.067057000717768,2.974080756816362,1.9139814002650226,4.685122491118651,1.7141824194424038,1.85437769204861,2.1025713332719165,0.64809010588169,5.77142325376739,8.813176197236896,1.0602324168717552,1.381342553318387,2.539192033719755,1.5942074133165725,3.9777305164407424,2.1300134495328886,1.8880275528976915,7.234701311440907,6.555633350367145,2.516873951961722,2.7611379643560636,1.0508039947438734,8.950136316894952,0.8659260219163802,0.7313004567666247,3.648976528379638,2.575986806117022,0.7159063268552097,0.4993066570669524,10.700486649462892,4.24519788367184,1.1790368993476137,3.1029817738984162,0.7715521851400241,1.2932402206745657,2.107506173409889,1.5117206125304856,0.6845242062963746,2.4200174420270577,1.6500367586461921,1.6148317197909379,0.8187747833026495,5.024735822671175,1.1191667377244188,4.410666561072675,1.8623400480197838,0.8300012116484332,3.8996438397699045,1.4766621810813438,1.7180030628530036,0.3716730339359072,1.0872710440860787,5.675384921251319,1.6632795015929933,8.059625683768381,3.1782828983875806,5.203128162155727,3.870930499037695,9.534272427576724,1.4850599177409483,1.9205939552155245,0.6570339705535011,4.202952001775772,0.7584326902193596,4.358946629448697,4.484475583583908,2.0559157165514046,3.667379018308452,1.729993773891603,1.45429578768871,2.03406311768815,2.234403828836127,2.8634952816016304,6.216503799298371,1.347939598625532,1.5055547941595864,3.5377353169151142,4.078911858127839,4.247003031468286,1.2037913711436763,2.362273153706972,2.6952636420782987,2.879377014207066,1.6891242765508976,6.838220683480331,9.082940764945286,0.39366796399405646,2.82150149578709,1.4112997044935622,4.639980274266473,0.9653647491223674,3.0628668506671026,2.850924956078679,0.500814121193274,1.7578668275077356,2.1347723448980975,2.516110911673667,2.23418041922215,0.8372227547411549,6.273063121697971,2.2044365029090205,1.6869870555226774,0.8513940307960817,2.1503151186522764,5.4050700912967,5.43370938797273,6.198791242527118,11.333039315579445,1.0521601727950731,2.9482756887297668,2.1342942763467185,3.6489175663765288,2.2676231161381706,1.8062972637135006,2.7709276619711845,2.480177560783204,7.038371125411478,2.5055337359012233,3.0325562760245557,8.014470572707793,2.503022106346804,4.307689771872254,2.8864430047920435,2.739362184765867,2.780489478597864,2.100596290781805,3.2249980887843708,4.523565434121146,1.409051822072004,3.177433486572573,1.1634246363061755,2.2114810982101147,1.7299811607533784,0.9460055334321442,9.22186149672869,0.9941691571053117,0.784345141568984,1.3342544229316902,5.658307675187616,1.882590893566234,2.385255420805449,0.6383903478016233,1.2802989244974827,6.693219886378321,2.269612225220953,2.124800808064629,3.1357477180376314,3.6470798012696775,6.801735219522032,0.5584914777391449,2.0142277685708,4.065719243967721,0.9624998248642632,1.8999036861620364,2.5744878527578594,2.7542561830110945,1.5852390538540342,1.6088755765178133,6.855863383978987,1.4863126682894297,3.5231320253043013,1.7027179647636312,1.453204572800352,1.4468726253700892,0.29758402357260616,1.0870960717071583,2.6683594819161787,1.943929787904588,5.665188016546206,5.012829968557635,0.8709075876194479,0.43099013439658623,3.334953877705512,1.5153017827527162,2.1278276677094254,2.4050638253918706,1.9274518179203455,1.1565483916502262,1.0417709327583438,1.170058473320863,1.1641161750936566,1.4450338675054828,4.4387266786265664,0.9529255377386545,3.2270483607545217,5.967716877619454,1.8190942021831038,0.9274902691420895,4.441506404675319,1.3535807078303383,1.9677836734159857,2.6562797277075063,2.3828533510492984,5.014827754714627,2.980549888184351,2.332469013667894,3.090415855205228,0.95602121225702,3.7661771807782762,5.982532442228139,1.566672857576338,2.7191854055800375,1.703578158692392,1.304615441055788,1.1554124807563646,3.7729577278617112,6.3736128926715425,2.363398942519182,5.721720953455223,2.6269072746784676,2.3661971136808746,0.9307077738660852,0.9171254393818086,1.4973944109985422,2.6171074441322872,6.167102717994745,1.0316058738021114,5.13159826404999,2.832745052851232,6.116537349706143,15.572510209805762,6.699060457834541,1.2008821209990126,3.8277157786368448,1.0731590057015479,0.7826688091115064,2.426174296168063,3.220970572648705,1.0216649334743502,3.8092700006873472,4.609596247499423,8.936239056366569,0.23278580472901156,1.2634049560257246,6.008518196692058,3.139018779984375,1.5094229064246396,0.3887491444632799,0.8036561105894252,1.5467835037179383,4.220899561786534,3.002886554802495,1.167439207563046,1.32624411771087,5.2527865500911854,2.2078766256062097,3.1486940145991955,2.49011840706095,5.266951845181817,4.67534226928306,1.7496863880352698,4.324850732950617,2.5573313204209547,2.8422015181705884,3.875739198376267,3.5836543988981484,2.478744047181573,5.73973942542779,1.7575408379557373,3.6724838772903405,0.760245701724966,2.2701092842532873,1.3820374743247459,1.6824632827798334,3.916750015826579,2.304241858635129,1.7120084812628353,1.2485891881619005,0.14401773237746926,2.357139545715531,1.084837608813797,2.952565035370566,0.9727227932497745,0.7526684435378469,3.06035920018346,3.6034744099272378,0.6143049552484844,3.239807248999575,0.9906600578932129,1.1083109787938723,1.1934189302546976,4.419204221379779,2.28947551600383,1.6365723427347783,5.044203879453849,0.7952478102496756,1.079797186287262,5.43007853248316,2.186390398112564,6.431234902258222,2.6958445556923367,1.0585852472123989,8.334356465067255,0.9578443767548542,2.0580709637036567,16.608854275406586,1.0314887504180783,1.6627539191103282,0.5703406640819743,0.9868991231611045,3.1591999259371364,1.1271998606180524,4.754483433612601,0.6740220840387249,2.8462357915392253,10.298343224780545,3.1676984763709966,4.72811126260097,1.7086039932704955,3.3457065780843678,5.697769580819664,1.1536055515273467,4.168837451370074,1.7875389039744247,5.786403709282701,4.740879283668811,1.8914416112526036,1.7807066883020597,3.6988036838636416,1.6251834037000055,2.982563650503178,3.9785171474429846,2.54565449701118,2.515442207767443,5.092025556929211,1.0089535611501568,1.1008270421065025,0.4758082781119271,4.922106716596518,1.6528552830647634,1.9152075790885879,0.6017493123673465,6.714628023895496,4.437306435654968,1.0088895105281133,3.682204050354352,3.5445866913471784,6.235826415041346,0.9352314613292894,1.2525473081707765,0.4784487754231993,7.0824340641990124,2.3538439101752013,2.641119925963506,1.7980242390419718,3.469121039985364,4.59873296703208,0.726513867059553,0.7430748266739582,2.5616444483108167,4.160875086146444,1.7006614271037712,3.3296349112519086,5.821815192824359,0.7770792924105545,1.250932421501907,3.2330206005841093,2.829690935949083,1.3356531475161282,2.500213548338121,1.7327409882374962,2.2199209537138573,0.9004932351398369,1.1580835399273486,2.293319155420715,1.7972227167574477,3.9131413016148455,2.09691192296129,1.5786347670933714,8.728716504638362,0.6281291534118834,4.7964619467047624,0.9665604528702907,5.07552595283302,2.7963576001203316,1.3753701739199122,4.897965614810321,3.8910532344340503,3.6757444699013537,4.277715935876406,2.6334205115984575,2.65823706578895,1.7369370520830245,1.2070391722080123,0.46314301067512464,3.065185439071408,8.507643665125913,1.317567974307254,4.024793237381261,1.18862226208823,1.0169899581159614,2.393275302847978,2.3578988849109574,0.8819368031232783,3.3850511715479175,1.6844648862390386,1.8596367161964502,3.265700227802141,4.527617034474367,2.4331233936091,0.5868289983246755,5.590535725458986,4.05636060678244,0.9289709056740566,2.971160726006884,1.265444782848683,1.1285984695637041,3.4421377255339682,0.733692325221553,7.146309243884264,2.841197588777912,2.5518750573582305,4.626773702565033,2.22981117325846,1.2366935732682423,1.032534805225967,0.9057912898290146,5.221423325244739,1.532602427675,4.3362848673339816,2.9871083887042045,1.4451472206511315,2.2656795867375643,10.688372851669886,4.677295994968548,2.201291933003953,3.730306519185005,3.1436663133815514,4.063401553546723,5.1514003704483375,1.6974648966501324,8.653805328516981,2.6261459293489793,2.3291857331040924,0.2778109865614874,1.5603371403783635,2.7185768793846528,2.5125083988548007,3.9422594211309385,3.219338773169552,2.1743985540849087,1.12472661023556,3.3739551099431004,6.1862521715713195,3.4086889122358364,2.1635662050751203,1.0513340508940268,0.5787169275611864,1.222243816341503,2.285905140372661,3.3871848063041217,2.3938367511107295,0.5482959016181468,0.7835596086014502,10.362084102590998,2.598592720378164,3.209837777088862,3.5605568502805114,7.420076083023535,1.7856017163049094,1.4409998447006496,2.0316003925200574,2.4948597385278544,4.680673467632391,1.7604036498822249,0.9963959283953825,3.2280692990284106,1.3669643516686358,3.928726578866932,2.5940780802906045,11.146538269411908,2.9371040776196002,1.1425270921447839,1.8357641651114585,2.2083895123171176,3.978731050446146,3.340123846341215,2.2505341965727435,0.7596861821439523,1.150762651478916,1.0275631100317661,4.972080025962009,0.9822027985264666,8.48927523220637,0.9066259820985695,2.2995145147999034,4.506460898741761,4.580165590411097,1.9351960927664704,0.5709726902048166,3.513822790432939,1.5685658957205586,0.6277683936673123,2.996518063561579,1.8584325971330733,4.2492972407905425,2.4888609385744473,2.173876944932604,2.9007477970853413,2.4453817026565687,2.5586692598462544,1.61368617145269,2.4848218738484293,0.6492263934261708,1.8497757339192917,3.955998290544953,1.4649412130193817,1.4859036482603851,0.24011352999272104,1.640275413457278,3.418554068662625,5.090863764402334,1.329050600327323,5.485277941466577,3.312752522613339,1.7507339984840398,1.8080479895332695,1.997405062802955,1.388321523573836,7.795967934447551,2.390414095784012,3.186087226660711,0.6228494549246706,9.172169107288376,1.465794063658697,2.546566529903292,4.498546444260136,3.5583742551314232,3.8382065490025052,1.0036148558230051,3.0976708058258184,1.8389987436707547,0.9537633569108972,1.1185809879974626,2.6224210511328385,0.7622686970257001,0.6146039586783185,2.6007183483879404,0.42401066335481047,2.312306201006227,3.765281037085293,0.6842135686911923,0.4740930616848435,1.1032491360182273,3.8909184395549485,2.9461542238000744,2.0352411832695956,2.2811787962854986,2.882986431520759,0.8030607244117672,2.595361539334616,2.5389665587823287,1.607408710292547,3.477565335499363,1.2467718749669907,6.157090041579912,6.352260225693863,4.915938981968719,1.2376883364699625,5.908922705748044,2.166029597857965,1.065559704217827,0.23750733677580974,5.348946829357267,2.9588224452324305,2.820265192505401,0.9833587327193424,0.8688855855433335,2.9602053580020553,1.6513977271679599,2.454710352909964,8.578259182769445,1.904234112598605,7.818531427954275,1.576549449477306,4.163008846710161,2.320280669781058,0.8618353141335475,6.71580515484233,2.218263355913949,1.6211421110510005,0.46253583580461144,4.777465660084383,0.5204231900873767,2.760808903752252,0.24445735515466463,2.0365080358131538,0.7943419015888731,1.3118183790510354,2.4438503346824714,1.3253895817289452,1.9920119583826215,2.818899600895856,2.4836531702873503,0.7321869488850855,1.9378711423023463,1.0164938060741964,4.258687722674882,15.45339037968801,6.333989286942032,7.225050441200989,6.049064342918634,6.948884727401313,1.904178052954065,2.811695306927198,3.6611794533260156,1.4620449829835707,1.8460805895011203,2.071218125791486,1.0457342831501373,0.7411307304803544,5.467009218733749,1.0494491678406153,4.863622480886181,2.055917123648551,4.052527867524663,3.9069959143014708,3.7777956002363084,2.658018111455018,2.56363174041605,2.4833147410897474,0.9672174991147822,2.884772840727058,6.156303889077728,9.009747323140708,2.30605018926386,0.4928677956478042,2.252958277716967,1.4044565663133328,1.566415889074841,3.8966658732290194,2.874167183512702,3.5910740912905696,5.167466033229582,4.552510429228191,0.6268954796946087,4.782881783993406,3.0629843618343506,0.7413693660313915,2.3627399397080704,2.5975130793060757,5.191015274096571,2.6854648498806206,3.2262816854996577,2.268888926792174,5.299636548308718,3.563430793665893,1.2174332157106373,0.8120892917578583,9.260043952614426,1.6372137470921238,1.6513789136971768,1.871670482524888,3.8885625414668805,2.276376862055039,0.9033379514212142,11.151781267498901,5.311666821820932,3.102332948447865,0.9234022787691081,0.2919439934718946,13.00630814333839,7.260301705794232,2.318951179713659,1.7684306479110585,2.993337150374688,8.380622706936235,8.705669299578677,0.8945284317732232,0.16569005109577847,0.9623922301960104,2.1287602697051495,3.4058980017822753,5.191659814100756,1.7819374812891666,5.275045829703373,3.115285687573561,4.77141118170147,1.5457574638181109,0.46158213244328955,4.990666498494073,3.0648297718607154,1.0897680944547876,3.9023949930893123,1.3868821484132314,4.8016791339425025,1.4246317375166482,0.4920034854051048,2.6298638987800085,5.090805227188923,1.5580626412036946,0.9988540431468285,4.9273706950427,1.1904517152193617,3.3960809896155593,1.286733803261814,3.4772814050988305,6.654447951478155,4.960203327805667,1.5758410334114827,1.0098321172763993,1.791217686922443,1.5395136028990035,7.744055675341922,3.6103734478291307,6.113678203963035,2.685276097973695,14.07165636408832,1.6311442408954016,3.3443675227335152,1.99809399448413,1.9031419122168065,0.9879295749926884,0.350678942695842,2.860828791382886,2.7652415946379874,0.6634155430809191,3.601652467669194,2.1683211874398887,4.218777119600798,6.760682996604815,0.8093637568095772,0.4679197256527423,2.145107366523556,5.97287406481241,1.7052968305559937,4.7296628569998385,4.520726461500415,0.6505983588843962,4.202223454596604,2.480798345064506,0.7930819794491996,1.4592675795961387,3.624038771171255,3.0640575773795575,6.881234552525821,4.338421440280271,1.5854326124845926,1.7456060745528599,9.874291345725824,2.7984013492718547,0.9006377972630402,2.245253035868721,0.647681828270027,4.095682501337468,1.2376805529728583,2.036674161345586,0.7773721745186046,3.391730310792202,5.587879821303626,4.4169648596844135,0.86298383868031,0.7298045895785148,5.062158501123797,1.0227231268675592,5.320826839697515,3.0426475347059116,13.379044359797023,2.187578996506285,2.0141041332781873,8.038660115524616,0.9995473394618244,9.847658229708252,1.6999156908172894,1.512293487401148,1.4059796952950796,0.5856656525331265,1.8627170966726911,1.614169788133342,3.9885030761249243,1.3608182101945536,0.7388387339229117,3.288402914837619,3.9962992691050343,3.635441415944455,2.274957840773502,1.4329927733582104,1.852202609302123,0.7390941628362592,3.4595961852985946,4.434090454899695,3.4185676242566982,1.231192299428053,4.883229151240033,1.0616945086757101,3.444758296299005,5.189089882574571,1.496339765830275,1.4571788710296367,4.640885347712905,0.6033280707346178,0.687014861226387,4.217958272194185,1.4305950140744859,2.16643406053984,3.1451890253773707,1.998400914732388,1.9715661002903337,3.053052953444755,1.522461872250605,1.1429041640105249,0.6449165531264447,3.824706277296671,15.557794224204782,1.318122972554053,2.5048827030340703,3.492337964836183,3.7957181127737005,11.818982176287347,3.484372690346307,1.2848213819072094,1.8623417140376817,3.0431782234586926,5.494837292059536,2.4319415743414705,2.254477444150208,3.432309833111758,7.852060579361065,8.357193939466386,1.8980798806839319,1.5423702198711315,3.3219853731083813,1.0467805293883286,4.679368127485414,1.9314032897004612,1.4874087037282369,6.026753099014574,3.299360260402687,1.0694832085070618,1.0388612749331145,3.084389795346673,1.4059109982440434,2.228283832079885,2.0333485316352884,2.922240433500488,2.789150726176702,2.391154483341036,2.470129430009155,4.380836276454678,3.4575754719019,6.164465156968762,4.596223586709444,3.077714578546908,1.2553062339181627,5.349049830875868,5.282954003579744,6.004682139441252,13.388368691011658,2.7691983701486844,2.050930455806493,3.7058509126667696,2.1961738973809477,3.0521099096411386,1.9497773069946727,5.827056794838359,1.5586201470971977,2.937190443026721,2.0666611316623973,1.168794960004427,1.837692720652576,0.7265747430106247,1.0525692479809972,3.021808686458271,6.522637877631734,2.0887568166270123,1.5358487690736284,2.0126022036116726,1.0594237842086753,1.9820920620740392,5.4083272200097054,2.889355433359779,1.087767525050636,1.1570758666793193,6.8560087754552965,2.95259105927883,8.08466902119252,1.1694608424285153,1.0616339619016966,1.9593651031431447,2.6329258191473732,2.1842522432456897,4.887683741799824,5.711106764895845,1.3745137341414817,1.8539305583466497,1.9295376349884636,0.6632250382074162,5.189174765215262,1.3693380633488172,2.47885866163164,2.2513365439308926,1.3307282455977085,1.564934145875523,3.3815245317368356,5.408015984813598,1.8590546551950744,0.5594415328691288,2.6531474788377403,5.530688055144317,0.8887050785894668,8.051808619503694,0.41171200883143133,1.266132178173402,2.3564785206718044,2.071123935775783,1.80041335329281,0.2804344651836622,7.294986822030616,5.267746362996962,0.2998293538317247,3.615663298962237,3.13066499290003,3.584361825476803,5.482955394779515,1.8141773079448535,7.024198431251025,1.5179864600534496,5.556192411900776,0.9190429647188431,1.20240723832559,4.205694407430609,7.519297353768198,1.4463532618432797,0.904685197233538,1.0876379486189083,4.995320443078535,1.2707228065371223,1.6425171142441313,0.3939312335602594,1.3715561276129526,1.5631080768751302,6.295822242111102,0.5531561426998411,4.0080831143517335,5.2499588454777335,0.6955486257673766,3.7879864291810668,0.37814333634061675,3.1766133655343634,1.8063555484090712,1.5775836406403316,6.672372427461354,2.7630365366890435,7.067726270589393,2.072361132669023,2.6438983310617608,3.2566572853176132,4.327732783427024,1.4627135895681185,0.5821793784196685,1.3528717202034375,1.2771259722574577,4.8020618018077315,2.8901416947691043,1.399517875528541,3.601382050992139,1.7139698772751963,1.2505899658308117,2.7482203578264732,5.956941165581843,1.5753177158775484,1.563538270372611,3.204812968045423,4.872710328308981,8.391604330921567,7.073718680292699,6.5208392611946415,1.2290658911923689,4.7988169491675,1.560236347902738,0.6693359628438142,14.023843713185965,0.8208706469764921,5.636622519848525,1.7542910239485507,3.221362993642758,2.056638602940701,1.2720096832282144,3.509322028757154,4.189872050734863,3.604252988868821,3.178716500568784,6.7017623770299055,1.0630387891672086,2.8054053878473537,0.8684182948778646,6.892682686617441,3.5579957540528993,3.545231836745424,4.975386947093561,2.775809730372539,3.5772377012434875,4.351369962848974,1.5837588246918788,2.091193320860587,1.4086976819088128,0.43770096908324796,8.06803158575374,8.431479591128985,3.6098983960300557,0.8335158046137807,6.009954110785668,0.8987066325249307,1.9553287885126085,5.47710007586704,1.5513889393311409,0.4677006847626639,1.285446448540233,1.0568647621425622,7.025079604924259,2.040179186677866,1.1942323627343199,2.07750869849448,1.0818927910941623,3.20494211763509,6.416256481915587,2.0764617551381095,1.7581481836781059,2.042040785111517,2.068357453167185,0.23317410240460623,5.837976245482152,1.315076830652477,5.307861867387548,0.4963794026720028,1.3988047003631614,2.203949729558468,11.673322420765453,8.191584026165986,2.1013957544218433,3.2568060951734212,2.0611477518741412,2.9317723716674906,3.402306675776856,0.296727523663951,4.65561204734269,4.047847792708969,0.6099701217101265,0.643520557268667,1.1852631744793571,1.4329776489146837,0.7920819808957468,8.0743813833347,1.4041496529740791,5.092326809302079,1.8056538330742709,6.157910327060229,6.963230983163016,0.8522482302129952,2.8532677347085267,6.842233315525789,11.913270534519484,3.4706456372185017,0.5143756248559216,4.0259101891219675,0.852266213143402,4.041842120663893,2.203980240448795,2.690733533465387,6.606558850414869,2.770469446456799,10.541806309343487,2.173270379363886,2.29463511371881,3.231578636127524,4.271077660055827,0.9425418760123052,3.489187045418009,5.315717687970212,1.3158984174977337,3.7499339840754793,5.237087134651517,2.08037386011747,2.015045073914677,0.963658984665139,2.5546028146709716,0.9701329678603117,1.0357623123638227,2.149926702538856,2.68468735829335,6.718556138321302,2.887184844434605,1.6866587178470367,0.6648463184579343,1.0707872239875795,3.5788613900807382,5.782999512340116,0.8832598369218181,2.7706949760859914,4.69876018019563,1.4551603338425152,2.603468992355702,1.376265597892538,3.1977507198795863,4.525980289876031,2.462992897839652,4.906384203183709,3.6659057358379252,1.5486299299642652,1.1084367735821818,3.2771005553293415,1.9919224756703922,0.304538655679458,6.439409424215985,2.966023283839254,0.5555560605291262,1.6514228676001568,2.0341316548969037,6.299195386025905,0.5348699545732449,0.615371592524343,5.1611678341337734,1.7092404411706597,3.7190888136016156,2.910008024968512,10.14506837655139,1.6549397753354014,4.257404053537986,5.015960230290968,2.2198479929938544,4.473997261708212,6.0434089199874235,3.2226672036826214,1.511743006173574,1.0851183242801103,2.083270003892524,0.43058135179585383,2.5206740447464866,4.719495985190014,2.2521599643692802,1.313515846395707,1.1720824166909773,5.7194909075139835,3.2513170019536797,0.9186588239107184,1.6656389781013599,0.7912839723505702,1.1597173777259535,4.244324858880293,0.534502421914734,2.0755938731558605,2.0156927540674183,1.3424982503281062,3.2562869743660907,2.119987756651516,5.174255118732654,3.1592158626203113,4.17043334162842,4.622521780978398,4.999974601769801,2.0327143050375605,0.7240683325870831,1.6334379039004667,3.439912041220732,2.6367971050313206,2.6068773145834725,2.1296847222324122,1.1599182771723346,1.4160935144323294,1.1929314943528657,3.184527273646931,0.6984012789705524,1.4598431907711373,3.0251268469454975,0.8917996697117353,2.4681410389370013,7.590949461818499,1.4888045444533369,2.513764552372336,1.7683534610171394,5.893815287536048,3.231512366692413,3.9420863071300896,4.034431701726997,0.6954403574649732,2.113881600691398,6.383297856379291,4.511267625936401,2.11594042016537,2.2785097854466176,1.8826895543385218,3.3564790440001167,1.6175369191251439,2.162835825999471,1.3727085996059298,1.1473167888633913,1.2801026407167846,5.48380730253072,6.652333159556843,0.6772018012428127,5.762488135325176,5.184209376413104,4.558208008340896,3.3486197460577882,1.5515471257762046,4.536712395429045,1.1369599516421955,3.7596431633218157,3.2837290252383338,1.231167245503904,3.5196818541039305,3.0825189384383505,4.601852910588572,1.726475393367396,2.2030806710751514,0.9752160674379403,2.556247357451739,2.003554253945077,3.3548618278454856,1.9247257524221506,6.237485912549166,2.466380704180608,3.0238686670023003,1.1842122064636327,5.9041466617074265,6.013966770870333,1.0874690231484139,3.2666598775505236,2.1848164041046334,2.1683674742917782,2.2747782940295447,3.852203480586109,2.199913397050313,1.0694510765188032,1.7620699128855601,1.7738111755103922,2.192622010424106,0.4398961683002989,2.9587461793741765,14.45297589752202,4.043461429484987,3.803823858438703,4.534801067026191,0.799397008515009,3.2743401999811104,2.0589785106046077,2.5769722449976826,3.817014641894785,1.7777600754652765,5.004054722505133,2.7846849694750193,0.8380345936885201,4.018290902668012,4.008571180826965,0.5865339038473281,2.0224086055984962,4.062932978092213,3.0738121089561843,1.1454024653686643,1.0261599922813742,0.3795812164465826,1.9286742508587311,2.0108679630922865,0.681766453038036,1.2853965367676916,1.3619090038231216,3.019922440075685,1.824048858379988,5.422465417453673,1.4389759537271534,2.3926416722595807,1.785086130550379,0.8697371249756485,4.814748361557668,1.5523154667793901,1.7440726869719185,2.0525126191282235,0.7493808098768231,3.9664324439921796,5.824306601934488,1.0738690348287272,4.068981734916579,1.6283770382670069,2.9278004653469814,9.223803053644076,0.9163438092109029,3.754564453223895,1.5343312792395134,0.7367698421688618,5.613900609058473,2.6833764504182387,3.6951895827697556,3.3262181230366803,2.639813256234254,7.99314509230618,1.728000293826089,0.2946801652946592,3.5352400251589318,2.8772291443968503,8.216825533165395,1.023378574750537,1.0138023542452488,4.579506991335073,0.3971051335538784,5.12949603943183,6.487256432521833,4.539380354798995,2.242604839949531,7.020052807049148,1.9302751472882378,7.509828307308848,4.710030116894574,3.1098036680171894,3.429363834233992,1.0450905741382297,2.0836430496182885,1.2382804522292292,2.6014413136451147,0.816255481210706,6.302845668367122,1.6509237671203292,4.6442371692040005,0.8200841543148434,1.208764379029474,3.1556171653193372,2.914103892414029,4.479504821866669,1.5445622453826595,4.233170666513716,2.9117551477996515,1.0610539299085897,6.808100128372574,1.4162407647581212,9.34582568203169,7.266570987428071,2.2458486890814906,1.3312165888511711,4.7617934891042335,2.054239358423352,3.566940049932409,1.554438208584472,1.8599580190453167,4.186871344570249,0.41666200745105386,1.6312322679312565,3.5330208161245884,1.0481123887121941,3.7228908254600603,0.653783055379839,0.6732233939249295,1.2790412300219876,2.8255270669113584,0.4741119868970034,5.485083419833294,2.372088551613538,5.862879988752962,2.0774696640379653,0.3627906976513136,1.4907697460049403,1.521643377299115,2.263948524439736,4.557140249574736,7.760904287951188,5.108935819504824,1.3444310341072636,2.310867360688647,0.7872837875253215,14.213390769281494,1.7279026611524848,1.9636516855996686,1.5439429629730756,0.48027843465693093,1.5010114281353446,9.533216558792644,3.7589563296274746,0.719628235153851,2.265339457095529,1.6046870292539248,1.9282083033222441,1.6096361463538915,5.578029885975333,0.8547488042151461,2.460430133451673,2.129831580979297,10.178507353025452,4.918440597648711,3.520793060669937,3.474745126276753,3.3070212061883524,5.170696470792966,1.5270568136800784,1.662713289219253,0.6481710117725591,1.0760390575199736,1.612953638044896,2.4636825079243083,1.1109318189788844,3.4427262229416002,1.7063582016720684,2.6318119327433322,1.6091584168315516,2.889974206523187,3.2695198558348,0.7868179716341654,1.785768108000569,2.9610157232494982,5.245284002608604,4.494284411994892,0.8239274898463902,0.7448716542930975,5.33321686881144,1.7233150921037725,0.8442774274981556,2.469308787919385,6.667290869457337,1.524160302289699,3.386257571642195,0.548844910645365,2.867100313888701,2.0831018818496245,6.173838113517551,2.5580344111040354,7.7809529737809795,1.9388560716526677,3.2983549799717515,0.9429434903770229,12.255016950329107,2.1521966925212723,2.0148096539891136,2.3639364328351493,2.9984390147561992,8.110726612802992,1.3545300556127438,3.1526284700669893,1.8434475083758461,6.991685808273441,2.4711229121897813,2.692841878148517,0.7329515631690576,1.606154827863826,3.210228014569564,3.0636316088520283,0.8314637441708733,4.103424662736298,8.60138271069975,1.9042692355461024,2.907934995398123,3.1658284496184996,6.328133331183126,3.257665137595647,1.8933361721725648,3.358142869978776,7.38335129986076,0.7130717173247814,7.962314337541393,4.7711980024743905,5.195020561659813,1.948603488844079,0.6992955479121644,1.1375116385103992,2.349962517312032,1.0507196376216899,2.5126602232225186,1.4948248223348513,3.779461927025783,5.093285810171194,1.4015807503802624,0.20232084662726157,2.984083704241031,1.3221347676850665,2.0067965592613572,2.3154828476709017,2.270668668773065,1.2879776672832555,3.790155621310357,1.3482503777540016,0.20893285033825948,1.04262423867599,2.2317825825218582,1.0832595069645488,4.830009480906931,4.48639986341518,0.8519599515822083,1.5307285782032538,10.562910307101571,0.7835978850456669,2.817390635141813,3.423462893248785,1.3700973357820228,2.848607581106518,1.0675649950884798,4.572286499921091,3.6574523630825855,3.758815480225332,6.5365170744843955,0.44731450811845463,2.145823390095672,2.984103625917678,0.8878765247771974,0.6373346174832337,2.4182288161210055,1.0742811663924146,0.6283213892532347,4.384803822810715,1.1007758201068296,3.038861357297597,1.6931280252222929,0.29362108740681037,2.2878924177963205,0.8805744411481811,3.721311930771567,3.771880396583752,5.556970918828589,1.3778701566201366,4.109781952561239,2.474581296652869,0.9531301880458418,0.8598316573205269,11.332733141222981,1.2901044034036053,1.920430859460919,3.8764540973196295,5.984634013541349,1.96320074645902,5.415221847469107,1.2536807037665412,7.031703457977003,0.8005973085897412,3.052243047235152,2.770063102660511,2.073316496446425,1.7789015274475912,1.3404111524394942,3.9177994513772543,1.2167177134344667,5.628972572880616,0.9869517865106994,3.819447080959439,0.9271499608988345,0.9885238340870597,2.0241433788595535,2.4276283230360174,1.8961213839547797,2.0949556479026477,2.7260094977829277,1.477836286462606,2.6791238424846764,1.4835507534306467,2.010233006737363,3.62748735067158,1.8508362639309728,8.575013110706328,9.178479207796538,0.6805757690306491,0.7180761884104453,1.0855013593501648,1.3126371418577478,2.560781123156033,5.2304755535929335,4.911509292429228,3.225225148295019,0.6928063183832514,2.083067567715185,7.813503554295278,3.1574781887742165,4.981530027184398,0.6480547316151734,2.101291134542343,1.4123365832415706,4.036595940142565,2.039417069386559,2.8255864490145766,2.75973778069372,2.9000812000729295,4.583662493835631,4.1254190074604,3.031839055841958,0.7551819441117825,0.33925341673407644,1.249514476584043,1.2022832047789809,3.236727800974404,8.500828201697802,14.787552655471174,2.357920477957568,3.681927836462683,3.9425004103864962,1.2709846011973531,3.767789335218601,4.678036033716146,2.648389159371338,2.4744187133072844,8.613170885868314,3.2543675687075084,5.844655205584063,2.8041353864597314,3.006582893101997,7.766766371562238,0.4445330932245728,0.18151234189090118,0.7707472044687436,2.1826999836423777,3.6325098818834114,2.9892154454254527,4.280734416492965,9.06904123295306,1.0221065291607534,0.6308988721624292,3.245515797039936,2.668689673549979,7.429786568047409,2.5946648568802395,2.5979830200744365,2.3425740626778064,1.121101912164312,2.8416204133458587,2.1973125966045948,1.4451500321981885,2.2958358589944554,10.17953849911353,1.7613326402001963,1.5227719436877538,2.8321992454436273,1.3428116383992201,3.0142346482261084,1.1001041485339889,1.312375065788271,4.132541702783677,5.934062315641385,0.5527086516725241,2.6794093425956076,1.562374709523091,1.9887591712025692,2.1644011122840525,2.9504369070264516,9.32960622443297,3.1527151443702586,0.7758497674147584,5.808873475179524,1.0116643716577207,2.046065271267116,3.7505304735027125,2.9128462094906795,1.4570025568417861,1.7177730064084547,1.054832165559221,1.0453061931474095,0.6793778074517254,1.201422635388868,0.5695225504067698,1.5246897271382829,3.0561499825601692,2.3989840486856484,1.0960730278178823,1.8600649182297722,8.971075529361261,2.067758540358301,6.9265672087786925,0.8575451649527774,3.402945985664581,2.668032480735304,6.04967022247611,0.7413588332289975,3.2241866451546457,1.4771314667405355,0.8575819770678712,4.8124789047265235,0.7171271805771033,3.5791096072218047,2.1979110476290833,1.2082917459877545,5.447849315890686,0.4582404487494548,3.2523985005103526,12.221210456799362,3.027782542121879,8.278856729610004,6.1769233119603735,9.215789746277968,0.7317810363028355,1.7907858066370865,3.1544433311853015,0.9336673374754165,0.6028057914064877,1.5466117585345769,3.512681762794111,7.8242553544072475,13.242723531438031,1.27168393781753,3.7156609924694495,3.503890755971744,0.2733462488960031,2.358266944265567,0.8759978417026129,1.6529231890154488,12.27124521304713,2.2979297077562983,1.9456991314062468,4.753950829393915,2.190574643701864,4.737819927209585,0.6062159242771941,2.0057864756987476,8.334233223006848,2.0561383533285533,4.4864382979492925,1.6298143548156179,0.5231412134581874,3.350538152548249,2.536354501894962,4.418442293850888,4.907834295590509,1.1875045169509948,8.355361049928113,1.7145435519708292,1.450503088754285,6.947819316056827,2.4923859063838893,3.656385378789095,2.635441126649595,1.2645917018882218,9.17107018809038,1.413013975029786,0.17401472464515239,2.051860578300553,1.0286485603476319,0.7776277821857761,1.186102937832831,2.256654548830388,0.34090460157226243,1.5149861847894748,1.0674673477270678,0.47501922357774007,1.5084482620871833,2.7167958655432045,6.431031455626033,0.7936324817534057,0.8703121093187458,5.076288245476833,2.174705664304549,0.8124371282730244,5.717451497956688,6.157872249159176,1.8845713094418586,1.3577903452078859,5.256333081357722,6.592605975387586,4.636099875894905,1.0947837638824987,9.776881968174305,2.594035402829997,1.3048378035533954,1.322489694073546,2.627722764528773,2.6534271338155775,1.9034582793278583,2.3158774020387085,3.629972439019404,3.6626810461338337,1.1785684526637201,2.649506097411408,5.022067508967916,10.083491672319003,1.8953621224042532,2.937948107359399,2.2702627750762763,5.345817570123137,4.297454613503274,6.305816366162587,3.1846833393398595,2.1387936122220963,7.3742073232433425,1.490969032888362,5.667043436571748,1.5191928219707187,0.8421060890667544,0.4371401495289991,5.002764533891552,4.875435851784611,2.481768783183318,1.2292089741244228,1.15659534086256,3.5282390481218044,2.1545431428547213,3.0915702791420685,3.0110094929146527,2.814362445805307,6.8701061737264935,1.7526829413155323,1.3389142909737823,3.699246384467514,0.6652807366609316,1.0227384133674207,6.0148710641662095,2.1841139809574845,2.324685726224881,0.857004187232324,1.0057700884303442,0.6986002232792461,0.6099756076186129,3.689413098836706,2.197342705823782,3.343293775910801,2.6377595664006317,1.4808500296824159,2.071343286014921,0.4438761875257514,1.2929783914577269,2.0588343005328094,2.4304988157900733,1.8726853840270405,4.65576341869319,4.568970261783527,2.6702116723536995,1.0645597885070501,5.769381788167242,2.2656052889179064,3.8625049576317676,0.6615224895504834,1.6536964412560529,5.22569029143902,11.26946021383513,2.5321022103679645,3.1106411781284735,0.9963261433162806,1.3967546085528904,1.1898353889044933,6.902159968124946,2.5156188565994717,7.834937395419066,2.5674616762610802,1.5965243218590186,7.55219658952653,2.632215526403314,1.1245029180648645,8.39275426897228,0.4279279691763789,0.20868170246723255,1.6688848453641965,2.7517903993354165,7.225968520333988,4.0273663937273625,4.180615156346747,1.350927128275808,1.3949443361382776,2.3382308629707595,5.614205441988523,2.6542500523516557,3.726071931589899,3.2883047638002774,1.3850593447475366,4.532028893688824,6.4077687880676875,4.159758229400438,2.5484084648668923,0.6077042673209438,0.9608793299190638,6.035057432184777,11.846388230519745,2.5583543759749574,4.62570556059234,1.4259643487126163,1.5738305139137978,3.773556098843931,9.223948200990227,3.997785410773094,6.118916721597625,2.010161515876031,1.083818851810227,6.7051327572599275,2.82641370505034,5.114827278302698,1.3263914935682328,13.854840827857053,1.9096508660009723,1.4075422693367088,2.532744922167703,2.6197461816036665,1.073693795735978,3.118132649610287,2.332742547310121,4.888644294159108,2.5097667421912706,2.636841233921159,3.342412987171501,1.2418874517997243,4.799443528400861,2.208804145292608,3.6935349476300234,2.6180084245746666,1.0004993342625277,3.015279480217406,1.0912920239426294,5.851928324508184,2.15455733716964,9.801176287028731,0.5965724965522702,0.7482194693806563,0.8945118458212141,1.4525838606777908,2.615009271460163,3.200245354614118,2.9475886047518283,9.289102311644536,4.653017031921576,5.874691343131156,3.5799044926561936,10.454640819409352,0.8967147060419709,3.026771404030424,2.531450976588114,2.3941457275689384,2.2899551666695066,2.471437336528397,4.381284096576299,0.8020402967935221,2.117207299657327,3.0914840710888756,3.1860152859575077,3.083009715530181,14.113500618566235,1.3870144470736658,0.44717747136082664,1.1331529972775547,1.4192196803693338,2.1627370382548143,1.3966696006450239,2.815274543077813,5.789013734513941,1.8338204691805287,2.18832598139956,2.442245111013542,12.440633513103794,5.198051144182649,0.8071357418391908,0.3054540334900375,3.5692816713700597,3.034672886325401,4.776486371371299,2.2815630158560527,0.5975982034659204,2.3780704421571333,2.2671642032993375,1.0376751812468128,4.14495756975355,0.8298240856284469,5.508542488846436,2.210799884126816,0.8312715347660566,1.4433573618564768,0.9956369090703778,4.55609128538402,2.1804271895330443,3.0042623127245123,1.8691234873098566,3.2654059790615806,2.333286057296872,6.120405380618313,1.3327151086353861,5.784064388062917,5.982304034877595,1.0449327151103944,1.2649607080397516,0.8861952530554271,2.8132389908331734,3.889790364983302,1.6773324359026265,0.5983668618169511,2.572885491939566,0.44256947923135603,4.736948781837572,7.36331727395075,2.8645468759280863,3.17487890922976,1.5537208748146194,4.671221746053607,2.043849556629788,0.8620222041158148,1.4115910157702125,1.8458537062321148,2.6544666551794567,1.209272904202448,1.8449621757453878,0.6336794879477288,1.7580038892466239,0.29611135743531913,0.4069719805652102,2.7546310794926603,1.496273865504823,6.115033091920243,3.8144713116046507,2.495368098286506,2.495930728768091,1.5939262898486348,4.346768198773027,4.49423885209813,4.744586564324291,2.2745067791711064,1.2871528112702895,3.312699048353058,0.40415130346744715,5.514317150508286,3.1633403533974875,3.735940989033311,3.1213596374249333,1.4569888786052572,4.289180623656087,1.0343959355793673,4.184698352911438,2.6243269531775275,4.822191751157899,2.046962901116079,1.357624264037371,0.8676907549091394,3.0017452945479834,2.1532501477329924,1.5610668358323938,1.0926374077079173,2.4364131405176073,7.524809928028436,1.6918994872343835,1.8301705275818847,1.0380945963125991,3.2003523161986096,4.0710962629107526,5.195417287170669,1.8585201281225863,3.0928861092810918,1.230872203505703,2.8058059704918925,4.161864300622274,3.6190815706157817,1.0238214299826032,3.701155587806099,6.3699439302314715,5.342772006389924,4.291680859249236,2.125474176120852,1.8839572231724797,2.997061522653726,5.362236704669798,3.3390671919543577,1.2570281625505613,2.330237870345405,0.7286638359120375,1.7788865943733494,1.5557145302516056,4.990868236406582,7.71204633173853,2.5077566085297707,1.7693522165974984,0.9491291885421838,5.699132918417547,2.077490506854052,1.202337484333322,5.172474471649891,1.7390055603368129,6.096353152756869,1.9713131929685046,3.717658693840497,2.826031912100385,1.8415808132873126,7.2608244845832655,1.693081028614373,1.763618497141525,1.831618931499413,8.277134138671542,2.9371237088430187,6.484751458589847,0.34242203838198004,3.2897041283554986,6.381182395623492,1.8387145623147243,3.9831918569660374,1.1680767729967478,3.2296511576594273,1.5729867606106054,4.030171431309524,3.683008104297155,1.0839974835500261,5.201065402209473,11.776193724358606,1.8540525869844167,3.35806772288929,2.390147989897511,3.7270226292652975,2.4975748229973016,1.5158408756722717,1.3846957378622757,2.835832271554189,4.244121447927071,2.35595818482962,2.9649107992502146,3.0921679931729424,5.168473051001206,6.359204872952516,3.0182918942243333,0.7199702945774962,0.9716943269929929,1.2800287254579545,1.3030728963295155,4.596389145012039,2.9886730894599434,3.4390833397255367,6.005528556283329,6.420645152776484,5.323959394839799,2.0693629734007857,2.407838778117755,6.540909075368302,3.0915203483958855,1.6667742567705872,2.592781205965803,0.4373279943927217,0.6970337496325139,1.5669421920595603,6.311581271224526,1.6998979551570577,1.3485529790207282,2.342278621282515,1.028287143477142,2.420296519309332,1.0421669202417334,3.2188978919205526,5.665451724426889,1.5652781896141552,0.9287656296169852,4.548634646283071,2.186393506991564,7.534265437426929,1.224416657423234,4.121899894988231,1.7059870978436724,2.522580977871961,1.4036866431592063,0.9471209346746302,1.365219682618528,1.8947794595957186,1.1498471914418444,0.7835232786063377,1.8629955784068535,2.2359260049281904,1.2974416315350632,1.1367783459546648,1.14789065204045,6.329404948623579,3.2007832278336386,5.26462215639451,2.6624404190682016,1.8789554412698382,5.163571194224282,2.2040211536960057,1.791430992994751,9.249495106032473,3.383341102107053,3.4285735237319805,1.1202113181955082,2.6730197358275123,1.3933598171422543,1.6556630959207839,2.2822540614212534,2.2552980825807984,1.5555090320291116,3.2876080525089995,2.5922516559533006,0.9863017417799662,8.207063780708541,1.0106783645202457,3.3790129707311465,9.762097627976749,3.9928847146999207,5.57801798845503,7.24244528690451,2.84416582197095,2.177409525801929,0.7409941850763427,3.0660724263948804,1.428280765164977,2.426679742619566,2.453942716992495,1.472346005848465,0.7507427010697203,2.292471841769313,0.7777406797484254,3.622977194579534,9.299682070408467,0.8087096987902123,1.9967213728123487,0.9781416633368962,8.3156290312187,0.7984157343061932,0.7308105825793944,1.1534050632830488,2.0572719712200063,1.8686119017801985,3.5601951092716506,1.4523734181065227,1.4240275387975454,3.0417653067004293,11.041606240035199,4.873168820071303,6.435111920449681,5.926044176408153,2.9933941772163264,1.6715133788678762,1.3119961098573727,3.4962349221667957,3.2554509689143774,6.897816875566292,3.118742390441905,1.4160215150172988,1.232631603140025,1.7527297998103053,4.024296130688719,1.635479604464942,3.2089423778968675,2.6209192649855355,1.5939439972885627,5.883853892967994,4.888924418950283,0.8000217615071461,10.010234945165529,1.843275961043402,2.2482621040996866,0.6339002306305594,6.264685663802032,1.790030711966634,0.6581635236848556,1.9977767156080235,5.936963641218798,1.2634548288629663,5.48630575814313,2.6614802092712115,2.222208386938968,1.4049245759920017,3.8140765428866255,0.40445702493167596,13.130130178596598,10.32096748791136,3.7488430340001586,4.336164292298272,1.322699512800737,1.7989032645671323,6.686256862396022,6.306599685787251,2.6091702345978947,9.397991484338228,4.272092093448918,1.296941159504645,3.1537328088475327,0.9861458921541612,2.1917634238929344,0.6708108091415504,1.6035728120229518,2.6759868580957527,1.8677413318564347,2.056692373196726,0.44763987684587353,4.424139873934677,2.617693916441236,1.2319231392814205,3.251720226007474,1.4311453666428688,13.337702981982796,0.5925135327270641,0.8799344838956467,1.3566630481810282,2.373825537223023,1.9418600448335415,5.388090538757013,11.832243249773235,2.450408298855065,3.29532448832437,1.6008482432673685,1.9408491470163245,3.7223024598347836,1.1323163955845452,2.6127522731553596,1.486519703633499,17.65890290134743,2.59337219312328,1.1735347482489118,2.0972426866277445,2.6684093323256133,4.725156528717953,4.419099148564137,4.142190811021517,2.7384843466173305,2.5651046081979,2.418420984899526,1.540098418314942,3.8655790882892465,1.5622938105559547,6.504300993412012,1.600413444011347,2.3779985971945754,3.9677586710628003,12.047121953620497,1.0832023832636646,0.7134230592079138,2.931475915082616,5.880460797650626,4.253061824001443,1.9487919484730645,0.5356635735677263,1.3595902264339452,2.2252995385533074,0.3636408716222275,2.2470665130708296,2.477082096786126,1.6171664802413706,5.777227573142886,0.7915273778804195,0.6584418563145906,3.2913870239609064,1.1972254495148593,6.814773276582645,0.2400592618584455,2.4985579628315815,4.13251855128402,0.4059653337688907,7.556678315212084,5.049439747953783,5.804522853635377,1.9919191266606797,1.1202622735443877,8.231274827595977,0.755400149996138,1.3975300695462913,5.590702693564109,3.5854390604820945,9.173739850796474,1.3492949729813561,0.6597923017176526,1.7474724737107936,1.4512171364851012,1.7290885852270796,7.0696149248223055,0.7144945367701729,2.117769252086245,10.226603696627443,7.2518345039524705,2.1468718463066465,1.9666337867990218,2.1139179070387604,1.56286696194007,3.808802775176845,6.462649035604864,1.816028836977107,3.411686173630656,1.6964557827585391,1.1662592950343762,4.170398398335515,3.048672970366286,1.4635579261754346,0.5735537664181827,7.6875735414495,0.9280857851701351,5.6789871736154165,1.7090621888095827,0.6101272863981086,1.4809449439192575,1.0404358465384413,1.339191048848122,0.944401480029912,3.3525441978210972,1.8239717378119087,1.991974888906071,1.395558207658512,1.7839935997365035,0.9548044608228208,1.496899218391773,1.4919591384218869,6.981406828379991,1.7628773448248747,2.2639998886264894,0.4948361471705516,3.3335170220142176,2.4845113455375376,0.5225880369666017,13.671522687161355,1.7841881960683983,1.29012483867724,4.670847702207116,1.3353775621536674,1.8127122067685884,1.491575622174354,3.535810335928969,6.003630442057774,0.5708288391220335,2.9953447801759996,4.23465586591343,2.732633605014679,2.349178651484626,9.024263071830264,0.8896065338926163,4.022728997921344,4.6656858216055745,0.3397334317736073,0.7815246129785014,8.130136520150685,0.7632324505490218,7.27294782564338,2.934129638762362,6.700105916454635,2.1556403820362173,7.018111342661845,1.9197787051963977,5.654291065362727,6.330400192673303,2.185869367387164,3.0933861342714586,1.1392576260715024,4.709023382565316,2.5449976311168285,2.5162163714309562,6.997638361399219,1.9843225243753932,4.996267531135269,1.0276914217779338,2.673768597797453,1.823941977802484,1.5983649390615722,8.941535751160242,5.072899920843001,3.6527822123467293,1.2857278955318936,8.121292136832317,1.5477895451408026,2.5899187927801637,1.4591202677436617,0.6869487153447822,4.235495241977695,1.9736116139909,2.8623108682107596,1.2827129426598245,1.0609671260884397,1.1756966086799614,5.688458819745515,2.671691915309349,2.370783116403601,6.228084087390346,1.3766984828935493,3.336683729065964,2.3050806554344256,0.7069347268228241,2.601839783251564,4.4562927738984826,1.0498971183486698,7.254211050344155,4.948985239393958,4.534603260672213,0.5866872967232054,5.139501744781569,4.679998689547811,1.8376581001945849,2.4802173273186705,1.0547491641328983,1.5175329487209392,1.004473394935849,1.0943349275145646,2.5943407079248813,1.1920037376454284,0.7425608604885308,0.8974838798960307,15.252076998837586,0.695677528878613,1.3070773897108436,0.2252560131017713,2.7995436533741938,4.4726460312110055,6.484152859889224,2.4554101471858636,3.221983641794167,0.9144496293995105,0.9199553637792212,1.063930664812517,3.370974793212622,0.9496868468948778,6.288669248372764,3.3181385111520862,3.3647878077951323,1.0258508772387245,1.527725754210109,0.7827456658909857,1.1339282871757672,1.1709286522636217,1.8915631506437987,2.69565827752484,2.187402435917862,5.198103893667182,5.97745260717105,0.5131069901066794,3.5176899652529907,2.5527034716643735,1.1496287558854876,2.534222512723724,3.931625518913061,2.1950259978788313,3.4999121554588575,14.655263086351887,0.9243407256875037,1.074679973997845,0.8695183425757218,4.156636784067613,5.8948946198283245,1.8231369046594899,0.821623534124061,1.5335695145993398,5.17673044957237,9.303674365662616,3.8856034575744185,2.4961927551808154,11.16444047477757,7.000913170500759,10.298680165098169,2.725653045735824,1.2274811949848956,15.018054587842594,11.504796279195531,3.3090930289511906,2.302058848166967,12.275693075601243,0.6501417125690834,0.31834345222349003,7.17596919824915,3.2499622208163235,0.6204625297891986,1.4148172487613626,2.1039232000234827,1.6261363687104557,3.740535789199395,3.7576157489386204,1.1844201545551276,0.37808731437088355,2.3085435284969704,1.198335641738689,1.1308870251014598,0.8925521617190312,0.5267873719796214,4.060129993399052,0.9945662035293777,2.298131906207513,5.171916029046662,2.217685834347005,0.18726481470225761,1.582895485085424,5.456991201318927,2.9966040133351344,1.6054175060959976,2.2718106094446195,1.7810323244611457,4.920190782538673,3.107606565435269,4.527901617456092,4.12112526583461,6.0048814564223045,0.715108061815606,1.779924580958483,4.620170734210481,2.38787248420564,0.7981688869678805,6.4335152548778405,4.436232603757934,4.320976470717069,0.7096116699216202,2.746539136934569,2.179834617419166,3.096560475863419,2.4327191530090038,2.4004353700841645,2.2727950466088562,0.8136891960825611,2.280944390828478,3.1727916038051314,1.0657469866782523,1.4833687317608302,2.0376452550688358,2.238356741400072,1.2352325288832466,2.9079485313501023,2.7155558630357866,3.012586547559111,2.609355786310611,2.6520213965012003,4.405409563215726,0.6864789742109078,3.516248759499522,4.73953130852697,9.68631486528611,2.3215104703604563,1.903246526596671,2.0469791114418414,8.372881591821155,5.4952120393344535,0.95827759280781,11.48080072676699,5.478981613192741,8.292213476902015,1.875786003567736,0.6453814276609842,0.8638932334144682,0.7292364634059363,2.7379319915886873,4.926897854783703,6.565727371670808,0.24322613261749035,2.9144660266928994,3.95153103669589,1.1779143270081065,3.222665963569044,1.702718760352104,2.5527972458061994,0.9893360327726759,1.491962362175386,11.219198670363589,3.010626160792445,1.4380068573684393,1.1409528445536248,3.2950601972640805,9.487158515654952,5.337102324654177,0.5571848583760279,4.616217610151741,4.309089894882578,7.009480193306127,4.892018297912748,2.9151095213013645,1.6268322229757919,0.6811943663791447,2.2049089132633397,2.2055994350481156,2.2728267652313874,7.718631126178108,1.3626362595312698,1.3174038542609745,2.8482964613627577,6.465879957684274,7.27873764621188,4.797089363608203,4.197082132041986,1.2895711028831556,4.533020329344001,1.2973089352925333,1.8214814683609228,1.5390603941875067,0.8087584389724052,2.925550092093035,3.702733796173318,0.9427011816182025,7.158734021454806,3.6586897101790075,2.6638718236669887,4.69294173958495,4.12337429176475,0.4656885396129428,16.983484762337557,2.8938316229958776,0.7206669072677264,0.6478421119059977,1.5584606484404626,2.5410520899292477,0.29156556406763257,0.6644852772310372,2.047815662716747,6.14682308998209,2.088019409609298,2.420668297704444,0.9954877475313466,8.762324027080924,1.957300377069859,2.9078225007694547,1.5377264407651872,3.35992871762811,5.6686225606285445,7.285846667901897,2.0434390152414954,2.158124468994596,1.1471755839173707,1.4609031033175681,1.941114211464129,2.746668109781671,3.8780886058156274,5.9091661098016015,3.9117452829488206,1.169163568330217,1.6908037084261947,8.669801236042069,7.915518215501591,2.770002434988239,0.4321977666827749,0.9471605670183576,4.517460729551196,2.3719465984522503,1.954216046924834,2.1503613871865452,1.7415227220390759,4.9215278819464245,1.332783778880887,4.993499200472668,1.9612994960856012,11.26763672731109,0.7983539234663897,1.838270189332092,1.1898168657026014,0.65055500616759,1.7003388549602265,1.1694619580076346,0.9102772851599934,3.708113996722791,1.968422441176159,6.534763847008975,4.89900179635048,1.386299624522584,3.880190610496986,7.248526811278937,4.209550132922152,2.479675148451714,2.970674016785496,5.159415771791342,1.3198633272746731,2.98149676555326,1.6477004792111423,2.929713752004665,3.744315501787004,2.0870041264199983,0.9693014876558601,1.3263578884094192,6.00872607208128,2.1978764835877187,4.003490196613157,3.017466020732047,3.411428174524134,2.8097339118205253,6.952873801683838,5.094024937051814,0.9287224588240253,4.162744910701685,3.1739957876843747,3.3197746867666256,2.5127311771953535,1.7636179707890296,3.428948601982891,5.749066261689183,1.77343001553159,2.5763741720319606,10.65685975422334,1.9119893646581527,3.137959823272806,0.578478068302054,3.369447800178533,1.0069255225082614,3.2996091209877827,2.842463327120168,2.833816461479393,0.8909437403005482,2.567613427360133,2.6890129143205566,2.4192250485277835,3.946123321918862,1.3015753475252456,2.994336938353084,0.5828022877796621,2.7605653757693482,1.077495681062699,15.365454403300708,0.6811453801483842,2.3853603954015115,1.938912582111746,4.674149703383234,1.675047648986817,1.2368821745707859,3.4548506646341965,4.847872357938536,3.248955065768572,3.462389147224661,2.9392215121605965,4.234397964626613,0.6596395597123745,1.1839470828967222,2.0529643677022,1.182914853253529,2.960158075610025,1.5504878007204959,3.8718548847382537,1.2890154626738863,6.370546803775597,0.932489862488755,0.8156193323874104,1.8851155521078544,1.3344541622905823,1.7580244113624002,3.1549385705522774,1.1515273520087295,2.344481140098613,0.3892000362271654,1.785933307595184,0.4831330321513601,5.5496680963765215,0.9754627400199517,2.7761688778359352,6.379721589350933,0.9669046351284292,6.560545173929746,1.046632357849312,5.293504200332453,1.2382595530474254,8.17795776973742,3.749744433840375,1.0787792908714349,1.3481673255263773,8.632358926688868,2.816130194359155,1.7485568112753171,3.890992167923779,1.105513209727755,1.5286648398713787,3.0422748873059935,3.182469655659681,2.0339062237997236,1.4196200133261976,1.6772465317035847,9.184202012341244,1.7262122611907778,1.2882917364518003,3.1106556359983104,0.8877992359860729,6.558618494466656,0.9639105499915924,6.289647257253438,3.871171555727256,1.0925486286368316,3.659413528242403,0.688148199761649,4.829149497285561,0.6161816200257232,1.3721179039551588,1.3817408489391105,0.9874403148483073,4.436271973216393,1.7489224286530367,1.9547434828346115,3.4848261377469134,0.7870638502998195,0.3540843758712756,1.7588348443243589,0.378637645547967,6.250760838283245,1.4618233998262153,4.2786808781864565,2.9649631421936937,3.7246109412011483,7.253775609382408,5.218008705543511,9.160392938051176,0.3394697018266901,3.487098227147319,11.771467744991249,1.3088835120976368,0.6933776892719664,0.6642634456667911,3.553198729071352,3.0949979239262815,4.725451803944366,3.302281561133616,2.4994506738532554,4.843465590718121,2.908613521852937,1.4442139413539326,4.048473918902977,3.57329779739315,2.3539268756639644,1.4919482630181244,6.206801362937602,2.588157243000662,7.1731252083987735,5.8122605227443795,4.2977412901676555,4.307402617745001,5.0054852542557535,5.785364567314538,3.461500485954491,2.491521483579179,2.531936667499408,6.689913961374024,3.4167688411816557,2.8973872934258416,1.7532114414810103,1.1262555698772496,0.5808482487519542,2.8232240248661773,2.867251568762247,0.6905733263096253,3.7356353973038616,1.4813378316705095,2.201774311217604,5.662779701162991,1.2322141845175747,2.6084791842779924,3.3786793279696874,0.9632585366408158,9.309708524783082,0.9011353715126917,1.936068297320191,0.8312534043601786,6.325249879518753,0.504046088537614,2.169015543182491,3.188275342265344,4.852956097597755,2.019388264944313,5.009221976976532,3.7088364254085278,2.5334916910078507,5.198483962311502,1.6446533840686033,3.965189950847424,4.211550076203914,4.163861811589444,2.8091333423978595,2.5974155764522466,6.456482477210726,5.2823714302597535,3.4077381719062787,3.3954071281693716,2.0210709452174394,0.9182921694675654,1.9057514146529009,1.5777298029358797,5.369081249304559,1.8342338005232082,2.0420783132100904,1.3444197361709758,3.8108658009551712,4.75451257550173,4.339159362616255,3.7853076545135202,10.226726196541149,1.7181156889696578,0.9735998470550895,3.427166775376579,1.4467215482046343,2.2266871398712222,4.726405276689453,5.06936402597999,1.7233898819896032,1.0302146705647663,2.06827096671223,1.622046770123235,5.113180243177968,4.3738894203157574,2.6635378795598115,4.825173755729756,0.44162422093565157,4.359615426829225,2.3387898532482225,1.4997287623356903,14.133499140703913,5.147550399416457,0.6927295384962412,2.742521310940573,2.080181745709583,1.4448328334278122,12.494023954018667,6.164799396175477,1.3583532050182172,1.8074401274450165,4.477997822336583,1.5489566649671287,1.0261794650041005,1.0840317857611401,2.630649487267033,2.907212207970061,0.5173728659073537,0.3130091200199665,5.771079598327659,1.621251767655675,1.5292249733310395,0.46194928070029656,2.254278529292808,0.8397878010911717,3.390240307443109,0.9004235863452017,1.2961108104448553,1.536309182274307,0.9552605550996647,2.9337463664398227,1.0132888195675664,0.8457575611316728,2.837797979946192,2.4062031642814485,8.710437732570162,2.154062154710651,1.5477768848999718,8.732366559819804,2.0377409296314752,6.85412326008356,6.817308282389392,7.392052086396863,4.884778095253765,10.307015847271737,5.5522901064411805,3.4073603744494467,12.313402474334241,1.7699646443355241,0.881732862431882,0.9966493349831467,0.7968649891981515,1.1985922849637036,1.7118473306729172,1.4630031502843883,15.546147527990124,1.0948800792693103,1.6288360024651045,1.3954656291467604,3.9433828416894445,4.746934677590498,3.598169299182154,1.5646822649310979,3.5252521646553463,0.3088569009525594,0.6389603954591325,1.876257309631293,1.7353095522053887,2.064110069477649,2.1346019006558348,0.8774449169087387,1.9974946905212319,1.4543314665342697,2.569628207074681,0.9305847153679982,3.4579868325117715,4.260735143859673,6.6077659832163205,4.295561789752379,2.2198863964884485,5.44443912841454,2.7402058501148154,1.3500910874026375,5.897926803938831,2.7853514991855444,2.1737237148147455,0.6649200705828935,0.7729476460266395,5.642823598445748,3.9245483617879833,7.654693371049965,6.490707761918402,6.204007187956695,1.568123087681177,4.465144056606267,3.158057002693924,7.777689770502548,7.921546371303959,10.888230841572433,1.2081155097172585,1.6710361643220264,2.3027292561806556,2.155004246242428,4.770953267422542,0.7581144643289079,2.5565183200835326,1.0635297686047287,2.51584558259494,0.7156120198906999,1.6578194789323324,4.00315500661528,10.486565926733054,6.7785522387352195,1.144242532186726,2.9711145475512155,4.3588192486932735,1.7536877765076453,1.7002234931269795,1.2327900852833664,6.178248538563835,8.329180613038424,6.2382819953213975,1.3792417544242705,1.0647971570773525,2.8378030437432638,2.434018424449812,2.2029273926150994,2.3434717337437876,1.1065297812836217,3.1931193782276077,2.5934040361353556,1.6055021401019156,3.0420341472290526,2.3106604018421777,2.9807380820950327,4.715754504196646,1.2333350324913357,5.306722891552824,2.3742907717319732,0.42274490844830703,2.962534620997478,1.9267880713620187,1.438919759899507,2.3623374718217565,2.738596130512149,2.714544960443566,6.016824809274436,1.041470540064694,4.329219373745357,9.18736499183329,4.7920534890762445,2.0119965392664194,5.688527920436666,2.8781434920847455,1.2965423813594186,7.3486159664233375,1.1422118548087525,1.5063920941852278,4.246281289043665,0.9237408703720555,4.865976854793187,2.226302887876369,4.394338718447992,1.8923476737546112,7.79500307881826,4.649405511137105,0.3765062232763143,2.690106664531284,2.581762628901936,8.453301876792915,4.874148717333907,1.030207979571121,3.24026411260139,3.531988507344388,2.4501284928902196,1.9444122775473343,2.057822729662557,2.919897672812232,0.431231361088473,1.4052215170323736,3.268663818984613,0.6516126410074675,1.4486801614757046,0.27126300447232976,3.085688997693092,8.335283485860689,3.1275600045140317,1.6508135920414166,5.834315215652375,3.1716450775493588,1.5658201843175628,2.5470066702825784,0.9255576176331599,7.986911216567343,1.3129944822343085,1.9048605854617076,1.2028046894492948,2.981066280786345,1.2067513738354247,0.2731997225909356,1.8505418340803366,1.0116444214221012,3.294613288522877,1.9095460950730851,1.5007020387050918,0.891644279146362,0.45190796567406966,0.7753687330992706,0.1898026436515296,1.5181372031976454,0.8731264518089499,0.9439777307276135,4.670669298919308,2.2074718345660567,2.460726737872599,4.093699608413186,0.3772444464080059,3.2296590585606486,0.889163303988714,4.287137369295075,1.561651263350441,0.7995784668253585,3.5171754851455517,1.9361803141832465,2.727187756457555,7.9634853083054775,1.5895640210884723,1.0045031964918423,0.4972391631000383,5.1938834459591385,5.4800942785925,2.4257901280023617,1.3223885365814205,1.6643964681409744,2.1881096551493426,0.7994316368923994,0.9821731188432207,2.846894355977549,5.822615132423635,2.7527899243830807,7.561232391794909,7.301979762660691,1.9921790843792127,1.7369079031724548,1.6367632769927538,2.284032990948258,3.0656691314281943,1.2375260841196776,1.9353128354605755,2.413182780286424,7.675689740200816,1.2999377593380084,7.716331709588884,0.6691095486778773,2.325550745499266,8.051049546089507,3.3348879503393407,1.0195125506752125,6.902336208532942,2.7498561000515203,2.9863702729576747,2.9101382187193545,2.8851468021667976,2.3687561253773812,2.2749069403344886,3.6436699023704167,1.7726003347656065,0.9382252907825687,1.2981318739028724,0.5521324031725634,3.511451228452304,2.835574706043962,2.232176913382358,2.6870357952674997,3.896329884301064,4.949774075663701,1.7430243814287272,2.8660813165668806,1.8109881455176509,2.0920835623099823,8.922201691525528,3.892663836540759,1.9121847295857097,0.7459694938866032,9.402280301176804,0.9094797007835209,3.912418322531083,2.3480116513449008,4.421589885395197,1.248241685931745,1.6618825115766014,3.4807385585282056,4.151925859633977,7.110857829943919,3.435045507662526,11.279653975935448,2.515021653368019,0.5314550294050944,2.5721805765448655,0.9293949673244587,3.9789660714147463,1.061997551915635,3.850017437487784,1.4290973722472096,1.8783951630338764,0.8156508181474004,2.6304078999468223,1.8021482011216827,0.6332072863753984,1.0626086786801767,7.199100148246682,0.4807265507009478,2.5894283415276655,2.3073945492855428,2.9261864097178263,2.0105399697237525,4.175259268758198,13.945017596336761,1.6765212358208101,1.9097996625206144,1.8349010376845718,2.7059536946558143,3.637761061370944,3.3742624592124137,2.685096455072086,6.999198474697731,5.098531024556341,1.073816379743527,0.6240637476692815,5.949890678198096,5.602498133771343,1.879074140202981,2.590016727201396,1.430849609817106,0.8803126230064849,3.3227795740394273,1.8575854619038115,1.2662982836790428,2.9281788464274756,4.025553467993466,2.9150981181180553,1.6615531605042888,1.9345522298721358,3.7475567997901345,1.3976239879209855,4.4969328245278275,4.3754036366368645,1.2893915664733593,6.669404001846534,2.7350574945722523,5.097900314573254,1.5331390617368543,0.8913151150511183,1.350152101020774,5.237864199207133,5.1552262500690755,2.459029840040658,2.583073240025624,1.3915918028800847,1.262436333750218,5.827894503225903,0.8177161653211038,6.430686950291493,7.336418082598682,4.488468792759452,4.982235807999831,1.482242421045943,1.4881961830728594,1.0727113408191469,1.678003855738261,2.109376689956099,4.114232353318049,1.5315879717539815,4.889003071434477,4.901828861751265,6.18116667070186,5.4459830413393675,2.562133543671068,1.4712371809759188,1.160316052250986,3.038099047648351,5.190067897738448,10.917557232156726,1.0739362632484046,7.758174302348038,1.09480042697546,3.0037394871329974,1.937904286587849,1.920727477680896,5.711574328590819,5.737856053253833,1.6907682159155812,2.6841153571053384,0.6533107062607142,1.204408616141918,1.946016746889073,0.9718224805412705,8.194975817384442,1.7500801063670632,7.4316360595269515,1.76840623261279,1.0540524051003992,4.391450524596391,4.10119242374437,1.3515999115145687,0.5046826027056459,0.700452528659245,1.5305305228251904,0.8622502766868412,4.977070133851724,3.4012539583523185,4.736084454069271,2.2918816304427887,2.6764187673553326,4.445877970150089,0.7481952001934186,0.6382976887451246,1.3779677633830256,0.9064229022012557,12.05298491841395,1.6249293488793508,2.649577406226531,0.9119548163746545,1.7419838913050107,0.677258764536077,0.371421513727666,4.574142524540168,1.2400886943010787,3.8331879486630465,0.8495640919301928,0.8363628585385867,0.869927156024333,1.0880905776754344,0.9945895026704585,2.291033645703192,1.2353233631785165,1.497759419771419,1.8176111118327483,5.275905936865933,5.0842791777222125,8.852096304887192,2.631120140115755,1.365501701898615,2.6437693167201703,0.4892535222008853,10.851166995433086,1.996479552665684,1.2335900803104176,2.3340373062322217,2.264988186328665,0.4380492354040274,8.88810725429385,0.6264974707681324,3.2862107684028823,4.514070464972264,1.2157768992858944,7.917813865971621,1.8137140675802015,0.3316389757266196,1.5511930086886876,0.6004697516457367,1.373344317256549,1.0963351588466264,1.2242965298457789,2.973057570855603,1.236144319484195,1.0860245604139038,3.2918818206183267,0.825793193060206,1.2277705119072941,1.4704076304329086,7.220166296983886,1.1528457383988617,1.0603956767662324,2.436983317674518,8.863896012455497,1.6786038717373493,3.4774020758059088,3.092103091003538,1.525233404546141,10.804463587583559,4.074055506884463,3.799888310689246,1.043420589819925,2.561415363690053,4.719928377172337,0.39026676839129304,1.681129103943198,3.1895480233598965,0.8849698141120373,0.6398011904844774,6.847326050652816,1.4781078859748684,0.7867082184532533,0.9153226068900827,5.911157883125356,15.46858453967643,2.6477524598081645,4.618326326177824,3.2495374294210135,6.076257645081602,0.65622280495296,17.686346151251502,7.427250267764829,0.4754763968873254,0.43404669754709835,2.571181508567885,2.1316051372252103,1.8499745955257272,4.405992650638534,1.2506497607059957,6.276897220798075,5.927825415263663,1.8119112118842167,3.9858737685054275,3.677269380900902,0.6961381123144861,1.1338180028925706,0.4171536940788886,2.327527349639544,1.2173050057084687,2.052681262461393,1.48432573076741,10.771624111554406,1.4657353997719065,1.8765640781785526,1.4660810254333083,4.574391099662032,4.871112672523968,0.9938845670585623,1.8901452366533822,1.4024055566817872,4.211848125370805,0.5773135166523454,2.8795202781659883,2.4259399109265916,3.430875599150956,1.4132855949720127,2.4060088363713037,0.6929547153343816,1.1049636662910518,1.1462670563890829,6.1219042324593085,2.3841060455288874,1.9471964332847735,2.3519402005080545,1.727549829689609,4.850779070463617,1.488465155868972,2.645828109063163,3.909340540179161,2.329236464545437,4.871221500301806,2.1876045383971836,6.947043907759778,1.195973702677041,0.38811109583851444,2.32508323356601,1.8058308325949937,2.4748598181936297,1.4482970310002716,1.6819747473312305,2.4382474044706712,3.3396363549844725,0.676663334171413,2.695301100316759,6.935410250557637,0.8516662764409421,1.1084807733824702,2.58581276579686,0.8534031475204348,4.666837696932923,3.7372317648197098,8.570373850265316,2.796427568647964,4.662946622160934,3.3523125363443538,3.60116840430296,3.4812296752571905,0.5607331969668761,3.7903124751136557,1.461630002844746,0.8977394020415754,2.818518106601023,0.38416339728879173,2.1992099291669795,5.947815393436409,1.027302216948907,4.230736287049029,1.9971499624160693,1.429282389643737,2.8456656692643967,2.090865188961672,2.650411211361069,0.8466923844168954,2.1768773925467224,2.3324513470974875,6.339188874976486,0.8217341067255276,0.8336573867514627,0.5311359131986567,0.4844849670850231,0.8660629459855911,3.465983518378783,1.0213960005666176,2.508511913107337,3.9103335192904005,4.941424632819058,3.73376544103055,0.6695019219680235,3.8436834902862462,6.646010353172666,3.6624315091498145,5.232569880572884,1.1346380844325852,3.4110299725129174,0.6731794858404523,1.6911928751800398,1.5490803577566277,0.9816365181521352,1.4023526646373887,6.140288313145743,2.1191676505956516,0.5499046160838347,1.3265749933450637,1.4760467209003418,5.8083151551151655,0.5728807872435397,2.1210493789015414,1.975628643433992,0.6046441408399297,4.328881727171994,9.344881910534568,4.33413237649067,3.8572430549357684,0.26310933330426733,2.6610455850969594,1.121850137496733,0.29994547916129743,2.1564617658105028,0.9396686867341546,1.7625054373313525,10.407500335759929,4.679222703003958,2.592420422038234,0.7623942821253937,0.5008463676996898,8.285960629188706,1.5425682448075089,1.0145968960510656,1.1523311914390963,4.7796844281989,0.9402904993591894,0.6382369980499752,2.138918338369045,3.283755688205349,2.197623531642047,3.259176354106204,2.1959497393696816,8.114980994198516,2.085545549961948,7.3562130511493615,0.6492200255802679,2.4809513745031047,1.2468292364577582,0.6815617459239228,1.575970608120844,2.143124284853117,2.3266695517163507,1.3528444495963492,8.368136775287137,0.8628375488595803,3.3497111272110924,2.7316209774510547,0.7493220011704818,2.2745964105628382,2.909923428546361,2.592813405867649,2.5506701990738487,7.365173395458276,9.696912076535298,4.063816972714454,1.2488059734744774,3.098500054563045,3.217604986075596,6.838684133601827,3.517959408398378,2.192431931814693,1.3394726544257451,2.056461411683137,1.4935979137206739,1.518973929816761,2.1440900985175633,1.5503048241535424,0.883407268093702,2.461500073006839,5.327816167183789,0.35188282442684327,0.7132214381063031,3.4323958476319225,0.8810802496258854,4.163050237532881,2.2827286474938995,2.2056924637709416,4.062785439422424,2.754479169601002,1.044701198708671,3.0667528372215296,7.325095195991045,1.0921117827114828,1.3508514687829483,0.43644336126473127,1.301092390043097,1.326919526905471,1.6329361216077922,0.571597826839299,1.4488635523042233,1.8465234057173137,2.509964391704,3.9765836090766435,0.6635499473363742,2.0408248892418523,3.5067491424488675,6.065266228159872,0.8642311836812034,2.429745442506865,0.4445944824004098,1.1688079420930815,3.367142675645816,4.1963405278041455,4.1250840329467335,1.5570072553991559,6.175085867704816,4.705838655813831,0.5253357166955772,1.266244778147712,6.938003083726288,1.3407694147071454,1.2726303096817266,1.4530617353910351,2.427389808778854,2.055051839447735,0.494526243229451,0.7247663360706222,0.784940815127525,1.9075722707507563,3.4828968692723192,1.705158368699497,1.8001272230148837,1.2726825608892918,1.5819178062640324,2.3733490180614116,1.5152682389955903,0.523121003453231,0.804177416612858,4.48362418791212,2.4880521406198377,0.3581707138942887,2.704033269006034,0.5914774437420869,1.3808378908208125,3.7779811440535465,1.8319093735595413,3.1603266056687414,1.247694783805361,2.084730424249281,0.7990195215453227,3.6823596788255513,0.5796884893963234,6.954055625204297,3.89136767208825,1.9402693531652924,1.3761064770480593,2.4154545561162246,2.3652038757267477,3.860440833575551,5.029363738519551,2.0208716170653234,1.7371609371190988,6.152534724511951,4.404862956987699,2.1315538216865293,3.671232195597054,6.295959907075254,2.8139474730427487,5.152787951631154,1.153631706188581,0.8392022455606374,5.731498520165778,0.7151779971117613,1.3873727517615269,1.3902509407854935,2.9761497888370796,1.1491651880938125,2.9878847094067678,0.33541904990176175,10.533395204925148,1.262452525489212,0.23153664779872413,0.4093004242577295,2.0398890173308946,2.7172284868565275,4.6115570409719515,0.4877675904652802,8.270146303260418,1.440528226898191,6.575803140068817,1.1935808994194443,1.3004787984682527,3.361092523773432,5.400971965117132,1.6059718497423765,3.1910146820277783,1.3313311330772641,2.105942812220138,1.9699981321764792,1.235017675086601,7.083378036765607,0.8702346944396298,4.402956628737957,0.37233914335409546,0.5888094321263816,3.537599886044028,1.029872285415549,1.583777637199905,5.454645381153585,2.2424514209887225,1.8189844809464786,6.1909405697864806,3.1199101817622865,2.9177886557201838,4.475971564518765,0.7134165095097066,11.561739331205308,3.1301248036556606,1.6345744355677387,12.742888487483278,1.198564510409933,3.8678126067827474,3.2554700273095425,1.7619736421280863,13.136600220164196,2.2376974667685117,10.927638086674342,2.92487910586847,1.3834904631656773,0.8028212224514635,0.9037016930674356,1.233493803787555,2.7516346802303837,2.46878834650174,0.26661878408369855,2.2528599947866668,4.474337900083499,11.169835886721673,3.537988433205726,0.3465841819967602,4.079962449670247,1.091836661910394,2.233567465096467,2.6822817622532193,0.6853419929106658,4.217284810066849,1.7872214158196778,0.819769455426791,1.5398849291160805,1.1283912082118068,3.844486409291854,2.245706138778495,3.182520297883727,2.0990511579629536,10.950978709988274,0.36843236333758933,0.7986270596592067,4.8539012738939995,4.343111780372317,7.356154228455644,0.88672673459891,0.9122183568522731,7.776338593435161,1.5636657831391052,0.2517395832541525,5.189066820929073,6.053768578511498,1.3465055910050097,2.2010757891622856,17.07204902068273,3.434003579547837,1.5844926476767287,4.251233145917073,3.464990001276932,3.3166859336788046,3.950431439750758,4.6689327027532235,1.53007494879448,0.6724406454333575,1.1999551511859834,1.0237352758568876,1.9036170016514764,4.222402296199122,2.4771667644434663,0.5967739508125297,4.005842220842218,3.6538855642884256,2.038012602910696,2.8046780661680115,5.062710922352244,1.094851674928059,2.3072067720528047,9.478183974049006,0.6121778062338122,0.8552044835832809,3.5991957155428467,1.2991063301273975,1.8081221323462457,1.7240179265096869,0.8347893592413997,2.019040672955067,1.369027978585936,2.715677725286528,3.947318329612919,10.755846313198921,2.101262849815127,10.035455891081675,3.108658286125222,2.855928731927565,3.7568789172798307,3.107996966168517,1.4808037900732376,2.7396505691111477,2.6631282124398963,1.5465583742742397,1.9212727031405554,9.92765033175941,1.1397053520531668,4.08244623993618,6.059795306894611,0.6765730817165778,1.4669115691477244,2.5164213098936683,4.02723225903385,1.6560700245132214,3.633869941338221,3.454962904377891,1.421921146782272,13.980267918675258,1.0926930195327649,3.8389864250930934,7.7685302308768645,3.5834493193691275,3.1365764333198296,1.6666256265705806,0.21610282172366427,4.086669600193498,3.8741400624636637,0.8562575207090071,1.7238184538304868,1.791933990384462,3.243823894690818,4.059799079157519,4.316844908911283,4.0393583893107845,2.9456839444485636,0.7782737774296373,6.837094703096809,1.752617820201149,4.379864142467763,0.28756203860813256,0.7036009014184457,5.037225649257524,3.7291903527177555,0.906467959421681,0.4636966552089863,4.0268755522888835,2.8029371503934195,6.120903447881184,0.9638602430460989,1.4707643691231485,3.248138929319352,1.2315339676883323,1.830755283792022,3.9163779329832886,6.757368341175646,2.410021790666842,3.18697068153488,2.9074105332684352,0.7226846751461152,1.5930280872243132,2.812149508366783,0.6319658683809689,2.867260994521495,3.503784668921357,0.763454491667992,0.9421564353221619,5.108446933708382,3.2126344366274826,6.743487636817102,3.6632069292614324,2.272993365409297,4.27693927949802,2.4692705708996914,2.2218449612094755,0.7020198314732201,1.6496192346539513,16.15256141937598,1.9123057878611187,0.42094381837177536,1.0676652982554535,4.639829689665449,5.067115991446483,1.798386952979761,0.7832558076809155,2.03961892913569,4.169914450988252,5.622195396247418,3.902451926378976,2.2202164956700505,2.735236029262752,1.4885792918763654,3.1705002657424486,1.8091445649333728,2.876499421656951,2.5133493372579965,5.530508124976471,2.908042036984861,2.0664269795603336,1.2665108314624232,2.7300521346466717,2.1723561145206287,3.3930118854243028,1.5405713191918773,3.7427994093183687,5.350992164793173,2.0883487077670537,2.2203297676159752,2.4802631018397845,2.711401832282152,4.953191361144251,2.269613208668247,3.239821805742059,6.967202228149739,2.436521648094444,4.713178239316972,0.5062002110768888,3.4549559444485998,3.90236980381397,1.8761394502788757,4.799037532435458,5.920082836817906,2.647255226014916,1.5193882817194122,2.948910005863286,1.4980912240601352,2.7661958814154013,1.9049683210594892,3.967612650979528,2.65909186410376,2.578214604802929,2.274790752818827,6.341964095979401,1.608521210320347,4.433925278228182,6.758430002037193,3.7981732826104206,3.927514489698929,2.5387946458397517,2.125788453111535,2.599752541366062,5.131250763884671,7.536178752650172,1.6544302015100383,1.1241131393616268,3.2987666308791845,2.3036011166266848,3.8861849366124313,1.033707401052308,2.548463360031564,1.1884057219456057,6.4746863530641345,3.6662839500622284,4.572350451533643,3.856589625516847,0.7471417113826316,10.427033802900185,1.280795912209012,8.993602520859294,2.1229696321739673,4.275260505863916,1.6680881263814498,2.8280933371869375,4.110804633633428,1.981259412460826,2.87119200517012,1.8592368075272505,3.3915095334989522,2.8692637914872114,2.9638455123039313,8.687828259267018,2.6972759098694152,2.1523230904043005,1.1242791940412757,3.782649086066667,0.6306453096778148,6.096369695272891,1.8675786783345607,3.3452493693741694,2.061362681925396,0.15731918678520282,2.9195698063352786,6.529678860023177,1.9189651536402534,2.3809089699000725,1.929531240706964,0.8522383225849919,2.087358341209561,3.98099922727934,2.2342562824670806,1.650358281763803,3.4100710432193404,2.965709213970806,0.2664818410283698,1.1800155329388,3.7997672471578174,8.269849104763995,1.2388574019333332,5.1989365634760185,2.3731477681809006,1.0350107038990526,1.8951110638105946,0.5069988271995597,1.9146513563338636,1.0292983583513817,1.4287465107317492,2.9573656969092266,10.782164078697708,5.389930551103985,2.823658005439805,1.7453743113732858,1.591646111860575,2.957815072341963,3.6700869498344644,2.65717169016212,1.9419894429202897,10.26859838010204,0.33475039286770625,2.095852240598228,0.6623465807545288,0.8213066860578637,6.842257236693748,6.3065484664439975,1.7506888060734105,4.1992594937688015,7.406980705090648,2.735808194550692,6.341512369243489,2.958939588678787,1.2305745752427275,7.434960189626371,0.9740101919153756,2.276511206167097,0.8357457817235728,0.9393265560311157,3.660384801457344,2.8730197224282823,7.991113356497446,6.237301601754302,3.373520577041052,7.1416743467357,1.0517434224930466,1.2886598125230937,1.6935256550131794,3.1800037906708365,1.370879773231486,1.5941432511834543,3.4979870316708817,5.104909873849876,6.032613105241872,1.6718507874096145,0.7095574166791582,1.0299994042763074,1.1456495869925245,1.3299816380948617,1.1854858550590037,0.7890354766065454,2.4345186888410693,1.8884001312957017,5.477849077309956,0.4545607646145013,2.0005385304323156,0.4551774622962706,0.8948659072703684,6.959816134815549,0.9117183728197029,5.521038866339341,5.471833530015833,2.8666559351418037,1.1141087405802501,1.8921200118376627,3.9311250322766624,4.68119507425636,2.098894841751346,2.3679892848719817,1.4382483115908082,4.320165172450733,0.9227131291829995,1.4891118020213385,3.2910824404477284,3.4629764730391606,1.1977862412284421,1.5733861653671892,7.928581763231151,3.0925699579703383,1.5109156932793943,3.872380397082071,1.8670830518784434,1.591781053231784,9.29708187818103,2.2623806010366794,0.6315375565691097,1.3758897677573945,4.100848023703381,2.6146679548071443,1.6076396539319682,2.292299809625117,0.7749130893851719,2.615844275518128,1.6731884610892878,1.5419325101062227,1.9761335450986957,4.17399173036153,3.6509840045613635,2.3762436325078644,3.585140275849576,3.9429826114601187,0.6196225184392494,2.1860548687296264,0.8498520901385869,10.035999863761871,3.331500992953889,1.3598357391289249,2.1007235364479353,1.1785552894672304,1.4781962802984188,3.483429909826627,1.1164445952579614,1.1167734500782995,2.126761411842554,2.3913878705614646,4.561705591051348,1.4712231801151665,0.5613972851349078,3.658673678119892,2.6766610972836267,1.020666485305029,1.7536699476350717,2.5851569003767336,2.174102503846635,2.0262139205039866,0.5721893468378804,0.925885617645393,1.0328147176018776,0.21011365981332394,1.4001169237250166,3.1301542989824456,1.893584632234404,6.057563844758123,3.922134414060126,6.696086070606547,1.9244885333314614,1.188087496481345,1.1916811938303726,0.524161517280461,7.232822451374777,4.9117273951981035,1.3056885375047296,2.9946647023449753,1.3480806812988564,2.5526760589205115,1.6279304530015606,5.089214890437307,1.523073791940954,5.752610968468895,0.9146792574797714,4.550340574645216,1.5968059475688374,3.6441147087971935,3.2432239976663038,0.7175444235816438,0.8199270657561643,4.500931702244525,0.47525089587503166,8.73507824351617,2.974615283810897,2.6413010170495994,1.984238749444926,2.2440908937045676,18.611028776205657,8.470245214377435,7.249008489865609,2.2002983784424663,1.8951083250459329,0.9621607353896282,4.686633352006123,0.2472210003193504,2.9665455033164596,0.8226487336738071,2.2341649849904894,8.439525492981495,3.801580333422354,0.9013251104999229,3.015436408227684,1.7664664679489526,0.40198828921736346,3.041010981466197,4.223782406960986,2.4659307888950526,10.625354641072072,8.510905518195438,3.901807421192626,6.818669669113347,3.491614618001861,1.1814492449316634,2.7375303019724226,9.946956335223952,1.4089751116699498,4.829103812568372,1.3689798235718547,0.5276044010279483,1.4349423686806095,1.7477425283259012,2.280611260166115,9.731171472365512,5.736189804134516,8.46755161658455,8.357269824769457,0.7132853488478617,2.1201838379135327,4.480559218080955,1.5425294719334832,3.3405087221688787,10.325300837512778,0.4918206191155293,0.5878529549228909,4.347343509216101,6.208087373596126,7.918463261151999,4.705741084938721,1.1005759016008312,3.8285268639764283,6.054032450989108,3.6124207734637666,4.508024888267068,2.147030581520578,0.5968610081778729,3.484448884157582,4.746863179797049,3.532074145951759,0.4826883920587476,3.1463882363772377,7.359519077528508,11.234948434942963,2.726621147367817,1.6986752205504598,2.7050840029014815,4.980787545062824,2.674616447057803,3.5613048078563456,2.0766418361396357,2.3756322406967136,1.6662856602746081,1.7542281723102136,1.9865090838525399,7.0916278773438375,4.789660705201583,2.0809926615232706,2.11686143555411,1.6915355614439884,2.325092900025675,1.5248548394878716,1.3745030704933134,3.231686203926986,4.603763859460289,2.451409557618895,0.9014878457749594,4.846325080725062,0.8189600262700247,5.281720775764541,0.4597868017566577,2.554752537798276,2.3462783899714443,1.5727024509644894,3.51938677071534,0.8310047083470891,3.498305277842197,1.2776479627775952,4.3028857996176235,6.715307040633285,1.171900029219864,1.3454897951403293,1.952030977466272,2.113750282593679,1.3172133283837097,4.261123508217314,5.617725072669229,1.628691268740178,4.925292593414805,8.531627434956151,7.9683561604057545,2.711008155262087,1.551611671696442,5.255122573955994,1.65717570351668,0.42898476614114534,1.2017639205352133,2.6872129021249354,2.466095334257929,2.9376863658218966,0.9373817807547677,2.2163286730875496,3.6239541403523012,4.283018416889013,5.383189401323182,0.627480333066615,1.9747241707922136,1.1707063065094456,2.8456750397849078,7.876540203208632,0.45819278120074225,4.87127444817162,4.499512476497092,2.476316292869571,4.213175297224471,1.5595865584365678,2.1484078677419,6.8152495148648375,1.7384267876854973,1.4685918505522366,1.3260169593918714,1.8228482931095054,3.4474330932170147,2.6792713805490007,0.5596404353808706,2.200230225066322,3.6786081603760983,1.7806896533255892,1.1541230025299025,2.943997773177693,0.47450596066875894,3.289460554056302,4.503353694554458,6.614351448923254,1.234389168769658,2.0295096508726034,1.5949490590948074,1.4453459171817724,1.3065444343202843,1.0012593376299836,4.148462600751084,1.56504269543264,5.078088179726057,1.4914605662287823,3.8702079468821644,4.480973691379043,3.488872316069363,0.6222366102983847,5.739863174093332,0.48873362038245244,2.227636019703121,3.771625585993813,2.7289340503089456,0.8726164178420852,0.4593621704961094,1.874135276858256,0.4110352870943098,10.051983908548884,1.3662876160413926,2.574457770469251,2.2928328412651835,2.9837652253695572,6.2049847631781665,4.2119874143916824,7.417657846300592,1.2086212498734454,2.8165595886812786,2.6671754251413393,4.680918321062569,1.3320175631755125,1.9299586942100684,5.084783861964765,7.36738606814805,3.3835584126628038,3.491701766587134,0.4603378718369351,2.392114742272103,6.372687604801791,7.872437880476821,0.24320115520115532,0.834261865136601,3.2938902893910176,5.121481807200236,1.5042623733880556,2.127627368366272,2.567115619340617,2.4402895327794973,0.5786234473850059,2.6702687179216396,1.4841995173966982,3.1451156462087515,1.822569533593923,2.4660343580666004,1.1401407521031695,1.8783072534303251,2.3176058038045757,2.151288768852695,0.6524628979576745,3.5381582797661224,0.4879022330469512,0.6423166101536999,6.95710078722121,0.6394486202094465,3.1970412367632672,1.5196080718925749,4.886187401739989,5.672049062994282,0.8060518136078625,4.134870854751257,2.7528522307485916,3.4367514994229547,4.876239377229772,11.02086095843165,2.7928974842577987,1.18829467946245,1.3413124044528721,0.49987655335354575,1.1707327259855411,3.4033500013824693,0.5664190446087662,0.30951793609886785,1.8479172280499514,1.5105901535337638,2.180798255217721,5.186311620220171,0.8569537211106806,1.8712271782348195,2.9512606976087765,1.8089017034506618,1.2213531843424912,6.969903847619673,5.371274875180526,8.310268613311095,2.2022655852274227,1.2500301697251806,1.0720862396929058,2.612365179677615,1.6138735576688361,5.32527778853378,4.333911390881719,1.580597361254719,1.3138612213702714,1.0574470712370618,0.5570429598356614,1.6909200551040415,1.3788008680861223,0.6399714444119138,3.1139853320918567,3.2950481500462323,3.735842535630582,7.676693465266189,3.1605283970034317,1.6567145748965673,3.2571927755346093,1.167235529012563,8.432965664222278,1.7169379512122669,2.0454010610554167,4.764120297121239,4.150197707343672,5.733892682208725,4.410537135986509,2.432500984047114,2.313136406095272,5.497393381498076,2.0231292470086992,1.1913258320054858,1.5473618566916956,1.181228659211128,3.294151598591696,2.8027831545497284,2.901113099033213,1.1586389252226423,4.320181704632195,1.3760812175799102,3.062543551761831,1.1619073080417812,0.7125892497131256,1.0346581615525179,3.312352150386899,6.515992938559828,0.5257452857482263,1.6925629063565553,0.10324848716633228,3.607789689118944,1.2883673614721722,0.9949744687890208,1.3015101543514265,1.19777716895014,5.138197180367002,3.8910611045024326,2.8672103139037257,1.303671110443362,0.44400985844653507,3.27150865912877,9.513812344324444,1.1289627794941932,1.7082835874059203,1.2163383934033842,9.409804284101877,7.669802595660462,4.669233158698834,1.5079231783320493,2.378681396139974,3.392673069802611,1.3689296023236015,4.903196262554882,2.163490413864582,2.472955022284697,0.4454577351046124,0.7141594604750068,6.154644201468268,4.31680675631974,2.233869820205882,0.728412799077444,1.509980657639187,2.27345295603474,10.446855477307274,4.638084585292702,4.056396834443213,2.5390328096884396,5.92511635585348,2.15766021744897,0.619137144863629,0.7816454345885752,0.3551335698665396,3.280826294183739,1.0029609548746587,3.857014715267926,1.9242953122237738,2.1665658858044203,6.6307328391963845,6.019517705744997,0.8373583016118428,2.549056281962356,1.991954253190143,6.232423230986366,3.7118825788490746,1.167312837040002,2.6110366339654147,3.5140446824583544,3.447348235811214,3.2817860652310333,3.13365837241111,1.9372246671334645,1.7608435245634277,3.6564520907706983,2.126428785346546,2.16013415104758,0.9866702135269669,2.5543814542685466,3.140963502666895,2.8729452712952996,2.527378024169592,0.7874566623967321,3.059764416365579,0.5427245168766026,1.5927122188087972,0.9092963258437547,2.4362730310927403,2.182211853963163,1.0809885989836758,3.9660446840444403,5.140392850674263,6.044896621601902,2.225609394278359,0.5064649635904984,1.3324048456086568,3.3172467362728697,6.8936969496268,0.8698603388483952,4.036097420407656,1.7517078357240852,2.048076782073413,13.557060472839684,0.9642603165671608,1.6748903315756543,3.087546860825718,1.9097588041346711,5.437379699409024,2.8308790408262667,1.628589518521356,2.1834837209156666,0.9064270289200314,1.5458582980432043,1.2894300525666993,1.389250769359899,4.640600794834819,0.877607956700281,2.4514623943861262,5.28846401343786,3.170462188046786,3.709706037218869,3.7882763156197767,4.997463872997963,4.43119301813918,1.6991172135592962,19.994037929275038,7.489957443658605,2.65013456079908,4.749650821296906,0.321158254889242,5.404208838820171,1.775702720195415,1.6377436570397692,1.3400095859189165,4.724135716731494,3.224381870604507,2.4321527545860655,4.216112844409723,3.2132478273563065,2.349584134709198,4.07504730172387,2.186788409794256,3.035529368273301,0.7889335987954932,0.8798753104102608,6.1385302425720285,0.22333737419449395,3.581326888160463,2.7272174764642108,1.5747359710387667,1.9286808799515016,1.6521051912924714,1.2295519301450002,2.3420617605973946,2.3946744553303074,1.9218499468403119,8.78396584508304,0.6202169466148207,2.843161314434682,2.876887625324949,3.5603238020363555,1.2246220235975585,1.5169049885465706,3.6848919870727515,1.3022439456694686,3.713621789991521,0.9144201303308155,1.715804387852079,2.163495872697892,1.3612077549407477,1.0273410861181158,2.5067016935671487,2.356479090416858,3.0537289871698023,4.778459155857226,0.7721481796711026,0.9651958209175777,1.6220979742305937,1.8966957110089409,2.5738046693688275,1.5370859830141972,3.193002306640901,4.1185620354202195,1.0063591373547722,1.0958093591324656,1.7715427021043426,6.572657434219273,1.6037492471325847,1.3831144661098027,5.291994958521423,2.960178302014907,4.897897276879993,0.8790746136834184,1.7759265699245652,1.7919418882862286,3.9319332066956103,0.43456647252768954,1.2233700849716354,3.9068395809425773,6.1508650504769555,0.8495933324509939,4.034362652383717,1.1503598734979645,1.5269551518818254,2.1070780212089,6.639559009103713,0.1801597679925872,5.611708107334641,1.2811750403932358,0.8911016037759713,2.39375265369373,10.214821369707407,1.3869397430360193,1.7928847450278602,1.7531121191686556,1.8301877856877349,2.9809766861017497,2.5383458666868988,0.9191986483578627,3.604737936521876,9.011598447111515,1.7086283063742058,4.537598110544284,3.3493323564781483,3.0578291876431636,1.365358033282702,2.984719811148178,0.9848063460601045,3.5900301317845433,7.347642282463955,1.7257828315642467,0.2781492374377466,1.3649794979542906,2.477484817206041,0.23589793126351358,3.7978910838152005,12.83928359316838,4.869409585707455,1.9543489706554658,1.467897540566261,1.263252447021192,11.62071681318955,1.8289584424730032,4.461964169018694,1.4368294356784923,0.4795105499398001,0.8329633450013905,1.5407513670087694,2.5526444265925656,3.2715942540324447,1.946809913970167,4.590764174673728,0.47358048693245897,7.440744956544529,4.622618043825044,1.5024320498783956,0.6934909844393555,2.128352872337473,8.10295125316346,2.0402705866971385,7.614708768640428,1.1723191602239356,1.133345871469717,1.945281465298967,0.6982496312253805,1.8099977908170632,1.8115822866387912,3.5370069513173745,1.3431875201309338,0.962877377192874,6.3092626044417255,1.6047245107803196,1.1804800635589239,2.425340995337595,1.5748509981765937,3.77742369928747,4.42813790218215,4.227441149258191,1.1227409391045795,1.6420476274940543,1.834131453257556,4.05147881893481,2.8617868827019586,2.681753205332467,11.635087124703434,9.231311600654301,0.9886361760030902,0.9934696777953667,3.3773749976194223,0.3470587596347494,2.483273711725169,3.4958520200121446,0.9173089934951913,3.7124302790732475,3.706869416205241,1.9759139521866094,1.3596061953623226,2.400113268340792,1.3159845457846497,0.6823947066092971,1.6224403616832395,0.695684035591081,2.251403682293502,1.838079989153828,1.520383207045621,4.585012870318568,0.7265122480067842,10.312976631401195,1.6437261999742945,3.665859465393164,2.882758778459131,5.785916970173151,9.787411442575465,2.0826638465508784,3.08056583177505,0.29834023980737673,5.200439814360329,0.7383588083790812,1.5294598850222991,2.571534691373533,4.071258490680054,4.884300800293923,2.681368885417182,3.4915378701776647,4.56243314051702,1.2285103656980612,3.862068026064338,2.047698925279775,6.761317357313506,5.932592254616274,1.2704342423189252,6.246060242795451,2.05434333336822,1.6041485846995216,1.1256377943932767,2.1648757492139534,0.946309923212084,6.508488299024747,5.573486522875814,3.412800352604086,2.929916053799848,1.8499779821100626,2.609136935578368,2.984153348805238,1.7207552906027237,1.3083368321509086,1.4152992041295538,2.2508961292412257,1.2855850680491987,2.9852893278505044,0.7864833913340046,3.490679171727765,4.540105479298683,0.9544819545860252,3.2440715516123966,1.859813473602698,3.1672686801469108,3.221587906571518,3.0879456542565427,0.8905051955089169,0.7935611778925774,1.270135475211273,2.24575809632811,3.1518364591766623,1.5072314682727694,1.9031886183042714,3.9665891563709317,0.4598410297195014,1.463385610334837,1.7022212358157522,1.698357812136892,0.9742790184568499,2.024674857615842,3.163644190789803,1.2722786229152039,1.1514208848807868,5.133964688652816,0.4499005544629052,0.6715233465137688,2.5249633758924137,1.3159600527466384,5.794191269650939,1.1271039643186,1.0304865643623344,2.796783996018666,5.82859455023374,3.6679182072661742,1.5301492106481442,2.8098244164402724,4.180979968446139,0.8375518848368617,3.8734530221320993,2.439209282230767,3.5508236461810205,4.135063005024088,0.5412835396701773,1.7284240970746163,5.568483439333301,8.786266796618895,5.17129888236696,1.83739471002993,2.0435430529820287,5.273172785775528,1.0120553193996686,3.813972959746386,8.714996364579443,2.2161250876307825,1.1607932507847978,0.48045540316829166,1.0825406554731598,6.507251400849197,5.2964145925706845,0.6638994647405217,9.541823751517358,3.9696085597255246,0.4273662263516146,4.269807424599623,6.657317011786513,2.964032132508553,0.9740363632573925,6.356464875595469,4.284985562475962,4.235715808287391,3.25969207198089,0.7357001727724667,3.5173178823373608,1.177246803295279,3.2543025382302297,1.4772631480951395,0.42266330947603026,2.052126295782307,0.8223110139609678,1.243032953667827,1.807589802481806,2.7210187326239588,2.366516507025695,5.583571126623443,2.0907978088983357,3.8231033346794154,4.44552576197647,1.297102071253498,3.6843598535854167,1.6656300083160904,5.8274606554193005,1.576572098793209,8.265577194612048,1.648942515283567,2.2181454229043087,7.431120675073427,4.041034690118963,0.6740263174872905,1.295027571874112,2.8780656328772123,0.5209082632448547,4.043346180894846,7.149395872458076,3.611762230814054,2.2811305378480644,1.2022011802253387,0.622157027179775,2.6952380724969394,3.7489668201812325,1.2150455345462994,1.6296408259495088,5.587355508834241,0.6775957743626108,7.02174402543534,0.8435166648489755,0.690036268704646,4.485295285053886,6.135036498534428,3.043735820891533,1.7124743664900992,5.464144860063257,5.278889656005041,2.0810567353869764,0.8734976587930129,2.686594826856928,0.720554513783784,2.9654532115264383,1.5755689790707958,3.118740111402398,3.1037856861864337,0.4911824690003977,2.4435097609218905,0.5820620498579911,1.3217678520293914,5.38005608185556,4.3127335804739495,5.7569515425657505,1.4323081206685184,5.334422419883082,4.682112430142451,2.187355460470354,1.042342787498183,1.6786615436240406,1.428707984911824,4.708421091251329,2.338290047722176,3.816347555360469,0.7518906739688958,1.7110888201161507,1.4898572782024515,0.6268703500062333,1.0579755194678298,2.907816407690214,2.2759898843255963,14.257647771049665,4.00789955728867,2.2414026026045466,4.465922508082809,3.116084616938367,4.993985094578861,2.04396085950083,0.7317117587778666,4.957334125166506,3.480102848247436,9.394488337538236,0.5989047334161749,4.198627189093001,1.6295119744036208,1.399305125953779,1.1379576540611582,2.290347409103872,6.860959582736231,1.689260915932618,2.0779470990805504,4.534263398918446,3.014888418127935,1.3790023003720424,0.7919654198841557,1.7480287261186374,1.1201712362613274,2.8650884133842367,1.160344872818163,0.47866308755199305,0.6329108890375971,2.042038411812619,1.6567316580544829,1.6373374189224545,1.3128987992710301,1.6332331827148185,0.8750093919297907,1.0149883240334494,2.719509351387321,9.979472646461135,3.2843363943778936,2.287397880974734,2.2530087711867726,8.052176032499936,1.1020274645339199,2.1464265752418874,4.0857324543656475,6.661503809996246,1.2429496002459877,2.5433457022369557,0.6252652538128646,1.1973515649225772,8.47522513457826,2.484249611793593,3.908613323840168,6.025543252997416,0.6401661084333947,8.394704568990674,0.4740097641030044,0.9901577626989386,0.7771806277257189,1.834897223984312,1.5021224060414964,5.367486219959537,1.7537711853013407,2.0890527349856383,2.1944355189080227,0.9695542319849462,2.79173254458455,2.126409139019987,0.8411948841251254,1.2543390519420252,0.583349769967746,1.7194515510492512,2.781659484316073,0.6800584066119271,2.8797677692494625,6.203123358011556,2.2163495257516956,5.854272878981602,1.3550543314274597,5.742843063183503,4.608841588271448,1.2769976088436574,1.4732788272729602,6.518753302008652,1.2362196492060247,4.469923215688532,1.6812180399335204,7.3424585765343675,1.8710127728526607,0.8105314682423959,3.0406614555742246,9.742850362536302,1.5214641414658747,8.230272366519833,1.846567224958747,5.84120298088829,6.864154642430036,4.694765697503294,6.643734155379943,0.7594952929148611,9.668841167728097,3.361859397395798,2.1687159010361077,5.7840384650347145,1.0477936297164214,0.6248359268206476,2.1937409737328304,1.835239858242828,3.0659691365104713,3.6884635813462325,2.7557077040588234,0.9728834806274296,1.8632307802152877,1.553492584970587,4.147919612393262,3.889388345927777,1.2269913265415082,3.6340058449367643,2.8672903712101756,2.214236037691991,0.8628973111539917,1.5203652862588706,1.4271707988725901,1.9817064737396746,1.4532436824854846,1.2071500681394136,1.2324215509028076,3.0658526851186405,1.7182135286275284,1.3984552815955977,1.7723126624654593,1.9572552942587516,3.4233688082639873,1.3416266411167177,1.0065155955751077,1.3416575895747063,1.4552462542929154,2.041775896012767,1.4824726538632866,1.6044553921858795,10.257827250711124,1.3830657258135406,3.7177316258109743,2.4505085997410254,0.7263915049045189,3.230162331755916,1.3822613965370387,3.101914851567174,0.8205762140494529,1.1209953799996095,0.7493417674236248,1.9323536240827028,2.5632100994864975,1.381194418570682,6.028486812410364,3.2811113450326275,1.4964005350009009,16.384803951867266,7.310222405488537,2.979879310429274,1.1345949702785085,3.9608941743684256,4.462230228360679,7.007606783734792,2.1232567691044544,5.351624674643556,1.235489839631795,0.8024465247516358,5.28146363593,1.2837955843929938,4.018350421206267,2.9859973066791836,4.472257523296278,4.263548294417091,6.416038796245276,2.98254397849519,1.280109903080728,2.0634735944763247,4.593978878262015,5.823559052624472,0.7560583417771041,2.3598476112118645,3.1179591051124045,1.6300803106079087,0.7392634575354536,1.7819710126212667,0.633916460596548,0.9983287978409354,4.9752792442808715,6.632073521447105,2.537372367013997,1.9342357658627682,1.654866205900491,2.2150190122530926,1.1512928555182957,9.012578859427101,1.1342975257069947,2.4365291167041088,1.491815400916372,2.012814315465786,3.224329630371655,1.5008915760000425,5.464565366134993,6.737397962584492,2.902109705430372,3.366443338152819,7.6716741665188275,2.8517089426024347,0.750188595380487,2.2569232880410524,1.832346153007467,2.027150897341484,2.210572968762314,0.4883091034274609,5.33216744783673,2.068628887234232,5.386072351687264,1.6371746088763213,1.1845609620148152,1.8182451797467625,0.6990931398651994,1.359882033456953,2.0231376785848947,2.4479416105226415,1.7854284023152203,1.2003255549950165,3.2975673625322366,1.2544543362209386,0.3369899143640991,2.0842617927286584,2.2119799140078644,3.087625677005647,4.939643021173225,3.124739916749333,3.1215768326477287,6.87507362379851,0.8547476454304184,3.451310429887287,1.9312870094321128,5.452100401653943,1.5644493439804514,0.8786507541791153,2.145815040363441,2.8418776604450877,0.6744534751164334,4.111048357336097,3.4854457002428836,4.352047695647753,1.2049717906250283,1.9020532526541951,5.404502357243437,3.732685308620759,3.7326487002750057,4.454207849942793,9.381070906776905,0.8513264011870207,3.1465820923209336,3.5828086683491676,4.886672519532839,5.626127607621508,2.9556075804264914,2.538967803270114,1.792433534366043,3.3071875759330616,0.8796071055340852,0.24380664633665616,3.3347004693895848,2.072912866410782,1.7373775628428223,1.2977361370883376,1.3127237859135554,6.089094520808826,1.986773841187331,3.0595019613120855,2.7596987781998217,0.5773634527538365,1.4275844744867103,1.5600340284074494,2.6871180237337735,5.383802145913761,1.2119521296736928,8.767951001793953,5.263778013903218,1.1102365049967668,1.345223756940776,3.8448405269701276,8.014113522806824,1.8451089767463458,5.450388111756347,1.8980003972483188,9.787956890302311,6.11013292659924,0.7240578400860294,3.331988872019919,2.5153891908872437,3.7339986659074267,1.2596593751059306,8.142902331527598,1.544078929706795,4.101046068869594,7.048431044770949,1.5577388851304352,1.3084930461144246,2.312813739055642,2.9843370927655837,2.178837807940357,9.436313866188126,3.2178907025436296,0.8859015681588079,4.641445559908111,1.0858719519221656,1.5899402736060186,1.1770359773679284,2.4912316951280005,4.4409619885580796,0.7779853862801029,3.7636118042379954,2.265621025081321,2.0213861304936764,6.1419933087560725,1.0664101699016002,1.5448940754479275,0.9022810056494579,0.38294973087768364,0.7474251905726679,2.1646264898417584,1.5340676256810961,0.772562291770173,3.5339138924023907,8.774683142720248,1.9552861926882976,0.9730278210967882,3.9788900369755758,0.8203365699537761,3.298852155356445,4.380608409960638,5.998359563659021,3.536840377622026,1.2983078226032296,2.0748605626537397,5.687933309284824,3.056021034744319,3.1691745744245026,6.867912652919065,5.257017941255227,1.8880621012134153,1.5931972812807733,7.467251947460936,3.762532619696505,6.5732868733422976,4.934155897245539,5.097981454977376,6.528288513366315,1.174196783738775,3.1810366006917645,1.2853577302854164,4.558728161453405,1.7869670643419064,3.5531324303911487,2.4712951308383415,3.083532975757386,5.9095411720609725,1.3865172223356332,1.000290065591252,5.1197603396513305,2.9023820872672212,1.3141148451718712,9.768967154275538,1.7276019401751497,5.560688269093438,1.3260441174129163,5.166428887917779,0.5535624086219261,1.0051652012453984,1.4103086310158894,0.8818197239416454,0.6004875789599946,4.965213837470133,3.0675099413199973,8.096229284452297,3.7436772194598307,2.25531774548826,2.279378817131427,1.4244342888615285,3.0737634151357613,2.7785480022766755,0.6166438290495619,2.542734566573614,2.45921404712597,2.523686966011017,2.522754601608053,3.4453122757916286,3.789396809000823,5.295670624908541,3.993959889008897,1.783009384445074,9.695035322970192,1.041990586805338,2.015264846798929,1.084817067954363,0.8448532671241058,1.7349264791997285,0.8803659697188774,0.3405246501813728,2.1950909370046117,1.7881014536408182,1.5831282145844465,0.8590722223765302,7.202568489526325,2.4896010011594933,2.435029919743093,9.09996621261031,2.0404357767936743,3.049995605532187,1.213476121943916,6.269560292058622,2.6292337909467447,3.952347663554504,3.2295868119604316,1.977281108481565,1.7734745438091826,1.140415816617489,2.024534945443152,6.492183521756371,1.7936753849274045,2.4588704328817066,3.1435270834452695,5.843662886066383,0.6459102039086939,2.058136214392656,5.19199768855807,6.5280651553723,3.9363129044025618,5.513585716809863,1.6139721235382136,2.83296955058752,4.119577319750028,1.4661999822853709,2.8934292589551744,4.01106954909157,3.0701659184225214,2.2613922970269558,2.162691649936219,3.832115442124168,1.4083063991030365,5.163600138618421,3.376432503653988,0.3672143043064169,1.101224970498619,6.524292618125446,3.2661238874388325,7.797552679871393,16.535263743514275,10.475433377495078,4.246375487548414,5.699242750504125,1.365006810316792,1.77546569775589,1.5390956330231693,1.5796958921426936,3.821915230808618,2.9796710080630167,3.345952380602767,0.6534474824688143,4.704613885229635,5.949289758957068,0.9732635200513218,2.9456491362379094,1.0794861945278207,0.7852413377243398,5.436479243576745,2.39870815538067,1.7834174455391212,2.7043196251806902,4.7828508917574455,3.4945301459763174,1.168545574125487,6.911897869621537,7.074552497494926,2.03596241728314,2.9614933292250205,1.0759064328109538,4.053805761489929,1.4705233273445952,0.8646118360136406,0.4726084229332777,3.661772829380341,2.9218361094819056,0.6337476608248802,1.1773730475926616,5.775332720573879,1.1024547786924144,4.553703416550545,2.6521103462163715,1.2032326512579383,5.945595392973128,2.6226034242009035,3.430182256754615,2.6056016620333327,1.9239840373512092,0.8840128619297466,3.6678188468903032,1.3273964127563553,15.982133134816909,4.153656133178905,4.6243911943893705,0.635753325003724,1.399449838849837,2.312993013694643,10.778231917002932,2.5387080956638464,0.9256610305253258,4.423244184014669,3.0160370610958283,6.760037827446559,2.007590515055775,2.835890675047246,4.003451155688129,9.216599609349181,0.4680260951038627,3.64716298395893,1.7711016704371798,2.0762651090891637,0.9583912473771006,6.562741187636194,4.156130680105347,1.456810823956216,0.4165645071890609,1.582186829240949,3.0736689543162594,6.352533602290305,0.5039158250346297,0.7419439120646237,2.1471972361883607,1.8704521695298215,2.85367782948529,3.767821849324751,3.3833757287056967,1.03319808045099,0.6637452369814837,2.2441754017056743,5.102073486051496,4.421662004595294,2.1258558585900627,2.2893132004693837,3.267709170991038,3.289783883454214,2.609474026271153,5.274708236119967,1.0908345610054722,2.5227774334666933,2.972707806694071,3.306468400770941,3.5653923596971686,0.7541856925198606,2.2902651449399873,0.26919333407224477,4.423404652924752,2.7183313625443457,3.7042396420248456,2.474638070362966,8.52639338814954,2.3486003025362727,1.4617302187351429,7.159948789506125,6.075279060090956,1.5598314522784196,2.942450988249592,4.385177962005106,0.344685510862265,1.999204098617362,0.6130188960177837,1.2031557345527522,7.5749715106344775,2.355227541854535,1.6622534790491026,3.433991177696208,3.2996915103601934,2.0662766347618464,2.521850883559242,1.551987262622386,2.561694452267907,1.2587822269257358,11.101742001783405,0.3212612343807818,1.8415146321633609,2.2549043797770367,9.076718285032815,2.0039059995312685,4.248825290383733,0.6358804388602529,1.8900948101732975,1.133323614141014,1.2945829443692924,2.2751175732266056,3.2161184671617993,7.565842811821018,2.6705481891801868,2.755522381488462,1.718413830664893,2.0227424416585515,2.356224292089367,1.1487868409372082,1.1150266088048695,6.236153163848559,9.344498354979454,0.6720709703436539,1.606953785292367,1.466524867165346,2.0902030768809485,5.76860596655149,7.809334926065415,3.0570998896268025,7.467586888374627,2.1641328481978275,1.862781232362681,1.6437261120636488,7.277108121667305,1.0559236274721668,1.9286243444647726,2.9452147223318423,2.188411414499376,2.5353087951499282,2.8595583083402767,4.11344064436745,1.3255816926261952,2.5314757504881897,15.828340085601905,0.8285755974625695,2.5752620102117674,4.539461018163055,1.3508213573354184,3.550095579171899,9.457637366994794,0.6084625190777889,4.073465694483695,7.276495075360123,1.1479254764330682,2.2062583161354685,8.738939682728944,6.20096898572609,2.0086855014232636,0.45925253928928167,1.5251315231254567,10.990845040887644,5.014217079622627,1.5302023825692008,0.5394771708956214,5.794740167380816,1.9616532418613541,9.1573526394768,5.993757589704156,2.9517328696443537,1.9352770018840364,3.627217220357256,3.9119156252687164,5.161322551345473,2.4070246976539607,1.64231961462389,1.693231415358589,4.378085964813548,3.206372894756029,2.7559420177315124,3.5215030972868684,0.5757576537703816,1.4017002188410963,1.5842291983924104,3.6301633120067707,14.614723355879939,3.548825925027164,4.825111668189724,0.7368601701124576,1.7917368226075532,3.185168229660757,1.7411678995878572,2.6729053712844557,3.4347819927224075,2.3685878264050464,4.898508506233368,1.9373037594837226,0.7069741400309717,3.905335039960947,1.2539407398600135,5.243564039524509,0.8595663313982316,5.659628277358745,2.086629658547596,5.500719471405765,1.1479277026256232,10.6967177458665,0.7940946128903232,10.186899652690164,3.0654908171732673,4.008129496567307,14.61071535037529,1.0716569201403798,6.9510609584015555,10.69659796298161,1.9980316703011978,1.7729072887498893,1.5496759052765259,0.5374199242848785,1.028867981109915,6.743022413014706,2.328097487666183,2.9157647001104623,3.9666286867054077,2.1993106047604476,11.314449929683658,5.27989379339424,3.2499880775786987,2.990272702710468,1.480277488413829,0.9027201957828414,3.6366706287086528,0.7193607389899275,0.687208681941853,4.032730412081446,0.37486985939675566,3.0734908991753884,1.7037074508010335,3.762899766237699,3.9810787384784874,1.1760580688786055,0.3504008081311515,3.2339774889495234,1.2517371466834992,1.459332371856084,5.86414939329983,3.359056529639146,4.0199225533165865,1.321342406359161,4.546835673367759,13.894359745924305,3.6633721858973027,2.8305489948785074,3.995022564286446,2.567921034603303,2.824019227468204,3.590778070562698,1.8169215447448297,4.205758475850187,5.113789670990097,1.2548796524419732,0.7283526880298947,5.514489850868352,3.0876707880856626,7.321027273628103,3.0931789496789155,1.1164986969445536,5.041184847692939,2.448998027415169,3.4709061391463827,1.200451919784239,4.929495149439829,1.6384569504406306,1.4022708734325966,0.8006690152258802,0.6375353564111008,1.0053028081719304,0.9774081551237334,5.152585252596623,0.7992977520503388,1.2763477180830596,1.4024489659741506,10.962842279670722,1.1651591031785218,1.5669824075505858,2.3512654804196433,2.196341000640468,1.7390092662538983,3.653383459745765,4.577672984576946,8.057441827669972,0.7776270271561802,3.303497133784615,1.2732339470760246,1.9251846489072042,1.9214456434254996,3.0618349873230204,1.6491229278396133,4.95517193084325,6.287691201428754,1.2086337337063537,1.5387614969783678,1.6449377243620509,5.369435385275058,2.791526851094484,2.2078373073292124,1.8924622831034408,2.155418603736631,0.8407570172440495,1.274768460734507,5.933273797418078,2.3524089155436814,2.212175074038924,0.7070243555554019,4.6932886591637235,2.5226296307201697,1.7767221646471723,0.9992414728869607,1.060418524891179,0.7934192868187336,4.511942831590074,2.104259441958915,4.411037555223851,10.217695570585237,0.48685748940016244,2.584127428346767,8.167712862590069,1.3288361152360098,2.454923725223315,6.969697542906022,1.7624758670137353,0.7663213143103338,3.662254094479539,3.3635834465500016,3.812894531183324,1.8812621697453937,2.6554885011016673,3.6941092067060555,6.064174283833224,5.509204810846507,8.240977099491445,17.489589995713317,2.820029046137679,4.557428676125043,1.1263380516731862,1.2353503163259298,1.1765858195422951,2.9882681913051963,3.023002929670911,2.502445609081509,4.313847539555739,4.804888956676136,0.7038331207952633,7.456898639658102,1.1803844380064337,1.4195411894624774,1.5273420771101973,2.480477277948674,3.1536018916893376,4.184272846974303,1.8575442984938924,4.5163167967151665,5.269845467501839,2.9705532553251515,3.358692405740243,3.4159718956924623,0.7569025866736407,6.760853568668383,1.7631238139751644,1.2221727621678982,0.8056230205872373,8.913155334499784,2.877031114024504,3.289328434319077,9.54414854319484,4.036679729402993,9.463178997538058,3.5936933357104244,0.9014161652928185,0.5371275327306011,0.6234424023077962,4.831527190990057,10.815612427909604,1.4682214994313707,2.561470219982976,3.0400171155859357,4.047054693026035,0.8589197159249684,4.174866528933032,3.477513177311506,0.5470738139619606,1.0119913899819282,4.543777619564275,1.059692903650798,5.164378787925425,3.271671773068155,2.9054577810778053,0.5328904288134744,2.089854952344072,1.2722315039335805,4.195252840998796,0.4604912629706339,4.6113599880380525,3.953484179078088,5.824576602563763,8.126612570921614,1.1636339003313514,15.671448487023063,2.775041882119232,8.07376763506271,1.039534776454245,0.675229600727608,0.629611014428403,1.2248865768715498,1.4228720425077515,5.655769557459325,4.088556424665867,1.4118477461738523,1.6949290864174715,0.9643095169352198,1.9996173728983129,2.8257050568132605,9.173573001747055,7.153913952357356,0.833556471213002,0.8018406382456555,3.6542316452985295,0.6531656143136678,2.7299122440420263,5.101369738979588,3.497163408526031,1.6015445994866697,1.302278901686897,1.6793691599859575,4.497922460476513,1.4036635952777017,2.3693508315753107,1.4493394644220414,4.074216823657987,1.037052245496706,2.580885688908309,2.8158404444758647,4.587501490131125,2.970257932006199,0.8020671441992495,2.5718434782174397,6.600607346158153,4.003932717251354,1.5974074847803035,2.7094613954515463,2.534766071248914,1.3530732467454363,1.3686778571243303,0.1376680264178965,3.344333792787923,0.461225984139083,3.6968435494078684,14.702607448253767,1.3607095469557187,2.7326936247855422,0.2330916848805541,1.4700919210781191,6.6031400150493615,4.2606835000396766,1.4912688647370247,4.050373232183514,0.8235338431880016,0.5555122046201743,2.26687652181453,0.5301008674074418,2.476225240272455,1.14980396143366,0.826817084729886,3.4283874904525624,0.631720602150619,1.7210056839223586,2.1852679411278997,4.564683524932402,3.6957955964361275,2.4772370086295146,5.045413461420178,0.9838455389436287,4.046345707786939,1.5283578552337467,11.32223291077573,1.8566573217072275,3.4850970494831524,10.123218477969615,7.329269666694018,6.988673157762696,5.128520963952374,3.0993744932346643,5.158302387933064,5.041186612397293,7.998026550377506,0.6396101136086716,4.09234170732285,6.123452123667372,1.5397909760124813,2.7661309540777252,2.8478471506607974,1.9234468699117266,1.228433194910691,2.1623609060965405,4.03017412035044,3.9310779283442354,4.924695443392313,1.80641352259749,0.6385770134652383,0.8261732167431557,0.3651354475959845,6.263767640562123,2.8159438006132684,4.23664886217229,9.830019020636175,9.5869217121217,0.9817244320191907,2.0303666425986124,3.2325055965031844,0.9684874039430037,4.175096410005072,1.421524490030863,0.43528197974386573,2.607174008913182,3.2479001291587744,2.8808704978118453,4.507839160067566,3.6455762206405162,0.9174084069931461,1.372035113074358,1.7203674686279868,0.5847878392900716,0.7868519702745534,3.478454173187947,5.42958397239609,3.788869589209075,4.058920264036628,0.5089044573903441,3.065930385352828,5.752435914491968,6.226101457247743,2.5923442702197326,5.365020460520469,0.719457077623208,5.283317984964014,1.2446720382999266,5.006125598826884,3.320641075185989,1.3441332240671524,5.661723816558743,0.7420288386287541,1.2776237494302014,4.288567550352039,1.0836984241878949,5.319050253160469,1.4075425055607884,2.037452716155146,4.356624714263651,5.107518519294172,2.071735765645854,0.7879818734071599,3.5220103630404624,1.213645446953796,1.6493390917261097,3.574069681810329,0.7325711486029933,7.615262879561485,1.5734484805265605,9.231826993099446,6.403152257727679,7.845833851314629,1.513104343315736,0.9531718878714979,7.132296258827836,0.8379045931377319,3.5939891048482,0.5991622821990945,1.4363040518024643,2.592032981500136,3.1127745938282776,4.448447395560075,3.71430131134391,2.380561884894747,2.6848664028391314,0.9127579130686121,5.911035102246961,23.556346496504382,2.471476514353893,1.2568309180862465,3.5990702416938585,3.413929424978523,2.75081365590249,0.6513608384632066,1.796193913190393,1.312524232142731,2.1794725508485735,2.431933864722207,5.960200545130852,5.9460229724318125,2.2478491241539613,4.7957667040393455,1.7866608822225436,4.385613794429417,1.2849879937779125,0.31949375070937625,2.113454564671179,4.96347532351402,3.809237033429729,3.0184634262529917,0.6345734812135299,2.3663843920856826,4.271918654872771,2.887047583781106,4.561726296089312,1.8818918506912106,0.7376666949714765,1.6632459716516315,2.6322511354901916,4.301774914916817,2.6158363561919513,11.041296648143993,0.9042032589751845,2.939095337649676,0.5363977167098766,1.8505920187687057,0.9642329089737091,4.506417712589799,5.817521097115281,6.509929966388655,0.6001885803481873,1.9211409020239683,3.235773157749319,1.2713862085039986,0.24922684915312754,4.6555627901664085,1.3256598508435544,2.1636954740960617,9.10581036104199,1.0233356531171143,4.921923004044376,1.5111479634397762,2.0244580818074116,1.883630638292211,0.6428572139401784,1.8513112086828238,2.080771804450752,1.638430674250972,6.198024155312236,0.3671024278891425,3.653262797647685,1.9998451384608074,1.78256670199079,1.5384641932462426,4.202729397276792,2.172410049905085,5.529125294735652,0.9744862120590578,1.8312969917593516,7.294249923308444,1.702223916013629,0.42051011414707523,1.4935502654575452,0.6764057835796994,0.8935007663315717,7.940901446669776,5.136720285896925,6.895802574531439,1.191916888874591,1.2120471259240073,6.867188207634639,1.2078732610509801,2.1236944518440275,7.004804234899849,3.6178495042429075,0.8406895523059233,7.574705196496212,3.108174601350749,4.2359762733274975,1.0687431878919407,4.647246633337101,3.8064390716700967,0.9336132963422316,2.9867720313054287,0.9055073560847523,4.1062515442465175,1.2112747558534736,3.715208836565928,1.833082363077163,2.337037834828318,4.908676637387084,1.6998638026896797,4.922710819250339,3.0271413204237168,2.6989305047014325,4.881665600118758,2.7674629889358977,3.508572366683154,2.6247768008639136,6.875461619071454,1.8052940962206732,3.088020957094699,3.1647491308257667,1.3627926992000716,2.529036728830197,2.5770349289957886,3.8393472262938584,2.6648188035697395,0.5122375595653634,3.4748320093069465,2.012251130198688,3.2774100442344785,7.933835072203704,1.021705215281224,0.8531905492402079,4.9906272510332395,1.7722388878564048,6.116312884446843,0.7540643325668934,7.139172054909289,1.1471662687611768,4.669457940279923,2.9033145434124963,1.3161621844835825,5.642543074633317,2.1208537254679283,5.208938428750182,2.8723610051409265,3.1647044328329943,3.977608273483009,4.152052612189266,2.5446969900195753,1.8216144689730245,0.6657612352308352,3.5814925547383236,0.9980143053844277,11.886082787481977,1.6151483064960421,5.359115255280325,2.2723056448352192,5.0038332332792645,1.0919037155946028,5.532401501022871,7.291335372929967,2.3579555879551606,1.5557889533463414,2.7697371022781345,1.9974833319927425,11.437494165846994,0.8317884191579474,1.5508075015454232,3.049031833147603,5.433675624879221,2.4399088420950883,4.020127265347526,4.248853268087894,3.057199774470719,0.7682126596860623,1.1258464551106258,6.235781699002969,9.873018626327008,1.3308953907502692,1.4532103515323502,5.1798094364400535,0.8726365676907077,2.343431920156427,1.028676666230054,1.4292785589454204,2.974085262571127,0.8650735620447834,3.13802298058285,3.1590528753304823,0.7203745517511952,3.9681128129387666,1.3792218009028057,1.8261384830623326,4.629061144014043,5.157205459629396,5.9791050794575415,3.0953519380603414,1.4410193671112381,0.6350618537536339,1.4796900022379873,1.403791402253985,2.938004756604712,6.260863719759609,2.4588712237657537,2.239536321562311,0.8920745981293184,1.5739498371362093,6.120030590769387,2.1653963499991664,4.184733691010286,0.4127502638411497,6.6408385505019325,7.936589059688213,0.9628571980818155,6.343138571517635,8.29545705524683,2.2229979777289195,1.0250707931956389,3.141614890561779,4.561692795409828,1.1182399916374741,1.7349308648378605,0.7914749497982625,1.5815198197445133,0.446341438100754,1.7137467623150144,0.4124090705433454,1.3190440926643432,1.2718873733940834,2.7134365941241745,2.39668538525011,2.1590759886577,6.861081290541992,2.8377147311597524,2.070677126708405,1.4789790237774205,1.3744494922660753,1.8110193450171137,0.7812093013978185,1.9828968121029045,3.329239195939849,4.523773209783862,4.660536040512439,6.038341619823952,1.5038801747715254,3.155989216060469,3.204763115113609,2.376777747054363,11.006438475909391,1.5468243165576088,2.1562947613068024,4.3062298237246335,4.342365040408876,2.8950194850584596,3.772665161568458,6.198076421163492,2.0488242016995737,4.51413220472981,1.641990710219124,1.6506404899438758,0.7947040674467764,1.4624868444994046,2.7230850114101197,2.6850416062698303,3.13661627677884,1.6417741265058874,0.6562104233618085,1.7103717729088406,2.8498147699957226,0.8526999770670196,1.226470196248582,4.946075409963993,2.274009252662914,2.876846395890176,4.384167953621911,1.0538100867597913,2.3769807752344287,2.4681597249591825,3.1439743871913532,0.3318850498806153,2.1932264063837925,5.3123507493025635,2.066472005819605,5.30167196488682,1.1774693245634436,2.3533217623877354,1.4460721731385373,1.187640652727878,3.6657177889253827,2.6699768523499996,2.683910260111746,2.826225966497857,1.9766690276719416,0.5118794242735585,3.0140659439709747,10.88471021778071,4.479804602393088,3.708355640966073,9.13410307955117,2.916197854743671,4.711131016542599,1.2327568704421015,0.9659750937440926,2.150536785404541,0.83801030880187,1.484653489892675,2.8829848452925577,4.981774150619912,1.2775753344210832,5.768797330555803,2.1846607805175635,2.2294695821194415,1.875467235084828,2.003705228787596,2.036671676949607,1.3003086107176078,3.840323572595584,1.502400787553005,10.210800942537182,1.0290565605345028,1.8308127374288854,2.7367945819813624,3.080878786467508,1.002662983407856,4.4917595613267,1.910773055997919,1.1131999957623946,1.661618467296091,1.947135382025271,1.3466206093801598,1.4055021917948505,3.541635687050427,0.6205041521606768,2.333049370608734,5.648547150550408,2.0492321834717426,0.911780136902985,1.3471622624855677,5.911873841222358,2.68828458768241,3.0148415906799144,3.729193981204028,3.4188625132095076,2.5986634804327604,3.7957859343403797,3.727453995015574,1.4198445609232417,10.342165366874543,3.8836822835308125,2.7559610364323803,0.8894924538280615,3.7261764826576536,1.1096721444318485,3.7060942164212096,2.3075593155852743,0.9183886070119933,1.97677990527582,1.6363866515045626,1.734162600167284,3.179061819667725,10.4585923716142,2.295730152055708,7.245567488823811,1.587013086692096,2.893516705161484,3.8245412000412564,1.276301007431473,2.226205348723263,1.7693866299093393,2.106992169402717,3.1473221706013037,3.3620392981713705,1.40419335839491,1.7185537966710072,5.067814736572089,4.883548359292057,6.113828771602668,4.7278316287138615,5.606035495622993,6.1364011512097285,5.413046128963858,5.8030302538776315,4.530444072903941,2.2911474278042148,2.608356867917384,0.8057514114519969,2.071386121856677,9.873676781140874,12.264612989588318,1.9434381816738104,2.470533728482308,2.2253088727760586,1.1560881130788732,2.0589773966253744,2.520282669781573,4.309894761768064,1.5845247822870414,1.4859779151470178,1.7592511412728817,3.2670888709481942,0.8566012049931486,3.822560866132381,1.380345166777428,2.410760746093204,1.4110407554240358,3.563473676847337,0.7860352401217561,0.9956815476508775,4.287421951433276,5.11429663118309,1.4493631064029806,1.1485410352837926,3.350207374691813,5.773754415373878,5.601093498020006,2.992887044638672,1.2394623364562343,2.1292587243530634,2.0502063702315354,4.698199125141232,7.1463479942920864,1.854667790912876,1.3392229368366293,1.597296040883509,0.5430427303664573,1.278899193361311,0.860869316672282,0.5049186303865317,2.448050087893261,1.0411560697716686,2.987737633235577,0.5482157583326258,1.4471313169834903,1.1467891639899843,3.025277846928118,6.817852727436134,6.277315387234255,0.9004244266945256,1.1383129901667264,10.56317455970433,6.344681118602784,9.805337369204844,2.9280033628589006,6.847393935961867,4.072437111150097,4.073883398709275,2.3907028375038735,6.913289928877101,1.8170149729559308,2.3278119456478437,1.9826593394151946,3.558924683064736,7.926207464810068,3.5394498645076475,0.9837859963945582,1.2393726082075351,3.4818592644693944,1.6184518037674729,2.4745409776288465,4.3110019508409465,11.17316147411413,1.3899672562586098,2.0238953591172746,2.9360093037306374,2.4749848561678878,0.7292881465395276,1.8124137925980164,3.27519351511883,1.0647561792490392,1.4050380871750727,3.785856750593789,2.673629082618069,3.9131863445288704,4.854705188542751,3.610976756916435,3.788612696897685,3.231520122761564,7.713192447517904,0.7906712463679195,5.182485830057468,5.740166639867904,2.1214828204366647,10.560567787608388,3.2116740483147233,0.7590414930418243,4.3294685242346445,4.269742771584719,1.0705456058115403,10.954096834394784,3.635483952256826,1.4974079608748176,1.5175531684522707,3.011138364767969,1.4108364835973934,1.7043393215887357,2.4823850466667245,3.6701441852310768,3.1375086896797586,4.995835227961859,1.0204560496039623,8.851637414975965,0.6278701401375824,0.8016490050614984,1.5930309357618755,3.371425840218067,10.118132087937237,4.187674654924908,2.2445284364615805,2.9921998834429253,3.9106100208626478,1.7951222904021977,1.4497092168242838,0.22410533651694572,3.9524925215276783,0.8780791132514383,1.2607397026218528,1.29179508518406,4.062970707144888,2.438704977038618,2.021557249589624,1.4313693130529828,4.554748080638882,1.0136504029562556,2.2862519081285058,3.8527324480651437,2.3452492453657574,3.2225305359848138,5.340711740039414,2.0151366973179687,4.34898158284387,2.767232385684758,6.772015917123083,1.8799394767472295,0.7128703313094286,2.715117543238919,1.7444143434970227,6.227928425716177,1.5472004834063164,2.6859130193993326,4.936481384910119,1.8629858899698475,3.1229546324227724,3.441067481033204,2.5102974622263345,1.8127510505839484,2.017854669505186,2.132505884510052,2.2808734861903193,1.113300506484088,1.2579940910957734,0.6767835347699838,6.849997998861683,1.722758615125375,7.732770084323365,5.02004168492147,1.3424213877000335,1.3546797878964876,1.2640761700515712,3.703667472053783,2.157603726434118,5.293254534035633,10.456056694191034,6.582407435366313,1.059240403903603,4.38093553244648,1.1264625908567671,1.3597772097127634,0.8472219694446925,1.134314791664711,1.2500381813389394,0.7820668891869149,3.0999274970362043,4.986298346274856,1.7002880945545917,2.5648861514584667,1.1860294760171886,5.00977277010925,4.480772388534073,2.1964488956084356,1.7362763957051883,2.153267000535237,3.2015153706389787,2.406111438537461,5.461431013650263,0.9260270997805979,3.893115966421454,1.2677414134049918,2.2568061513689797,9.59490989924031,5.330067027804651,4.457293054019186,4.082427581415083,1.906997989538394,6.841449707043655,2.024083538609773,1.0836256053769777,1.7631353839388846,6.228698467250384,5.189972636316769,2.6085634722610305,1.198336063153616,1.4447509477889229,7.031592680120573,2.67722038164827,2.629374775606563,1.5202054293417746,0.4287762518497611,1.3342920437292618,7.089765980541108,2.183563339128359,1.132482981647333,0.7844087085386795,3.0210928555600076,2.2422598249609313,1.8722840361459405,1.9718921107710767,14.772332105330321,5.399817882476574,3.682114333601895,5.029994701403042,7.0273049257191715,2.4843163102264127,1.138032065614487,0.2410461806161004,0.922167289157778,2.7702582461920198,1.6699472525780013,0.4085164574912297,2.11793933545395,2.8335818252780443,2.0417993010527002,4.151509533380305,2.7541156885539135,0.8851067552626596,0.9510538408118725,1.9360325345532816,1.332654672199545,1.6565784970960884,2.638177201724245,1.497064488336029,0.9003117283794122,2.6493712503239024,2.1478502575835408,5.751320784101156,1.065536598521257,1.0328019741045429,6.303696131418019,7.680525482804927,1.6471837380446694,3.655608888169089,1.1372591798752563,7.216109276025072,6.505852184356436,3.428054804461034,5.308038495840141,1.6264749954204039,7.987069526056381,2.2049709346220805,6.469726409638919,3.7699945769810332,1.724199798336777,2.212865149812839,1.3392985849387076,4.560578868609914,2.4001659783281073,1.6420812211111602,4.467300220301637,2.30093292091659,6.9046834606555425,1.5297557308552685,0.580239240096722,3.0769530288615483,3.770873752204257,4.880497031917789,1.7652696450497123,12.136366528167343,7.965393233401233,3.6941434255085883,3.7871468879151116,2.545300296497692,0.8395430470920774,1.576688965721801,2.0832343735937564,5.1814763979144844,5.031733744183141,0.6536434111653044,5.36047605257118,0.9815333606026967,4.13021694821908,5.074261537607838,1.2477513972664853,14.130677297424707,2.8586613358181787,2.167115176779448,2.203220229607209,4.795652016664065,1.5872184176177715,1.4834433523446298,10.479980032152964,1.8584297408449368,1.7112154038922907,2.916569883205124,2.250037056051679,2.7932108079917795,0.7548080020460156,2.3088226662729507,2.903358411040585,3.3857721811088664,0.42582363501019216,1.3859057885751396,2.744861057572547,3.774772059215147,0.6491616246312206,3.563399884834714,1.8525290861042407,2.2417541402263614,0.8386499945695609,2.5574196420252027,2.518460659939271,4.161317022943866,0.39181408646047616,3.655896401349221,4.92786010368084,1.43198053335204,1.0191198407479691,1.091215825575101,1.6111627371308175,0.8113429775574033,3.239088992532194,2.1331325452045906,1.4747108950912666,1.8039329352586504,1.7049943661290996,2.04163122405186,1.6439313475253587,5.616301607874384,2.960890364973464,2.3190254979461926,3.9098031572277496,0.9789857706906056,1.9328438905974825,1.0190917366919356,1.230294033087281,5.788070406059718,1.3764608899871997,1.253226659475811,0.7327446168075398,2.4839973348966655,6.551130631897326,2.3599631810626143,3.7056288267099946,1.3570164104711662,2.485311230503878,2.1088983543876654,2.7124602489546477,9.217053872502328,5.08442666755233,8.598406573971333,3.6208937367980667,1.2991559478080366,0.5938133719588737,11.408544207417211,5.635784170580538,4.912001488743041,1.7363194757553193,1.1949014949187484,5.382619725363875,2.6025918986770553,1.6689982959620246,4.21276104751265,16.29176914716033,1.3360523720623878,0.48570369551612025,2.0673737148796922,2.0713680759712827,3.2961274325774887,1.6724018025962946,2.239002003561744,3.1231217659950676,2.9765505345893306,2.001674525217613,4.43696624231585,3.017939932601266,1.7923828387327962,2.032562178199989,5.3937342200650065,2.488659467068978,3.113070470898093,5.182416015433796,7.38919278217239,1.4614128728712956,4.536743846170468,9.997915438924478,2.2183644051816143,1.232912762284586,0.9037928084432235,1.4296193027567705,2.0517440620681606,4.813311262252976,2.2773079006035184,0.7602174203110665,0.6258541695282653,1.627934007820292,1.5322442249018855,0.9534595215098182,1.6152405844430742,1.667359259715892,1.1313463823885774,0.9285877579999419,12.596634976519105,6.005727702471736,1.2929823882727924,2.565668552925785,1.078713970260997,0.4205756646692942,2.721086780433719,7.537698422858728,5.7404726326788,1.5849196735471747,2.394071390741389,9.767262137182522,6.591374417242153,1.4437294876994666,9.539223063227855,0.6578387111768607,3.218217271820018,0.8574639406140246,0.796481695044672,1.8500500129370847,2.889866789189422,4.907140504355994,2.883124603736328,2.992107258027149,9.001758225702424,0.5703917939399779,1.759756726580809,1.0216177999037495,1.320941097205793,1.3721448536711092,2.5181875877771316,1.2894741720220915,2.49116877489657,3.7908968756310264,4.724056388169835,4.590255720675652,3.634842228162595,6.1452750513352115,0.35786087908487835,1.0238443500262524,8.550706109165672,3.3102553235394114,9.265077159283305,3.9929099280076614,8.371065416614282,8.674618509660844,0.9517189029677801,3.9776774279117633,1.8005452634629757,3.488539760789556,5.030741146520681,3.5222286591941927,2.2170403138513084,2.6699894021517605,1.654621406431831,0.6286170056204531,3.1856588072704835,9.805933348164901,7.522517981169908,2.436218134783213,1.7113106022499611,1.7982709978720552,2.092488883616041,0.705573571293056,0.39921773073171374,4.600398411347974,1.7819817194262026,2.5136240172309594,1.5389119446074124,1.6514677704950886,2.423253077562936,0.9159710237278165,3.8804095618329635,3.818991270889654,2.1005510336759694,4.6050744563106205,1.2731123330035232,12.453660768078999,1.1339846402601261,3.633925453398038,1.5539629399881016,6.696591285982687,0.5266402466290967,2.000769679717414,2.5399990260537457,3.8789898285574402,1.6617225658334642,1.7137359409889745,1.9478459126996683,5.310831255207085,0.30263308153564605,1.9217376384126297,0.8186363225884067,3.6023481570390197,0.4539009467935085,2.0181951742133823,3.206320631166812,4.147105188982585,10.752309900572078,2.647884720247507,0.8799696484350831,6.074639060015567,4.000367716861456,3.4570266661141504,1.6007661937335962,4.397823997877692,1.2746464361394219,3.35024618798764,9.442853951370227,2.4029366393891567,7.637520647728348,1.078751016748594,1.9989908949364779,1.0980093621232718,4.625921919881671,2.5935189269797707,4.248393745017813,3.599551320185135,3.516225828163455,2.2051288617573404,12.063246674140771,1.5706849754352996,0.593451385490648,2.506206597269049,4.488484619678505,7.337686612277157,2.8747092613578764,1.899227763925235,5.0229533040066,1.6004037422274644,1.6681354484877662,1.7187703472552083,0.791807633796271,2.0375693446954917,5.493676655493698,3.2013660023971755,1.3495486522816997,1.7633386472669639,0.4869432632517773,1.4917118998643826,6.236044986000402,2.858265595675803,3.1627797865630627,0.9328554041309691,1.519747452123152,9.122983305009653,5.770274762933945,3.2245139672067142,6.91717658825915,1.8606191788419193,2.824180533991208,0.5982244307810295,1.1022631980553093,1.461797727533663,0.8263653304362055,5.086548317461184,2.4169523758976053,3.1455866850433467,1.6140423463237954,1.3098515494639733,2.738141263232543,3.6387900568628004,2.7322188926153803,1.6780176577761958,4.316112042251331,2.0118973901693247,1.7707049124362042,4.0454742510293,2.693741809160406,4.20557127810348,1.8184958637004762,1.7255094245819393,4.816523411326333,1.5157450005656603,2.045839384349372,1.2293303704316632,4.182582476483241,4.491233333859143,1.5942612157608775,2.1508191503232883,6.225715409874096,2.801540588062203,4.386214764669609,0.8102907909985363,5.635523334829764,7.746805426687335,1.4735334423513162,4.116064238465172,1.2493960364957801,0.6796409456124726,0.9671850920975814,2.8419891968134254,1.9761804670097085,1.6331495174863888,0.16660538438475048,3.8297796288097645,1.8958948943220828,2.0229695537617536,3.7491810025147863,2.534338091592597,2.061907345965692,2.320174528283774,1.924895446327223,1.6158384501264191,0.5110646755347205,2.479602877058318,3.065718819919758,3.57606189504273,4.871484409911569,3.7475545777974215,3.4965700317188158,2.23017603927422,2.4121827922815053,0.7638724881310692,1.0849932767057842,3.015279895845839,1.1707099142356938,1.5459480575630637,1.7025451785894101,0.8901950818823876,1.462818360773712,2.8350854781041974,2.017843952065382,0.3373822090011217,5.197199702906873,1.7581466047150256,1.7905722583911694,0.7294486736672853,3.356874214582535,8.19070883953161,5.715352531457059,2.597892744521664,2.1137271750442017,3.14362891523256,3.958693650412297,4.832661641605687,5.816293726013993,0.7161182864753296,4.2728928401682555,2.9277698726556696,2.7646086860446104,1.3944450754519504,3.2769111800196162,1.4898147024667596,2.855626447725288,0.08973579709164,1.8505975893980675,0.28772984971563376,11.771454775542905,2.8242643762253756,1.609549040877127,4.441249117277627,2.1308787602800727,3.358117109518609,1.9118633932888733,2.619348608247919,8.511540717679269,5.0735339726710444,3.3002084763321187,2.081672911094568,1.9460624709097907,2.0841112174733927,1.906828660022879,3.0070731483529065,1.4010552630873478,1.0210620051976311,0.769359148041858,2.9026921594927706,2.345565268352655,2.0270818678507454,3.2822795039227888,2.0570789722820764,1.053254274771514,0.9586228954467171,5.781347639180908,5.454403672730501,3.5769619102103767,4.030523676618172,6.707594041353562,3.422442553782603,1.3986268249403226,1.182044907441418,1.5902156183229665,3.244081713186539,4.185738758118049,0.5715147801337297,1.299328532214375,3.524582665164005,6.7883727699945275,0.44808562312451383,5.992911461406987,4.394310068594224,3.4108725423074238,9.653761428219214,2.117354214323694,0.9298271587763521,4.160142109125326,3.6700882256014435,4.815356134896399,5.255963646400516,3.673421181419481,1.3769380935785756,0.41670933964455875,1.0677455944189334,1.5858739754652693,3.5478461626110542,10.192819608774483,3.452493947378121,1.1601889345890906,0.5025812131218145,3.35656742058507,6.2074243529219,5.3964387463369246,4.695419302244741,4.36344551215663,5.9718872603007185,0.6159499429785237,2.097662978357991,6.728532649458873,7.345007949004413,9.395324757760285,3.9941425334898835,5.1191983018307745,3.439293842063433,2.779762107849224,1.8389098558832908,2.7203069692281487,1.6081037125735074,1.636598316361206,1.6086591895080635,3.4839113552491168,8.611251727430226,2.055928412249746,3.0178922238570993,1.4024707756475725,0.4461249256273634,4.412950721310776,0.37896004348099593,1.351697966425245,1.4589605137046329,6.287911868811446,2.0482661866939784,6.688387800540465,1.4111872298807833,3.259228583968131,0.6729980553889601,2.6828688882102076,3.0336974910294243,3.356021676977901,3.079838151943675,1.6511201996958031,0.9768893426571983,4.756262152603309,0.8944914273476278,2.1183582837095796,1.314897361222951,0.9743331525976036,4.427028883898199,1.0828954368660006,3.891657271871934,0.54767580718992,10.421216617065674,2.936288375988299,0.7105039563125777,0.704339491338516,0.986387056775744,1.8740891477482204,1.374430738107462,2.0654079233002935,1.5081377184023539,5.060360385657358,7.115321254727985,1.0969282871265709,0.8893590359628228,0.35544308989682566,15.56143651820816,1.4203525237798753,3.6170943014372305,4.133942539343275,5.262869006653062,2.6596452062142224,4.0424990923124255,6.014125469206831,3.0936368897879674,1.0643877733616554,1.8996507687354571,1.9014980471929095,4.3160365175808915,6.725008708111438,1.6523889974677095,0.8726147556779528,1.178793214159924,2.6914821800950843,1.2839014319992474,0.22599663909278214,4.409626846164474,2.255210787960126,1.6073124215088155,6.373073000705647,4.448703860290838,1.6568790458698743,4.40720002914951,3.610633388189468,3.9102560829297115,2.363024396937205,0.5493000996242916,2.0576025520475865,3.3394747530341635,0.3991883902960762,3.899695993666158,0.6924625283843749,5.4911268329405525,2.2859111358204887,1.4120569130671061,3.3067493463262196,2.1619072385488973,1.3917732060988945,4.024385465942802,1.720217214452432,1.1230666214865137,0.7920065094325237,0.9435445513335087,5.089199946281921,0.08899973401584252,1.5273767464917258,2.572384661701711,3.159040709109948,2.1230201387111554,4.190906631364598,6.3871799445421304,2.879133390797262,0.4281749820140087,1.6542146270022922,2.7136288211728896,16.934821698602637,10.248471829810683,2.433806711479261,1.850221775521899,2.3141482895049923,3.2898054336995863,0.9075979029941821,0.6119989014697979,1.4884996831160549,6.9929700699840245,3.7987746430669387,3.0777436599861168,1.5568695313705547,0.9737167895011166,1.6553875412102976,1.8704405882261679,5.5698123435225195,1.5675649572912902,2.0854884998251,1.8696539433005888,2.856976977753834,3.1428534127276393,4.036308181481244,3.3776064127754193,7.803364006938739,5.670086893852866,0.5408692820091097,0.9223679022974811,3.2787797318702525,2.6046882795014286,1.5904352808284614,4.179043144464169,1.8661514302420892,1.6759984370690426,1.4388655507282464,1.6390714936708113,1.3000074510986326,12.970313862543254,3.003701710879262,6.021987671946055,1.5029794356711674,2.3506149211127454,1.6395834165307062,6.40539632252483,3.1020982289332926,5.9675522683011035,1.519104029352534,2.2183504688179827,0.6678483355337795,2.4936103901063555,2.21510919121277,6.669128001172133,9.936551984550805,3.998926361298292,0.7404379676067543,4.051611281422562,2.098927309110535,1.782358489397757,2.9655775434013365,1.2939797602208811,2.3023714069080934,0.8075410127788565,1.5242910918059853,1.0457726024796508,0.4187478747305645,1.0894709031535013,4.306952217019527,3.0806773494713147,5.120478006675972,3.2461622619361608,3.4950849326777336,1.0261621336109668,3.368483148424572,3.075664757474913,1.8819251049565304,5.080630499997078,5.44858667306284,5.142827741986011,1.5781992875789583,1.7857798151120805,6.726282696681384,3.7734692802043206,8.474406700586353,0.5718347983962851,2.8888957250126257,4.469852785168419,4.0829697526330495,11.916922352433295,3.6785946285336766,5.8912287078834495,2.0059340437623057,5.918252948540769,2.387503494360824,2.3103248076548337,2.0853526606283617,2.8595581763919444,5.6481582359977045,5.032476833212937,1.2492013394889372,2.7347986807649454,6.429093635477646,1.7085251063429532,5.069554964026791,10.076851297401682,1.6884806777589505,8.333468759834046,2.369198940928662,1.0729189461137245,2.8355204256930855,1.9146777323754884,2.0795755586602143,2.790524278390726,5.765327970955542,5.883420868631829,2.4179325652600365,6.947547970117702,3.760450731292013,2.2365839293815317,1.855508674252449,2.7745420684561446,6.659615991102296,1.1767862651045673,0.526612550511081,6.3271304508824375,0.7782546135244556,3.242670922679275,2.3283894161235192,1.5302752448202548,2.0721659818073745,1.4410461840922637,2.7831364342503653,2.0029256911574786,1.505106885111372,8.076296701185049,5.882150525319398,0.9720415460660452,2.983226163076261,1.9115352730967214,2.121916595129904,1.1980220547280598,2.470585793263763,6.459287285564297,9.35787093118901,1.5035833046477527,3.4236995991203063,8.0904442225061,1.2055712539601815,5.870616379898952,4.323138197597605,1.7830672232324885,2.783010411166767,2.644679493846617,3.3009621694782174,4.197701095672267,3.0547720230980215,0.26418140254285644,5.179776007206564,12.199997467845208,0.6086657688485958,1.7991533609806334,1.0012153077079897,1.1764357858992056,3.802609609753713,0.24627298954758348,0.984446042254197,0.3762426704635386,2.4940438711058524,1.1485239023507137,4.5332607582797575,1.633592166690709,1.2162848331032945,0.537251127789524,1.8308235626638034,2.7906186085430886,7.072822369494489,4.50423157434395,6.874754728575017,1.7125802002116526,2.641946334624696,0.5053467211050663,2.484908483420921,1.6385028386189555,1.2801696473661521,6.095925918001421,0.9899872392873363,4.588470384437358,6.011358104199197,1.9803620340677686,2.8616376088166575,3.6745556731893325,1.9267148597322885,0.39475964011222,1.0162470608139094,3.9829644266376922,4.6418637302451575,1.7769596009037594,1.5398988970038112,0.9379517883898696,2.644583337585207,0.8666013733416991,5.547857981864944,1.1014703389773515,1.0880694573528313,3.4195794288810593,6.033803987308978,3.1493039283221385,2.1460747841450596,1.5207869756845123,1.7905702231381027,1.9257243416096546,8.307844657359,2.6113252883909364,1.5025269012313034,1.2277587454437544,2.4638341729386015,2.2950284527050253,1.1009608386364298,4.078084517545694,5.424219812333675,1.2398219446487284,6.164648900112975,3.3463221908201377,2.408598926565296,4.988645745253724,1.4388751853349102,1.4066915738433623,3.5360321954761877,2.21663442578707,0.723707129559625,5.477777337524655,2.2556361685674493,3.982467810866882,11.449578224554159,9.772482854341176,6.437976962278058,2.166346603811483,4.145571602253753,4.38710446252366,8.383390637178763,3.432086581193075,2.4798536684157013,1.1648712454236487,2.6967479676540402,0.8965001056204105,1.9434067375077337,4.702797762391795,6.4017433802049934,7.23929192451957,1.6462480702487665,6.858151652699136,0.3445660344370803,1.3896048808700376,4.811834688009957,4.892241813192339,1.549447072665484,1.7908511521733643,1.807663004465939
"((1, 0), (0, 0))",1.2750229036160288,0.5421759117964078,1.577035958200174,3.1876253329066,0.6676031007704768,7.787829531882864,1.578287844386282,1.1682479981072353,0.8594784062914645,1.7602093363812188,1.66479137381828,2.230179922175884,3.962051607486125,4.857137962218297,0.5337450885628188,1.6304180072581933,4.123887019733083,0.567294746824947,0.21942899643335886,1.1708251986243343,6.478405337172416,2.7849642490788558,0.855032227920385,4.657076666949466,4.34149268577596,1.589389997458741,10.10977778427668,0.6292925140399341,8.277322492466343,0.8210317112849443,3.1459184929030957,3.2608832614719083,6.850480916798348,1.3936158884255112,3.042411586383742,1.713910882091932,2.6811618569211215,4.0107127225444765,5.098253187768947,0.6288476925206345,0.4614243078109258,1.2548232288206411,1.1940786030258086,3.5949742343649507,2.070996128479607,2.1510757007858086,3.2179017303260706,0.7437160229841646,3.958972213266169,3.301761836743908,1.822541329509219,0.5223749848081097,1.946728221099044,1.434734584409667,3.0396419194526096,1.4052994430741388,0.5639432800444679,0.8741427614735385,1.6935079006156621,2.5891410999534044,2.6590421219387874,6.762684278170675,3.259797191365559,0.617402537776038,1.8418147051185272,13.350663343460418,2.678630740077435,0.9233707767221183,11.269650794798741,1.25025395766567,2.4839911639453347,0.7229985400900485,1.466491230201512,0.7405722942080549,2.7926017103587797,3.31276387721105,1.5601273822892676,2.4040798611282637,3.1926021511560574,4.217518942643805,8.472514063237284,1.6969819738489889,7.314600180719664,0.641084760352458,2.039302311506721,1.7046221290140717,3.4429196240898636,5.045130720228753,3.3786890175299424,2.8612164418120143,0.9730475645718196,2.8769150812429736,2.1934555867158596,2.695429814289752,4.79994890464787,1.906796925797728,2.2482765840476566,3.967927853056367,0.9578997730765259,5.413839044900527,0.5235479071677205,2.9129304632174646,2.248966566090246,2.0955689953835197,1.79825637825045,3.2253389079476626,0.6889521338051353,3.618197085033162,0.6552929934973551,9.649250773073716,1.8384610307850915,2.000391134382812,2.5183330585465193,3.3507590357867754,4.685571803191178,0.4882971731138975,1.3661770532730326,1.6360999601869826,1.2466996519822342,2.067500980930048,4.924579046591801,0.6363232508928828,2.508212460306715,2.55044029546587,4.775133357937844,5.615541169821068,2.466474377919636,1.1284708187449666,1.637852948472587,3.742152410880514,0.7720235441836893,1.6993333025931179,3.6356440623869046,2.4915405247344458,1.7466175777857091,1.6889821249433865,2.320843552876286,0.4303355010578763,2.4197786379582396,0.7981679441899955,0.8814822436805771,2.81701465101005,2.802894764337358,1.6677893505755501,2.331328869625257,0.3906498642199353,0.8329699806384061,1.6361737661366942,3.6141998742163404,3.2618514290600027,6.341372014786355,1.0851701430270897,1.3934831859974515,1.0719078331805896,1.1855846260245637,1.6976590444242563,0.5407308094684963,2.5359568030761843,2.855551529723828,2.0024981315061825,2.061903835318362,0.3485759769246777,0.9151327749165452,1.4703143283004905,3.73037610810166,0.7621016277747581,0.4462649455421931,1.600617817895458,0.5717477841979621,4.959189082203386,1.7186406311160523,6.4660564012121595,1.687743272387255,2.869838899781798,1.5722846908827703,5.050011050176041,2.449991119862193,1.7458955288513016,0.4252932773319264,0.3276943302677478,3.132357831584476,1.0764518736710253,2.722740870090488,6.32092188382536,6.44361881066809,5.253146975931396,7.476892310655715,0.500447469116281,1.4938053512842122,1.8657391329505488,4.873376209860979,0.919783350299257,3.3379816468362713,3.1646524546951134,0.727572312743663,1.4330093580670704,0.8717895530707993,2.2803164504896194,2.578875065550969,0.6840318006062679,1.8210764211890964,0.6155811058420535,3.7913751611471307,1.831222354996661,2.2288033877505606,1.189659131838091,1.5271770869676533,9.323564565318698,0.6692652445296275,1.2084714621425476,0.794412054368885,3.5930511334235202,3.6680874861601622,0.3856475989150619,2.184655534773853,1.3254800181285602,3.7925136304633966,4.945089853015254,1.0185965883429784,4.8960421623362755,4.971002624271575,5.668490998181966,1.906257213448553,3.5717418214993018,1.8694948669992864,2.553239391127347,4.385812606484977,10.54780469768793,0.9667080788586346,1.8995477018411175,3.605551938327982,0.9894544188529535,0.4178023789842055,3.5890188832022636,1.5138356224285396,0.910835979336338,0.6431112655135569,3.7906036402245045,0.9014273997462202,0.7883004128082577,5.058773857769348,1.396729226140963,2.937433541568262,2.2528206102160304,0.8761936736408438,1.9462889854472558,0.5516790684232604,0.8186904016856279,3.093565091817254,2.7289122350517707,1.040741800057497,1.0928236783927265,2.361145640296035,1.2922316072300062,2.3605445442863586,5.349851085899985,0.4459859150946349,1.1892417352041162,1.8262247693277243,0.5132600769505864,3.0848733759322595,0.37188909296914785,1.1107998919954647,5.474776050552424,1.9016172148166746,2.8789582488030225,1.4781437394764134,1.0863686488005297,1.10600900600092,3.5912946169151314,4.44004066629386,1.714501330097384,1.9865238838220565,0.8215716095337398,2.8615066708839865,3.53273268212982,2.930036677774901,3.2287211122631594,0.6395350888038949,1.0229430632618641,3.673242005462728,1.5000217092604524,3.1159514081482285,0.49298772727447093,6.341195278304392,4.704924934658697,1.6732387158908575,1.075309835421353,3.1230685036668113,3.1623837017928,3.297566109533625,4.637857023908143,3.29189080301943,6.2320213538475295,0.7307171805428556,5.081478101408265,2.0427469039700714,0.3569568853603511,2.1578674224699297,4.013709484924394,2.417308583266642,0.856991513125956,4.1512126614533145,3.2185558863629757,3.0489730004901663,4.910587125478288,10.183401399736663,1.4558363809861543,2.836751634022537,2.3114120792404127,6.344284408344724,5.292971460525913,1.482846082846496,1.8698693803218225,3.4050783524241206,0.39245359512186007,6.115233928930841,1.7604189614128767,2.8554345550301763,2.7068771540346925,6.102565597210331,1.556244739548317,5.86116949882692,1.1310385881415463,3.165334228081244,2.6427662309142974,2.8055986826739288,3.359755111399893,6.784718370732467,9.488914281620307,0.22722681622218044,0.9684797716629292,4.543711430340996,6.279608290290319,4.780423748861119,2.2316473919745006,5.239159893258084,1.2357145669783047,7.775818532299562,1.713790795374327,6.428019302437876,1.306089982979018,1.4939720647318522,1.0183543784732634,1.4054009405107735,0.8135876002990146,7.3784379315400175,3.860759536819827,0.6385654157914499,0.29837826086048286,2.3946331349517163,1.0845442765106663,1.97053273121044,0.5190166887596708,1.013570648229567,0.8277807570483908,0.6654376296310716,3.658066754446901,8.065196783904552,2.321133526773616,0.4479449510681204,0.8949854884575204,8.504553052883244,1.149795709807358,7.331937506557754,0.8463593176247481,4.373415808909433,4.826777719642076,0.4941402385966493,0.9880896031976972,2.4338766606018916,2.309847383670782,1.561456296728035,1.5983298123061218,0.6710128560811164,10.753098893344127,0.8374383241108608,1.3133707437976623,8.698614114253997,0.937587731274925,1.1794132150555918,2.448788177574418,0.4450024301740416,0.5565970198372421,0.6774354621761954,3.353058653698493,1.596868317490345,1.3996692395411796,2.945415931997572,2.8393183013948575,2.4357650072119252,1.8719398463266275,1.1634756550256278,6.44117323073664,1.6285658948313722,1.1632670759133958,0.6600052581292746,2.7243076123042957,1.6312632984559665,1.365169011494749,1.807125057940906,10.420874539357717,0.771834379040487,2.0788675997551094,7.058779250557846,1.1527803469136118,2.067702806551671,2.6211104106108585,3.4666596079507737,1.3126809849439232,1.3642262258728266,0.6184465730443547,4.25364498590258,1.355688954914773,1.544047077842075,7.121322794172444,3.537690907605999,2.152199908898927,1.6838328974214258,1.6654971839541524,0.7464180356421511,2.106114715085768,1.6661980542124941,0.6090715892627727,1.1105317465492934,1.9539839500896221,1.3786060375851343,2.0354118248657787,2.7168927904214186,1.1444096165866195,1.796683060628346,2.196025627147913,3.0523993441200403,0.7912948737769543,1.5980354333074704,0.5412766174974802,1.4981264270755617,3.336106955206423,3.1706462580769883,1.1742772069695435,1.142917325764192,2.8822830115233025,1.2004512958493072,1.0641635162853533,1.1403848197715754,2.287354851794558,6.265906592996194,3.370851831277692,8.81836981349893,1.6155365413422225,4.393972412249125,3.4690916795436713,2.261805309003865,1.813286507332326,2.221285218310579,0.8198875848418368,3.6750031912835848,1.2116269245297513,0.9430602536891385,0.9218556997052516,0.38106806409096755,1.4235218836698265,1.4135504765593037,4.278019843368598,1.1961339488554052,1.753197029956196,2.995426512761366,1.2940549024547814,0.8039393095008209,4.110628877452862,1.7244188781464986,4.095976831523547,1.1650789142066196,2.3879400732541507,1.0518504114255351,3.5962412081628528,3.5422869432685693,0.27849380616191477,2.850665217035831,1.0074403426813363,0.9307922565254413,1.6984715777680983,2.2213385703623914,4.357799949505838,4.179156416590895,0.9586090377351536,2.4159955519910383,0.9843167213248093,4.268902063011494,1.9056414298350157,3.1434690767582176,2.7950360576365134,8.14500849201327,7.607049049404872,4.57317253324673,3.1425297960881347,0.8781532131848065,1.3310739832779688,3.534674113845182,1.3681479562789534,4.596190824973766,1.4900981922175451,0.6644376404027991,1.4869528454987917,2.3622298772930836,4.56751502037137,0.4878342363441136,0.08259949713645814,1.1496389735805403,1.3781003332282329,1.6762679978737558,3.754722382902819,4.205906480837988,8.27958661279647,0.49393459995098904,3.6640046070097942,0.5611675733203598,2.1902044580551085,2.2021826888006686,1.204839350093752,4.765909231380841,1.1161585982739268,2.547396319927099,1.8395752464565673,6.3329426046738195,1.1475539158010204,4.045669820744819,7.158515874023701,10.312256807524484,0.9247468679332267,0.8643190254253863,1.1165373369835727,1.0578450353749769,1.6940445714265575,3.446407945841916,4.846030869027012,2.349281120023714,1.665380490353449,0.9721373072034266,1.3603244263580456,6.178629209226189,5.216642355356897,3.7764645128347705,7.429050266894898,0.15761706223232053,3.71713108293209,2.7648839318854996,2.1724454520751246,4.766242639003694,1.566015663183266,5.84065702749708,9.034532946264994,1.265695319045403,0.9059218280900039,5.410775476306392,6.493581472680194,0.4540333330562417,1.0500045673955178,10.910826829975907,6.1263760585928635,2.0608246268926536,4.39690953439599,2.6463256207192476,0.5437816870052371,1.1687596024905607,5.066948661457418,5.313973850765494,0.986302225448282,0.4938947905116089,6.202501738270267,2.4185001508633928,3.216666066515918,1.0848862203713447,2.9436098612856045,2.596438336113205,1.2156993651757602,2.3763450292052317,4.93327843223252,1.195650068395949,1.5522878400080875,1.5321702769482342,2.395743979606218,1.4124416392669374,1.417246233879225,1.1893967839272597,1.607967203167942,3.3256377845501985,10.314353830543524,1.1297496442788728,3.417963824244694,0.6769297797774092,2.0172851865783077,1.8145016548309032,3.3533879457830404,1.8729129152693913,2.4420543600811584,1.4139628242065483,4.612621777152882,7.420141964585652,1.006117956147242,5.577870644844726,1.1390153430817282,0.6753153141268208,4.655754049203648,1.4419184089359944,1.645477641009842,2.5370407026459474,5.198316563196935,1.1014920986856043,2.0390949362396604,1.1566892758046545,2.413628628034188,1.8598111606791945,2.9556950633140744,1.1014757506371673,0.739098074477553,2.0692980956338736,3.6688755301233136,2.0680856613643894,3.8828352618709325,3.4734823463705267,1.7731828321579892,1.6794830948583728,1.5988681491518788,0.34379583869748276,0.6483877787368133,0.6415966473905845,6.0777764749373775,3.6445875069316065,0.7026567878994414,1.6237710302890611,2.348318730904823,1.5575522985519783,1.8024388230292312,3.504695730744147,0.7222622505641554,9.001449314233469,3.582852935117555,2.870643761003992,7.653917467051449,0.8917542734526794,3.183233030653061,3.7606336178102158,4.458089898761223,6.942935542426169,0.4429961029452281,1.6858117191165758,2.1454152468016723,2.518987285156647,2.546466485713958,0.9689005494089624,1.422802229972665,6.226090233996951,7.478014691688765,6.0556350893979145,3.0349465282591876,3.8027912394193177,1.74106311247144,2.307482252675302,7.011864299041291,1.8859353943456676,2.632855621086061,4.049586834212899,2.3166227234833294,3.651943688553793,1.8206596323958846,1.166168361301074,1.467385302715282,2.752573923639031,5.0435405358877805,0.7796805486481511,2.890177710337643,2.05784853995414,2.145772665849316,3.0508842418705027,1.7730909036028324,0.6688194645440201,5.236506173946225,3.575913979622804,1.0671299203672155,3.7668829195555977,1.4757390602309597,0.5529327167547546,1.8738594980872756,1.3392733124546587,0.4791883388537079,3.920619469127163,0.33680271943605145,3.2140956665903673,1.6753808767539935,0.99160963465067,2.0444935707663605,2.0087114710928153,2.3231974002386346,4.593462342928888,5.534441978000439,3.6425137265658205,1.5245234150885603,0.2740446270133715,3.341178564103199,4.097082323466918,1.8280253639853763,2.1494308830007514,0.9461795279716234,3.0729320195365912,0.6762457834858013,0.8736732113732718,1.5139878813296348,0.5941893413677728,3.2793460733680257,1.0212961524052435,7.036304576372735,1.9815477801350005,1.20700365760108,5.990005835219522,9.897780987149032,7.677521564303321,1.3060796320322796,0.8618173878516147,1.0993417746217324,1.0219954543703873,8.477489830866439,2.378961008212791,2.509595836495366,3.0183366870758976,6.395027170669523,0.8303270942385836,4.182079938315686,5.0555245877193675,1.582845571917646,0.610630541418119,1.448439425262195,1.6893197416526298,4.524038422690136,5.93449753172415,12.684153818914512,1.9117665322573643,2.084006877770279,0.7669469914023859,1.7822512296678419,1.1333578572269067,0.8418081604308794,0.26353681845031673,6.1469769810858965,7.02698906943377,8.773741835164376,1.2339132681989187,0.9495097264457837,1.7595156780374273,2.269675448992124,15.702634646707352,3.5036531123758374,3.776104203938523,4.022254263379784,2.7000359586163754,1.9936369631454258,1.6064858277417307,4.78462827865204,1.9841914679465393,2.506457950623104,6.44707011230253,4.836926131689759,2.1851131382852422,11.162597132543054,0.8076008091448948,3.3671680172243805,1.5670340784551913,4.418469370467707,1.0430984045110487,3.0841944985079532,1.6395574611900685,0.7357702039333819,0.5357008511121837,5.664324039721147,0.41905227073149687,2.7682289994493834,3.5702888301838653,7.206456158472259,0.41240362693514737,3.605403193360223,0.34942920567325864,1.274611243012031,0.8891135267645065,1.6001910062622462,2.7431302884470323,2.091759806068591,1.4065843116739367,2.289433367258406,0.7359066429065787,1.7888338066894107,0.6090214098719873,1.3796342952009188,3.058329475518799,1.2522742270279907,0.5021208749597446,6.277405651609195,1.70679931410747,0.5248326151554156,1.6927517263526224,1.6252178901365482,0.20443443573417464,0.910400241570404,8.095149138000163,2.8698761550682765,3.768365291055607,1.630083529949891,2.937656565820227,6.449522940474787,2.4428139372481374,0.6593456093440779,5.499073897535543,3.3002919270629745,1.2357471521779333,1.235194815591193,0.22213761683917843,1.477732589060524,11.874012277420773,1.4166785082948863,2.694280491672856,0.4279494092019569,2.4850880712772287,1.2112335932819087,0.7231049069331502,2.1147814984500393,4.7797166671854345,6.716357548868346,1.9631280276077652,1.4379511345505467,1.3241029424591182,5.618370305291865,1.9661268937203915,0.23324204506556112,5.094198027165222,1.9491208499509074,1.909628438461262,7.116479312304795,1.761507355423788,1.2864937524598123,1.1428758935801995,4.7445676154309995,1.6973305346826122,1.636839548431124,4.852768338490271,11.922216071023763,0.867941947728268,2.3531046350675986,3.8222755624562836,0.6735952668719183,1.5673792044012593,3.7298842856079912,2.4211018391685193,0.748217604791978,1.626748144597454,2.4062286495834604,0.5668788835420383,3.6975987431261204,3.5200781278376687,1.7397552012389377,9.623323997157293,0.5589118009008848,1.7286740404506655,2.4446877053000002,2.797942047743315,3.7156625216132806,1.980691643184518,0.26932189117159533,4.493194883414583,2.1936811126654416,3.9354203648065678,1.5026306343255844,0.4756647873792426,1.2681457801309872,1.7346965446484868,3.013447057433905,5.468878788618846,5.588512155825996,2.0478465749521697,2.3251129689802323,2.8080827663953407,1.525770274027902,3.271014793448623,3.937782945984692,10.00428386850099,4.87582278974929,16.455924365923543,2.0866193832597735,1.9893853725650181,0.20740557675920387,8.371111686644412,0.438275429536322,6.357823354382564,2.241356857057464,6.0418196329641765,0.27133461404051545,3.217066288535851,1.5854341903581117,1.4764933766628547,2.7329104969688833,4.128330500062211,8.217174942403693,4.5559715485924315,2.0264138754940952,6.338091730330112,0.1556854557570369,3.258784982600731,3.1775259464570653,1.7471163527722202,1.7536404708829134,1.1140562377441698,1.757234663259416,3.1184416849951506,4.500352386618445,3.6135269972989077,0.9585339842747942,1.6355690132232081,1.0545561368248015,0.4012167149795801,0.5208988182061898,4.620554778340375,0.4308187174439234,1.8403425415475336,2.751042966813586,1.5211580401585463,1.8708288534129556,6.063460467377556,6.519900622809908,5.34994728374627,0.8178027159794563,6.546541334014819,0.433879491907519,5.197185424068685,0.8708083453599903,3.8470935356397153,5.884506586947926,0.2226055569698409,1.5264089953751674,3.2063791697784265,1.8408339958780593,0.8176270193508705,0.7435466276748852,7.89437049383039,2.2126186863589576,0.649371680854138,3.8225970289154425,2.3999777267943747,0.49560614501413713,2.0046386399467697,0.1184205359434351,0.850403409587031,1.3304713498076552,4.17328769072719,2.284542183286091,1.8421459001007356,1.4660973110521305,3.7812407472271445,1.36466174320238,1.3794042825371295,2.1934602237280476,1.5515854457894085,2.6400700551771163,3.15291345140664,0.5630984893252077,1.1596553759608557,2.947098917122887,4.925617615213994,4.742265078033838,1.2921379260164003,0.8931834380283047,1.2972099368724828,1.2072038765212911,1.9496619930873766,2.3782061986955783,2.1574302299487718,0.7079056050515213,6.5186379451432215,1.2926320272061866,1.651822365000992,1.8021342470223622,8.693672969766634,2.4894201167003227,6.685773762042501,1.3038702822584183,1.335900550564911,1.4876714172591592,7.189169504284339,1.0009738576157425,2.269624705097613,6.494236929212104,5.339620702561655,3.4371297161009613,3.366701976787464,2.338755326263854,5.667237950084935,1.9135710706782871,3.3706873796692705,6.254801602552984,2.6034624385479113,4.123490541531252,0.47524543095163907,0.7885047209692134,2.9722022162919264,0.45927028901592326,0.44601427074639277,1.5283688406216842,0.9186310222901782,1.6115088881707615,6.423476808623072,2.2895766199288095,0.8565066025409196,4.539044942278277,1.1337039514363272,5.400334907459189,1.8178006628396421,1.9179326821475098,5.6838510849896196,2.1882503382090843,2.977520055912681,0.9058522189687692,1.1425784070340095,9.63245409961934,0.43734450510615086,0.9043623695538491,2.1804590652325397,1.457815536553838,1.5243169140372244,1.7578069078633127,1.4770817037874542,8.959814190171869,2.748857520148901,2.466963267877235,0.8451047896948207,1.4127975565779436,0.9983785632758724,1.4962919701868482,3.062245126729823,2.342462771172456,0.6686396150501771,1.3286626989741062,3.537787122612552,1.2564893875687937,0.5759971746499783,1.2849218449772801,2.7184824826426266,5.477400541175823,1.2757278475234515,4.812931317840795,2.7069456742459503,1.5599186211643443,2.235898644078652,5.265086069293479,1.7470100672419329,0.3042823434613288,3.2428187843851286,0.9329076048741596,3.950565996740521,2.1344286983999314,3.5036894756824286,7.449811058513946,0.826042822341307,1.5048581857726802,1.1272810290791322,3.1056126142139835,2.9258429731857714,4.215286859485993,2.0508881241114723,4.375432665885935,0.7621611669020931,3.401292041978737,8.208634967792364,1.8876371198464583,5.370720438019917,4.517089145719462,2.8684756941229663,4.1393921568911916,1.3527761429980063,1.3528660582508927,0.5872019826439991,0.7463593320446704,2.167942808264035,2.3432819310798103,0.9169836418876863,6.089172041824638,1.5021452462517073,0.7489309863110148,7.904732374656174,1.4308047131704518,3.1655583107763707,7.313792008036128,3.600494115532124,3.4069756231707466,1.5966735910870136,3.9365171345058303,0.6446890962459871,1.6543038741528666,1.8776053031308815,0.9486692254171103,2.8009542267786247,4.467426724398912,3.3647158895850384,3.7606288452947254,7.982473981423969,0.6177557193103658,7.08955080421264,1.7190900188384708,3.0044681696150324,3.2203178692281114,0.7790480319453809,0.8257276544082304,2.4547058212133637,2.4654889443798407,3.3537274580840726,2.3886433042532347,1.0655546521113537,0.16742369221090947,17.882195373961984,2.4461559838259452,2.903978466408637,0.6353310217545464,0.4614754755214766,0.8366530563469328,1.4721211222450261,1.0255675274166631,4.368873073761041,0.6871607833016057,7.12238580171307,0.564679308211372,1.5858949148270867,1.141983635546719,1.1840692130132364,1.0433961091841872,1.928735281689622,1.479058183401105,0.143527047871014,3.9676142713580425,5.652676803818605,7.03304296913204,2.7625890044786865,2.2833625522096423,1.0977362111025086,0.5839575397963418,3.2907409676435546,1.1237208098296558,4.838693086565539,4.058199848857644,2.342747470079066,2.9312876501175116,1.7850696179994394,0.6426810936991412,4.305795280941179,2.0487368533516577,1.0671613696211169,1.0566620269418872,3.3620480957876095,0.7797474189044076,8.900999886435628,2.7510675464101038,3.3398615722540437,1.7843702036103317,2.0407254568043305,2.284934279069098,0.5690997620833832,3.867589123351284,4.858554047806196,4.535382514987168,1.9498151936428227,1.3303912612334265,3.4041561965688545,3.761349911126365,0.8439550620701923,0.2695922715792384,4.365712213611934,1.3847674143106723,1.5468959887209695,0.434634971948461,2.7519426201038155,10.564882023236814,1.394212385553083,2.0833026973985778,4.45465962514199,5.458000681452136,2.9977621087905404,4.381189014345315,0.8314865537419726,5.346753135542533,2.1652883321290006,1.1667091813763668,1.545287727147342,0.6051712765363599,6.801754726787105,2.0560044116253646,2.2147787027519255,10.511375995420432,6.876826134420791,5.347398147515223,1.7417296691236175,1.7354399077417844,0.6352964463805071,1.6362637960249675,6.692989031426057,3.6870586414406357,13.074113542008766,4.385509124696507,6.491158221649214,0.350665987225393,2.461328140253498,3.8825413636601724,0.9906742243804151,4.43913986844529,1.1688611736407233,0.6651502735315102,1.9254780097626076,6.977666604629478,0.7023076144928186,1.4805807922960976,1.4633724808333928,0.8704148198403766,7.985076217137516,4.977392046696556,1.8231563042323797,2.8977123488177794,0.5385828879697279,8.8882515951752,2.547384921271655,2.6449616860736884,3.687693609912479,3.746274564125332,3.2772588324108884,5.681814451232932,0.7912982664896555,1.6689804720678514,2.390734623959096,2.2594594705082125,1.0537778441993102,2.829019271220245,1.3084838256914983,1.2382127676867243,1.5428583008774008,6.635979905478641,1.2138251147099426,1.7034336450468914,3.466496784810573,3.499224386984996,1.6390647059202221,4.300913348746479,3.7475110838718777,5.923225420295119,1.419170046220207,0.45848883251594663,1.4267939261337206,4.934462892306428,1.9093174166864162,5.199969847078856,2.9023706697298075,0.17234728178958933,3.2900861913959916,5.877326767605455,2.6928626106360736,4.704705428477933,9.363456595241566,1.1992899291101171,1.8435838819198311,5.849032029646174,1.1184790693363416,0.6004275833965785,1.0964420009815428,2.651858215969343,2.401218425805919,1.7769819360993255,1.0697932015311982,0.961779928132189,0.8688335174611654,1.0498290490585667,1.5581427989171241,6.728021206674321,1.153636399148039,1.5191600420992064,0.49744420998348826,0.8615473875847847,2.8281263271486226,2.6005268603453766,1.1756128450661127,5.419860711725044,1.7321314358287827,0.17602642159749735,4.357101721878651,0.483153928447042,0.9212918137422722,1.8368844219449076,2.167728426455727,2.047985927623263,1.1607667063645746,2.224752545084389,1.7195261485294775,3.126889945139802,0.5460745431383068,8.178440962407343,2.213318066720433,6.3200628460555395,0.8017433060381227,0.8451133483037192,4.735637528747806,1.005052837317444,1.5168381732960015,3.4194026874503747,1.9753748196373069,2.3392960716919124,0.5369577281162077,1.1132790830499575,0.8503642366498843,0.8485130496061299,0.7506430049271949,10.799184598938444,1.9831052970853078,4.077145808327764,1.0716729525930806,2.4689543293139744,5.72635566154512,6.364311443232166,1.5062731650249641,4.599185427121552,2.1391987939982546,0.47897807607966947,5.91195362725376,0.7531782660780405,0.6598589469770975,1.8094413673905576,1.115156335587302,0.45842921046504237,5.722238222132172,1.0804642861433136,0.8630088260180964,1.0297429898662918,4.376527429608863,4.666944443859694,1.0717009759161191,0.4404100271837965,3.5320451935000494,2.587548974476179,1.0899554785505614,1.7619575237649054,5.672434491576043,2.6168623984039248,1.1251002567884139,5.440078223680061,4.315683047812338,7.483786500146429,5.934712806866186,1.020603463993009,1.3386989657329287,1.770993173407954,11.027946665701792,1.8625862897948817,2.184593999265781,0.6036209479001758,4.990764894285219,4.843209464115024,1.5798540584616372,1.9338881155748189,1.9461804969856984,2.097483781511716,8.826635428936177,6.081559802441326,0.8961307710204784,1.2187217572683322,1.5223762731467838,7.577846582893934,8.736641185455655,1.1535515390446023,1.2509245790517503,1.9744931217844355,3.970879056434981,2.6814114923673587,5.0821178708338905,4.698982761410198,10.128779216935703,0.918419353033435,3.3590130839788683,3.6063165454435797,1.3193601579377412,9.949062900893475,0.4152759635656703,3.192680560974426,0.8700450505828362,1.5576154650807368,0.8984928632231748,4.0171516720278415,4.610281384895505,4.1786322301142,4.144642914873965,0.9685423049053886,1.819518447593898,1.1234054480063893,2.034687608822401,0.6921391198328237,11.227156815847898,7.670495564275502,8.326541394432562,2.0447903781516668,2.8167265213972335,0.7836010458476846,1.1151983568321668,2.2448864963815494,0.9550995884039264,0.48622980502598073,0.6310063639807209,4.867668969486263,11.333522216697638,1.5813371735895951,2.014879932738344,5.382761765406909,1.5152516030505299,5.8566053983898625,0.5807161535234054,5.661231196964919,2.8227096226748367,3.5294067332175993,2.753665552882401,0.45284443627511156,0.8281850906924815,4.29299727311294,3.702601819887888,3.470192232630504,2.519005920344516,2.5061856300893304,2.548631051219041,0.674778125836581,3.1532907703753112,8.124659057140688,6.479785918166592,2.834775286799574,3.4507764238845544,5.674638838843648,1.84476957471258,3.887575533147085,2.648882623339149,1.7325771368574798,1.7244312201771679,0.8896819215075081,1.4065490268722827,9.524669749809174,0.49255600975861935,0.7414523167391737,9.519745954816402,0.6230046027220719,4.16003369591472,1.5405276445722929,5.184756330236785,9.77341795766614,2.277567044928664,1.7880746781199233,0.1986615731374316,4.408139424320074,1.8103090856971884,0.693649035240461,4.505668773568902,6.225299112082369,0.5652652389487585,1.9308326988637072,4.9573756098809705,1.2316649956219425,2.267426790892437,3.8054219015128345,4.85288277808375,1.4487735168729214,4.601331220208392,0.7963544276889649,2.967773533715755,3.2953973519477247,3.15191565828301,1.4188975369694217,2.789451537959995,2.647674371783072,2.902954185229623,1.2476688321569294,4.362001564220075,8.50642275979845,3.4599287054847867,0.9308312843077693,3.4702916492961107,3.6596088741813935,2.0211179284220515,2.3155898341584993,0.9912569790069203,1.4453159403800626,1.3633124809059998,0.8756631061193947,0.7890983155761936,0.8650869840100411,0.6925485165472276,3.3082186868069696,1.8371687579657299,3.42536308100599,1.4109871664466789,2.872457241931922,2.4035009898003104,5.591589912255506,7.66541685445087,1.055687105417975,4.3393830388728905,2.319480658992662,10.595126541965962,2.25114439302678,0.4808072397284459,1.7289461223976201,1.3959290718769872,1.381160291601082,2.9511143618222606,1.896618122592431,0.7722539571311715,3.537604014907762,0.7060186424335486,1.503436226044536,4.009167642825182,1.8837928231172667,2.1081552693909344,4.64797258517671,5.27717723149021,0.23914507070794844,6.71332973627111,4.326755866260567,4.351310490127544,5.749123538564081,2.442392172461307,0.8745732037234774,4.281547939391447,3.351257665400411,3.8993876253269564,0.9136849491040553,1.1628625244069162,3.4148451583510764,1.0704748848424763,3.721651255194328,3.447086949916994,3.1331293422427406,2.579864375869178,2.517265612029316,1.0679343845444014,3.293244633401938,1.1313189309175047,1.81578212347827,2.7776734677571406,3.7328465416505687,2.179089645601522,5.4632887057137545,1.7510387793292348,0.7577961400926221,1.8634355279921528,1.624327389788247,6.431797620614044,0.23866474918042385,2.939551557260794,5.4102634988453095,1.0900828200081656,2.667168672748654,5.6660607403637915,1.0676505806374157,3.8130354378169167,7.895053666722369,2.2900123561172596,3.298144761416006,0.5791116695597663,2.115305360933659,4.7724248486224,3.330292504247348,2.2936507793307657,5.469241479803772,0.9440196721015781,3.314276763473812,1.0046989157343929,13.107414980540367,0.5434987122121328,0.777870489448131,2.5863315420676813,1.9282087473988838,1.6639407710258556,1.4457361408184688,6.245568677673456,1.3858126363782406,4.405866052788404,2.305726283615497,2.3430125850544155,2.7882807517873998,0.6623507669905759,0.8611331930666332,0.49950091796162693,1.5143580053331962,3.0521176395803424,2.1380673044036795,2.705767246864738,3.356160200842136,2.0366818195628498,1.6823617722888857,6.724595027771774,0.7560123860265693,0.3343360224438747,11.736130711597035,4.190826025701489,7.444786241270623,6.916887014253222,4.538794550944606,1.6491286442853896,4.9095306787258695,3.2181398244452013,3.163913110005952,2.214875588767531,0.9395280965835431,1.1229627157731277,2.0781910198710127,0.941950872867182,0.8006997874079137,1.9898817644311266,6.989806143520886,1.6897233765276591,2.5877121533990084,5.021321379901748,0.4182793908996042,1.5711394923080975,0.7958180641759967,0.6028160022275499,4.277205512626679,0.28208862545009,2.86858999481448,1.4141286624147797,0.6261486649891478,8.017843138708677,0.7240983954903742,0.5965086023179687,1.8059245267317001,2.930862239268404,0.47001601565941586,2.1310339052016487,3.9639746422495294,1.2741628675999497,2.7183441149105647,8.816033462074301,3.1903325616681526,3.804280244010074,3.8114970023567243,3.051578232578211,1.8090869166783472,6.567379751525319,7.147456174370418,1.428424148315997,9.422201933993748,2.5701991613231256,2.7022382632507878,6.311377863430421,1.247625866472826,1.285480969306061,2.0185640702089747,0.42979005323828334,0.9441985109332223,2.5381844695873754,1.560749219999975,7.732801022388769,5.489746385687378,1.8638314278560404,0.6592450977344902,0.9313319555921067,1.6855816195346514,1.3027621937299616,2.2634447309158614,1.995422423889921,0.16763666476199443,7.690444055694302,0.3664888522180213,1.370115854216887,4.066866241050201,0.7974078211962259,0.18018046027197965,3.382611098729371,3.0856433007401933,3.234879067139122,4.073313593900979,1.351089284889431,4.740516023589209,1.4432221831250263,0.9002924957478782,1.5211401237782047,4.4930540530706375,6.966357760027263,1.605750691359637,6.596923330246753,3.738509404545232,1.4195301508329663,1.3107748615606936,0.6022790646916473,5.716784710009176,4.953101398758926,0.781789791559274,0.8405016435391545,0.8778609346003527,4.396819490469857,1.75969261456403,2.830149319969269,2.2348215483920852,3.5870893485902844,6.167986363080704,2.2623836022496855,6.022208388236432,3.0660066026106154,1.8241059505759227,0.3996016509032898,1.05049355924007,0.5397514927059013,5.271548569505991,6.757177034441917,1.3443897903442497,0.8154350136781446,5.290985356909561,0.41493973370936477,16.89265557568957,4.321642284960975,9.580721262627526,2.2170044562029787,2.2246587204689043,2.638258341360504,1.1831909172218158,6.735526995395902,2.103762197087297,1.31215174526007,0.9674081872096666,9.610988248171948,5.657267825300496,6.125537241502141,2.9929714001330554,8.668415987678998,3.7346934396037077,0.19291098147357907,1.703823361886278,0.9081105924077935,0.9446458433551397,0.46031146547360213,7.633275712237892,0.891043078981473,2.5104822910084033,8.064432481130043,0.5669193996758433,13.676228174138945,2.466687248475866,3.1619208311457534,1.822365802631515,1.0064337097277438,0.716983321240961,4.877467613128675,4.8585511265040555,1.9252094561451387,7.380478752771873,2.839451364154129,2.6139524648642545,5.118954941275312,0.7606594066029546,0.8104061141013104,1.5747458798870102,2.3497963835611024,1.2101682867696895,1.3080907011660843,2.867620729982003,1.4720234368726197,0.9126917570483384,1.1603639146244038,4.842734001343899,1.3712700149140167,8.948655942337295,3.358211816775816,3.9706978476829193,0.8630293124930838,1.1895741420956534,4.030782850620883,2.6473701814067394,1.8297245210820248,1.2598920646601126,4.986626234207712,6.193041790494328,1.2606651786958423,1.2689902583504207,1.097825147204477,0.8070154861296919,6.640950595270681,3.967538317082692,3.2618499749029,10.153739667182958,2.8675270119325704,1.3641809317494444,2.330360151582538,0.7953652303924255,1.2239754155252587,2.782841742322997,2.686126233034054,0.34429406952163144,0.991266917809821,1.5724102736517311,0.9705443384931448,1.7274363100318992,2.0568804675582544,0.7105812121996584,6.601904983275107,4.925563803766032,0.6304253555722283,5.335284102400922,5.9462437465061555,2.6033521262336534,2.972877344442287,2.011208479028473,1.46867142583517,6.511466017717744,1.1264157261863184,2.165053984240506,0.8143288883292361,3.140873674083609,1.6107394208190444,0.7825244227662995,4.6773044121540925,1.2284189980695883,1.29405392294557,4.141569504976026,2.501726482112374,1.3775892868095025,4.127990510398582,2.9343868127252057,3.051213474026095,2.2158973542072364,4.659477245519199,1.3423572517859,3.7817306550899206,0.5922795294815768,0.630475199929716,1.79998260063245,2.346094496924857,1.9862473967393042,1.0942734917630843,1.2189066031127702,4.434671900597752,11.781527897748022,7.23137575366318,0.42721843126500075,1.9542268823342133,1.1158388821316367,1.8641871072647276,0.17146075219634827,1.5418173248125713,0.9255170529807604,2.7557642263035675,0.7844971998673831,1.4125464572328847,1.0810304161317235,2.2974218504541994,2.5905068131916527,6.56072407277772,5.997656283543764,1.4629527444931438,0.18504514260516486,2.3198006830007736,0.8213333511609984,8.69854511934625,10.772848943057772,0.9745901147567434,1.198100442527975,2.5631683557493075,3.836275043929394,4.487922018597413,1.2134740809598275,2.344413737529547,0.8188523991224462,4.562786098940625,3.6248349512722413,1.1133752978136116,1.8499353905456262,4.425108676497819,1.917194090884926,3.1340104893296816,6.4656982511529595,2.374469716004865,2.3928960745317958,1.4615436842478404,0.8083177385015271,1.5588678154350952,1.1590122488720884,1.7031732134933,3.602700644015163,1.799811087286828,4.543987321545596,0.8439559152202253,0.910436254184889,0.3868096008493954,2.6907142764572214,3.797223960542541,0.7439001471607236,1.0768802517014713,0.7381153164182467,3.0235049787660166,1.9658226026455947,2.0560655667675762,2.360233336147921,7.782706238567622,1.7214150054460797,9.456768107995135,0.07611983888943648,1.045112748489937,0.18552394647961934,2.411865801904578,0.8213377865557813,1.9880251251601821,0.5613413228786392,2.4989313254701684,1.5771393498256439,6.1915417716357295,9.529280896363865,6.68148802089572,1.3102729192654512,2.5921395474168722,4.738317892749987,1.31286185090901,3.224028350931303,2.1007777758441133,8.736106180184443,6.090622948249898,5.885800197595468,0.20725257314854273,4.481206441931586,0.8704000089666903,1.3998796896507006,5.8473885253994755,5.236192361134582,2.378170653532592,1.4157235935925563,3.5744139625256,0.8713878572925011,2.56516709609075,2.660030786949001,3.1852277946433136,7.758716509968258,5.417979292771011,1.4403346015940888,0.693033144416336,1.4995868998725803,3.2212218699116284,0.7543838789345441,1.4944380009961682,2.7863032643544443,2.650833386147404,6.868617511374787,5.309393805259642,2.575711127752797,3.7428925016154158,1.475197606154242,3.7525218080960716,2.242970100066603,1.6776505325270783,5.403821401347562,2.1415357884699744,8.497350910847537,1.8985491264831182,1.145489828686926,2.921897054080121,2.0498988674602567,0.6900082098002829,6.273936155333144,1.2946424605335543,3.580409854972129,3.038438525715929,2.4870011714392013,1.5670848393939159,3.3354378668460587,1.9938883759310333,2.746431508973441,1.0247533854807436,2.603037424143038,2.265701588570588,3.850012507728065,1.8564061310634117,5.072242800836911,2.9720360933919814,1.4070476066714104,15.362030925819798,1.8688097596676227,4.154471687550731,0.5908550447103023,1.1485525167757205,3.7488673404193142,0.6028413449871659,1.506327058050948,1.5439608851368212,3.350567209637646,3.27657630530117,3.653500884885217,0.44730314347311473,0.899371802670513,0.26495575139202443,8.840365777443418,1.8845485495114538,1.3973508116271314,0.5795770459854943,4.763682411208949,5.877449846312903,0.7964872252650086,1.4243401989606312,5.193183427591604,8.378595441157856,1.471665183566691,11.214152150343137,6.542095172197582,4.329796226833098,3.063606275492731,2.0151608633138176,8.638664310034418,3.242772139394733,7.101667590135783,1.9652140374424767,4.170123964002322,0.6103647550505555,1.0649399775067705,4.5804678398123055,1.1369070900160647,5.033065208917194,1.3377574486841195,3.164278719110676,2.726496022860443,0.8791519864759917,0.5970891240163236,2.4655911957352026,4.181730870344318,8.390573450798362,1.4692010181197601,0.6317298914889047,1.988010608866551,1.9690514665654857,0.6656162754077943,1.9794799996900816,3.552169066037645,4.604208534782238,5.449146618815421,8.303927735837002,1.2393710416581474,7.05697833970038,2.7889934033647683,4.8298417814327825,2.155984985955635,1.627332497814234,0.5950823478408583,2.357566997521655,1.489094686552007,0.7892478914469283,6.476891231057088,3.0131246996968177,1.0936453600045062,0.9939381017484067,1.6221432989944535,1.6136015800075154,6.242617474437744,1.787492104178189,2.494348765764607,2.254242274049392,2.0258004333601276,5.269993248288202,0.854376976395322,0.7425534979411115,0.6284241426876678,2.098015655930833,4.526814334643159,2.114272523961972,2.814510145991696,4.069538700400771,1.7462562389816931,1.5871015857802382,0.8852591202167354,0.9654910711370788,0.9097471120177066,3.422477487247925,1.679014197686609,2.1311673986335116,1.6692337333513563,1.8922266787769089,4.057633198703656,8.953524493559327,4.146610328127012,1.3274593136013868,1.841105712895843,3.4102611890614636,1.974420418411289,2.429248115035006,1.762273258442167,5.183742042705276,3.6057782178553643,1.44188741418712,3.0691319475227727,2.99079983015257,2.7056600232426904,3.3811547588097346,1.134999010431086,1.0860812397212534,5.028031617631272,3.3823864818954124,1.2727201047845653,2.807308062162849,3.6426316736113478,7.438580447459678,3.4076217569180502,2.325880375020224,0.9561460334982034,4.633368120776758,2.721073295224377,1.5316448703659646,1.7470976731030239,2.762781709291895,1.8304395410442467,2.645816866927451,1.8969318675834668,4.531343939525312,1.6479073337731154,2.0713002284397652,3.7847304716318417,8.721479207651825,0.8100442328961317,0.8978052154294681,2.5172811894363196,1.28157594800672,3.8459426999110335,1.7890780064492955,6.8878478219305315,6.521333122653841,2.446564582369268,0.7404141831734279,0.87563081462187,8.777713369118946,0.5169369022678635,2.300464748271013,0.4472715323960725,0.3758797515021598,10.577868322800596,4.130373740075865,1.0842870149459953,3.094804373259958,0.6043347804718431,1.1871425704063656,1.8716400837682114,1.3700877658223383,0.6096456364239982,1.007641405397219,1.511078917864531,1.549787428082849,4.7693343846730585,0.9641126647057742,4.36787771262605,1.7951792011809398,0.7979808208509971,3.7773475343691354,1.4622371468061148,1.6546276053347644,0.22523054731025915,0.9866313746025509,2.8265287700648023,1.5914677463995157,7.512068021502783,2.9394411464387735,5.113562441803221,3.5932134972564937,9.460195582177002,1.8761458732451712,0.48048154974633994,4.146625203391687,4.1955317129556535,4.458560303475155,2.00722472791408,3.611686119714773,1.6900229284736183,1.1473572935235694,1.7402617399433153,2.1160811654009453,2.5731561939951324,6.171984618819545,3.280953448968235,4.193057449525456,0.8231589942015565,2.2939365967368945,2.6687518751989883,1.674097855749797,6.58887286022306,8.883759734209027,0.3606829166157889,1.3933852241172728,4.481793148429643,0.898668936216408,2.927585889864968,1.0756012626214912,0.2951924307447704,1.8683851462092775,2.465000035419252,2.1673284413460383,0.7091960157983264,6.171700594163214,2.1661344451347726,2.0625935943620255,4.794472206613246,5.342663481472259,6.163503150454767,10.780105152457947,2.878402184161856,2.056382994041296,3.3485380137264364,2.1678507022739177,1.7914048190435037,0.781280917130698,1.9859193353045712,6.993418744387249,2.929383524618007,7.7238718922647225,2.2116338988864683,4.270087941196922,2.7791748984363496,2.31756063148462,2.5191136369886284,2.0525491118443933,3.062674454114212,4.345650730676331,1.2002687909098968,3.0552427835217597,1.743856177872024,1.6470370792191409,0.714373393978732,9.026247137260995,0.6832168855716401,0.7723041068263384,1.2786657528295517,5.442774819914664,1.838956291207716,1.929910267911886,0.6205241753725542,1.1159022419333846,6.6178628137691105,2.2535748998557037,2.0890799200533063,3.043836773828142,3.368980783415011,6.082207860068727,1.7840889829873454,3.9840705619223957,0.9052306955700381,2.2154904720503548,2.6673203872023383,0.46503290785273,0.9114354256299679,6.758908493258977,1.38067559538247,1.9330900978470384,1.302746098092808,0.9479304251560945,0.29034817862941315,2.6401675656619195,1.0488276969176404,5.1878698615186485,4.765699109832889,0.5889275640921885,0.27119918402172083,3.1899620287328405,1.0924104945023454,2.018835570409643,1.7836054234796541,1.1342392819071054,0.9209981667099834,1.0005639070163386,0.6254267578901568,1.3381955962203123,4.251555874678507,0.5596136844350286,3.178767158132733,5.6869586091961395,1.7747544839277485,0.763045906114843,1.8482855219439953,1.0747938150036,1.7442706194773123,2.5963558489393077,1.9418754543539154,4.851875709011027,3.7205760066833027,5.96074314771953,1.247269463148704,2.3619832090213997,1.6144300963462626,2.956366349920123,6.336087098756974,5.35013475209294,2.5396444218550966,2.2979596344741102,0.9187895256434844,0.5882370447520959,2.5449093437547203,2.503706257596815,5.048893424630788,0.8997343127467243,6.025133649495607,15.561133928337142,6.528897055946634,1.200172711033219,3.603542863270312,0.49907227412177085,2.332198696161712,3.1536444730164988,0.9541170113631521,3.5909288911796047,1.8681442192933937,8.893680332054517,0.20974633347062255,5.938539375491584,2.347039905233897,1.398665784853244,0.3654927638594354,0.6678438978978833,1.2787516166597543,3.7832838438179275,2.6916730398382382,0.869743092718041,0.9827409806386591,4.610049135770117,2.172698567849569,2.988723315979413,2.3713806521852225,5.260301677932959,3.2885023588873663,1.5030168233095498,3.670996112526487,2.386632795492232,2.5450090102164644,2.956970195607366,3.5492882792392764,2.333049953762285,5.572303174827656,1.6339731443065928,3.5121062276148316,0.7401575792622025,2.1222892788691157,1.6790395102779738,3.6350479974323795,1.6632795510206198,0.8009625187872157,0.13255025295205458,2.2683932499319277,1.0646379975238998,2.9513248383434987,0.9660520853165091,0.7298093916714186,3.033996897489081,0.30625815117830485,0.6291919139980604,0.8468691549222288,1.1188080236375797,4.016793621113243,2.2359978485100256,1.630423196022125,0.9724495977573326,0.4073612908403248,1.954023868939354,5.991233713172522,2.599729899299132,0.941488951436336,4.7894211159626,0.4708977500396749,15.666553358675086,0.7599805357188816,1.6063522678234092,0.5055738550857708,0.8826217489298839,2.9998090911225828,1.1254917076891848,4.548594909256617,0.5777899353089777,2.050924432090993,9.257886412963959,3.098352117735044,4.236597159784042,1.5130461794145176,3.320113103775175,5.414374164494905,1.07267989155844,4.014006554544828,5.752794392910523,4.5445987540249755,1.817944814161681,1.2425332874712756,1.8905346660442248,1.4429258091451507,1.5631286671459432,3.882322607962265,1.8100273500183806,2.4566075086874566,4.983279370765474,0.8523411676365222,1.069948105309787,4.679595519365365,0.908351602064704,1.8544875103033658,6.701104750315216,3.9933479668493814,0.9485143858398708,3.679920248329371,3.1165579437031212,6.166265163269838,0.48725620831959926,0.857066506244262,0.4556940543305317,6.931947487845571,1.752071800021675,2.4316885208423487,1.6733391827669577,3.3226080762488475,3.324853580997738,0.507556704806245,0.31760468408905507,2.458755972286585,4.111506804961484,1.4651087837853527,3.1189028625831616,1.5351920620564616,3.219892082529376,2.580294253063515,1.0998467461094208,2.373464162894618,2.068643935079032,0.26245532844488617,1.9582936917800824,1.6564248176411471,3.8812549223791044,1.4168468584298277,8.535320198507119,0.5910232527863164,4.602727590218216,0.9412245700832298,5.031977865256817,2.6136748255389533,1.2170577038781418,4.857688087830176,3.8906559944639296,3.2699166431449034,4.212346781746712,2.0593973837894923,2.553392371640381,1.6422662283568417,1.1565504774678421,2.982432533882022,8.328720139492033,1.0174523901800834,3.9649881632994632,1.0754958047704872,0.8651589760933541,2.3697562025224137,2.2036217000339544,0.6313218306290067,3.30002816930635,1.5115747530001673,1.8167836364951924,3.081407765403884,2.669340025082705,2.3380112047867696,0.32377499220571304,2.155059608133094,2.7776479711021063,2.798832962180528,1.0049921973939209,0.9430999126142677,2.8637427875062706,0.7081296096406514,6.794198416696927,2.712552304450301,2.5001273767488255,4.566394307396539,2.0041683233078755,1.0076032742035208,0.8007556893899956,4.423220182167086,1.4730872150168086,2.2532415818197755,2.9769677326665764,0.6723377381948955,2.0583157168976975,10.491936587796673,0.8136150909701607,1.6637086561192111,3.706054372872826,3.140394359537112,3.9396360215507507,4.814451068888938,1.2415577304833094,8.610473930551313,2.4976518116200728,2.3017638125604645,0.22077900212892163,1.1253245254891744,2.2946724718863623,2.229877007473905,3.937845458317528,2.6853361773108215,0.5441300310104342,2.8051368344344905,5.988668856646732,3.212376968483569,1.3027868122402797,1.0142239570270595,0.671203962542094,2.1803277135484445,3.1927767476745026,2.3272519658413926,0.763966299738833,10.201406404426573,2.5108863749425305,3.089321627229528,3.3878055153351267,7.207976905124312,1.7333632093201468,1.0650596200635285,1.4785398887845629,2.389749790388712,4.634369573615396,3.008338298075005,1.0180350090104668,3.8953556474198248,2.5802536142913417,11.119569815742132,2.9040279000679887,1.738050374881429,3.9374933197101427,3.198364070633931,0.7791329824949711,0.5891190919737785,1.1121584814303365,4.829775666603719,0.9336233367363254,8.253067456476167,0.8638545406240091,2.210499109784557,3.929752062215333,4.098690294740372,1.6197200225969677,3.2992280476440636,1.534799888862516,0.40615397831133226,2.989703628732468,1.6621694544708143,3.998155522397576,1.5652948422290291,2.1182018491191865,2.7913690057920326,1.6114068840755138,2.1640303440888133,1.508313690285089,2.3703154058231473,0.45958054417740707,1.6939906598948529,3.434456699004193,0.9535203472294818,1.3379055549717938,1.3700167600340403,3.3496772362277363,4.856172549182202,1.1326662986985143,4.829271904216069,2.949791675498158,1.6503573478767717,1.675172856831763,1.0260927199663135,1.4770169399835726,2.1807606030285527,2.8568731849023834,0.3908142610051991,8.979839785191755,1.049511671890801,2.5038212985023662,4.497304439965667,3.306284929923486,1.8676791354480946,0.9758592484926386,0.9520445331649792,1.5666159190397138,0.9950629325946028,0.3829132647149969,0.6142755291548582,0.34239940223388676,3.179727522158852,0.21610622087647635,0.2930790623755457,0.9510238135802596,3.699982536434999,2.6479508214447933,2.0146331911779995,1.7862683355282147,2.3511200953492386,0.7776518990392085,2.4795946252929504,2.490032109050612,1.378180603968259,3.3372964759185573,1.0884662316146334,5.983204204713979,6.014471791374104,4.389410554666652,5.6450130930351134,2.125624965316915,0.1043898327839464,5.132991518159991,2.795015898957657,2.6705073261600063,0.9510252513529385,0.8497893827200229,2.8954611700639266,2.234255276151865,2.663967487411022,1.3409966161162181,7.002569048385993,1.4322904764922681,3.797246748321442,2.2373977128242406,6.64136523980944,2.042357884000637,1.4278293763789003,4.57512535557337,0.45088377226861004,2.6184829147489532,1.9636127960983292,1.2632232096571077,0.7419442369480231,1.8017083934424285,2.784944073124961,2.298576074509796,1.0120435528074558,3.7143140586005927,13.37246869231705,6.319491392930529,6.834191703948779,4.819944879957535,6.13585535869478,1.7346244996465168,0.5328273453798542,3.5750600968582904,1.4091162873758685,1.8156140243852166,1.6655633709262672,0.8205689164993963,0.71028865963622,2.3803935938960388,1.0351542648173682,4.347127169500113,1.4251023736872563,3.346917982939813,1.8039182202416386,3.764894898919242,2.443262979210991,2.4726923540356456,1.880586513726074,1.8386314828632524,5.893670806033189,8.986826282599718,2.205195767864457,2.0171546469805857,1.237673705721958,1.0973543217672659,3.7997430875004614,2.747297571527927,3.500201404906454,4.091794776348076,4.49446875430139,0.23845897170811947,4.335661278600932,2.855322351851636,0.7321145715987784,2.515125936583973,5.046703097282182,2.5780479882006753,3.196811914810356,2.030108296341985,4.897314208623037,3.523621946380128,0.5942784857653776,0.6710629534249333,9.248343460112299,1.3609586954710735,1.5755218685606116,1.7052572303675895,3.4625992962759025,1.9288756586763276,0.7942023160762482,10.935166063484075,2.4769019663033145,0.6224313434099954,0.28567782329313424,12.878437192839044,7.238527454785766,2.2951039219676095,1.6222612028684857,2.6434741987502663,8.179756970197765,8.546884987294971,0.415338515530222,0.08357957953713016,0.6164498453032621,2.045466238063032,3.3779581146860322,4.710696670638795,0.6311679711395399,5.18805726436679,3.0256840106983427,3.5249956734175827,1.536738502335422,0.1919393593648978,4.789742486615246,3.0486779520889833,0.9788080449452619,3.817951552022971,1.178640619775465,4.735241945826276,0.2620418241687441,2.5399210489109527,4.9230393436005615,1.476941233209492,0.46273766229041713,4.848926150494172,1.1306656691789372,3.378851531822877,1.187760248504351,3.327996629655116,6.352358710804146,4.266756097911182,1.3499041656991801,0.8006560135394369,1.714981554474583,1.5289972083308176,7.622262444559783,0.8467328171759894,6.09538916921905,2.5502984424419157,13.988585615163021,1.4340579048674291,1.7552614989557123,1.587836559368706,0.45690945786487314,0.1847959918491171,2.306059932512131,2.4128890614913345,0.5458964504604706,3.2511230698141897,2.0879726266919896,3.9868578332951006,5.682863423044956,0.6683331938250628,5.936199733178595,1.6932243897221053,4.700422667003074,4.320976362083284,0.4436930212625765,4.087210950176064,2.2771061313565832,0.6336429533056456,1.2534895855241248,3.164193476729298,3.0187081498582193,5.592344287333166,4.175081344605274,0.684035924555203,1.7166984018543747,9.783180145222225,2.4325203900451835,0.6452667243803936,1.990933980439006,0.3784951682971085,3.8426436079996895,2.03584013369178,0.5251005421223225,3.196930227591707,5.509254339071348,0.7971630191994263,0.3888956928557749,5.038661819597333,4.916657131058415,12.750868005742719,2.161774847455585,1.689804814405229,7.970372192306006,0.9269966558722371,9.26525176213312,1.4289306021204191,1.1876913303686993,0.4934468803167638,1.4606657280835098,2.4719521498538857,0.7073982385854504,3.208777366770807,3.7897615154149626,3.47217669585824,1.8508537919954837,1.6596530943722667,0.6345201009025907,3.4530273826214124,4.30406168894778,3.27621365054907,1.0559597880562783,4.466317923124028,0.45355189206091695,2.4338855859719937,5.187777040127751,1.2611025834831493,1.379223106345516,4.12568528692916,0.5889721579335431,3.078487759939026,1.4059548911367614,1.711156098346775,3.034891766536966,1.9289175787735973,2.6402930145236523,1.510996133865277,0.9710584876478123,0.6029957064424815,2.528588012979505,15.550810941580442,1.0005720652549117,2.3044992966124864,3.463593695530984,3.62086471749795,11.618252629710238,3.2955971105420483,1.0836156835391038,1.2315596426148663,2.972754414351797,5.397221850404706,2.415897236224002,2.123028438341609,3.4096648999868466,7.695274576712811,8.295979547626516,1.8885146161232287,1.5330176112930274,3.096598179720748,0.9338535842476614,4.559646758447834,1.660290496784151,5.813823202149501,3.1723367651259866,0.5926393717933189,1.0224603683936098,2.6539732190129146,0.8180643465852363,2.062327122369166,1.7349234415853472,2.9175774269187467,1.119033749513492,2.0663457672769354,4.362132765464411,3.406541544283482,6.104858430631192,4.579917520329668,2.9556864107569174,0.9954049084180948,5.053735822861865,4.672586063143088,3.910025005453451,13.35636791595227,2.6698221175477244,1.8339889253913209,3.418028033446859,1.8857627001071977,2.920509572098105,1.9215482361995124,5.769377789312718,0.507596241907367,2.9219935766139886,1.6006102462741008,1.1604133943640043,1.1624825338323235,0.6971264993518433,0.8198078716131039,2.494985378750121,6.485477537740076,1.7888721694015477,1.3298347068131648,1.682299766108763,0.9037525004395458,1.7252151339408082,5.25559232225407,2.8654109615954892,0.6891778221005416,0.7246858717611968,6.653276588508608,2.5733705342611097,6.827122595440092,1.1534583623409411,1.8210217475942525,2.573396513631165,1.9906318270036205,4.8845254535373295,5.445055398328361,1.344983387328193,1.7733079291200335,1.8027401079033936,0.5893105073579225,5.018819248738236,1.428750452596996,1.5724310564130946,1.260729336656689,1.450591662124352,2.771569203432181,4.2683334540554885,1.8275216251529123,0.550852267979856,2.4669459906283184,5.465932588022971,8.022608424964243,0.39149704972587435,1.260343138096344,2.3322848090093458,1.9782850670203538,1.441109013824774,7.013323482262698,5.184880894561086,0.23935185122240446,0.8545179228224966,3.005402119596412,2.0427613665474116,3.90666341147321,1.7822293917810552,6.4193266038292105,1.3868296399002082,5.409603672095232,0.8696020908973132,0.994278559219727,3.5703504746089694,7.257025710675387,1.2905287779554195,0.8649124343218414,0.934548633064455,4.976579871137106,0.6688034082349417,0.2752957467292877,1.5452100253139862,5.699618312647029,0.5351405452577248,4.007674782459331,5.056646804226428,0.3404417036728705,3.564028390148577,0.28929493817315843,3.1433281664982444,1.780775721778018,1.419776173505523,6.4418905787339655,2.1158199003436984,6.726600435274067,1.9830095861940835,2.4328423226403393,3.1285835144071017,3.838463863020475,1.2658266345147382,0.39722190753863235,1.2246688307465081,4.794093813597068,2.714136787593748,0.8711506638619966,3.3025571130498736,1.6710140219020615,1.184022708488902,2.7430836929775344,5.869124076808131,1.414373000509436,0.8862595443022425,2.337781587751829,4.748214081399766,8.176973469289702,6.970557025299845,6.4692715417216915,0.9570553402932632,4.784064943485901,1.0650151268461858,0.6525315243619645,13.872043551529483,0.6706124472090051,5.5723701062573205,1.7252159540090033,0.9973484116946223,3.4438333036696185,4.16606838538908,3.513359043367465,3.1071658612765214,6.466337073699122,0.9469511982477054,0.7444959508652665,6.889095343273872,2.238694909985235,3.3957779674565978,4.895373437029389,2.7271391040138253,3.3894073202022743,4.250692772860877,1.3256584089837462,2.0248021111418706,1.1998016682622676,0.35596014262761283,7.49177292689069,7.966794596028183,3.464688178065708,0.8187274342600179,5.8660132809628,1.8644032947712494,5.473465352097983,1.4299144115453088,0.3058269014242473,0.48159625010198814,0.9666975782467455,6.982869397506858,1.8598383992970537,1.1937497433782893,1.389343286867509,1.03021867733525,3.169253552261893,1.3083786770219854,1.9576056778864181,1.5221027757370482,0.5847885927547205,0.1250811308853044,5.416813856016489,1.1406685120848015,3.6870808646679922,1.3079453459419814,2.1120158490232996,11.395498785517047,8.000132311315864,1.6832955157233647,3.216315894787748,2.012376422517256,3.3561768133889722,4.47785904185772,4.022328639016298,0.3615608472499313,1.1176762688961785,7.754828080912014,1.313482489561219,5.017499122230711,1.5804326780271274,6.035814402301879,6.842705875706012,2.434801176507654,6.766024058700946,11.908909322737664,3.3652424496570537,0.5108481607720163,3.8043806734608347,0.8519592455858587,3.7830508304355024,2.08461221117663,2.574528024002382,6.319259478481018,2.488529142936347,10.247450218478217,1.7045502268561776,1.6883872888690807,2.4353136249497247,3.8967508212205084,0.7560094255251816,3.47682480246272,5.135624988632182,1.1828202945419928,3.726616746159456,5.055389502516983,2.0536700809323993,1.925208862882247,0.8609639428759516,2.0241705338141562,2.1485497950324826,0.74296842493211,6.540409987234252,2.1955287927410496,1.6831982884198051,3.540347069137846,0.8653816010310766,0.8724038989135483,2.4693843676124354,4.36500160107164,1.2136547453540274,2.466559056952991,1.1882309236521797,3.197413838314841,4.402054534279802,2.10286852673248,4.770258964756676,3.0964330553040034,1.2789063915841603,3.0483401697846317,1.978842320805169,6.431123947353686,2.6963926380190215,0.37865834918699015,1.5527810306209626,1.7817611452865,5.962797243770158,0.5132796120882036,0.6047169266205402,3.591256564775203,0.540415622470998,3.5103681433190763,2.852656614239611,9.750466331489053,1.459602747477002,3.8298513378658683,4.061959622168284,1.5403809597137081,4.447478670731245,5.359602816748611,3.1252584983521947,1.3332602901052335,0.9444621217276021,2.4522040404963317,3.9881956868239476,1.9008858671344173,1.1336811234548065,1.132450617764989,5.661145207516483,2.9046460905073612,0.2498864962159919,3.99961782583193,0.7376613518681712,0.8100149231757023,1.3126018717787082,2.691228400090468,2.0173953109991527,5.140816060538133,0.7948188466961938,4.037289178874165,4.184955188164683,4.73978056614876,1.6747068669419658,0.6976651299445428,1.473466861013396,2.2416258857363487,2.4849615503448303,0.7666189900124376,1.1440103484878563,1.249652344922887,1.1229003373127957,2.9854040138539197,0.5652709653587404,0.4127638832675298,1.8528401607170326,7.564120537035652,1.3334331518639466,2.3813937783315056,1.633028119210951,5.639098649735738,3.058961024242795,3.9367014635066684,3.982683697410509,0.5354781738289663,1.895474427258877,6.254609796220642,4.305298296446318,2.0740213852621268,2.2133120890004574,3.1337151170234683,1.9113969775316662,1.3211293896775804,0.8504245228910092,0.8057103792332372,5.197534413579326,4.878367887356706,5.56671771954614,5.057430075814921,3.836824237905934,3.0893952233722892,4.273098239087303,3.74549673063673,2.956049577784679,1.2249299652681873,3.3415260344440485,2.638972353864951,4.310502227981716,1.3839411761414204,1.000367363347224,0.7648375601345929,1.0614426619197508,1.8608341806576054,4.210269891345522,2.2400689530756765,3.0122628596557783,0.500834454488607,5.579723226768404,5.566001380193452,0.9748550079400191,2.7355857857945223,2.1244350048835368,2.2537269043480035,3.833072187223329,1.3551710939917376,1.6655627552519772,1.6744149730731939,0.1341134767387367,1.6058644948194807,14.216104632649092,3.1489311660493335,3.3431470231777123,4.232007405028401,2.873971383573776,1.947223954454428,2.175724765677522,3.441794060657027,1.7697444169997567,4.885122857728691,2.595670805220227,0.7139783066537404,3.796087764036513,3.9042680410770343,1.647576870663359,1.9438868636307203,2.975025568779798,1.083584105110528,0.9205208948357145,1.8824152825419085,1.8033915242892307,0.5172986359569536,1.234853410752981,2.7013197821155854,5.236671130234374,1.161459548012814,1.163783635877156,0.7348853006105267,4.150458413917002,1.5002951830540887,2.043841653101644,0.5383357045422099,3.8242365886905905,5.639359195026302,0.9651346824427703,1.3458372008543193,2.9011250244791,9.065137489715418,3.2390874793845756,1.4995982274967004,5.504038685328766,2.6633636173620276,3.5952437369475336,2.7546156921167197,2.6384835319930553,7.662732373931736,1.3988137929590125,0.17346928595022715,3.507063769528123,2.8599070024358566,7.767483608022426,0.9184576659217856,4.48583581883594,5.103162051300797,6.465388212631876,4.411454072731888,2.067074687367555,6.880847644984341,0.906627983995762,6.936108032171819,4.643348528199856,3.0936601450783376,3.157877419561517,0.8905152295581368,1.8171554326911117,2.3647250807568363,6.107969685804015,1.5813630376000107,3.3556241482062346,0.6764160956752583,3.073470031254572,2.4317442928097863,4.118480632479874,1.4623676660004534,3.7438140815804988,2.887103956377483,6.740440814105634,1.3951139884816781,9.249040631336436,6.8759739550588,2.214149028638689,0.8427375245061672,4.7456260967340675,1.983692013937449,3.2471892795703625,1.3143889472242982,1.8565980102835522,4.118220261350936,0.26519775087626246,1.5081523873398135,3.1564140253687554,0.8627209596392467,2.8423189579806922,0.18048567372804025,5.451056143293774,2.357686021758078,5.734930061957053,2.0552086641406864,0.27088437973172613,1.3725341641513915,1.5020385658392508,2.2561278539751908,4.443211675776954,7.744002443789368,5.005397660284899,0.8686739832798148,1.2681998772872405,0.3274340597051517,14.019979577742667,1.581460809455082,1.21190801117719,0.4210866015682768,1.012054814405197,9.358128930699399,3.750776669614332,0.6674179466440154,1.847363969953271,1.3948866761846919,1.647708634691457,1.3264039353588584,5.444797973986984,0.7395830287660864,2.317391308847068,9.861070914918127,4.20317745596614,3.2969963104319833,3.412627327824279,3.2278847721501887,5.164691722824792,1.3225813308772931,1.5446006482825638,0.5923517238474066,0.958524919725741,1.5797896186139908,2.243614056893555,0.81883895107383,1.0880102881819833,1.5242960747431982,2.3998514523048287,1.1466336327588107,2.880479324528721,3.212620850541328,1.4984218540193694,2.882840846473017,5.189413510451508,2.7798336661317076,0.3606162780809726,0.7118758176981126,5.140062239001897,1.57832536229108,0.7410985779113884,2.469015407833208,6.070373578254763,1.424738524541827,3.3236457646858484,0.43402226391536697,2.733683351604051,2.0248281235166647,5.744908141125786,2.55258097970267,7.311446575906094,1.2527844719541998,3.2388264579673205,0.7891053023092462,10.117515026184293,2.046336039317255,2.0138360944428713,2.247903515955258,2.741985483022021,8.105772731084285,2.8198110646434,1.5466485829747714,5.92515792699216,2.3406777072222775,2.653217492038519,0.5977211195872426,1.2897297000534163,2.7870679420306623,2.9451797757814786,0.7222778230268627,3.368889826873524,8.591469804504886,1.8152766899676016,2.192340333739631,3.121202032384115,6.238012630246149,3.0829906174045076,3.1725534035039,7.3452649769188305,0.3325506728370864,7.781425271362068,4.648459646473891,4.721049103453699,1.9294940502074156,0.6003343473272205,0.984738775015085,0.9593850655487495,2.3197721908657143,1.1702037047463039,3.5037222131388983,4.992592110202665,2.8880429526692524,1.827346679529256,0.9044810631318634,1.9188296279133201,1.2697923844512893,3.746722673122629,1.317903022609335,0.8262121082648666,2.069110682872094,1.002891209010642,4.815440880823943,4.423282586882172,0.8185139423843316,1.498063001711507,7.409791052854796,2.7800414796298263,3.227168555044396,1.1796102408814055,2.8075272118125105,1.0634019625249054,4.520225762418755,1.1075133884977948,3.553844337608493,4.4625776553487215,2.077773793271613,2.745805176931428,0.7160031722678086,0.3742935093293815,1.3425158261890302,0.7108103177632698,0.6115560408903256,3.560452966534913,2.8634082207598404,1.5744721503740469,0.6413380314637076,3.6643238358686383,3.6969262140854307,5.463569163590607,1.3401712399299004,3.8663024567304856,2.4670645699430462,0.30558103847885887,11.100918418795771,1.2174435807513801,1.7387478237856948,3.842584297005979,5.9541076646502855,1.9486533775749046,2.3112589902310305,1.0579839336241932,1.2773661370623453,0.6347432933879407,3.0295553489390046,2.731856768265859,2.010005411328228,1.0497392275032542,2.7777593678930907,1.1940825657731402,5.571169426453828,3.742314965385333,0.8158718559583651,0.9387686375455273,1.7695469572665454,1.6139900267436482,1.8419619344141627,1.9806106362573876,2.6112060762920777,1.9706971590786353,3.599533212473988,1.5205943964004893,8.473763218333353,9.159109445778443,1.0746291231522274,1.2584677912411728,2.327994757062793,5.151051620051103,4.895198517937082,3.1344987049111195,3.9444442632421635,3.0513087907146,4.782549780750566,1.9151582964914597,3.7704286929021316,1.8288400689722515,1.438066157466166,2.491860225547357,2.798865391530303,3.9339793592653782,0.8196603933857625,2.8285463208357737,0.5370175414334452,0.22489265765506822,1.0832719530051742,3.0366513967767017,8.487014957785371,14.643762772453838,2.107735001235684,3.532173527116902,3.304671654979382,3.7435616662495064,4.584838995475483,2.620547753539648,2.306649924694403,8.237038780579013,3.250052466728115,5.789197754792302,2.6718938225324695,1.855061241156274,7.223101086643587,0.37464503403860244,0.14042907023440743,0.6275637555313569,2.0306819113729793,3.3595831375667276,2.982592325679595,4.27878516042127,8.836685772738583,0.8606887839466388,0.595236171333214,2.5901269578865795,7.4260755226289925,2.246682604787427,2.5584418803017104,1.850209807102175,2.5992008557555186,0.8024143562510042,1.195180753811043,9.87510681497238,1.6806045102232412,1.3975100320143379,2.7786344493706725,1.1836129820477848,2.8278515263658504,0.726104566739533,1.1197112427540241,3.9505921978301384,5.490449280110206,0.44939215612128397,0.9747972801771263,1.462385859402805,1.8979720964266005,1.1872023092121917,2.7824183137137353,9.220696978274171,0.6379984294352683,5.39716703615391,0.818028197765213,1.9031743249621782,3.719540777477502,2.0487733957848766,1.373828475457293,1.3036569498190795,1.0526468935396995,0.5302272661911934,0.9880055006669991,0.5582508259102322,1.0085083055924695,2.7902986418400824,1.7289168923509166,0.9233227087337199,1.8413456276652906,8.657486109310211,1.6587615985837594,6.74568963369789,3.2580306618347654,2.4497919080297006,5.990138710814485,0.4939594741468,3.1918876345031246,1.322915998678806,0.6225765222399112,4.355904593939281,0.6590583788727827,3.426522113563821,1.3352822756473315,1.0844255682243165,5.313422086530651,3.150692476900833,11.625918687570064,3.010597579819884,5.06768039323007,6.102538310960402,9.001197902925307,1.7233061793136586,3.122055140259375,0.7775832893619545,1.4603425356946025,3.3904881514640746,7.737670537598603,13.212320638956069,1.1334551618046136,3.697240066232596,3.432213165473262,0.15681767668283408,2.3143051774931993,0.7867434504647809,1.3372094538304844,12.073377582319504,2.029213182267292,1.9347621584199892,4.654317089335705,2.0861216333764068,3.929674218315845,0.5793409674647937,1.970143857926619,7.535360704585585,1.893916060979688,4.446838306604911,1.565419152329414,3.1161828673054197,4.226187559413726,4.742776233819334,8.241650108226342,1.1855496244175647,1.2545316486444813,6.917308690164679,3.4701672290096446,2.544665932442581,1.2424900136127237,9.004559687920175,0.8190030559926057,2.015862796813514,0.7299160861642117,0.8827890564843419,2.0118419028846466,0.26056982085309743,1.3368928608903672,0.705963340420129,0.4377615878319431,1.286830125483584,6.282864107500916,0.7496698736249404,0.7438288749629148,4.486581090615066,2.063499358214593,0.768322486691643,2.549731279282424,3.508196274266387,0.8775714748883896,1.2543327182840245,5.140327889411077,6.325010468722685,3.092020519048196,0.846891982438557,9.639057561438896,1.3971945505930257,1.1617414582690533,1.3009671948850174,2.2403899487614094,2.47193897560414,1.7454904869903292,1.8751486779008855,3.495233481215446,3.603417166437029,1.0879741211945322,2.6008472620054635,10.0023811063115,2.752481173552038,2.1654149334849935,5.272810127948462,4.0386117126245065,6.18578877134307,3.009610171509907,1.913168178892604,7.173547060344716,1.470687014041458,2.335916054128588,1.398140272251448,0.4458752889419027,0.3794055498274413,4.934384761848808,4.800016604973544,2.4498543062832017,1.1077673340834868,0.9651761984793197,3.38712350249666,2.1015896204258038,3.0090953646137595,2.84215135869502,2.632516550608892,4.636875713647471,1.6411738313111994,0.8807193821932735,3.5758737469290276,0.9454962671025602,6.010505628315173,1.9542923856862293,1.6775521704301288,0.7628155845483712,0.8206681623414324,0.6723845319477776,3.6133102287915255,1.3756623131147854,3.0806417950199796,0.8255280774015672,1.2206231260455553,2.0390787855327894,0.21319273080018197,0.8683303736602506,2.010385518764263,2.2455134590141417,1.8704029122816357,3.206173108472356,4.525012507110995,2.528182221681007,1.0222675394660932,5.706684854351362,2.2381283616330263,3.820075556001783,1.644216384136458,5.006390421357635,11.245967090540802,2.499269475414253,2.9673960164519197,0.9944935560371975,1.2807108247994958,0.7097306491339866,6.828231889277753,0.7085884817498711,7.811468245537349,1.4374024308584115,7.4056500798498055,2.590531451314863,1.0001064992673334,7.124099369798124,0.17699797171324083,1.6529527260089678,0.6532694027349621,7.2057398143161,3.7700737709679917,3.9041473281481034,1.2587501500832288,2.1675323094171572,5.488114945395869,1.5822281121040087,1.9863677761243108,3.2109336086554388,0.8367013890497386,4.33546468070187,6.399208469983834,3.894411750293387,2.4098614485283845,0.4979318502403851,6.016925923156221,11.621066278684692,2.4521747381620886,4.5280027089416155,1.2235559304137544,1.5232709775406812,1.7226219565663694,9.155482111643119,3.3988304244211585,6.055006018805649,1.9229739902263696,0.8782492842529452,6.69392434994812,2.677766362113257,4.651389505717467,0.8813917684947219,13.74683625230369,1.8721959703889621,2.441096840122335,2.5983969656053114,0.6399465759533844,3.051790931970772,4.317837505202719,2.2958233233908176,1.8589429508308957,3.0788401787912822,1.1993120842588858,3.5964186013944435,3.6833042074142885,2.328384734693518,2.933180941757657,2.4298384996772637,1.988453659186421,8.483033586282538,0.882312245057394,1.4481405070071613,2.461083782602714,2.5109852321240638,2.766592337534772,9.036964749554176,4.635623398144718,5.626151712390337,3.5329969019003413,10.318700882925517,0.8485786284263468,2.9830872450373493,2.4592724003275515,2.2235180851555754,2.164579749955061,2.251336008638501,4.253645266090028,0.5854917943999827,1.9911078338347863,2.9146624882771537,3.127291902184939,1.3090872432851512,13.675934900215204,1.3555567992936957,0.30594765056934137,0.8871046941132883,1.2538853471265896,2.0279509384880736,1.3816184179022124,2.766012612607166,5.743087867707741,1.6544467641813239,1.7676416761491693,1.5034235942923684,9.930524616868702,4.9003546038490295,0.6469595016168438,1.8692617204194828,1.5037789258852226,4.542326070883848,2.2336530266443906,0.4839092909770654,2.2667786411698,1.8682286541269146,0.9889081766632001,1.9771109384729177,0.707999589435796,5.230349089438606,2.1867237186293993,0.7978348664036627,0.7524191578069128,1.468921046203228,2.7806847939778967,1.6509583234082696,2.230421952028472,6.107814122326071,5.07610143125976,5.849372042764245,0.8988674291514309,2.7720128994898663,3.5206242053226684,1.6741633758463694,2.5252835213373266,0.41586832049503225,4.243170719430882,7.150264970040494,2.8406155312846257,3.096585933311314,4.37122294116189,1.924380233849653,1.1840856518288057,1.2346971948463012,1.7644449058187304,1.1710696454942457,1.5759895882604642,0.5437875545521337,0.8684019638557063,0.23192828393007986,0.19701545483828292,2.6298086681120783,1.4003352683184296,6.099839254037054,3.0335559767887594,2.319096343780526,2.2915736268342375,1.5020006049293635,4.490308639533883,4.694370616899344,2.227443680460655,1.2036836287350814,2.999305852122777,5.483854098170482,2.805365272822173,3.661247819435382,3.0059860152502256,0.9982105026237194,4.255560098105642,1.024196769124146,4.070027843361464,2.573604318756516,4.7183832819605085,1.9747259416312266,1.3035762284505288,0.815652245286399,2.8728117264194424,1.9883736643234255,1.4586672240754246,0.946239774204603,2.374363828979703,7.45660354381695,0.7623376752691611,1.415907774381627,1.0254434870056996,0.8444521483839607,3.8154013912554237,5.12559268830598,0.9528046461889788,2.198434222122695,1.1004364372399897,2.795634040724214,3.928811975867384,3.5610601484642177,3.5727304806583557,6.331508337989075,5.089413196596888,4.1690682242847945,1.888201123560306,1.7834028720580308,2.9775604608421435,5.321482037764621,1.827756269605491,1.0562623501608384,2.325058964974556,1.5368944762311674,4.918983452329121,7.373092427057428,2.3897913392899834,1.7036432074672274,0.9205110250626786,5.587310264399829,2.0220606909004366,1.1541072116952062,5.114706542645363,1.3088905449104442,1.87723251970551,3.6499344634624635,2.7453120028459437,1.823166850952254,6.297051661100607,1.6641584608216873,1.7017330536847093,8.179135998313619,2.4658920542868574,2.2476317195467876,0.3143769905703344,1.5716981337674774,3.887683184504327,1.7305979237225464,3.777920254750806,1.1201688544901498,3.1490123083032024,1.4366459631476827,2.804931489759791,3.5889365935452977,5.0828675237417995,11.237225122515321,1.8248521549397398,3.5597459258496125,2.164763130395682,1.3602570065037636,1.0353484878475252,2.7643748495344576,3.840429333133814,2.9036467084811184,4.911454355966552,6.106536498928118,2.9309281671312766,1.2346622984357176,0.9338660852407323,3.896242103748006,2.9881687416311333,5.70090475359123,5.994952101958005,5.080773172757968,2.194491378393168,5.998363457140682,2.99182794888959,1.620831825265904,2.4595559631043797,0.3569235326386593,1.4455289395168316,6.094196828985904,1.6949269388845773,1.0677656879983501,2.1757893637082497,0.9903206573232998,2.2958843689346256,3.114980672039407,5.456809564275757,1.4971004056384143,0.8562301523842417,4.536009682405806,1.2332919532588786,7.35013612826732,0.9281010334669691,0.2905356672311541,1.6650796873892864,2.168775621102049,1.2467826041692767,0.6649526061144361,1.3051997740048753,1.5436216798056104,0.791487212580083,0.6885724232310868,1.8481745889220211,1.07717890157941,6.269578162633376,2.9976881683725316,4.591293635070091,1.7924770222578488,5.123124455244862,2.026521628848055,1.5299290441208278,9.031006920443582,3.238058178385891,3.1147215722748487,0.846403712209463,2.608491843792005,1.3064698810184752,1.6170517167273282,2.245565075519327,1.7631126055122897,1.4742618494859436,2.4068863473162914,2.523687455950234,0.7628479026129482,7.834156867271531,0.9869658994636783,3.283947283978207,9.659364795123327,3.961791834410418,5.501437990427915,7.037825145506984,2.554501372902573,0.4365665753212312,2.9850551988539995,1.2731146512095324,1.8803115910636783,2.3232883338970756,1.4510974754814738,0.7216568470165338,3.5681306164527147,7.3563090873315975,0.7569596811151572,8.274149734351392,0.7330021584863219,0.6756508232446831,3.276418735469148,0.8936894544288748,2.960176766128556,5.213762693358577,4.789505544946737,6.3275771670055425,5.893438891458468,2.756192531607611,0.6681362329321827,0.9945315367706924,3.0500791075061096,2.562537619235877,6.771951056394808,2.7770193571747663,1.0204902895595598,1.6292125534436714,3.7682017418672866,1.4767546825930968,1.8805932793900078,1.3240149176022424,5.800837305453269,4.514764683182661,0.46651055529120306,9.993798349134936,1.526753224846895,2.1333018923915037,0.6294050509800084,6.256168608079072,1.485718824311401,1.4695283760610005,1.2396113122415322,5.407262190453258,2.437499131465877,1.816682205794032,0.7829223050130624,3.6362859926414237,13.041776116065805,9.15037006093743,3.620999651710029,4.227410977628462,1.1400690889397287,1.6160442653138043,6.293574994537517,6.2743532971784,2.4344589963741865,9.361188286868071,4.165169717088853,0.8992565334643443,2.0653929049662114,2.0902817314308835,0.48795807785946843,1.0771056394975227,2.4210125455254983,1.821973167888164,1.7418857781489354,0.16795852682700702,3.960758804509733,1.5838718080521108,3.215370149631293,1.2541899432497496,13.14939951566909,0.5374017145336831,0.7885274406295621,1.0759054726002155,2.240376364964597,1.8601472947267506,4.857346551830439,11.574874510787051,2.226552837050107,3.0109252726502533,1.55360240764385,1.6322017517843108,3.523366124802168,1.0368990118594896,2.406416813068674,17.209541149432603,2.585384519168294,0.7758318145244284,2.0806817429930495,2.5612436059676655,4.010098128389583,4.267477273438897,4.083837363609506,2.3660928127748275,1.4208103508691756,2.2189161065590595,1.4219053709182272,3.687365982850255,1.4779680399937871,6.459108180093566,1.6001592755170553,2.2679194064401673,3.943882528454808,11.75814370608911,0.982570232397109,0.6918249978680552,2.6435447596203745,5.625615581506921,3.810929978211994,1.9312703555623045,0.27231318463263654,2.054214374538847,1.7026516311591562,4.764092350554156,0.342045769755562,3.083170262671966,1.1476436562128585,6.4091017827518595,0.2244712156834899,2.4286053080603662,3.9781532804739865,0.3956733303261516,6.0999599470578305,4.737447567601799,5.012278172405759,0.6805856906027794,8.065956292464147,0.8768572155745908,5.522487577824242,3.522549339341169,8.982876690403552,1.1553176870191713,1.6265954617825051,1.7080690768597744,6.9813417605323025,1.7664136462822162,9.181699489421499,6.759036904889218,1.9535699731274254,2.0689432018266793,1.311859826953752,3.66700373266131,6.392161019249307,1.69381061243999,3.3603107206978264,1.6897248866803585,3.9404471874191462,2.9714329456425954,1.4210518929499951,0.469209632789037,7.65908472153407,0.4210146171575311,5.455044002983761,1.6383351304910572,0.506508099257654,1.256746335940262,1.3136273347184133,0.7758096109086505,3.2331471638754623,1.7107100415013694,1.8208408751427236,1.3404562406332716,1.475647440890177,0.7577634639490833,1.3750131746354572,4.432427866257006,1.4143754746555344,2.2411035917518283,0.4755565176791679,3.2476350298149197,1.0612576331568073,0.46722712701689706,11.771969483451851,1.7589873790796429,4.344594411927545,1.6341810395380352,3.535532343763703,5.985003466538938,0.5377104944190785,2.951491854588581,4.020372805082274,2.6762342559457926,2.341046199939548,8.925944102407641,0.8821258549889062,3.9041180696987308,4.533904841588054,0.3333689237649744,0.7338170327855904,2.5522271991066354,0.3187546643760567,6.995001868604117,2.7117322807957827,6.606081659348774,2.0172357442198954,6.910839045276921,1.7486728523937871,5.572717074375581,6.286209980696898,2.027711721556208,2.9224360578184947,4.671903324626415,2.087070156335094,2.1957315115388627,6.897908130180202,1.5675587587259496,4.8545964349697295,2.5734140896839968,1.4804646756685007,8.831663399493253,4.937500485900311,3.5434458329476297,1.1158632056262499,8.068911789464039,1.4060167539486585,2.5638656876007633,0.6869475504792478,3.0567203291025034,1.8510885886556359,1.1588451267779085,0.9099464283976607,1.0333629592298361,5.6777452780601,2.28495936233929,2.3628226978587783,6.2223961315662395,0.5394476464150029,3.3047889381404323,2.1720184007885086,2.3950277327639355,4.111151986437508,0.8051091366077269,7.221062197506973,4.400023912151382,0.5142259995112286,2.2281163220828244,4.199909030601239,1.8318764661398972,0.9476480745271094,0.2531445347017456,2.5663409134557513,0.8489258490459308,0.6523945155329323,0.6314237758087508,14.972443936399772,0.6797253500973951,2.7578899587633243,4.117517218593491,6.411155217178267,1.7104397098415094,3.0422691972909734,0.8760483282997937,0.8280255324634606,0.8575312951669091,3.1707658223567674,0.8967173797529582,6.1558065138758655,3.2280508951707416,3.362219170481993,0.4448354429117659,0.7782404461007439,1.1456339753998908,1.0527787127124864,2.5961081634788417,1.960462263613851,5.168348931117445,5.940669366926439,0.416924538438678,3.143878796866658,2.1165332589585497,0.9599215122424606,2.4017821030623363,3.837606071057884,2.1189927605457766,3.47876944938995,14.552000272430982,0.44583496903943665,3.81721255381984,5.75754815133891,1.7872175296955806,0.7883523319335553,1.3186216668291464,5.147722090518142,5.137412531118465,3.802392701705959,2.470420091877069,11.072278935164933,6.98216915020094,10.125709895958911,2.228008369451846,1.1020464629137308,14.078380902065854,11.241012816696363,3.2080020438922006,12.231399266034751,0.623334752135622,0.28007902331094914,7.151450671950253,3.0323921058937575,0.37351106999624684,1.410010355621186,1.792542259344457,1.5839920343964191,3.667042610894406,3.5580914658846394,1.0891726503530108,2.2600684914530427,0.9163818512737574,1.0483310400255992,0.4413358391552174,3.983403304498472,0.6313360738393027,2.1722196839503303,4.988381017897463,2.0501105854326256,1.4323582369749621,5.3301680015903665,2.846551395980137,1.9707949756464558,1.6922183746360542,4.425685187652327,3.012992165912627,4.516829508335074,4.105573978412132,5.936516015665068,0.344861426970645,1.61813875878352,4.127899054062339,1.9586300818704183,6.385666213118561,4.289756568665716,3.028651196847982,2.71419167977244,2.09898622848992,2.9454665868351197,2.387805139824388,2.0821222857973924,2.268214186275717,0.8075034708597937,1.9409447623318121,1.4704023545860436,1.0358967393779432,0.816229433072575,1.0846593221401342,2.701156325953341,2.665839568001357,2.934832785250619,2.435662231655372,4.331395440610966,3.428671111485892,4.36001186906421,9.367126375363634,2.304386841187052,1.5884744273557718,1.9556907693244159,5.354959638079828,5.448526421517383,0.8602193840140661,11.403107042474034,4.805815519840623,8.108467416746002,0.3006122190182971,0.6395894138251418,4.668600016466893,6.275929555551884,0.23337389472070127,2.8743894902058797,3.9229766892510063,1.0780507190786535,2.8208057824301886,1.5664678391128122,2.4403515985399764,0.9433904134333668,11.18713960193538,2.8669521373667597,0.9485531774930411,1.01151719102531,3.241642768087703,8.939394767518674,4.425859874924977,4.233996563519858,4.09885501996298,6.9855609305232,4.887207459924919,2.734626659777425,1.4719189932335563,0.5419508450548669,2.184138435008876,7.528641372540052,1.2169532901489741,0.9671280620896346,2.7171053638303637,6.277554884168124,7.066740662559068,4.43046367297966,4.029795435348504,0.9288106640533018,4.512026750771625,0.7957055932351214,1.6684385331031208,1.532155107742783,0.22675346788529738,2.667943975143202,3.4012018861901288,0.8957618894072901,7.127752819954183,3.6268326977000584,2.531622660843879,4.546307585643057,4.110572575132773,0.430759259046823,16.782686647991795,2.7439365161933558,0.5931327275117669,0.5909139107596189,1.3281281191983354,2.5181955153320343,1.995772210433676,6.005385078333356,1.8175252333017768,2.2911430893540587,5.447834491720018,1.8813599685436408,2.8539502374210186,1.4190564097417429,3.308546139656413,5.299551214584465,3.6903158106493748,1.7970426591088131,0.556995908590201,1.1252012710904051,1.12795946523081,2.7333092750208334,3.8729969540592726,5.606754689852114,0.3542584302663281,1.0611250444313824,1.3205089282250997,8.556121870263096,7.157719301120913,1.6590329478026864,0.3100454526972725,4.308162073187498,2.116326694782745,1.9059658068694776,1.2107590350417499,4.720283458770097,4.951104579947009,1.4678283221619886,9.145881054593536,0.7265263827826818,1.5935634898286997,0.8086925877337865,0.6051798018546031,1.6464581256074007,0.9909504270268976,0.6232980465574773,3.700367354207234,1.9156330369753762,6.476776787343174,4.576408932170187,1.1903383760526838,3.875468937433613,5.713132616415356,4.049634354924825,2.2520058215164918,2.8729673577085904,5.03365332519339,1.2799662217108891,2.8207506732126046,0.5341512440345317,3.6033353017243877,1.8167372724984554,0.8110252790085519,1.3068381611753725,5.952776727417504,2.061069007742832,3.4380176896444445,2.5751378752244998,3.171433383683574,2.697223506145399,4.794949466189706,3.008442980459683,0.9134399596945563,4.107712978088169,3.0340012491593176,1.9035397203409827,2.4154078044209744,1.3906373052890904,0.6342539711267206,5.294143909887185,2.569887957517364,10.543677823210206,1.7933888642865923,0.51821185813453,2.7669876884969034,0.9790719883150982,3.110929106348342,2.796707131672061,2.4792185962942828,0.8592651663167669,2.3439073431316233,2.460681363016353,2.4081038146704903,3.899489600621689,1.1990737915469338,2.9591829317964287,2.7251578854383993,1.0524732829937382,15.273216220195666,0.509605834197252,2.149115745542346,1.9138686735060937,4.228759758167534,1.6496725401336185,1.1273436023905214,3.36054233218906,4.681267662609311,1.9451873027413582,3.3889169365146623,2.9157839979574387,4.231568062951657,1.099599695902618,1.9507380887668195,1.0505825381905314,2.9438541587536307,1.5353685250150497,3.391492270305622,1.2071970841152329,6.229177931262531,0.7486522005119884,1.7690942206300146,1.1880431165001082,1.7487431832390974,3.0034227010909587,1.1369899260071943,2.3323894600512767,0.1196684600682566,1.577104571436016,5.544380904567891,0.8620010597387978,2.508773852851839,6.347128505437055,0.8282653885888616,6.255841781831687,0.9742966728499063,5.177500668529086,1.0747840757977087,8.052979843305028,0.9286176177444475,1.1203916293996337,8.367611747050418,2.6370292080392654,1.4739201830769302,2.3761036734763685,1.4960103489974268,2.854288151596554,3.173718801328718,2.0044283496595545,1.2127490488127348,1.5856121154375111,8.813745525191464,1.5016040506590074,1.1355489674095578,2.740435091078024,0.6701498546138416,6.4563893796236655,5.91799661542844,3.7847380092537484,3.5697416951704803,4.685996764831844,1.3282836277356738,1.331423072062897,0.6899601025175279,1.5395843755642702,3.0975632440037435,0.28682110958103657,0.2129818694159938,6.063404794630493,1.3263460514231578,4.208805484832588,2.6264109207695325,3.553853443873702,6.324151096145947,5.023963658067502,8.084665270063617,0.30139804175955864,3.390537295063787,9.93736317296905,1.1655783611023156,0.6483416811687785,3.0805268539851776,4.173496875325701,3.238908968988802,1.8631182405723743,4.75073976909369,1.132756204302979,0.47863249015278286,3.9103576215628855,3.504826991878891,0.9483396495352469,6.19738302066794,7.167270981790689,3.2788094623923203,4.165669060331186,4.23502818377718,4.9889966425256445,5.7213566380806355,3.261083111538256,0.49285044600341665,2.4725971544650585,6.59026008130909,2.9443596152304625,2.50897697740752,1.6901935159065629,0.9410395667029994,0.39821934978146034,2.807835714327165,2.8576837625340237,3.5928243801390347,1.4617311802809274,0.9901527013100295,5.273877290153634,0.7228194646153435,2.3064259308743282,3.2775610806650204,0.9607856324832951,9.215491568637894,0.8767305722110792,0.7434024029721686,6.3017972730182805,0.4060706035494096,3.0489690653818857,4.759909701827305,1.593514481347022,4.979280654382634,3.4734647783508397,2.5303429313702495,5.06731872572469,1.558630250787761,3.4451814125372846,3.909112225257123,1.201154537624181,0.47950822827824835,2.5198702355132157,6.175418166665088,3.3062002151719834,3.2395270728545955,1.7031993392352676,1.619257629573566,1.548857681125969,5.286102084448562,1.930008323829612,3.6409942616940674,4.056157871229498,4.279162124601673,3.7147398924488,10.21986185962712,1.676173603863344,0.8477254224950008,3.177632778633603,1.3570905652821303,4.927881033560378,1.067533267634572,0.931940618358491,1.7949760294204942,1.386650407047806,4.86978880731258,4.101603905595779,2.5345043755876135,4.621433927429522,0.3109052837995229,4.050023186577613,2.1832562377802884,1.4468410990572862,13.652949613716347,4.496115365627898,0.5921688926111425,2.168617680577276,2.0030504885107496,1.4111195806084256,12.07853702846406,5.307151738945436,1.1226180643391868,1.5306869574678414,2.582347476490102,1.4877010442899952,0.7383086493196049,1.0388925749199278,2.568573650070115,0.6515037953678893,0.436529891226115,0.23684552726188796,5.668752423555431,0.7746801990663461,1.510084115637934,0.377511890265723,1.9036829848100996,0.7351213121314634,3.269509739028505,0.7411262098140522,1.1443175292569694,1.0796964873965582,0.920172285350288,2.4706949244142304,0.9618304495499056,0.7596579306534714,2.7423392888105593,8.267920761683403,1.8484645860332367,8.279867843324162,1.739753886597494,6.117214092378918,6.497561165982718,7.133051188802166,4.824713860358639,10.254064429001591,5.543202003801489,3.3370899213305596,12.307541974538704,1.5502694736232976,0.39809201972049246,0.6975012027179188,1.0218467911467508,1.4323894311214254,0.6634818235668738,14.532673007430176,0.9505921325357873,1.4518791825218336,1.373905445033911,2.784532473119907,4.6203252989619665,3.540715327009057,1.511583604750571,2.1923165037947787,1.4913968605631038,1.2008504692523512,1.9760600726815183,1.9140892196739017,0.7337714777272242,1.3503649772802129,2.408919850694903,0.9112589050266879,1.7545589379384672,3.7977070968834123,6.439298994844713,4.206348203918704,2.218125805760946,5.203563571352074,1.2615124377966962,5.4931296153506395,2.7203008760199667,0.894290891853438,0.6594731208708156,5.522310921198439,3.644354572023293,7.540445295702561,6.438137172604207,5.787925895559667,1.5118665019053827,4.083320912737063,2.7955084359627027,7.599078534699777,7.711363885597565,10.201275604668478,1.5110165782895462,2.1055246666958864,1.898133261493914,4.702419382781056,2.471213133961961,0.954671266907388,2.4986204881811287,1.2329157243364863,4.002490840008198,10.477859728559169,6.413859985173206,1.0429797180749756,2.822292104428535,4.167095104086878,1.7371716945554032,1.6443814161524497,1.1654019617473692,6.132632492505467,8.252272909306381,5.985819043756397,1.3387304325006746,2.6103955613947933,2.403030570287826,2.11045569700957,2.1170257269653283,0.921669081104453,3.1609315432505722,2.4736271672050263,1.4147198389623132,3.0281023938052893,2.9579384215283286,4.714415229484165,0.7582157043819999,5.249374272937332,2.1538410717062915,2.891269453847007,1.84766845413238,1.2840874760938707,2.315595105883556,2.6839641904325062,1.964185534337027,5.821557765406978,4.269296221559084,9.094095648611491,4.7793886931599605,1.4967100105690352,5.5782042635968505,2.6380680473472142,7.325284394940943,1.0897926344425357,4.075640626021645,0.8547144164436111,4.772792834937194,1.817643501837607,4.328407215411041,1.8734649754733865,7.3418412936694954,4.281476854045536,2.589154464658994,2.5381606826325798,8.169266551582515,4.707416573223087,0.8935398593616135,3.100853001552232,3.4804709909874583,2.368587385788834,1.892340497722272,1.8895673708508198,2.8211148085130997,0.3144171235230707,0.8389189725003184,3.1511562715788,0.5630132553575834,3.0077815353428115,8.016564284620658,3.0552818005380527,1.572482489929556,5.795777828237876,3.156095872800866,0.987072801411218,2.228298507904805,0.9060308236207717,7.934396271371268,1.2705592194250606,1.7538100487670054,0.9660707801570227,2.6639308059694926,1.0346621983398299,1.8413307565203503,3.215182377486853,1.6103888717378858,1.4981215589023031,0.2705592174061868,1.3235936183193744,0.9298144919226563,3.853446485567477,2.3556845535992705,3.435217370401363,0.28848700068135297,3.131332840207787,0.7468650706878454,4.276016782406599,1.2436711874920106,3.5020152898408083,1.7264621757875442,2.2974983775493767,7.938778168624116,1.5334735630868042,0.9789117132286569,4.597579216447096,5.428704268147698,2.107968316868727,1.1995707278650158,1.24125154193625,1.9983852916944327,0.7685830850699293,0.9519879104434291,1.648210584820732,5.694603697570214,2.6677529448403545,7.487952767477196,7.191655254415852,1.9267536262868454,0.6778372547335358,2.1803817429102135,2.787695322294187,1.8385330849841293,2.3148764551036662,7.60930111837736,7.697405513774087,0.599836597007165,7.965821660668175,3.195195669015372,0.7231060111717689,6.641347876770867,2.5494894042996985,2.7997874897809383,2.9097552291608015,2.653023436590152,2.0402758408274804,2.1122599536157014,3.4481172129343314,1.7331978797361176,0.8604375513968683,0.5269659753547231,3.1429916095642563,1.8687059829791544,2.16090304507567,2.166386482494869,4.714968609172652,1.41074619794449,2.7697426449785634,1.7262936063324672,2.039571660794532,8.89333923378117,3.486853249163164,1.5012554579805713,9.338070607547131,0.7162649471904281,3.7477197328158156,2.271523079147468,4.2811573508445395,1.1431067183274024,1.6380307115042252,3.1758358600765653,4.098581009921549,6.830152181961719,3.3269844560383284,9.461172101498834,2.22072341659705,2.4632667067345273,3.5553702810889365,0.8921980043094183,3.688422774207853,0.9059267359311227,1.7954675520750405,2.378713480823376,1.7474891913804855,0.4960415951528262,7.079557463774929,0.45493875300434833,2.3848501983612724,2.2926323632320993,0.27836419300152615,1.8556737241470642,4.086895951690593,13.443981966318754,1.4306235422189337,1.8539449284940348,1.7752558821280722,2.605343857653803,3.607785187223546,3.230175563736365,2.632265009543753,6.968986104449792,4.918637962845443,0.9088146932591491,0.4477684468679889,5.3448989340513435,5.592030573678848,1.8064318747612829,2.24935898259284,1.3956348472259772,0.7036929683639659,2.591615007056478,1.831829501853477,1.1717889540465107,1.847818517536692,3.9268720588400527,2.7253263023263674,1.5805990273684523,1.87824202428627,3.565920826512758,4.306067772573954,4.114304388757018,0.9541594903024432,6.598340898015873,2.619891222809333,4.736216269438516,1.5171617841946945,0.8142191325400058,1.3030086038651858,5.213532791027491,4.881508473039001,1.8965622501263208,2.4396896262130388,1.31303791472645,5.280456283030499,0.7308536584907772,2.916292135328989,7.041969143732757,4.109025358065814,4.968323117853053,1.3258910548746157,1.4245084375622046,0.9014161797626119,2.046974603684628,4.008486222990656,1.0443404978619766,4.564863151493785,4.42182883252897,6.063676679210266,4.732085346632628,1.1058535277193775,0.8685308477475908,2.8463731778408703,4.999657728660671,10.847298475553677,7.751751059765429,0.9850747743989845,2.8910391127052324,1.8881029878441093,5.384747227289351,5.717485508547915,2.358828164138679,0.49754224547807985,1.1903363141815544,1.909522629620151,0.8726461126361039,7.788226437124706,1.634605407577339,7.3374231749676735,0.837346185238222,0.6779112570785206,4.279830172657347,3.9530552237147902,1.0091371270085157,0.5921057194834617,1.4866263352653957,4.8737503263398185,3.3589397190261954,3.8024925814329595,2.486057801349273,4.360663161496496,0.6718385490085934,0.6952651897200876,11.262421405094239,1.5859162570726537,1.9901293868706929,0.36516007109054066,4.242148954984891,1.202697002856617,3.512228019612236,0.6326939892158947,0.5683377378579609,0.9416790183865646,1.0196733057548535,1.4569325448092596,1.6131701682587505,4.935617999632798,5.0349994021107465,8.793863706600142,2.3590906847096904,1.240546033121573,0.3964015719598965,8.764346308877098,1.9832692973464365,1.1524101324204246,2.28808246430258,2.1377707412912508,0.3523369332123514,8.218472417848,0.5939314530707058,3.2599392492910324,4.439004271554234,1.2152544725908287,7.8982861473527235,1.6351148043317425,0.47256237329881123,1.1384090739617694,1.025728503377116,2.844312771352372,1.0905843505238684,0.9490540045079923,0.6516384094863351,0.8358012797800745,6.98120787100048,0.4708908869474685,0.9885338344900052,2.1542177620741843,8.446326802490956,1.523165333979875,1.5775680496339195,3.0697332978604814,1.4193265368326926,10.737359871756013,3.724478237755058,0.8513065598824019,2.410574773033003,0.2572429056604425,1.6797940043442414,3.1277456800644297,0.48611391286597316,6.6915501699519435,1.2013923576458776,0.7503259857259599,5.886593874531069,15.321137193061942,2.3540271567419526,4.41332305996025,1.507186311846197,6.0711627192405375,0.4566366404589296,17.225259762579018,7.151686437537872,0.29021168841334616,0.20885564663459566,2.4184273859324232,2.0929048972436446,1.728034479858543,4.323273048084244,1.1223554297585419,6.18852156342836,5.7822856709941055,1.7817026793267023,3.977266885072556,3.471085131403307,0.62301016506905,1.1131626416096434,0.3669305637259501,2.3217799171864066,1.9351065297282064,1.3034975778626312,9.451305216341932,1.1302423054867474,1.556850266990034,4.272954492029108,3.1937376152044994,0.6128738513054193,1.84537619519674,1.3422592325087157,4.147398221478997,2.8532147147077396,2.362024171664234,3.353139669713537,2.296003523887821,0.6645962968062524,0.8566626797613348,6.043545400468946,2.1194495921797767,1.6875683927178753,0.9409938437396725,1.5984268588173443,3.986298812254587,1.4829186632142128,2.6276848858884265,3.900813483220958,2.2175044179323673,4.736407722830337,2.0761911920182166,6.890749164492643,0.9923063567170879,1.3757483080739445,1.674341859572593,1.4626403104368475,1.1891071995497036,3.175646906585917,2.3765447925900527,6.934156553116816,0.6647277177753504,0.9845047611735511,2.168146459649191,0.6795896293394363,3.934938992624401,3.6624505636203173,8.459112686015219,2.466370822681269,4.386343727135035,2.618772312275982,3.510450949473025,0.3000970489627401,1.3023578451470597,0.5593494379891102,2.1942618073066473,0.34282555761865663,2.107649207839577,5.850461068425905,0.7233102651947796,4.149057567872407,1.7837246518031882,1.3484288860920528,2.6912025696740014,0.6139651708894407,0.7868063104932653,0.9146681646251305,2.219475707950398,6.066585585797625,0.5728380082297899,0.7551004034325818,0.34276569362122705,0.47304035610719,3.351998786253619,0.7235592562159124,2.250158161359551,0.6684120289420483,4.793433104111797,1.117282261700304,0.6011184814993292,3.266786021064352,6.411987641383164,3.5412030139900876,5.2147133568779225,1.1246512970050269,2.2383731432351746,1.0724368293251543,0.7738581626478055,1.3271728781230905,5.883453953750958,0.43235217400337134,1.3811259907911215,5.364182456459844,1.6759271867433427,1.941984568088076,0.43797559257610347,3.918238867690644,9.327022711136497,4.240764510368173,3.615659404438538,2.5121047234029654,0.28050420052109565,1.8254126983918209,1.682472084626268,10.393444254084757,4.631874260566453,2.4506797515124763,0.5786294320615439,8.168423459283765,1.4841649122391078,0.7590757020634709,0.9454609630054236,4.613707619541981,0.7596648363864149,0.6323822510512243,1.7402311575106886,2.103389626296037,2.8994663576036777,1.36395765566778,8.104138722821677,1.8782569737463821,7.349293392982035,0.5592153769009155,2.4265468860831847,1.182362829899707,1.5207929329202121,1.5538897751550653,0.1667057841550621,1.210061350463064,8.366887828900163,0.8579085334215537,3.0407757258231314,0.5922232731714878,2.1551463696138535,2.8773450625354835,2.274076711983506,1.988103282949798,3.2773740315044275,9.654267184368798,3.9846776578332097,1.2328152742828369,3.039236991489429,2.983499560616574,6.669368340548882,2.999097084008086,1.2231472870510913,1.1380487448809744,1.911991881842271,1.4912661432972762,1.8656609089103395,1.35543509163575,0.8326772403781671,1.671263849842008,5.219556023681043,0.24862320108521602,3.0231091633073657,4.075324175445993,2.1928699063454804,2.0124693862166922,1.7047615098507967,2.6840668606544433,0.8250333179577314,3.038035003800405,7.31929294173281,0.41645206520272116,1.2076227343610224,1.28146559807857,1.4410683769563963,1.3565012831294443,1.0234001736450353,1.048512764420015,3.9729109463758463,0.6280661756622208,1.902278178302316,3.2765018087230864,5.9079183168854845,0.6168311947759637,0.6911186504707194,1.0644859138717102,3.3229676771419876,4.086283357014551,3.779812473813889,1.3747326386782583,6.117198940041121,4.619336038098395,0.6186465535254504,5.058649894913561,1.08062530710659,0.8721475073878157,2.0349370037962364,1.8509752920538591,0.4627743872924849,0.7181612850669146,0.6668611945952856,1.8676197625229647,3.293686575914855,1.6504790719172946,1.7685733964302102,1.2075288253970204,0.7846438344771453,2.075205739249778,1.4412291902340137,0.4366112749336726,0.7903161046359996,3.916406392843001,0.30117961186238057,0.5110262554144377,3.4943086452125227,1.828842526018006,2.6887080691945147,1.143534622832642,1.7643125548232765,0.6471388791969749,0.544772702483654,5.3125811299883825,1.8832887170526595,2.3120947735754616,2.297835305803978,3.772942907748971,5.0014490405626155,1.9955775264484539,1.708033037269018,6.140896979982662,4.240355603025179,1.9607189500039266,3.4663627086503888,6.242536674047798,2.590344803044421,4.902632783843136,1.0855419113686902,0.6896870813384236,5.702189515479605,0.7001682509900422,1.1847548842028124,1.259091603390325,2.959524115902782,1.1437925435801168,2.9877270864516623,9.78094298476672,1.1390764292451845,0.21012018579314434,0.3806531717646283,1.7708144557750776,2.6515887646266174,4.6000799408212005,8.011296432930047,1.423940797451285,6.327579889850894,1.0094450595455655,1.2409980212261087,3.264046917245548,5.268933841868409,1.599581921107448,1.5731805572427686,0.9869966132566151,1.9938491850683013,1.9440657572155238,1.1407613394422431,6.674873334695003,4.237338022718547,0.17706113866259443,3.4018428817206288,0.9741119514895633,0.9796378499260697,4.996821302761639,2.107660812026993,6.163632777859906,2.598670542713503,2.9166677884626555,4.374605013108907,11.356762362554557,3.101676532671515,1.5940696606211977,12.591801592142666,1.138389911556164,3.8268272030426203,3.097024856316299,1.5793734413435345,13.092828092156049,2.2005488554170776,10.796033007804839,2.5933329010679103,0.8756632032316035,0.7208006396971918,0.6754362337330553,1.1273861224416588,2.640917189667126,4.219622704988514,11.030138578000289,2.716371126291725,3.90404218340823,0.9934167057490179,2.145599179540546,0.6220833912808964,4.09787465947155,1.5124969212894475,1.1716133084695173,0.9779860049988343,3.7988370137003757,2.1865593641059977,3.1406873820833905,2.0915075562220538,10.841475879535814,0.23205695594619555,4.789241718339761,1.5460937358714464,6.756488664790407,0.6428127249006378,7.406027410019959,1.3572620991619282,0.22144271387645376,2.6608620084343055,5.88036479755747,1.2572236141621256,2.0535834669187176,16.95678334227495,3.3018642613559397,1.3368781033187318,4.1873170097370025,3.4129323468081756,3.26610263172223,3.6773297498898723,4.6340111628864475,1.0838955680473037,0.6665810928839067,1.1458803088737186,0.9318970338538312,1.8245008302502992,3.9127108287770507,2.3535781341384827,0.5690157936039422,3.686092501517006,3.3941488227714913,1.8320086619836558,2.5739930445406296,5.023207447182402,9.201676748097363,0.5183133269458275,0.6989472285455569,3.3975157694311156,1.2896421067327613,1.7839410456814222,0.35567365666925066,1.9718122706275607,1.1211251590411753,3.8964624627292106,10.739880975428436,2.0198465277900937,8.762318745226871,2.906404293964409,2.6137938322368286,3.636670746436593,2.8247238191428927,0.8593434901669017,2.4470158769821007,1.5418761159647991,1.4448108550165806,1.847238956296852,9.561824006558323,1.1341019871482583,4.034875314583107,6.029377336376463,0.4770288551698153,1.3371852993469118,1.5363004182701019,3.757084013908082,3.2979114710225974,0.9444433007951876,0.8558282619177883,13.779262478011079,0.7790858370402232,3.6975346864189835,7.011542684243837,3.206900771552064,2.742288944843099,1.5675547220352208,3.7214932798981817,0.7781313478440263,1.698665353221598,3.2152540896764266,3.9523004738112206,4.036554765917367,3.7752256858099864,2.6409225958115243,6.5931892758670525,1.6773421581851664,3.8115939073526777,0.2256362361125233,0.5381717937254485,4.789786501564578,0.3379116819866499,0.3499582902285038,3.845964406068163,2.3626926660458234,6.09453478529808,0.4643174655624114,3.0260959537954246,1.041590628449133,1.7452296030761796,3.3764006757959684,6.460272950108682,2.160892651697621,3.056129750504231,0.7226817059715372,1.3466191335103592,2.7113326241030915,0.5208462970932729,2.6225108699401765,3.4973212240024822,0.6574362746978814,0.8678868490416445,4.91866014557947,3.1679771852956033,6.647720510084532,3.4465097858043183,1.5470051854582918,3.089543869168378,2.2626754444824946,1.7967681990875446,0.44106457795447135,1.4791430241833958,15.995758103049361,1.6318574283406784,1.0426573542159367,3.98106091666336,4.962183352882081,1.7705032369433655,0.6601768398423634,1.9128367821753722,5.207031388755057,3.862031006798438,1.7813571126002792,2.1622261278817008,1.4489527990759512,2.9651599872980636,2.833841709311058,2.5008654095963063,5.4792121607024145,2.8721971983656243,1.9407500893834144,2.4328269723165183,2.1297469373380884,3.0886776600906884,1.4272913876971893,3.5240866195430893,5.1175917612583675,1.0063018068182736,1.862215931258545,2.300531770537614,2.530770469618461,4.870019094810926,2.0480437942471346,3.156363134352545,6.895439187789801,1.0015861892227853,4.636765450552544,3.1722772444766703,3.8293332522180417,1.7915207858011126,4.618272464886635,5.915566776296711,1.4728618798296125,1.4530737455555511,2.593319118395285,1.4953370196573255,2.693103417164974,1.5260087387322496,3.8404305036350994,1.7865691779381143,6.323041716991722,4.267479292639676,6.565709744818846,3.6680797943161063,2.558550879684936,2.2795147126887665,1.4441130549908534,4.973422640129379,6.402947169278651,1.3838159984051777,1.1174362211603988,2.891819610928672,2.1878456028234816,3.6562794434048618,1.013168384256406,2.5256325627633203,5.2624790848801855,3.6590725469351093,4.457967586218068,3.7855345602985926,0.7203717956162622,10.126825548976164,8.975814192362524,1.6883326365770097,4.253138069737457,1.234028342984077,2.6846637089206533,3.7993094097840436,1.7072181045068602,1.5033525949511153,1.5365963819331823,3.355655259552914,2.747892470737906,2.2551393432397666,8.641335780559874,2.636818440429356,1.1036863162588562,3.5646909773249242,1.7566155212702323,3.128486213797694,1.8382882537129959,2.867869657083663,1.6049661921981802,2.17743046205407,1.9015043902513553,3.8689877913104387,1.3910742052421314,1.4512801570357146,3.34722994701909,2.8631099035347662,0.24297827928988208,1.1375312017577495,8.200660381395215,1.1233895358427077,4.897565592349405,2.3064557934545844,0.8454813125576824,1.6779374757602576,0.45516421201775487,1.3280534234027728,1.1921930085700918,2.6676206309627633,10.094961871968762,5.386360265788227,2.8027798278063485,1.7260523848547005,1.4552663390347604,2.9263701434413205,3.6118339009451046,2.3692344923142294,1.8327065831802543,10.196126251655446,0.26194993434583214,2.0736573059409675,0.4835032493924337,0.6893705900516074,6.32727301131797,6.185910159286432,1.5954130391628858,4.100689840956308,7.223344525694982,2.6109941499736347,6.054629228041764,2.5859128627555865,0.7857093629628731,7.0767764428537205,0.3741225739659859,2.260387280390187,0.42446364637187184,2.732283843098445,5.019288011473775,5.732443021476479,3.312512462008381,6.7969845541115514,0.954019793087701,0.819417299855782,3.0428801625340456,1.296184923131882,3.312307557141511,4.983830749773546,5.955775060028604,0.6413330365870615,0.9024660535835994,1.3203654275050538,1.1569195475950311,2.1945981386067466,1.7829269844954339,5.23352835255578,0.3850827015735836,1.7513657631439186,0.3928567014368396,0.8928878252943823,6.600337643361519,0.8963444434165626,5.1862372160851855,5.197427297176596,2.865630295860656,1.0830816355948891,3.7344509667414076,4.312733595540695,1.75577103600191,2.2512300377746675,1.0128766078918154,4.208071958108373,0.7217401913893402,1.4334632187075538,2.6860573633801708,3.410897582220803,1.4781939312784371,7.143694546387126,2.8344354432768153,1.2833591288312882,3.8177328256671648,1.5688485274941866,1.0619859060405896,9.195241563245345,2.0914498752222754,0.6100270133178757,1.29758928290687,3.834104339401006,2.3868733421521875,1.4428936597509179,1.9430460394297993,2.1483371380513945,1.5490755787483548,1.49257863340881,1.5205241105336647,4.135144931921216,3.255784146294725,2.3405341730870837,3.5244259979906887,3.929705200844124,0.5679497772729838,2.172734893852478,0.4751178372063134,9.91150388309559,3.195819485964666,0.8716830267127036,1.8852680117729186,1.0850574837603473,1.0230861529280888,3.4599014438580102,1.0668090560638632,0.9028046751511196,1.2408260173494448,2.3444535995674927,3.3939139970043386,3.4457836203083967,2.5034294034208067,0.18028481106515715,1.5677731289962336,2.3401430935272174,0.25858358020116734,1.8972134819241937,0.447222363461417,0.6715947040844625,0.978364000932718,1.3228889686667524,2.9965200561998033,1.2915211025779136,6.028643710640421,3.889876509309188,6.640933843633076,1.6753698248588642,0.5052596053783907,5.996824477741678,4.678717621863822,0.831813723046916,2.7219577621267086,1.2242633371543201,2.366388388458353,1.5569025276179727,3.989177950416648,5.662315501041079,0.8039919600928825,4.5375079676067696,1.5463995799547932,3.639872055448472,3.2317358234864364,0.6932612391922768,0.5553151607943592,3.7479869912635446,0.41838886719292057,8.668409437619921,2.5296701296801394,1.87580511795823,2.047201341530323,18.329831552706,7.036202326027093,6.627176066395019,1.8426359748638528,1.7673906524055596,0.9249822363761955,2.3923000216389765,0.2432155534116534,2.8434718919280066,2.0758383801627858,7.395355188201282,3.4841230739590907,2.9909853216793274,1.3158536627418607,0.33223649952743795,2.984380387202489,4.015943794218726,2.309015484899984,10.51567850751673,8.453914490213247,3.7564767994575528,6.6837185892287,3.1772704956952955,1.0183578640292057,2.6518916106518833,9.725255572440998,1.193167265126847,4.526621937074235,1.343033239699274,0.35396124691932185,1.3435856192848425,1.7029434689886382,2.23429639150225,9.687037808907078,5.6126354436701495,8.34504144075338,8.215386473941196,0.6921183504495962,1.9829286496489784,4.159229434854964,1.344965661059759,3.1960099911791007,10.316622564152594,3.535317075724472,6.180066717127736,7.820835330606117,4.344328837367199,0.9985273176207516,3.6584863953519866,4.450605355879112,3.579806275478475,4.188856442446369,2.1326245360644362,2.412179557346189,4.5873959859715585,3.4119251188839566,0.33253481891805636,2.4073764715145387,6.993963523759502,11.168905618649479,2.6992535598905745,2.225753948343474,4.899169160496199,2.016000709851985,3.404756942161865,1.925108629378983,2.3054913405377446,1.5775890250981761,1.499040792342219,1.7456678034939135,6.791196790636096,4.714383366949628,2.0713065564984494,1.9626254085400663,1.5347917665737507,2.291439843707894,1.4743589279348375,1.3055210000927524,4.581075670510525,1.9554605306615878,0.7280710596649979,4.5661433914015515,5.207256793608299,0.452022441586044,2.273867261010993,1.4077973779997686,0.802558633136366,3.270042273215127,1.2082693197523102,4.294876125944653,6.603298654268434,1.157157416917962,1.2894002666670943,1.6590905555299083,1.1922313077220823,3.8663050018333855,5.501298437775836,1.5283476926086816,4.211644226060527,8.523925636865968,7.930389703475452,2.233071388317452,1.4730922191727176,5.113672649001205,1.50776508884999,0.36141019407297337,1.0241834139495625,2.367823028215287,1.4204060125529816,0.8185082729590982,2.202672049505152,2.9528913313179403,3.0965750213106418,5.349080676356421,1.5321288393581973,1.1129294762966342,2.712991537308662,7.717079874476283,4.868667483522904,4.110788763771868,2.0975818354169324,4.109040386987288,1.5303549992255208,1.7226019044948964,6.638251779504056,1.4437444710255471,1.3345271499724871,1.2423096506237963,3.4112474875982572,2.548772489296788,0.4539050696299585,2.115285303248307,3.602903193923921,1.4811788560453245,0.8816750409056473,2.9273989692449702,3.21274430965554,4.468315145247727,6.482545753299201,1.165662818638217,1.6576556756797258,0.7434052950064062,4.03968748915974,1.2994846526457458,5.043244595125592,3.8308844041145673,4.342313161846394,2.9456222732176416,0.5280210715897719,5.631415726010923,0.4805602793694501,1.0000739601884012,3.730549109992488,1.7652426617706078,0.34371643824462284,9.92497548148162,0.5549208671832309,2.1769870226511476,2.4909893041855025,5.984900476054606,3.900500050346689,7.402586815830341,2.6239986877376174,2.597127153538883,4.096691843668459,1.304770716561345,1.6274287223856851,5.038299403678939,7.143320332462399,3.333886750705827,3.4204680136200363,0.4521554455400542,2.1621014112408528,6.338057834154691,7.434440878103262,0.770125745913659,3.2641832540949447,5.072247097279541,2.1114132776894023,2.5630392530632973,2.3453117191123973,0.5004258934426165,1.3037834869003861,2.0561251461176515,0.96680953034966,2.4150545960183796,1.0604934791882872,1.8231942558799752,2.1002936916200303,1.4317879939440266,0.5831801095631111,3.0994762554500643,0.5801824873759864,6.9315131436085355,3.1884942208259766,4.773281545363147,3.002114473425735,3.9280660472447115,2.6481675420861364,2.9920665898161105,4.586751395796562,10.86323995555455,1.5235528775286116,1.1669844102292,1.3132875722836035,3.3664101821666823,0.12873735128292685,0.21226884468834964,1.7232914119138911,1.458437003018421,2.1584636355042637,5.096937278073858,1.4014663439824493,2.9230625691987333,1.6949391275104524,1.0073803047800258,6.818858488537416,5.208874488092681,7.653914878870971,2.193793412639775,1.040214246205494,2.387366177145043,1.4614491620315084,5.219461010691211,3.5929170922330913,1.4542082043967983,0.3594931784815699,0.4666848816001445,1.6741558756853634,1.2805152438171004,0.5612286989195743,2.960125526759428,3.28577916401542,3.714389327403604,7.662850292789102,2.947306561462187,1.5706044982773737,3.227815254441466,0.6263370157499141,8.300282975415211,1.674086935122873,3.5399579188839008,5.679129337753139,4.318093353950195,2.148584864473198,2.2554443667308677,4.683778865051439,1.980048085823868,1.4702566156858914,1.1224740773012853,3.0423235018179304,2.739915430832615,1.0839688847119253,4.075386993243441,0.8809014272333452,2.861402249933372,1.0971509944688644,0.39100462086032217,3.232742698330521,6.144524786228631,0.3987877895277533,1.6644692713220848,2.0347082416923006,0.9570072235535263,1.1936938765813558,1.1782326016995532,5.047073319493354,3.775310696778362,2.6544193570661876,1.099391966802829,0.32369044261218344,2.10296067696694,9.441522849434591,0.6345936601321115,1.6776390957871563,1.197093142940345,9.281185630561739,7.391883251267527,4.649218911785801,1.5003046702473137,1.9669458429431865,3.305841642420009,0.942306474873485,4.649614867873741,1.9472698281145926,1.6705680629523247,0.5557321692699988,5.90049634271634,3.4223928737545624,2.201897785449984,0.48752538277395724,1.4478699795838272,2.205749197768696,10.386762995740984,4.576451678773182,3.8595436116193094,1.173477963237715,5.244754878886559,2.099270128558595,0.4353764496157252,0.19881441810202752,3.2726669304560776,3.3330740492379762,1.747390570502377,1.8391334288852847,3.3213926587195703,5.258487281646248,2.0204218150206037,0.7881268470811844,6.226069885154468,2.9470809667528637,1.0377808403854092,2.115731393470069,3.129815164489818,3.174520012688371,3.2116806400468274,3.0216687173294874,1.8856949202331927,1.660992256190654,3.6063562316804254,1.8269560079505314,2.117283966754643,2.4337044174945506,3.131150165899049,2.8714029986345095,2.2375645175007977,0.7441730511313924,2.476753447650702,0.5311749114814016,1.497434681629834,0.6258630171883968,2.01237040750579,1.0744526333978903,3.7713888037167167,4.669363159920116,5.707933740132531,1.8310583624166248,0.25676834609000543,1.080906684263446,3.057368368913634,5.130588416661603,0.8063401734154976,3.710724421596515,1.7140657447238028,2.039196611071711,12.964560231784386,0.9275522482049061,1.5374744966975775,3.077507544653426,1.8305309526616989,5.04067261468134,2.54977443075882,1.3490674101572306,1.4597089373515142,0.9908999428543315,4.339431168135189,0.7410720594192757,2.371456920141068,4.912654157199849,3.1132992210324604,3.6341311163556362,4.655523808354301,3.4845884341707527,1.5981009875057601,19.677234574771973,6.315985908062884,0.7733016219105768,3.762827030704952,0.27302871158471,5.2702734105500575,1.5611724328949088,1.5286288695098642,1.125747928305236,4.687145668294257,3.0826194646125207,2.342254704843383,3.9981330985584562,3.1230317514375545,2.1943330179514193,3.578305923585556,2.0732759807944126,2.9781148094098846,0.8750973063779289,6.051882533851502,3.0267276782838035,2.4338894618899976,1.5357559409125665,1.8868871996275862,1.5921196902964707,0.4738018940254306,1.7802632233187312,2.1482205398975998,1.808622121212098,8.538882581345227,2.397417526647477,2.6105719049236793,3.53155725682731,1.2026464486961264,1.4953738056466768,3.595588263570587,1.0333696681911189,2.2572389788391494,0.5323547531555861,1.4323689306027092,1.9491598210475,1.2109003429999836,2.4212153044564237,2.231163807939715,3.0363333165147885,4.721142136913975,0.555548327079016,1.5310739894508825,1.7920693976289386,2.529194197093351,1.3753761053324167,3.0768414799210895,3.4408921194160476,0.9887831983291816,0.8996263098407001,1.7111781541173499,4.467655879353357,1.4808431196654903,1.2620031067465962,5.115109420059394,4.715207370089616,0.7895453376235785,3.158627336424176,0.35690265015883843,0.9344452075867258,3.7897729985337163,5.690817412219703,0.69321625311329,3.7932938919282853,1.0224331791637356,0.46548942984456665,1.9243095770861394,1.3932683760043068,5.43980006026062,1.0585756645512077,0.8417282459960578,2.2356903487478137,10.033248390200542,1.236256826146705,1.6635675770298548,1.673530099352085,1.7133671053421216,2.9410386075769215,0.8509001658674215,1.6953411163259344,8.837616413027284,1.6062106720930056,4.476033316689494,2.7983886357134082,3.0180202713972117,1.10595278391133,2.9453757053231486,0.9087892941748474,3.439270352130307,7.345679922350357,1.7032098056785139,1.134608315554708,2.3470878919650193,0.19040320123958399,12.364008345161228,1.5315286244027724,1.7419492141615294,0.7741475908684913,1.1473347265763494,11.3241085167108,1.482285217063545,4.360090951268647,1.4323622830825082,0.39563562807894026,1.5160776029686718,2.319942766441313,3.135560231198388,1.8422025024753275,4.3779902178617816,7.2655033688475195,4.408500955431549,1.2135960502243828,0.5889586005684646,2.0267828593178563,8.07869348798764,2.027294977328756,7.597259879129789,1.104116274632703,0.8765029661893087,1.9007237435779336,0.3489984317283598,1.2404918929754989,1.7200498228202883,3.2518539804216138,1.270608886465018,0.8537634631998511,6.248585120783358,1.4495475208255468,0.885531510750045,2.397688751903759,0.7012438165160466,3.757149387173769,4.324482275913805,4.080535332562801,0.9007456107769432,1.3714406939522839,1.6882453479236115,3.766860931410402,2.3921086324222047,2.6056694997675667,11.625628001079756,9.21418670210318,0.8694091462850773,0.9451307720386074,3.207627953649861,0.18778472639956315,2.404389983734836,3.3877443058688477,3.3733744634395197,2.7211010735806007,0.990151793264083,1.111310447526599,2.3843378238161943,1.012381752152013,0.6137101607912213,1.42195916047946,0.47229768833968766,0.6539931019968912,1.7916546973440404,1.328845869320161,4.369495660885111,0.7212658603614851,5.476143174879774,1.6066225490869661,3.459719084179557,2.769306325650218,5.631093618534727,8.95781096435413,2.8985371978498127,4.52163781046885,0.6626580151478638,1.4162227953280815,2.3814767948754616,3.7899095640128366,2.5441594542568056,3.2824103436770273,4.488751807024765,0.9698061649065843,3.7662116475367204,1.8764234849776167,6.652240069443798,5.865789000059751,0.6748511421124882,6.039483206890208,2.036405315565462,1.4635042290522833,1.0357462039491854,2.0372657354100494,0.9014653123049848,6.435931209161036,5.552024482600442,1.0729295363035352,2.737968371087697,1.697149267044675,2.5220679452498054,2.747804597609608,1.4448275338187133,1.2239629117334752,1.0060108256314086,2.1228128987914383,2.7543040034239317,0.5658620763280869,3.2722485942331883,4.31496489426965,0.9282947757183885,3.036979978067337,1.5034118367896796,3.042255553551577,2.7404437084078754,2.9225548660801626,0.6756714022570772,1.5906481849883227,3.1258028237058166,1.3731435231241285,1.656399930728249,3.0993133061415747,0.42473997654853984,1.0212829616247954,1.4843273353588735,1.3249224150329995,0.8181865767281219,3.0513805051070135,0.8507292288389725,0.9419835224347427,5.121509751620558,0.33693110474649035,2.389893670772551,1.187082366757498,4.8763986927189515,1.0102241953731876,0.3183745456763246,2.694232298909016,5.535419967688438,3.6535833810374228,1.383940731530544,2.685930044840883,1.3526802363023407,0.7362069923000274,3.473525503218688,2.002041776831193,3.4796791469405237,4.067735906695851,0.51502542813123,4.907695996276228,8.714454733944168,5.14297602806023,1.6906516001481022,1.7700677545665648,5.194053122318922,0.9915002552266284,3.4677736997155835,8.571245314307076,2.1701091136565416,0.762237274725368,0.8965989873355389,2.662816485449591,4.764272234709932,8.089287366088914,3.916111113662554,0.20537397319543835,4.251894705235151,6.429565129839053,2.8945346166630848,0.9670974502745433,6.32759303504479,4.161190576761795,4.231374042011496,3.188565676791253,3.4803285310934595,0.9151719857686248,3.202522163486929,0.28780494796650286,1.9525181641212899,0.7049635661320393,1.6830989305234803,2.509610670103126,2.360301920401904,5.413586957419818,1.6616137588844406,3.6019976720675695,2.678934606751278,1.201363543253335,3.4076282560047293,5.644818021995209,1.3943729209595672,8.173217247056533,1.5263476285542148,2.0469351264003643,7.293013963806935,3.4497491244739598,0.7997269296473678,2.8678048990678917,0.45581384800632646,3.9759887088955552,7.135678990784959,3.1159705259752823,2.150887141331604,1.1029050593020835,0.5603089402620264,2.604269341955162,3.583019424910231,1.0652535862063401,1.5528059497514262,5.382893251495682,6.984765376109567,0.6413793658438719,5.560782246736943,3.0172284395752516,1.6187943952416448,4.194527587805603,5.098489409156624,2.066780565149653,0.4753099754421626,2.5850250742961256,2.746485025092116,1.573942530620976,1.100720782709963,2.9663869468606423,0.4812347308548673,2.4154596130457113,5.314840081766913,4.308108160308835,5.698822735477746,1.3828834711858622,5.289917222000703,4.603849237867958,2.0195430969735186,0.8863323321294034,1.557270752306184,0.8506737400352621,4.438829720694985,2.1702089983644606,3.722044128818957,0.5367281671343811,1.4759260021130418,1.344098030595916,0.5065592614612071,0.9218452144379726,2.763471081274912,14.256978511998254,3.8377163466867783,2.1986625476229826,4.33674119343335,2.987973755144048,4.777573568439163,1.922009960614756,0.690621312189252,4.650686863299266,3.3620290107049224,9.370187067482858,0.5942613920444351,4.1482120796752096,1.5115705296127304,1.3616537820784627,2.1100574413328426,6.741405292578581,1.6599889598733313,1.9981451002254418,4.206506731511862,2.9675415849324853,1.350795992689158,1.7177625291352454,0.4138731455185839,0.5859348446441731,1.9285272463290124,1.6187443172020215,1.25960114550116,1.2138114966308318,1.5309655703330418,0.9261651808692716,2.663382618041315,9.891653925216408,3.266419524384297,2.0833931453262773,2.0324004711284425,7.668117848311903,1.0679132665449527,3.9503285446696363,6.489512240256272,1.2020505500807608,2.356883957908703,1.1795757529955173,8.360549801885972,2.328728133080133,3.882746184023695,5.742111292711657,0.6210140386402541,8.156299020455911,0.41017843220999906,0.8392949206035686,1.3178552028310107,1.1329743609873564,4.812028276684272,1.641542080512195,0.604475967349621,0.7588185616898424,2.1016382060994925,1.1975295031464568,0.47235328895337514,1.7103937830718574,2.5669744451844636,2.5877234113968264,5.998212615819465,2.189429642265547,5.785282878273466,0.5990888895448085,5.7194317457596595,0.8818442528491435,0.31024675149051184,6.506078978571436,1.1732796561591061,4.303499039538875,1.3292705874896222,7.192078217858167,1.661493006006604,2.9444103190850006,9.264735273415107,1.2568455784985286,7.8313392354463645,0.6655320868736967,5.609818991263934,5.113278620354974,4.679980688626258,6.499265482303942,9.462121832243342,3.2245039526435617,2.117249612062842,5.751794932035297,0.8293565772049938,0.5969719951980914,2.1760637029781495,1.8009941449870255,2.6426788302138675,3.2027662393424228,2.709079407087273,0.867143820347313,4.043935504355913,3.8305160043590933,1.1130837383821284,3.4691650214963783,2.758142572728922,2.131701176870052,1.4648997462375677,0.6917577619920716,1.952544496078559,1.3901400422728285,1.020441483124971,1.1402030598134782,2.8979600270984207,1.7095739616534757,1.3111347987642534,1.666095092622129,1.9472222032521198,3.4162608966030463,1.154401786716846,0.6740644107269588,1.2187569251655874,1.1985016876526071,1.7435038378866365,1.4379604501670824,1.1506804024025628,10.11614025002486,1.3401785261238726,3.477671987833477,2.3212568674904754,0.6060919449567941,3.065020984488771,1.3555162135113845,2.850207018424082,0.6258797564328391,0.6166922122212997,0.5893124052475313,1.7764310880330272,2.5041430605737762,1.298653947197605,6.018121721544521,3.153589791206317,1.4482883894970267,16.247588121214346,7.155832109050741,2.908873356389672,0.989142473011208,3.172232030754289,4.262654429369585,6.9569942470707,1.845434373153402,5.077163433745397,0.9387983234193773,5.042258572136507,1.150487898424629,3.59855200737236,2.7937197980329493,1.179730552008016,4.086914982236932,4.027844783796008,2.7484551155199264,0.7948334696924104,1.891426999289789,5.2124108618909055,0.6144582739674898,2.0546468469577515,3.0933617704787606,1.5089828060624146,0.6637472316953281,0.34904267842924797,0.6198148369164004,3.5595109710606154,6.543426027169303,1.658638208611046,1.0761284046326964,9.000381066977946,2.3740562987054297,1.8899311132464842,1.3342423813815514,1.4674005009150408,4.923432315983376,6.636871529217357,2.750973941618124,3.1063447894542593,7.241332361979454,1.2263737397960341,0.7218001786189394,1.6487135032885645,1.75483127956751,1.9762721810947879,4.862761329045995,0.5592731218613458,5.211020501634146,1.4679209053207511,1.0285442748279139,1.7258236877706405,0.5948995026177448,1.349259085185007,2.007561087428213,2.17188539676546,1.6659554107149017,0.9906019967317294,3.242684871366964,0.33600885043103595,1.1100508262237265,1.1168796131650867,3.0308842043608712,4.90523735075588,2.867221728913362,3.003068035269948,6.755872933800971,0.8304805041395231,3.051937542630787,1.8012968085654655,4.211401719891157,1.532980714357294,1.6618521229857883,2.812873478570883,0.4885651746929015,4.109096166515015,2.627824210442303,4.3070051915419185,1.1898926764832294,5.229884626316871,3.4616210036564823,3.7019949691034273,4.157545564724456,9.14732262316797,0.826833840803618,3.1009315338458863,3.2752197069490583,4.739633972359859,5.612892366014353,2.484615243713479,2.4730572843362224,1.3526087617262257,3.075423553389713,0.7458018711607045,0.22756973377228382,1.9844107490980893,1.319215467152012,1.286551359530399,4.480314900290836,1.9251577691552682,3.0506234533313643,2.4484260342446436,0.29122600560430284,1.1733568851241278,1.4738720594997827,1.6698831265636997,1.3989914661055431,1.183446816266948,8.71506996730488,5.0684324077549086,0.8971908881444998,1.195398253518423,1.6431457971881804,8.001291465099833,1.655778099338918,5.437704616115576,1.8478419237945598,9.673223858609347,6.1079877764623,0.6043872272340928,3.2657388805557845,1.25710483246162,3.6394118420752264,0.9720300366226232,7.170957958726731,1.466764309649679,3.6285041809553804,6.8394845964390125,1.3043006253454594,0.9359363331028702,2.2215119770839857,2.810364255055699,2.056492499060468,8.59465977995696,3.1160807114195617,0.8536573943790909,4.505393655039443,0.9639756211530435,1.2278472574380415,3.5457848865473394,0.744505210162638,3.718195654050123,1.8563665284905784,3.517616046248552,1.360528028874875,0.8382470939450911,0.318471853950561,0.5829534699908916,1.9615088968891614,0.6658162933236811,3.496867888555358,3.692552576174764,1.5326947781073483,0.8805894194712365,3.9626325915884926,0.5603973815894967,3.2146133235647105,4.244478220469589,2.5951149226147456,1.2057335167629355,5.600101560755671,1.6179797102280287,3.1198188375519007,3.6610835004873663,0.6395610190283447,1.6975944742101041,1.3934168899497439,7.36283364199045,3.610561268384324,5.885977658807397,4.621814479666123,4.9617647047617375,6.242921468126572,1.1401773697650954,2.8965013370136865,1.2147284730790116,4.455143909294227,1.57236387258558,3.4961500629959033,2.442519251219686,2.4236549608829874,5.8752703321172435,0.8032038288189511,0.8544606405226841,5.107515374037343,1.0822526511452284,9.632970941692971,5.4671514573255235,5.075280414499563,0.5333647956451966,0.7631770195183512,0.714870843739763,4.8476331485602335,1.3724633168198574,8.015361561127209,3.659002581801853,2.230385940495261,2.213002111599016,1.3410459211554304,2.8057945341419224,1.8279321835924116,0.4681427596116009,2.429661017027851,2.329054744087008,2.433326770391845,2.510122066678863,2.8933445995602947,3.6825702710536086,5.131234877781245,2.1853539863941522,1.710149139697311,9.569803879321285,0.8444358663876005,1.7347247834731925,0.6646617866117769,0.8313122719520177,1.5484980717181451,0.8242710571852687,0.31632963253786733,1.6052450616799852,1.4339911981909572,0.8404398630889199,7.142984887856943,2.4783754120967902,2.4105822598738436,8.993221675531805,1.9087863195765151,3.038860050914296,0.8822552788521509,6.233648247889718,2.289500753024111,2.9598999893812983,1.9268991619040234,1.7343451995758599,1.1084040470188157,1.241561932914034,3.9723691658850795,1.3422794439863002,2.326295680665942,2.9511722586002054,5.6756105732289095,0.5907401105765302,1.8721875718849006,5.049772353453649,6.418215693588602,3.7953002314253284,5.368094928229284,1.4646092986163035,2.754588975435262,4.010442448390478,2.795079664720867,3.5342835402140436,2.9606319448245983,2.0706598284260798,3.7807319383025617,4.062651326275534,3.005033240236968,0.30389178385011795,0.9960482684254879,6.3540418298018375,3.260776629963466,7.7327885160351135,16.400073817348623,10.424873630546141,4.116657421348596,4.738596134209232,1.2085197947190942,1.5910847890501423,1.1608778107143878,1.3048299189866301,3.6791673290866767,2.764678166612599,0.5993143598877855,4.490092312836286,5.833850170011921,0.9699209583660222,2.8642747066067544,0.9723156215363302,5.247865111586853,2.3896682034857064,1.6696743347332907,4.2502080742658706,3.309754147240336,0.8162177609728694,6.83880755318877,5.6278429434192745,1.9123836210141754,1.0546462135209316,4.002048651993453,1.1567605523495685,0.38574607722036963,3.526231832219674,2.745756049371677,0.5107861076691528,0.9257114723027104,5.768546528324505,0.9830471333721744,4.337680461077899,2.538392829526477,0.939724994076382,5.709771176919396,2.4150850239473574,3.3201521353042494,2.5327054971780245,3.5686515010386306,1.2356111600444444,15.599509222884144,4.128789072487313,1.3634711826823347,1.9713721850787564,10.774408411983964,2.2226030817290976,0.884998424033399,4.234584230576259,3.005163622919164,6.412570023121122,1.8832165849792535,3.918599652915205,8.986585412666345,2.3683749119644366,1.3468224000526154,2.072265915764105,0.8047410556458611,6.543014128669102,3.8793030622694773,0.5241930076725871,0.39333313740555675,1.540836559113794,3.0616275690756773,6.245584198052039,0.27197004935544233,0.6365849474575156,1.9017713317262301,2.3165419945089796,3.6898626508520844,3.2103476629711567,0.42320259433222285,1.096654939942067,4.87388365167561,2.957129778889625,1.7778836469593622,2.202943299659791,3.099961294540721,2.087463585847477,2.598351198834311,5.070843271404594,2.193761037343523,2.7788954287793275,2.9924160627856566,3.4597346211209126,1.9258239377813424,0.19993647186364263,3.9301616275690816,2.5962520671118243,2.067122607082967,8.047992826297293,2.025126570311029,1.4272883942286805,7.072203331519111,6.0682856193925385,1.5381730871919237,2.8077289577799496,4.1244516801674145,1.5281804547994775,0.5940058610990058,1.05393809208887,7.361721132186582,2.3439492313156016,1.3919268198027128,3.324751726298026,2.9354356131926753,0.6360770176283657,2.459387968767126,1.3741352086975958,2.3253266988873262,0.6780130469791595,11.053519867223331,1.5327372398600483,2.2296288139633442,8.973917706462858,1.6608388510063754,4.101149002823343,0.5734346271668637,1.8166428819988012,2.0359640196678592,2.936603004990857,7.206335956599672,2.4697478956405488,2.5370249102750817,0.7494364697856899,2.3261962336288793,1.1164090004083718,5.914941967991841,9.30017920877351,0.6458140234727445,2.015046856307364,5.647526356484412,7.70220071800692,1.6621502394434173,7.419209833558946,2.028287827335906,1.8182935289441315,1.5547091148641774,6.692592732224197,1.0191317211211497,1.8682802679012256,2.8589786307183624,1.9160911630185358,2.4303718823745997,2.7643887431593326,3.961524602386525,1.2097416588467222,2.4401711351209414,15.750339634335553,0.7584963537526789,2.492005628517959,4.139900807718894,3.4848326442735793,9.341104403112343,0.607099937538019,3.9577673940272913,7.112561686589757,2.1564866036667016,8.441591479320266,6.032451073580024,1.3387114335954888,10.685173309319003,4.938310530550469,0.35497364981767643,5.583368410230718,1.8564853365478666,9.140965563096414,5.782173410998857,0.4948130736828156,1.0212287156125701,3.3654254616821535,3.419324650687104,5.0906834741851315,2.0644402014352217,1.5907886290408744,1.139809790326409,4.315647484387709,3.1698708461043053,2.5886574179426596,0.46428670392385285,1.3710605046974738,3.625911840584843,14.548135750250045,2.9918108190034176,4.663503313549785,0.33962547973777485,1.2591338296131376,1.201323742492619,1.4825351752988587,2.433342597814627,3.3011830567467237,2.1380850759929158,4.770411073661976,1.9144044376398786,0.6413445406354479,0.927219763734719,4.947149037098281,0.586239965276206,5.49664852450722,5.047758247312076,1.0204918543292107,10.616453820866461,0.40513794863300756,9.790830505925234,2.901741678863396,3.786848867307531,14.545720312240919,0.9795915695490964,6.896897705447559,10.560969500087287,1.872797833980288,1.6855970673755232,1.2092448978462127,0.5470009437263161,6.639420648397965,2.8321809572843355,3.8541770182653354,2.1469539108692834,10.838864056128946,4.6089452077751245,2.946694899317949,2.9827966013155653,1.3512209629919663,0.8979659221141655,3.622807037550511,0.6786269636689927,3.9751517046459948,2.7460491091032453,1.296391395090543,3.634701055364618,3.879155220650531,1.0234890855044518,0.2944692702970649,1.1557947214807565,1.3095843251114694,5.433013412573281,3.322372522635469,3.701623066215644,0.9418351826707754,3.263601135732646,13.798368378018935,1.3017087201577988,2.2205863211358983,3.935075293590209,1.9016429973018314,2.260882761316614,2.1320653607849502,1.5152314709229653,4.0216849111554565,5.012988730593106,0.9817164858532482,5.400038169299297,2.8957404136789413,7.221442650806033,3.009270383020355,1.0751442958228865,4.799969145839604,3.207370662663393,0.9354767408275948,4.917314927203429,1.4111915795733285,1.3979482931303537,0.7159373423738702,5.040140381712352,0.5677930206600907,0.8094704459541563,10.746943018522035,1.3543961277876408,2.05566105044095,2.1635416920437103,1.7380003677332467,3.0868469843468294,4.538060485448146,8.018076378938852,2.9993523067623924,1.2241201291742647,1.8202264366120782,2.428961082197722,1.41609735053588,4.922173962830053,5.87753627852547,1.137060137601002,1.3422247905583446,1.6243476177848963,1.6280900062290011,2.6286571988248553,2.136174600818807,1.5218972264531758,2.081346111137907,0.6873130322853739,0.4641024439266451,5.7777340113844815,2.126158400924475,0.2619454164454305,4.6005335909913905,2.486917358351012,1.4601634953466427,0.6867670784826024,0.9299432504136451,4.317457191736519,1.9127770913315423,10.106737467070829,0.3389688907841879,2.4302162045527647,7.348823560459785,0.5916132705701836,2.0884056255010055,6.871247872121514,1.7558267231107607,3.6069901564888,3.1185491196698782,3.80353924851749,1.7772824324820893,2.6094974023719906,3.6548072716210585,5.808029203942464,5.4630488259661805,8.212693517945366,17.3133771572283,2.6570600361820222,4.46080872095104,1.054385369711159,0.8069083158373307,2.8381564412982976,2.8723044546155063,2.4287534887299613,4.2358770647995145,4.443243222253186,0.6097490472663198,6.808364775328644,1.079967208496324,1.2442585384297966,1.479405639009826,2.306441553066971,3.039333279967265,4.173070519108016,1.814474071785637,3.7450075585380285,3.711248507235137,2.943825242126841,3.309825224569072,3.314462536918017,0.6802070729386778,6.5277360971278435,1.4084150934910313,1.0275377479197503,0.7254513463069636,8.83271831589371,2.6020978145709552,3.1207440573179883,9.400457002775646,3.6089013923007567,9.432711641418814,0.4607837386408261,0.332423832337147,0.5495293948912536,4.659072182066248,10.67460113574656,2.4494145877953835,2.994672901660037,4.021564768541404,2.9593806450130753,3.3287923878119985,0.513688285275117,0.47576594861516464,1.744159454917817,0.7874154374849074,5.14918343296984,3.2561226207824463,1.7487879810505584,0.45677500532266524,1.8769518831206844,1.2194601746003317,3.5946877274464986,4.508105147254526,3.7369587707329126,5.706134517133917,8.015231473286335,1.1519622545643544,15.158914011984217,2.665283234972045,8.011052670732926,0.7796758919182201,0.5959046211538672,1.0353693863343212,5.620424943965379,3.9273823007045743,0.6737522934508071,0.8254761663475356,1.9083962591068069,2.6438800329069636,9.151516037371385,6.9474087617954785,0.47306364045679006,0.7318103014408238,1.424139083452853,2.6693454799321,5.009677454039986,3.435546569677862,1.4536729922519305,1.2463651156467521,4.406094675577498,1.352507592592143,2.083918591235964,1.4322019613523813,3.7901147498549683,1.0145829461309035,2.5769560652942625,2.640831030409929,4.353619770449842,2.9292030577192456,0.6731825111316988,2.3658574106073944,6.52583891203959,0.5241135227651101,2.3811254472552275,2.5321970810054286,1.1858161683526744,1.1848211631615326,3.2467052286435654,0.35904465170680777,3.448605729177213,14.43410027013533,1.3274200921497745,2.4226208637335276,0.2302694338602818,1.462388409341871,6.543808345503829,4.226708838761158,4.0137782133797515,0.5443920501900552,2.207545138978386,0.5206786903381991,2.397340728623253,0.7903817414534168,3.3994736492355324,0.5412011175600087,1.4053334944703209,0.23772612774747381,4.524794785367713,3.6197026469483307,2.1191071019526064,3.9903659954805404,0.7981380700453077,1.0608811627620782,10.98564910167736,1.6775606150521791,3.358443443093679,9.944997772238624,7.1056019014410055,6.92052714897438,4.973296839842973,2.922027544835935,2.8203995962660864,0.9666975755281726,4.9574196401158375,0.5756773115775646,4.061531286167283,5.5735202812219455,1.4936581587595608,2.3798650373287757,2.5725115724655416,1.8854373074663644,1.199778460844812,2.108169112573679,3.9955423451171685,3.6116284876315183,2.8578450889545417,0.3827929732368546,0.7025701064436506,0.3338875251880504,6.1465657360636685,2.5022269706317886,4.112543210604924,9.337644843160248,9.554787813856805,0.7971745253765808,1.8251502407096312,3.023663263828454,0.8481506632435567,3.2775810165678423,1.1701762639336843,0.38333122660621816,2.088111481393402,3.1783843113363854,2.8486080277116193,4.0000116018232585,3.5943778687815517,0.847617743566284,1.1383148766697866,1.4426261040069601,0.5611474488915567,0.7487636645399435,3.297684313735868,5.277994658888493,3.1806872002593747,3.857968439295593,0.2579056780258836,3.025163897762477,4.603571197880549,6.223683125135079,2.519680724806479,0.5914843615690007,4.809629546228137,1.1721261464663784,4.656213922457823,3.201990988552568,5.203711956155894,1.114778401472337,3.923611490857958,1.058370183900061,4.799104767067922,1.219990611773495,1.9439451365740072,1.5601884627783411,4.977934515879754,1.911158133848587,0.1520664341332092,3.4717894797895803,1.1420292377520294,1.4709937016542622,3.3582738203833182,7.533021653465314,1.5650009569991599,9.190208079719152,4.481465115477786,7.8270044497523195,1.4185957715910213,4.973213581786659,0.7720085562217688,3.3355601383418905,0.5373092647539056,1.3279907592634068,2.5615354283398073,2.892278768488255,4.246055646442137,3.6788759040134167,2.1561594363847707,2.637795987210154,0.7211678575250461,5.813601897226114,23.360646137731624,2.249192021287303,1.1180709886592815,3.509423352584395,3.309647744231783,2.6788687468131074,0.4879639083628521,1.789020416449026,1.1241311037788742,2.116016640746838,2.246555466305836,5.904170530863471,5.279260890154293,1.6505537176327987,4.780409310831623,1.528508440327729,4.261907747137939,1.2196147719098906,1.6880691230866038,4.849888387009993,1.0332189680382742,2.7347595513092564,0.44062356839984207,2.1794190661756296,4.25458806277052,2.833847618098788,4.438278832060749,1.8281764100282576,1.474554251298379,2.235906667381178,4.266865179593165,2.5155247593637107,11.028035399414087,2.783484679397062,0.4965545565423791,1.439778420904939,0.6775182146878505,4.458071612108996,3.933718254895302,6.427678949489117,0.5730932360670056,1.5883126165627899,2.976957812999874,1.0886899557958993,0.17443074699847222,4.645857202354763,1.320491244349745,1.5465779944327216,8.616666901222017,0.697646674998949,4.667578639744843,2.0122945993007804,1.8485287861941637,0.8342254013597878,2.0543941830394843,1.6169989841447285,6.0301929123722875,3.4870531612285327,1.9137439615612293,1.71227861152551,4.139339190506127,1.9690572352968678,5.415216820626689,0.8119075805740701,7.113930329757439,0.3871806418803456,0.1832079950157684,0.7031239340973142,0.5437088263175706,0.8568089362130197,6.459668835866758,4.9850061071817935,6.631443215270103,0.9533408721634218,1.0864218146305948,6.71406303644544,1.064804818451768,1.9748407595450794,6.999157915252824,3.443532681479437,0.7655365965767744,7.482567982114253,2.8095999883307443,2.754837105347934,0.7596823992244616,4.35561681627767,3.7931387805864643,0.7637421594740839,2.5227063812115835,0.8688688877624902,3.9504718268291166,3.2620013207781233,1.670269909457384,4.7953202108508215,1.650288158726451,3.038546490481258,2.966663760505053,2.694961465174813,4.853029849661807,2.172184193983605,3.426177607151418,2.240022125275031,6.773758021532675,2.7678910468052007,3.0580301344099063,1.1803500726287266,2.4405848739470617,2.565032743016237,3.7663650135278606,2.6568571374666563,0.37859486520239904,3.1360613399093036,7.827364017268,0.7607780066463126,0.7833906914520579,3.9049850049014325,1.7361152907498036,5.330876818860959,0.47443406744455036,6.974275531366348,1.962642343546702,2.8384978110332577,5.574110366011351,2.002106093651183,4.799179476064831,0.9433033924802954,2.814372365308851,1.6947867859996866,2.0848103995984655,0.9149837095805111,11.18612521351896,0.8712475614969138,4.869180628633131,2.0410567091882683,4.472310633406245,5.429253375283891,7.146811137411557,0.7779666838784591,1.6430409183477832,11.221912984158267,0.6687573879949194,1.5184631369062505,2.842479907288391,5.144429199519514,2.077370767528539,3.914884247903235,4.0676701834717,2.9901242385817843,0.5130137860839862,1.113677304823535,6.18303028891771,9.756190549870144,1.167160664358569,5.170792179513493,0.8516322307589408,1.7515490651461247,0.805684287932778,2.8045446146336825,0.3920582353714911,3.1395540699902877,3.9539233365840287,1.159880991689326,1.3716419338640569,4.567675114874443,4.869675364096128,5.722008299618921,2.7727657273757167,1.313192647741762,0.4665480344843339,2.7968552177337886,6.218651038016475,1.9091462501757301,2.076870107371071,1.5738389138594375,1.7264920000969157,1.8594856316997292,0.9241757052448865,6.373623699672842,7.803897728122926,0.5634657241473138,6.220608338929751,8.104972802481166,2.1971224626488177,0.9743808212536771,3.0065843851780167,4.4342061092348075,0.9350418145652963,1.548364989503127,0.677019653979573,1.3895835478376228,1.4799381740333528,0.4006436140337092,1.3142973668943805,1.2176461797931353,1.4387702396820667,2.2134065235684695,1.9920798866467049,6.739360169777144,2.663733327201823,1.7768026713067702,1.072420711695961,1.307773138745412,0.35039394628803566,1.7506801457936725,2.564400776341843,4.277712387352104,4.634467375395079,5.818242293334615,1.293887490818664,3.0218954329598935,3.1178868513107694,2.1650015412954082,10.906923128165323,1.502859250491163,1.9455891151305498,4.299436863113703,3.9766402205632785,2.875019242878818,3.6885182584891707,5.8225535571990665,1.4144018649667502,3.901994667985609,1.5541961378379094,1.6234248084452163,1.3543226089063904,2.6628714395830118,2.3829663741840963,2.714217974941506,1.6357549542865408,1.2413693985279686,2.820006981064544,1.2110764689261695,4.883547010028939,2.2337709304852003,2.5001426025147024,4.0539990955955085,2.311530131286712,2.01838913426173,2.683294311218169,0.2808485781950123,2.140087580291426,5.162373978789563,1.8437186818063207,4.271429284461149,0.9121440575495612,2.2187204350766763,1.0777632630805833,3.56088589979076,2.6629179927993363,2.6475723756646548,2.664987052636453,1.8890234179428234,0.3966002511190414,2.9546382455878684,7.822052407498865,4.373775718523324,3.692044149848741,8.58832388764064,2.9138468071016974,4.3427143711661556,1.1672881181336798,0.7131380730990642,1.994060595850642,1.463990845469511,2.829506489699877,0.9426741392939733,5.744044112947932,1.278573576239891,1.7765589776087067,1.7878348747262165,1.9615031503668072,1.1649449981317292,3.6487139088261835,1.3793084478661182,10.15886183281164,0.7553605971590416,1.6314605666103181,2.3314226687075994,3.079698765125318,0.9765062747564262,4.253354761625684,1.828079129111422,0.8668154439205705,1.2385852299971596,3.40785349055864,0.4389101071629708,2.172207027565225,5.5352339006264195,2.0296671391285104,0.5986874685819283,1.2743399897474472,4.378905241739874,2.247156136213441,3.424326823305569,2.577952864729379,2.472933548400303,1.969083787463779,3.419255639739708,1.1982965970836885,10.266568762422267,0.7379363067983005,2.6573653217209117,0.8856985267474424,3.64834591456439,0.934855634724715,3.685212730194782,2.3011849108944373,0.7879492276742676,1.8817708076232145,1.6384890224414936,3.008442555743269,10.349960384156681,2.1241972489899528,6.896779077774799,1.282276118682501,2.874349812306966,3.8097177168013925,1.154014290745579,1.8753896787704905,0.6111413306450255,3.093108731091821,3.0594210909369717,1.364287585492745,4.91134440236059,4.8242422436798,6.102248740511566,4.480660309442995,5.367738666100885,5.830949809633538,4.545678926435795,5.668577044779222,4.470033725002607,2.208258924754774,1.8525756505458866,9.709523877026433,12.157918629056367,1.6151605013257386,2.4290451289726107,1.9484663856208526,1.7943084320619043,2.419642193477483,4.200343695495712,1.5450153448440902,1.3621245341220019,3.1778061234434865,0.77391969968213,2.2226265520980224,1.3308115032957264,0.7129205724641926,1.421148327927026,0.7165003959655435,0.9311659864784987,3.75912637457638,5.00228938896052,1.4232020537924945,1.0211387354476362,2.8677118478421164,5.620923013382506,5.5111765796479455,2.9035161595004024,1.0801305027964125,1.02836451141984,1.9337767606767862,4.679370569813466,6.937431512315127,1.691378545104203,1.148563163281724,0.4752530920627371,1.0575697636208512,0.5043397304600327,2.1387961435020366,0.7008176187037516,2.782972160739328,0.43324769515613204,1.1872553558894379,0.9704328299214383,2.898245136380658,6.572822474811275,4.888958002923946,0.46136418769493015,1.0806101087824447,10.55685700725349,4.8032774478022855,9.689956512439334,2.853874922123911,6.630449344107043,3.9302107543648765,3.400898311627842,2.2219753698996167,6.746945371901383,1.389684902291583,1.9030570855111093,3.408482063490765,7.919757610624854,3.523670236884362,1.1077915176518327,3.3253013858892344,1.5430584335950022,2.405543732273054,3.490610971374441,11.05167831906441,1.1177449468759155,1.9473581237657347,2.8982241782781566,2.387416097605916,0.6554933489468708,1.6484702952457186,3.245791566788249,0.9016308906331868,1.0729218524622943,3.733543684191439,2.2280883777911495,4.836121735100635,3.594152740883821,3.646214627865684,3.162002891616542,7.533472975410317,0.7559071708239378,3.3848051049235277,5.48492505391206,1.3637619407960635,9.634058410499197,3.114621038677581,0.598098291255647,4.075376825780923,2.093088900238726,0.9199713379543188,10.841326249501826,2.8038243602581527,0.8296491064821145,1.3250190166700009,2.9009347639522844,1.4081429571321171,1.3244685118352626,2.2052272123163443,3.4508106637174873,0.9195359432808456,4.898572631551106,0.8430776570168037,6.943011382546498,0.605853302056421,0.7765667295925247,0.8604817507870285,3.3386822285394513,10.026264135945343,3.1374734151161148,2.064976558250395,2.8975782823386775,3.738150189857029,1.7021466629387452,1.2496399266390226,0.20479153613266682,3.945053143965242,1.251792884987838,1.2568910584544968,3.53931465174347,2.358871610508667,1.8077417570489476,1.1133526139617371,1.4132406882104576,0.9293620548549698,1.89657339341235,3.4168079780384093,1.5864292462647496,3.077642097499721,5.2572144676167065,4.313271132277815,2.724724743035049,6.747567164463312,1.7852112701462617,1.7190980961472508,1.0302425400373756,6.2225826792630485,1.5024734149780226,2.595104602055397,4.908684286979048,1.7949847238783214,2.9893844539164527,3.375060069164418,2.495816749681569,1.0160741468307983,2.119408948592091,2.10384644997283,1.0776675203767412,1.0601156257185955,0.6003756865444658,6.758808756947222,1.2950779787973656,7.59507532215754,4.678338660432063,1.0878659470984249,3.641725627678669,1.188897811063925,5.057133138940785,10.181998410857936,6.4675635264216975,0.8844970131965324,4.262522106213225,1.1883676967287726,0.8187593253777501,0.9555506894932613,1.0360243898911778,2.962003933900145,4.878047905006062,1.3888941366185243,2.529370253108838,0.9049861772330057,4.896114366736821,0.4029608509656688,2.028229257778991,1.6239080648593667,2.119405108934171,3.0394771442203714,2.3997830539990943,4.989029192377532,0.9258167768322327,3.7572568902561443,1.2038366533889282,1.9943780002946587,9.53478073991971,4.76875981477329,4.35015734368571,3.9544229254120813,1.741598044110185,5.975275546293876,0.970390313986492,1.0301071813370328,1.6638394899071045,6.013197998735707,5.096722675942961,2.531099556879818,1.1120898888054862,6.448869134449481,2.66785215362501,1.8878565753087808,1.4362578476380667,1.2604319151844454,6.926030536239329,1.0570022113606825,0.7277631645907041,2.548516923152075,1.3873808873568105,1.7808567323408244,1.6723935036074966,14.729367873285577,5.284417452968999,3.5954523330968806,4.909131992423435,6.958230914957653,2.18593184672553,1.0211142833561229,0.15812365558756994,0.8711385959011488,2.7095731472555022,1.5484402682085183,1.74315234860067,2.015836705803693,3.457827286192955,2.65779900374426,0.8737175618099866,1.8549107128227933,1.0581440513381484,1.5145566759123048,2.48059651229768,0.803948970997114,1.7292988113782002,2.01590012869893,5.701234381590958,1.0495688628076467,6.171196485946568,7.447871078264663,1.5891977319004518,3.4722540351009386,0.9007282915128474,3.732161781495156,5.435280894295888,3.2646675105577856,3.721593337375882,1.3351041007471673,7.969866023736604,2.045802061316248,3.5187490742523213,3.6234226835183825,1.2203121591854273,2.2025661380605803,1.1451061946113534,4.380224200806868,2.3535477236329396,1.3733690493265476,4.393310382602666,2.0733967289815127,6.341911702748066,1.1583934946407908,0.5111831599217663,3.068722966160898,3.511806146240986,4.7622983126133045,1.5434180166551321,7.276737238628824,7.154980470296825,3.6938056412029145,3.630348819522344,2.265824279421667,0.4519851088866777,1.1783741067468294,1.8505038266840381,4.301507497413558,4.947441550984545,0.5134066107512963,5.056355910232514,0.8731100327513583,4.011576843883564,4.79896150298279,14.115604969601318,0.2922646234245869,1.8852047347748413,2.010561921160053,4.713770550489248,1.5538455138940754,1.264977483149766,8.553684237281786,1.7729860476184793,2.5132425468189936,1.5966227443873724,2.751457779248606,0.6087547117653676,2.2180916606823637,2.432944214641853,3.30525008646822,1.1353216511032458,2.7320710060096767,3.595919323155418,0.6048200065800466,3.313940086931877,1.7456893492137313,2.1318317402058127,0.7677176327457298,2.4837874055496085,2.469117039862895,4.141380799598591,0.3530243766773067,3.655546299522689,4.823610035957693,1.2093020616161592,0.9971995371925165,0.5811212633460032,1.3730726759102998,3.1290160805713723,2.0022385504537903,1.0400946925210504,0.8101485186961267,1.5258709177373335,0.8223256957797624,1.1235239535483288,3.732490795044964,2.0013894669059007,3.496624293312905,1.822797957657795,0.9508093524254944,1.1382417928781043,1.1827727835386197,0.9820704067274463,2.2469255550608827,6.490118698350553,0.9656309641231431,3.202821859783131,1.9429299078833477,2.2247006699603307,8.883172349002463,4.771789553652515,8.567483039302257,3.5665994533740255,1.2638065057583625,0.5719448916193157,11.044954944474888,5.613957090592388,4.8211650046262005,1.5993385885112854,1.1788909250731947,4.986386541687403,3.9993209110753396,16.07920419356639,0.45300484686086695,1.8564114080092167,3.2105705434160177,1.2405403763691092,1.9253772869321333,1.7103156969131839,2.9650504953192365,1.850737863765004,4.352753563657602,3.009046245054289,1.6778424219164865,1.8389062911074259,5.152960144294627,2.4390061167988675,2.6065586193259724,3.563595016881359,5.25719026567053,1.4474295002268067,0.36695618263552543,9.984558858655223,1.139486557831821,1.1990370868755564,0.7555813147955964,1.3110949218730028,2.004456080603996,4.004252416258785,1.637154009242653,0.7397481267520616,0.3931051337685938,1.3115853241328952,0.830400865590863,1.083696746677433,0.6413412324537061,12.507259638331783,5.922457618632648,1.1696128460476787,2.442025892544674,0.27465419731125784,2.677957665229828,7.289308657964742,5.57979586432673,1.3647201996247436,2.097603686089712,9.571046010511122,6.451735026363284,1.439649958374029,9.441500048558694,0.5751924249673367,2.6262060098122304,0.8058005902060128,0.7433750589779906,1.0236904904061126,2.7838466912985456,4.660232848386532,0.48022752722143425,2.707071187762648,7.5475191737494125,0.45985168528875897,1.3808176060641255,0.7251473895998835,2.4493472822138074,1.0196649785165346,2.242944797549402,3.7614368198459633,4.711329960957543,4.538164480509289,3.0927600316771526,5.975721606312862,1.0089192620186738,8.36019757159974,2.423231366879033,9.213210578111358,8.327895965002853,5.695642381538704,1.8786686059172957,3.4249111791016693,2.556378123283297,3.433367059436552,2.0820150677654814,2.8829616277107895,9.705086481540015,1.7780241449390513,2.2762034708767196,1.627347992292415,1.7365528164095771,1.3429298312033464,0.655804220501826,3.6339407974182834,1.6780471563361998,2.335873213484976,1.5088228071373055,2.419501063844613,3.631164768739695,1.9199726287566476,4.4878440554750005,1.2346803690217425,5.642752250464199,3.5203010866503037,6.013868590243463,0.46981712249701657,0.6883215419394737,2.5241353830502926,3.8519280549838855,1.5757810594972361,1.351790514384883,1.8815738584275175,3.752039165202402,0.14526557804977078,1.9089492841991789,0.7908411690703471,3.4892401095237835,1.6953605997280148,2.957907935152423,3.6743196767298456,9.70877704096624,2.390848747193372,0.5540289225152805,5.666345946126643,3.7024741548433933,3.421123477172176,1.502935723232601,3.463051569971219,1.1916100869501223,3.24179102219089,9.289559653791194,2.3010151392262874,7.559970690007575,0.8159153546898876,1.763344011751209,1.050943199333277,2.3638885490010475,4.0589477473921765,3.516429855628206,3.461712182740364,2.1824951012327576,11.689224542017072,1.4215556228427417,0.5878427009164277,2.0698815869037697,4.386149796768437,6.978099203700514,2.6806915922900645,1.8671576010126283,4.673797328365107,1.5971545205393265,1.5201162174915313,1.5906456958706574,0.6225346010771806,1.9058594643986528,4.820915668787121,3.0748946543656746,1.3213075511473213,0.6841864786567331,0.3646407896749365,1.4565315464939823,6.150057516457126,2.552651268261012,2.982795818759304,0.9021415749064963,1.1358353372874586,9.088069652000842,3.8430434776498523,3.152752621787764,5.280538053941013,1.6872140346775462,2.6886187777730726,1.0919443758872767,0.7460106832437998,4.8600955874787175,2.1600051895111116,2.456221304251238,1.5213446872663134,1.3096635850006222,2.730300238094106,3.4052189256695793,2.3763185260255173,1.5775601450096706,3.97649355516947,1.9397764647776141,1.571835202664038,3.8179162056756484,2.5438786382091068,4.104100592713118,1.788622143994658,4.7961969359688945,1.5128965646411323,1.7614215548066756,1.1620438119834073,3.167942360911761,4.385283040019993,0.5368174078621903,1.5602509733370897,6.10775795211114,2.69526917128447,4.302489054790024,0.6302781107643008,2.530811155631107,7.477612336590281,0.6049058409009842,4.101372762839583,1.150340041616659,0.6542326639568081,0.9207692550876863,1.9591498726418057,1.4656440192501785,3.594586711412946,1.7989165433843768,0.28967217393403977,1.8068756049220425,2.4899921517370913,2.0050626516652184,1.824956001676991,1.9210488520155027,1.5884786870988368,0.4648377446934463,2.3236728242129865,3.0392073570425544,3.0522812990978165,4.859338845641072,3.3786047307874276,3.181324243396938,0.9189814785883639,0.8002994484175223,1.004097154063516,2.6275078758773414,0.9220802293203666,1.0749667142850006,0.7965486912656413,1.411713352890094,1.6782300494837736,1.9295190992021984,5.119713616896847,0.5713522944235836,3.291093813666401,8.03983698205022,5.637743672762478,1.9223153166038567,2.0818445907183647,3.058509159160749,3.798028253512087,3.518376933731754,5.689561666063156,0.6839733643381879,3.7907410039093326,2.8747854399843447,2.661468930405223,1.2868450037725236,3.194479434379572,1.1220403748198524,2.4054072753023634,1.7943637460678161,8.608990184021287,2.476085303821729,1.3462225602489553,4.428729655012853,2.002560418846956,3.344934987461469,1.668129044429868,2.53775334344484,8.462670782976426,4.182530649161736,3.2767208405358446,1.9654362467925846,1.9064725501072701,1.8503593665921163,1.7101444401913286,2.970514109119607,0.8915163130753059,2.3773682691185964,1.8180253582209005,3.261966134445072,1.9879276005500153,1.0040605174075792,0.7225520633273593,5.305762314997709,5.27525896700675,3.1652957720577213,3.6870831440117002,6.59094573031117,2.3874598827590288,1.3418012530382661,0.8443908183957741,1.4346479277746575,4.057340399405678,0.5099203978019262,1.2952237783984095,3.507409707519773,6.7540836596931975,5.850403416790344,4.222713204754999,3.0530526148988533,9.422694634320294,2.0431098123686313,0.40781197624492915,4.084132237927938,3.63671431702131,4.7972635660661265,5.161565536579247,1.9165936530084604,1.3496558745817557,0.9103830566553125,1.3581958120515691,3.0543881299312,9.726157049030428,1.4638150742294902,0.4170613443483213,3.169900392868042,5.536185260101936,4.68861729426671,4.273144562043167,5.80826274443099,0.2561069782868348,0.9368621319989476,6.607660147838783,7.320227368665856,9.246671589977739,3.908876912020924,1.0683549791508975,3.31896673561471,1.6795835278884328,2.412624943287173,1.2575464265502954,1.5712285525177114,1.5708289835443172,2.853248775525864,8.548603956350995,2.654422095877306,1.3576781885096227,4.386237720988661,0.18404458152419323,6.168551907617898,1.9238878954744052,6.317932105585608,1.3293674079848778,3.117427479634891,0.6389006003241133,2.3098340743806265,2.798694102103735,3.3414532410915583,1.9768977506051753,1.5056875201573339,0.904862400216011,4.640111871872239,1.4299293099320836,1.239043498842962,0.793353214413715,3.8107366876655364,1.056986708502891,3.4044331697013313,0.49808281267762927,10.151076459112806,2.920014925438663,0.7007478924081144,0.6838529573980766,0.9758869599759981,1.2271075565692173,1.9012732191178423,1.4444793293092784,4.406468744464363,5.3899647846254135,0.9655128205851002,0.8526288207621571,15.237707836751152,1.132193295504833,3.0830096479839977,3.69746200609965,4.9944687967781976,2.5060092396356324,3.494306461220338,5.903648837862983,2.9542856024510766,0.8273441879908641,1.397605368212683,1.8999568101937123,3.5045601397223645,6.368545814334602,1.5464508117114444,0.7775424376784659,1.03270062276752,2.6222765279024935,1.1453018910766979,0.19117054663828098,3.709178106933531,5.270879149410335,4.152687258889217,1.585869867381225,4.027918893053161,3.470734393206696,3.888827596735634,2.2037774585595464,0.5177649841956515,1.5832290990574447,2.9408850979269716,0.1408529067919317,3.8212779249781246,5.394536921108418,2.2538197236507296,1.0067346282044127,3.2676632650800883,2.1544913685610347,0.8114421338843265,3.3285573310383,0.9326789417978288,0.7444635343873055,5.0847245624624735,0.9522723631017191,2.5623565798615378,3.0274737719849556,4.119938981423001,6.2468491422115955,2.395345636388351,0.42409050224598765,2.7088586685779505,16.696220736034917,10.170817110001863,2.3307504569085102,1.845872743725916,2.0123609726849367,3.1679569526477875,0.5669052407415925,1.2615571993250108,6.928624590747586,3.7319877135312005,2.6551245564159642,1.5158779872616972,0.928747676936394,1.5561566009006194,1.7609969267340002,5.402314597190047,1.4404069403558535,2.0154566105966554,1.8243137523849426,2.8013503996112874,2.929443089916768,3.9610169899956946,2.0530211402079974,6.950965445500903,2.0221848416082815,0.49015402975399536,0.3432819500121638,1.5959608236743668,2.4601652250451185,1.4351405283753274,3.600957764234562,1.567039355650253,0.9468644150259338,1.1278979155105768,1.4352429651523653,1.1064612127528415,12.864805376023797,2.7055801504238635,5.948821176868671,1.1252225976156645,6.090945729859848,2.827107569907963,5.824985126169998,1.058909119166044,1.5749482812587698,0.4303397847603888,2.3799117610743448,2.164334568503074,6.407841969508299,9.500308961260604,3.7695828267864715,0.6529446779264985,2.5868561115092588,0.8066969591707724,1.4489324890636952,2.9525296546288833,1.2725258138694373,2.0612719144187244,0.7700153374972718,1.5113309353646396,1.0265339211042117,1.9169923073833535,2.9800234889414674,4.868538867394685,3.2126462088658285,1.0189424169886832,3.2824220939395903,1.846174632848513,4.2997281590904946,5.416294343517184,4.55096608594824,1.5257626112330172,6.577892775351806,3.594551149591167,5.505359974607488,0.3842275282189162,2.8182676576124273,4.324197817422834,3.919998293072547,11.792313134281578,3.607606811841122,5.718268615175825,1.965274701736252,5.83433252318244,2.3406287759413216,0.622311431533253,2.0126042317990454,2.633220005690471,5.592773000778434,4.79799256643372,1.0670129816671108,2.733590010380569,0.8054453118418552,1.0402269663558315,0.9514889164092502,9.491184969771242,1.2797337803312676,8.04578405954754,2.2509497672853422,0.7866325726343675,2.6786087824701843,1.3344360484656526,1.7901052421841257,5.746660417689875,5.7825422528193196,2.0813044385380373,6.812806269281105,2.427678364003177,2.216148149901103,1.5418342261671318,1.5717488944340028,6.33543363402816,0.9480622723129369,0.4914265788406306,6.221285137455653,0.6667500311137133,3.1740311548073072,2.1861979789814407,1.6220142187211153,0.8616816406715699,2.627285404820867,1.9660313738945896,0.9825363493857118,7.928179826496281,5.77392789338164,0.9511719410354513,2.947589933531663,1.7054928971072658,1.9376112630829472,1.1400970292715051,6.45144404749013,9.101236111818695,0.99257413139382,3.033875367489854,7.765895667842868,5.725716647529891,3.417943770965503,2.6216096125078336,2.5771219521358626,3.820609459168244,3.0290478861962065,0.1426054029707578,5.112571000427369,9.823722092661011,0.5003349239229047,1.6019683645464768,2.4775973194053167,0.23002622432825107,2.306615074592954,1.0906963107619079,4.44093735633912,1.516415578094791,1.2061349050045482,0.5003967172611469,0.34101917537177573,2.3568905368459694,6.718156466425507,3.508195416769677,6.625677183175985,1.3399717152073325,2.444412969100887,0.4552068589778615,2.333464858939505,1.2959690671512358,1.2168011848367335,5.940049158176149,4.442878738170193,5.50789803996241,1.6380526964084492,2.720028298769475,3.249250951079846,1.5149058887998792,0.9647884239182973,4.516181447825114,1.7584030384056508,1.5057593660190278,0.8400649066137633,2.636292925458024,0.7416680862444135,5.471740465776594,1.079547598160278,0.9660179834582663,3.3762510077832455,5.96604151884796,3.0819576229044543,2.1336881106770345,1.5694000467856317,1.8391192442324076,7.563759390581282,2.5295917279234024,1.3477482287642848,2.228589634249398,1.9824319072492762,3.829146448632504,4.797171543915342,1.203505596437119,5.883828790581652,3.259148990357622,2.403434879058516,4.8202507643691845,1.2785398455834927,1.2842194917437448,3.32830664763708,2.1204568115405986,0.6036505266571961,5.403279244354176,2.0527310743764935,3.916426359373829,11.228472641063943,6.892105628419768,5.932490918537568,2.0975335468477105,4.002326798625935,4.31073215501736,8.158357520678953,3.3548666255752333,2.294856795854935,1.1466047631204115,2.6677255673601983,1.2069939232122127,4.599831338060286,6.304865635127495,6.970594672427252,1.4510615767838408,6.359794674853057,0.3416298538373985,1.3137829442983395,4.756885176945177,4.842400607930656,0.988419722724722,1.7237939862956038
"((3, 1), (1, 1))",0.0,0.0,0.0,0.0,0.0,0.0,0.0,0.0,0.0,0.0,0.0,0.0,0.0,0.0,0.0,0.0,0.0,0.0,0.0,0.0,0.0,0.0,0.0,0.0,0.0,0.0,0.0,0.0,0.0,0.0,0.0,0.0,0.0,0.0,0.0,0.0,0.0,0.0,0.0,0.0,0.0,0.0,0.0,0.0,0.0,0.0,0.0,0.0,0.0,0.0,0.0,0.0,0.0,0.0,0.0,0.0,0.0,0.0,0.0,0.0,0.0,0.0,0.0,0.0,0.0,0.0,0.0,0.0,0.0,0.0,0.0,0.0,0.0,0.0,0.0,0.0,0.0,0.0,0.0,0.0,0.0,0.0,0.0,0.0,0.0,0.0,0.0,0.0,0.0,0.0,0.0,0.0,0.0,0.0,0.0,0.0,0.0,0.0,0.0,0.0,0.0,0.0,0.0,0.0,0.0,0.0,0.0,0.0,0.0,0.0,0.0,0.0,0.0,0.0,0.0,0.0,0.0,0.0,0.0,0.0,0.0,0.0,0.0,0.0,0.0,0.0,0.0,0.0,0.0,0.0,0.0,0.0,0.0,0.0,0.0,0.0,0.0,0.0,0.0,0.0,0.0,0.0,0.0,0.0,0.0,0.0,0.0,0.0,0.0,0.0,0.0,0.0,0.0,0.0,0.0,0.0,0.0,0.0,0.0,0.0,0.0,0.0,0.0,0.0,0.0,0.0,0.0,0.0,0.0,0.0,0.0,0.0,0.0,0.0,0.0,0.0,0.0,0.0,0.0,0.0,0.0,0.0,0.0,0.0,0.0,0.0,0.0,0.0,0.0,0.0,0.0,0.0,0.0,0.0,0.0,0.0,0.0,0.0,0.0,0.0,0.0,0.0,0.0,0.0,0.0,0.0,0.0,0.0,0.0,0.0,0.0,0.0,0.0,0.0,0.0,0.0,0.0,0.0,0.0,0.0,0.0,0.0,0.0,0.0,0.0,0.0,0.0,0.0,0.0,0.0,0.0,0.0,0.0,0.0,0.0,0.0,0.0,0.0,0.0,0.0,0.0,0.0,0.0,0.0,0.0,0.0,0.0,0.0,0.0,0.0,0.0,0.0,0.0,0.0,0.0,0.0,0.0,0.0,0.0,0.0,0.0,0.0,0.0,0.0,0.0,0.0,0.0,0.0,0.0,0.0,0.0,0.0,0.0,0.0,0.0,0.0,0.0,0.0,0.0,0.0,0.0,0.0,0.0,0.0,0.0,0.0,0.0,0.0,0.0,0.0,0.0,0.0,0.0,0.0,0.0,0.0,0.0,0.0,0.0,0.0,0.0,0.0,0.0,0.0,0.0,0.0,0.0,0.0,0.0,0.0,0.0,0.0,0.0,0.0,0.0,0.0,0.0,0.0,0.0,0.0,0.0,0.0,0.0,0.0,0.0,0.0,0.0,0.0,0.0,0.0,0.0,0.0,0.0,0.0,0.0,0.0,0.0,0.0,0.0,0.0,0.0,0.0,0.0,0.0,0.0,0.0,0.0,0.0,0.0,0.0,0.0,0.0,0.0,0.0,0.0,0.0,0.0,0.0,0.0,0.0,0.0,0.0,0.0,0.0,0.0,0.0,0.0,0.0,0.0,0.0,0.0,0.0,0.0,0.0,0.0,0.0,0.0,0.0,0.0,0.0,0.0,0.0,0.0,0.0,0.0,0.0,0.0,0.0
"((0, 0), (3, 0))",0.2969386966384677,1.2327824099085856,0.02466112011201016,5.088528595809312,2.5769718091255576,1.2229197581548594,3.549595969614089,1.733816293431411,3.0403426961261544,2.548513848659816,0.0525088484939229,0.14818181011634768,4.18794529882299,1.0290929385554655,2.2438363119848366,3.5025178788105467,2.7482404218262224,8.621121797961125,0.004722395789375611,3.3459225031893403,2.4274793351571775,5.794543859674338,0.6283473054474191,0.6875148702522991,0.4272467772868387,0.8587370172904668,0.8288454463825077,0.329930671073944,3.3221537639736862,2.25014540696073,2.728263723139797,2.395653183358667,0.48204487634603443,3.225427465119435,0.3446326634082524,1.6548790615845357,0.013305038266379854,1.4908133455505688,3.5779350068798523,3.439783084537223,0.8856819978676675,1.3545996562410052,2.6361305446241143,5.246042825096982,0.17813900677619712,3.135832135432692,12.715272726870637,2.03517682654358,0.27891623210211625,0.4051550607794522,6.992090982930657,0.5937845847853911,1.1639103559321222,2.3207343262601365,0.6186397677417163,2.5590601214885003,0.5013259917888804,1.7930961376941605,2.6196326678403485,1.2221229660776873,0.3816372472402043,1.2929216529045795,3.3818497252998907,4.788691177731417,0.9391440299724377,4.952303736182114,0.38302224061548823,1.4468885717838815,3.1690004277670463,4.614246739689017,4.51009537332526,3.048077361057727,2.102724968276695,0.01503987755425834,0.1537205113206595,0.9019985912188735,2.295854010146808,3.4478813466607843,0.6803809860553192,3.7605746422683612,0.2947725081620485,0.4212927629833599,0.35547132787186797,2.5980630186886695,4.218460815177768,3.1758714999040554,0.2942447900840956,0.6285270462954364,0.3376704306826488,3.3593775985066294,0.2174864684159038,9.035753895980264,1.5955067341121465,1.8741432957526605,3.911211258645873,3.638170414489418,0.003948940792027011,0.9456779001116724,1.9636149958920797,1.6366282699583576,2.8653949213909353,2.018293631340997,2.359325174976449,4.49473673615314,1.4328311295208023,1.066760420015973,1.8026875032226028,2.5389003687461433,0.21383421367731548,0.6595618032912836,1.0118273180784663,2.456865818161557,1.7829884650320924,0.7463602947430887,0.6770730359306723,0.18472303199489082,1.0119742399196308,0.3192265587197777,2.460009628944474,2.0987335401169402,1.4276750292988534,1.6640329948315533,0.37228605744837895,0.8382179970407052,1.511949149948025,2.304269109925742,2.7404461885387743,0.08391334240172998,1.0253609561853985,0.85644690684865,1.5109438731858316,1.74833554034698,1.4111086428598538,0.625071794107943,0.9905725558755143,2.275572270247939,0.4673429179990969,0.09423650121897831,3.586766064760386,0.08737253829368774,4.347078606245154,0.9790732090286396,2.1723539605658693,1.926817007809858,4.397576306196501,0.20394851989080837,0.009008386563358062,2.3084623320769104,1.8360712791829377,6.459714991439818,1.9452624301014554,3.22576760564827,6.940383954886052,0.18592900879988938,0.0008864966723278744,4.555098726906899,0.3925182459731247,1.800883875121014,1.086663859936606,0.32241178408098303,0.953036943643657,0.7920549784167497,1.549199719520864,0.43956452678701385,5.576131510906585,1.5507785724600933,0.9815039517432378,0.17056851788520233,7.88863571959792,0.25215441003716976,0.49279484640041527,2.624186707935969,1.2384290144349013,0.15548540488019807,0.3177589682797164,1.1532191890147367,4.663889719036039,4.336129492060761,4.6782905736181375,4.181057344971613,1.5093497674648044,0.13211618537377,2.141482352481674,0.35516623375492773,2.2665359996964787,3.810162968383173,7.175124770476516,2.61348030437373,0.7520554375013133,0.2150040894617703,4.769132328898098,2.581338027750439,0.9623756570768969,0.4474627298714082,0.5256329128395834,0.9460033104972294,1.3316382460259708,0.9327789673641301,1.2126717950964512,3.2634383873628003,1.7091338947050003,3.7799075641870488,0.20869679944993902,0.7770531818791663,0.3383416304252782,0.0214884375309754,1.6914842441762745,0.5699681659554301,3.8379392519053437,1.8258518929093497,1.753924109205898,0.978074001618909,3.3891814454217366,4.959752285234942,0.3867938101505646,0.5755395712687643,0.4983022667381495,2.434377873073979,3.485649202719575,2.9088285735119053,2.202997387952541,2.197661215752925,0.20357946583570763,2.964104167245512,6.2421080789122865,4.319853484150714,0.5207195162010585,1.4803847090514992,2.29061674769803,0.6980953340266645,3.236847508701234,3.938324494777191,3.60773254136186,5.442789307963935,0.3876192848105908,3.3598963435068323,0.7550096396600408,2.1740739516274026,3.4645605703171247,3.0451207887019356,2.605750641490921,0.8672927348311572,2.021252910954204,1.0646656278586528,3.4263831229018344,1.0949199816768758,5.393106980860759,11.072076317491794,0.9365137932390244,1.7581075323209958,2.065570958276563,3.3590832289187316,4.575504972456148,2.494425163223237,0.049488189639709745,4.559789793123573,1.0326798215900046,0.5127427600974535,5.603122557671718,1.2994867495556135,3.6388570250147225,2.982867712374193,1.4077350755784201,0.6176550887368886,1.5889321886700265,5.025185616657892,4.232834389411183,1.2243203466328774,1.4850882618203944,0.01792991154147061,0.6402418051758128,5.832434071032463,4.120567381223818,1.671792903450481,4.718923984702631,2.168208836554828,6.889837762100105,3.886618403409823,1.032240900290076,0.6377697356715084,0.4838094359639924,0.6121226462290552,4.228845878010146,3.540813835603652,0.2623744652133702,0.04685768640861976,1.86349166706843,0.3579327600991774,0.9840625494968434,4.321399365449283,5.585851943845313,2.1709086682897545,7.977284264692459,6.828418749192258,0.5022186886126219,3.027030494789541,3.338433327133747,1.4393907633676473,0.5855303494168502,1.0492783121234293,10.042551596014889,0.7384486290488081,6.899072386201765,0.8449933182875426,0.6788604096574887,1.2982999245810152,0.1289358553567132,0.0029512915423368646,1.707432770793416,1.400213090803986,2.8006095294078026,2.697280056134674,1.4204625563612572,0.4521158610187399,5.48096393824218,0.020731409527598554,2.820750083332067,1.3277249048225754,1.3282609744065144,0.3389519590572819,0.9472524201416944,0.8713165415279563,5.753107266130955,1.405294958914994,6.589147491705459,0.3907434793911232,1.4799126212323137,3.290899166054562,0.7039490837290463,2.2948394782575585,3.806321826824323,0.41217728871922044,8.892110628726705,3.272758784883659,1.4371121198465762,0.2857265567212996,0.6754327315045066,1.7767794692105878,0.6096047368114607,0.9122968750818583,0.8519962423953891,1.0863130137090986,2.6313284148374967,1.48761252288933,1.0526301722571003,0.7636366111548147,3.125260466623426,1.8405468527153506,2.2229853225158753,0.088155183132125,2.1958339110354452,2.813574103672391,0.6180459282718302,6.019111927241292,2.859110578486515,8.200822603159567,1.4859455235978467,5.770126888002488,3.3981517587015757,0.3832433563529538,0.8420048250865868,0.7869584857148683,1.8883397706554876,0.36231542491863267,0.6333042745615695,1.1856149054730176,3.182723750977299,0.9927808065479266,2.1701143589715723,0.0731004251167422,0.9150837251123706,3.923247858507313,3.8495994655529167,1.1027465054455068,1.416544914497452,0.07740878593879108,2.935200840178626,2.94783903229467,1.2866680301425393,0.7208780020650585,0.8411778410729176,0.6844601080399557,0.38658623070923337,1.4315328197624488,3.4094737890281426,1.7177477006537294,0.7909391948417446,0.615123787988519,0.9281164558797765,2.0485247930768162,0.8056547092271751,3.6260970396836343,0.7975550706643135,2.665327940667094,0.5969508566816493,6.341014235892042,7.542324790626709,1.6471709462717925,2.945529767410548,0.7624999244692896,0.49527598741596246,3.118742591698241,0.056103918910248574,2.5818003193189023,4.131805062600012,1.6936208208686185,4.201038030271008,0.01130438193139538,0.8915169813821666,1.159755109351827,2.5654446213668622,3.885145939710552,7.938425538625596,0.21244962436795167,0.8782556119485951,1.2978329857576565,0.5899761642271456,1.2517199817179843,0.01521493627778403,2.463077221715799,5.625969969627211,3.016641382031941,1.675603288297955,3.608714471840072,0.12591614205793145,7.73496504383268,0.005189970323181692,0.026585148177946327,0.5883927182815544,1.9445328671749407,2.4883736534749348,2.100433242506955,2.1649839054915465,3.033775040267596,0.2519782162215176,0.21585713623900038,1.5396623216738519,3.8952010852701644,1.4390758084368298,5.268433916659454,3.3661112743772845,2.9448914687966865,1.1592294544380684,1.8476165187478735,3.5493735971226625,0.2630248865884177,4.4885369121265235,6.235089645170889,4.940168656092183,3.5556594601327434,11.033321976689697,5.155139384771984,0.34856510615071484,0.04735019234703364,5.579305289454608,3.5665980045456056,5.587349922693777,2.4979498402885776,0.06025952206657992,5.5748922961219165,1.5311071395063158,0.7875773683198155,1.4693204738113237,1.1252012653189254,3.451553043498459,0.42983274915869896,1.8534360333746458,1.5440194578276438,0.4790011899809439,1.983798440127417,4.474273258685835,11.926995432965548,1.6741665723839716,3.0395920660857043,1.0639571314375642,1.6246440119581764,0.8287875313949713,1.4366413362236023,4.971616134860191,0.20654223240753566,3.2181555687266403,0.2549098880231362,2.3633343672721376,0.5689090169408941,2.509996836906011,0.5460976003253697,1.3243969503827833,0.30483674247013637,1.0250019653162352,3.567780421689885,2.147858257721641,2.7160769227355708,0.1516833930860222,0.058990395736156165,4.008742173947738,0.7962596879556487,1.751739436294037,2.2257576611921754,0.4654098902376588,5.287644886266302,1.8571577065508142,0.37464726778014,0.6247303410951903,0.8883087210014651,1.2875126651977713,1.2260972217288224,2.8798401180587367,7.863373354012018,0.1550847483863365,2.6855189917694755,2.6442665911606014,0.1514232147078194,2.7917419486045896,3.811286576374834,6.433090084178325,0.03412467313854284,4.586109954263394,1.21618008052741,1.1923315893127033,0.07071954470530573,3.9268345599359047,6.828851304690783,5.777369148008771,1.6620368916220092,3.722559977656948,1.6682193234481528,4.840814739970839,0.47175532292456057,2.300132925352529,2.740739268623118,1.5070565187247262,3.5603139817533136,0.8670360127577453,3.075918768154133,1.8365010778952575,0.3054617056824921,0.9536179456431979,0.024292776893758306,1.3171688843378122,1.0177000879693072,1.4468510862186117,0.4017704785581506,4.645304680575722,2.8743279740159187,0.5569248704209436,1.540583338946472,1.1847655363786345,1.4460735127042978,1.08282824073632,3.295182526774474,2.825680269033758,3.6900665854777612,0.5581529626403805,0.1805836466088402,1.542332388049642,0.19612540884432494,4.601035440632523,2.9990561744185857,0.6964901238350194,1.9049244552794051,1.082281435729218,0.0075754839990529454,2.892715664625408,0.5314551709722828,2.0760445135426195,5.498946552776314,1.5768706280829696,3.8436795099650034,5.7258360886829065,8.336081274486403,5.154375628384508,0.30008647400433786,0.4716724934266313,0.4276593823433359,2.381992760289628,0.10164364430385597,8.873026529264356,2.2966155567467355,1.7035304312390918,5.338073801067199,3.947831764727182,4.011186151642983,0.19645504131250024,1.4843986951811134,0.1705056501837401,4.270958277922817,3.423705699533254,12.608989580664444,1.6751359571998135,2.4393686330519273,1.5673079382641064,2.634217974900596,0.2753513087348896,3.061339704617092,0.9810171087202217,5.884953113945448,6.415607096183223,6.1532544560759685,0.42025197966771966,1.4273730699692875,0.13288419181994682,16.059567940660973,6.63898025213839,2.9287751062300282,0.16516880102756248,1.7071662626814659,0.22810554257367288,0.6618467795231908,0.8143554051580857,0.4926213918323361,1.777262417639668,6.057318100373161,4.422784736169758,0.6762399651534778,9.192962979582653,2.9002905940545176,1.2573506062788926,3.991088692979691,1.7774193223463657,0.23761453824060852,0.05728603045623837,4.685930520839851,1.1267267971250179,2.9877275346242094,6.880822357057225,2.825211451780719,1.1325926894792901,2.0982240913129653,1.7032315856134064,2.154622546131888,1.4937996799064952,0.2522939894902863,2.634942731158409,1.3234946728131822,0.5079854764631675,0.6427676996825339,1.4075046270622709,6.525604590024622,1.4313656976595415,5.781032531105865,1.0393167069318032,0.5512763811283077,6.216068424439389,1.3445855639078597,0.30243943339807466,3.0470340274051715,1.1754760597305691,0.18580929308439198,0.9040565565951528,0.9344883303907258,8.17881971560757,0.3286582231067709,2.2001989569493965,2.4106034385627213,0.7192998470195401,4.3825870704966166,6.549508651284482,2.1012589498449556,0.3515897354580282,0.39895180459272694,3.4578153804100893,0.4109903369877008,4.3103790140195475,4.077609752458169,6.6233860562464715,1.04397188747262,0.8233198858517651,4.9597628904589275,0.9780699602828861,0.49744611784224,10.498001518721711,3.203508019429688,1.100421242731881,3.1695382804431,0.37286412122211776,0.9439460152272061,1.5920916351211396,0.09687721086583145,2.074529944202822,0.004314457745076106,4.38051499700323,0.7898111593473112,0.6025874863528725,0.6028583626118682,8.740721541265174,0.12297835702654625,2.004807602695333,1.7531387849780806,3.291793547498597,0.02656017053602655,2.093044024631833,2.691015201105645,2.9733866276062964,1.3841732347013835,0.9839946867921741,1.4234404844389121,2.42055567381136,5.210049058300528,3.921853233458756,1.3228860413283776,1.8472562748600312,3.164472600958937,5.9464136889240375,4.451902005747311,15.683082514226276,1.7787990213043954,1.5356762941982836,0.7703523978232664,0.03505303422679118,0.1044528735824703,4.284509076897831,4.668174558487362,0.18099339426014044,2.0495595367348076,5.297246361163884,2.4219676923276903,1.2839473097866185,1.4482245700759302,0.6393791824775308,8.467649702707478,4.278886807681704,1.4161048904191202,6.717735979198322,2.635104447239094,4.868735597572888,0.2840667512736288,1.1055758616636937,0.6686496819927341,2.5490633803210425,2.350927579904075,2.5787568449880176,0.7365733505331213,0.288846806204239,1.056704075562323,0.5395148634689497,3.920433256303216,0.7999025826420514,2.0236573047139492,0.35779511086900473,1.4774016187767598,0.14554506942279066,0.5487333825435466,6.443493644845166,3.3786149773461758,4.536677667299956,1.8061811505248766,4.970310554223403,0.7028808610785773,3.427146254900962,2.837179832744502,0.03676673746087178,0.6012770909865601,4.062909531662177,0.5673428720993301,0.5286705582396463,3.2311517671773506,1.6505611971279384,0.13929260583011627,1.2408205952176243,3.7592293284224088,1.4089893702993508,6.297518991262258,0.8481676392184719,1.530220241933053,3.1981549449888513,0.6944324328478251,1.2825413423144265,1.3070762992152904,1.2804101488848525,1.1436747350493892,2.9133905983861736,3.0948812038337303,1.5597674642635129,4.619125197987802,1.0077077752966734,1.2999767966190197,1.2928663098989073,1.5818243824809977,5.991861223094375,0.8191301637017904,1.1915512087061686,1.2269811914437017,8.075947328289837,1.4318162293998284,0.8621065277317521,4.889351537988402,2.0585478555596843,6.6773400860795125,2.2053546404117252,2.9749132176158177,5.297624240885078,1.3558901014411928,6.056233115466022,0.2064041313810101,3.278441897466095,0.16728330738195496,2.100747032886276,0.05968410716673367,1.3115272513218819,2.3280690346516986,0.8007387566732267,1.5391225411441043,4.735475386841384,0.9941950447434763,1.648375979594497,6.5729079738319545,1.0083665251631775,6.986978084235991,1.426189005611389,0.1860628321775979,1.070419432977306,2.3631774436357986,2.8045251654732883,1.4268343306754503,0.6278918099235702,0.008308295296066692,1.5412886745213354,0.3478224085401713,2.1794450607472866,2.1394900613536896,0.7588865900543773,4.576631535394216,0.8070960973998538,3.6758318680903175,0.10727587876922229,1.5939712660124434,3.2550701325799096,1.3874623841118439,0.9942933430742378,1.5074121627561337,3.1051538650089516,7.602912709583644,1.5389402454624843,0.5209519373045273,1.8863767630458375,0.148491130563301,3.9667967925262393,1.1319763233097828,3.7748645975113826,1.327791671895901,7.853067814413508,3.669638652849541,0.2858994530592187,4.127167561884667,1.134820184354221,0.3989322155281264,0.2777231470069452,1.712092710732415,3.21516280338269,1.0891478571278106,6.123258786372762,3.7159413475642267,5.6460994299903815,2.09050564990362,2.1898818402688027,3.413402536887904,0.4230756351653784,1.7548049702844746,0.4906723549883891,3.6757494478066555,4.2257318721642765,1.442026796625445,3.438876325690829,7.625389134555787,0.44394472266538004,5.004043907153588,1.3119559124290976,6.706993575368672,0.6543179382688082,1.386816990873041,0.454968178737984,2.065764436757047,15.383831385176649,1.3157194026405121,1.9266666773516499,0.6819376514966868,0.5648273657623013,5.091251306566194,0.6016694418530979,6.404305261002329,0.35309926948200143,0.08882727742866559,2.300309235770299,0.006018232727018125,0.7935681851624172,1.4985107439584082,5.286773315660295,6.571406621785302,3.9547072012582505,2.8649056048112147,1.1293317872579305,2.4490996021914286,1.4378522083639682,0.2572596343189196,3.8028824041484572,1.7564975520818134,0.8210307412830684,1.5363260125379306,2.626589191499326,0.13758657145300845,2.0974972641066696,7.671202677389461,1.4006010708404313,1.4358304534141606,1.3058610058325908,0.511706618741266,0.10190167411166279,0.19092235773652977,2.7033494623187577,0.5750073525142128,0.15432345568693928,0.4783816548077602,2.791592893504424,0.18379282612319608,4.540517514282239,0.23212442776814624,0.2255127330760991,1.4743588194716606,7.762361031951757,0.13667077628329027,0.5404534746618208,1.4882187537100697,4.121006312006132,5.117483105861368,1.8853715782581504,2.1782902527703847,0.38368120034169584,3.729376845438004,1.3896368522465328,0.5520048419257282,6.397015694155526,0.8435850056524927,9.035250478642384,4.805452094380325,2.6208030051193876,0.6951635787166972,0.9780597525520243,1.9993482325662861,11.800356575170236,3.15215065463382,6.347766737460109,2.306019222365892,3.3187514076163325,0.6394008514950625,4.623072456060245,1.042252491906875,5.996675143390616,1.663769376477208,3.216426673765166,0.664410998211643,5.704461257616398,0.4484927890572985,1.5485541755227445,0.8032007401615399,0.07180158348955379,8.234905123131643,1.6462123442678216,1.7646324363945913,1.3797468636172865,1.4206713718657071,3.9062431056764852,1.9283921380178826,1.3634493367724243,1.315840580684556,1.78388075674263,0.2530099800424842,0.9537363911382022,0.30256113402954665,1.1878219586904355,4.66518147949386,0.8126172371141833,0.503731553416721,3.2314019517921446,1.6552977236451984,2.3239802936196163,2.821370619056014,0.9377711725265145,1.8384123248822464,1.4763057671863526,4.500007242818907,1.5249808685986461,2.9488413822954076,3.9260665909182144,3.673729712680858,8.251627034591188,0.638992216637009,1.1529746998814545,4.635828435666628,0.5554353033279451,0.5917927738765241,2.310032440050045,2.2523065790553773,0.9377393199657454,1.6588479521835777,1.614324731086102,0.5946648869261139,0.20686754713999278,5.065393126072246,0.7560937864202948,1.1736231163869042,4.21760355636186,0.10769547389048034,1.6861819856425746,0.34200149480000513,0.238797048182656,1.053320051712791,1.3317151240406542,0.7441949531916505,7.852121161146917,6.006138325653296,3.275970039433092,1.8771080992137432,3.820202885304232,0.14293939717884319,0.64298332056486,3.0702172965716628,0.0733560694815365,1.8122550669556086,0.05866604355237515,0.4849507318668096,0.21923787782872828,6.247072267336911,1.4834487687579294,3.9375625286822387,0.500814507257312,5.047016114229045,5.316140323183132,1.6366638872727264,1.464282079870467,0.05039763579398082,5.498545048492591,1.1327755041575651,1.802479424000243,0.47111045904480764,3.9626368052646983,4.049959531608684,2.187356826881646,0.0457178404595624,4.242178609080383,1.162290617610898,3.9578436500059304,4.20979374566586,5.129058072399964,4.460532827850631,0.48026162384495774,1.2220511601829158,10.2830326530342,1.4827895867313678,0.033619733528361784,4.3199592750572755,8.472743168379427,1.2001426394095471,1.6530075354711258,8.427878604434197,5.289393993059027,0.9705040087351593,4.09544572133292,1.0300724992228656,7.12791493291442,5.38508346582405,0.42683011572497653,1.0070488349316256,5.116689116412123,1.8761545967509585,0.8883262033492931,1.50368705616123,9.756078386875087,0.5195984115723341,3.265221879159232,0.8021217251451616,4.655713959602491,1.1799469791520056,8.385960536660585,5.554564256506526,0.2760352834558698,0.9269587930894694,2.097483156899325,3.7894691129453104,6.285761048950014,0.07922204180897818,3.4274476998150236,1.02203724002343,0.8687536205209911,1.8309087338460417,1.8742875268530248,7.752738906147391,7.2669919027426975,3.4072356450814834,2.0519540071693845,2.0894360767179045,3.0573534905037967,1.2480359611026366,11.083441848119945,0.5284261679098647,0.02954215883574296,3.0700094405894047,1.1448110688349296,0.7592103842554963,5.402582932959334,0.8013506934167389,1.288760057148238,1.649286852799503,0.02615488755670836,0.042495974807490344,2.5788678631469226,0.65449785878927,3.072009278494503,0.42920290221109614,2.4326379552984925,0.9455236030040515,7.250298099889562,5.644409619173336,2.215610922615896,1.1970993636976759,2.6641698783054073,4.013993633854304,2.774466729738228,3.5993673132386563,1.684648697823472,1.6916487347717664,2.2264236025696538,0.02326736589852052,3.3570030833665667,0.2822578724575766,9.194021025505851,1.1493750375563252,3.1147505036307175,7.580470509519025,9.354894339214837,2.804847937084736,1.4317838966617873,3.005875927264412,1.802516167576655,3.1306442571135205,2.314808187831032,2.889899329348218,0.5021411656178707,0.7801368033749108,1.8312445822947179,1.007794729428821,4.024963124969026,2.917654558016924,0.28269214356661576,3.1638465717972126,2.0945449399616667,0.17621207551726292,2.2255525171062627,0.4414546267141014,1.311019193732455,1.255079407909817,0.43348760302208533,3.444685762464541,6.575196666583338,1.6483590242283719,2.9980901242436353,0.6140674429608612,0.22897785534850268,1.0951273360157112,1.137286636670738,1.0302710221638178,2.216130057563978,0.14421436922567832,1.7287343795848678,3.0951801442450493,1.9455090658267045,2.1797011167831917,0.7565504491496724,2.5488011932129844,3.855562175310518,4.475030160680829,0.7364252965225315,5.625574774140144,2.0795013747522773,8.62266978528611,2.0462300812377303,0.580360824168348,0.8545458777553904,1.8862292725928789,1.1424019511207377,3.118464536970248,0.8420053785952777,3.0108523615020073,0.4530204804101656,3.930725127133991,5.090908358450146,4.023615467607144,2.5642960201733263,3.3309881720245906,4.331002974231671,1.5507359284539435,2.1503750889649553,1.0470177416079576,3.5466792505481317,0.685636433136426,0.81643211142653,0.5544082627272648,0.7289360256176132,1.5396330992503753,2.4932791128726253,1.5388239376507542,2.1352264326165122,0.5337898049640453,0.8116723289312981,0.04075997324798131,0.8046007387388263,4.2589840788303,0.8079949896544858,3.5166438145252004,0.5346235493026187,1.75027051054452,0.5891115301337486,4.252005061223036,2.6200486797141913,1.9320459371697496,2.719617315595754,1.5976592893388186,3.360598951683186,3.495755286451825,6.764357973133937,2.0548354564363978,0.6350574349772189,0.13472642269799912,4.86950617120539,2.0350896699530585,3.873799765286131,1.6028563658843629,0.47048590402686397,2.8171816918883112,0.3479804389097195,12.963465714709455,0.23907541162587698,2.1097506574521505,0.5184750582499698,1.5176971481901296,2.158066538575528,1.1977010117042755,1.81361914816635,1.74826994522118,1.5350173534964797,1.8429490803461088,1.4406059032922465,2.234705580907381,3.9967329464456958,0.5884052885478099,2.699596352053761,0.26128812389568656,1.8464186514740168,2.8061562812609946,11.039096683483557,3.3053284177321767,6.383882012768029,0.8338797736163804,5.307621744501479,4.212724583907483,1.1493889331757883,3.931344860174391,1.0602770958002399,1.9954977334088573,0.9615521301719817,0.309613001356307,0.5513919006182693,0.18528963041465607,5.594791566471732,5.026750273598133,1.2449066664206592,1.2019430889753204,0.6924702927426586,0.12801051284265913,2.0898861204256503,2.279507876916598,0.021419738863295956,2.115158192265213,2.687603750542497,1.005914006485999,7.891929867102987,0.8608824643042547,3.649203063244816,0.45117284645002087,8.143754513528503,2.211511950763784,2.290394125209156,3.372865052535234,0.6387779136673368,1.215043207682923,5.586212462519697,6.301057718976807,0.31133648918956425,9.68145757099407,1.972083723987689,1.7785158184469452,5.073385857039305,0.040456732086512126,0.39404257995350345,1.1148692072281134,8.394252870134814,1.6319954883682408,0.5938826851736081,0.7749614056099388,0.38395599722391827,1.4595305672763845,0.026011387596853064,0.9666145745834098,3.366973140958689,0.015105266609446666,5.086474950375886,0.36944418245314226,0.07739775229569842,2.419442708247876,2.7433075342166893,1.5188655177422161,1.4919823226461209,4.849569671043563,6.493961640836254,1.026354935953163,6.993830800702098,2.600252688447455,1.1175690186913239,0.19714644151296973,3.4921163838074545,3.497933405185395,0.134559109404925,0.4607554541909191,3.256139821707931,2.015758896353648,0.5005179584200279,0.3865968524851482,1.322662515428625,2.9034418253199634,0.9650825834307151,4.925490563598638,0.9742035358219827,2.9037446974910406,1.078275712217579,0.2254305296124195,0.42145712292820525,5.090560707284199,4.097581198589934,0.5501235459933012,2.9609578942539714,17.279783906236926,2.068926406808633,8.333727439762313,0.9395764180660673,0.9706167662662153,2.2549252748761353,9.40983987980624,6.990357468651061,3.0170148598140405,5.8829282245596755,0.48795641376465504,1.3345976052771182,0.303623119419243,7.159032933223077,0.2737966192120651,0.15014234622735745,6.857622360497801,2.0396039343661294,1.1804570652275572,13.020953475823584,1.899716399267078,0.10365018381197016,0.048774663873002666,2.6411488385801203,5.147423450957363,0.9747996903494243,2.3051297342310373,5.335607348868983,0.7029195247834557,1.6732055179202154,2.6389364367853934,0.07250103284372789,1.9647846979698667,3.9161766436840386,7.4280775160389805,2.2966314206841814,1.306230345492855,2.0145116664302987,0.7202410239878283,0.9041315688250313,3.471334814565773,0.8062277829357327,3.7993536597205146,4.569348190361067,1.0592438322333728,0.8333072988940983,3.910949386370505,3.2567221510921662,9.96338468740613,2.1514353973550335,1.3763203908254968,0.40354180993166944,0.7948342563868169,2.2022442052205102,0.16766467948367203,0.5281151851220883,2.7351362993321535,4.9854142854526655,3.3986268830142543,0.5858096331005331,0.5456916030876441,4.914478624715286,0.20936981741647642,1.2932817821129823,3.0866484509256793,1.8241458734514253,2.1283031352316444,4.588730544821567,0.4089067161335658,1.4502687118892146,0.01816939493571168,2.2919059435114,1.0334830261905352,3.2476859873481727,1.427956729037753,3.386231613988984,0.5495182602787718,3.9724407751589825,0.3811043750633498,1.9657061282399244,0.2041372009103667,0.871888547322722,3.115525140822963,0.5170066908464284,1.3480737093007251,2.9517520224968794,10.046707591895998,6.060565104645876,0.12597223898358645,1.283595747008671,0.007755217564988537,3.246458485961731,1.265202990386089,0.17811332736902763,0.4796960934591188,1.6173613590794353,5.713967126336476,4.435652177842433,0.1537544447626087,5.543934451598478,8.785350254344843,4.351424412590717,2.9306227395988467,3.865784932291678,0.5108703722301837,2.120909578490558,0.1499493271459238,0.27163253238996576,2.0380335278930346,1.5230729685850792,0.010140925806917611,2.762581294566301,0.04358886472774648,1.6481352473646533,5.508542923950824,1.8376400933884205,1.8565947741993407,1.475309726227864,1.1326488594480222,1.6378412622004355,2.449318941963729,4.241226887245615,0.6155431229757988,0.0396792738928744,1.0908834159596856,4.056431661317445,2.0653445261336585,2.794526870038041,1.7838926778232238,2.1610892724538115,0.6574007320144075,7.357629798369665,5.810669339953858,1.7329502461126498,0.07328371549538681,1.2712652770798134,0.542112692068754,2.351478064904793,2.7261228169866225,5.458082360032655,4.87678131812948,5.519632519487853,0.8259703663101696,1.9766287216706755,1.4541963184523432,5.247627882919019,0.5258383698858867,2.4070670697306644,3.193106050323638,3.4343077959842576,2.9751803306619333,3.8125379157640933,0.6900289409553252,4.941021398096922,5.852562966788148,1.8938384942674926,0.8507887227929212,2.8443822366604743,0.03997050607396091,0.6844931054327521,3.3932904738379244,2.1833189008398772,1.6373796925116908,7.35579673171834,3.9729405669001157,0.35637127237402033,2.4350027734933564,3.1093277167009377,1.803176385243996,5.879137129882379,4.643553469963203,2.8990501186150324,3.6636519393700664,1.410102789950649,4.565743561912128,8.126773763806511,0.11916406528313539,0.2088658383013411,1.690570172454555,1.813115582774551,5.614989075385564,2.8483775528992736,1.8700608145150883,3.22178065792986,1.3511166353026876,0.6047060756501266,1.1263597886713979,1.2782119980548865,3.6286716598548443,2.782523940341055,14.55791927809663,1.191703713983125,3.9162773943090943,2.1731777056247927,0.25907312855760123,0.26772458923374937,1.1462868349765056,0.056071940323240366,2.3177832199411643,2.9864341921637543,3.1931192797453503,0.8885641519981675,0.01054007692913378,8.476328148888058,0.06652811491215749,2.6709060500536785,0.29181037338337745,4.3739456073927965,6.755465804206768,1.4003012039436884,8.189441480003081,6.279448883546623,1.739052057456957,5.994155819159619,2.446179022434307,6.764684505043771,4.031694674176902,4.486008746706466,4.060608339499047,2.4405026418792115,1.5657276419854498,0.6989173818133133,2.5285093003404233,1.4784180311513682,7.2814516871306285,7.700875457405942e-05,1.632839288688676,0.8675236968752094,0.7918058330983169,2.6916821158264566,2.387525316805699,3.373741086569224,4.963668886130195,0.44586996585909144,7.411147870377767,1.03483976335783,6.388690598587994,3.215726542383659,2.513239312119645,0.11424296946474355,2.6397618020625497,2.645199440903751,0.6770810160612349,0.030124655164819103,1.6063168551834626,5.172757609389923,1.2402302846687325,0.8065131482138319,3.5574136779397394,0.1808111874606016,2.002385020111288,0.5415287637666453,1.353072065920687,0.023393835881541092,0.642455191660801,0.7033147147088028,2.0896396142692386,0.8121636000733501,2.286029964585852,0.4311417261242823,0.6935094042037253,3.267100198986743,1.0296762005109639,0.49052694865262314,3.6794899227548954,0.023875445940341918,7.64751225526033,2.798329941436334,1.058119389492531,0.9044784316161021,0.835695582324933,1.6510867682630863,3.5683444590718034,2.9441388750213715,3.4444638395530505,1.8155014242646526,2.291898608718233,0.4367729187595315,4.899622596219183,2.319666236676896,2.1991945673755997,0.7474397660863956,2.864444604759976,1.7108318466091097,1.7652627553682034,0.8230700226579781,2.4108449037243207,1.2854181601974952,3.929314337626425,1.5002397040017852,0.3858191895441774,0.5140205639889511,5.5613661728704304,6.468023502480275,0.4657811620756426,1.5976033764078341,0.8845051863167716,0.935650522644718,1.4478875222274876,1.5744711332804435,3.6666076012872795,4.297187967013959,1.3308693215686547,0.3089279864767147,0.0048171936982266406,8.415927209161401,0.688118001986448,0.08501681827280716,0.00722815215138084,0.07284136816341164,8.833566123088227,3.004347398707016,0.3279031675740214,0.062291198910782164,0.5265395548402247,1.7382020773601612,2.0502388398085856,2.4212403035288923,0.8659370713572654,0.3395397424623432,1.2447286148097803,1.3977520655864766,0.2550044949743153,0.05179992308968173,5.460446185893347,5.176506893121502,3.654374534995217,3.014844337321955,8.708169524873021,0.024867501684330162,3.743505543507516,0.3824705478065314,2.0574692616862102,1.0849550332211075,1.543973251235321,3.506178068278023,0.5230854429616043,5.493194812730153,1.1759093585177014,1.4853538848150856,2.1172940144144405,0.31753678381222716,2.410647345809947,1.0395916877679932,0.6006297641081066,2.586163504145037,5.138473191019415,8.459202404777034,2.4522932297716586,0.93436434341865,3.5676413102130864,0.5881583219168594,2.7120130834390532,0.4444140768323696,1.5811441458292024,0.9202229365344985,2.1658552814868384,4.681439897091604,1.552719257708469,0.6056469589740294,1.2501218786915578,4.913735708984043,5.7566105718300875,9.623144508405806,0.10871351218602121,1.4494771940813012,2.0413106700973067,2.0325133650889895,1.2279922444871776,1.3007475542320401,0.7162883306116061,6.355134220196481,0.5678829089070574,2.3911346569007206,7.161163671325833,1.8028259888796043,0.7244519936783504,1.3141280989446253,0.7505184453963771,1.6868920744404097,1.408585505167144,3.253094904810883,0.949363387627165,1.9764326910872914,4.9270000392876785,0.5838605552980296,4.7131384440804664,1.1922728752451743,0.2834400743300574,6.394910890056334,0.9159411371364063,1.3903857636730255,2.740601057842088,2.2689102921255326,6.669975571254836,0.06027954884748099,1.8516333477367626,0.35715946620324,1.7406008198714833,1.5797938035706085,0.566229309705321,4.656324728850105,2.299347644505805,1.4854669358704566,0.5396868585406207,2.165048675912698,1.751776015857612,4.821055104472274,3.8659331973249036,0.27236942307626333,1.4006484998245319,0.14642240885041424,1.852394945530595,1.5503341818583776,0.8553509678820526,0.013622553791997838,2.1701583907293283,0.003527888026683912,4.99308370587972,1.1116010857178196,0.9567909045892717,1.8886357690001483,3.057804393464835,2.597661335177575,2.8180309285355554,0.5619206346879483,1.440626790658254,0.5340495752275642,1.4631062581033136,1.4353421620906535,0.9833999587830969,1.056999844063719,3.3021990225741096,5.205720647746851,1.2435268808465976,5.600095921252833,1.6854252630655326,1.3704689676102921,0.4043619650951863,1.327374047787736,1.6024972280343637,5.754828303470288,0.7709503566690232,1.8689859268581355,0.6907673561210648,3.4815476966922296,14.977698682296335,5.891937486740365,0.7249725664741183,1.9543009210185425,0.12808300932287597,1.5755980418603455,0.7089608361347821,2.9598006104155887,2.9722145003690574,2.060638228202964,0.790236513664633,4.3922118386631475,1.2419562610157313,0.5745258777185738,0.1697072032847808,0.8009957286191386,1.9088035315008889,4.226343125235824,1.1187551949797585,1.5764115546721995,1.261633468593347,4.995852157328631,4.008843033293227,1.3305014264446715,4.054087829841667,1.6520727672470203,3.6179162085127503,1.1807903689072607,1.9511562009856611,3.7093102421584354,1.2597641431533462,1.1906679256812627,0.25121171052401436,0.8992153473066622,0.7096874312718832,1.445528928435146,1.5630731920304564,0.8318551768193266,0.3379121651533087,0.6233264611078555,1.5227146899908324,0.46792874727347755,3.203550615114679,3.8595494473562315,1.1403706364216237,3.5629192578540736,0.10549977573087155,1.0302215543601996,4.956932607778756,1.0293630453801976,3.3459880832926125,1.4633689449948726,0.6478380898547228,8.144373779047772,0.08095590684127141,1.9567946680680834,14.774820250210109,4.346912190121756,0.9749049688458178,9.726771633436616,2.8353904214860997,3.145684666558837,5.238857724528513,2.612778492052513,0.9246383079864421,3.0414348406218292,3.5885147216742013,1.3045654289317083,3.392882495332192,0.6085843799109774,1.8582516580148167,2.193260496237471,1.1632276632973126,0.4958397498388778,1.896642389462793,0.39335377931862436,0.37381268698514636,1.082505152765381,1.3664842522929237,1.1209313574332658,0.2994540454789509,4.744460919862271,1.6779824875515552,0.16245393929872787,2.222744688442045,1.7724540252209309,3.2069733206044977,0.03935170542980204,5.456554321514316,1.155686344617454,0.6770152305241091,4.2835117571348,0.03805341423564568,2.315082479336502,2.3352746216577107,0.6615331649987288,1.2932733657316544,1.851949058488751,2.7016100622905888,1.1314281136016395,1.2810479414623772,1.2452395690905393,1.5797087730005,0.4044073363501748,0.5068356530890126,1.4636308834255005,0.1721448096538145,1.4143466965250062,7.6545096965825765,0.0030853409340777516,4.357144044046783,0.6932630940273622,1.749687488546059,2.2410406734597497,0.912258349354971,4.07920537403943,1.909224391563373,2.1986427449420196,0.9174722097904608,0.5808458767238198,1.1864184339130488,0.32041456366616566,2.7585758471811492,7.642582594596238,0.09307519925289598,0.8605184928744789,2.2418753768976147,1.545642328824736,2.123514983629268,0.0061787806041841975,1.4105055485589706,1.9245603242622806,4.170504396325877,1.0583774889138164,0.016030857187637526,5.467983315458969,2.571999998676272,0.6000159792892901,0.7074588756012714,0.1609259307191948,1.0032174534134015,4.508612600272687,1.8621200576312906,3.5122464615376665,3.5292732194437577,1.3297684460454184,1.112938036920161,8.866845955093655,4.566112762895981,0.48565504896972467,1.3955970537719156,2.313890932728721,8.03329800213199,1.4224266876796312,3.1060431542776,0.7850811337412968,3.0888651069127384,4.258556095624053,0.8351003127529024,1.930607504903002,0.3651181348741013,0.2026168404248901,2.0870269609100234,1.351677911843086,1.0518625671036588,0.4491172590382282,9.384133980787327,3.072585285630172,6.551042377494941,0.7913999879272837,4.14314081791533,0.12630425417896451,0.09092460505033517,2.7853312156538204,0.47210586558073886,2.1099349073327223,2.174691939427467,8.926607677788823,1.5701131989553796,1.5382058874986095,1.9364604254560587,2.8753888233354346,1.9173542055557535,0.554966332940813,3.94725638118571,7.463578740221518,1.810381579769981,4.342367775515543,0.2976833183788834,2.394663640817753,1.724239980690474,1.0097379190597089,3.6193390810391173,2.0306257336107523,1.4313377477705305,1.0549678144310117,0.9592593433470111,0.14803239374827837,1.0544172773128917,0.0857565512654552,0.529193485873902,2.4544507904911055,3.5642213971750296,0.9377663867776334,3.841307413687848,1.5624661910255826,1.5411607477175995,5.558105222859593,1.034044350633255,1.877490350618252,7.577772496453061,0.9033795956069068,2.944946491692754,1.481969805604297,3.745075305687646,2.9635509425656816,1.7000587775646427,2.1648880410806077,0.9922724976838011,0.05404137730988884,0.6449774410428104,1.769403418525685,1.4531318831005322,0.5417682107521307,0.30282467982829275,1.928137731243559,1.7959327809738395,0.6914963875455403,4.41449922462028,3.6034207865420913,2.3104137842097923,5.141919107307475,1.1788254477426574,4.498872217543935,1.8761510047214998,0.2523152710682215,1.1843164776364208,8.076382919507854,7.579040389767169,0.8352096078958544,1.3863492972011695,1.7050078626375373,6.002333445452355,0.0014572590003957275,3.1864926563064486,0.8361442580701568,0.03451521109752573,0.22424914521307882,0.38733697048680915,1.1767889129454685,1.7410191258630077,1.4430427696841972,1.5882448643964757,3.9508305067588347,15.217869499822106,5.819156610120247,3.8336187818502054,5.763070952251035,5.627939775584238,1.333571938932696,2.801958085341343,0.9874569583718715,1.0197007580438964,1.5393232740982485,0.045068805320825134,4.815220754032602,0.40538454702196525,1.1013774795727205,3.6399606700522273,0.1627420310897576,1.3181025448359676,2.0841956335979916,2.2571335141174935,4.980176961597747,8.644429851232196,1.4949750129400692,1.3550980482723407,1.4794036412279907,1.1065806004445207,0.7888062178529136,4.445943100477858,4.035371906590424,0.013745388043902906,3.967743141253629,1.0023597855047797,1.1500564858787898,0.05269592439910342,4.408082561955066,1.3836707559602717,2.2773471699804624,3.606605862643087,1.658105124769694,3.894841602339736,0.8452842449616598,1.497056926613258,0.727544975502175,9.525820752815125,4.620960424613304,1.7883969284019052,0.03886065461381033,12.610935792574258,6.287469986753525,1.776963066306592,6.783649122333519,7.695080562855617,0.4435796345768419,4.986399365662268,4.189635956605626,0.7588878890226831,4.634354938563984,0.017658505523330092,2.6052938997192703,2.696877551617805,0.7485493263841732,3.08602343127866,4.114501421779904,1.3699573869044643,0.09302348633784457,1.7832841368925885,4.415958327708095,3.3993754296655103,0.2473338093863704,5.761499423436653,4.84345966075534,1.098963368863012,0.11767434881231764,1.3143541281677034,7.173370646585553,1.4632619035030872,4.837040522647186,1.6531308261671054,13.3328520688507,0.08691850036736493,3.2901834062715545,1.885506449804081,2.513704043978277,0.61092190765679,0.2560119304450028,1.443959638309344,3.5509622929302935,6.471434365236138,1.386467745786298,4.860379603884145,4.420371013822166,3.2905160031172516,0.5005794969372199,3.3573940513994347,1.2791213383105557,6.7619919203588505,3.8646922764360543,1.2959481476922647,8.452530901802808,3.6398733305686415,0.008865624744883727,1.3601442569025264,3.039700910005306,2.1282981747042222,0.21009158248712678,3.3632161659934585,0.8354547940303659,4.488497690521101,11.20491621681798,0.019791338102525202,3.510248153919658,8.11088488641372,1.3732277771427497,1.2465229656526584,0.7846273582257614,1.1670095408419194,1.8344506295843965,0.514205551011733,0.5646726949040857,2.8065804841068607,3.0368261765416187,2.8067455528653884,1.1426247508913319,0.24342284276584847,3.345491771016847,3.1890885786527634,0.1580656028738967,0.9870324981478467,4.436351978885403,4.288307265497132,0.19987876272841348,3.9892803325891344,0.35510277535054,2.891631873325043,2.9150274863514585,0.003241678955672178,1.4531788720015189,12.581201172302737,0.9016017051639734,2.516031315986459,10.069351345138188,1.4599235299300326,2.3135493245375316,0.1804702716965716,1.6682010047084732,2.982180837182656,3.805961808414322,6.288497516533328,0.6719787093516039,0.10343867628895342,3.05227484002181,1.1300805668808058,1.3623445958893499,1.6141799486172503,0.4042636655411048,1.0925256510731651,1.7035040424999564,1.4586005516635512,2.391276225162775,1.0431656821129274,1.360113153287437,1.2133362894570645,4.090757363373311,0.3698619818590392,4.336198285569752,5.225585284512245,4.300780916256814,12.894179737189654,2.3546887128138225,0.363606871559248,2.5910618099629565,4.646919612438252,0.7879299097088556,1.7149622375496973,1.9506530610598494,0.5183761074196845,0.6769175941161341,0.932115536546096,4.360530844160122,0.1677916432820028,0.11174616201326093,0.7726647226318912,3.3815138402367158,2.4357047377511765,4.9635833531988585,1.0990045434773792,5.989554888481285,1.3605396668517173,0.9054940927214468,3.044668873326806,1.4737892955978262,0.7926066148622171,0.6901004106117734,4.137621743345069,1.9874796954092806,1.887078800332214,2.345046548035967,5.178872021263095,1.2201049694897868,0.12020355451895282,2.391518471302363,4.295422246315705,6.984596206481717,0.02522881410864508,0.99156971864125,1.9822183372777213,0.8530495337209565,0.04331565189090775,6.294381314030329,3.7699884910848573,0.18156848344639787,3.357325702710347,2.6246863978569785,0.2471601210324832,2.1035686025435867,0.20540936059324566,3.6387619175785892,1.7619634384924407,2.823021653968182,6.60737307781997,0.37763936143923904,0.47470398572955563,1.083531718208619,0.964816924596454,3.7531010344783864,3.743941314477362,4.120428123939121,0.025379361403387257,1.6047969892028204,3.0010669908527117,1.1274746571297412,0.633734765781119,1.2898660451521,3.739126387437105,2.405415350164064,3.358932198074277,0.2128624652648583,0.4125655067285613,1.9327852592891162,1.1120772785639859,0.2356544057930574,1.730074109581818,5.677033318173548,0.7930838818125737,1.3775225744644455,1.9898750500722882,1.6452492878316876,6.346083794044027,4.846347377321339,5.326379946310981,0.4073337851889147,4.667829534591806,0.6166853500823313,0.1453144383507191,12.044982301430704,4.949931937807787,1.1958156207698654,2.6216669026024864,1.997812731217074,0.2826061924710048,1.9677670250932926,3.271660180844206,3.055616269173564,2.5684440727113635,6.294472882494127,2.5831440963897845,3.00492126082396,2.716722216162424,2.677766970480321,3.2874133996859616,1.279468216150303,2.2146911235238336,0.08917572012670677,7.771999361090053,5.174673235302592,3.377778875318781,0.02075067863998381,3.7517812278571916,0.6505471226741967,1.6513435411316704,3.6681690171277577,1.1836396857961429,5.61210819191224,0.7212225187908177,1.6296640467839396,0.790149201777008,4.837581679601696,1.7035116979733838,1.902293917558532,0.06935629140379587,5.155843975292331,0.3493516257965318,0.32157712565182095,1.1409465074396212,5.728665313792102,7.316627898967236,1.5963670513501076,2.8546452097416566,0.14079376150868117,2.525598164291388,4.0525728667364795,1.3409382112624098,0.0019407755510087998,0.39241475596561326,0.9611060125854207,0.2897303269019865,6.906622951353202,1.1908079282314854,3.7288209389754674,1.1913711417825688,3.621919867819034,2.353179365190127,0.38646462293770556,4.6742142723219064,11.377638210131158,1.8898425209921805,2.9147756168420766,1.1873513507137152,4.84789595386133,9.823186803178379,1.1078461922121734,1.2777969100359827,2.6205057869043253,2.20594548434294,4.366517696843196,0.7897045278446297,3.2484254318506407,3.5675652364906316,1.0835426885289958,1.0362749673338107,0.6927186744574425,0.06251091115162621,0.8623880066681318,5.280939869745833,2.747696492135105,0.356740370310868,0.4007753378976402,3.17066802780739,5.447402971949458,0.4882558030705858,0.09769466484441214,0.11259753561975949,2.194442236209141,4.1304070775674155,1.8206938082628552,3.4488125439476174,2.089344627478967,0.8768411494716835,0.06255868171151807,3.33994979225285,0.8275216986565597,1.1945506386203952,1.494284399359717,5.173767626922594,1.5550024168048293,0.08053054098206935,1.4627619516827615,2.361682580030129,9.689389907496729,3.9056257684864395,4.668085550540911,2.0485042359280783,3.8423204281276515,4.3982461521938045,0.440420861238741,0.8377033202169331,0.03988880372221831,0.14356950015554704,3.4187909090518964,0.953170486103182,0.3890290601296883,2.895724609170066,2.232412833476708,1.1242369267617411,0.6988830892165134,0.17976002968851812,1.712215537792685,0.31715444633289724,0.30847005736628885,1.5212183551294125,4.919008544271784,2.660961971517857,3.0357219767360375,3.0377411855899394,4.290250200838116,0.279764438960194,1.0914184771660165,3.210512146342399,1.1849543208593576,1.9282185560495493,0.8614393125266535,0.0007494513131200975,1.9264536330822992,2.69942797999656,6.1662782826367675,1.22110208974593,4.483392213401773,1.7170771520162889,2.5521864882063423,3.003134205102464,0.19349255511855623,5.18967080842156,1.7225560697819513,1.069016132501444,1.448196594511193,1.4885791387233271,0.11451758996980055,0.5560181506508819,4.988254626119357,4.6795554203257534,0.6095527563113967,5.0863240680000175,3.115036209590862,4.3370382816664135,1.162126987706861,2.9023222668023925,1.5362043835059325,0.9924653228676332,0.046293544223462435,1.5910072588203419,4.05860419469322,0.8930734505141348,2.1061151706855084,0.9018363801066183,2.1461134053632778,5.752436105736211,0.8235383230525342,2.5295563629657005,0.31273531496969376,3.130161572146129,0.2150418928713259,1.8698152727955863,0.6036020185346014,3.2097677859373377,1.219650243663915,0.6380612232190682,0.2034945531041088,1.0723977168818535,0.08854187285946136,0.40662427297124637,12.453184466650407,0.16093670119440429,2.5970782145086386,2.9839380322472513,2.683765115797328,1.0573470601373718,1.033165474418709,0.2692655230875465,4.815792693229152,2.438181010460709,2.306261266071946,2.2145048883689933,2.5463417354466245,0.07781879777595657,0.21390727761810335,1.2826983892325425,1.1331733876524828,1.0919181869350711,1.4890597747481749,3.448701176976483,1.0346857773013747,4.51522072633457,1.1485531521935057,0.9383230037079505,3.623897758413225,5.06115087272491,3.876615737779242,0.49754402417392507,8.851996212161737,0.42265571359533133,2.9706131671616722,0.573629209407337,0.895663357896535,2.4059259528109234,2.1679456312026177,1.6337380198383755,3.23691685306426,1.4632955178964826,7.548264778068276,0.8302150362320799,1.5689137320302282,4.832607969997228,3.0956332761991363,2.684231793102871,1.7887446456753988,6.0136439356898,5.779370572825149,2.9718690779583685,2.218957051270376,2.060126758679342,0.05396846105745012,0.6900077526062822,4.071183502932421,1.1346142229383644,3.3237414316388927,1.349409816135979,4.350968526424057,3.4635471975949432,1.5788397950246271,2.299176188334952,0.1813617782112138,8.543609846508316,3.074045674510881,1.9554777096399492,0.6978019732140511,3.652891130650371,1.5076149799396172,3.000913552297886,1.0445776752833504,0.1653095293561596,0.2718402763270852,0.11981159830016042,0.5121273494850904,0.5445985922421206,2.522066986570279,0.2883282080461045,4.226917542067619,1.709519098970798,4.5794507895555565,1.1357866270613093,0.477152704483663,0.12369398844509494,3.815875964842372,4.352094717874128,4.169271801232928,0.8070483203574813,1.770668102990145,0.18542096532388075,11.881515328671245,1.5169171048175063,1.4776236611355986,8.306406488417974,2.9270636434517012,1.1598291068389615,0.19026591317685515,2.5416859566312766,0.8476725325502992,5.12239157490775,2.9666708404593876,1.9643882088517308,2.6025118281318798,2.6533958907602058,2.6389447975077163,1.434864148166597,0.2885643296344037,2.7026253692552293,0.9568432847792429,1.6051232837127367,0.5209951011318243,1.7043999560143142,2.8277197942599734,0.5499870281950625,2.1979000655753724,4.878833368662529,4.2793037545154995,0.07232195460658242,0.6282913124486292,4.122083377250711,0.07467556004581055,1.4659239760826288,2.686059719072676,1.0166873571571038,2.715336647006721,0.8600503594334192,1.2803014045377026,4.991213545504323,1.662718878075457,5.946729396055659,0.8471607158198218,1.05028965949711,0.19049724441251348,12.107609393043314,1.622007914530327,7.362976110394156,1.2594381781420154,2.264856953039192,0.763563123801482,6.17443716128669,1.2363034826693695,0.007456217348618899,0.872950311052181,3.0855361058760042,1.4082989290189307,7.240798613855784,2.5431658124891614,2.442197601098523,5.212652566243003,1.6023617810721362,6.480628999717728,5.6895448764181165,4.510915267588134,3.7759595920277573,0.07092928988084513,0.5955899700711299,1.7697508661515091,0.07783617977041501,0.6113077435666997,2.3502501561536757,2.5572100666331723,1.1211395562529962,0.058032843141172186,1.6950032067755738,0.4982434291013259,2.3958606102433397,2.58996383928339,1.5118086286360075,10.16550986438331,0.5736783111090523,1.3644538845376801,1.064305415218724,0.6868967576624931,2.97316668222994,3.4310296950090167,1.9034848484587266,6.326481227933963,0.10183816610604324,0.8968043931995706,2.0478217842129975,0.3351381173673391,1.3474306128746443,0.16812557336611167,0.38872548916992766,1.827607038661535,4.3814929207484195,0.02842484438306614,3.5911340714329705,0.4417509196260361,0.7292423383875365,9.033289784557656,0.2829029631100606,0.8750057178754451,5.501819921310739,1.772912925338216,3.415966986246116,6.922818019879915,0.388571912042196,0.843402819642947,2.5168969909282355,0.860550510532168,1.2296945948976359,1.048174758675807,4.592109073532286,0.4121279419778501,3.2584555487401143,1.0896981023108445,1.1843672769635736,0.6254303532258281,2.4784882118238616,0.47474250654303485,6.207167503623669,2.678273616822943,0.9548261875945259,1.8008118083969524,4.773417727450005,3.7578102869270014,1.614052845322357,0.08597194084233961,1.8978932587873176,6.4919948364934426,1.776375166048265,3.2770644368949915,1.8930354755997185,0.9107974766794058,0.688665795486894,1.1300469798842223,1.3424366965337997,2.160488988605715,3.6353961701038653,0.7055962732997254,0.0043403331840229376,0.89679725119565,0.5769628761362466,0.43296088733307236,8.120568047622072,14.169890622778205,3.1622682356016427,1.6213415844475345,0.7047734248802237,2.675955459177568,1.9768891466552083,1.7469614019719004,1.2417718353208322,5.9607536178814815,2.5801437861804626,4.318856705620058,1.286603411158996,2.483278202411894,6.548722503240864,0.046463022503358264,0.07429496630050625,1.6096456495455853,0.5461413834958608,2.7747515295917697,7.823649104025966,0.5251914260311425,0.026051741277669294,2.7013010368264716,2.2205674888401123,5.607864436327335,2.164900916992033,1.0411926545392538,1.4291307746457393,1.0511428974173171,0.5543014547840959,2.146074522821251,5.329144964425067,1.2403513187719346,0.9380085426462692,1.3895101066314168,1.4718540125074755,3.9564352793620796,0.13108104558202527,2.354240762741559,0.4366298153090993,1.417528544077299,1.8879193403177221,5.7467591466451005,2.848406833149866,4.178671636511066,0.4251263624236424,0.6187686648782753,0.7443152152538379,1.2519847286056789,0.9297083642911899,1.0078681696056537,7.968910864548192,4.254985974130632,0.5813086925971905,1.080594183225354,2.2964302054454766,1.4661501140499285,0.255728226222041,2.7875446000211905,4.24844428502625,2.0262478258859766,3.9329624505933287,2.020512991777935,9.708617366697675,0.7341692809847493,7.649552001946027,5.118016486210646,8.76042324949518,0.3927383178639786,1.0132360031631769,2.1126090993513627,0.39180982128844044,2.8508085816195496,11.798755380946615,1.465971489950265,1.7910810359640144,0.62385819942679,10.12123473792106,1.6520030705637145,3.1648939785729246,1.3421416760273632,1.5257386311449332,1.3426015811558907,2.8791626631356655,0.9088133800029985,2.8569867905706072,1.2039514839396301,0.026340895263959274,1.8608463913667905,2.4602459878913376,1.1209697370778196,5.358680797806439,3.111849401426298,0.12127631301122088,1.41553349609332,0.16783824252182122,6.207536327365512,0.3000637041251151,1.2666559649397116,0.27055200543244673,1.127506095190959,4.675263065970279,0.08383496917402244,2.7493941497468213,5.472031447727053,5.771666778869613,1.5309994569947385,4.927830721104506,2.298652268276716,9.447902587012901,0.6858787014571552,1.9569621580186483,0.8498709976410608,2.2082376916188644,1.296807096753121,3.3382261930659833,0.24937887424237282,4.9783532219214095,7.385755194166309,0.936341964873449,1.3714521386743788,1.6217091429413857,3.853172878964884,4.619202168195375,2.6721620971664946,6.840491935775095,0.8455424304598026,4.874709367652716,0.17746004979030916,0.053994571065444974,4.351152838450856,4.39963305436194,0.6689063684920418,0.09025560099315011,3.287926123579338,2.1514181495348965,0.3100359038814342,2.2778390392663437,3.527457977262262,0.6545258448539666,0.5841000770608874,3.3599329702977543,0.3155879716600523,5.334804042694887,0.19993871985081046,0.27182525530903545,0.23641614126560395,3.475642413585061,0.04190777628779241,1.9200585422882024,1.4983410312130607,0.14922424178614047,1.4872926857534354,0.8108761835879226,4.161733995159587,4.245981247941452,2.139040441071699,3.6107713191640323,0.7488256344378872,3.2389635742867178,0.6313208086540849,1.071687008349385,3.6199119213163784,10.320940342764494,5.374443764202716,1.7140794587543176,6.250828622078327,2.35297849709162,4.940892934731503,2.4083695613167766,0.5620086652788159,8.321868553936051,0.09783088310461904,1.8173003598063606,4.993217875860108,2.7866419962149136,0.39902555879838975,1.2514729722402318,0.6725847452856277,4.661402525136012,2.5590143183173764,3.232826510311408,3.0377256485572275,0.2692682878938548,2.911793357517122,2.259030839379978,1.712397898130849,1.6435791722328297,0.2851036885369821,5.673421429257889,7.111945262153378,1.661196738584517,3.6995175647629246,0.15271647938340283,1.924689094607051,2.39334760688713,2.806316732588531,5.405241027507016,0.7630282040728917,6.243884353792998,0.9770960096541701,12.51995964474069,1.0517866978981285,1.8539138452806287,1.8511957244653798,0.8267022720474004,1.4457628811089163,4.207098140830022,1.5860258491385741,0.3298407571981685,2.841076010881523,0.37985924993612263,5.472594717198397,9.229478167095898,0.2618331656301558,1.1545162653449892,1.3908977807106242,2.2416716488245796,8.367748480329354,2.845456869647058,0.27698447408608295,1.7559955602625963,8.280503128667865,0.39297089834020404,2.579059990876253,1.0777747759113834,0.700390121748657,1.9434920299286653,0.3791802225259065,0.6382508205996822,2.983007945193021,13.380632165911138,0.9358575485725409,0.025599270626957826,0.5604468673544064,0.8993154266725771,0.6555547126802248,2.37547819649372,2.613600562421806,1.4113561578456406,1.342581081424801,2.205182690356446,10.1513900035054,4.353378332855307,0.4944079418669828,3.4155757122196633,2.5812513070147167,3.3853174094033935,0.5423219203363896,2.1468184934619226,1.3913402064095992,3.4241122554078496,0.3328595502550386,3.41577084414173,1.7597197089244418,0.09548007428108729,0.04381312075923971,3.6683138153106434,2.093482356400762,2.63820886738991,0.9054847510392046,5.474672923319505,1.0689077854587814,3.2489745196808384,4.328737812895784,1.0237907857930861,2.3466323754093676,2.917422499112382,1.4657907739024587,2.322627916447344,3.872575548517468,5.961204336367261,2.357622819398924,1.9161940666223123,1.2890075944741013,3.0142523932884697,1.6326078260432078,0.38342023838840467,1.338826651271311,0.6116011786377227,0.03244360119173828,1.077565656178182,2.1009389600731097,0.48664215991941173,5.211635739100316,3.446863720212668,2.4007917025857757,1.9300746602113035,4.321501593185201,4.172627771026166,2.2414051688633774,1.784281752014444,0.4722518794835163,2.2040046322692115,2.2695304816623185,2.5504179400701097,3.0529621948784964,2.755223487000676,1.3386606696885779,2.7257062343136607,1.8878830878914048,2.5323442500850795,1.1154240216629305,2.6436703779989656,1.9171462329483642,1.9717533724957979,3.092376798836648,0.7107416246934899,2.0527310856098775,2.9725847095058358,1.8100429209908877,5.9742368568084405,2.1534091791829733,1.1487051566360882,0.6553918476931646,4.183060401849267,1.4556882618053155,0.032868133116791154,1.3578131326108713,4.525392767220467,6.6656443714384155,0.9929964518641656,5.147891697705032,1.3942265258542772,4.8297708081817,4.5781698176655885,0.4102980436391448,1.0867878285370267,5.105733910798113,0.8455439582883537,4.025624151030645,0.6073461348315492,6.253139774027447,0.4616659448949636,6.261337598919298,0.8789203357963573,3.690121623866225,0.38429934185706416,0.7419692887585532,3.2913773141904974,3.4225979291596977,4.799018687457913,11.037119087291229,0.42375976372626045,3.1946693018559618,1.6265087767896906,2.094597241671935,1.8726153611597907,0.8572799410263483,2.168143548493538,3.5863415144482986,0.6162414707636201,2.792937632195869,3.3255839571203287,5.811027011754199,2.2149935782162027,0.8617579813117782,3.2153368090803323,1.7546644412110612,2.648447719314805,4.917045354331066,3.8253340354398353,4.754148023828791,0.9891221686032032,3.851367086857532,1.59821500484525,1.021029014140125,1.0206460081433124,5.051976711596491,1.3204881170100022,1.037833403424594,0.5981880358967744,0.4384808583226669,0.6452706304129597,3.655124822340154,4.389613890447571,4.009891328507343,1.241697041997237,0.7707443699669938,1.2950409887773016,0.8953754716614857,3.7516590172142594,3.2301053699349063,2.378872228570505,1.320507209748425,4.196143719970603,0.9802436200514637,1.2372665285988436,3.9271308524066404,0.5428903094936013,0.9644581827071979,1.0914279160978746,1.1836898325874936,0.9312963638639773,1.4477006661705352,0.8999047205307016,0.105800117056979,8.065667305553086,1.2246912625844955,7.223398384444446,3.1027661705020346,2.188166763408935,6.736924249200584,1.6480759768652695,2.01177206761558,0.3995808291756666,1.0012942039198505,1.7793067808090524,0.8954764051238424,0.7801830899640882,0.5360654304744845,1.481333418981457,0.6975276646685222,8.298804158597566,0.4857728821594007,0.8360517999844324,6.501670700951367,0.2750633635122487,0.13142549137947745,1.7321325372872873,3.062701791827508,9.344667313140116,2.3277680879632467,2.4685969086900954,0.7697093048324462,1.4126338591783807,1.357746647675329,2.2510056551245348,0.8723929123490225,0.3668048804469477,3.3406091578545567,2.6379271370986626,0.7757478503486261,9.917316376977316,0.7068779207787914,0.7201382762348003,5.809995808872582,5.692665321272593,3.94883196762283,0.13800679631719798,11.659474435291974,10.079545424598475,0.29608863223913096,2.70048059664545,0.9029186578564949,6.154274967002865,5.878878399830244,1.8786804034550326,4.237123252623649,4.018215909581671,0.6814012860516596,0.5605809314282062,1.1487121295032081,0.01508522582533045,1.419416539709478,1.3603221657785909,1.1538567430941113,0.5860569318172051,9.695363868465588,0.4210743239868693,1.2819227851399233,1.5594130863403064,2.3155276092368418,9.960713014640117,0.5584970875315798,2.194170634450682,0.17643840093296603,3.050803588790701,0.9011770946321365,13.79590871864202,2.338215370816177,0.40959966940499815,1.6239894988959194,2.4821804945506076,1.670528394317608,2.114488082284682,1.941157070938257,1.9248612245113845,0.6729466581782231,0.6059179060389509,1.8702470441562058,10.636339651190584,0.6379310904584021,2.2906745506994644,3.3136329828865567,3.103321485497393,1.7530969372232867,0.4424228669625743,1.1968483920770692,0.5812154891498702,0.239918721980251,0.5751042289421757,1.1585328321573054,3.2541945775842294,0.3706449663151005,0.9821478841432008,0.7811321590629263,2.761431203983536,0.11800204773185138,0.1379137328582234,7.338956708198957,4.224771955874595,1.4252979334322937,6.40532905292375,4.343386819112754,3.121831967141664,8.664019064753838,0.5450292815557343,0.6379744662093674,1.4011815271244925,6.290933528901851,1.3171294369129154,7.949053578963969,2.087717959602121,1.6329580391233192,2.500730417783738,4.852588200874675,1.0729578795854535,1.4191736618731647,0.5634234639906703,3.5192195769463233,2.026315462958355,0.1388121811537829,7.229710797777789,3.9953705743035903,1.3470933798111742,0.8709995043470657,0.7768844221123793,0.4299117704032642,0.7997303314722681,1.596008129921362,1.4042640774676651,0.8914721777225214,0.41925134496311944,0.9979821202823362,1.3138250395607418,0.5479599039627263,1.5677519250579888,0.3854126797126844,1.524521039754907,0.10736293061656182,11.553176064621422,1.027082551949935,3.5463688427711637,1.0658244316600467,0.9307705981177309,2.7280985886790705,5.206455969803097,2.2691068689567766,3.6949100257436815,6.905069135195911,0.6277665195794586,2.588330982642039,4.258989194550279,7.9919580408521735,6.219456608119719,2.1888683147232957,4.8503571588986425,2.2961739972514543,1.1100143398451734,5.278157784370736,5.651534477949827,1.5859892445316837,1.2843046449095032,1.0914546018110436,3.6227628363303195,5.127349687195513,0.15671809520858604,2.3831111682755592,0.09396464447262565,6.786919742981268,4.358532734791224,1.61539509015974,0.6880916250688967,4.786542184151314,1.5824983039185336,0.5300577612622541,2.520441831053704,0.2567312598481497,4.9896184972273,1.8968462307057226,4.884283645993509,2.556006576341723,1.9485969334318456,0.9764830482493561,6.648065057844881,4.329546531834597,2.884276642088868,0.12149988121541,3.933166699359134,1.0190797411594714,0.7995842952562635,0.5120860384422549,2.1485946870204327,0.6631287272279477,0.4974451786834983,11.831660624833335,0.276039143652753,0.25958052531538445,0.1792362852083425,0.567093378257463,2.4085206114838456,6.250523828003505,0.32003542135050944,2.2604175419842054,0.46464067916177704,0.6121008082575544,1.173065237364304,6.053144652001316,1.467725410947064,2.9619643805377587,1.2726168004555458,0.059936834452954946,1.7797052552190977,4.883893553304277,3.986862717734757,2.4458948467314716,1.5601875864509904,0.5541519944317961,0.5075437274438954,1.7422536469379142,0.5725140657161811,14.117181448468596,0.3355183892190946,0.015177071815294707,1.7429276474249793,4.730037706576927,1.5204695965611834,0.5018650050193895,0.2393831795665966,3.059132891764951,9.138380921373756,3.588104863480749,1.11619474950606,7.671463335844648,3.4457787665674977,8.9838884104367,0.47035047753598036,0.5315147540736607,13.374707033204466,8.228896288115447,2.194294903453356,1.9841700795217585,12.012721908756461,0.060941676808417444,6.903273754540487,1.0859539103803884,0.37496609697409,0.8156975519023622,3.1773266324612806,2.7695645513472122,0.9639511908280249,0.2361551308395337,1.9941489563005959,0.6056606351238829,0.1641780943182668,0.11703061162938033,1.3949049915512455,3.290202638509007,0.6531383940966713,3.1849772223502657,2.0750573212842855,1.1267979409372213,0.8484480999017308,1.133716068691173,3.220056167051445,0.5546430956918806,2.480774824942698,2.7055137326593623,4.879647716842207,1.4944216438063376,1.3442137057454357,0.03898825537527717,6.075267802297571,3.749227075554661,3.9864610874658832,1.2838381494888103,1.8357738698597699,1.3335282620183062,1.504730233894827,0.25868476091793646,2.2573353219856047,0.21421326513533012,0.6944919942252747,0.05185379638942056,1.613260328796236,0.3008261921086657,3.7089308487790618,2.454471191063681,4.151840817202119,7.119977533458245,0.020828760048983597,6.477980251916804,2.743537194893729,10.826573423595553,3.581576791870882,7.637363326172611,1.6947795083502497,0.6327110886081884,0.06052441574711709,2.36391443012246,1.729930257716997,6.076833038845235,2.134504786334817,3.6747853539418034,1.3980986788624061,0.03979032038780472,0.4427816040304897,0.6405822097093976,1.343241670538465,8.222676623498613,0.0014764061466960854,0.7310182069851204,1.7330154117290841,7.975227171025036,2.5237317138549225,1.5028500795151505,3.092470428381604,5.602434071313386,4.75434627582358,1.323504311406683,0.3485437814934069,1.9495043139756756,6.442735206158767,1.5085381645949452,2.716701013969721,4.995031681376189,3.9952232837790413,2.925411783501873,4.294235368377021,1.2513182439278374,1.2838669370608338,1.318462489952048,6.816572139509925,2.7937766713190886,2.96091995627259,1.1463829406708927,15.264600786535135,2.63128980091631,0.9210451468674195,0.3121148466555632,0.5192682855378863,4.397561769994727,1.2285876753740936,0.18956417299647255,0.8028192770546574,8.100492411896349,1.662065787993409,0.9141519205750287,1.597813206338301,1.99733687774149,6.387750749112509,0.8778874915718298,1.9589299305061527,0.0772187402018496,1.60323499392449,2.758465742662157,5.244035516841141,3.4587219243912357,0.4626084776979944,6.1248828077473405,1.0479670245293886,4.0632239157752,0.9305643700033346,1.6693276944584385,0.6343111414930611,3.041767573140847,0.6218305324069304,2.0148109030708894,0.6062474626450394,11.03278231586801,1.006028633905102,0.7208800937309582,0.014223138492694076,1.377305382233431,4.7140755962619805,2.8336461299999396,3.2329965182943554,4.139842553047123,3.648374688032588,2.6055501439992867,3.059678062642488,2.313444444637303,1.3512910820103246,1.5949037423050276,2.7593037561551137,1.6162825647671155,5.625754720838474,0.6748024601708362,2.838941324699389,1.212961300272202,5.494926495908684,4.623518052736374,0.6292871002061295,3.549626748180921,2.2798709065368694,0.45958202528812064,1.0252388165177901,2.4441483540065985,5.647648899746645,1.4904720915213439,7.6982935040981415,1.125138383966478,0.860516028711324,1.936501367587314,0.46247740564091266,1.6898825947093306,1.8828140067509107,1.6952520647350093,2.044207223514065,0.34360177351137355,2.226746659026279,12.923016133101886,0.8337008185823129,3.8741691166046275,0.7626988708915705,0.24394711047660134,4.547021609186674,2.839479721001948,2.3741882791740685,1.6740347544384597,3.76410104817592,1.015045992135123,1.872351124536558,0.5322669529264143,0.2414719100418914,2.6032429206753855,0.32186798936776084,6.050010958306528,0.5437795696251424,0.012223130272063898,0.14811407243990815,1.6405640908933334,1.8155153125273915,2.064106150991266,5.109476454169249,3.539022809488935,5.485979701364049,5.984594964074086,1.080729281008372,0.922225540342966,7.229093000996915,1.6645447690944504,3.3076418431218437,0.9984298435569463,0.6688414633575888,2.6176983069153694,2.2670917867664757,1.105610554168816,0.5245961819121683,0.8378801018420873,6.065511808277436,0.054390669211491716,1.8396394612440345,0.48129401088330703,4.712825565196721,0.06446550433545506,3.6807274313808183,1.2334977806918554,0.4521689150089596,0.9791964640441715,4.601226092253934,0.4233633302782311,1.772313034273533,1.1094308869018246,2.499552987008375,0.5940199457990987,0.29776582345847524,4.454397011177412,1.2173368827754143,2.437130854610973,0.9280894745384201,1.5549692746378225,5.58992337870252,4.02745385386106,7.524194898246549,2.0002874091565905,9.376404708665415,0.3922119049107379,2.813750298468094,2.722108309086458,4.441475401281661,0.43439225870428855,0.14604470985408113,2.3170789008084753,2.6952734115221495,1.2615807674391333,3.177578755446312,2.34478297716067,1.8400009890899256,0.5832556061870399,3.894069597396215,5.934248180017349,4.057474940455851,3.618327595028668,0.33546090021227215,4.626799438314286,5.163242694673284,2.4605928314238685,1.9574486011398666,4.8259848071450815,0.3725373567648451,0.8985721233813744,2.0214149765433467,1.1194387368523573,2.7703347690427806,1.6945765755300748,0.4426097148728716,7.868780839898975,1.63573506297125,4.857711180562246,4.345313603862371,0.8734893936453256,3.6234252588629134,2.6266979710922618,1.9027170687431256,4.342065123585024,1.7797632011281106,1.643275167528182,1.5078755941820545,0.12600272660924272,2.2192071796245108,3.752546532306697,0.4598479404545872,0.7608638775667951,0.9918327252690193,3.8091107447679704,0.7209850822154198,0.7434143456829941,3.278572304810515,1.2616291923377667,3.5447079591090924,0.4727382438630219,8.727804201696996,2.075646003144487,1.1314591219269552,1.4990639149254341,4.426122352491789,3.893255122377762,0.847953666211277,0.46192863854834887,1.1711492309529272,1.5185244248149652,3.7407710816158186,1.8374842456034122,3.428719310095196,0.054154461771010354,1.00606983977805,12.845073228272081,1.3879834819284906,6.749622010880021,6.029858807792769,0.2589726549902245,1.3945771337898245,4.272171564282592,0.02469882547356317,0.05664391992533857,0.7099116114791154,2.3556535791787616,2.376048147063356,0.34388171116655686,4.845321410075161,1.3491150996429324,0.13012717583575567,0.7192272609651258,0.07054481160488568,0.7182337555466913,0.503106987908944,0.06660909220905564,1.7819144672610137,2.3634287402099616,7.535327775657505,0.4456449027517049,0.6812518145304336,5.035093337203916,0.7921756475339481,6.544149493883705,4.199384616972471,5.267385898683347,8.340007804423813,5.10644721880575,2.7449097842155243,11.136988289779481,0.10608899655767301,0.601491537169848,0.5336827743828196,12.350943685647643,0.8301933605678511,0.012471993504242773,3.8260917002178103,1.8369924143842682,1.9459218031232017,0.06791167645730156,0.05551494771847604,0.48630953288826495,0.7219364633739511,1.7162361414748926,1.897553102678747,3.3926277740228983,3.3399135950976047,3.3589010519161993,3.5638533410909243,0.5627291023743564,4.806050137870169,0.03355260012239092,1.2486583168240282,0.033428754103601355,0.5849603134889136,5.470303242421716,1.4362599053170482,7.191176211501144,5.912834495062387,4.599642501530011,0.034805582859289697,3.2996883926501086,1.509270548527476,6.25186622819832,5.744467121808649,7.156263893815373,0.6334026037536475,0.5329922837880596,1.3077505084449221,0.3112329164352521,0.057756440460198455,1.2037402054111634,2.9032395931906065,9.440878527533133,4.336584872464492,0.4662749963897558,3.0764577382640503,1.064938283370867,5.322453022777306,3.904413228558967,4.328450596474935,0.7747423654038669,2.019049014867065,1.5513325790313548,1.5312739823175119,1.8052486064478146,0.9318197744748065,0.6233622274776929,1.974006702446823,4.008282854111284,0.31206108580019887,2.322255354966816,0.7218287940387653,1.1243545279690226,2.213322401510659,2.122011849129157,5.46460269277936,2.9224080736607254,7.925595718912697,4.156181715643028,4.166877412802841,1.0037099302048775,0.6971608986944332,4.376691125209473,3.4138268228541295,2.6339718804633576,0.773739720005677,3.871272000465156,1.4686292793624103,5.6019530897305,2.4036440209095637,0.3082916706536568,1.0123957174687963,1.1945042901340601,6.46145441533094,3.373097979913019,0.21507207375021853,1.1835234962873504,2.4823347818962627,1.9235354201869763,1.0995118828782977,2.689569495193919,4.512416946683888,2.461324452122506,0.1693148579133832,4.3315958497955105,2.33801281209921,1.7437788598991082,4.884668901793549,0.8182483292903959,0.1276430041827228,0.7460570948092373,0.024370022962078908,2.0236314530799824,1.0873463191661872,0.010489492015102297,0.7084275303669165,0.034481512807999604,0.6455635347622115,0.301656250793755,4.599884195678738,0.888522735511116,0.5845774959444765,1.6450347320564929,3.263461920684412,0.9411166091040157,7.687386483014785,0.8642102583581996,3.36570298701699,0.7507642722660441,0.8226355979121428,0.5184614030770963,0.5089258132975434,2.5470682176483153,5.233395164008386,5.961001622565146,4.342078721742319,1.152166722157672,0.6120895929769694,1.4331020569500923,1.3846274945645205,2.046748361947076,0.6065296196546782,1.1108144251739587,7.1364759880047295,0.9767515855761866,4.252537420153621,2.119221894321138,7.323448224701919,1.3297005622919036,6.157315109518166,2.4098457677116634,0.9718896402475781,1.0631687569299741,1.4690537629597884,2.2694240621511534,0.8506540665400495,2.595246850293025,1.422443760956235,0.06213918556470688,1.1306123401609118,0.26591913516211363,2.3154886745422445,2.2372870633719923,3.7207411934213273,2.58203997451107,1.6669583647217243,8.597585074734805,3.7400893625240528,0.396661106817471,8.534177524833714,0.1458167502687019,3.2942792954660134,2.021653708137003,3.4222024925421493,0.5907107379167584,3.7517573753776627,4.8820912513974335,1.8713585648459523,10.038887418808669,1.3069631271595237,1.4934566573428465,0.022314530791152976,3.0718595710334835,0.8869048570670837,0.5955127129062927,7.0339368747199735,0.9299178155684737,2.128635631317029,1.8087514196520755,3.767535334796627,11.534802057624145,1.8294765961826953,2.6191566383340406,0.9354517426055518,2.216138381108201,1.9971208390671942,2.793337671827288,5.052975168550637,4.521819017966385,2.5094442339867786,0.05160956782905468,0.23879871619461635,1.4442831343981715,0.8129066525993847,0.5901694576900228,2.7198956885494203,0.482774692713819,1.1492937242698118,1.049618584957356,1.2730011313974292,3.7131351032890945,0.8292637903302463,3.482034868194584,0.649489588026352,0.6305058251666242,3.154972733005219,4.187841226458585,2.18918022813916,0.7507349527172238,4.4005561645131195,0.3748516887898181,4.947143991632713,2.4798918392376548,4.230115014262457,3.7784961404010513,0.09133851266000592,1.8776215447367623,0.5728062562267412,3.8164521436562895,4.057202989539502,4.809435053273026,3.639546195207128,1.1438243193402389,1.0184731300212868,0.5997288792131004,0.8985386735289822,4.6413145046550985,10.488900655885233,0.5806084421934128,5.025695194741687,1.323173838300633,1.6144843858431062,3.3088602492156216,3.107354786649311,1.0820095244534462,2.165850595768825,0.7265157648695478,6.8031940410503875,0.46780316669412114,6.305273550548669,0.7381823273256849,2.1572065723080147,1.7749556605973722,0.6004440279451408,2.0983609491688817,4.542273158951993,1.802187961416489,2.214913457441469,3.869215583640987,0.03407925730356065,1.1389180395466554,0.5819114428122227,7.889990017398276,1.2723907574939157,1.1546802335619686,0.6479738634038195,1.06283859142863,0.25923022349518066,3.475374228102318,0.43242263180726204,2.736096987221437,0.5941469075342585,1.8705229766686493,0.1826997751752515,1.2240210856888076,3.9993416479508666,0.5797532669933863,0.05154350781068384,2.144186656116841,10.224154874501876,0.7787304652027811,0.8655182621810149,0.011840668685517919,6.454420469670931,0.010954204502423681,2.9000637822658657,3.0610990560594877,3.89362267513083,0.15699873862179814,1.3555049632781442,0.6746034712120711,0.7114429048190449,0.3868871851685438,2.3430744442582894,0.05246511609045923,2.6415553342056106,0.41759147462290225,0.13778574084774164,5.609295732727897,0.5833208747591039,8.137166927697365,3.0920444234010223,2.752464447490661,5.956082773255832,3.0484166679466433,3.1218940541109026,1.6710101649283167,3.6214755735689916,0.699609583929043,6.156386433820397,2.1988194266777468,13.955776314582366,1.1175207286226843,2.989133913630515,2.8038174333681747,5.82443180257042,16.75224913137947,6.1066777071745175,0.06790068125094223,1.9322706234874585,0.26019193738158863,0.6377243270991975,3.7830071235169243,4.822217175888792,4.627622960090344,0.5444827095904408,3.7869703160297092,2.7859706875962473,0.3722460769593472,1.7662408331167985,0.8464107150424475,1.645881810731202,10.58784518934231,0.7046218116510771,1.5397714913248324,0.8845185053757434,0.47522120275542934,1.4635868080616965,0.990335136083085,1.8397167238070353,2.6057073199164607,0.3395985512539581,2.2736413530519357,0.5566173703266173,0.5207275828897804,3.4600810102154145,1.2211019095117273,1.3037498568587453,4.7910767532871095,0.6943332804653395,2.8077910368998316,1.2682589044869585,0.040313636666349406,0.7534132569330121,2.011718615581999,1.0782094406655418,0.8164789035064732,0.9239434212356818,0.5993267985944265,1.5764766387649525,6.287509173054664,0.5592739072092954,1.0994695745008516,0.5724238412421353,3.4188829737763333,7.673206688631431,1.910887536753898,4.046035011899983,1.909663155712639,3.086416777293021,3.1890235381335286,0.2582661212163063,1.7095270006233876,1.7538495208929001,0.08215807822094945,4.008593834234558,0.6279786413683721,2.0981337907237143,1.8456986281325605,1.7838136142994871,0.5769532440767662,5.663723143883728,0.12315630361620722,2.5514522354725764,1.0259318997282245,2.1206424253056055,3.7120224783820612,0.7866068533744364,0.3764814403959581,5.753177093664824,3.2206629881920312,3.3165541438821298,0.1423030232360376,2.808486685532809,0.28821842552174126,1.2823985119337153,5.594633669896167,1.3559095724518027,0.28761426746563407,0.059040316887436495,5.627837405639666,0.9638509997785276,1.2470095707412758,8.753116539598619,1.0342927179939627,3.1808881857317637,0.10542309459381921,2.210047635739531,0.3068814366985342,1.0175706737490267,0.658471780262464,1.476727874782409,8.642659463697926,3.7202862686680933,1.439338717181512,7.88497903343013,3.610772376205828,2.7855974562803554,0.7261050635271582,1.6908827533984903,8.03327835986582,1.1207746200956379,7.107680077463505,0.1119051290505868,0.37162822539784884,0.6042875270266126,1.9076782353036708,6.607837485303321,0.7589439160459095,2.453594856963841,0.46768608070121565,2.204879282680716,0.6746529806046551,1.6342586792298421,6.631068601193353,7.651482498909566,3.626545877289291,0.248260793839707,5.621054693344217,0.9408226085051701,1.6746365999169561,0.33867414160694786,0.7279015557286613,1.3216886456567405,0.4800691637402068,1.2448635339162675,1.8248400864134866,4.981451478714833,3.732107521505723,0.8758064395872607,3.8265524306835967,2.2172069394467413,2.2723481253425244,6.064454276364414,1.016590068602199,0.8893528283798591,0.199547202293398,0.3192391834578514,0.3920551610278624,2.0451128094576365,2.189821128132639,1.4104992882778142,1.9307153840440405,5.693765557932907,0.5087306320364968,3.308269550029962,2.1791867762894226,5.666040941553282,4.461888829859971,0.44757714948818816,6.767909334682126,0.536474650038779,1.4471377975793398,0.4766413751349867,0.6857940868764412,0.504044038995856,1.679867398245782,1.0122327589948834,1.0800304353687424,0.232779727840422,2.274169471436934,1.1343279995979776,0.44783419568257044,3.6590175640570126,1.3750483024763036,2.0847963454239338,0.10601855629599677,0.9176664675957145,0.2099070744940711,3.213454725104343,5.244440458085402,1.5570750915733647,1.1689062678980782,1.277796419031086,1.9372423894329789,2.3465018118292815,0.11832852012664241,5.479237286342881,2.427944368281039,1.5762573992775506,0.065252877767223,5.235639857746737,0.836841969907236,2.0624248055681287,0.8549974251921568,2.6605948816149834,0.11108448808283033,5.335008543740364,0.0858300347886532,0.47608977138081743,5.598784354366114,4.564524709771883,0.43237309529213896,0.48453670294172824,2.958235955633124,4.6328404777656385,1.4158554898765223,2.706669223833794,0.8377993088728419,0.2902170951534324,0.6801478364172189,5.198408694493156,0.6987386184473232,0.034204564032672136,1.558946353440082,2.603828934714238,1.1603446659385712,5.580159731520864,1.9272552801908465,2.607163736095864,0.4739691726270575,10.063067547232679,1.5173680475825155,1.5275900697073328,11.643146506299932,0.7234008990643428,1.4804064730264055,0.7971093622970309,0.8705640310234083,0.059092787838924465,10.252027150952616,0.0829391332682562,0.10621049588580811,0.9936013004335735,2.1723658119314906,0.05724927427128235,1.490669687194131,0.6832712060741266,7.942484839244392,3.2543429160632975,3.5143821726154814,0.22367794781468808,1.6291543410855958,1.6581985788840201,3.387915266043504,1.4614114329153962,0.6757543534446409,1.5620867688972861,0.054599520701719584,10.236842815810911,2.292875764063032,3.99662028829707,6.263846970170289,2.74181542425356,0.008315767993053447,4.805849773715907,0.8723136749677911,0.01476075593872106,1.3777729085058708,15.47927093792283,2.456781085728506,1.007809404596823,2.5547835203769793,0.7700209626807197,0.09430311372855282,2.896797712707299,3.3905219906115938,0.014141399827618972,0.7048519721413617,2.811677884731168,1.1077267410533091,3.3362815282148954,1.5124839683341267,3.757869298493466,0.9789317079579936,8.410709796366476,0.09156064647309692,1.404214608161531,0.8619690409622325,1.4015894000256814,0.9491722402433087,0.008675672631650144,0.5422532393176476,2.5441602065774775,3.3193774467737063,9.236794036516757,0.6367729088255061,9.692956890490647,2.0121345996220446,0.7204197319753174,2.2217098669790487,0.231544485757885,0.2329950354492194,8.311835917859579,3.7939741718040763,4.954006798817574,0.20991796567253357,0.6691469707635093,0.06730183597385553,1.600649842350525,1.3074067072589397,2.9323463596657042,2.3198849379039146,12.0905756397309,0.42711603522173447,7.527671231436881,2.6041010875100477,2.4181317923944587,1.446785472005228,0.022609101773011314,3.5734853548166434,1.2609573444287434,3.10232175978179,3.4415639999574505,0.6563949391124932,3.192836108045607,0.9190485714023775,0.720312309148224,5.549808144577584,2.5640677365573836,0.1844816152167736,0.13493149610863908,4.650930488362419,3.5162125547814878,3.1943597349007113,0.8473299504396352,5.268196224668144,0.6524830037940024,1.1717043208752487,2.1363038391144347,0.5048821369993828,4.488730897158991,1.0787657395732972,2.335421254310204,2.537786499302329,0.1839447339769671,2.5637717331484904,0.5681964941434381,2.2647012737044125,3.792160811208781,2.5261897447152193,6.483794258374565,1.2998242458488933,3.906220246488428,0.4710928347647083,1.0714027211172201,14.885624285580995,2.4944300271188986,2.0415803006760496,0.8958854645254464,0.19547737293949186,0.5086467656616547,2.7289823745665815,5.4920187066252755,3.511647288941618,1.5920909324972206,1.557441514782852,0.5518460543423174,1.9947266820852438,3.8409571873179624,1.5587155634311405,1.668077336453396,1.110451930522149,1.3309534314494342,1.8731917621388374,0.26662794027153636,0.841406109428116,0.9282669324563129,1.475718442607957,0.22198474670700175,1.1520554380733496,2.9372922399248704,5.641688767499208,4.1234716955034685,0.0252842056408511,2.7890156189287745,1.311282133017154,3.4911220203664266,5.519912443467697,2.4807421504654537,0.08270914197580614,1.1313712216856957,2.351668080945355,1.098959452088036,2.0865281293823745,1.135862818990837,1.8840970965225656,0.7621725209175458,3.04563832999714,0.9714096510135779,1.470167957068964,4.665586023502465,2.5614530088613376,3.401364237556518,1.6395251257971353,2.264218905976299,0.5999107626685722,6.947935913121162,0.03221157588259449,2.7041141390090635,1.4576825853687434,3.126742900066149,0.5594625607771919,1.4482291093301838,0.8023293131980049,5.800101619740248,2.9543220684562783,4.235657465908523,2.7836288875437463,6.795228135759929,0.9813531540423133,8.218684977479084,3.284570707545748,2.4256611344392525,2.144197209980941,3.3430042089570944,8.373244402445177,1.2726621433447274,0.2743646274587549,0.9192107357701826,6.078078164022028,2.3193613435610714,0.02759391253096874,4.753967110117426,1.4243006140278212,1.6636014019426737,1.3449118663803847,0.8526134523939553,2.3928937571971214,0.5084061639474924,2.2978110410239223,0.9564566235478451,0.4995294914539835,7.724724409217211,0.21757485728487458,2.238579571359882,2.1864904187753122,0.15788751284663227,1.2649308312816738,1.590292632501483,0.4929120441956917,2.5919390527996127,8.392428348184971,4.849484603966201,2.0178932229410944,1.0100743375406962,1.9945960972806855,3.37117760508354,0.6218642280654132,9.685416738099383,5.868320470705834,3.776505728481011,0.41754398570989926,3.8145831783337605,6.625008861354195,2.3638212562616645,4.42896848991699,5.709999314814896,0.8917371362497244,0.6325421695681155,2.1126337644118185,7.152866668988937,2.4950099567345747,1.8751582025661382,5.669085220166981,0.05962737231565529,0.005797636271414275,1.7851030190341646,1.4313266213446934,1.8926083255571988,4.447830092854849,5.8383723622830415,1.140922753580782,0.05181377086441674,0.5012811487901806,0.6935506682206495,3.4105861861281626,6.443298410351542,0.10643028373627772,2.978429355548186,1.392946708248748,0.5029438019510841,3.1650579960487737,0.6910070307658613,0.6968438923191786,2.143173225367953,0.42533406478234115,0.15388202823626584,1.828025297269131,0.1969072333647266,0.9192759587576274,0.4445364478775975,6.680001011510522,1.0551221575297776,0.7480570374523383,0.9733751315824342,8.445784354079008,1.3603295603561543,3.0695262594359405,0.9208573854246322,0.6887810952645295,0.922757214899115,0.41533254867497976,1.0887173793311646,4.0018983197107865,0.05110209042903113,1.8750565646731747,2.362177584904707,9.235552323448571,2.5220862942115834,0.001836222579301161,0.8085153462955678,2.7381294694578613,0.6531236488658382,0.12056809808925628,3.702717153068214,1.1662278026253814,0.4132184783145676,3.0635166019844875,1.794532661156628,0.4075334967338392,0.696479305262932,0.6115508287382662,4.037801896364607,2.0849873692222722,6.265028276871953,0.7717640530832388,0.2615838346163276,7.140538950997255,4.2544631537209625,0.2455526893704234,1.231305819307714,2.5752265634422846,3.4908826459685685,0.2423773435656893,3.022033256221727,0.021504356698778704,8.373551153099935,2.341458403491565,0.8076502505252403,18.08927563116478,6.5707340605001825,5.965562948541203,1.673613014396991,4.613297772469211,2.380816492188369,0.3317890607944244,7.997854404603321,2.633134261998842,0.895317332520857,1.9619468651246768,1.720095205054578,9.834236866405174,5.735741517458168,3.125535559655126,5.907972147066476,2.1827918718956987,8.574968998747643,3.3643941925085223,1.2137190606395551,0.035734066483032345,0.4757941426750585,8.027043673884105,2.272680915496003,4.2023029243894,4.886084636215269,2.813537103618872,0.10050007274691253,2.3244913279269355,9.400855488260813,0.08823606453851579,0.34701210569566,2.0996583219533997,3.6559777025102953,6.375966827615632,3.882445171943546,1.5483530267844365,5.015239085753736,1.1989027475343788,0.5790790028889639,0.9238288955476117,0.4956804055658489,2.649130987812547,1.9780610404226828,0.2610715004851637,1.0743266476176778,5.0567783634524925,6.891070591130186,2.4620143413822566,0.9700712412007739,2.0011028724689277,0.3155850844107899,6.251730137466738,4.534976695476283,1.438140420465876,0.9985064268051946,1.537964623373602,0.45011738033280413,2.7563441923060794,1.1765475254428908,0.4927897728395727,0.1644079702816157,1.3005237973376622,4.7052565043355,0.04955171883926218,2.028892742082095,3.077846652525389,0.9742933527454607,1.3150790926905112,3.245181051041405,0.49235544455783864,0.12615595723421058,1.2251277315453968,5.399246810547233,0.4908157509528137,3.9079024538144953,4.363520662405747,5.481811293436016,1.9955521763956106,4.604853594562246,0.37238245031442574,2.606156329835251,0.29634259556747256,3.207620455529336,3.7138872916817327,5.178501452738583,7.055662181331814,4.739255853250284,3.383250046573789,1.9660244732167822,3.907590822608566,1.2365100374046838,1.1675973455517656,5.990000111281734,1.4892579764133431,2.0102493977970397,2.427325398774425,1.8347112576044866,2.917127469671773,1.7571231797516926,4.361892897357632,3.1210473872769646,0.9995895051632715,0.0624242295867643,0.34906661219033164,3.821999270298867,4.681123810917754,0.9435703411915732,2.5458326952806245,1.4505504215456617,2.360598184488966,4.01452736298106,2.0432230073687494,3.630310224372635,2.668354276921382,0.5314805344944544,0.12622940590268028,1.1725577669136817,0.07718930137475827,6.968161346206063,0.906568438299765,2.2855141701935437,4.1569181104888,3.4773848216447805,3.7555088144120083,0.5469071359718964,2.296868257715227,0.6202544931599291,1.0323816000237556,4.404193399767681,6.5656517610767855,3.005334115167693,2.2567843720861838,0.24052646784240164,2.2964612728581386,6.075601441212615,5.398755303516534,0.05464388608549442,0.2281774737177198,3.2051026202083572,1.3598375761142139,1.4643122481870217,2.3754548131113604,0.4875476554701079,2.750035771990324,1.3056296278559703,0.9943132982627727,0.9912633665165744,0.5604807211448608,0.11193737496100725,0.09407577630254271,4.412300449769647,2.581298480359763,4.26318237888916,2.7210189453756306,0.7012294689809111,2.5506765146681425,2.190621511180322,2.242879720645772,4.478264758230485,9.93715622181318,0.15663202474050975,0.9788288998635053,3.194017690648401,0.3833523077634331,0.024377318345196297,1.2410400142511828,1.8909670212005327,3.2040233726904472,0.5974608591948092,6.018435102822653,3.8169264433599954,6.500481375125114,1.6424661541072054,0.4568873672420539,5.1234814518165255,3.790971013927122,1.3381212774028246,0.2734881780262046,0.06678763271424426,0.2567597969365111,1.1322834411733176,1.8753515439470552,3.5221272632165146,6.231846445047275,2.119330545696294,2.8424845593167407,0.05091869007403038,8.096763671071306,1.2199127452347152,4.69461318397543,2.7863471330727414,1.9283763504816274,1.3929255176810966,0.7801237335423152,5.171309847441353,0.9564550480856533,0.40599717939759405,2.8442802783370067,2.4533033256373598,2.767978761733265,3.3746280047448973,1.250782947429142,2.269504612352847,0.34041435655028685,0.9450712712197049,5.082100076292407,0.013978181802763834,3.2589712454738193,0.8148685136419753,0.9829324547735292,0.8953410063293972,0.9794940217879766,1.205806252370067,0.6053225727503091,2.4430648820526333,8.913289528233289,0.08931502735322883,0.6475276027580794,0.20788362816561312,2.9952604450535594,5.122372423777369,2.0749523885356917,0.26367928170145905,2.704782163307558,0.40156204495732717,2.0142790206438126,1.0060233185517833,4.956780424154877,1.5367237053303855,10.262749494860106,3.537882152741168,2.700968363911274,4.986082878093571,0.254307590847594,0.02575102210390512,0.6751578648102967,0.9907628116051228,1.5005216882889987,0.08793849796603403,5.153378937233666,3.0347241316159796,1.853220856983972,1.5138260076040109,4.570496517870016,3.3517506789207605,0.06068345086454863,1.2555154070766068,2.169901124407807,1.5757948257716345,2.7507215377750347,1.80788010891333,0.3546711389510686,3.158055237967869,1.1903254484932395,0.5676371299383366,3.0006677632518763,1.3565358669422836,2.0819509020129727,0.36912498939614213,0.5200925567411834,1.1982643876800887,0.009491700220547905,5.942288373801063,0.24221333484238872,0.13846870640236636,0.5139105451051942,1.3689869728809263,1.7862966300638048,1.354702619396008,1.4927333406575714,0.6820639625055638,11.201084396421923,0.35411113621249335,1.1365474285832886,3.479825502515845,1.415007430195513,0.04222838127170525,1.716452698477182,0.6670694262743295,0.6679369971838924,4.053501392139744,0.029683543453976613,3.551932137971948,2.7360413848574185,2.5752201324245396,4.407389493011486,4.26625199266081,0.4069278522435944,17.036839943573185,7.370590228994804,2.879385553829347,0.03861133832770869,4.597493191175091,0.3777364215930863,3.6924997207736325,1.2848972074097211,0.993751911815459,3.2170234786658822,2.532500021203215,0.23017715838552322,1.9247214596385984,2.3996593854457857,5.867841720647007,0.025538293132849915,2.0975718205450056,0.7365687549679147,1.0663643607132114,0.2491710975747624,0.5583535690758514,1.7560154187540913,0.30211723576659,7.149626404856606,0.37514888437775573,1.1873906753104568,0.16832662212885907,0.40105706124893303,1.1536660855688317,2.1348923520336696,1.5190691088756991,0.7748551932178596,1.1905230288806399,2.8438854784068233,2.149765440312278,0.927852422837793,0.23730899030247898,1.0938083643604604,1.2351501601193413,2.0472927027995436,3.6483603517482734,0.27642916516080507,6.384979484372234,0.9736942786330511,3.4431163431144185,2.137415990851081,4.058900360546463,1.2212744222157657,1.0543567795854607,3.3948867995826593,0.4073985878675215,3.607387045476033,4.560171656013483,3.271182179547508,1.014256636434362,1.5670375310994045,5.129337610263524,0.019598597482176988,2.9646069871713143,0.5808989291603833,1.5723982736984947,7.420238910900791,0.8875390561268415,1.065963543943937,0.8464694673247051,1.0092702799605981,1.9207986676511652,2.4311731472788654,0.7860532143694217,5.709877182488824,1.6791299388628016,2.0796003257831135,3.2827134305288856,2.1892988042441246,1.110985300829969,2.165621371607627,0.020162185310971886,3.4379785487051993,12.113708511406589,3.8444237765531986,1.4338016150080508,0.4017964111541643,10.768754514481563,2.218445851990737,0.20625218617936936,0.553875488423401,2.8745594526700087,0.20825948532022487,3.083141118279059,6.968359853841675,4.126642519191971,0.5850578411144027,1.5729946538283786,7.126652932165142,0.0721937737341356,6.238189868950231,0.3247350119783934,0.07572775034796397,0.5290529462719473,2.2434811572507525,1.127525886153285,0.656745219472316,4.4169928014605455,0.42097020965568555,1.1590689753964925,3.4981440352522437,3.9405797367562645,0.7981589895541569,1.4209053456115317,3.323137545126147,2.5258511169242315,10.551975778185346,8.58275101549085,0.4240673390055616,2.798975851013652,1.420705311214645,0.7902603887760393,3.564050798629476,0.5677960672756157,0.2508806269337549,2.0531626365053026,0.06581103619168638,10.057144608597579,1.2136920320749303,0.8788580689837069,0.6114232232645285,2.4660879781885887,9.620470588500385,1.480760375696137,1.5549395168029139,1.2236116852403844,0.46990175012819746,3.314359296196975,3.3077551287764075,2.844490933346469,2.6235538810469885,0.6114890123569563,0.9397406123858083,5.806909232893942,5.387285836419981,1.1097746736146092,3.5588368026920456,0.646837339396128,0.8181799651761681,5.998706005469069,4.845130263369077,2.927064034002556,0.8600313914618232,2.141118575900087,2.4901419168945167,1.09332975257805,1.0760389824952021,1.8551253012450173,0.28359086030763314,4.087910563136317,1.5079659976748414,1.0523776132694955,1.4107931061350587,2.225590029653497,0.33248658987744995,2.1443314416765533,0.7985528309626186,0.506036791544441,1.5723592132355826,2.238015502182166,0.8242618444601613,0.6731949871531167,1.1258061369322885,0.3778969031443449,1.3193950814406068,0.9396594456117207,0.3038524909989443,0.6914995397820944,2.718409078853634,0.4069918491296713,1.622109356326457,4.648996061915332,0.5600067755290439,1.9322923389595963,0.24258907233123495,0.4187978679443163,3.487201846072528,0.07018707564960447,1.7290555126605456,2.844544360858662,3.888819388812762,0.5218650873608246,5.384370043405844,7.605545974855278,0.9126112838421729,0.32128928060392425,4.60479115987775,0.5412284427351137,3.1942677013777274,4.603189189455374,1.3109359501408577,0.023546156066128532,0.3972434265431116,6.446629754579839,1.4601522698218359,0.5421101815699323,9.334129740157998,3.7569048937318534,3.1527851006025296,5.0218053567015275,0.6512944713428115,5.503848897751451,3.450646221798168,3.9586544754561004,0.5281889170038438,3.2304876238394864,0.9984042179576456,1.4041732830353195,1.2090154235073693,1.1718857363811197,0.6715462586069534,2.0663973065445598,0.10146037404755548,3.821619264279497,2.242862863007147,4.222809892917358,0.24470186988429043,2.6802126716972507,1.0742008613795475,1.1645834822324483,4.536758318468596,1.3665805072219293,5.994797726507235,2.4889957769040194,0.9062533836136533,5.68539552808118,1.8924934766154964,0.41700609130540744,2.098834766845195,1.46155783952294,5.182067131074872,0.0533467500569782,5.68475301710256,0.04229909835932322,4.141611793598211,4.444462862820872,1.0371248474771804,0.28710570047037964,5.11362339352505,3.670037439920729,1.996329127460594,1.4017691185064376,2.504210425246853,1.1322453197670952,2.6729433935681866,2.798047177717256,0.38119571881447106,0.6037572336327885,0.14404860645499706,0.7454135590242256,4.781550347276896,3.070148663609932,4.341192615358518,0.9387121566141933,2.5515295721617512,4.484638436138546,1.7940180329418993,0.27068068798682565,0.5638318835075005,0.4622488561725935,0.6657225376463659,0.33922050031132833,13.116247573478784,0.5435561732538159,1.0028816977716617,0.90959202417211,2.5701304006310637,3.843435337433375,0.41478955838515486,0.11275398456255503,4.310371482170697,2.7137678210140863,7.589961328584961,2.4809377747869537,1.0905772730215388,0.34345914417519297,1.2442941574795525,5.6765183625513025,1.4748078428517233,3.5568300240604778,0.9284408754540681,0.5757953381180023,0.13520758834881852,1.2695967958317382,0.06586696969794925,0.6967870358181107,1.1555046002638654,0.742523332616096,0.9195363121361734,1.1945279227484455,0.9525519617336509,8.960923586736897,1.5987786058357931,1.0185907050297591,6.855296333503877,3.565085912960898,6.065448217995221,7.418856573557292,1.981823092479292,2.7453429474350655,6.603866110147965,0.5818732676774665,0.008206401566073218,0.5326310261698818,4.600218625459086,0.5795132547393638,0.24557706750714692,2.3473127695638354,0.4217507339563096,0.7990052073025804,1.7741833819229909,0.25699318533644133,2.815935577188112,0.9769731615884201,4.904359243304212,3.3548152454546214,0.7695471838796377,1.168560277932654,4.846915417389052,0.21109777737358448,3.989369054862361,4.915704169869368,0.6120937400689022,0.6561719570657352,4.858419494933352,7.4211430269498395,1.1327456919685255,4.732432283490319,3.8869565036385163,3.6428604315487814,5.067147224223252,7.2601457886078835,1.4713968390747059,4.742024396988656,0.5544469204199637,1.8391488441646608,0.22734861490937397,2.1762750546633844,2.194826065305501,1.5690933244849719,1.9448864494211797,0.686195095703978,0.9190704256545623,0.9221441926634002,0.00768669471295258,1.1134184372490923,1.1683796044336319,0.760510718908648,0.11747864566572996,0.8383167409989678,1.4440199417371076,0.08520730121931974,2.7390150784576566,0.6627481125611482,0.30385942963536117,0.30163756642209005,0.9092076289717228,1.1716099250961787,8.12737143781436,0.18359055250522816,2.4210145112105668,0.5302820802565502,2.2239548640165587,2.1310659031285395,0.742116150467186,0.8796414710112217,0.3138169122596157,5.625485644350782,2.882236804966503,1.3064958529351733,15.251919312843588,6.4598661128274,1.6579709941494063,2.5103391497317,3.16121072391835,3.0126524696441606,4.042133290998525,0.13434689422969148,4.363882901406232,0.06321319884994869,3.0808226169689688,1.7077414387500822,4.2347377828662065,3.2219206724805862,6.347594610031407,2.5856497944487753,2.564018302916745,0.008359361565386969,0.8797445370516659,0.12344062890125418,0.7038192824902021,0.4852634073355768,0.8180407069845854,4.149917328789535,6.056081283206819,2.128965151843826,0.18563335930143676,5.837261305609819,1.1516085475117694,1.170791751951618,2.567374787289653,5.368120026657626,6.27925650670122,2.4559555904184065,2.842288563262711,1.5065235765517597,2.6721732823719613,0.4472653432669036,1.4574301821146372,1.7818831996468585,0.05773638388004887,1.6849860911628358,2.5508567847035724,1.2779503112177548,0.44202499027843367,1.6458622696803729,1.5293741164238959,0.1889555436239927,2.8360209171369197,1.0180848143761319,0.2972714847962619,1.7849926227867112,1.8580137947850266,2.517515863514918,3.442883063335037,2.4364916312346976,1.938737637761585,6.609042236012708,1.581776795387298,1.5838435690781016,4.90048656484311,0.0035471906868991265,1.0993631933152823,0.29942815635190057,2.9776670982372013,3.3085325900277995,2.057226282902018,1.032636737344679,1.6956777887252117,2.4411269546559518,2.161051837049923,2.6037482206394693,7.468929180880259,0.6146765216747859,1.6925591074908468,2.6161672814859003,3.9371944715017038,4.021938163399236,2.021934904278363,0.13671441447360122,0.3412972273213084,0.9383947224907392,0.26271895218919483,0.840431606467021,1.076672069702432,5.51536427653284,1.038474924369538,2.6935177384064346,2.5896745048626357,0.5603606035772242,1.8401865529467925,5.261479360723009,7.998440321692417,2.725701803504928,0.39818156398568305,0.6083729346921426,7.248365363161074,1.1713632660936006,5.028157287534629,1.191631229586081,7.301898074962534,4.980586890463371,1.7981846780722055,1.9757167454389748,3.430791799448082,7.396071095456116,0.5968949631016501,3.4077793852571183,5.792648183754608,0.3936483725846316,1.1841743566674396,1.68133603972913,7.1315335465180265,2.8432667331297226,3.102835234349671,2.2797793204811367,3.859254819185483,3.165884227333544,0.659427083112166,6.042284899333513,1.1290543899838448,0.1864707842361928,2.672910513811776,8.427396939287206,0.7706831219274297,0.47486220496126086,3.871087720905932,1.6320967344929185,2.7656798560331404,3.196169338793108,3.3665197980763724,0.4858399709896387,1.4342911244033263,2.5120668816875678,2.950384336229829,0.9554749587807834,6.804570916553434,4.93519380938113,0.7525057920215721,5.441125015154631,1.555829922904794,6.293109337514185,3.7080137427055764,2.6060087436467514,4.591625546411461,0.6974921216252787,2.508863222334923,4.601043065704868,0.43455248626793463,3.843851296604954,1.785671870667871,9.24186852906248,5.179468750455602,0.6563835324399123,4.938789418457163,0.5286305179954397,0.5123090984618649,2.194933124527557,2.73547612109608,5.370555882322823,2.036200742061344,1.4320300818671492,0.9894592714405583,1.7706191525409862,2.2964128871289153,0.3096552540076559,2.151640546064617,0.8979795337740966,2.053972336581434,1.8432043999423728,2.4483959064400524,4.344612271252194,0.8481154210928761,4.9845301985704245,1.0061857290274618,0.28315191775866,0.47085946284034064,0.8862793618665837,1.3132332437646537,1.0072836838083485,0.6015017283364152,5.800171570713122,1.1500806230860274,7.089344999595761,2.36050270756442,0.179153995564443,5.739603950381198,2.5000405731162925,3.681448654085595,1.6048718935129975,1.0268946561567995,0.7982144206884657,1.5726260438962865,6.022853075500285,2.209577297695496,1.7730812146819734,4.063051143442278,1.8184373304198234,2.9944109750289387,3.8193159581478477,1.0518701411202291,2.1532146431616206,2.251021445711892,2.258008139871709,1.7980194060551,3.0017914161820527,4.661117808016352,2.4644569168282207,0.19087787229849673,4.918292363640261,7.543353840619379,15.30504286536186,9.283835745497282,3.3093414800792393,5.29672687384681,1.0937825299885129,2.553735818685911,2.2905361132408872,2.0863025875554984,0.49556515407275603,1.2294950475578998,4.880137064268423,1.6521241080874676,0.28682258624383805,4.9445585642567975,0.8772822452648732,0.5548567433669271,2.5544459166900775,0.9786642171267426,5.833570658245489,6.622969344726997,0.4023542057845382,3.377011814512997,2.3477438337558185,1.7138628728828584,0.5899302557178766,2.5706272546282944,1.436110700365246,1.9543544781883626,4.676260426457212,2.339421706956438,2.0616606799577815,0.7003522001487195,2.69984649107153,14.7504582274546,2.2105692709985076,4.502535955904922,1.4457485993797057,9.085498629349477,1.9666951149875094,3.352135814703707,2.7272935079551006,5.832096176997831,2.7025769896864005,2.0922415270134644,7.263238106485838,1.8800959935916939,0.8467312763154682,0.8984017945051654,4.754332329250786,3.9679610338900577,0.2440616176304371,1.179842561463508,1.5937252838675138,5.839777569341371,0.20548605336965553,0.7614940352507584,0.689093502861696,2.440677337008551,1.6386288041193948,0.7798489173872873,0.09640914612388496,3.5957047173456296,4.1351772918722345,0.3149993151886916,1.79738731721175,2.2313948915508193,1.3685651258979834,4.379386518799023,0.6867190788336173,1.788323558055774,2.4834954038588632,3.3236911934617246,3.508065379474098,1.934754457328883,0.9835457318086607,1.6598413075030793,4.040780554919386,1.1996330033809166,0.956611323667504,5.778736030973075,5.662566102998322,2.148473769847731,3.595403667033994,0.5751062649639194,7.205438009473324,3.2566709248232923,0.34437306751910635,1.3591088747571392,2.1043119474989203,10.695592039131006,0.27072463155909166,8.352508679195559,2.832975687007252,0.8492943051901715,0.678470093492132,0.9114178004523874,1.6567311302202106,2.424451545255021,0.29091460224097343,2.000780822220128,5.623592853169116,0.607016403994491,1.0941026545186867,1.2411569020795281,0.45114363560205306,2.4930393370853907,6.850252484701993,2.6152164728779104,6.958186233630626,0.5173389975689437,1.3222820057320495,2.5570864485667517,0.4083618048719032,1.6489249807443085,2.050924935433989,1.5623222873891236,2.3702940307590072,2.152940427975314,3.6242349845545245,1.131355450876083,13.866935594404673,0.5403544243967264,1.0392361696558692,2.8774309034751613,8.212491888826365,3.5712260472369084,6.209361739073177,0.18997572891492864,7.548514910785458,1.1777056835453732,1.1537066783166852,8.601239544089298,2.2940826259946876,0.5402197831653514,5.099107082424958,5.949442218670418,5.3117301880358365,0.9871620818508122,0.7836422059280366,1.776507511832726,2.365729934853729,1.200378465825925,0.38965727871132483,1.9954436234243444,2.127183974109792,1.4150065289050724,2.8204837090814054,3.17733917533649,13.773239362857131,1.5196600591349,0.48345084597294097,0.14500132788327502,0.5978025198573995,3.068564889553953,1.967066060016136,0.486449529272063,1.6587332024226589,1.1923425404744141,0.6288566347682466,3.4661576681167627,5.233573606018614,0.7274584477401866,2.774276744876123,0.18889988442151806,10.248987741665207,7.033206939527535,1.819638439474931,8.9030681486208,0.3200070775971091,5.942452928650015,9.077155427532423,1.038520242064366,0.32712969071175846,2.541156476267422,0.8554335798516661,2.5545931890370093,1.2981540025264056,0.39256294835871364,10.179343167269554,2.9001090342437266,2.03879975311488,3.322869713623815,0.2461131847729205,3.544807106272378,1.3705925572333175,0.7038761798098898,3.107822702240105,2.256541117997391,0.8584050865107387,0.05383648652955553,2.9132978585120792,4.198246704894181,1.759004973799354,1.2426272396104912,4.3496034820481615,12.97086094555998,2.6727038491204356,0.8413887131673319,0.2263334695563608,3.3090007184628827,0.735400776912231,3.304383043907808,0.624885572013228,4.216344691125235,4.17253540461167,2.1666532661880575,0.07249617221659976,3.6280969609319733,1.7941033746486845,1.0515494287839613,0.22733841835667645,4.309385607646531,1.2468437766648341,1.1070656028518728,0.19339250931819707,0.4525902850486767,0.5963867648759694,3.2779477042095824,0.3453553908659549,0.1438645378736878,9.336748612039193,1.1907348807774816,2.3685430628313515,2.0777397997759195,6.3891547830217625,1.7848232742512165,0.722906027702872,1.123654847649227,0.2958210386134037,2.730895103940295,4.5342657936101975,5.233078146174902,0.45266961951815254,0.005517488146394411,5.042911177380712,1.5544841024442078,0.049817809847373606,1.8022130705541535,0.6443891637590512,0.8346113266133112,5.633698311450334,1.9954357431446315,0.4898073003476582,3.7412475353231596,2.0415389742021857,0.4660296300276239,0.19367168205700258,0.3333398168167839,3.99008278243315,0.3637872311838124,2.7643592140711193,8.770513743875954,0.02755575997041637,7.867316598145787,0.9885650372520494,1.5515373498415257,0.524299928180614,1.1156423770666715,2.807037670319892,3.134215708530271,0.5338966246049792,1.1207956363757146,4.793530156589673,5.305247239231583,4.891337242224957,15.44239720152698,0.4675526639836507,2.7084662697510744,0.06677175835356985,0.2585505064802911,2.064032608141637,0.4744001237116229,1.9476539958601595,3.9335833069529325,3.9021011679231123,0.4495422174364728,7.356619993863947,1.7082475308537004,1.8386643087342867,3.6468524942519593,3.967048492602639,4.38499431165762,1.4229326351703115,2.5801779357401715,5.247174469730181,0.9199898814986835,0.548682196489934,5.256026007587759,8.123538432796902,2.766415070682439,8.507440181856271,3.2015794418597032,0.03147760987977122,8.651816356661294,1.1485969700739662,2.406871439768085,2.7362128970356125,0.7494229283675389,3.551252281069736,1.0378028676011386,3.001236140759699,0.6684269741438684,2.5621067531963,2.1346858728113585,2.7010911078463375,0.30643645345932913,0.7565330751663978,1.841331894882214,0.24498663906460033,1.0726078385927966,3.5767015216730433,5.280625457603936,6.664422722048887,0.9247749843652845,11.085446681732392,1.8498650053227768,6.105844398123956,0.516118507748894,0.2693115948206269,1.0147065899463106,0.6811981887257572,5.271071755404461,1.4133684367448103,0.13472518973623093,0.8667258853926214,0.7782301141186434,2.1887755613564783,6.034082903180433,6.052743859107397,2.7699063885132844,1.051576934137345,4.8697082955400965,1.747738925503189,0.8863753748547343,1.142343160247238,1.3450470915342927,4.268568052847486,0.8407427401873353,0.7588825758634634,0.44130008177793334,0.5522779247841086,0.2531106945638242,1.4689371842900867,2.3209456856349466,6.393435907746355,3.8501967983999665,0.5918332483104607,0.5916424147708639,0.020709300630827487,1.8621281207231255,1.5405169130616785,13.169975987236201,1.0810555357096283,6.384797287131369,2.5579000210856413,3.8605368162734384,1.3059776538253316,1.5937814799640502,2.8732559787692686,1.5065813680439188,0.013350077887490652,4.271344890838578,2.787845817618944,1.4254257778416757,2.5207323437654225,0.3831786513951779,1.6425436619309122,0.8589992948647852,9.548996993042849,1.186005138623419,2.220099776613632,9.342491647268435,4.736302736684486,3.690966821210595,3.67886295731513,4.821518157898683,4.444983206009962,7.2276487055437535,0.49219990269002106,3.0310879379640157,1.0391373017316967,2.195475139240244,0.005419565338517618,0.04241978680446312,3.7709722354920414,1.8111546836741703,1.3450815236221811,5.73543454870835,0.6645208966846012,2.7492263452691947,9.133747617230808,4.204751945579067,2.4089591871914156,0.7268292386992892,3.9716691970112636,0.8748879214964671,1.7389512531822224,1.7980398188818347,2.5901146198631992,3.7794170508802014,2.681592214547302,2.282816425758356,3.88683389131654,3.3299242603553467,0.09315391874464007,2.9913814116837503,2.591924005616234,5.390828403193034,4.79347782646553,0.32528755758928846,0.7824032463705768,1.3120715025066598,4.0328480387234755,0.4135228492544911,3.336911224445947,2.7210196500398127,0.8810267664699418,0.08893543867129439,3.622068171716956,4.171812623630858,0.317985739151704,1.0220484383391788,2.2290523261809936,0.6007246578808698,7.118560112815747,8.108834152158968,5.312410628831687,5.423185477562163,6.46661284566699,0.19892460789580613,2.674427417657446,0.1605380897299563,0.2899626576902783,2.512552593551291,2.8818909934063734,1.27769114200964,1.2891076356161613,1.511350481491766,0.42235003412301375,3.95280594594837,22.696590665513316,2.3560150658373056,1.1155962012168303,1.0010599076402285,4.706808869827301,5.775924240086816,0.8113495675182596,2.2934943608897806,0.4930059269565177,0.8324070314150447,1.5403241151378801,4.664477928375083,2.3439769436428586,0.003647088123990061,1.367147782538891,0.43803562818401476,1.3047379827915397,3.3922009354103047,0.8286471880583177,0.6323570185870591,1.4893105928158927,3.301387844469038,2.209990370400348,10.239519229844099,2.0712366574710366,0.14589846261297024,3.965550851417459,0.8956682471679036,5.862639114028865,0.3463834831893666,0.9919067755879108,2.310520463205253,0.008608834576435687,4.433996128755874,0.0842043233725891,1.0408102213803985,7.847307108676884,0.4526171702300612,0.9874961842198989,0.9569433419717361,1.1124543187925386,4.3189586375166105,0.11376634859234047,2.5729409072024767,1.4911413474555093,1.4677215115725346,5.074901306249743,1.6615635957802788,6.640234521455241,0.12180357558040766,0.49170032369309435,7.605154858343259,3.0603155730494978,6.077867629799815,4.9169233438258395,2.167480146139261,1.5481166873590837,7.274539159420896,1.9843014418685505,0.7022022479967945,2.150732880719289,0.7465037379263926,2.8298437620523007,2.1114180759493557,2.8037645726527405,3.2193278046664684,0.7282103700965596,4.546746031900957,1.9941743739092923,1.3795223780650518,4.665929688212107,2.6284218043372367,1.1450328071829903,6.274447830119189,0.9130218489648956,1.1825214862317805,0.39624977009270435,1.568688523072281,1.3347963370079108,3.324805801701938,2.353442912882972,2.858433427147673,1.8514802930395169,3.0650224751942026,6.505760043428033,0.6917235588145462,4.855623455235072,1.3700856583639642,5.202106214275295,1.6962049902417027,0.9875345098045478,3.9327917943438524,0.44922332205960913,0.11333836021153987,2.98241046192677,1.0490342044938419,2.6638644988157187,3.7950989663333434,3.804751404102315,2.200415180727167,3.4737520292877764,0.32508903521671073,8.238056161326348,5.139713522040837,1.3239864120914289,4.808848926010746,0.9751556232427019,4.748568540161366,4.387658350204081,2.1153804499023643,1.261896444896906,1.8502564502574521,0.6764471495825535,10.827983585785496,2.1904493505887466,4.011616166410802,1.5784287790449394,1.6475991859490904,0.05287486832784849,4.840649049690736,9.398221049130774,4.011065768061005,0.5111748553196247,0.9682040628343049,2.552361615422332,0.7614670224278622,2.6940662978087637,2.9051991246209297,0.5968949075506047,1.5546075917712634,0.6364693511393615,3.823913696796239,4.542967578893187,4.912057644165744,0.4046952047366965,1.0058572079194406,1.322104622156247,1.3336473756457,0.5921548887885787,1.421922028393906,5.861908839099222,2.909582361211347,0.08765818308819423,6.179204075736126,6.586714360182889,0.0808953837431059,5.255377835501359,7.450855889750185,2.155381882294818,0.5970789897166645,1.2618670042223048,1.0625210967738452,0.8810960923653208,5.597548924925081,2.106079450911656,0.7711575224213214,0.7311914113704734,0.4829981645986102,1.3358066697190358,0.29573854022691815,1.5799667109169682,3.4539288334661205,4.022857849334661,4.985788726128443,0.8834358664795676,2.6118359905417856,1.0918528323712784,10.597714941703225,0.6438117720201751,2.9915375903816743,0.4800882403728166,2.0571347077416555,3.474687953413687,4.741240422547049,1.7410511166979614,2.2453842090882405,0.1769590634097693,1.13851205115016,0.8730218376568356,1.5136627289703664,2.261684210574386,0.8316543918825499,0.5393795757980568,0.803800212589274,1.0940754337304686,3.718429606470152,0.8145656780736663,1.8817337593581147,2.1043062100311825,0.0285563918788444,1.8079562912345168,3.162880489424097,0.9924374223201844,5.152805130953452,0.3535135152477429,1.2634608345057556,2.1558234698125904,2.121329073009072,0.6557883639650997,0.21613816076484949,0.9952676721205629,9.668685981206092,0.780333016158433,3.4496240926772197,6.595510428405339,2.824218117689188,3.788515320403521,1.0709523810373855,0.6859298109609768,1.2267593825108647,4.503866030520449,4.765202654438877,1.7349912892217323,1.1821436760792916,2.680860255579009,7.223615634575592,1.2525998395600244,0.6146691006406249,1.903262742164169,0.38095708566128983,1.5369424277429689,1.122421757990858,0.854132966697281,0.9783001715539963,2.8605573320351425,0.0026459451512921284,0.5257321413407283,4.22152602109526,0.7332187312630638,5.664537509196254,2.564363163777971,1.186900238497211,1.3872868135559067,2.0305972481749106,1.5138266004527097,1.0678947638703433,0.5859604333640075,9.248613785877579,2.441055129613428,2.3208811795965283,1.365402321763196,2.867843704498876,0.01174501774648895,1.707654735185378,1.278728272574548,0.17032799841483914,9.88171652906138,2.7461193274542213,0.8998589980432039,1.130677352940241,1.5719819200475158,1.3640020741274996,2.0021576569154553,2.110479776922193,1.555525595822882,4.763044628888079,3.687127712169255,5.733452598237313,5.059446036665589,5.166161078328255,0.9903146061315986,2.5174495212182473,0.6746718975826786,1.1748283431100983,5.859795875706605,10.071502104717746,1.1460005735474965,2.077163997390297,0.16565747131710662,0.6492125861626922,1.8695280762111466,2.7170337769062023,0.23637915156003797,0.33664053357709256,0.11077878655375861,3.566816099075331,0.4243924065198199,1.46818313244458,0.1994400206125757,0.7345551460324307,3.3713623285224967,3.7036289485495457,4.623491964461602,2.7525620003097044,1.9374816044365395,0.5314963621817355,4.463246657843929,5.900283705961028,1.254961941464109,0.9577878053721682,0.45554624480025097,0.7415026003707293,0.06036782431572618,1.2296216970975151,0.46714153753507404,0.04861883888103247,5.956210268308893,0.3295176323086221,0.6418382392224495,7.77806319266548,6.085985671975401,9.091171634009697,2.591339012049914,3.691926337025789,2.0633649800546716,1.7859429786143934,6.494944260332062,1.4646632723253155,1.367451179881891,0.7013222502090293,7.754953898999711,2.273493763327103,0.4765440933640601,0.8568731457036216,2.8836797803997847,0.8570689977737024,2.080375138286039,4.0659360288971,7.893310799013692,0.5861088950798645,2.249027495200778,0.6110690470556088,1.17442248537574,2.341777151620853,2.193342327584757,2.9373408940357093,2.152675920028614,3.9889808501086836,0.030664763464636202,5.002651450171937,5.113575911181827,7.861216984170161,2.5712323076263455,0.29042938664282164,3.6745967973301674,2.8364804311164544,10.667775352999799,2.9393403769578406,0.9417103509173743,1.2929770929035234,0.7276734268360853,1.4442430910754345,2.882418244862097,2.7948556259103916,2.072380347416041,8.40830111628176,0.6192778827577773,1.844744940695075,7.8871266555338995,1.9445707862936272,1.3184719210417408,1.1103541512284656,0.8908173783404707,2.5372039355304246,0.521829779539253,1.1191169523804556,0.7099933451480158,3.7108735786537204,1.346622737543736,0.501708915758134,3.1466870030989353,1.5564779075074338,0.8538293087659419,2.1108780119800667,1.7294871989973526,4.274428497764309,1.4941742990604856,3.83124345947533,1.239864753580632,5.661051912061513,1.0981030538727667,0.3535647247088829,0.4730018979959023,5.595146111242858,0.4719255930137616,0.36004165372396857,4.413499744524393,2.6070553768364926,1.5631869134365797,1.6054980440888247,1.7212259321195893,1.5729137499087629,0.49011239541163065,0.9381177214529406,1.613627991476929,6.440323904386051,3.6170541781919963,0.6750646979086202,0.127619426102364,1.4067905462252845,4.084423266346037,4.835102575044296,6.056123093274374,2.1325624105398284,0.12641193522033145,2.079716006866538,3.2345008778704045,0.384591465518346,2.7105040938678022,1.8524974233296168,1.5049107414713925,2.017898869086795,2.57320510860703,2.3678554233649876,0.1761433210892882,0.749595489082937,1.6507141968469803,8.298830016822516,3.68062852128043,2.9534529250376576,3.650707844604728,1.190134784732643,3.73914465208029,1.3807482314929498,0.757162942329046,4.66460040813585,1.6851783375825486,0.6865715756867747,5.795280134432386,0.1604997277875233,0.5220524787257396,0.3308763407801355,6.319097845377798,2.101040751658888,0.5049019089091041,2.1150034020772215,1.9810385609655694,1.4077935028578143,0.8590670205569577,13.967288817011793,4.425452056607259,1.422005884146873,4.800475490502858,4.990556812044744,0.36977851629975034,1.8383382155098444,0.31771533220001236,2.5279365400089207,1.7256779883264937,1.9449206484521877,0.40742196146438825,1.6222424624650076,0.6825451868031118,1.5162854518417181,1.1242138768291452,2.167898880208978,5.095486336529444,0.652846445543296,2.4192125041481267,1.4832619749894045,1.330918395203182,2.866728572762737,0.5327342667217705,5.8628763477719525,4.600278411366079,2.8703024851955914,5.116719770659596,7.251683125711302,6.26494402077867,0.807243404403089,1.9778189636200443,3.8252980691615743,1.5509277001870765,0.3569600912044839,0.07389192459024807,5.065280940103481,0.11560852430623408,1.2132387712972847,3.7030015295624943,0.7886729765726052,11.655009550357862,6.462016199280772,2.680123125034774,1.3299521418116127,0.2966345896027416,1.7195960286380392,5.029074974029277,4.027548687577244,0.09689695998449643,3.61146529601072,0.7173787291318485,3.6637238386152533,4.490409364598318,0.78848188711804,13.709988703857796,0.4933639133116894,2.628410199239695,0.0677470406749745,0.7623190353012156,8.998333058603372,1.235961405212648,1.1988730823615867,0.18060853785539843,0.7539729114772784,1.3860921218619657,0.1683389408093368,1.569250906320524,2.7470239098570373,0.9787188060610683,0.5612970443203116,0.46111842189344826,1.70552991450246,2.3526630159987825,3.7933082782216365,0.17130887229608124,1.8564827772847996,4.43087513724461,1.1372710215358457,0.3507898954815889,0.5848742139569985,0.47976810352938015,1.852337299500576,0.21098449710552458,5.487799750166975,2.7826402956233545,1.8595310021633322,1.3082072881229054,5.181090708205271,0.32910794625166195,0.7257709797100267,5.072753150055081,2.1176433976639073,2.1681614197600427,1.056168494689802,1.9208802146930555,8.0638135127389,2.2245961040985613,6.967093968215261,3.3658003745008553,0.23963254496398728,10.087752432359462,4.253104676064729,4.449825433883547,0.9503542139804451,0.5291740284302779,2.8060101128293713,2.397405842270335,1.4395691757862448,14.996874346589223,1.7926585998148008,1.036288646867288,2.696747632879839,1.0523301995251493,1.5062315116083234,1.3977347050399336,2.3089420502002413,3.8229079785134275,1.4049546933758135,4.075684084532879,1.3649377517125292,0.16810244521900808,4.904910397599377,6.753658551280937,3.5781973882283165,7.847656116213775,1.5046440419222846,0.8697482421523592,1.5349617716939046,4.724068459832005,0.0007656967607516663,0.6826993899139812,1.1811390839828604,1.051343185646834,0.6875059749833182,10.460347555989522,4.952913772587843,1.4163599228428334,5.0904798765790105,5.206231586184369,1.605718173321082,9.371250244702233,5.914553035921674,1.1834897943205334,9.201685227285116,0.18989386085589938,1.5463298776083665,0.5386772980795365,0.3622620775377783,2.55694393587287,1.2064243262730305,3.7051524187655955,0.3365539601824802,1.2117233754709835,0.537508036440179,0.5308203967585752,3.631543411821499,3.5717891119461997,1.978684878328618,5.857754202982177,0.3834418858241325,8.14211443833735,2.9379683590834036,8.142761055724437,2.5331250763419644,7.122927588221078,5.719230379559027,2.571934575074656,0.5542756054271014,4.416462472878262,0.9419823345424752,2.458876452054993,1.4112584825376466,8.940062020280969,1.210471789310101,2.0219167309856645,0.8013457443825028,0.6322548466927072,0.6688695682407308,0.034724384191474056,0.0009442929817972123,3.2812690458116975,0.7213131600348732,1.043470840046498,1.2801930044929777,1.118887483715509,0.5309142257230379,2.0020273156071844,1.0579522719351457,0.975000389378492,1.9448531354804746,0.14893735451440082,11.017834316672191,0.7194625057850029,2.8902640156628996,1.2310650905326548,6.579625620202145,1.7868728531368785,3.0850549388336264,1.71229378524023,4.796521696979485,0.12057281930172672,0.27610827441257035,1.0057127818671792,2.2492589199261257,2.0197029251538288,5.34389421957843,1.3079809295519544,5.097289724087045,2.5414180336093892,2.620616553162649,3.6614861250024786,0.5230923196870606,1.41508997932979,7.648948943144629,2.1626110836896477,4.994368204394241,1.140279928560488,4.359777373327779,1.6069323704341514,1.248310490907293,0.7861220112537046,11.39646837829956,0.9307964077613728,1.8833301476690967,0.8715658513561615,5.748891220885222,1.3032419414613354,3.4272718411841145,1.0145502942279507,0.05346647391288173,1.5197512844499048,4.644219557125009,0.7681521483064904,1.3695771884994685,1.2211414934672815,4.744472384680644,1.315191846324536,2.1183414283733395,0.45525536428086705,0.1954557749031154,2.482512511325808,5.453738978725476,1.8615218524247177,5.9694376963522835,0.45769102198865297,1.621886974338664,0.5405469998591874,0.7892255715557628,0.4704636394071997,0.6232064543507169,1.4814715704424826,0.817075251919535,3.088897600793717,0.2505446033146692,1.9786639812285762,1.9502639867743528,2.245138069135481,1.7580280719928059,1.4592609892945538,1.2337179938168084,2.507506027818499,3.372756290881117,1.2910529701129558,1.4534928729001293,1.0103577669458779,0.9756677008860417,4.1040989958337875,1.2645411281554573,4.416037628614955,0.6055959080991165,5.244594860774705,1.8227816312456406,1.297102057112846,3.9790067085424368,2.514652883178136,0.3212240412604481,0.8817521991243077,0.009316434354312703,2.7551206277098794,0.0010829504121372402,3.0569606703178085,1.344981495636916,1.1833476615064171,0.7887333362661564,1.0362860934374907,2.150836567601884,0.8236081171316818,4.368504731037387,3.1519301210218384,1.9204920034063366,2.123067232827559,0.6099305375849133,0.36230099241491676,2.1436123481066645,0.8725230510963766,1.464488230829068,0.7048112271807875,1.2992304551520113,3.8906194766917874,1.0292299846143278,0.972494981396708,6.5108837948679295,1.2839411024588323,1.328632002733506,1.6118625214902889,3.305878723395505,3.318056220898558,2.806443084904064,3.239945072159547,0.5350669631606729,1.1776618703001627,0.8926001909249153,2.698699384179133,0.0029968880656434382,1.1197981251261029,11.451481627222185,1.4282741171685116,0.03927411897496769,0.6633955688823954,1.402613164350394,0.05899790043799702,0.6073963919727468,7.948203867787483,5.01693848933531,0.9150269218963603,0.7016528072914163,2.214453001174463,1.2395265169944094,1.4021610564429698,2.760529201155136,1.7063119711096357,2.642854311241154,4.994424793539477,2.6415252835031415,0.8059013707186322,6.312446210092006,0.6242630678258021,2.766499103557593,0.20845522906575809,1.072157672612275,2.6374064318000094,5.619497273881263,0.2612501069018993,3.6577577863595,5.228718780152407,3.2805203279068467,2.6337800739568538,3.0890024309756026,3.6125782028541007,3.2794069070217615,0.07773608457731351,0.4666372766111635,2.9791442442460188,9.621747528515069,2.7282935354850375,0.7172783935328011,1.8743907311389583,4.996327203883957,5.195676051668938,4.332557976407804,3.4220562865079573,4.569462108112743,1.692644134170735,5.329833729314787,2.5188955684534475,3.7698222157406187,1.6203210105245542,1.2589468789469862,0.981307243074355,2.401473398190531,1.1763648836193297,2.205488831615452,7.365250786429013,1.883888493964523,3.9699240115717562,0.8724612525809309,5.267575665042645,1.682646458166083,2.0414708916427102,1.1443944729779996,0.2257071865403515,1.4169877887717686,2.6881165711372588,0.22010680992819154,0.5706745694778563,0.7591887375852218,2.5968661727946385,1.8595368642385304,9.57958140802123,2.1509651283510207,0.05423027224746746,0.5006964338664963,1.08467679308732,4.810507800905639,6.334550869824559,0.2638717634518404,12.898577707850487,0.7191018372903755,2.869402734571725,1.0455720516639544,3.0435645181866993,1.3105739432907901,2.5326976226083064,0.6802930832926777,1.215026511471636,4.150843161808523,5.493158288886034,1.8270231136755366,0.09361218807995941,4.208148343984485,1.6350674134907706,5.9085766465483704,4.070657295108248,0.514943379296213,2.8636066695834845,2.2945977966340645,1.1838160286343822,2.008930303129283,0.36777341326558344,2.202841110824396,4.471943265699858,1.7625862959006517,0.6989841569817614,1.877874074679232,2.013662385315971,3.726200675954186,0.9456345925142776,0.18598221834496076,0.8262093030906444,4.811296118578275,0.0030411958256818944,1.2529052735903607,1.301035173044657,3.8089388021040493,3.6949484094225316,2.5727811471148314,0.9357618926507274,14.955175616293925,9.83129826330049,1.4649445408749608,0.2732549108572653,0.13660327280859308,6.290342568868587,1.905227938492679,0.01950580079850439,1.4829230403343985,1.749744537888282,1.1888614404393878,2.4099974450074897,1.925101084346512,2.6473412996314347,1.5920423915696602,7.543357489654649,5.27125378521839,2.863371732994608,3.351127186697317,0.8802675134959255,0.27289236276170725,12.56151109395532,1.6154219967864352,1.5228380300340942,5.084986568733671,1.4684020067979462,1.1497033230387552,1.6287348241854764,4.419054641819523,6.4806307742076275,3.207243676641465,2.711911529706862,1.5978056194794976,2.468975877433091,1.0346439574914885,0.8472945933652059,0.5314966040069897,0.9106763288561439,4.104344014785102,1.0764114491334746,3.1243790619036815,2.5629801017664433,1.1472862170569273,2.7868319001851134,1.4317268582425209,1.535791300429001,3.8142871595109717,1.6127833037779462,4.091044992432303,0.8429001078319326,1.6561901991462638,5.980991661725249,2.691307264171744,6.515097262556801,3.054172383760519,9.83614752081122,1.673143268371844,0.6502527985349316,1.6513127570730095,3.5842873009239775,0.17234467299547518,1.8455450515997895,1.8147681988792268,4.76126585512923,1.4759443133098378,6.2586599631715485,0.3984092543670017,2.647531308460769,8.02960427737969,0.4117517741493977,6.165640382658591,1.9212204711462628,1.0135156230910478,1.4711117577747321,1.8996122802009265,4.72414665909696,1.813451292300182,5.862202212208816,1.93218591794072,1.0858438104724617,0.746853867470519,2.3754981010479734,5.730424192902567,0.10111328883653037,4.828119992143872,1.9556572266559664,1.6540524152106242,0.6707063962028248,0.3138076664177343,1.569871669089335,1.1993528683299524,4.947438154482325,4.273043856835655,0.6963998392590804,2.6007693326513714,1.2462888794253264,0.7972275747821913,3.7685925363197135,8.40279604996897,6.191880841155239,5.014088447237029,1.542178068811333,1.4177444897994458,1.9071277202241737,1.7959631202239048,2.3583494980383026,2.30827755281507,0.03515680508802929,4.147294401828652,10.668884229967226,0.045843687589436355,1.1103719118188589,0.4567630294170598,0.20236302868309908,0.6930211901612706,0.2787426847059997,1.6039600251999355,3.6389707090539356,0.6481972577278554,0.5984034675535957,0.005502669000190807,1.7578591939986548,3.708210489692807,3.922035997842268,4.497220845335576,1.4751530182763832,1.0617369926742775,5.252071932047122,3.0010008092766096,5.0107193287361405,1.7278971207351117,2.295443118465591,3.5614891270342417,0.7934731870581304,0.7842091913958956,2.777901017684958,0.3053104282918564,5.7053358713989635,1.9822113444613014,1.0165405207988458,6.061017649108086,1.538538240725002,0.04975076849089044,0.9561686914473345,2.6459832429789625,3.707244791539539,0.26966588187623675,5.615776775780849,3.925412879186295,0.9319270878501745,1.0847629873539146,0.268046756171535,4.766677010114849,0.5555694118522938,2.41906601942018,10.290086799702623,7.875696929446895,6.054612962022262,2.9527076562553543,1.2660852551315385,6.013103352135904,1.637587970720023,2.1257423297795897,0.9948009950534087,0.5309044391135465,3.59284272239768,5.738934899449262,7.2238334530904265,0.7136798190119328,4.857096503744817,0.7322860393454533,0.3077097986867914,2.569028711380856,0.9108632457019794
"((2, 0), (0, 0))",0.645315578843312,0.7098024272969861,3.054307927304921,5.343140462852163,0.9786296542102508,0.7221843938134778,2.391245700173957,1.6629555291500377,3.0756974358676166,4.020148085413593,4.7532119156715575,1.541410723731365,3.3488722698980284,0.358989200526503,1.0293045286023261,6.326227774594565,2.683084801923939,0.8499811687951416,4.623887710326283,3.892657556945368,3.4311385984738236,9.751759870886913,8.26752805834863,0.8445736226040506,1.5902192785631148,3.1443828389612363,4.9162763802677,1.3268180731470933,1.5999134840843088,1.8356397578695256,4.7771349714936715,0.7020786376023577,0.5188819612869395,0.8290612061828594,0.4705020309279482,2.6581940702078297,2.007339128764451,2.1463040044418413,1.8900835967837566,3.3783077768335046,3.2849437110717608,1.7957776547319895,0.32975169546038763,0.8902308739356559,3.016655619653076,2.6461843599065595,0.5449987165213153,0.863502210814157,1.691385810243427,2.4667810430187145,1.867745301363022,6.270826562605645,2.48798130426461,0.5625888698306161,1.0727136949655853,13.288511451465949,1.7968834506767333,0.797210656045648,11.254150295365921,0.9185951114312559,2.0956813360267588,1.823284930091048,1.2795098979711028,3.169670040875403,1.4698012736678376,2.354506460965748,3.1659668911616383,3.586848445422479,7.623797844864034,0.6001781100088679,6.935666640056035,0.5882374181553999,1.7066122355008109,2.07222417928623,3.731199933713637,4.843959421840382,3.2414903481934236,0.6016084657436709,0.7714508271360667,2.50864823863375,2.1284219336291565,3.9410856649950565,1.981234823138864,4.048842283155464,0.92616435009929,5.190323238300342,1.4911820810992418,3.835018955163711,1.4474197781198388,1.7274913443650806,1.440676370959397,3.1854568175665334,0.6634249342519762,2.6089311144003346,8.378987619293255,1.147041775031172,1.938845408347873,2.2873755060074266,2.7226373767101157,3.9294646607047348,0.43853325880902233,1.3612291570082071,1.4354754256456848,0.5529898853838995,1.179194097624765,4.171230396474331,0.44403194171418103,1.6708690498191214,1.966392004542551,4.604034456932818,1.4283112442267911,5.338395237494389,1.4766522132635764,0.6061218134271192,1.0807698368516099,3.2958182544509533,0.49356693448412614,1.6339635445108853,3.501646248996425,1.6722880307059476,1.1268814806367131,1.4374087030533356,2.16208462681512,0.8570894699707979,2.6879117981886904,2.5542388037714705,0.4598296877981425,1.790409095403136,0.20710436401378027,0.5715909063338336,3.37722720968806,3.2289309715879564,5.754313070527173,0.3970009678635915,1.3400099951931281,1.1457854532776572,1.0191676248300403,0.5392150270512298,2.5639518400176615,2.8439274908357097,2.002227515064152,0.347499669572651,0.20727506799074957,1.112108700788668,2.6014042908262014,0.6723079263228569,0.4070875511221189,0.2626265199840927,0.6090426399796716,3.314998630773628,1.6532764859148326,0.961199359525047,5.679697659502446,2.497490110827665,1.7844866587355768,5.060403562813693,2.41870035415671,2.443738513294969,0.5509452730847887,1.6665175469953577,5.281228022258402,6.430808463766872,1.843967583521569,7.311149136505978,0.4540306944799368,1.1718753048280672,3.925660150673628,0.585933960763857,2.9787698282584567,3.0850346250853358,0.3986483294076793,2.3479023732006072,0.7274766801506863,2.2605865463863632,1.6502833047153647,0.6822256808451624,1.795343405165952,5.807534627552881,2.0705326070621988,0.28251682513147003,8.464883972341594,0.9001481020893849,1.2809707871831273,0.4274477336080892,2.0105219816318156,2.8269576437040134,2.3636256093667285,1.3382260003616004,3.6349088828639995,1.3299744835166245,4.486041323031588,3.0464085466900714,5.184575055928535,2.9518634189473016,1.6672245828803995,0.9452885997468989,4.359595685836609,10.18975511436594,1.1189093795097627,1.9080332974456116,3.3359335006888484,0.33616493164649186,2.7345724408311316,1.3593148831370647,3.3369790908782875,0.7788062761818264,0.7405075026827497,3.8900171216594632,1.718619015598244,1.4585504562430112,1.9310731753672497,0.3409303398138833,3.080551543450832,2.585232949770697,1.186544871775949,1.1612890123815802,2.692458386933498,2.275777190759628,5.405551669015804,1.8618657568928274,0.45717764935068245,3.110219645683583,0.3309751125048816,5.144328912794542,3.000508441690767,0.10143305294577298,0.9724110328244366,1.0783487845604887,1.6848673271672703,4.746758231952473,0.8458737371333117,1.0041317379058547,0.6748119378321681,2.706494706150938,3.276550539236839,1.9886699807269643,3.2518150041794307,3.116805608294886,3.11698188421383,1.2986989604085926,0.8111842998023588,0.5237982069325304,6.273379349057794,3.9654395282875368,0.9778136526168699,3.1381369966854,1.2248459855153762,2.5016968548356218,1.5243620616061802,4.369839680857645,2.08357264453724,6.147994102326262,0.5831636215436709,0.31319889415904756,2.012440740017821,3.6423259270296664,2.4588943912979486,0.6165538159421048,4.174658878359153,3.2105280324820895,0.7180092705924321,2.5245063018794744,4.598018055621599,10.900773844231555,1.2254417396242703,2.5454289395343217,1.9398089782439611,6.230671197720382,5.182344274493462,1.7493724141937739,3.0745463761822864,5.632085159059304,2.5667118774387907,1.881283872769117,5.799566070697467,5.831926451604157,3.1560747394017876,2.569877147840282,2.263279548201897,2.87545834869771,4.539971069182875,9.022670914303808,0.14635827127855894,1.239118727308878,3.9572232843327426,4.552844030655292,4.5291149580500845,3.984372584273334,1.0682800600317623,7.757193397361153,0.8079251136893224,5.815007702417064,1.3494146458845855,1.192748358490291,0.8937091154804448,0.5991931020937376,7.235143112482854,2.446859159099113,0.4839536259172801,0.23048769822662052,1.8936509213974617,1.8509345602903182,0.3495467059710745,0.427951664095235,0.9046319561567273,0.6712543888429626,0.47310004620434437,3.70634870513046,7.457772362153831,1.8915038120734395,0.40165973775618335,0.822967311313165,6.0169616569534625,0.6507370801272078,5.208767768080344,0.811598479579409,4.289358837455661,3.915722030431443,0.8230933650205416,0.6515771224286142,2.1355815064579096,1.4908527089965053,1.2952084884244643,0.5709903880661864,10.71019304864074,0.7570506376249754,2.601843797961335,8.606591360014015,1.8026705764763673,0.5502357159217582,2.94561123172302,1.0378612122697615,2.9231307747798514,1.2908438450707704,1.947459798137737,1.4321283827021196,0.2135904637404913,5.906976573542608,1.5480268133030797,0.6647967329969329,3.5422816410197204,2.6397445836218543,1.47656510061872,0.8538341962598027,1.0848279618261731,10.318645414103644,0.5217358999098078,0.7916938202382331,1.8410300891216669,6.30351567998472,0.8272770037516298,1.9741538779427192,2.59824920852314,2.2280837752490603,1.2104192243018717,1.2229199391165944,1.6082509635765971,4.138479587771607,1.130498407448925,0.981543204363807,8.416548430501983,1.4558947876179946,1.9900420245956847,1.551758038032249,0.6290508371005014,2.0501986283701745,1.6318347021414603,0.5379989655017362,1.0085331637420376,1.95352659887068,1.3284686379859245,1.3989422500165891,2.41268630257933,1.433401798461509,2.8791679924137297,0.5822328645483674,1.4651847691346727,0.3897871404519682,1.2790950199806432,2.9014067814641424,1.1529860877266407,2.8422540949290425,0.9648381908915713,0.6661826038449137,0.9914647432004708,6.5398228012002155,3.167441292916586,8.634951800629144,4.500057345651822,2.5487937628525756,2.251144333825093,1.5677919430231444,0.9332862219611981,3.347340575192537,0.15532441885690407,0.8440539743997884,0.36818582292363944,1.3173098138111503,0.16323997597063955,4.007762679544725,1.442803683459722,0.2519039777187899,0.8701550611698556,1.24274533091041,0.7133135856271604,2.552387836646968,1.106021807888177,3.9875725778490065,3.2460946349144524,1.1490297555509423,1.0023439673313974,1.0509574769318064,3.521979140360021,1.7863600991250677,0.26434855493155296,2.809132004940143,1.0515997404078625,0.6260248081309132,1.5553911930606634,1.673286723700517,3.8058307421438187,0.5018438031610428,0.7672709346942864,0.3610541867721142,4.118489702913658,2.85890899324587,1.2809331798699062,0.8818745489613922,2.76279479212618,8.060638295640484,4.76376085351907,2.9015340119124535,3.1085733150566925,1.1587225304128017,1.7355568866129856,0.9912449756804871,3.903906949438103,2.3697575571759435,3.7860432757358735,0.38662849854477566,1.0290233376083164,2.2988806294468316,4.336481689743957,8.27434788324089,0.40826309835667374,2.033928434396702,0.41249312840562535,1.7801424011228515,2.7206944200669914,2.1528767749263698,0.8462969356791028,2.1071201646681255,1.9853571051636372,6.197918113570787,1.0308390598461559,3.7636019041443163,7.033782984416413,0.8004027723335918,10.416209257365201,0.4838145311343577,0.6083870368090951,0.5959746094424685,1.0098641675873195,1.7302497222830346,0.9928343664369694,4.188331234984386,2.7310165930820167,1.6394460725186952,1.3293631034436029,6.101407560669005,5.131941435730992,3.960847493077253,7.179255127470611,0.06540561860291054,3.6076450231614436,2.5228837516989486,0.9175401760585669,1.9810235088401718,4.70320259512027,4.002244370266448,8.078705568336444,5.409793282538197,5.955861977135916,0.5741946048266889,0.7359793014782248,9.136590706443616,4.844169297025964,1.547052844199957,4.202751511779713,2.422936788225252,0.37007081834161504,1.1118933242849658,3.549743250530205,5.2040236162493745,0.8720400474987537,6.164716368270192,2.2175568461069304,2.8423939405027343,0.3359204844821313,2.710584631185546,1.9305820127703277,2.8589478891397286,0.8905601403127967,4.849133244152792,1.2918323850742552,1.497407422827961,2.338689693263454,1.4114706039897595,1.2188167570520423,0.8500094785084411,1.6780593389416207,3.6387985621859515,12.975451385195958,1.1326857609395766,3.4172983205791843,0.4717505363933111,1.9394983209522358,1.7002538256714652,2.51512024933088,1.21894090522971,1.9848317287806603,1.374225032173839,0.12712236152559542,5.368334372260549,6.347825460013196,0.7299171752879302,5.533908709515011,0.5264667725360888,0.7145826240983585,4.256642342240746,2.4813312997898453,3.751744091410492,1.7981293597142582,1.1168517141416865,2.5449554870216837,1.7340568631907112,2.9144075850005255,1.066367740957792,0.7270186307418007,1.8236434707002442,2.935069040852194,1.579597064262284,2.932578305134185,1.0764226336289253,1.3983751221603933,2.6524403634710247,2.3467161505136573,0.4035946126008873,0.917594853041515,3.1726650626430537,0.5434612571453316,5.641659853933222,3.9145019680730115,1.4030718371825743,2.2896235495969757,1.5519713590475654,0.56569349913419,8.895537798057523,1.615175318364463,2.5755532666688103,7.515154870774067,2.237274533652817,3.750529785472496,4.0171358606317735,6.758354881795362,1.7926087193364006,2.12674271543682,2.382383760308202,1.369478851294474,1.3299818685677187,5.824257583177069,7.302605862535078,2.810773513230128,2.838510941643569,3.154815737450292,0.22617446611644554,6.835913644371734,1.7452089033022469,0.3344661291750387,2.6163379854815747,3.895364474787825,2.1815409225139226,3.1666208696911515,1.8169985895338376,1.300880259342852,4.750693223216595,0.7408491793005094,2.754122593025618,2.028563785515141,1.956849067137941,2.991945545187097,1.6924030496511304,5.233905454651658,2.3629194272975624,1.3103089128514713,1.4830199912423077,0.3634310843440558,0.7838152826570599,0.8260640203547254,0.44334840403181297,3.848261504551934,0.3107496673238973,3.143589168012927,2.0394967904889354,0.9815145231784564,0.7241894075775774,1.6386143068762846,2.1163941133544584,4.502999911433932,5.310757439528801,0.1149906489531882,2.4433399615358384,1.112396412586038,3.316047590573941,3.81313933082894,2.1137291569277497,1.7475634329715415,0.5474655214338612,2.0312499737359597,0.7244259477402859,1.3415228646772537,0.5144565595412838,3.201952635801374,6.891056462453492,1.8660055884233286,1.2551715485391663,4.282348152696391,9.380075045474555,7.616385646455898,0.7552854254062646,8.48011230912411,2.2102975365347723,2.4560291915652557,3.5948005016273124,6.428950146138721,1.7381926199013256,4.691661413763423,1.1500882844801754,1.3499986062717255,0.608768582681638,3.3773146370452247,5.082156831848426,9.628767925654287,2.155094198094665,2.0077800882952928,3.251907447711754,2.5663502505406175,0.17463583426252183,4.731853327671892,6.265543629687948,9.06722000992072,1.2632771774859477,0.9011134434719339,1.7465089181255264,2.296829721378806,16.316932133974998,2.4289127066673073,3.1757937924459396,3.3402224152990168,2.6871228379026504,1.9237810476852437,1.8883331607486171,4.44189535874832,1.8856480343030388,1.3441890656864688,2.342954529999339,3.3118384909413807,4.474332369540857,3.0231459913607486,7.957807221003316,0.5799459603116486,3.3348326495231113,4.43175499291683,0.7046222598654255,3.065002282292957,1.0588801527985647,0.6876316384697192,0.5167331153397209,5.228523521976647,0.4481293577774127,3.1337532641528796,3.581367020259183,3.999914749268701,1.749719054315873,0.3012599661908778,0.6168574771144595,1.5494292737132778,2.7291986655314777,1.9652654128369007,1.3897563163577213,2.2780103964331335,0.5586218306018234,2.8437605101464483,1.101087242929343,5.940410401372965,1.5637143554116593,0.46782269920631503,1.014469298034068,0.6766993516941044,0.8372434620876715,7.893412108000302,2.2529840712042546,3.803426042243545,1.4979616604852888,2.528892551364686,5.857127358253177,2.407437749422135,5.337143004926944,3.2119406362566085,0.5847735022657845,1.1577807446601098,3.4857721173385974,1.3874700394874984,11.861123569985779,1.1506227828444149,2.7543104833711363,1.7406026363032758,1.0863774352597586,0.4460129163923693,2.2602307768807863,2.2839295358487233,4.259451020993493,1.83657358712672,1.2238776777208142,4.662358864725527,1.6095887225103165,0.2628981470085946,5.642048540398355,1.6325641607464558,7.001429527602817,1.723360315688652,1.2185265967371026,4.00179913217773,1.057788844801912,1.390244846398499,4.78317337257141,11.020005077616334,3.619069864825612,1.6339685909945547,3.1237525960152674,1.2429431869419052,1.9807003191856196,0.3961562424033785,1.6357057010288165,0.5006069081348076,3.3536385259736567,3.570803196310855,1.4736267352937,9.542638346076833,0.5540895556065051,2.528528675258742,2.087411910924941,1.402970015927082,4.027806273386699,3.3977819577942796,3.9226126926258695,0.41244807120917854,1.2655510177201692,1.1950566281702182,2.896896655559853,5.4587014336802735,5.39069631121332,1.1537660603832536,2.858249987760463,1.4951489216456368,2.8703109833697815,3.7865967537597296,9.658986222599419,4.652557270657901,16.227065571265086,0.5191603124094453,1.1610590498900297,0.9293605268853395,7.1185356185998065,6.273035115862281,1.2736457334158886,5.933954413118671,1.553642716783533,2.4788240692634536,1.380444286376881,8.245031147167891,4.0459768852534355,1.9623479523612297,6.2563568558788365,0.1548892257219009,2.8646793110919635,3.4985268276310943,2.753321160475275,1.7381830900759536,1.5426239563358422,1.7533646904763576,2.895110219638191,0.7645285162881079,4.279653560183795,3.650366268462479,0.6783518240181081,0.9134641097821009,0.8227845361162742,3.5839124066116383,0.038528330825412294,1.765027970558566,2.210174424684693,1.4798659758696,1.803908801653168,5.985559463481343,6.285177824649617,5.5542292800123825,0.6104617541881557,6.639802470492609,5.1897828569355955,3.24767201956917,4.57934007003943,1.4501364617989059,2.427125043609253,1.3850724468706312,7.761290225204681,1.8751671561581436,3.784495302419064,1.481967394225077,0.41604758150731985,1.448093217290761,0.8416344416162853,1.1467214284782745,3.0597837459182307,4.189177953713683,0.724798777220051,1.0355269805828407,2.4832370472842897,3.1366261942918374,0.7146009874065978,2.8320098149608643,2.44913993257148,4.742415815875057,4.792417162255449,0.5288595099760802,1.3619715850534018,1.1914785453410657,1.916686777871079,2.3028249367781286,0.9034093622607058,0.24493098067183516,0.5762564948659907,6.444161465781067,0.6423848756751583,0.9909484957657511,0.9701569890144277,0.9793674344523725,7.186241126450776,2.483369955935453,5.800921936922075,1.1206844688875073,1.3143573535299502,4.509071242885998,0.9403308154889302,1.3281386505683188,6.045851089169297,0.48373765510434097,5.2336472173029405,3.418063525900987,2.1698004908500383,4.962566189103599,1.9029834700089898,3.1593900396478825,5.866285872170709,0.968091437277959,3.9164762372813957,0.22055138532901852,0.17360949282252336,1.4860930777495147,0.6462245082926774,5.8091718201851785,1.3902894554250913,3.6517086827024308,1.0381514853939777,4.400321556228146,1.8712235026208075,5.745135957664344,1.8430691302896263,2.963608368205378,1.088785177621291,8.690746937886795,0.38552788047221653,0.3382002766794152,1.3591927273338884,1.5104544501005763,1.499391112833564,1.757083369190394,1.4148635763438098,8.884821230760982,1.0291678257243484,2.2009080989533465,0.8187967313623168,1.1760571854549458,0.9778025573717842,1.7127803305159057,0.622329864793832,0.5822812959151311,3.053584740872492,1.0860402465898078,1.4075003225088456,2.4435469362606828,5.466360966941954,1.0306250412622173,4.542952361164281,2.5572427880011794,2.4257514549950363,5.2354158182449355,1.0294925271133337,0.21560967347538743,2.97368962133003,0.3370317295351928,3.7262092073469413,1.6663746054822917,3.027491362934367,7.384531427494157,1.6622823321487483,1.5466537668584501,0.9860852273335172,2.893635998617202,2.698702669112568,2.1727747360321366,1.7567351518538095,4.140130130462824,0.7502445206904169,2.898702028707344,4.037502310443957,3.2678544294347027,5.290588680825968,4.416541503192984,2.252544172217532,3.2915983858264437,1.2460315685337666,0.6960760813434226,0.3703613886847592,1.982611557125452,1.5483721521416742,2.532732341427028,0.7361587878117385,7.109100400565743,1.2094450448012566,3.475560681768231,6.981544261642695,1.2428421441566475,3.4054210253926245,2.9498296436390237,1.4520476212398328,1.0786219894193687,2.6984622240964082,3.628215703078725,2.9593954469188537,1.4021597210701686,7.954470670027921,0.5677681412065922,4.7002823045336,1.2989343243094145,0.8665251303819108,3.4595317247108412,0.7300795366273772,0.7820569305170576,2.0055652038522584,1.8481149692368377,3.2510185864813144,2.381461716896908,0.25663598254628484,17.67770574833722,1.7370728505917776,0.5636528578657944,0.45831374500822114,0.7959679229571883,0.6219103771373156,4.389337957757803,0.7396633524118936,2.98644267664585,1.0346022875805685,2.342481529659179,1.1054802727667734,1.0317439869104,1.6494098770177232,1.3634553191840393,3.846582511471264,5.434898904943427,2.854840536592528,2.85317963224126,2.235100393748418,1.3875338678893567,3.0882923053085927,1.0565219943438398,4.823678062114736,3.7958896246029754,0.5408718103837169,2.1550790623873533,1.9817647866576704,0.5008385031201877,1.9742624256601906,1.996790869226436,1.0733994885795268,1.142115803158192,2.9054506092734202,1.7420902925854098,2.577925603477822,8.137878967977354,2.501658939185757,3.26501435912778,1.7477010747501918,2.3601280140278806,0.5169198389513346,3.9010917665952665,4.793625852839608,4.265620834272766,1.7773881448969495,1.0146222696199587,2.9494267698984187,3.7015081800630223,0.5761556626221958,4.430734337322542,0.8288858550646613,0.8095164876404114,1.1508801799595947,0.3902727570357678,1.5784706355286346,10.484965486824514,1.1133562574373008,1.0989947437181797,4.063508132436236,3.571239518492177,2.6719300212260833,4.46394864658944,0.7687677561347707,5.198044098414196,1.728898226302602,1.5118955545599044,5.335809883646094,0.4480437722559063,1.7165429595762909,10.23900377548579,6.516220193580616,4.641155260760719,1.301478641104577,0.4538380925252423,1.1292936111764997,6.482783010881045,3.166650735552297,10.148847982910326,4.258581429672513,5.681553545539607,0.3317230983273933,2.0045067351202155,3.7889445424275427,1.2423259296855718,4.475478211578686,0.7499192415177043,7.06381249107842,0.7272887793069847,1.3581505271704946,1.4277086303106683,4.637316427264517,4.516346974024518,2.368594336429868,7.649279059572739,2.0624227986205024,2.4677244110889225,2.8400958877778115,3.9573484782850037,1.746362920525427,3.0222628186555704,4.319697965226847,1.6425147963498972,1.7825671966026295,1.4758252290259524,0.6062878793149529,2.5974383102674383,1.315351538256862,0.8061839671763368,0.7945001271410728,5.70030626466902,1.1238774492292223,1.6912557425272854,3.3694975012727975,2.4192146987921928,1.4763161595059635,1.8866424198602854,4.208960920272022,3.595546786476851,5.66068929677687,0.712768457985018,1.803539933131988,1.2814448088339163,4.698759055657147,1.836759475234133,4.151610130351364,0.3595230895015973,2.592187334572208,0.15430477304335558,2.785828738589875,5.068138975586805,2.066257821130815,4.596612162899931,9.110157105601047,1.19889627643747,0.843408272810271,5.804874654865272,1.099964183120732,2.973450692970519,1.6123540105088743,1.782497743471609,0.9776894641183637,0.3628004505137805,0.49404738100002143,1.5370075838614337,6.543128249194495,1.1153312176321766,1.4298458001292156,0.485250237388397,0.7724094427932776,2.3121051168733606,2.0200894727035807,1.0391512322251917,5.442206915331308,0.467655249715869,3.473048423750762,2.2619660274058666,0.46715976747287513,1.9260549182654496,1.6743633669334985,1.3833137034040561,8.43005841524479,2.2811563878962726,6.26004313462581,0.7183114093716909,1.0399346143488208,4.520426698971398,0.7451065399622602,1.4331846642149497,0.15775644230841368,3.412836379497717,1.7427408067660919,2.131363249408601,0.8656472027689588,0.7215529908257302,0.3718210772007645,10.781319665977456,1.8700228991454064,2.6977452540121556,0.906889704093466,2.2305703876465577,5.740662501881334,4.92683984347879,4.351266564990375,0.3953195504320708,5.083235928951413,0.8694539848150713,1.0599746405529977,0.7731293245244848,0.4216761372375175,5.653854305412359,0.5570664817545588,0.8219623258208895,4.254817487488934,4.6509541855205985,0.8975497523614216,0.3672167986218531,3.4540151994454895,0.7010232727527195,5.43651337567646,2.423512656495659,1.0134761730573398,5.435479554693478,3.7481975574701347,5.948570473901684,5.832513347838037,1.0947121598693397,1.719627778364404,11.018861213393482,0.7367434445731518,0.38126686337171234,3.5626582085471306,6.450342753104934,1.931843781800512,0.6256512606157418,2.078209200875564,7.724330891759059,6.012379525638205,3.754449952508364,0.3558735567980509,7.5533904290730405,3.7716977531179934,1.2345603840086896,1.9667251903773209,3.9937325201889844,2.4559947759905283,4.39168751540444,4.012634783865212,10.649312828444453,2.353402118855797,4.760520184499579,9.060651519807022,0.3137363375143143,2.838907629490325,1.761545722605579,1.8212997982824572,4.005700109610457,4.61955089013114,4.200791440516457,3.985444614513294,0.875640065624313,0.9539399035733263,11.14805567176319,7.736261226692147,6.0772200315299125,1.3691524385410836,1.785140213047817,0.7171004833893407,0.899433853505742,2.2023898949267426,0.6727968977080603,0.45329415269512163,1.33274855220205,4.806954421359075,1.7581020252379713,0.6352282268770248,9.0978232397975,0.6700792144927681,0.5656988874580378,5.296962485997051,4.991648523689021,0.5768564070860813,4.144606740847226,2.523424082689475,3.708364584988473,2.408736364921155,0.7257208014520311,4.108277564393869,1.6861489867460868,2.3361972990943074,2.5121316695569162,1.7094971489616797,1.6954130780424568,2.5426822421841004,8.631211506351782,6.13587309147417,1.4804308502436583,3.314857844973728,5.883673003582958,3.188221336126686,2.6790269994138622,3.560675560959465,2.8590862228501317,1.7926027094862143,1.0667321226304984,0.7426448925544846,1.1634121253391296,9.020891205821924,0.4313700487350922,0.6298852085991755,8.375503113515727,0.41440642969777103,3.8779392811068414,3.397340527993187,6.500517111488503,9.56639720083914,2.0059394239583295,2.3484666344912744,1.0139347674299442,4.644390504104782,1.7711408015674088,1.461170936116989,4.080422674344707,6.094275413349887,0.32754252881067186,1.8203986783009445,4.293927594206813,1.089451876515562,1.5103514412908847,3.9024141214187837,8.908414020124315,1.4246023289230478,4.576029455939891,0.7311457617560899,2.8859681268465818,3.000881191415746,1.334539693463368,2.5451053109890625,2.5512590896544505,0.8197035564204724,5.179502006003475,4.7384006437084745,2.507443553064318,3.453799134088903,1.1628496164968412,2.174212536639338,3.424003666037901,2.0029046153810133,0.55336154354664,1.3082603239493398,0.5027842852638333,1.3373080746082433,0.738777917797955,0.9888675401963374,1.2641250556858807,3.3466815536627013,0.6895638863466949,2.8537801255466513,2.392252766869576,2.9169870284014685,7.276130287745663,1.0037903545411473,4.436956730842036,6.297647397341413,2.2408965295895293,0.54782985672028,1.6871926464529206,1.0892228368813472,1.3089757980258347,1.0832086028892762,2.8042915684916356,1.0260196718398553,3.2479482006632594,1.5123879720634519,1.9238532256034402,4.63621986083837,4.572093552991353,0.150166004890034,6.7239607850680345,1.8184867644932887,4.306743983037329,5.69448907454194,2.3880620675759374,0.6311193254715519,2.46009457884229,4.035948664206255,3.259235783581347,2.1172056261246217,0.7514639486407667,3.1188597392559,3.4602768662712817,3.5522522230546705,3.151416580454833,2.21628743481856,2.5255459761783734,3.240208592205902,0.9453652023616532,1.5407879359754633,2.4588969343307485,3.781290777232259,5.4962372568026225,1.5573321735423957,6.087561276765988,0.21296196459908429,1.5191279571241563,5.2466572308739385,2.1609514850297513,1.7876935033813197,1.786960061739134,5.3841861016689,0.8812336906831971,3.4886612330426354,6.589906606473781,2.1435538114439114,3.059642500541145,0.4924898537004279,2.078837212733538,4.528191263760046,2.3030709925854618,0.6143160400400096,5.435113999667728,0.9226870529357176,11.89990529513381,0.479507677996943,1.4785934347521472,1.8107491233832531,1.5067109854246716,0.9998012963766149,1.0559530614843247,5.947046921453104,0.46555702459095993,4.386896298129546,2.244522330526345,1.9655817281760974,1.1255400510912619,1.3770604167607976,0.38862495336742253,0.7167621893821867,0.4065504820798458,0.4407132681722581,1.5202520013874483,2.959733678411763,2.134260696133126,1.8345129490408905,2.270535029243213,1.170395297430503,6.320797742218291,0.8987835014454248,0.3038806797125748,9.988647851124636,4.112541275455504,6.827421227108107,6.931484582489714,2.2021167408903155,1.7827212758681297,2.868311160385766,2.2341201269651725,1.4549915227404733,1.840327181335312,0.9389202053609574,0.7558801660675301,1.6620892142475472,7.038537993471727,2.385951221368615,0.6396103952961263,2.378432652120649,4.88239140928334,0.4089192845684644,0.8872556676468717,0.5655382859388064,3.687108516975922,0.4850133913327002,3.748004671835541,1.7384798895702913,1.1987532869248168,1.1140494994786074,7.823094914736212,0.33207908636050476,0.4945707897860968,1.1871436943478,2.090783123710907,1.6261901270810437,3.5722724559536814,2.630814435772887,8.754103854130308,3.352379430032056,3.6846132903779676,2.915064790712905,1.8711477704206274,1.6387600723114777,6.548281927788839,6.739783997279506,0.8941354232332039,8.855937499978355,1.1499429145550173,6.319009142751558,1.0524606485709544,0.9737235095047743,1.9164338246957315,1.422994403717743,1.8775711526990313,7.979482298857179,3.3254865373826217,1.7374695336742727,0.7518808575563644,0.6995058523828832,1.6424139770129362,1.2715989037537823,1.6319267403573976,0.16004622164808743,6.604071544417909,1.3268083967443474,4.17627858385389,1.9186730366767442,3.0355794404060363,3.233684477158536,2.6453075015536998,0.8030709687790437,4.338329196150362,1.3122959259105418,0.6071281793150547,1.1152380822757688,3.1566847881200566,5.302046642022297,1.5025182791312495,4.4324582128604,3.7209612924776185,1.3849049399731719,1.161878961550737,5.446027107115381,4.550668067797904,0.8370805353636511,0.7865972802364027,1.5093609206391263,1.065008089996292,2.744359901446694,1.8868889570514908,3.512553439178873,6.13548686698228,2.409330709514017,6.0300614311505925,2.2989385508022013,1.3333533794858852,0.4999381949211559,0.5110867547639646,4.5925620536070815,6.726326782767469,0.5336206601460194,0.8096677819507793,5.239269897342665,0.31070494162247636,17.0326946078785,4.154284809035757,8.982846081090536,2.093093902761558,2.208357745737881,2.1311496631724482,1.1146691836908817,6.744967131501106,0.9630835449899156,9.212762446886732,5.649713450528104,4.381783327070303,3.079417718847108,8.298636811201895,2.317748493874849,0.16332415044487864,0.9376848306458734,5.355965786890563,0.8843052236522183,2.500238551034889,7.908963209736388,13.634087359989833,0.9001445438920634,2.778752376492415,1.8326767188884179,0.9318825196520074,0.5361484554820906,4.710139606531783,3.2607186537871407,1.9093949577494125,5.043872362825999,2.7062730754163384,2.9514807002518095,0.4813068816852796,2.198603921495182,0.9027269391189827,1.1720351289452986,2.158344251098537,1.3817438405126936,1.415614316330792,0.7155074548752147,3.0246093702301646,0.3435406631173967,8.804433910669117,3.269175601646332,3.0554512603247876,4.006137495346528,1.4094209330806489,4.401936432500906,1.2212301526626212,5.002861072374375,6.309878266798404,0.3567916086392602,0.9287356157151228,0.3138045427509155,6.086909083083608,3.964957941236212,3.1646730577362776,7.575505326800356,2.693610608367466,0.6227131758632919,0.8576888244484913,0.74727348443696,0.25154648282695935,2.7246600382289414,0.8872407400014714,0.8809523118776069,1.112466304193077,2.0201391225713365,0.7103178530391595,5.6968866879311815,4.7430690259007955,4.731332341657238,4.625720172953175,2.4527615387840855,2.168534080467537,0.6291206855389551,1.9091144581857866,6.493211108759877,0.5814922663644895,2.9088575190815837,1.7217142604451547,3.705816682327839,1.2256829506498883,0.9279052912033667,0.7690996842498519,1.939803367288266,2.9104274977958156,3.2658624696285745,2.196804689154553,4.975160008453576,1.1505193079908467,3.5792543104497785,0.33520428197199736,1.6621027203436507,2.3604826933785317,1.092217116247565,0.8563952305766803,1.205139396070522,3.8950126643514293,11.113209509813737,6.901135563092067,0.4481430178311047,1.611824983490178,1.6766567797205916,1.6608284590171825,0.728598958780129,0.9573085840502039,2.36760726218569,1.3983896963339104,1.1075949993204992,2.0425310369672207,6.300692355631991,6.649615897536743,1.4846603508861786,2.2891890798637644,0.5982331961852136,7.623778375679579,10.750924218172258,0.7018312115660446,2.591029351266072,3.8518050703709052,2.4871145155115872,1.200701207408064,2.1482227771495146,0.7445773961017306,4.105410177975572,3.0643764239939,1.4670178054198755,1.6222520309522421,3.626568036047787,1.9024669743173697,1.878907768229822,6.243798253613005,1.1643590666419297,1.351377744302897,1.1515756824716603,1.4959866270986857,1.0833860673580433,0.6519711045906673,3.096389324359675,1.8190769437089243,2.286770825103599,0.8056830265841342,0.318996688431915,1.3565625138998725,3.7999064893252896,0.5988200770236556,1.0815642319428462,0.6445915583224959,2.422888802522686,0.8626967033949651,1.2821165704434898,2.279872822372938,6.321101561264189,1.5040304491134515,7.0417906875589225,1.8655871257219487,1.0634424455686322,0.15058907039059755,2.1370452046729365,0.8782418939962469,1.9702063806138292,0.5192150217189676,1.6750103425018326,4.601500533765193,9.316172213980847,6.652449568975215,1.7224096600445593,2.797538983890283,4.619631788841204,1.1296294352495484,2.946571890499698,2.1971047879274295,8.65973257349133,6.0459275370205745,5.869873135159987,3.197103416178411,0.7385321981480708,0.7464211598225786,4.8371963544786984,5.347840227137388,1.979227572857703,1.0675439406120435,3.056529456965671,2.5203604083948346,2.410007701183809,6.20522067343135,5.100227489276194,0.8038486117605431,0.6218509481798014,1.1709395351153455,1.2106719498693037,0.7701339019620421,2.7872134968226008,1.585042481569361,6.133448949635749,5.037242511838025,1.9522014451707386,2.437438779801817,1.3046335880857756,2.7373912611561035,1.6447083863865455,5.259978439089716,1.379866221136846,7.833703943945292,1.2577105285070127,0.9390273453065222,2.8518527617050164,1.2128250839807748,6.2112094073066055,1.2754422752728383,3.7555495389658713,2.01321771378091,2.056154290288852,1.8835457949088168,1.2508088993018505,1.4942578756901028,1.554345408599069,1.9576359905299574,1.365635848731419,2.4613983359941294,3.7125684771552314,0.7985721661952443,4.377896690058097,1.387771693435158,15.500883439760898,1.8505470592063016,2.0240005567350656,0.4885316476558177,0.5066794894621081,2.7624965205200267,0.5565149593589599,0.9814618869289764,0.4475421722418545,1.5525975827287875,1.247334313018247,1.4560420180580662,3.1829170669308655,1.669182923992747,3.587735387586791,0.35757095339254114,0.7094009677607124,5.916944642357008,1.4954003307746813,0.4523825795049641,2.150260342498484,3.9041874944497277,0.763516581208906,0.8896047292484774,5.075249812431059,8.355159116666927,11.183249391286518,6.488998081165857,3.8866336995544457,3.0036007256707946,7.612788125574764,3.1933406489969025,7.055129559718344,1.929745947936107,3.0579080965936107,0.6071417666862298,1.2409659580709638,3.819576523501862,1.0539706941133333,3.1336201215892565,1.31403455335224,3.0615698156963673,2.2718697560930603,0.5466135277013828,2.449165621078076,4.100228092773982,0.05667647700739609,6.787845539669648,0.9691418311565928,0.37194723152493797,1.8417742400349248,1.9530674512450554,0.4941594167377752,2.973217752602844,1.9249211818648444,1.7134373186770793,0.48293543753222545,0.8929905444998654,4.572122956963398,4.14057564430113,1.840718219465682,8.18234713568898,0.4284918281705239,7.143481864662939,2.8143664702880447,4.773302297534397,2.100321557494271,1.4389558678643632,0.4483913667028304,1.904588459454491,0.2246714764017963,0.8171698193697654,6.333203335659525,2.9998378965187964,0.9424431406229399,1.6416980534515206,5.578405424334892,0.6654187599329129,2.518902949506312,0.9328403336967612,1.8969262689299038,4.329220884614805,0.9505732375185895,0.49976166081319606,1.6915725290917938,3.7699999074649098,2.129268727201653,2.403261935924215,3.491963974632459,1.5155901945411927,0.6289141487668475,1.0094064623958923,0.8829095742224342,2.7405169025684897,1.4120769458224824,1.79414011595651,1.4597797674660393,1.872623190662616,3.8316341080980463,8.71539555351282,1.7935776564227806,0.7578399031520421,1.5914835477108578,3.0164105918430537,1.923405382067291,2.4208674723228105,0.6732454538143029,5.157392015270524,1.1521024290140933,3.014674482230818,3.269384895937741,2.3840836628762014,2.972642475013255,1.081818957437071,4.983170638837949,2.18413520763999,1.0194753015120308,2.740096380118747,7.166816016119227,2.9145782903080972,1.9660970875038541,4.525759717242605,2.6243494498926854,1.5017681682647135,1.6844606478693422,1.5445082947902016,1.7995818211862178,4.385688545238536,1.1355051353953054,1.9819328560973684,0.32865634561981416,8.71373582722713,0.823480809476902,2.4849928858457244,0.5795109413841137,3.82533411867436,1.6986637299419818,6.806772923983075,4.638140633660556,2.3831710235939396,0.14988776456509134,8.618848557891301,0.4886605556757155,3.422053706531438,1.017300000679051,10.569729275433437,4.021857524329924,2.9761211713373372,0.5998622963185206,0.6439022817488248,0.7794101903398507,0.4302487868554921,1.291244284945145,1.2124442485243008,0.7023823548398682,4.582588753269545,4.135817974093631,1.6519884790295452,0.5125506693810087,3.426117848774394,0.9976691624338856,1.0304923894308746,0.9005628157499201,1.7891527056860994,0.5340434466501474,7.592463380224388,2.8287593907018445,3.1873053924905523,1.7039146749781402,7.515051799384681,1.2380725409465296,0.37151375758675864,0.3754092318096732,3.837323834734008,3.6056750145772503,4.343120469150726,2.449112528394025,1.4506985792398837,1.4071709153918674,1.9034613989744606,2.541281386175393,6.003200958155831,3.5397945260028227,4.066056582674156,0.7369240581751341,2.2904499336169675,1.5760210225027576,1.7717375720409407,1.3611910640521256,6.715063057061646,8.865964384316735,0.3158903650268058,1.0471910481551447,0.2531940262830634,4.475016836941752,2.343432245756523,1.0640610090971985,0.39113259057590044,1.9576470103216335,1.4537013111942922,0.3682990095016492,6.0840268312023715,0.9880646171856395,1.749867285233303,2.0371300854391503,3.3747901741558,2.9745863268402113,10.762325515256926,2.6529518936545546,2.019090952626515,2.693497656521198,0.8983576407026042,0.7292382808567546,0.5954337797827125,1.9635448940357474,6.8077815780103075,2.697908015208129,3.030981180609249,1.6480579001504645,3.8340461438956353,2.7650277424699974,2.2926444961900576,1.299753505345334,1.0869034599606526,2.9427550520078354,3.132490775632571,0.8106540621258693,1.7995765265247883,1.5914025132595333,8.928799624478343,0.6590417096337671,5.277193611280146,1.7644412097011937,2.0198962148006236,0.5857114299946476,1.0853426144871534,2.376812266710812,1.7488979522475034,0.5862794749205309,1.357372554830156,1.6083335082447752,5.430912369147928,3.908140421957575,0.5737709890567642,0.933343268479288,1.0727953642472567,2.5495233058029303,0.4484695304477677,6.681050233685594,1.1692251804236582,3.3535393606244805,1.117692467734205,0.9407999887737779,1.9350728531370693,0.5402101748582431,1.7161034272743452,4.071867765230345,0.368632427093077,2.755204346859272,1.0896577896521444,1.920876214112092,1.6938336772544274,0.9868510752622297,0.663345035930438,1.1455974938867697,1.963217716879206,1.6691502488165837,3.9914250545307555,1.326574619081923,0.6705298648817962,3.947473626371283,1.2287817151286524,1.6811761850658755,2.581472333920894,2.0463279759895503,4.474413589198418,1.7662405048788454,3.5794573993138123,5.701538170976036,2.066705911663009,1.600242255591778,2.1998639984690236,6.332867183317448,5.016007381870184,2.4279800751750953,2.1366293432007035,0.6100633774107193,2.4520725510659607,5.1910282751625365,3.095579589214344,2.6013849655990233,5.3785314471456696,14.031654015113864,6.248902435611264,3.594012110424773,0.17670998142673844,2.306534531037626,2.198662753755543,1.8709974488594328,4.481143326705738,7.352927603594361,5.9095588639829035,0.7699404580730451,0.42459985778673903,1.4628275076766202,3.8336649130599887,0.8300452410742565,0.9562765159567242,4.77897004535532,1.3758416222741952,2.530885252754983,2.1334742664913398,3.917373974206768,3.4638395742777828,3.723993634832398,2.507259786290115,2.558439398792883,3.4295974401914773,5.351257424785128,2.3915991431154566,1.965000728082086,0.9965945541858925,1.6209864405270011,3.572498953695294,0.9326085395197026,0.5401762555929335,0.1254450539190637,2.133080351929102,0.7617016565844448,0.6057318551180026,0.5824674834099459,2.059831152529867,1.8600103175271347,0.29427131487083724,2.921579338650079,0.9828904878245395,1.7743456630762529,2.197855686062029,1.2134019232948348,1.0181483109190337,0.37055443163299623,5.304251552803114,1.2150338285693825,6.06185549760833,2.0223663419018356,3.516845462388126,0.4673100599047692,1.7936770892248513,15.607305000539423,1.530669698682612,0.2858506211648962,0.8615600216113704,4.546839895951503,2.0655606917625584,9.893044270968558,3.0161839370696937,4.021828569155051,1.1589668763447754,2.816810965718871,4.886592629611048,1.0500151750103548,3.9002060348079945,1.040063464398363,4.719463925783816,3.9990394188696023,1.1932446218101846,2.9194647043350628,1.3961881231799103,1.1480358010702507,3.6824125339862896,2.4973597321628582,2.349143658094251,4.163661894137427,0.8420427205358194,0.5713420440518228,4.0598243889295045,1.1158932735639053,1.6075367673258614,5.403310249545219,2.4053822891713437,0.6642815463673724,3.6015594328808698,0.7354849353070145,6.1578890003505595,0.7686312781653846,0.7631612215173719,0.14893763757949247,6.931072457841717,1.7678426740497966,1.4201619415151772,3.200252886375225,3.605691694229063,0.154742082268165,1.3762151237275333,4.092231201311547,1.3220477687318606,3.028624357804444,3.76523013222717,0.8019329557262443,3.076385279726435,2.448444096000337,0.9278913620960896,2.0152685964353565,0.19007006502513168,2.2053932268498957,1.5491743843717152,3.871078907907664,1.1022012400485313,8.46973573800014,0.2765193400010305,4.494100529352524,4.894639615357967,1.8679929953190837,1.1628466782252291,2.232746646479065,3.40113347829904,1.7185819189330562,3.4284122356476208,1.9591009583189662,2.303496826766441,1.1072031669206357,1.0218599125785828,7.225203821640726,1.5475482922844002,0.8619361642864013,1.9557575246561374,3.2964257204798875,0.8305209099029578,1.7944236279916692,2.720158455682863,3.458693345085117,2.1914018929886634,4.0826164212409175,2.2120393916316816,0.23682407689429796,1.000308730611037,3.207420869519904,6.788433930652542,2.663290773524508,1.380728538995825,4.565095966162466,1.5717347345086932,0.9113047465495825,0.4761895786139535,4.640483093325058,0.3936926719649989,2.124663991778414,2.332608018356739,1.37794590302321,10.486296152559094,2.081156940565263,0.2966507094878079,2.7933902529962116,2.9515533937165137,3.8056596004616083,4.8031723880359065,6.674422731423267,2.1987958909851595,1.6887659543259692,0.19183327692774357,1.1485736326328784,1.0619327986671125,2.001927826598618,3.687458241909568,2.6371671887210733,1.148908737934964,2.93726490114256,5.792408562050093,3.198175784618543,1.3409236510001261,0.48513497940325356,1.5916344253625994,2.903486783678844,1.7478592080733737,10.00061331723717,2.4778208283481016,3.173310964817946,5.6791638377931335,1.6086034422349063,1.8293959998163982,2.343084055262516,3.5862939939997376,1.5518998813628453,2.972620739232932,3.7890091404825483,1.9542331623071774,10.856466452497267,0.9124410865707993,1.671320624096224,3.89652493954026,0.5353723783613842,0.348366759087183,1.103214308783637,3.158697041445445,7.178947982057698,0.7609926638236011,2.1852093410950326,3.789362745710525,3.8850649630196834,1.2835308906457288,1.3044975420798597,2.733941882649087,1.1221445930611615,2.2880914918587134,0.8240100676194899,2.5410291950778765,2.1745814936782533,1.680136003044825,0.474949050217508,1.6875067220115683,2.9854764204741846,3.342873457013088,4.670163413330237,2.243280363918849,3.1298488959973074,1.180393229266667,0.42730795233963237,1.0288679585307918,7.099264700535649,1.2008636419416658,2.6176517883505843,0.22194552902189857,8.95075616710521,2.497297308702009,3.777717531937796,3.039045010511038,2.0335421485185226,0.5768124037550049,0.46316489697048446,1.5335684943637953,0.6108119966228223,2.472692965361756,0.4321956639453137,0.06271240046014437,0.3149983879000539,1.517120830032769,3.251179106783352,3.12003742866953,2.178703289382476,1.898097654913009,2.4427410236106954,1.728111448501397,1.2822625425056873,0.7328644848667368,2.2736986599601874,5.432258064354171,4.4959361182789355,4.3625626399284005,5.608361554432301,4.129123743592128,2.7637974234107068,2.4382517862134176,0.7645164714408662,0.8127664105255857,2.811588535812778,2.8635623853934966,1.3885627901512496,6.988488653824488,1.367990917546006,3.8526189449811894,2.0023362606707553,0.7177376835419824,6.59988154520963,1.9329231242917375,1.3897252182105175,3.667364202802155,2.1602920072585494,1.958763431556632,1.665259904037297,1.8028052904374072,1.9924638210457886,3.7260229736882535,13.504864503652467,6.173306366231946,6.2854265703874175,5.616809581287821,6.142431310744521,1.7445844581957433,0.3872128123886647,1.701294772290589,0.902658475750677,0.8089002330607612,4.258191551160865,3.7528855754405397,3.10553403496958,3.719340072688475,3.423221883771374,2.2219498299500877,1.4886651787159297,2.185042956193273,4.604902183993328,8.963114973855976,1.1616571361279426,1.843430162787752,0.884830354906039,1.012554761287474,3.3395596907242515,2.7200787669288222,3.4755075314014654,2.6104176142205437,3.497871221046384,3.770184369588619,2.532902121304,2.2326343939452427,3.5440429275468834,2.338478827060559,2.658673850540341,0.9428357460846515,4.49408799613924,2.6923124263805853,0.9159257025487166,8.488999414730525,1.3235907171179153,1.6807587033015516,3.7700861512449624,1.818054053472367,0.7815648686572584,8.349383251944866,5.006789615897932,1.0001320495732515,12.433690174068813,7.154581306210404,1.559722230421202,1.2943407830468385,1.5513114311061809,8.177248895798266,8.32863443867912,0.38236505754616334,0.6798361156791355,1.9236724400020724,3.3539730169725503,4.529368865940356,1.078734467788083,4.806952592459609,2.571898826479963,3.5510193720609404,0.49961625831480294,4.35060772464306,1.9378526753623309,2.767534214945522,1.0489053974199112,4.694532097095284,2.085218181076146,1.4759320103406612,4.763896744114902,1.854166426693833,0.5575587281986356,2.766157486776984,6.349237597220172,3.2070627474332314,1.3042940650677797,0.4729564602939247,0.6587395975298127,1.2503193714160503,7.288031463769537,0.26881943469577907,5.3547572589428984,2.2915333555527315,13.72328806503771,1.3814879889129363,3.0388929349752845,1.7709366285862123,1.611926949145131,0.7858963835579388,0.1669664426448635,2.3086754171907344,2.3463512955020094,3.4935736417643013,1.9952305343703953,0.8708864977754529,5.431556113433311,1.0310131221530998,5.002268695191796,1.6582144777573724,3.363751787515672,4.2675787520199515,3.3402446079374233,2.0446336723432856,0.3172503648654129,1.3618487806654604,2.3700443200239665,5.694019143569029,4.169848983739824,0.6571352100251812,8.29660637020347,0.10041698706458346,0.3606822497807126,1.689427544927294,0.18929830160783362,2.04740008054045,1.0228472790919705,0.4688291177658086,2.9595050736740784,5.410518865491265,2.312115050485599,0.34817489345352537,4.487275753507303,2.9112996526425174,2.6807674633477774,12.778822994765644,2.129539712061777,0.5624262117090195,6.921572094549005,9.470945006703534,0.4267604436349025,0.9058431462071851,3.7345691140417183,1.120577377216011,3.729952858067611,3.4687506297460455,1.8291255392691714,1.2990266227286207,1.4905797168743051,3.2762051499192806,4.275190892913532,3.2713455429417504,0.9770060754141985,3.6853951307040473,0.4400787275284527,2.2755597403261283,4.635753111706228,0.7150615679430526,0.947371767578061,4.099286806070667,3.358106147657785,1.345561606236828,0.87123565509307,2.299847978715122,1.656902609249409,1.5957346663249896,2.6695084991359788,0.5598999744266084,0.5409539104090201,2.4161195564347016,15.228771283821477,0.9998998516441593,2.2556286792229003,2.8259824350495197,3.3263145074498683,11.513732016600942,2.85531640925654,1.146473139491491,1.2076990164655417,0.6252022434564699,5.245068130128193,1.1523537636630792,1.9025305501111658,2.3216275252796237,7.66646313973412,7.964701958923979,0.7595625176702488,2.998849091487089,0.7228783504636562,3.85696399552794,0.9113975987676732,0.37005799306840204,5.589095411386339,3.123693593739434,0.8715295540068695,0.6020664115298675,1.8465977800320368,0.7845290409275962,1.8944592413797996,2.144166429516602,1.1566863759610018,2.2162923238847045,1.981539863004441,3.349595668644705,3.205730724825055,4.927375145738262,2.915223618465024,3.481853639862671,5.025026777671814,5.678158096387309,13.150985825079973,2.654561683785164,1.8318989111830313,1.5321203854211665,1.3817320626752059,2.724689237257046,1.7437514576223025,5.586467532749324,0.479615052886339,2.165937455968799,1.204023156221357,1.0173898275287145,1.303110701614047,6.446486272142185,1.7103176440746868,1.151548678908873,1.5856481553902824,0.5058868739124587,1.723044028258357,5.216428279620091,2.785103024669472,0.5475522084157116,6.619775416644827,2.513078820734722,6.888346519161963,0.9758933638791347,1.8129033276518454,2.090316602539529,1.982691535942291,4.715645608337476,5.278652556827155,1.6677253333455144,1.0781452557151723,0.5491867373647243,4.458555610208101,1.1829188062788147,2.2557327305967254,1.0479755456950213,0.9413370718103058,2.569200609734083,4.476811947064004,1.820220493639948,1.6534385060074455,4.9225192470614925,7.519989284492983,0.8727603383353066,2.325150123318926,1.9081037978989874,1.0093946660113846,6.9233655912223115,4.966194513729561,2.84120081792927,1.2526451578353954,2.615981470613592,4.486092095106695,0.952493733510418,4.448303997013056,1.1906859726496852,4.542486099842365,3.618945745269899,7.319499877500595,0.6811621485592882,0.8338799199158097,4.6720482546411075,0.23292921088438656,0.20960532154399814,1.3367893051815432,5.592238652649872,3.9098930317086364,4.694641226533704,3.236705653997462,2.9497954306019327,5.4205740674524705,4.368544119779737,1.7883677692541804,2.1226347142101343,3.065806763135037,0.9148985350833234,0.541138399584784,4.305634952832455,2.421134399948191,3.272490447301568,1.6370089223456619,0.6770575438389625,0.8099033396051358,5.827376627900362,1.2789141475025954,1.0055110321432763,2.3740639788244082,4.698909296008982,7.432496793111358,6.154056112703499,6.468503482414633,0.9240189867173731,4.782470017208445,1.007748047550737,11.704128737653248,5.098285215665079,1.5911419777074436,0.7022487649074391,3.1516012026772136,1.3134324433369229,3.5020350783647753,2.7727386542226133,4.916867517659344,0.9220766886618015,2.4930028111287923,0.1691438400274251,6.851773735493072,2.289293078828214,1.9752936601633961,3.9859783653721172,1.847934428312409,2.9816032625024387,4.180166912412424,1.235104260575346,1.4089355467058104,0.9153140169691281,7.689429066284495,5.6096325986442315,3.325121294321505,1.982273261576215,1.7954782929641393,5.276320505830087,1.392524960012808,0.7843098956617576,6.961607056226879,1.66918789480959,1.1649899419487053,1.4676143569202749,0.8436971120139456,3.138724044824207,5.099421325921201,0.5735172513864824,1.1577537982930117,5.411133907554277,0.9986273156374983,3.7393123807559148,0.8430614269346246,2.0797481943158576,11.349615978082747,4.380465382984485,1.3364646034178875,2.503919873233749,1.8631330439807454,2.7488934962652762,2.8865131556335575,4.143830590867715,3.316331537799228,0.8579063789736607,5.230468861421713,0.3621883373702619,4.949725535468596,1.1355708818495713,4.931100033082815,5.60244348423646,1.526444547372378,5.697355561045459,11.844378714290364,1.1554545950177038,0.3467280133150628,3.2604668242192045,3.690929347497611,1.7172233619987871,2.4592826697277683,5.968268405849285,2.619251572605875,9.540998925858792,1.6774256896586008,1.6836898750769627,3.926370590484617,0.5738879505046324,3.1056148069725498,5.072183523011389,2.578394525102155,4.886707389047487,1.8926637326624094,0.3312442627701573,2.0301329487976356,0.48467739532952886,1.8061422260858313,2.3516120773153464,6.336988887628593,1.7711068758697357,0.9386314455910573,2.8311008015779313,2.724615830689551,0.8536760201920204,2.2435524177408794,4.280934154390483,1.1561835512061858,1.1748596311218797,2.008586935861612,4.274442114120172,2.076690116121925,3.992530361362238,0.8125220684661834,3.0238040080521125,1.9156633033979629,5.567389130611123,1.7407063108196776,0.24825508966787307,1.5179076695716218,6.124289662494705,0.36410848354229086,3.6899335739287453,1.6246883233054312,3.1615046484017597,1.7283851237975212,8.762461296633884,1.163230180002524,3.499551238708444,4.214570202592871,1.5481050036743276,0.5247901425844406,5.591915489039885,2.7776816381157885,1.284507429533397,0.9264265724918525,1.599318367189448,0.4369079571352592,4.212408039014563,0.7692060486886957,0.8835121433990343,5.027659822334261,0.5262202666023972,0.0769294130175977,0.34156584927279343,3.7383246841230835,1.976067507800021,0.8534835422562452,1.2877444427639317,2.695976357611163,1.1523628752017863,4.263292850571395,2.062750529641404,1.5437889030007508,4.730362834078987,1.7892139138355794,1.4229203415112297,2.6024632534594128,2.2558079664618162,1.883993729728449,0.8106169813506832,0.7695389760603845,0.704187013251764,2.9563636547395644,0.5350340196119817,0.5409437665929115,1.3336672631959414,6.4582491394022625,1.5948159059420832,5.635790297002983,3.037957531730435,3.9143724918423657,2.5602166383393685,0.5401147025466985,1.0809847678416955,6.091773566863462,4.247883687797119,0.9778730306356935,2.0980776649148694,2.8778671287857693,0.5890898866842176,1.8669107585589555,1.3135095833522137,0.8321304146487196,1.4484743794498298,4.937893475673959,5.279228731325664,5.058299788314235,4.1070886147507535,2.342149233930066,1.0988256222955706,4.314237324396932,3.687992971080338,2.8704654847607145,1.2213751586626729,3.18369363216703,2.6211753044248614,3.5321387448114017,1.9215717598201545,1.1194443248791979,0.40995024404892466,4.249317179274757,2.0538687945897225,2.9615091108341787,0.5155265849959522,4.948589606057537,5.540238477900662,0.7167005414433736,2.9606657928865965,0.31894515945395696,2.1043618539357323,3.7863193757484845,1.5331836530680887,1.66338959511747,0.758311258100338,1.6122762804504025,0.1295576206506625,2.4909953610507145,14.031588414899119,3.191771808767524,3.2862142781084787,4.062380134154837,1.4924970174679646,2.9653924564190355,1.5269240218611668,2.4418400042337436,2.1348988577844974,0.6014457637528663,1.9741094905604215,3.689139686725307,1.0193013346857924,3.9157854747737337,0.9474247165181082,0.8098431059192095,0.8773689710296267,1.869866200848006,0.7434835180212864,0.46063214749509207,0.8577265802111218,1.2084942392735591,2.1394954738659204,5.142355893082362,1.1465498853674863,1.3710226961514578,0.5092025297632954,4.207325570059579,1.4673120806266622,1.9902304230535075,0.14154529883200262,2.3321748626996133,5.203792794236596,0.5828325765582654,2.758305785936099,9.04109254142745,2.598699593889757,1.1303369595643757,5.00618229307369,2.286789466030269,2.7629171710872447,2.7107991288311535,0.5657372968878343,7.613203694425728,0.9618059776200549,3.4419340899247532,2.7269854940231357,7.750230195419597,0.48868437536210707,2.2079527009253486,3.9102288909030003,5.957275889867464,4.356775868623555,6.83575554745728,1.756766752733217,7.126472216013933,4.199815686097399,2.399978658568149,1.722651711773726,1.665277815008343,1.7497160623962484,5.921001266486181,3.3892299708922557,0.4832432751518403,0.832195101615646,1.881860981019251,2.2117949569899817,4.000458297602578,1.1934997236961067,3.6591720988971543,2.846468460127519,6.259411001581799,1.2723466469029692,9.05092193180741,6.602639733199737,1.7113316810459602,4.135448630319308,1.8587344723726456,1.338602092541847,1.789742901654799,3.7953231709377317,1.3807145203439801,2.545305241203581,0.7380439105700494,1.3590482350769264,0.43695776141666187,1.2942887292717,5.431541188567088,2.272731243586736,5.041901820524381,1.5823528818211874,0.26662650571936397,1.3484207831744979,1.4204719409903819,1.9428122100326253,2.916285761263963,7.712059134225195,4.931546859367256,1.1847597655805784,13.89097928908164,1.567687343182605,1.2204553207009745,0.9926363678495603,0.38918878859522177,1.1201657054652863,6.486403448264787,1.2025172230050378,0.4439485781476365,2.1621409914395695,1.3798049348597168,1.6581091281863314,1.1960862924360007,5.088230687812088,1.6379181423246854,9.682607023893533,4.659214126060015,3.184533845164195,2.920703395489133,1.9232659429281076,5.164383055906916,1.3329216019571324,1.5044267614471405,0.9344758174017447,2.3059085900611844,0.759182281519279,3.174070834395467,1.3722309430504391,1.3920764884123287,0.9227530769841372,1.2648146852716657,1.8777574958144767,1.127062267006982,2.8787700344592073,5.128017458880866,3.9623294878282134,0.638056741097488,5.242826132984826,1.5730373613434676,0.7867102603480471,2.4370817367639757,5.668986317226718,1.802116715527603,0.34679800668970545,0.9911947615455754,0.8600732229044303,5.708935633559808,0.2730120564221745,6.609988408663805,2.9581715954265206,0.4459445356529551,10.460823883490919,0.962013500069316,1.676724909208748,2.2456564673412442,1.6970751312575105,5.700097416347073,1.9554488967899086,1.0274133930318563,5.943151090641566,1.780233054947057,2.490263111402071,1.365505067979209,2.4961717355408872,2.9577821775196647,0.5335119699576512,3.192570769909744,7.482029764787097,1.3783312976488835,2.1965124921895613,2.782681298807377,5.864491525022138,3.054737481463138,1.338762817770852,2.793771835996746,4.665960372525396,7.182128082006851,3.9176579874430075,4.668860126201591,0.1206479791857431,0.7976047526172638,1.0008035579355035,1.706123085106421,1.1091404299967769,2.1557260384415775,3.5480885825012214,2.879314630003874,0.621502477810834,1.401501652212078,1.7964239987837436,2.141360628661607,3.665143216008323,1.094691094221462,0.7462621815890259,2.0354640495959395,0.9687700958004584,4.801589131561339,3.588007170630749,0.8114157822144714,1.418577067869194,7.924337716169585,2.637709440805286,2.108593545806258,0.4787477034809233,2.2864633968821977,4.447728442827072,1.114812324256497,2.7498429290463493,4.192200888565796,0.3356291628452489,2.488855306668154,1.3337475576220659,0.6909923362391116,3.737693798150781,1.3045741951841316,1.4439224618795374,0.6229288872865619,3.6001099990387275,3.3808286981975404,3.910668050235172,1.3150191826138595,3.00345892023076,2.1308902114889494,10.633343665734428,1.1978120113721515,1.5840893993336413,3.485860903925424,5.595508962716763,1.9324948489480724,4.917389634318643,0.9694107469346668,2.328167764033836,0.6027965715525917,2.9840191617849046,1.6194844765290222,0.6720838321676488,0.6460541345736108,3.419877860695941,1.1147055835726156,5.312937468561742,3.5663508489622338,1.2729225740611532,1.9966503773661917,1.794850450818061,2.594715935088228,1.1849635865552233,1.9440185189190036,2.6274863034091096,8.385510384618037,8.799884320910314,0.6377659300143227,2.3349474902279486,5.0721483669648935,4.208775835013112,3.1114388444194168,6.697629240459403,3.0441314038834424,4.786214264220474,1.7805130562034996,3.740180670845999,1.7975222386312268,1.6084379814807865,2.228636525804779,2.294906673962714,3.0695812274847256,0.8252341190312986,2.8017199192163758,0.24984138602671924,2.106785615226321,8.422308254165072,11.368645510662489,1.7411526030471283,3.4424075866830033,2.5009826418110706,0.1326492007705362,1.3327191886212595,4.336278222117696,2.5594573167835097,1.1923133494327014,8.09913483591481,2.4007287824357704,4.983962002891272,1.9185679401949278,1.9165579243312252,7.240613883219803,0.24708753015341015,0.1355446695987023,1.9093383707763714,3.0551503888779643,2.8677127634210215,7.771688326711131,0.781366458576663,0.49144596691887055,3.059165754346868,2.4243372815858133,6.8075812179475745,2.228604958839511,2.5426443983782416,1.9128349824275177,0.630482192426878,2.5449617962599795,1.644749112380111,1.2180765158494848,1.013000846241023,9.817265490921875,1.442883659550262,1.1420508075745022,2.6130286668185154,2.7469207484134595,0.9139979488517153,4.025044891573776,4.422565584256376,0.3384601302995403,1.1587987319565067,1.2067793906539266,8.882688652029795,5.328411852842201,0.5735060769780279,1.5306965392271408,3.2439816893641553,2.076529545757595,1.3385498911248037,1.242766978605012,0.6121284467182556,0.6616885908712198,0.5261260208716977,1.0469745628306364,2.3348125623283114,1.5659617935595698,8.841508305370278,1.8313684068621838,6.158924767670351,3.197237374018839,5.83599331265581,1.2689137842108154,0.5199733284548511,4.375004293560192,0.32256025116299747,3.3273548359000986,1.748074126830176,4.1895216572239535,2.658673654798967,11.966017056998488,2.6148577408415745,5.147634993757793,5.76591736818626,7.66119239285112,1.5685036249610267,2.948601895348177,0.7650502767463598,1.433348979022659,2.608859959915482,7.732146316708953,12.301244693178932,0.6489125566279057,3.086803932541085,3.123966765451217,0.09770558392902837,1.782201592902415,0.2427299185094115,1.3610783011418173,11.042477720450293,1.9484830329964546,1.1859855142030087,4.573173037061491,0.4254213560342992,3.9409502690359286,0.2787334803635977,7.451838267352705,0.33944870385150017,3.912112395751329,3.075916997125253,1.2669994158693352,3.866012449629145,4.4634774887341555,7.742899116460967,1.1908469871140697,6.909088380634643,2.3005705044706874,3.445089259655714,0.9620436604838849,1.2225521773340644,7.5800473389301155,1.432772839212256,0.6686401317113383,0.8791162790253485,1.7130841077723136,0.11963131060938778,0.2719039748431811,0.3025534231507899,2.173760644013145,6.184844017982925,4.512864118977871,1.8159728463410298,5.224053889848088,5.367621091402763,1.0174831946115908,4.778875998720679,5.298042834444803,3.3752223654647766,0.5266668014658344,9.621139702578928,2.2899857603330345,0.7962224305032273,1.2984093047666116,1.244095854179459,1.6617024330240806,1.6765526635952863,3.4472816450764583,3.1767051104606745,2.3504019483092486,4.8205538080807955,9.828932072489163,1.1371837948115644,2.752182551473407,5.115646634296177,3.3996809753993977,5.65929438999319,1.833252244396086,6.319781036401004,3.2976819669393103,0.797364701130485,4.2308715315067795,4.0060195669235465,2.1791914285511527,0.7621687232504454,1.2905548285437263,1.4013103654266081,1.6577533136594218,2.7791485414612773,1.5722034509831961,6.763015745149613,1.3446520213740816,3.028611719975733,0.348392251171061,5.706926438706985,1.9465010522202602,1.6048575495191977,0.7431572048179147,0.8179007419078598,0.4738429464679452,2.021880798044772,2.9167751324814915,0.7869146339093944,1.0108977983778447,1.998988021164762,2.1864803091729748,1.7910871088386084,2.7297472536196645,4.452145609365467,2.509771371323452,0.929463366620691,5.687457262039174,3.7637992249936394,4.024719459583188,10.058028439808604,2.3825432088179834,2.6656555638744965,0.5248949332650119,1.2333680232002517,0.26857259188105775,6.673576178701164,0.7572275164320998,7.271183636380565,2.254674605078619,7.348555099722794,7.317387057588948,1.558574375002857,2.5646164479943327,6.530009393330201,3.0844991713853327,3.88708247841108,1.046570272413819,1.850005539739359,5.436485828543296,1.6220205281741298,1.9035060556026437,2.712043210312947,0.7993082562061982,3.7039483021778734,5.610809908357728,3.813532892732236,2.365900042606171,0.8170547398590565,5.154051495279205,11.36002574737516,2.2464555742425425,3.8160315992597837,1.0674789677081509,1.2558473281841378,8.401721585347381,3.4382351344933078,5.847474992696996,1.900801883244694,6.440685342987611,2.530758160197293,4.479092493168564,0.42274285009717916,13.620549686189939,0.7810233923561576,2.2951343491550644,2.1915622576590703,0.5459178360509624,2.059593026946953,3.9166894974291253,0.599108467164341,1.6115761201140246,2.607175731342814,1.2225703354711484,3.9570801842362036,2.093775253244878,2.295507248643135,2.528499231942689,2.526415033317628,8.475086914848651,0.4376537144347275,0.5883085578024593,0.8802909865464249,1.9547110798548986,2.470608060366776,2.690163657772392,8.808670123999335,4.555237895884343,5.317667591826498,2.8191341813466195,10.306934752643478,1.8984377177897735,2.0209532635965606,2.0471749635793435,2.175424106786978,3.385365098988213,0.4857465968078124,2.4288155750899945,2.8494412477081306,1.4525964153232007,13.723417989558211,1.105252156344335,0.09111298485227043,1.9446131832409272,0.900487523598622,2.628129927506248,4.94076222135643,1.028112470880013,1.9357046930244406,1.551478363876454,11.117490087148408,3.8270166410852733,2.9441966692936083,1.5537312081246932,2.6158622161829785,1.7766130354737768,0.353254868673959,1.8256688252249464,0.9071178839174086,3.856353975676786,0.4730761179421118,5.114123197616865,1.6798838910949168,0.7847455975231892,1.0859959764717702,0.36819112326578685,2.266465970527504,1.120828354679131,1.6692400343278664,2.179947196660716,5.2768658551275305,0.7513322308834665,5.00811372619526,5.667138800169655,0.7284194143986473,0.37889272338686675,2.708364233529399,3.53511862979207,0.4337802568458672,1.3098249174373937,0.28177107207464774,4.678644714745571,6.571194950165512,1.1768477929415828,3.0807852630892136,4.389516364700441,1.7224785529941928,0.41132678219466956,0.98773824094404,0.7333278076169085,1.7475099603188917,1.476313562135206,0.3853883273721275,0.73260495845372,0.20945600056221575,0.14504604609843197,2.29757327135067,0.7972139802920575,5.9530674274220585,3.039655123994829,2.031564259716687,1.327695639666851,3.0557958307471758,4.47753657789092,4.644712096160485,0.5463253682549167,2.8200451240214295,5.4754430026812555,2.0524405821800684,2.556737422152241,1.657270971411661,4.252156894324249,0.8835291650625574,3.5896654427489563,2.498966254283645,4.2110311192340095,1.624774611741973,0.8866678221512394,2.6494476217431258,1.9356674996561614,1.282575843026676,0.7687510113814655,1.9254606214325825,6.3682882087398465,0.7102276551457876,1.4804904558954166,0.7053278627519972,2.7570011266944787,2.4012771894052367,5.073710692224929,0.9295310808693645,0.4395144734940235,1.0270412896572159,2.7590146227215597,2.53111489896064,2.373921512019634,3.0846279035095616,5.708218945322614,2.533765172200641,4.106996968246088,1.706239491888271,2.5754458177657917,3.7664171783759253,2.7807000873777055,0.3361081921957052,0.9229121219983869,0.8893599819598367,3.963092689154389,7.31376921634427,2.3271812940293293,0.34494781831889143,5.256960800331723,1.1820209927840588,5.108665796633958,0.8717829360441242,1.9475857153247942,0.7281789887508521,3.1436178130902537,2.1397415283191754,1.692909880500196,6.39177595248713,1.4185907668753843,1.4641143066813815,0.6422394599546897,7.208768407262917,2.3922917532247947,5.841447386772517,0.08662960720016621,2.123480874936045,5.603018227492718,1.1781155847929956,1.0361047976483269,0.8813610242302219,0.3654473936059084,1.2515689451242085,3.868704987294805,2.4140014975886226,4.345951700757228,10.086831405359227,1.7245942006692858,0.6036347860924676,1.1688188565755842,3.2049175311297784,2.1635953092840183,1.2800685840490427,1.025787081169694,2.4936199386520297,3.203946292993754,1.7034154078384456,2.244637506001193,4.813330127855714,5.116477046137293,0.5994262231532004,1.2197846072816703,4.197147615413822,3.0197352374928284,5.658660140761116,5.5849118508378375,4.91801028287778,2.1357955254400407,6.1671147002725455,2.915370916427752,1.2560303570439904,5.310183566330056,1.557503775200516,1.7889562520543774,1.4639789458724919,3.109083500659762,4.454144552827191,0.15803659825843863,4.326791359178883,1.2709619903256728,6.229708223727092,0.83167067306531,3.0120075207543744,2.345290819552469,0.6808515270115774,0.5878798265524087,0.5481698050959473,0.8044874156485728,0.5152785127815168,0.1948933941530765,1.437115971288065,2.1217612960047,1.0515356566972662,6.243838178324964,2.7874368248539048,0.7422982839800696,1.7871095219212885,3.4191936818113184,1.6270668944935203,8.952025505735632,1.4212816556495254,0.8900187811785946,2.5675543351899943,0.7905422733308105,0.22578666565899552,1.4264839716026678,1.89120738070239,1.0207838996727383,2.52503281609014,2.4111322164921436,0.6620191002189628,6.423325774081013,0.19670525440241127,3.184232533673382,5.222722268726543,3.3609784795285393,5.342647404910576,6.298181965184488,2.447648055280969,0.5066711849175778,1.9965027999131484,0.09654935672049314,1.9174685924451882,2.004639533319932,2.9686503466022116,8.722263189126812,1.5271847959779445,8.176986247616497,0.44001122505580603,0.7771710603798248,2.5711869689735556,0.4784374451789414,2.938140521554902,7.112969369158331,3.7116136350518696,6.183347223965567,5.274946701074195,2.6561510540355178,0.6990327212355718,2.962056545263886,2.095161217919689,6.759841242858454,1.625257767539191,1.3671391720731596,1.9735868600297164,0.8187747434601889,1.960186854611577,0.9087748107706494,5.7878289561774015,4.41200037025502,0.3986047405901657,7.9546381998187305,0.9851415665714202,1.5415580216096827,0.4436531264533118,4.406586349546289,1.2564065430759346,3.56291458161363,4.649551660307082,1.956729196450166,0.9851985197740398,0.5236964315341508,3.584810771036462,13.03308916649652,9.342728384519088,3.427694576380422,4.21441772401039,1.1376315702965727,1.374819511477186,5.289374858493785,4.539180144863508,2.3657945443041144,7.1519132466672986,3.099545949302594,0.2471152675977557,1.2069591588143034,2.0942708661322293,1.8051232384730345,1.1208207396956003,0.19566261497486126,3.7610122339968495,1.9141239006053024,3.1353432669178862,1.226094687922688,11.987483817247693,0.30142425291140773,2.152576667805513,1.1771851173832202,4.768981282929336,5.11013011367246,1.5848803218198557,2.9811282291654986,1.1436824943537935,1.297453532427235,2.865412589429114,1.0254549877549461,2.3992670569071626,16.821193359648735,2.539814696197611,0.6234997586187245,1.1775743188796948,2.317740078456416,4.060879827907835,2.9097390124815736,3.158973307078268,1.7747682644781677,1.4638246897482878,1.1972859137707152,1.3303097509966175,3.316009320784394,1.4698033023173294,6.087952555406252,0.48712907182352483,3.9319179402593476,11.505750408217212,0.9071644067456608,4.912566132415944,3.3476593533254557,0.2681168039095947,2.0515051435087104,1.7250794533773002,2.2000031009904757,2.59467406320557,6.428129119916911,2.419018209033136,3.8952303334825564,5.974913215824575,4.497947756272555,4.997636077218677,1.462169306864898,7.920059489940392,0.5512549522234007,0.8623328845819679,5.317239322096282,3.49092565373612,8.037021822953628,1.0388506344528494,0.7078145383438437,1.7042950923802114,6.974722728421031,0.31418874266897256,8.696193799322032,6.394849644409433,1.4736652871030436,1.0981215600900178,0.8785872750151907,3.518000452766444,6.28988448148356,1.5589033763497608,2.98170904083958,1.6438991994929444,2.895489182422952,2.39059301638193,1.3630261363437441,6.007531397209334,4.792953551140577,0.3182913448333212,1.2254814560634504,1.0673480475026134,3.231248541871756,1.2797627745338576,0.9543215611094527,5.432358698295823,2.1307982847175064,2.944192794404114,1.0662628700796042,0.32143368166914454,11.802275596658353,4.318311797355974,3.341281179036835,5.388721090985702,0.5132681831781422,2.7390157781092976,3.9716667518737876,2.5564814261665436,2.2786031177348507,8.184414019044109,0.7636115190301432,3.8483612366665456,2.8286385248756423,0.19750152466328574,7.3466698605945915,0.46597028252153627,6.992597206604295,4.548222272559697,1.7587095263336683,6.51558428680422,1.187962106118726,4.2602412261649905,6.194023742695121,0.8851154103504735,2.875299107761,0.9750124121050813,4.588128731785688,1.877733005242932,1.4423546995138778,3.9315784909131364,1.2289376002693353,4.710308174753196,0.9574777256566632,1.599235262113699,1.4328125223027097,0.8535011550377695,7.858729963640498,4.7981319853439315,3.4144172629866887,7.37242096796343,1.3679041041676758,2.236660553770115,0.9955777652825508,3.2596804902181895,1.777732762030608,0.7365679929513544,0.7435339096452895,0.8417568424265709,0.8249432805920429,5.409863901710673,2.236069823565429,2.3590761754829783,5.605387320763797,3.1036752947837467,2.397181489257655,2.2096683089993325,0.6796225302502122,3.2032631160549485,1.8576813853954688,0.3222034071641149,0.47690827365681376,2.474334515978117,4.103091686414024,1.7091465931385534,2.3484084040579574,0.23296442888730962,0.09199780966850435,0.798023494392583,0.6288825478444442,12.638148963242664,1.1728250586630988,2.696563246382716,4.081213888611635,4.878159407333683,2.284119867853154,3.009354163275679,0.7783483678473305,3.1513462858464067,0.6562725754567444,5.643151525945849,2.8271396157264133,0.7322820039264907,0.7158030892269915,1.1272341043600955,1.1810976439168235,0.7654308778031746,1.1424022384928207,2.934236010373349,5.607843576351224,1.6916225289091225,2.206389943891641,0.9086836967744174,2.38665524379468,3.574359308242705,2.0988943509796196,14.429288384218355,2.08235837736963,5.4841241197432815,0.5424518843418811,1.3343526765628078,4.88994347796728,8.520168870662559,3.3780138578040972,2.4186703205200994,10.654336986801148,6.890412442408613,10.108828904264769,2.2167304909812557,1.1112240900706978,14.129760311773314,11.240666480377168,1.0087777485371485,11.429407120581082,0.5358907466522101,6.703879306441203,2.384757396750853,0.35497485239681514,1.144497533246385,1.7660549416282532,1.2987889334887965,2.947136504637825,3.4561133148846497,1.070977732396922,1.8611050595007321,0.8826264940448638,0.3931502174937978,3.4001519321799614,2.0700751608209274,3.7892553474022552,1.4095565376692436,0.7058162499143877,5.266574647351608,2.810033720802826,0.5431367909463802,1.8469404382957226,1.5903250146262367,3.837214263652894,2.4601488893805743,1.6549415379988481,1.6236875788587946,5.889262182730111,0.3437652767823902,1.472029271536662,3.8145413568228035,1.7885790279228542,6.2949843973052975,4.225569163852444,3.045379694224566,2.6383388929074285,1.6772972156288886,1.990090807047455,2.0010254964977596,2.0743298538176385,1.6702918637351734,1.610187041770371,1.020612679632138,1.088421794952469,1.082322643769634,1.4968820099589886,2.1837465606245035,2.1467326921432557,1.9577286685849966,2.063221766264382,3.4117560464250656,2.0370283825520907,9.347429780647666,2.2885302615472543,0.8534869493179555,7.553789573744174,5.315781018267808,8.613561414891887,5.053720247918588,6.658664678550073,2.5851886802933195,4.667527684249316,6.3186394308093785,0.11718109020925047,2.858468969393564,3.907488848918023,0.633097006824444,2.4892895344848935,1.500751865781282,0.9309293483450964,9.292976850943777,1.7022851984054077,0.9659889932597091,2.6179146609936734,8.39300394778973,5.2438646623717275,0.11704756947683992,2.999530322759197,3.957069371413973,6.743465335227631,1.7927658479467943,1.544546313333512,7.5721558563896645,0.7930612698823445,0.975899598388771,1.7732665800593468,6.049521495142522,3.20156985687409,1.7375288965107107,3.3933014923349654,4.127702606189477,0.6311693774254574,0.8757615403904682,0.09617733155505903,2.6385724857760704,3.038241515141511,0.5891642125440727,6.033503558216476,3.62535532307938,2.434572441072933,4.514001105171019,4.048706278149152,15.09703759441972,2.7163004554842978,0.4785542096544057,0.25548331837826566,1.4333422654957166,1.8742859738481084,0.05616924071918766,4.930703080499162,1.5618133981962288,5.756108301890299,1.7409902001324946,1.988378765958914,1.4159832513056867,3.1919121847420335,5.159454249635055,5.634056060171298,0.22927871872129635,1.115168396230213,0.8729207061459976,1.3749407202704713,1.8404620666334737,3.7791080483176205,5.5816724192252805,0.4092235475748298,0.9610737688264095,1.3171705829686662,8.192070970119476,6.556727008323653,1.6662981988492251,0.758674904551784,4.282256758973785,2.07898364410557,1.838050420676864,0.11476636629282266,1.3931619759280154,4.659742911340082,4.405404856651087,9.368692961252314,0.6882701912855496,0.7007669078091625,0.05388765786858363,1.5350439753423484,0.879357352303751,0.38686069752473184,3.4247370134201365,5.766370566896697,4.758104889898334,1.127060925812573,3.8663911954571653,5.759453457929915,3.9231186705831114,0.9394507457814507,4.965739586717696,1.1804139358228618,1.077166010469694,1.0787865756100992,2.5700509451727394,1.403976787075878,0.2766027608186318,5.145278528532896,1.94242245104863,1.708519944967224,2.5346404251722867,3.0579641265057655,6.669375362759235,3.9311338599503673,0.8965511826860126,3.9451880676957574,2.83367362506016,1.9426371472536235,0.6546272604542651,0.6041835739062131,5.1366563199272095,0.622017846611084,2.2703156030686715,9.734316096922313,1.0977041312651565,2.3035502255694507,2.816426956641434,1.9619666799351974,2.7150783492900286,2.4376593144896974,2.260239829833318,3.790917277958917,1.1816313144142805,1.3716379506529028,2.7114801639085555,1.0318242289596173,15.081185712811617,2.0831911560473424,1.8153584026006087,3.562860012318719,1.3320997150277276,1.0513737484441321,1.9638430839384404,2.030127962799913,2.142412797070345,3.272919115882343,2.8042242597897475,1.715062738184876,2.575711569628141,3.4036346754508116,1.2060755566665549,6.2201279673665715,0.6686700734836725,1.1946120459680192,0.8686123420341962,2.443546031787487,0.5318745290487318,0.360173461102439,0.11162979296940073,0.44679846544038415,4.806286798116525,0.797776591799317,2.3295478046188896,6.206483039873269,0.8198394075319926,6.313975722121455,5.134310367788136,7.942549542023685,3.242096088819733,0.574791773376673,0.5984821848551369,7.867812165293048,2.546979662932959,2.3918399601425304,1.241201782580931,0.9007871754723711,3.056366138646667,1.9093412640034078,0.7983614016674767,1.544731952462139,7.3718825873645795,1.1962160018482109,1.129920517188147,2.683767014584464,0.6851201437455772,6.278759549959223,0.5384152873654339,5.894228543002739,3.723039451238967,2.403058723084204,0.1215868331807668,1.092110224032194,0.7359174942819422,0.617339291031722,3.482631166984821,2.7554789766034533,0.5525396810704308,3.378077925612617,1.395717274541314,3.3372391719665178,6.298187992783191,4.663926499311409,8.367138376569468,0.1852236512222847,2.887958783248836,10.144393600109975,0.6881173455839839,3.0044988418171608,3.0162765126494366,4.180273528905912,3.2168814036532676,2.125256448514884,4.4723449207262,1.78141854483149,0.6368731524374457,3.443401503930087,2.852432838989968,0.9067291850110332,5.800016064048215,2.303161399412362,6.841570883045598,3.29050904840797,3.8232496285709483,4.182298552927774,4.975969457122315,5.666916256094938,3.2127324992338866,1.4621207893629207,1.7289239933851253,5.830022313247392,2.5592126918230678,2.2706646657228937,1.1485704726708175,0.2869106471400873,0.29220332932724635,2.2785348728547996,1.9292704584392606,1.7439092955542104,0.6189440848200336,0.9198063347248417,5.265518102358141,0.5870506903200761,2.29283956806099,2.877936284776986,0.4717254684061081,8.526415459777608,0.6830583817312744,6.022678337627003,0.2785956237385766,1.665635625769674,2.9439763804884294,0.8347686309538913,1.4254024545937816,4.966445591125164,3.20063974794275,2.089775381781049,4.911854875823767,0.7599837700331158,3.488094619463176,3.812887573886569,1.1614921433420902,1.6021593710537536,2.0024080345909705,5.851247211495585,5.055188121887497,0.5780566667271976,3.0808355091825654,1.7884307935207906,0.7394290960843065,1.3719683457720964,4.704136258102165,2.956860361930346,4.1218746111124815,4.04364356718639,3.6049554518592566,9.126354235625982,1.565187818175144,2.558995962254291,0.8971369086662514,4.083602245993827,2.129386826054835,0.6758557865407135,0.534297335256489,1.4493809868076588,4.685708454236682,4.1160767752375875,2.3138141107981185,3.7367105934935685,1.0086879710865675,1.4259523792053115,13.631112792820506,3.914499112842936,0.43568641254948726,1.5680044450751895,1.3036558150307958,11.900375256698553,5.3253550062890165,0.9305209795006819,3.9357816762673203,0.30896169708844234,0.7437682403737707,1.0103202215789886,0.6406124254170411,5.648521417717622,0.7232157784199773,1.0910465155638376,3.2010924636823246,1.13044014565345,0.9369214865552867,0.8782350020556213,2.2113731470390348,0.8879211698583567,0.6977676812153961,0.7929277123888903,7.942957310216634,1.3725293657550668,1.2064015113567392,8.380896889905982,1.5075318046434347,6.001435379148564,6.389242121967036,6.762038629993024,4.50946457925011,10.22993996149841,5.3078503291249,2.9800817355797595,11.954437835101968,1.511604715200318,0.32904215457190367,1.0047035728581062,1.3989921747024887,1.0844289615201177,14.603146525465467,0.9411727308309478,1.3936751223481187,2.895001189347485,4.2804434312891315,0.3236542775058968,2.2360868516395964,0.23728379409121336,1.4537228167873795,1.9345663391267462,1.4853213246814794,0.4836569256376903,2.2633471360416615,0.8244244563695623,2.2840740320821924,3.7410403536610777,6.378900760608387,4.14833778974448,1.2354047657320004,2.742987012918967,2.237688865325017,0.9980303704824768,4.507663017402882,1.2071452867605326,1.5343975839245243,4.459982275168238,3.192658485776155,6.777077117520281,6.179271162789053,5.755001992329881,1.4574168753166918,3.831709744805572,1.7179061770848187,7.376217473639035,7.640020051941096,9.933223615625652,1.3728737559366597,2.101565585341149,1.8350816146302167,4.240583984235848,1.504332976623687,0.9027377271577602,1.7712209081753651,0.18075549808766356,0.7613366026433102,2.5513585661276386,10.097991027889263,5.868104898174098,1.0064544627445313,2.780054586280044,3.278437593834878,1.6227538299745201,0.8935996113847576,6.0130896696123655,8.075086005449306,5.976580379531289,0.7888236194454753,2.240125703096255,2.398990144681284,0.7449136617704031,2.1003142704423174,3.0679038742555695,2.230729610559603,0.5950421722443935,2.745633242202394,2.9283510901118164,4.57826162504298,0.5823196635897113,5.1752167413073416,1.7472858434784921,0.805338902041647,0.9645260560350125,2.2743031232183735,1.9745861245250778,3.687609123445378,4.032496691407618,8.954279441226952,4.7181149977265795,1.6125114984154958,2.5113973175855944,6.902539731755568,1.0639857264679675,2.6990354701107826,0.7383698600921217,4.487478530178452,1.619232892166413,7.360686121085395,3.8926385352104687,2.3030279511226914,2.286980164693651,8.091452958684533,4.666599407364916,0.8424603296524672,2.9446201000320156,2.726783669747077,2.3157581252621298,1.3661210100386474,1.1583867036944466,0.28596982939087356,0.7983864519691654,2.9265079149778708,0.5421502602608471,1.7649094414807516,5.550455197148523,2.949440332146495,1.5323343914589642,2.1930424473907055,0.8699294605584365,1.3166218152703988,0.844557213973658,6.261267418312937,1.1161701504759804,1.3828844837927188,0.33655931967973873,2.6563885342319034,0.3602361755532424,1.3828334623939638,0.7706692376375031,2.8914817240841613,1.6246381181773595,1.3809919850193015,0.22873999781525672,1.0634087229294602,0.750900609200661,3.563754959455074,1.1521074529769733,2.3538954755858894,2.86989015102023,3.0665922652118827,3.7843063916151825,0.6744547721059868,3.364785569428943,1.6589401994345194,2.0399304176444417,6.870417085202622,1.4944603293791736,0.9565659237350326,0.22227686413328512,4.8706179980453665,5.157687524151301,1.9360903482870992,1.179225397524516,1.0808986542148857,1.778649617268926,1.6126259819855346,3.635518581566513,2.4933416813252918,7.402023041404251,7.1120722822756655,0.676635722043657,1.6562971668122777,0.8027538815663378,2.107806707955789,2.575531421470156,1.003134702476773,1.8531256765096127,7.2307064779883365,0.574080177036306,7.4009928570538515,0.5520983242105919,0.6567296092645654,7.805623140194013,2.288337869790862,0.6987640564367027,6.339692894964654,1.8863694485044538,2.5090988245398598,2.5689392617870945,2.68556200579469,2.7132942910454902,1.5945143316550454,0.5509504353627143,0.6936818568686444,0.4558464524174673,2.775737426572869,1.162826761655936,2.0976253008182564,2.3255526291763777,2.758126658913682,4.147666559560372,1.1190473159938659,2.761746199517137,1.7333001034738516,1.9444070608730537,8.79798296166546,5.56589829278764,2.8247583591643526,2.248889929267756,3.1475135461045913,1.6002558731822734,3.1914429546451597,6.485731047345879,3.328940032397808,9.491511058720045,2.293036203804256,3.4782637872995408,0.6219425238854068,3.5144499722985802,0.9057134477075258,1.6059574895916604,2.375431228317512,1.622035829238727,4.492290654465144,0.43539927234607584,1.8201484223031728,1.9955092541020327,2.7172273014723984,3.296700010968059,13.578728761488668,1.341145628331133,1.8547146883926438,1.3305700173468815,2.5318009186008994,2.070392820504532,2.325311725584736,2.602813876365086,6.74727730560511,4.864422115104837,3.6460269677885955,2.426911374701769,0.9870298152662108,2.2886091526680516,0.6497171408782447,3.082841364787653,1.7401959591614347,0.7378325714146401,3.726448677196264,2.086475370678332,1.4242158105148028,1.8292905485863291,1.1599771595587898,4.040522840050375,4.012838743023472,6.587325970008105,2.5792302687415045,4.489021774365922,0.939858640638933,0.8120369639706423,5.19104251275034,4.812311093555347,2.0072400335711675,1.7705590596126752,1.1833847570245462,5.1713742143560975,3.4773880634365066,6.348701781125181,4.037179210718271,4.484067131060558,0.8937725511203278,1.4142595029027187,1.6093334414374043,3.79875553804118,4.556542105626302,4.405356376706534,5.9921057225232195,4.769876317008651,2.215304198745289,1.232275125243226,2.9841440543390907,10.56795242579649,5.895863550128318,0.7560350246163039,1.4372302756132922,1.8684848263298013,1.7165680406446366,3.6933864068102062,1.8864813760419676,1.1653405474811087,1.8616354800624817,7.5849505297761555,7.189956355188084,0.8915884214591854,0.5889996974086449,4.1937711694751325,2.9751522807136856,1.0670468117479808,0.40135774815998004,1.3158813561325045,4.554908851401483,3.248406683903882,4.142592650481533,2.293859576984125,2.554902813427522,0.27232074211568363,0.529882440159572,11.794860123719978,0.21941384957382115,0.17273532721904974,2.8170202105909485,1.0889175191691864,3.5390469106756015,0.5764131679131954,0.49580426654162757,0.26218394476222084,0.5515425525544964,0.903570987594314,0.9291025244928572,1.3125034857693945,1.043238507014801,5.049055259031423,3.0704989254306088,7.951847497940929,1.9913151875453188,0.38549400630791375,8.788275905099276,1.214421881506235,1.3769186758072736,1.6690484889565296,8.180884850805377,1.9401416094058148,4.3303537783975425,0.7257297728836442,6.262585403469746,1.3164028629516547,0.1900369114478273,0.5441373552966591,0.9177479510232096,1.7300547457295685,0.09731989032080546,6.380274630267892,0.4675096892949353,0.8994323659493768,2.1136774712514623,7.96840544619544,1.24129799161706,2.11704321718986,1.7546063870187536,0.8624632243680976,10.170226304058605,3.2544375868863185,3.6098250486889945,0.5106751666124154,1.2059079488362683,2.415070312657083,0.23130003598998716,1.5447858334081315,2.8974490843077376,0.21722265428784215,6.5602302524074,1.2737960336234335,0.47327525497249084,0.26934439743967353,5.869577652922131,14.574063305571796,2.310126592461094,4.375997629079235,2.218175715523814,6.062135133173957,0.39705952317877674,16.10321082617245,6.196354165597736,1.649213802637849,2.0177137345722604,1.3325972533607506,3.42366441879055,0.8316460323797935,5.129245473669338,5.589144594582891,3.1811538922700375,3.452324279518723,0.5834787163023296,0.3276278503499187,1.9088519059296647,0.9199368479200914,9.687570381290962,1.088283653668088,1.6652193676591733,4.206161945516438,2.9937494297960745,1.7875221504736603,3.986269713956521,0.4002138171081319,2.3962665277902593,2.0643134706045583,2.1455302229482722,0.6038557864325573,0.6244188260841358,0.7724220348982705,6.04066334260519,1.1605757478449314,1.6071192538899135,3.574797165187456,1.2657177872429974,3.798828978771344,2.125094500864633,4.667677366364092,1.313625857815306,6.65809031983301,2.1854376608513335,0.44708307790293933,1.0136545174659712,1.4571239586526317,1.1382793387104648,2.67193602506594,2.3200810026649767,6.917803374781139,0.9380347335392574,2.0141008671578584,1.5188072945701565,3.3782646510838275,8.456344202977844,2.3046507595067096,4.242122395276013,1.8333165470409967,3.0947974153129763,3.165913471305782,1.1913029237968442,0.5243688995802043,1.6383591080623705,1.7385898207644295,5.8388080936425935,2.9355956872985427,1.5604781873151423,2.3909393745510434,1.9352526296815171,0.5820591487125091,1.0196577339765076,2.0433552399238653,4.845284387345697,0.6551626225448498,3.1327627106709635,0.7606720854037984,2.211593183905161,3.7016095062182273,4.789094700204044,3.094256964259877,3.3908476701124597,6.299852366167089,3.350599565879513,4.642530512815573,2.4247067416071317,0.772026998429848,0.24098409142783472,0.20770751366466444,5.3511618906163685,0.4255354667155724,1.2776168796259928,2.6000431458368856,0.510392628074238,1.0214926020034807,0.33126273091737757,3.069821799830895,0.9547664165912213,4.230832649311699,1.7758300622011518,2.385492018723066,0.26135650437776087,10.061626201883803,1.043839577206136,1.6467860776205585,0.42806776888223713,0.2711284826977908,5.730684964912803,1.4676270880880506,0.9022380314820273,2.1005199728372332,1.6554873263130991,2.04501619945188,2.0043046465499765,2.632132128708574,1.4761671320957441,5.525407368220568,5.390146128439519,0.69240111000844,1.422127949833168,1.1360112242119245,8.279569484499095,2.434234378441074,0.6184391083284704,1.7702481485800117,2.150611288334518,1.9530230611558463,6.907969534962112,9.358694636104678,3.3488605390760524,0.9449998690131167,1.9244188197237,2.9603793471909374,6.04006262665832,2.553694975944904,1.2533315697874685,0.42136283643038497,1.8478367247708656,0.8202698657566121,1.3964598239500456,1.43450301705556,3.9735037891827356,0.20298199716148735,2.897896412554501,0.46709896286777974,4.073949587630904,2.165736551223433,1.5493236911494555,3.1849807082942756,2.6817917384545757,0.4841478420338243,2.9611976133558553,7.270938176148096,0.4090011531059506,1.0860148143355481,1.5015015900702384,0.7666384863466307,1.3201776652096502,1.1040906122735556,3.40845817114383,0.5125131819764579,1.8578523977842583,0.29225433601925976,0.6790282656551558,2.132635843588189,0.7775000939886358,2.996043490540356,2.6688960358620566,3.345827547325465,1.2876481200526806,5.887416363429023,2.5171291074280546,0.5647993339636165,5.120649669582325,1.0681281231593835,0.395401674193971,2.0886498613219437,1.0678132278248331,0.5935127414179076,3.282586977243573,1.65954054502436,1.7207478001311047,0.9321343089861399,1.307088904848615,1.2368957034493173,1.253329110502324,0.7533016826958233,4.19633478176717,0.19792666200616865,1.3323227628271919,0.46230756277382073,3.4960762307558064,1.0788004707157604,1.763238834410894,6.785323734321776,3.4477702005926885,1.7179842846878524,2.27292322204608,2.002348402512016,3.6590504309269494,4.526758742161801,1.2615715312164266,0.9967873104676437,6.072111813234005,3.0022071729937476,2.823629127532595,5.608580406547408,2.236551869992332,3.236648502179116,1.0590411913879914,0.6726128032974967,4.461455657845571,0.6466910913141025,1.0917172548841312,1.1942827335932193,0.6257589498930503,2.3445547676383085,9.492564616117912,0.9521765516405256,0.15553156035292917,0.5131648182744413,2.4823345221885815,4.503195491055105,7.395153135743305,1.1333499994934777,5.813943329340507,1.2143843306375588,1.1428945825130579,4.259435508187905,3.1574789442726416,1.01873417356673,1.805749168018314,1.1263801445981394,0.6004996736431711,6.537558544916456,3.3566988925941312,0.9435790474340473,0.7518872361339817,5.220823563666382,0.9643329302698602,1.4109661160492273,5.721924929057789,2.0628162043620395,4.364282954935316,11.262714159573818,2.5472341870569015,0.15415677475810696,11.588941550553319,1.0659332085671356,3.259842218108064,1.5443991178119427,1.6520968290927283,8.335801903186956,1.6575031487180663,8.199247929190314,0.5036334860774581,0.6955050603160091,1.042738301212782,2.5535608926866153,1.1093145065807277,4.283935411112305,11.027190286012658,2.717880651666688,1.9144218492514122,0.9290835055154035,2.05995690409496,1.9413047285105414,0.615226605450262,3.98325722735017,1.449773873006281,1.365729590303301,3.7320436106231885,1.5620868382009914,1.7377689448577764,1.592730047293579,10.571288697566512,0.16848573581565526,4.698632079744728,1.5727798037987495,5.643733284940643,0.8328024825009102,7.481308053275401,0.7051398254455811,2.8450012515052743,5.784436349865956,1.2349650447290654,1.718091750664599,16.775711010209108,1.7165415958876231,0.41909458989231263,4.059657020432483,2.936940107909858,2.675634829399659,3.6414865359901847,2.0704553370523104,0.7475735272772115,1.2052797626715028,4.155115171838878,2.3510090736406375,0.43733990442028,2.464171837641321,3.228268257111499,0.6867744675693082,2.378896986162057,4.984067245128277,0.49378710152425764,9.20804489908103,0.4776636514198224,3.2623168033112426,0.2764213852335038,1.8402939041916957,2.9738240571402677,10.172670702327949,1.9924457937044808,8.159063229302305,2.605513975791639,1.7680659078139866,3.5402913552534065,0.9564004845113829,0.6529445152289941,1.817936399080346,1.6922636578351937,0.8893537632608263,1.8070068378582922,9.128844804582902,2.6171194177073867,4.399621897273016,0.48542456945551876,1.2058790166638151,1.7005229537773408,3.160584442095449,2.3323244592652603,1.1671168609848217,0.8562963332492086,11.776191938823807,3.7060254035055173,4.693718660368486,3.1492354418788615,0.7962163042129723,1.448248482221958,3.605335435239981,1.6779175665507833,2.603854022049506,3.6808228057116974,3.910949630087766,2.1819651146789525,5.766514901061242,1.6376239432758932,3.2747285744426495,4.911393846616855,0.5931561560881696,0.31229931722332666,3.7434995012539245,2.5237600423230617,4.122223243052803,0.8464557081453586,3.0046021703641945,1.6913793865474431,3.3544508317268678,5.280745745075101,1.8904206458849802,2.964362208745854,1.1136186830564727,1.9582957892853599,0.3395477818063644,2.235124529413261,3.2966320920076706,0.6257951417691117,0.8143160067528923,4.852641330128908,0.7236162660668266,6.075324700672226,2.9711460037259414,1.9604761167717855,3.543334143509905,1.926557586405276,1.0635450206616102,0.3637853646401227,15.642604482168865,1.5742999034890381,0.9780282104208917,3.873137450599086,4.481623047105966,1.2661816723840282,1.9179073783314986,1.7683439581236824,4.77889921945142,3.243888453685485,1.7442396015318757,2.0610531607601073,1.2244029284178783,1.0523823062375288,1.711517447008197,2.5736139853415523,2.188198498446173,5.244559658205645,2.227556158685577,1.859132423895372,3.204642552046196,1.3883960054164386,3.1153708348230755,4.4942979652684425,1.0244773988036644,1.8197709763445031,1.903478580215428,1.572802745019244,4.693599081442651,2.0336022683514745,2.213451717393005,6.635136024826717,2.272088627748728,4.510038495146107,2.6162582122083426,3.4231042224013635,1.582017002511753,3.877487063183385,4.995235955856428,1.6756721905867429,1.3357874452273841,2.727655883588414,0.7033787097125966,0.9786201820437694,1.5254668370152724,3.779133449034616,1.4792640732062874,2.1023270053646326,6.079347231414423,3.7518710890821296,6.47267092213378,3.739213622060916,2.5516180944919293,1.2250185041948114,0.20623191660049933,6.411258675619823,0.8285565843866447,1.0049427679446854,2.7871331570156594,1.4523632362546395,0.9580192318129304,2.435708762866054,6.29851830453805,1.892480032634203,2.7151695941017175,1.732539950650652,0.6592570733588196,10.064870351901412,8.962640023735196,1.4209912053145644,2.619678603956201,1.1817770285607223,1.6234265303447324,3.229975009023236,1.420318165321882,2.5814687006227963,1.2653555540957686,2.2488898029907958,2.3618056121535584,2.0071080817484317,8.27039377329798,2.5528267234656234,1.9704459030910657,0.8809463711338488,2.2281527133935795,4.346446707426326,1.0794063620118015,2.4664353913621473,2.074452631229206,2.565396192035827,2.1569751317516412,1.5015230637905514,0.44369282416550315,2.1500615372253895,1.2036416610571206,0.6505709687168824,2.6424539978788597,1.8862688464839348,0.23069298231024193,7.186732273619636,0.7417187679287538,4.888394977158333,1.6701350092638543,0.4363572757504605,0.6421884246578153,1.0542770898105736,9.903172227931595,4.254431334585053,2.2146724409068277,2.4451306296476414,1.8052284970712007,2.3308739335820077,1.1042230887049644,8.597723557846566,0.12892399297275828,1.9697785873570097,0.4367417614555686,6.282497151023012,5.645331938621752,1.2277517786292973,4.013671330279595,5.170974470524268,2.590612030988059,5.263240763683255,1.732781930061031,0.6597939820463335,7.093662329939407,2.1776802032758957,0.5303954629781389,3.4385263011331033,2.4821474060844304,4.820716186453635,4.239282419974254,2.404886509145315,6.751132418404355,0.9245958094878383,2.299046840145801,2.734963115276846,3.939151820495691,3.8688868263090375,1.4091954660199009,0.5904744961208908,0.6551972616080495,0.5193747665836591,2.216637959795358,1.735925240595406,4.303135652983842,0.36915289268127655,1.6310317989215626,0.6534023378716225,4.626841536048586,0.6970416744809982,5.152323288256061,4.494588742510137,2.4908285673339394,1.7138556903742665,3.5159263937124035,4.084525730798581,1.6443592156856897,1.0522843955001357,4.270404431877479,0.8491848546332912,2.65392324296126,3.112394112012167,1.049363218602201,6.433148814604929,1.8741030301463477,1.169960167936642,2.9627818142580753,0.8106268472914617,8.949720388350839,0.4293857832676311,1.2613059630881551,3.7368534792741177,1.6766132831560796,1.3178131428721365,1.891753830790592,1.9924744258387375,0.6301672855925058,0.3860524378102337,4.133912200554827,2.780975448925008,1.3129949640738323,3.464535739418655,3.7564258785558287,0.44790583716597887,1.91413596393931,0.21594890945972145,9.862027280728325,2.9320259909917756,1.936694436816415,1.0683309339789924,0.4409363506996682,3.44679540140378,1.0461972137484394,0.8327646145204304,0.8733186300849267,1.9908168951298895,2.1459272058164527,1.3161507560341907,1.5993677673572624,1.4503709439305201,2.0987750348585985,0.3898320411339562,1.2525666695337794,2.027479287989541,1.2059703111251647,5.908134324958094,3.512225393431676,4.8392628131461795,1.661703922439723,1.0699206924601055,0.48678947648793114,4.586130817251362,0.8068026927079868,2.270243025674654,0.45531126582433734,2.2752231304703194,4.515121112318861,0.6836955198560487,5.451084260111828,3.946830462841768,0.9664514219892908,3.600415827702328,2.7098624079099998,0.6632406603660187,0.416045067774399,3.5960926037618695,8.125717925056936,2.17579795621201,1.4575768052390412,1.6550102797283552,17.132367530626297,8.074956217203509,6.571096119427051,1.8367472675224912,0.37986151633885623,2.428317670745449,0.1440883123948594,2.7852540225553644,0.5650333525272846,1.8738521540342328,7.426911390465214,2.2420454926636064,2.2182236934374258,1.2021296259311347,0.17158091183320107,2.072403905214606,3.8762391926580575,9.60455016731169,7.731762043006458,3.2571817457318444,1.5669034766131702,2.618548787594208,1.7859190172868538,9.340372992480617,0.9894457552721412,4.453998869883992,1.3291840534650206,0.3153997631413319,0.2935657944568768,0.6903986192309906,2.0972820046247613,9.579317280585059,5.511126552674424,8.26833694403492,7.377927140562784,0.5380391110646957,2.010117145749123,2.5651067243952204,0.6685253507803454,2.161433113011186,10.272441160459602,4.133562351654556,6.016284024036372,7.5245081688135755,4.284379406558189,3.2204314303729973,4.405941934194701,3.556943836137002,3.7546426537356807,1.2856525738194287,2.47320259416877,4.30151035970905,2.9970259612264742,1.9182063115453118,6.436274327605522,9.835024482901234,4.8730593438480865,2.2834805558708755,2.072158954836209,1.5473159190308454,0.8094646302122764,1.2805940528151907,1.6931969591983036,6.583171655144533,4.134142363061409,0.876233937856888,1.0303781787298785,2.1623449270893564,1.0492501807195027,0.8910151418851827,2.19022308491372,4.42904373631583,1.1281180528565995,0.5298896866159358,4.476280599970004,0.7238723430242066,5.127605587726062,0.2764857158910754,1.3339529612403127,2.9335913169710217,0.626416329147128,2.537556928308233,1.0188803046639487,3.9658278433071397,6.041778415231797,0.8810152205743973,1.602582527678977,1.1776597447398083,3.8468182418139274,4.495763215684005,1.256802895328905,2.484350451955169,7.256688778302537,7.184068646132096,2.329324056434586,1.3054610526110153,3.204479447298189,0.721389253739745,2.1366236614514493,1.9643985949892304,1.490020237245593,2.127420622864966,1.253817865501432,3.613476223231285,4.296510438177428,1.3189295389732263,1.0195558125997115,2.262878083660622,7.492673945427889,3.21273164760559,1.886210685410819,4.05739597947736,1.403880061595784,1.7086667769840118,5.569031520632174,0.6015612222696403,0.6988502609632914,1.1087719772852154,3.3855848425421393,1.9210022894996794,0.32390621453929924,3.156652974917454,1.4408975281738485,0.8543794614556848,0.1859809481932279,3.1718243292089308,4.1861329791867155,5.815130061155489,0.8174597728554932,1.4489366169905236,1.1156919656984934,3.413258455871976,1.2593562623368693,3.231259597066503,3.5261237334126174,3.868664520764184,2.923697103668299,0.42896470154351457,5.554776189836729,0.2336736975042908,1.8366801816995721,2.5560380619044514,2.254679502557324,9.279660836307647,0.5219265272502878,1.4345456805076062,2.0143129317380315,5.956276937410062,4.07157840587807,7.146886739693072,2.2075852446296085,1.1910276556449138,4.0767148219287215,4.966464474962697,7.086900481900907,1.794447399913371,2.9537389983993547,5.671663063605387,6.506288357629237,0.5442839033990557,3.195593720893633,5.019002035458609,0.7021817205846239,0.94442999451736,0.46676227914727164,2.191170652074111,0.6998222624155728,2.105755974257828,1.8069140855776498,1.392641556190932,2.069128997039983,1.6309074879445404,0.5695270798868337,2.539442014699559,5.065994651599975,0.269867239411723,2.9685777312757997,4.749999350589543,5.492742164533601,3.339890216809402,0.9083834128535673,2.7328897880904615,4.227781712010105,10.855986369068031,1.4686805686851883,2.7858308110071985,0.15917884209201805,1.1691256210924743,1.7151540775970346,5.02265732831426,0.40959489424405515,1.219119430021337,2.7040355363752737,1.0691462901866364,1.0234271739500664,4.573906957582909,5.1875282336963675,6.38588012193221,1.093714989518381,0.6267806429596936,0.7746826978900958,2.3188599798712337,0.6677159027637201,4.711070117628013,0.2867683368954157,2.8819795274394044,3.043932306927097,2.5379596259392248,6.075187375986571,2.900241556052498,0.9207989650144052,3.1501545145816263,0.8204759214028916,5.726164318892115,1.6573127244855261,0.7427453427188917,2.5683023308201123,1.9520990781859449,3.135679947030433,1.9710085652014984,1.572625291051897,2.007424577153491,4.826316494572083,1.903002873441267,1.3020243801331144,0.9697637328546709,1.6025992277396452,1.253027841795837,4.0629781200919695,0.6719292913841708,2.8506565012925598,0.710115449697065,0.6403677003563286,2.7262755374840735,4.908261190788405,1.431660988414444,2.131264804904924,1.0174596196055665,3.90693978019575,3.675111089020799,2.61225029284903,1.0158957983217904,2.8381282828488397,9.179901894501555,0.6215562408909928,0.4117246105583867,7.129381721913364,7.297566607518969,4.633871845235034,1.2378298448442373,0.9916162541087077,2.3639277389255833,1.113617667032601,4.214824838373974,1.58005905141543,1.8993136381906037,0.11055631499927182,0.6002833076122789,5.840254078185485,1.6342708187078747,1.6200121489791135,1.4364763052749674,1.7232015185864964,8.855420693724946,4.54999441636874,3.675051690371066,1.80675636128884,2.802978850044604,1.3070679970941617,0.088442035579055,2.833937267370171,0.8780114149517219,3.4582768967212356,1.7898644113516333,5.459135993602045,5.3796111411924565,0.7695825657045058,1.9050591966612316,5.977328116824646,2.6179662423331176,1.03990938417917,1.990327877481075,0.3490957865195168,2.4589938868963017,2.526667797664592,0.9336257762611284,1.809460436933652,1.208422673736981,3.5028401225146464,2.0638082788577248,1.7015013675756183,2.565815684379284,2.812509457728879,1.5065964583906721,0.5484534866248033,2.7815008572897275,0.5195155914368343,1.9921698522770146,2.0034958857633804,0.4100023770173665,3.492653084340322,1.1394835482167398,5.8642551765771795,0.657521147799107,2.9339270624599383,6.650838952985803,0.8011182147058741,2.4015073232423774,0.8667795135211036,2.012800502881264,13.202836664307558,1.4762103478928237,1.5144676600385687,0.47898453901245497,4.967152905596039,1.5800911936264306,1.2795747432772435,1.4292554314738342,0.9723102482974701,3.110602072748299,3.931301859571148,3.0995009932300865,3.637035689160211,3.3512777656024877,2.5779684027111016,3.5387215584187186,19.357860435706552,6.345915979028492,2.5156314945680642,3.9805148502604784,3.6280619219014776,1.597656322853716,1.451834233380467,1.1078949648589407,3.994487673450271,1.5650686225314985,1.1548366183250243,3.8861387649694707,2.9648158415607586,0.8366953063824869,3.3449350050566222,0.5506149568756231,2.9650101560766147,0.7058346008011174,5.602848977350165,3.5216972980196375,2.1496513476974695,0.15806048482926482,1.6133369965754376,0.5518616245673873,1.6830698376346964,1.5023367476008957,1.7435465630845877,3.6958877054672135,2.28364402094429,2.5724724291546814,0.6553136015855564,1.40119577538254,3.3690123458290238,0.5464008410282885,3.5449981593978555,1.4047752516115537,1.9370861106765958,0.3346420171510476,0.48308738325640976,1.9760687864634296,1.8039887150085299,3.5683717379028965,0.5241503661348423,1.3575305781808813,0.7556839103445161,2.497862828869586,0.9032722558620667,0.7700481306874214,3.525269686241811,0.896236713064062,1.6627324675957569,3.827928339094673,1.293105922334561,0.908933411018315,4.566636337226356,1.7070373483172174,4.572114552991465,0.44253648374453736,3.2062944811031233,0.8069666955659742,3.697149137640395,5.664117067885654,0.5267810625942964,2.736750316518896,0.5205395116449433,0.4711136533887623,2.085264701674084,2.481165066279133,4.42477206532736,0.9827578691040566,2.2074795299878,10.02362011543177,1.0874820750684002,2.4737632477347877,1.8016569625205694,0.8212960455407048,2.5168329456753193,8.77522319729675,0.6175243764548322,4.4243128189875005,2.739599513205552,2.947789016219991,2.6991172835656556,0.7569146348357796,1.3359438026163395,7.080103667541893,1.628895432665262,2.3380282767150087,12.264767517393697,1.619594743746465,1.0251960652846717,11.024708778418267,0.659701433235016,2.897254643438548,1.1304460022333098,2.324938096575308,3.130139376038259,1.1092202411884466,3.9843108732346266,2.5532812710542396,0.532994816277081,1.8199759752775138,7.643867260371918,0.9997321137362851,5.695260465973454,1.072611411158312,0.8548051627622847,1.4045433314100282,1.1107535853479855,1.3124379274821085,2.8887826220208574,1.2705049516665932,0.40625391207061634,6.235399976991592,0.9257150069139709,0.7015284928907805,1.5808967701004621,0.8264296857981122,3.7474562561212794,2.754397839710346,3.9733307212887934,0.749384442408624,0.5684410809301008,0.6303320654556357,2.506608254851302,2.422106844254836,1.5142020963352762,11.101165690469548,8.950105422234298,0.6752992840564298,1.845422221443095,0.1829422606408849,2.1214579697033433,3.1138180005049505,0.6959540052890516,2.162364113841085,3.036417984384269,1.1358782481791798,2.3585791123090574,0.9257183651213114,0.49309359533752617,1.1865246023531717,0.7380704626773056,1.7880270778565321,0.79904902430759,4.324710936434121,0.6755023695998336,9.917182077144114,1.3183319151909916,3.226474231632743,2.33930530059806,5.560788873976016,8.840747424365656,2.68969261767054,3.864211032922782,0.7200151724627935,3.5588833578524337,4.639355156878973,2.080718351999098,3.1842380914535826,4.094443781356934,3.6900542848318154,2.4049038751332397,4.8963937592021685,0.7015292201723856,6.015881308305503,1.3815442681202996,1.014378441153559,0.78904665817193,4.338588448658706,5.44603586258885,1.1169466722812125,2.410898072103932,0.9542694379071873,2.4634378952707188,1.2978290384085325,1.0757627446354612,0.7519344177440465,2.4528241584158033,0.6806949692149705,3.3084318326939397,3.489464359424163,0.30476656062278196,2.342415868931472,1.5906509743560087,2.5962055504073867,2.6924449308418934,2.868676319849696,0.42253198760065763,0.37827376917950195,1.574730726811452,3.1060087847383406,1.1816460278828895,0.5656823026629783,2.9925256422273105,1.1917789288424492,0.6485902358027607,2.4462901445194505,2.832194893864906,2.3639752689066613,0.3792647384498029,2.4248344310132857,0.9360990658666697,2.6762060588931114,5.102736455101239,3.2669774558834943,1.166776385877247,2.633211106022527,3.287726822467235,0.7438026659214851,3.7364327785370346,1.9307982416111584,3.3038083393851827,2.1823086600685944,0.48898391414157044,4.808703736701255,8.575866292618006,5.131806078101027,1.015248711246481,1.3147409661366796,5.052566005672712,3.599833614168408,8.518084733955169,0.7521366375329264,2.816637840768935,4.733366776633522,7.906713918033839,3.2198360901960763,0.10474079118256485,2.364872239902467,5.342353997453097,2.6716477471435387,0.9016879351918575,6.233025913130779,1.649459681304724,0.42900539961801476,3.166618565159723,0.9023279492808466,3.1896096130408247,0.3750301891791119,0.3801985770881351,1.477197277037644,2.4542647647442126,2.132917884979154,5.373541352273443,1.6412345148596712,2.986343331803676,2.578335545588152,1.1666826926620382,3.204702446302745,0.8432215369546293,4.653128939266025,1.3406638896508807,8.08080025180429,1.2254122550679925,7.105526352257334,3.118754678122432,0.7771973805082565,1.7309339293768253,3.445293602392767,6.837385132831723,2.7998842467543335,1.5126957415122975,0.9082115468328358,0.4676510297516348,2.597731161983363,2.6846591911237256,0.65591155881884,4.700439405757875,0.5855491669839425,5.95779092626698,5.569002356245026,2.996317814409713,1.043473131922153,4.214131042542762,4.812065754792566,1.496017327635636,1.5057450883869838,1.4412932879440425,0.1639041268334256,5.026869641497621,4.214597883921376,5.346891081637716,0.7744468527525983,5.132939001826515,1.7081123584399638,0.7832901278514957,1.358963735380926,4.293400994498906,3.685507271928935,0.9535090426077102,0.1619230422720268,0.43174839966455825,2.044377817482077,1.8395007165486512,12.502917801228612,3.352344828378845,1.7981371035914744,3.882205778896346,2.0192737526641378,3.5863534945003535,1.5560428987247934,4.61668322992878,3.1928110019551177,8.999585152240872,0.3650965541119648,1.6099662743312022,1.532614678835095,1.3315383240318284,6.690001893328835,1.9257757081147964,4.198241561842709,2.8864938239336615,1.0538697272796198,1.681113977897853,1.811840328144092,1.6174877698027,1.1781324769579016,0.7942624793619478,1.7484014337476728,9.567488519588567,3.266101401158386,1.2314154093994587,7.616034177578083,1.0162728382237791,3.9471940799104783,6.247510676253818,0.8845052974726182,2.231825491932815,0.46827575765131657,8.04591168458606,1.4959142532319474,1.2015373019857427,5.809048324739,0.5378912723456112,7.995571932176781,1.1965162962578448,3.4183193342446296,1.2239399235499426,0.20016990663137513,2.600758445549501,0.889382474520223,1.483055502965518,2.56175225427318,0.43823233533994344,0.7509242445929605,5.910393426096275,1.9819636859299101,5.59356550688042,0.910327029563275,5.665460020321813,4.489100402023559,0.8171698167211345,6.3162496789138665,1.1106926787152416,2.2331736929670445,7.185783012007402,1.6400683371129463,1.157367069138564,9.188184347504714,1.2422907937487175,7.563209337756471,1.6715516267308763,5.2457793457867865,6.452034977075161,6.448896917753451,9.45673989899309,1.392813361317474,0.4997946885572051,5.722802346335722,0.35420783045543947,2.081380456987449,1.7487085064004722,2.634916775314223,2.8635905535189083,2.5540773247476163,3.9766183059849975,3.6655731394127153,3.388618866033774,2.5840027823843714,0.7657087936449023,1.2881619574856726,0.45628860909865554,1.767112098747544,0.9861962435228468,1.1161531670068001,2.7665650906444528,1.8840093079704707,0.4859236072431359,0.9030804175132919,1.1554440803196506,1.3219835461202387,0.9064297020164844,10.07851281554187,0.5747095773092203,3.3126218018037665,2.2549870498883693,0.5367724727205423,2.6674453151497652,1.2163163037258495,0.43225403692055464,1.2632404965747892,1.931604933626529,1.0843178384888326,4.40389667352135,3.0852849256687858,15.898750740692593,6.992864289370562,2.8810642016428076,0.9755941955250481,0.939490949741518,4.002546811741617,6.721306241994233,1.3737257820754318,4.2111915112930145,0.5268159364322087,0.18492077216871217,3.8632608990476354,0.08104327883348894,3.7595700194863144,2.7121207196228667,0.8027950786713998,3.969036642713345,3.8584003544370966,2.2274834467430398,0.7378992184874825,1.8573870219365385,4.188471502752342,5.1083758893441065,0.5772614340637917,1.5608802496578762,2.962810363421413,1.4817054762830435,0.28506972947268594,0.4368722939543632,0.5713649462984162,4.27346900692684,5.398965287851366,0.8534376998717988,1.6109751202412936,8.97295410503997,1.696265263380617,2.146583356088824,1.1938127852360907,4.9852355232781935,5.824220907236723,2.391353966038682,2.9675858635221894,6.723424852279548,2.410777390886151,0.6321465698827098,1.2385851881374825,1.7221440481570456,1.049688598083621,3.759738884356829,0.22027126373510075,4.963340702490937,1.4213026130484523,0.8358031509874546,1.7119878877655634,1.0052637645640634,0.8579664837473351,1.5078335954201245,0.7166700140269524,2.6131772499821038,1.1386713931546362,1.130671748660698,1.5571780553002208,4.900554735579481,2.5717103292347367,2.9768650688509473,6.313185590169239,0.7237193096271731,2.3211203358551007,4.223840807927777,0.8236853322307619,0.4754060801871166,2.410585135165656,0.45513874333535387,4.033074896149191,2.2225520054882546,4.029698593806748,1.4334581815312761,2.011264908814277,3.4872913964169525,3.9464235537445127,9.244258685633906,0.8239544381790583,2.858755937738696,4.534057070986498,5.446609895694508,2.0462199600628646,2.472969407643901,1.6326940960567102,3.046370891895254,0.3341848857464337,0.10445693831563807,2.4837651464976727,1.794194509467962,1.3073027446899732,1.1540591377531586,4.5447749410418075,1.842849441673492,2.109394035138079,2.459747506023049,1.1604748894402765,2.570077025481898,4.512767210451675,1.0228055452229372,7.884267109139364,4.817419765744213,0.8908255805709342,0.9678778474041425,2.939012601963023,5.692527377296458,3.9757664671120896,9.626219563980587,4.4505472014136105,0.3625470097819468,2.9815834114202544,1.3016817975174886,3.2084006171861046,5.547796969330312,0.9147165947428069,3.650905068220573,6.924744693488014,0.7137261413330088,0.9947612997052266,2.381799832771468,1.9465944935135724,8.263748333388417,2.098579013532228,0.5665249845112266,2.2583085522126685,0.795325761273223,2.061460120946882,2.54345142625516,0.6555107626125227,3.5235389316230035,1.05903781907953,4.334894897354083,0.8373480506694686,0.3153461456903926,0.5258125838909113,2.889860397774644,3.717138025542927,1.5065930599967712,0.7810495471867757,3.9155530290329637,0.5302607252387405,2.6574493036266134,3.7044402949824193,5.41585450789368,3.028122184447286,0.9386874306554649,5.502721042651069,2.2329636453073647,4.316199971269345,4.568591506736199,1.4766432680027044,1.3407389021878173,7.094258255123401,3.0304013896001694,5.7040256397090605,4.08520309174172,3.9544061363945406,6.139500945386335,0.6862264891823726,2.3145570174944443,0.9037749518279079,3.1030276062281956,1.4269878824458775,3.3026803861556413,1.896855687419753,2.4054170318193226,5.837519617098825,0.6941920749154746,3.157774661833456,1.13397762451431,9.613627163814746,1.6150801551810074,5.440390107124701,1.204554309084363,4.988933631438465,0.4387882502739858,0.6504046472954618,0.7477957665390859,4.589403963915512,1.366747160815623,8.011543410187588,3.5271291755189607,2.2027912245641508,1.2978202671161767,2.4096578130804174,1.8501147793483403,1.6199871963571377,2.5064788365479465,2.046249751722563,3.755713294755905,4.800774666093255,3.3446977697110363,8.850043821096381,0.6587559094476864,1.3816899700701382,1.336589311697014,0.2836459911337088,1.1080744439588566,0.8920270408071772,7.066305883453061,2.4766832320207675,2.360719984469584,8.990548072121303,1.6846060083293246,1.9892254559004783,0.7244685341487076,5.661093435608302,2.3267619722623682,2.9772544635763976,3.1330431585424825,1.7268042186410524,0.6306250659081553,1.0543534994958135,6.228916030473578,1.3363931991012206,1.6673081319175946,2.946449600032913,5.487065320538163,0.5412256736582033,4.7377801792682295,2.2392344555006076,3.5199159650929133,5.355713588255908,1.427180721720167,2.7114410505855697,3.4814553576234117,2.3693938051088566,2.8031531284222835,2.927224192731055,1.9774641222830325,1.5078600198567327,0.6951464768131189,4.406341392597247,2.973228016137209,0.28150145213140954,0.7840437949594297,6.2323936076928135,1.914759193833044,7.026278940489868,15.97658682760828,10.352263605991165,2.165536036479949,4.756175747066393,0.7512624893803324,1.394625734915506,1.1895566869622942,3.460125899224201,2.751260383641153,4.465385727035127,5.80443072840929,2.846342287726901,0.9660431144147761,0.4443483567509348,3.7349923787874317,1.6575736537460362,1.5090529108787853,1.2231456169227828,4.206457960195757,2.569857340879097,6.680093837489828,5.682256240074821,2.025030235592076,3.781880232899112,0.9849599183979529,0.236355493156158,0.32111274228230346,3.334610122260269,2.8177329598681857,0.4994924699534893,5.76113877863553,0.7678577711243295,3.717362203028281,1.599442537569863,0.814057991501056,5.177883062775964,2.409014091266086,3.3134497533404033,1.8231909715831138,1.5287738850931596,3.511308037186487,15.371950222754464,3.5414464420259213,0.871927214906395,1.137588947896783,10.591409124616748,1.191729289415503,0.855785006575527,0.8888676956398842,1.975966187672882,6.0029917156520325,0.9794940477107354,3.62297460836886,9.004203373733674,3.182845858418685,1.85635808077879,0.783223116529874,6.472991020831726,3.888873900121919,1.2427739936474487,0.3233611642258932,1.3910916188847864,2.8970123282757525,5.996282144190311,0.23912853694079178,1.6381630670945184,1.79719838577107,3.573447442848683,3.2427838973733873,0.28253289538686954,2.1247464345064353,4.851949003231823,2.624768418295676,1.7110838538473314,2.1850119354494963,2.075191639907871,2.5316683109748017,2.0606209253460657,4.990176750208578,1.4550427667059367,1.6402226909223108,2.4900931752278908,3.4280255093320706,0.5865160195711481,1.9299062674448952,3.9717123130042244,2.3309154547803956,3.435467887174096,1.889874538673706,6.993812757820471,1.7707093172445125,1.3700887589538202,6.678500531808697,4.239276592031274,0.6731621184217867,2.805002244070999,1.2760179108303191,1.1155034417483816,5.998689688029375,1.385038712831685,3.338150316444085,2.676173052028591,0.8282154192915432,0.7864667661194369,1.0016817537561677,1.1574023020581554,7.450393013817484,1.309110067206396,1.898527466315802,5.03582629609874,1.6745813078145015,4.014990956680331,1.7997522053684905,1.419383695790554,2.8512638580877185,7.022940095509682,1.4197485257381328,2.383579911969962,0.459178068844069,0.784368643657932,0.47601816107042916,5.909589717328754,9.160361370470984,0.4140198649527018,0.9676302413364484,5.639684514335197,7.465974367006582,6.503573193220533,1.8787570534001667,1.6089149479595393,1.4903190237254962,5.8369961432482445,1.8578051983544772,0.918139428028987,2.0134861087287708,2.731281135667437,0.8344718190892932,2.3520908160395275,13.001401244548882,2.450444189786776,4.188983892968474,2.562166180956934,9.227434719028203,3.762930066806661,6.140862199544452,0.5202722783672409,1.9809614494072467,8.42614824456488,5.444168421523028,1.7789602619839335,1.3904243366504385,10.193014067915842,2.668991483260549,0.31236139406426,4.6503163357500155,1.8564013160874921,8.697656573663684,5.682289630291569,2.2433658893655357,1.0055654814754509,3.0349694611571025,0.9961984842749847,4.67564008360842,0.8906180038905338,1.0621934914297866,3.1144581957726487,2.959781007648967,2.5482592650192815,0.29940093961022374,0.7345217844479681,1.1785084247110909,3.548398852760618,13.9301039469618,3.053455817358579,4.389437567911354,0.6324490093573408,1.212343872374367,1.9518865207618032,1.453739416255919,1.3049663961134599,2.9389781482656536,4.750787302653435,1.173152937096532,4.922663764926769,3.482300049270625,2.0172230200840433,5.094048542606888,8.551892063555037,0.17726894534209503,6.783362605651263,2.7777087727746586,3.661578518127698,13.943835943412903,0.0909220861646165,3.1460269972515564,10.555228994933795,1.784215678411843,1.1479868675699283,0.23100832435830443,0.140593120328258,4.9175547907895245,1.9591426671913545,3.891884083880237,1.904360670733201,10.600155560812771,4.519131749743404,2.6920704292105833,2.392203601162354,1.3077068457631253,0.8614260786471227,3.052436735177271,0.6065276557437853,3.4251929570348314,1.9977077378113295,1.385261476297764,3.2498283843464137,3.8708985595882974,0.39080463704514035,1.3397960557237345,4.820079776752069,1.625925044240765,3.6461480437529055,3.262461522535183,13.738900222326167,2.979101562086658,2.056741285129444,3.0880334235220643,1.344151682777147,2.2396188953625766,1.385870669308527,1.2708759675529886,3.692819260641634,5.010466556752148,0.6121487817835808,5.331805185570876,2.7514507946903493,7.108879791324018,0.40219146414833684,4.183559222194484,2.0858546304628565,3.1771987331375424,4.863852187328919,0.49236845188452905,4.893254875578412,0.5637412450621277,0.6779455418693126,0.3322969623530432,10.195301307272706,0.8512786900331485,1.0447555752837783,0.38746682222134154,2.0903195558020875,1.6243968675564515,3.232664449659408,3.7182846364070197,7.901062771568823,3.164976163294478,1.5255811809781878,2.433596465103917,1.409575926584141,4.133808288536721,5.87574321718154,1.0251820622060475,1.3559446629477794,4.605578159386042,2.64569743834821,2.0773458649077754,1.6897457188139424,0.4704285913028411,5.465866023853698,1.7105233054124254,1.8927923805714628,0.24327717271520088,4.491403814001564,2.468224276712099,1.3861699237604816,0.4730969396911072,3.3017856916707364,4.210649623881099,9.862875325559552,0.33455643664738427,1.7142415971487566,7.531254043367382,0.6059345786346603,2.063843943398745,6.426649287902515,0.4351443480934283,1.8467885400296462,2.4569689006971616,3.0598214187374695,1.3242764356521177,2.896113659075823,4.015610383461792,4.9594896891534095,6.9955125767195305,17.134781135344493,2.6100185477003737,4.337195398873421,0.8253707888858928,1.045015169215489,2.299553551236079,1.2580144978521643,0.7465972784418184,4.762481556459926,6.8171855771647145,0.7613855875673828,1.1717551788562461,1.3370102586333692,2.9613158434507705,1.6702615978827486,1.3124954267971285,3.842820527612603,4.624473086736093,2.886550375669129,3.2209609766198963,3.3464552413999815,6.189064341900511,1.4704385932546642,8.743091823770937,2.2433982663937373,2.9293774053201687,0.8491048292797636,3.1745586244199973,6.3958470378582355,0.20437545675811247,0.47634072588966747,4.654748025858482,10.312723563324564,0.3225628957345874,1.914450076378685,2.1864529606442114,3.7341763520844227,1.5554927540450754,0.3721421627645416,0.23569372768985897,3.2334760780871425,4.8680506489690005,2.747462737012844,2.405017829958009,0.43807008492181937,1.512236933618333,1.0738049430703274,3.7035136480028896,4.240183922538425,3.725268501193553,0.9229989801106093,7.994785115810004,14.86962359299945,2.3513495336963404,7.903558827324176,0.3239980344113246,5.559463279507329,3.6466810725447405,1.0917121107892944,1.3425024046262708,0.34726446037211467,1.3022283199580762,1.7576879498966929,9.0072359250301,5.692479750203113,0.6762905127899678,1.3040913949800492,0.3687207303952029,2.371789336695342,3.409527424809672,1.2266869970479322,3.8750098157914605,2.062446660500522,1.0329042069970429,3.245546543956358,0.9987101413164612,2.0862787311195135,2.325295086182594,3.566692410967647,0.7042114838704916,0.645553699728415,1.8433151104141774,5.665780193215056,3.2170455932850412,2.345114822602649,2.5263714415604173,0.884644133660677,2.9475511627657447,2.0626895583845943,13.560778156969581,2.39505847587722,6.135360061576224,3.7809024652641448,3.7188250983776108,0.32105633471885153,0.5204100167126331,2.239085825673933,0.9225068729407376,3.2347458778737535,0.342530706281438,4.027829411415481,3.583258374080798,2.0906471391278387,4.939999656243947,10.853252607226487,1.880078827884279,9.849637922891032,6.662215319540861,5.298438718319483,4.360269093870889,2.547409005928647,3.4150899563637602,2.7044471827705303,4.390053381975451,1.122961863904092,4.129945900086787,2.1291312945858047,1.8650453985853983,1.9161987419422337,3.952008322631761,1.2228770756618932,2.823551943553754,1.4994647697007328,0.31364718772491934,0.7308985150989721,4.9910211920882315,1.6788097063416623,3.167272942816321,9.358552667430956,9.034749728629132,0.8322530642184618,2.9152048061432216,3.282737570583212,1.8877541067342865,2.4497867385579033,1.9202965555304168,3.297270402345622,0.8827065325816017,1.281282521675244,0.4512689891893636,0.3786841479978532,3.0314549913296354,4.895667935839017,2.285410329004715,3.844337111717753,0.3209783231339603,1.9835671962136232,2.9939510852998374,1.883146831133037,2.4093957174821625,4.63374242299864,4.599607218929897,3.1989203274801508,5.074331041502961,0.6908082853418968,3.863947323826022,1.0291324637413553,4.711972907254841,0.988344609958504,3.9720329252726536,4.4975338600933235,1.150228697456431,0.5307131030779091,2.92870536850355,0.7814894710580446,1.2698454933837993,0.7716261007202729,7.518090115475684,1.0661926837310418,8.747103654470862,5.702900874681176,7.826515187642723,0.6810870260584891,5.833281239987263,3.2450347007690934,1.118640425660605,2.5337378102594297,1.2993371711792752,4.243665104919443,2.897598869712924,1.7885592233332805,2.566781067034215,5.3818606430991975,23.491481646590074,1.1694575135033054,3.189498064416187,2.946606128985761,2.5739300749934833,0.4157475498459232,0.7354433416857113,1.9649940799762877,2.1328589297558778,5.865764942131757,5.278061864601131,1.138012650141559,3.664988261995434,1.2567827765774477,3.7312770091108685,0.5228351617527174,4.839476090982975,2.944908222152518,1.695581693191981,0.43280824015067826,1.9121114504356653,4.23230957896569,2.7891324848003327,4.396162059651569,2.3794532321990163,1.971510829419629,10.80373230731031,0.1565912887953873,2.664169774439882,0.4405782681181729,1.2965217681968595,0.6541129652420642,4.205605861705957,5.107078002883095,5.38667670091051,1.6769217169818826,2.9581327379101094,0.08048620522137617,8.670120628032198,0.5212574376017919,4.388409699464667,2.0001431544313335,1.551040531486171,1.295021646899278,0.5210030883442984,5.451081750339227,3.434564867564897,1.8121095610439102,1.5408460713518788,3.397590589952222,1.6948450516417743,1.364814626255341,0.8596524196222809,7.092341778120837,1.5341552700842405,0.13459387655018967,0.4956034363090131,0.8520730496744924,5.151490742736704,1.8824762680762217,6.631317139901336,0.3072367112804246,5.97859689430814,1.0262979883958465,0.7691535144599979,5.396580306890363,3.273804110185871,7.475205814092668,2.404373433141693,3.9823411525560894,4.441562901278657,3.1479629229763364,2.4974334371515265,0.7162912310294446,3.7169279312314676,2.46636941293316,1.8558704930422252,0.3791608753192306,3.2754529184224443,2.9588863231039686,2.1215261659631492,1.3061243907619775,1.569374154238965,3.3621559921365467,2.2294978718434075,6.437696847276807,1.6616239242843247,2.8232712277902556,2.36441396245924,1.1703249945055425,2.292925424327219,1.7287153735645489,3.0037843592725193,0.8224902492202208,0.14153673005604223,0.47613894533659495,2.2926984561101467,7.277384274418328,0.5138759813025578,3.8526177592757644,1.503064869064638,5.718441606390851,0.18160192137504594,6.60449910851108,4.124874640829744,2.4943144072188095,0.37924978766089756,5.491008249227794,0.30107491309968837,3.31973541803758,1.8218651988617012,2.672145339930686,1.758152480736884,1.7133817712398058,0.3940463307859934,2.269234933401701,0.6809952921387157,9.289662745192658,0.6469884305894206,3.646161547882774,1.6798990258843567,4.247979729973082,3.5247151244171535,6.764166411535184,1.6346548236127827,2.53364062626142,1.0201391616418658,11.068386601659281,0.6233157470778022,2.3428681354355785,3.457489724960775,3.3636090455001257,3.808330645642461,2.9531020474648235,0.42412928086096613,0.4352692309651982,5.732071457803276,7.63842685181841,0.36145479832355376,0.955312780250396,5.148768370134037,0.4221084779032361,1.9869864813778406,0.6218835722994858,2.355779726749182,0.43151656164959973,3.0820916619318357,3.7671693135405238,1.2942639476246203,3.5034526455968074,4.311139859194181,5.764810321720392,2.7493547305345896,0.8149070139423694,0.8665144407839496,2.452593456320972,5.4796751845428515,2.041781104911265,0.5899494032158135,5.321353839152082,1.327948098254869,3.8503723646897137,4.705626736773004,7.419501639640072,5.7934708303153295,8.080389767093056,0.8313453265454951,0.882665416088037,0.9402875506400172,4.299070805418882,0.9179903714552462,1.5376229880039953,0.6722398848677464,1.2480465731544879,0.3413387848901899,0.3485427502046085,0.3135943613148531,1.0576996171825075,2.5382980329777403,1.0465020311844475,2.0053340199927794,6.715841754216666,2.424604358295724,1.7901880588217052,1.0290259414671687,1.1655159074824935,0.261329482525114,1.7057893076130872,2.58177419160486,4.268200897256817,3.8734589269987625,5.20809851447175,1.1524253399032394,2.0815185634755267,2.564360418489066,2.0765687131860027,10.793601724306752,1.2421078450547607,1.2279455026121397,4.084507222808349,3.7432368375391722,2.682754004022868,3.4066407204633604,5.359280547720086,3.8216272366928643,1.5423382193967992,2.6603065877136505,1.0316890318185685,2.971558930434541,0.988561395607166,0.40278921962128333,1.7710886113355677,0.7096689925295692,4.179371415332344,1.0345709006503678,1.9124431059136162,2.8928733699442004,2.29276732667646,0.5350155636153522,2.4427175964892927,5.117537256259573,5.077011055061217,2.1865828165125265,0.3913122433586569,3.4506996511475783,2.632755943566869,1.6988393278565073,2.3542569453902384,1.8827964970463351,2.9508044033286116,8.41798991794639,1.9187977170448218,3.673702251787318,8.606012833905673,2.713000809269005,4.4271243716102076,1.1169925296287653,0.6960528947705863,1.898924997067317,1.9477050034526306,3.6622285310629152,5.720847594815166,1.3375921411979177,1.823708229459466,1.4643126868889815,1.8947162312110482,1.9453070159035366,0.711464661202097,3.25164067069168,1.2968198337348211,9.368590260443652,0.3730767448567961,2.151325718692875,2.7506524009596642,0.9318824585789717,3.5112364406223895,0.8452124393321062,1.1203566903387554,3.230990226190686,1.7412579135798287,4.940954425181647,2.001196407309966,0.3781977924600781,0.9453243762928007,4.394037226206416,2.109451529636097,3.532005503192107,2.820725526610186,2.429776014779965,3.5820430183528167,2.0704326946708083,9.805238673018899,3.2793041285680458,1.1488008153852414,3.344639195264604,0.9128514831544904,1.4405400506488233,0.6933573512430473,1.7979984327306253,1.4539672556056824,1.6622069048840058,1.0873132470975175,10.344044307348893,2.05983258521381,6.79644068335018,0.9223763287111273,1.9005588793412902,3.036699200788104,0.7134316451603157,0.8005619589106292,1.0381531339377912,2.0455542947580287,2.990783067605538,3.2256341937963935,0.8445694472858891,3.577737537628491,2.730456017338002,4.555809746324814,4.489948915923102,4.155748532112395,5.0682654342318045,4.181550866986965,5.331431921333269,4.260047470838098,2.195814599839839,2.242306814970007,9.415419809358744,11.34577004403292,2.177150804671837,1.1495017301958206,1.6999016481034972,2.3711150086572523,1.9154330530777628,0.7807990063489494,1.436866763423287,2.7187729669506506,2.622454557622412,1.2880792568226316,0.6811870357220253,2.978158392468516,0.2975158468704984,0.2281522944775911,3.7070259748781633,3.1770414451774602,1.2911000161704864,2.7262830024676346,5.238030164007132,5.187483424156152,2.8394371004964025,0.7562151372383885,1.011072938066717,1.673961064571564,4.671678386965365,6.928354812363169,0.35197672458881263,0.628387091572508,0.43395238842304007,1.237090815519843,2.643546808456186,0.40819390327804067,1.1765657574975528,0.3492311928908409,2.310893040466365,4.4639562543177425,4.056700032004985,0.39870299631539263,0.5242486059971162,9.836854002857487,4.23357100078951,8.974592848011408,5.512744567662795,3.578821095734004,2.839711034784931,2.2472312231260245,6.620726230718734,1.2386261772870262,1.1939678822056838,3.125077639959802,7.031715307074319,3.3114307135736745,1.0319277976507395,0.4168824261142361,2.372089285282901,3.730998793570897,11.01858833814269,1.9074064016983145,2.2086381291165758,1.3012282305414302,2.409599975907337,0.8274328741371015,1.0060736441305034,3.6599022445317937,1.9559856247384235,4.732479985975346,1.1829855095827475,3.156926127321498,7.528202140869413,0.6730873426526729,3.6016790026227214,4.621918805077821,1.6162216453458527,9.884078760222925,2.671900651060624,0.5911673841034539,3.462873172657218,3.9055451838967024,0.5661524488884919,8.365710222654918,3.042412964353481,0.7955449581425343,1.0741974665862446,2.7969180436478394,0.9646089179401955,1.3460594344879526,2.165642100037716,2.0659543306409427,1.2038605879423225,4.880701690873062,0.3590253462488099,7.1380569948902215,0.5914908228159664,0.8960834770635254,3.263532992389198,9.504239998509206,3.1654802852868453,2.0242691539073725,1.6979308262439323,0.09119086634689677,3.453418520753673,1.5607275568795198,2.824716087780608,0.8307302719235827,2.0044582963126487,3.3962433718784277,1.616509071058978,3.090421685597445,5.1151498557510395,4.3096544830793615,2.650632526923362,4.364909815173581,0.7361716150860762,1.7997761947907396,0.9444217446294294,6.182889193718551,1.0180314045282999,2.5163508970336035,4.845882700358561,1.657655608941648,1.1715922262628198,2.0899504105644056,2.2989287426142235,0.6619833259433139,2.018365263212178,1.9800337053984407,0.8070396764080783,0.5019022457830598,5.086425946896778,1.2752457958380803,6.313253994396945,4.693964295410055,1.303023927924143,1.1835055821096974,0.9966962165128667,3.413285090262529,2.100335480620631,4.738057629203908,10.027608907716866,5.3054983839552765,0.9074299757981564,4.197918078839521,1.167990954992252,0.8156973758289683,0.4412515155875443,2.9396787743226436,4.013132591713329,1.3742244750533523,1.1295407933234418,0.6898765921436364,4.350336729031113,4.269891978543967,1.3673750923002332,1.5615270280902662,1.3101124600170384,2.9955620148553295,1.4602611236829124,4.915227194329967,0.8080735746383045,3.581666574442921,1.1033312053176703,0.5292982195945062,9.473736767951618,4.9608356760322625,4.000331678927873,2.358373742036763,1.6501258919890616,6.067282352817319,0.8734196929343454,0.9549233109295481,4.006416384637889,3.706680805092327,2.4979403718431263,6.4376910253323905,2.066806112765346,1.4282357643201478,0.644629853486836,0.8560357337890576,5.867888361509614,1.2172865449439019,0.9642153899732172,2.947247874849158,1.3300297591572487,1.6991445035163502,1.252307152604153,14.469403255007041,3.2724938995224426,3.0409809037539004,4.262432716846186,6.646545668991024,0.8301107973584085,0.912240010215752,0.14307903258015875,1.653895634082164,1.40725642171555,1.38698384313291,1.8864080874834797,0.9090882012064585,3.707806644668372,1.824674387604497,0.6837034382214392,1.2993914494462875,0.9523964676649324,1.9735611722186488,5.680235800266688,0.6964205009460103,5.358582558238059,7.426204385725561,2.230248695010677,0.8434334674014496,4.692729093608993,5.707080731691552,3.304681465059075,3.74439267439631,1.1400781964743487,6.541648564960462,1.8916813547461637,3.5062461026412217,3.5186610753690037,1.2271859961943956,1.7981469886599624,0.34283987410745054,3.6853804246305137,2.3115458611515445,1.0633898462209017,3.821041977454003,2.167325470058415,6.336217340999017,1.1186569379163314,2.938736650066223,1.769944759586128,1.373439997295643,9.900812443071842,5.671979107194973,3.4545040317850995,3.60988085864869,2.1924705177016524,0.5713870575801022,0.6371568918886875,0.6171595838095751,2.5194885249360897,2.861476926059401,4.575459300063381,2.244736113911233,2.166224985485141,13.401370410766171,2.4594644808868766,1.9122906800871655,1.1439766768875457,0.46564319283206523,8.435374213269695,1.3337573203452358,2.504706024715152,1.5945085223876,2.5464519184431427,1.8022652304130997,1.9678994335842668,2.8826940969027874,1.0815803713523175,2.6876705190063737,2.9077944650400083,0.5735730613158304,3.192400828738161,1.3646632498754931,1.7828630578719007,1.854841319401039,3.7249619082975736,2.839982984227242,4.085590794060184,0.6103635974113673,1.3133089622015912,0.5093633223650909,2.6750174096152226,1.945282508816308,1.0718410357277894,0.3848914482864396,0.8897917784224829,1.0973622288734295,3.754838137131304,2.2128048240287033,3.6296037726038874,0.34888566498889295,0.8160911078680799,0.6534030222484626,1.1936470876021352,0.7466418118493521,1.4021170334401207,5.401142406494488,1.6314205169339882,1.586096538305636,1.9212634625633054,0.8469736875788456,6.013014382029347,4.759865144458116,8.555940145024644,1.3341452729935797,9.490784075947484,5.592606163729694,2.6777943455651103,4.326345448721878,3.947044676504031,15.247176267483933,0.9425564563206219,0.22826893460206826,1.8890455577532625,2.9581196338802473,1.7493439997962015,2.3381663897280003,1.668944981602985,2.7468175729724735,1.814359905337103,4.59777144051487,2.14312554983764,1.7247927833556167,4.787926285101987,5.299469642688797,1.3339407717294294,0.4492159116303265,9.663446317899087,1.2097382000543802,1.0596385778582,1.9968021009651031,3.899883881801744,1.0262101584771484,0.7047821991802095,0.3901592146474717,0.5486397430441092,0.2959993947893169,1.0325621940136371,12.148131471211574,5.8676637952929775,1.1950447915484876,1.7273714341178075,0.7579479303090253,0.2655549232265854,2.2496535178311383,6.8489414462672045,4.528398367925723,1.1765057610042682,2.0901649577711394,4.840520968244568,6.318803915254584,8.004944275035538,0.36965744283313373,2.696405867425166,0.5194278609261516,1.2635143656111771,1.6474588185440937,2.7720413175090615,0.3598272544076111,2.3032015555323353,7.560135252913531,1.3547862047046415,0.10411918435080436,1.9057860285967452,1.2227100183639186,2.0337959860031294,3.756038079535457,4.468053321554183,3.47067876708826,1.577154674770382,5.957991874494525,0.8437101166422548,7.571822127605557,2.427466491580381,8.850212551551895,8.20142976633646,5.223700802165535,3.837160181921954,0.6872903898821572,2.592589452968483,3.796447945955971,2.906160037296085,2.15078560306809,0.7971091451157148,2.817539234859266,7.731417960556642,7.043287474369877,0.7499677069097781,1.408057133456191,1.269596016460154,4.11025392225426,1.447872615200951,1.8630507029267604,0.9309044406976174,1.3531503445228377,1.6920655040575936,3.146301930976888,3.6050758761863073,1.8696539141720752,4.471999173600917,1.2073225068039575,12.163915131986554,0.3194473727681405,0.7973609986394871,6.046512442431941,0.16613219419575365,0.7212016991709405,2.299104896577677,3.6645079934719367,1.573040297886453,0.5436694524762073,1.18974845490103,3.8115064158238123,1.8741695353866328,0.2818664850012187,3.4532068185747042,2.8064460720315596,3.438842939522315,9.370102317794325,2.461338428996942,0.576653144192316,5.288027740711394,3.3015432776642646,0.8712140602874165,0.9661444964972777,3.987837806581533,0.9350126485695385,2.9105405604655696,8.708683153198132,6.9171335488103445,1.7107943520554132,0.9791478148314647,2.864522865599295,2.22782502910294,4.041089530808808,3.2610749306612505,2.530137623571939,1.9030480021734613,11.053232482331806,1.3190806123976881,3.1336703263473247,3.7557736822157888,1.4045355956743693,0.844322796584253,2.91789206462857,0.9839795655230873,1.4353058288257787,1.6078204644010596,0.28601073093261253,1.878709111618743,4.431160993142319,1.6578426375673214,1.2941679664810144,0.6847742372892556,0.25005346155276986,1.4497424543927149,6.096635649039099,2.494446752869516,2.7043967944561995,0.8206443631782502,1.0641250062799479,8.571196563827762,4.172997296963642,3.1388601935337928,5.104305062984762,1.4159025870525774,2.297941106791597,0.41876588624014555,0.7217385803686349,4.276499700095955,2.0641529859793946,2.48112209901356,0.32285357562447237,2.5967215559907517,3.0068702843400867,2.055207492513778,1.4947508946985026,3.9597443328348763,1.8571403700285207,3.364605096059097,2.6090048439262974,3.5633122694545514,0.29394035203115587,4.616150928059857,1.6826924590478574,0.5424781832420779,3.3879281408101036,3.478789821319287,1.653942355622086,3.7839704554140905,2.1405309107617656,3.3438116757161356,0.5370956692019024,3.380063409629738,6.807234520802477,0.6799440062221793,3.482309554944097,0.6199129477131198,0.5709793779326626,1.7442326951186204,3.5040145218220182,1.1874301038161006,1.8712165760744803,2.2953762121081605,1.8476906171630372,1.5211804838039216,1.5077382438415303,2.9540401638854386,3.1095807861184106,4.844968963696601,1.7206091616447656,2.3364219077334436,0.6337917457996844,0.9078157463763732,0.9129980285577453,1.0956669007496946,0.9876986415476747,0.6005631682635931,0.8692335155059618,3.4168676556290225,3.2826401948208717,7.991858233947865,3.977670600149621,2.1633307739839442,1.497777286115311,2.436425219131058,0.4032791162803484,5.601777384638767,0.22928028039263126,4.007898082965827,2.6859513952128893,2.599662737163436,0.8143983292207442,1.9964344727863237,1.0386492099976612,1.6342896046251587,10.13134639539012,2.3395759588012033,1.2938945100397774,4.138763236167829,2.0102039015251982,2.6553759296057633,1.613052359390987,2.3850777054451395,7.3087205413989444,4.208205068440501,3.182016054635028,1.687257730390534,1.6091891842884236,1.0653524031439858,0.8698895828923128,0.37227647903463434,2.464012012155619,0.8248652954220119,3.245219928136493,1.9583234677300232,0.7667888570768463,0.4889453813865701,4.712436553104512,5.261914048642697,1.1658418599674971,3.107581775272335,3.5790651083575304,2.380096294472952,1.166880798376806,1.0258577962163191,1.4085139512443696,3.89388219477551,0.42852670020036343,1.264098888254454,3.2914009655028296,6.266214606482313,5.725160296158422,4.200032706019099,3.0006947497002527,8.953772226195358,1.489808842967026,3.91549035462555,3.4379479929988452,4.764228068135391,4.477010577650457,1.9211922730566946,1.3189872413464516,3.0702600934636695,9.410748324449342,1.4754675938217443,0.37682623573716456,3.0872332455772207,5.564578841796283,4.919865894419063,3.8146694004128046,3.9941984954236833,4.10253775779276,0.28984680585679834,0.9550695961377862,5.833085609205963,7.184477525780882,8.418745220516543,3.7887300491999416,2.4587525623731112,3.2829497467164015,1.319711363275611,1.6046846555149366,2.0012351334413703,1.0737058252189366,1.4862582238692217,0.8839962907739729,2.254293052487882,7.887521072616048,1.8284882693496318,1.0860325093117256,4.368815082262519,0.729527072253696,5.960552961591881,5.685302108537165,2.9992232039703337,0.5677323279490848,1.2678048680155753,0.4181608009495821,2.4233603624825157,2.2118677910934927,1.1902694476551414,0.8904339723030494,3.4278354216288602,0.6298845870213468,3.830762767931965,1.0216833569748118,3.207744728970402,9.994618140611417,2.85633395385831,0.5507749694840778,0.39395270330249355,1.2926717528104246,0.7947909052746496,1.8303994677433433,0.7120214067439924,6.799217239058618,0.6540974365208847,14.254767647027327,1.0445052756545996,2.9522275733698056,3.6323252499235292,4.952235503688018,2.367402398649502,3.190756466182568,5.318929873252113,1.2223262496487528,3.9482830658795134,6.427461504059074,1.5059506348952225,0.7767116480128664,0.8940498916799046,2.5628730737392322,1.129563249498064,0.09471848061470495,3.727114649533764,1.9182963521337648,5.228356959928636,2.3313425605252633,1.2482280865453457,3.9012187880555507,2.8759933305720664,3.844161236263841,2.1689488187623085,0.4483612256863439,1.5414665374408416,2.8782785304482164,0.1462395748425478,3.648282163223967,5.293452282221507,2.243194208186328,0.9042452460942725,3.1019332449742683,1.668130527664217,0.7537933774904741,3.401734838273859,1.3408719591202125,0.6237924503056312,0.42486442374132394,4.982180353985502,0.5588491290362865,2.1950786136350637,1.7093101850443935,5.739102605118181,2.324324412367595,1.4909198958822971,1.9382581087798854,15.91545870313341,10.084045949648651,2.2438555715948065,1.7606200052788932,1.034613859200135,2.411312142405796,0.48605393223276216,0.6797680363497236,4.99754964996585,2.829584631117814,1.5014737545801384,0.5992040948257531,1.491054078237406,1.65442843764877,5.361866525496021,1.4146823758017888,1.4131407166666143,1.457148174930722,2.793913823213378,1.454999736421784,3.314420967937119,3.14853591174183,7.189385170103835,2.0294941317818034,0.4726840541442551,2.1457969251677422,2.4245975249198986,1.1999474102951377,3.644135707093465,0.9932066549766039,1.1982591528376236,0.5001399539991186,1.0400019066295016,12.274163027669093,2.3070371269015464,5.7058439467751025,1.0580564219516704,6.25297810775841,2.7190628106560593,5.930787610134538,1.0769287049068297,1.6068948987170226,0.39296220170532126,2.282131682999122,0.3453545325465279,6.541391986131122,9.467429429961522,3.7761804711353943,0.6414499044933382,1.9260596630656046,0.9497253852050539,1.7133012873845228,1.2941451954777052,0.7139216335428349,1.238841896949371,0.16997327114139055,3.3234102007406747,2.932942533711044,4.846245927130073,1.4117974766524495,3.226229014467258,0.7781811796356548,3.1645004612505354,4.764830566532317,5.196467547117554,1.3123525239506366,6.415162686054227,3.4526791752658177,7.367642985609029,0.047524709662454256,2.43195469378098,3.050068601068077,3.8679339221906304,11.395678009825447,2.9488510839307116,5.749210019223159,1.7848403841902964,5.4059175335889424,0.8580464675956228,1.6443653733674126,2.5938524555915796,5.4651410918796675,4.070446932399845,0.5759616794055241,2.5880239464466426,5.4320018108080115,1.1096086899057491,4.672845637713404,8.871953301861051,0.7500763616380604,7.994940798935252,0.6839118368604631,2.6397594761243557,1.8156595648121716,0.5872041875266636,1.577905036324293,5.261732371683385,5.146757234746965,1.9743029627721413,3.8938308795228167,2.7238753286333472,1.97771995648686,1.2176110724694713,1.5745058893923594,6.39475070535042,0.6389826750958877,3.748154896987794,0.5365782004627342,3.067362782147747,2.254033471572362,1.2817073695178256,1.0404693410834194,0.7538040863004305,0.2833604705073254,0.8271584667843321,7.916672976367867,5.497869103922306,1.8423541661428262,1.380635985857876,2.026377373510938,6.2434462848282495,9.151239564647401,0.5577068389424626,3.283879064009359,5.544571471066268,4.737284164934011,3.667027016925233,2.4835184098617082,2.530789913231676,3.5331299566570906,1.5679495091691857,5.0847317006077315,9.844496948352784,0.5195096449780061,2.676910051805929,2.2259338458846587,1.0774347199801508,4.251151973969622,0.9904941293793073,0.21513693286049257,1.3494136938286159,2.426172046921879,6.501061232963078,3.547109579726391,6.472127306719731,1.3400036455125046,2.3641718011910378,0.3613321084610467,2.400535069421646,1.162908995267546,5.012765731591446,4.310853993028511,5.529287129791583,1.3627896548260559,2.4371513562722917,3.2140966333901018,1.630851426890682,3.853919045601678,4.087062024037631,1.4908249000451779,0.617364959236395,1.1433951779682119,0.5967003976284391,5.409047423860547,1.0683719638931128,0.4852846332281423,2.126913309993536,4.8976292897789495,2.812476469574891,1.7880930849546517,1.6017404848238008,1.4417156349360412,2.3649666705257157,2.5064406029143895,1.24945079453215,1.112495075566976,1.936457955787687,1.968184272776988,2.96990819802706,4.748244570027473,1.037346068521052,5.181805691758103,2.5184000129735526,2.3819812021924993,3.6963825874183875,2.1103981211958693,5.256439110606502,1.4283196481863474,2.0489554552675937,10.793051193936037,8.27984822589298,5.947365777860047,4.090024994926446,4.216329287918887,7.659574686041827,3.0746921967522747,2.2854181346491558,0.6589979061353772,1.230362838934615,2.495666896499255,5.985326550580449,6.0551880275885654,1.2510998226152825,4.288943113213893,0.2912005564980821,1.1422580234459956,4.76477586399975,4.808898745468649,0.7755824050656932,1.2946492429265553,1.3030872622213852
"((2, 1), (2, 1))",0.0,0.0,0.0,0.0,0.0,0.0,0.0,0.0,0.0,0.0,0.0,0.0,0.0,0.0,0.0,0.0,0.0,0.0,0.0,0.0,0.0,0.0,0.0,0.0,0.0,0.0,0.0,0.0,0.0,0.0,0.0,0.0,0.0,0.0,0.0,0.0,0.0,0.0,0.0,0.0,0.0,0.0,0.0,0.0,0.0,0.0,0.0,0.0,0.0,0.0,0.0,0.0,0.0,0.0,0.0,0.0,0.0,0.0,0.0,0.0,0.0,0.0,0.0,0.0,0.0,0.0,0.0,0.0,0.0,0.0,0.0,0.0,0.0,0.0,0.0,0.0,0.0,0.0,0.0,0.0,0.0,0.0,0.0,0.0,0.0,0.0,0.0,0.0,0.0,0.0,0.0,0.0,0.0,0.0,0.0,0.0,0.0,0.0,0.0,0.0,0.0,0.0,0.0,0.0,0.0,0.0,0.0,0.0,0.0,0.0,0.0,0.0,0.0,0.0,0.0,0.0,0.0,0.0,0.0,0.0,0.0,0.0,0.0,0.0,0.0,0.0,0.0,0.0,0.0,0.0,0.0,0.0,0.0,0.0,0.0,0.0,0.0,0.0,0.0,0.0,0.0,0.0,0.0,0.0,0.0,0.0,0.0,0.0,0.0,0.0
"((3, 0), (2, 0))",0.05494120817521497,0.4897794817374177,2.870169084705685,5.5610515125809465,0.31454483957356927,0.08906765050328902,0.35736064546874147,0.7993736538944787,2.950393283191493,0.7088190930669784,3.1923715057632442,4.495947244194891,0.5518441298668635,3.7073539254374146,0.22901275297777018,0.04447727347289976,3.7718722845954344,1.4218923234442393,0.3700930011117127,3.835000023444628,2.3818161951407606,9.498537868492372,0.1283281137189397,8.034494645479278,2.209567404599582,3.427736023696742,0.2687709414518824,2.387752616934383,0.20068076068734708,3.568978063558054,4.639652564111746,0.017475750937231194,0.30857378086837084,0.34702439103951344,0.7590432634930475,0.8903273151599389,2.6467207616275763,0.42401460416715575,1.5956117241130268,0.538302351134734,5.305249136884167,1.0553532487515367,3.158401269381799,0.1444909083796626,0.42303623604510143,0.7656234319528573,0.4793808622267086,1.0844668558197514,4.203991762919284,2.8639008685649516,0.7204852784172193,4.336486676480401,1.5194273197971246,0.10616783445921318,6.135321514107062,0.09898107377298393,1.666271276221638,0.6943639088109448,2.700821900883415,1.0151025063516395,1.4436375958698178,0.8858585319880437,1.335617136127811,0.11367804125241099,0.06040218404672615,8.051300613129051,0.4422201424863865,6.488237105944188,0.09934802664240872,0.719672456913905,2.297059728863761,3.7798505650387,1.7698231893924423,2.9259340363417796,2.4726832175057543,0.4073024753070611,0.5094939005956425,1.1726448678418626,1.0642403009867147,1.9412225839172126,1.4208877436959937,0.9683255990693787,1.9274230361533,0.8453464869050766,1.3294248305176426,2.168301054910447,3.1760350283614227,0.9814256752166899,1.0484548776279787,1.6031351968570595,0.11280267889882922,2.015141686101091,7.2788166075732,0.21397440534415435,1.231652771581211,0.5738374124206036,0.4821593844112462,0.852871911446091,1.5750901208893189,0.22307734414250135,3.1005988250544045,0.20965673262508971,0.48483244814086346,1.2139225233687632,0.8552404658256174,3.3860979797499877,0.8146845475460385,1.4177436804817007,1.789633392388993,0.419706825679626,0.5570109742215028,2.9305398029468086,1.392550355680839,0.2909179439482559,0.4297499138144043,0.10105271663458493,0.5924281046712448,1.2742738549381394,0.20585980941917006,2.9912354714986935,0.11103907155120563,0.4960491872083288,2.270172135735538,2.4725919541171484,5.104797792377082,0.36255069219080216,0.179707248558447,0.22948361037357623,0.8190979438773613,2.1687227868746017,0.2601368029221458,0.22979362964053457,0.07741838777528587,0.5870893124905081,3.314679991749948,0.717250903247421,0.05843462433178043,1.2385357881054322,0.11561138396528525,3.7629456898389124,2.3788555362919444,2.9476644407518062,1.8344084680514512,0.36694086703995055,0.2884516873490428,7.776694255095242,3.0754222323613805,2.42149136888455,6.783915386822459,0.48875845665049233,2.3103288570031633,0.38705124630376275,0.2716423267501431,0.4163542333258614,0.35504143580141045,1.4220025347358773,0.3023446866348233,1.1752348986010797,2.057166202900034,1.2890823530926134,0.7662038437833283,0.16197015355246602,0.3208129589851523,4.4190390972757525,0.12888151420180605,0.15792935528319552,0.1602217925377537,0.8871289901343347,0.2297325992488357,3.1129609609663813,3.4805493624046218,0.6373127232333038,3.3888418785610424,4.627398772862538,1.459547832918577,1.600631003012002,2.8979607443919986,0.7713327318230071,8.577130442139318,2.3766314271056843,0.5211122723640917,0.19237920440360412,0.17982407926435107,0.5092647520321877,1.8569766795264013,2.205751497217011,1.9917380166574783,0.6166849073333207,0.6277960345246316,0.11586900423823199,2.5852626532125162,2.3591729512440494,0.22753618037220968,0.2505177890260408,1.472003301963451,0.5188150075469036,3.6088044660726135,0.7313573249951857,3.9927557554765505,3.336086618857014,0.13411856800651645,3.006977130907027,1.5010162885076557,3.1799781219165473,2.2900506659415547,0.8214404402616085,0.5685272841417278,0.1714232606441688,0.14263122981591714,0.17581525692303002,2.009628334567803,0.8864360976919183,3.869950891605885,1.7186606811158756,2.270986459407737,0.9164982419733319,0.04596776121567492,6.077090248719487,0.9346685752017916,5.8646699504265865,0.5324122802620197,0.1871034677893647,1.6032426858276088,0.3541774070865822,2.9674561292389603,3.7715780173315796,1.7491823365531154,1.6016118739874594,0.09278018687754352,3.6969349094155617,0.40505304469875925,1.6645033576539205,2.828566694451177,0.10175738293686454,0.413510841114177,2.9444013590238782,0.6851335253455546,0.3433230629432735,0.815670953052491,3.736178634901447,8.933333002826487,0.08916987819483246,1.4600688272604758,0.9338951823364365,5.895701864479107,3.213662466358684,0.42083271453441395,1.26632177649382,0.6674064186412472,5.276874223019516,0.9592607714189786,1.121690884899524,0.4295965306979448,4.16378646769814,0.30609385519415633,0.3053177726949148,0.8265459352649607,2.759467783307272,0.3717082277534405,0.775653344046995,2.2233277541846364,2.5387158900671487,8.535359552122602,1.2336124335006808,0.6407940070812362,1.1087982840641573,5.160947452165828,3.026834983455447,0.6897366126432378,3.5165660201049804,2.3415969232103215,5.81570746356907,0.031069184843733888,0.7515565830145132,4.413660273150763,0.8041953983350358,0.28430659465260666,0.51178799090847,0.4638377482710386,0.045649205695806994,4.674911669076436,2.6120885005003283,0.30036947745320003,1.5189043310180332,1.440008179723371,0.3524523082436578,0.2744609801680824,2.8970483951456316,4.136955167379842,1.5640790670629394,7.113684864457986,0.49896514520675106,5.606898777454497,3.2314044915867104,3.1373432470219855,0.2664078375666241,0.5883442892982875,1.857503083460777,0.7066373998827018,1.0941779365465962,0.09238040107252421,8.100436521208218,0.05194028947532148,6.73070414481578,1.1390490828482134,0.1808455424741927,1.493418700616353,1.2483730857112976,0.6233814801826796,0.6240200182979097,0.7468579713666221,0.507421176879979,5.595459314861231,0.498168788362256,0.6753075501321741,1.4042314234673534,1.1962442890323912,0.18532037233477316,0.5001437908697031,9.806458890724201,0.22490750035026374,6.208018765229432,0.07522570317096089,0.9612099180368288,3.1649267516479056,0.31445270045354357,2.023942277615852,3.931741348714993,0.00846163826431412,0.6924086890897536,5.428494001469877,2.448976731224264,1.3962122293394084,0.7055011411568288,0.6396204801162559,1.0528915208112637,1.6517851674613946,0.2357888741861327,0.29148558985021644,0.8529182787689762,1.6265568795178844,0.21185731333915792,0.09800739120397983,1.2556326514900022,0.5697906107373196,2.4927216465537234,0.12135370049189065,0.1769647101986016,0.05826828220190072,0.5276205918487209,2.0998259602017435,1.5642057008179255,1.692497754474358,0.49130416751003625,2.0855233078144666,0.15510091937212045,0.44955835516456566,0.9634238244079387,4.629517835298802,1.2929610860856293,4.807493078399615,1.217753913347411,1.9306202465914302,0.160626993774994,1.3478013369433754,0.9904727051015889,1.2948532321079298,1.1315619820076455,0.017609920245264532,0.5339695540584195,0.1747146966357731,0.2307280704526382,1.2737399732803256,0.7592130569003201,2.4971104312080845,0.16566918868725233,0.3183734350483325,0.21416330591919208,3.2050909201893454,0.6957330989806596,3.4035896431925186,2.817824559726213,0.36581036027194114,1.31617791265669,1.2875973158428087,2.0402480987871385,0.18782142048801653,0.4758795197397948,0.6085563000439432,0.6628095320937282,0.938751199661322,2.556852294081618,2.8410550026902452,1.421378220928291,0.17290678336099707,0.7316431975692199,0.40265001292380287,0.36789612049177367,3.409151255378224,1.467263155043496,1.5566937217665693,7.348399993333998,2.4755607830610242,0.984842348652958,0.37504963078058573,0.3422083369221236,1.877869809725921,0.8020945780546522,0.13542127884953203,0.45620456093207684,0.8658282653986717,1.5058898620237713,1.333285598896937,0.5946650649651515,0.6464335335590127,0.5457277945572505,0.4877037586521764,2.7576350842418575,5.238760133200263,3.1626340792669967,1.5765217523716277,0.248677887585397,0.45294298979131853,0.9544700479003401,0.9896375404323745,3.139857060041225,0.6308416926629898,2.5039305918377206,1.8599596921725787,1.4060202379461662,9.433419816869161,0.9207899668112419,0.24094450097482434,1.0925609037828963,2.65547134819848,1.5710804101378568,0.7605486814677356,1.1027114227589303,1.0561739642643473,1.4724828763540412,0.549313698010241,5.954965073561608,2.7990009636955615,7.094887736390886,2.952788695391174,2.4639536245497435,0.2587309436183769,1.6552539924659961,4.288099412241312,0.8068662580741783,3.396981171145333,0.6637617782100396,2.428348129221607,4.638628602997941,0.3532153013504158,10.071227293022236,2.851739164028916,0.1592808975703342,4.840360350004188,0.8128988981388052,5.430390917034955,4.664675999169919,4.622843819847135,0.33415761244941367,1.8058023478173273,2.1377663605856227,2.989161080764278,1.3127998118851316,0.2574008273706303,0.1342667546358176,0.717283275433571,0.4349831600276357,1.5087823489361043,0.41667795533624186,0.33312147733695063,0.5322505348898889,2.838144246580392,0.8806958072508451,8.080907184025913,0.621994736414105,0.05138040516806486,0.9763301582367112,1.2742224621144453,0.5958641295212788,0.40837811339951524,0.4264870442030073,0.08416938850711975,5.285082457162595,6.536827217258423,0.39086177694157553,1.428279356158793,0.8081942486154676,0.22998729438815046,2.271990557846169,2.3780698695596922,1.2633587490728955,1.1506328584507026,0.7842971389545879,2.2898133841889434,0.3621275254500178,0.8520631867304365,1.4780379642865888,1.1687196489154437,2.4918865553310376,1.9033686489327633,4.254523823353503,1.3665763021186883,6.925388599699388,0.2494100620396562,5.3274837459994275,0.23146408112884598,0.5043114239946711,1.4786835280345703,0.25157741581918946,0.14939818043951347,5.752401231920784,2.1338117753835,0.9516607929114804,6.343932360532296,2.0047535201805298,3.588438961199493,2.541890439010082,1.3329621713697986,3.6261000357072772,0.14871635006830974,0.9840823107003234,0.6217583904698816,0.6842316546734987,2.151938206519323,4.329424018494031,1.999173567262697,2.985753938619995,1.0476114911056045,6.637242551403289,0.8754411209031419,0.03023734044508153,0.3809511509373458,0.26218726308059503,2.016375153056046,0.854025533184684,0.16982041752058397,0.37373208924260726,0.10287165133148357,3.7017621761633146,4.002918599610593,0.4437582964859583,1.846111544804223,1.811938572674936,0.8488022923568694,0.3260296110259361,0.3930759863886344,0.16203800383265365,0.8257392091379439,2.6729626156113473,0.12627993294384532,0.1261473837880024,0.6501917101269703,0.25983554774783935,0.40950923591750943,2.222407280883348,1.1453401015956746,2.921181877548135,0.8077442185938172,1.2930155900648201,0.7291084251660243,3.000064727635258,4.535608087304475,1.636325421674043,0.49826726289641265,0.7240505014562588,1.5824415076865108,0.44542166017038487,0.060724348702670294,0.14688365851335927,2.2967141583358943,0.8054434411507505,3.588605411887703,4.410075106163923,4.688331198596373,7.392208260288273,0.9353823989892172,0.1985783426364809,0.35836784858709136,2.0515917959373473,1.1722784316886894,1.2480945402853842,3.488408260018172,1.8241321690031471,3.676022637683236,2.1067651475471076,0.6663507742245265,0.09130543617820597,0.9439966576897365,0.26721427677349485,4.760877450265108,10.842051876983113,1.9452280190959628,0.9817791820783237,3.037236234082703,1.090364932482402,0.10636087228922664,4.189005658242393,5.406083959121,9.156640112525759,0.7477914042576876,1.5676527699065321,1.146652263244294,16.346644185717484,5.848325071791343,2.6507811380296253,0.9711445926105315,1.6137327199994782,1.8275527795812156,1.101267525773812,0.994049906357523,3.744799910211825,0.16751303403385576,0.6190636126196918,5.865736871536896,0.8683996533021894,10.629252155462707,0.18705873481603907,1.021961495023163,0.7747473671168865,3.5200610234239766,0.23355668518508232,0.2791880552099133,0.4613775079774486,3.5528101135101413,0.7781633784715932,3.519165550425111,2.2713696735800077,5.357151881007971,2.5985895902331606,0.12019113037627838,0.7387955157042116,0.9421379672995284,0.2227600006619277,2.285155982783316,0.5442798097507755,1.0466539613897223,0.7898992654637658,0.3399548344546166,1.6531334779668787,4.221268988037157,0.3932397300755428,0.3532268704083148,1.2169885626227694,0.5562190009734362,0.5763419729607158,0.7839631587260486,3.0885580842994793,0.036024092453168066,5.383205233963963,0.37850196408397174,0.4722090293686724,2.4066300807025423,0.895189570871437,0.3549210405014549,4.973638622956114,0.8528377462708967,0.07979665076741349,0.6269192116286496,0.8469923876998777,10.301853496763387,0.6518871620000262,0.21380742100714922,1.3619944030842757,0.02861851417456418,4.1543910698215685,5.610192772875626,1.2282694682972581,0.11817741005980253,0.3517644357417016,0.2033357068926689,1.991384076954584,5.474855977326129,0.6741401171040158,2.5801782720844373,6.386754041050941,0.08487073120103283,0.37597037372078757,0.13890216934070665,1.2866415747377147,0.6416649537243342,4.5236774763477,5.756506847638105,0.34165226039972585,2.185878155218391,0.629525409564117,2.3761467573452846,0.9579199595594505,1.8366994896534616,0.570072878006546,1.7026541403070146,0.04978170568940321,0.5936658451872958,1.7483615350691712,0.10784380644781821,0.35580260070286807,7.973621060409369,1.1784754783142681,0.47744980318166785,1.003926184040556,3.018619253554437,1.6471556199342519,2.171939486884543,0.8887412234761514,0.9598793472729668,2.4743673407203133,0.8775750242947556,0.5693424458699994,0.16012024292824617,0.726773573791498,0.9419375280755267,2.844279916876579,5.0560148080038,3.8148654702106803,0.4107295045716539,2.7098305164052996,2.787773873504957,7.6514633976925355,3.7808695684960085,12.90726415121786,1.9316339889466605,1.23602292321634,2.1057228335964764,5.094110185879318,3.794813290961319,1.5533704276436944,4.933228151161037,0.727823284459485,0.9811969327952181,3.216485592551879,10.408501028327711,3.0064160206221953,0.9774709369275092,4.024421894676896,2.377327321430747,4.115394090642352,2.096371030484015,0.0787791416734216,0.7533928322456384,0.5344242620738178,1.1112512547256856,1.8723230079395434,0.1798489172185429,0.15863816247655738,0.2522718595594504,0.3292819990374518,0.6001388504451368,2.4632435123143166,0.26233887342677065,0.7183014221404986,0.41847369107613197,0.8022076770948574,4.931651114947458,2.659768592067719,3.96586128015692,2.6688832357880203,4.238193294858295,2.442927003977446,3.991318265490772,0.2798925232810481,7.561781380811148,0.0978124729236729,1.573864143058115,0.39161301896595857,0.31807019093722744,0.3265920627624843,2.2727215849759386,2.5587176153611315,0.020795511690945512,4.811607418586769,0.32383802638022563,0.2646722281723046,3.655846591093838,1.1623990737427192,0.6864578021225023,0.9190615977778873,0.6639362311073458,1.3708261888460498,3.607444363281089,3.93128233512356,0.6663661518953271,0.09829085460385345,1.579715076196134,1.1216288026842818,0.5067881353247357,1.526821800897256,0.2517667021313805,0.21193131418163969,0.4225427954291048,0.710446888911874,7.739675011351194,2.3488288465704783,6.451295795851662,0.6643987438005482,0.921799828565796,5.946278452154949,0.4004741851141327,1.6000887683438112,3.945530727041823,0.21701196828255398,5.055895273366941,0.23195755537760387,3.2114837278041004,2.0054021063078573,1.9741741327069517,0.9901819989278906,2.256885364238226,5.647311923766235,1.6911402094853671,1.5177379356061735,2.2236055201994396,0.1761723456097335,0.047140728628040585,0.38588883252784767,1.8047488307250952,0.38738402527470184,0.25017552281761657,0.342541774821818,3.9362146082864617,1.3172839741419984,0.5442926929431608,2.672484739317616,0.25759772159180694,3.226891617178016,0.4869937759692764,3.635552115678629,0.729538667742389,1.9675556474917633,2.8121241271431776,0.3642710862875609,2.122743367079602,0.8909929568631718,0.24358896431846766,0.24313425260763988,0.8594656447252627,8.339893511496491,1.0183313883620138,0.24325951037000082,0.0861142061608966,0.545328426296054,1.728627210494239,0.5439824152127479,0.1685012041761984,2.613609678254946,1.0288269762507898,0.2696182759558185,3.99043463593164,2.2658671895774996,0.5340331600112622,0.7122428391624229,0.5981372971920693,0.08218971469425107,2.734604343556154,2.558764195137123,0.5893614999884522,4.500549174099342,1.660352290162044,0.4964285579612975,0.4172704971820389,3.3788966959463407,7.152554870400621,3.6244752928191297,2.5224997753812923,1.7239855646118332,0.3916822841073522,0.08927155362954853,0.7206004766816785,0.18986190924964153,0.5395232125926845,0.5398628876479996,5.2721343656632325,0.745172749465972,0.1709645533122217,2.0031347788336387,0.14047927188283116,4.242971674076219,5.911485313200868,1.851103388584335,2.0387926539799617,1.173546322858413,3.1819323795496297,1.0771698392062206,0.978599758871272,0.20209912080792947,0.3616063441941595,0.37858092335090676,3.197450338949787,5.149387233456771,6.743896034825995,1.1758724545384802,2.3153572599852,5.037122128955006,0.4786227823412583,0.2173370424565988,0.5595937098635524,1.8249408778223462,0.09560470374511232,14.090996647760917,1.564802364021724,1.5502773612161005,0.24018705864191187,3.7346157072312085,4.033276950535756,0.8052375636460656,4.6323834007893865,1.3121428149828636,1.5078305133661298,0.13631836956968701,0.06663162578486048,1.6920470661586033,1.0370032907571054,1.5185668430234207,0.54545064396362,4.777983333602184,5.973765686930506,0.3435379593168726,0.5437277382027379,2.4210840763926766,0.271423759612096,0.7282228543140286,0.17912567144600322,3.8946096442533933,3.2611008465458444,1.196705807525739,0.7349593692776282,1.622335845200623,1.1901418033602549,0.45940494299430334,2.1149337043981467,1.2895371921818024,1.6907354404199317,7.238452091971805,2.0804970302534205,1.711006554165286,0.3878774492295489,0.6787868460719282,1.2617801547057401,2.739725121021612,3.0192330285244804,1.4921791237807762,0.5380989764547599,2.8385500313606298,0.9361488211656117,0.3574811139073928,1.9961578666343378,8.583094160232818,0.1578290688218673,0.6183519146953103,0.9013593269007885,4.89215910988017,1.1376111001628417,0.06461238596758856,2.291813791747012,0.8552618218341275,0.7380279025187955,1.2605744344480527,0.34459478611428773,5.45515825647589,0.8878224365377516,0.5178589573317547,6.534865150972284,6.239666132228123,1.2425177714374378,0.885837988686853,0.521227853063682,0.7159382284846676,4.275830063864424,0.546120609123208,1.1455656052202867,11.415616097847952,0.31232580011455013,5.166927953498767,2.241694431426579,3.5156627851793902,0.14081299715888418,0.8371441590654087,1.4082523545194094,0.8025304322478024,0.6116781115089844,5.904667220337577,0.5248988902331819,6.987081019717148,2.0703888789842506,0.07939127849847982,0.04292383154983148,7.888850725713191,1.2394423558272722,0.7666906012158656,0.5089395676682232,2.7847974681172483,1.2495272436236888,1.419503059681479,1.3405666179662434,0.3004168085480061,1.823240074657683,0.030743593475136333,1.5238492376969623,2.766060883232222,0.6762407711355352,1.9733594050739045,2.771399790834901,0.5709668917275534,0.06745325842804384,3.8494786979269238,0.3091754330055123,1.0770458275623793,4.069920617668339,0.2347626415773394,2.299508107500778,1.9625659065031809,0.058902515119780174,2.5080147500539662,3.4791948440914933,0.5728478785990823,1.4415403101348887,7.363563747275223,0.808168370992278,5.403263428873348,0.2782550459979287,0.22211625582697603,0.3071490894699619,1.0153649549406685,1.522630715505925,0.4315783262116484,0.17403763644228953,0.734574522583592,1.4012090251820095,0.10337115080858772,0.20544926030165267,0.7741243446963518,2.7040154139973644,0.23553985200666794,0.14420251178704174,0.8875892397357116,2.2939611908696076,0.2433677530362326,0.03321324123512781,0.12393165765977221,1.0620007302212384,0.6771130466387794,0.027181866674395483,0.02116634826140784,0.5957555837193733,0.9964222062007431,6.78914843402465,5.697342961110297,4.987763268838381,0.21805946282382282,0.27849202987234456,1.298096774318429,2.5441958122629496,2.4658129514289895,0.7127993435496947,0.6879233615712739,0.14097368954217682,0.1483765664947938,9.480416390837897,3.3684763577024075,0.6610412280168529,1.1485709342857504,3.963427230533261,1.8184069045226323,0.872353992461383,1.2784179095141552,0.9203439022837867,4.60982437947252,0.4615566179994668,1.1157299577003004,1.4935200089442726,0.5934210076979122,0.15250025136050271,5.5358649873543495,0.19941397760277024,0.025057148275170693,0.48366878527623136,1.9390500232329986,0.7439082752292072,0.14707537963667883,3.2369733498419153,1.8439221225294407,0.6657248916287519,0.6638186877877827,1.2905636011349546,5.277019020506554,3.331917091564149,3.3383198763951176,5.636440942202189,0.5435354916261487,0.1270119471542399,8.822288761928052,0.5166127803003309,0.3791956993079397,7.440182165595029,2.2850085708981736,1.2241104469613795,1.0322746359380441,0.4936367801715056,0.08228174683323908,8.06345941424808,4.636223119928659,0.07947293298640723,1.5607024879900453,0.7263571056831644,0.1286113729521854,5.523206454973469,8.578054454639316,0.8642259595123447,1.063409075460574,0.8669247384292929,4.643242468976492,1.1535970446962938,1.961855111697338,3.3323922840319984,11.892827977846384,2.073364609158318,0.35177879357728403,0.8149793684609179,8.156078373049944,5.3645921192881465,1.9576311534623958,1.3377730719963032,0.06895773322603638,1.3494210914776685,5.308049553343493,3.5103196372853502,1.670268997530672,0.7455445042778155,0.6377514657543295,0.40575935228295434,1.0499801213397,0.045332788049397665,9.38233541628767,6.47115551556104,0.5704603767577059,6.830655828249054,2.422094690325938,0.5676680229891038,1.0244468987571416,1.0110693923869951,3.8116882329606634,0.5579162930591233,10.006516963414139,0.2312959818269793,5.191665612958629,0.4499356297794983,0.5045867951942666,0.19376434025267497,5.241403776574715,2.1164807170797033,2.2126098446808444,0.18575996280974377,0.3951923804121019,3.513775596212498,1.9991451558310853,1.8995020974950851,0.9873709358570504,1.724012545285418,1.6157625164562077,1.4937326272388627,5.545306473180219,5.171365546375335,0.3950185263744781,0.9167312244691276,1.889320358376152,2.6739418109150157,0.459107732853838,2.9040275926110626,2.6196315067186693,1.0079279440393663,1.0700569025515096,0.4003772829926643,0.5518549606355521,8.114240419799799,0.13180974233911835,0.25024971242529315,5.843280450409377,0.15365265194636468,3.5630454695195644,6.756995363815952,7.919181467889241,2.594917720421641,0.9063210154502221,2.754728981524735,0.8466286069783291,2.5776026666358387,1.694631566393884,4.457132559909709,0.133724225358468,0.13501971708680616,2.8003322102074852,0.9289433170629942,8.564042543643602,0.055217598361128495,3.3914288627453604,0.5543598823521976,2.811825591773438,1.6194870851631102,1.0915721924203468,2.41070517242049,1.4881381629267598,1.9602155347455663,0.38407024033253045,4.676901767796254,5.2197860098545785,0.3806843065883734,3.1453134583995412,0.6749740652615356,3.072071019741423,0.7673722597877459,1.904594487356005,0.10853834993389189,0.2772238608391546,0.1590789516798543,1.5090405642055713,1.9032888005638244,0.42592026693540364,0.6301641324507279,0.2645006211051566,2.1893448845264647,1.679389684561594,1.937027663550161,2.458912892004568,2.974071977015224,7.039198668914972,3.238373703952315,1.7454687093045955,8.133500157651497,0.5009406541947325,1.1769791840607948,0.7025468540967204,0.7815673540629303,0.1431836464384395,2.4261225466312544,0.12682911384835893,1.964630519857123,0.11879866066833178,0.5443315050172421,3.602502217640479,0.1650439355660227,0.10163521024245892,2.195851977851897,2.3024014203604106,6.2950398139392885,3.9068515555158836,3.881476075659507,2.1679059542115744,0.7763393522960123,2.210158080006848,0.5240540273240333,0.633362187350679,2.5417797518523813,0.1011365339965602,1.8904520658950537,1.6513503598185655,0.45834850442293984,3.0875182490284847,2.8419164717585192,1.7984235619895554,1.8571262491581364,2.8295629509193234,0.2346529649921052,0.7747449600701796,0.6630995195545322,0.25524272598646824,1.5697311076677365,2.074632379472357,0.8630200963582662,1.418593031021496,0.08535697489690086,1.1943629171454013,5.091896497519585,0.9461677951218253,4.324726960371732,0.647642267083613,2.4113294473327196,0.32485901418433105,3.263135930859782,0.30464631866827796,3.4230006639558144,7.635627173000041,1.0573910082688411,1.7841752005743046,1.4780448262343766,3.7953248109186206,1.215655369999348,1.7804340908510057,4.42327113723688,0.020716849657179015,1.9351481287169272,12.312171656155057,5.573284866450147,0.2554809039531345,1.1656070294556518,5.383574313039119,0.10787224889607128,0.28895409896098956,2.0418131012202423,1.1286692221071968,0.10567798696765329,0.20955404165239322,1.9178655038406696,3.7531845249747318,1.8027427897947097,1.4813047320988884,0.6916036961012372,1.66378451491655,0.9024270584762257,2.447190992987399,10.834526886527454,1.9375474016562189,3.3778474375116057,7.391047415253278,0.6670814984726741,2.1798785944424033,0.4340548285435233,0.36146222816034923,0.5150686274936767,1.5584513002102316,0.3402227295941458,1.2012129656612416,0.26963215386400574,1.1216897588535428,3.0011277429805547,4.67061760463768,0.1410072891339701,1.6831395145367225,4.674657707731362,0.17770754674483769,0.3981461747815165,0.6874256195451716,3.267980013702224,0.8611530328570205,1.8278562620126797,0.604739196268105,5.737566076713872,0.15665925001933922,0.9319741533406354,1.5462409835222204,0.11707950372236448,0.7176761313771027,3.0199046869547126,0.7263118515514112,2.151336007373683,7.442434067927678,2.5595244410697484,3.3483151456365396,1.7557164173936366,0.38129786845937375,0.6106029477262749,3.544767827896592,2.456408323753503,6.945046272644754,1.4669349909521752,2.084192695144618,0.9280231775870125,4.363952676407328,0.4213005194225403,0.8272698394548722,0.4182315202049749,0.5659445787089457,7.166174060856111,3.768204039121669,1.1268682453634078,0.11995838140353954,0.11685538607834767,0.28183077766244613,1.5760799870151097,0.1712857954822895,0.23937296799089502,7.021844354996058,1.0857691141543802,1.2296734300348522,0.20288382642892344,2.5125318667806447,2.873233496652728,1.6508807214548096,2.002104190544099,0.10949390520033209,0.06948068171047317,1.4909562013041455,4.8536131542254655,1.2443281842767986,0.8668718013266477,5.362100127303028,0.7768907202442863,0.032370144733809725,2.248561703108068,3.085041129365573,0.571053964175203,0.9771474461623084,0.18910617002740793,2.4773362988646994,5.705619912246213,0.5144386854162648,2.536210880219396,1.5116588411188892,0.7050875672767281,0.09335844856281639,0.2701685302985697,0.13396287071560187,0.12473302982867773,4.926874206671218,5.699150896575592,0.5613400461865172,0.27826527578400384,2.3838275286390194,11.54668574419438,3.7151416880030443,0.04468018135770002,0.5304723898897028,0.8890247609907818,2.4335168161904637,0.23207483465307321,8.308747935588864,0.9983618492213062,0.9274233837851404,0.30095073114754545,8.51525914446388,2.0315054902294882,4.921347484198584,2.0942779315420097,7.018735528465929,0.8758078229798609,1.7090612635844145,1.0231144634776412,0.4990947425239684,0.12187015396564016,6.493017229308444,1.2648336672578682,4.189922560209661,1.7434510335799063,10.006919225236977,0.6519452269626407,2.0926165911602155,3.019227284993393,0.34186582812859445,3.1529521497908055,4.4447460229453934,0.8103365024672249,6.105407949623136,0.5898071687360176,4.6094417954994515,1.062137053426159,1.114019164645533,0.2201492335002473,0.2723172439773366,1.442677110953329,8.412763523016885,1.0358531675191673,2.840584575545164,0.24375215563272412,0.9160085734047434,0.13677446306647667,1.6198669874730869,0.9107707617286933,0.7947061680931062,0.8535503611583415,5.191380126759854,1.3458740601869552,0.5768429768672029,0.1653244246625366,4.399185585526713,0.7648616939336148,0.5329861752964624,8.020771654239395,0.32078862975150413,0.3963580269451398,1.922000350306218,0.9996188870646125,0.2944215325968196,1.3026303231855751,1.4924877905550302,0.16126376788874508,0.5772332946665473,0.00519444810082903,1.370364465949827,1.3487830780641064,1.1507022703908492,4.794794210534922,0.12834748820275976,0.05051961798898663,0.4772075560965563,5.18330645370973,0.007638850771581662,1.7343598989052138,0.21250266172210353,0.20752382393890167,0.5295050467938525,1.268857906831286,4.9474515983910585,1.5051831996140947,4.310040529965692,0.8663326686082617,0.2258258324914637,2.1531382297953447,0.8347223937804873,0.9530437393965623,1.2437075229063792,0.20186064902946343,3.3781244702207336,1.0860472174688245,1.9123107481462642,0.2931223789513777,2.5408613888740685,1.5931923962249819,0.09218642725411064,0.17189780047155656,0.286320749773191,11.028699411578465,2.526736266386573,2.8308238050769927,1.405070528945882,0.06392097724558177,0.5275249305569664,1.5039468672115723,0.35004270618148053,0.3681518329931821,5.862671712853859,6.746876805015633,0.979696325620209,1.5039849241374852,5.6376337125678155,10.687319352726268,0.6276199288964077,3.794314421061739,2.4738025206924235,0.16868452956128088,0.19596010914630835,2.0897784618008224,0.43500855966269425,1.848198356330562,2.274967432798355,1.1262227523983404,1.2031151991611404,0.40064922746233234,3.541071157819721,0.3448797728208519,1.6617007924050577,0.9323982651786971,0.8465215181919494,0.3442286835239594,0.45097575213793184,0.7607405590204719,0.8581147260743409,0.15714361448014325,2.5407327332197474,3.841086924419792,3.9242700044967416,0.4085961726827618,0.2549385499426815,0.9438871993159437,2.7062530237435034,0.2484742615207185,0.4000679809671248,0.07811473970524929,1.5029111010472866,1.4769979208244304,0.6549819052986698,1.3870518070743851,0.6865368510352603,5.9046777540899615,0.05982796374581656,8.443107798398362,0.621627846776992,0.5476663122677452,1.807100604827188,0.41104198820372195,0.3391082981833234,2.263686116683787,2.319918660826999,5.293018664392125,8.496787011726497,5.878319282194722,0.7141429308557641,1.26714964020259,3.0773053606991945,0.7725586689817072,1.6106248642556598,0.05434064427663854,8.260646252195166,4.166368025159806,3.0506032429046934,1.3300812702387617,5.021305786593457,2.939737972799894,0.2984595267418766,0.5869312905911679,2.4955587568273554,0.6099164432619104,1.5435193704242922,1.0545117407379663,0.9544941525480852,6.975338451869731,3.6376996073826255,1.2209192974180547,0.4970261842260936,0.9032874144551954,0.6062751735314915,0.17282486071563508,0.7582846406853041,6.692724555205292,4.38296145491621,0.5351311022288874,1.4294175472642512,1.1574567315596822,3.113029113687396,4.9033614067321905,5.577901203373499,0.7225028248114924,1.4104177606582802,2.1267197455188502,0.17988060732522204,4.694225255484886,1.6367004438448114,1.1527448835510827,1.1890775256787451,3.6686913606782,1.2528472977133043,0.9456544086504249,2.4049083745682145,1.7834417136763892,1.544577476679121,2.4795547466090806,0.4726003805256278,2.814740829833733,1.7819578404717744,0.46124297817817705,15.958904620430962,1.4142530151326964,0.546630359676457,1.3190302328768182,0.04594533716062155,0.4344937471376198,1.0168350629927008,2.246565318747568,2.100758344283977,2.4166183390650025,0.5714768453444133,0.3935392074474481,7.64241099971494,0.5811659601422767,0.5263753517831932,0.09375976177736633,3.3211355864391203,3.708946389018688,0.48337067891355295,0.033226858789280334,4.087505181488162,4.3099937454998365,9.411778486698271,5.8690418136578195,2.994187661875915,1.1887642822671847,1.0149462107689615,7.334102704956441,0.126091591164311,5.957076690653631,1.0476101194040472,2.4498749865670026,0.40318582971616124,2.52051585012495,0.2661641910300989,1.6746949148764108,0.678698264857487,1.3485312706346344,0.3016124565547816,0.05551121224498856,2.117888478794911,1.826837836856476,1.3748557471059404,0.5392553585847439,0.37764189500369927,0.7004044681925639,1.58702059011725,0.363392867641825,1.383366902110049,2.2148454044233388,4.451967220081375,3.644623176876493,0.2812340205768866,7.123211667963606,3.4119655355963063,1.7124814450018668,4.044533470698537,1.564256769009706,1.0339166315503037,0.27408604254678204,0.18614205273102113,0.5866874341630675,0.20521205409496868,0.1500320774673536,2.370144984037152,2.2876148070324342,0.6323485512594218,0.55774155628602,4.7853171975197935,0.9596619010037051,3.1867390977053476,1.5977974559851347,1.7354745593705982,0.19021688606126697,0.5512888205803039,1.812011627320937,0.1024105430502189,0.9557176483981442,3.33531165075024,0.8297862749235918,1.1348249830510362,1.8464770151547893,0.08769292892982605,2.405304503802988,1.0372551671522765,1.032622408951402,0.17747145477705573,3.2566750828034388,1.3428852585545341,1.2837802952295392,0.4076204130168468,0.5527819351974274,0.9422062882659044,2.7209955080229324,1.3187159187489534,1.533444994625773,0.19643395381828377,0.6822732756813599,2.931743832095717,1.7995850963910238,0.11505796308619387,2.675950176121437,0.10364271988622509,1.4987902601865926,1.8710033687486016,2.11184825779011,1.3894706498605105,0.689529019946787,1.4149900528129211,2.6778088196144276,6.750167795261351,2.563077483841983,0.38276510196808244,4.085032630030845,0.04089607541316953,1.1863440155340528,0.9546593229204601,0.8320919757162215,2.207005981975768,0.4205577408335419,3.504930048675723,0.44333208812654235,0.15579149106995094,4.543668596250763,8.621287209418712,0.5298246921277735,0.1980543741703935,0.8957352708029243,0.3263576548379068,0.4584093861571703,0.542034997129351,5.2109982427503905,3.2950871008174687,0.13475141147433467,1.6186059406075435,0.57674417781604,7.603917795971559,1.6273510410790868,10.108155063967667,2.2338650800006197,0.5747182807718951,1.789799518331714,0.4105360344639106,1.7887683166689974,0.5258941255338401,0.576643090418405,0.5362570624023025,0.3732687293316823,2.807010538024779,0.12909857157323845,2.8541523539106493,0.3206956039230584,0.138727832707444,0.2743166724555919,2.955567156459514,2.3387952436509885,4.397929051067104,2.4277895605865147,2.673399279690803,1.3689133962274609,0.5158769954005495,0.3391117665477384,1.5141209959550728,1.598950230661071,1.0846088819215387,0.9844005217526632,0.9483118971103975,0.8298010554697606,1.1610863400671976,1.7453204019727717,1.7608052372667415,3.334154445863935,0.9205270378516556,1.453256480419728,2.658826594642817,1.0286281792715877,0.4684182733956208,0.5700967815509519,1.9774598515196027,5.443144320476124,6.03920338144411,0.7508261700438492,2.469437180945968,2.2027678018953236,1.715106440754485,0.06351719296957281,5.61555771800843,0.7073410372796656,0.2688637086460022,3.5980706242865863,3.132583530488723,4.768399593921617,10.353857438837121,2.2004122334067096,0.840734110508836,1.570004194452157,0.12261306319409826,0.2242999334380571,1.7994641281147028,0.8924008334155433,3.9779912514694122,2.0325991296921453,2.3018823217311515,6.292020796276656,0.21233659523725112,3.49451228616131,0.1680536410607676,1.700229939417651,0.23054259010852052,3.4570264912112876,0.5857269508737157,0.1784418561383201,0.6997657166789475,0.0409033708267752,7.040894010018571,0.17836201821553022,0.4048080858274061,3.4177348745645144,0.4599495604776118,0.33381467698965417,5.106410855532214,0.7000874938343589,1.6904417303515697,1.8582451254019328,0.563705645467941,3.8391733077770773,0.18589523354765003,1.0289916276599513,0.8767238489942817,0.2697687727503346,6.3382211224491085,1.2746365358567846,2.4537930037186513,0.6639039329484571,0.5947497523324496,0.24529074114445465,0.47625107423325785,0.7354153558796841,0.0780875855735006,4.130267662558271,1.9380082672175498,1.0319494732776566,1.7605617752441618,0.7831376518799305,1.146377222197211,0.2050656976091363,0.44892344123179395,0.15610473466088393,2.437383008923018,4.454942728791656,0.4418427089251795,0.37745768671297353,3.0772440859415147,0.03244378266013337,0.1317471924623872,1.5313867669457824,1.148158017298977,4.055855982339976,1.2499996544077518,1.5243894381465317,2.290029874554352,0.3395701969356475,3.55117387487888,1.212767152054955,0.7930603457123511,0.23073850421281938,2.128147832167304,0.9068097932575405,2.251563321497964,3.6729374045102685,2.008551194337765,0.10358603607215144,0.4060009989013429,0.6239894486018852,1.7323711636663672,0.23187331719303106,0.6977616109688869,1.462241714358293,4.971120056652356,14.595122120765755,1.9261524442432716,0.04786655308200527,3.1023813621321286,0.28159060704669825,1.521888740987424,1.2178517934500337,0.6531513801769936,2.3313500399718405,3.777876886482438,2.9375909457636586,0.516786880896604,4.936769847684198,0.8148786660643403,0.6972589552688917,2.7826373008031067,1.5428644152273479,0.5381421606780838,0.7467274545533712,3.1376744377095855,0.2506282794890331,0.7043182523473335,0.9535396059625318,3.7708737218968658,0.6340165883840307,2.318741093913946,1.954427568323475,1.1833085053094954,1.8696336342159547,2.6964573225991715,0.16308000368103182,5.022472660618805,1.1550027654910742,0.7852384123416978,1.677051383446663,0.19063746713987118,0.4670621889763371,1.6552179364914483,1.5190545226217629,0.1480216222853885,0.22785546059744366,1.430759083256555,0.0917551514751277,1.3633829322387059,2.124102565671693,2.784711163714656,0.20676378700000164,0.6209392197375864,3.789125989351049,1.0806928413151622,4.453618876460125,0.8296084526027196,4.760421291711636,0.31351193761136864,4.89418483949567,1.0593026362005555,6.555981326024845,1.5979127635596115,15.549110803271907,0.3768773282837832,0.33290692840959185,0.6808664972468343,0.09342512716602958,3.1606731899147276,0.23441079668135295,6.411640959861527,0.6923856872482204,1.3859471853358616,0.6460675053406202,0.6738124535898273,3.983298104720067,1.0987742758338315,0.6511334184023423,3.185326270715826,0.8199110817254219,0.1540146668911344,2.549656612091261,0.9684879118612983,1.4899446592460877,0.49150233848882596,0.2779771932207058,4.92883495170806,1.3598472704025735,0.18078006909008515,5.208446537884756,1.2345052678292419,2.876307932683479,0.335761018167279,3.818492345042941,1.0564542276949354,0.4826128442369573,4.297142180427997,0.5271462353682892,2.1396039552291843,1.5434310913963543,0.4002504661607412,0.08340064468467512,0.7440984271205047,0.2917209610602557,0.8386877403970453,0.2136047403196093,0.4775818133284644,1.5787585455727982,1.225615171926604,0.4690649197469452,4.626682936020822,3.397755911578599,4.493138854535121,0.6662750580878578,3.0001423148710575,2.193496506006788,1.5243380879329578,1.1408506720302136,0.7317145550229838,0.6262676284991072,2.3387563196210177,7.414212110405678,1.435000483982221,0.11193884213608496,0.8208803085058467,0.2557135735793158,2.8880007231688753,0.1711429528515369,0.07235072394800146,0.6703714027831094,2.089639126937819,4.98568932989786,1.4961156778172815,0.3503329963257811,0.44325085548822807,1.7675382923660914,6.080383640584966,1.9447967958953112,3.7162668719473992,0.21145588406108873,0.23846845783766246,1.3151069751159352,0.1158629566769942,4.094019703626837,1.5608380819591954,10.141703459175954,4.407168343711065,0.9981504129788377,2.0319389684701195,2.164264797581275,2.6349118161222043,6.38546616639038,1.1802810652867812,0.08669542792421847,0.5060011826624393,0.8341043936707184,1.853172149494644,0.09475174341248804,0.3116293533985699,0.46753030847332944,1.5731347229185684,2.3888087117598804,0.9725095720645198,0.04327321856914845,2.0261086449964574,0.9075460268540949,0.23863206547061688,0.0774879048214685,9.62476276929287,0.09854909587511518,1.54773393660544,1.4869937618851372,5.418903154327935,1.0196351821004623,0.6977636637987961,1.3630880151618419,3.079762471887954,0.3905542409892513,0.17705667723652274,2.55415853330675,0.7579590470021429,10.487633658042474,1.1548033852982709,0.4090370501265246,1.6589326034233012,2.8292089724979457,2.381967410154899,0.5646254619608203,0.2677353890819314,3.670699859421589,0.7636384286829042,5.839072764695986,0.20314736146809842,0.3686046600952757,3.4567779542618284,0.7811964195484224,0.22227518233358862,2.880068902905142,0.13588193708387364,2.0852227492232713,0.8632100556247189,2.68999125721788,0.3191291741846509,1.3640067231861202,1.7322615714161325,1.2144201535045414,0.30484053652303866,1.3355894164398954,0.21220887294625945,2.1822459615952488,0.3724621795596148,1.134999748322389,0.22091806809481973,0.5224423304357506,2.966634133335357,0.8735763833804686,0.08992480694462213,0.24995121799743125,6.37618053155909,0.4028901782794516,3.526248590120341,0.7125881761634553,0.9301801315395481,1.2864435403588983,1.730907826235502,2.985865061587031,1.1099316463484963,0.49421318295322686,0.16827280125055544,2.177603598292575,0.8740904232824769,1.207455564589969,2.0483925629240027,2.901135949332,1.99490475108961,1.446099221675345,0.15626004310673958,1.1385203445421204,0.24409693463453697,1.3674562209533052,0.2993526292706554,1.3150445584187684,4.510390114776033,4.241239955258552,1.9304125564713135,0.706486595582939,2.755147119714139,0.06966180933606303,1.7829892120511168,2.2688902299660976,0.4914316221939511,2.2276547241947338,0.7421029051261985,1.079271868454461,6.987819893013047,0.4586627347336978,6.394976889092449,0.2649663794842805,2.8727773685248934,0.1057252612324322,0.09796491231870064,5.81662979883072,0.23358131711278363,0.4807928072540504,0.06736519360987558,0.17766807536562945,1.1825890946318975,0.8148652250595505,1.5057391018453121,1.3828750757501913,0.5520995951354432,0.2157125060211027,0.4239129878333492,1.1569750962827894,15.065830140995866,4.685021333961657,3.059420511300697,3.685163905607434,6.276568908872444,0.06031098172056715,2.2343081328041006,0.24467253556227608,0.04343848323883037,0.4653927622679451,0.03695753585549966,2.6809793527430505,3.5426987940499295,2.3531200527618963,1.098575941121215,1.2804510636931767,0.6440898906393198,0.37828225023959394,4.761694547886177,8.340773283931354,0.8307313933427689,0.71328884659447,0.7641367831188194,2.818737231203812,1.99711608142063,3.15488586920152,1.8040382148859986,1.2815588646963134,0.23673679989854235,1.6629335263932887,4.6888824673025615,0.05026141896575975,0.19482917944466882,0.23626289497878705,1.2918522567048383,0.4607541470360695,7.787053191897536,0.6339159233149148,0.8276557018130191,1.150349260777499,0.8110750413381103,6.6972240750364875,4.218570480102331,2.4528998070347487,10.359155042855562,5.6414958606224666,0.339601481765593,0.25684406761358636,1.1887766193517089,8.105401776646326,4.829813970100695,0.2633161040657197,0.7890497486511094,0.03004610630142679,1.351849948533967,4.5369510468323275,0.24231993139691754,3.800791488846961,1.586260805627652,0.2741341794601191,3.1665746565021884,0.4101970414960425,0.3855235607475249,1.1052682217691583,4.14965005880595,0.5740744765245325,2.1272437201768266,2.4189293814330117,5.418628334370859,3.1697720184083935,0.4511447856393649,0.7257781334299,0.49592659170819275,6.281108285606375,2.2689948912951516,4.493971088696631,12.98101129520371,2.476734349322482,1.1281137102439438,0.6345321785965141,2.0717859761527633,0.28922430170551505,0.018092565220491075,3.1050511240079794,4.785259700701042,0.24801408511586664,1.5858764162454386,5.591719027377789,0.2070206470494651,1.1991748757836822,0.5810112107683385,0.05203188654416624,0.9021637399815985,1.107827633798111,1.961024864505137,6.55406175205595,0.37839151030452145,0.6123385458582704,8.776043081505412,3.4404316656718716,0.6686364771933515,1.1249654481220017,0.9563981392649326,1.3027431993423733,0.5084544932041812,3.090031545827414,0.3527799246446218,3.96056571840867,1.9604174941875632,9.43104224117862,0.7354269770282769,1.2019419164540859,6.6348197170416805,0.34377993863878786,8.372830013456904,1.026517478020661,0.19949375030564642,0.3481160194187083,0.1728384829237073,0.7132264080150794,3.5216747963579946,1.2317316596361543,1.63063076213771,1.3502399208784546,3.131946593695136,1.5125899263850977,0.19493957113360416,0.5723072230993431,1.3127689791366794,2.0505282932654723,3.3194201100866287,2.1901825142712195,3.2127198938132695,2.13170665911187,0.3918904028692307,1.4133752626383975,0.3490029709860347,0.5126324798466051,0.9282735397876352,0.3968552259475884,0.2632029178528452,0.23678000806373312,3.079770384002494,13.364779759750718,0.6287715319707117,0.15649773542439904,0.8728926717289989,0.4999845946988857,11.071116066014964,2.572128402777536,0.5540552056552482,0.1990112194701319,1.2980485565578426,4.45663001154143,1.591921957512005,1.0825772661118958,1.9412735393276188,6.45915923742848,6.112572729254468,0.26087837023181115,1.1426090167691672,0.02758458294858679,2.29804846706857,0.7493042125763401,0.12893292818086444,4.377776275189561,0.26752589324674214,0.7054183801201567,1.0811885377183004,2.486137977458864,2.147023691138098,1.993123878704535,3.7678591126801098,0.6393700541696177,1.5290932321579387,0.37179712178205726,2.1926599473782797,0.6442051076262689,2.049973038862808,2.856874538483147,5.409623292702763,0.416694323500721,1.3897493530756695,2.1777702034137225,0.14090531883387358,1.1037671043335557,1.4655933911090229,4.975200909210307,0.9938058776743484,0.17432952009435798,0.07523340605228013,0.18571952552674964,0.7929883810968832,0.032474527488173255,3.9912023358874857,0.3601928403339232,1.0384221991713378,2.0593025555863878,1.7866486014675627,0.2655735165638108,0.23096512052160434,4.712802980448952,0.8405756714296562,7.545138500144467,0.16888011046688978,0.9013643323042697,1.6070743279116433,0.6664940879471546,1.0479779174794739,0.7113007957512467,3.13862069262164,0.33469229927102573,0.5825609792479056,1.143859714949942,1.1821502621662998,1.3728883308543498,0.17123353222464566,2.222886607143432,3.967091507733877,0.42396007018866505,4.360250385359265,0.5381301917468732,1.03802297246156,0.7011914441941127,4.643878960399167,2.6970122673852552,2.4458547816887037,1.1353342596933769,1.5899715781964252,2.6140211627083194,5.627205586741214,0.40348057343428945,1.8068032812338082,0.60558626023929,0.23048372727074795,2.160923148510536,5.412136994644676,0.1881251770226393,1.802976057526955,0.9417095112431694,0.33105323402452647,3.3939953116087693,4.480313031427242,0.21133215684798823,1.0956310163135354,1.7333406894241314,5.902402608244483,0.1354165700320622,2.5024326351451016,2.581248975663412,0.22408148902470737,0.07104867898088174,1.0117948560559649,0.7102978513979976,2.147253190128815,0.7794090239029596,0.0909519974346451,0.2078405263944325,5.08955338301961,0.6893769377381364,0.14407100097510916,1.9324006998574612,6.625247532752293,4.483455450156141,5.0631085995198974,0.15069507518882164,2.580807871400214,10.973841135337306,2.1614690802198644,0.12769558519927493,2.8266323946682412,1.4568907820948473,2.6579729477684815,3.6981214300931966,0.22262024315459294,2.336222696900351,5.347744981324084,5.019964818209875,1.4221697130478166,0.09608304645891419,3.039668554631352,2.3293379143198925,0.8953092716649298,2.6761628536360447,1.1447145788855875,0.7758822258553124,0.5256689068957657,6.749532947531564,4.527431038557094,3.209860903656351,4.465623477587995,0.4434068520623098,0.17684346395913386,0.09597373852951874,3.2860309250930606,0.8373786469865232,0.192311688894238,1.9036653756466904,4.092340290314086,1.4492329064858365,0.17859477520988798,0.10468252918274934,4.410221112516741,0.18730497171828153,4.249436103073986,0.26904144989322587,0.5455105202654436,10.025397001090415,6.399525681406016,0.7057085998167123,1.298508344159413,1.403775493509027,1.4344582999741933,3.631201978068622,1.991762498022012,0.22354344663260167,0.8889457844795007,6.529747269995453,4.072275783990974,3.776644363715142,1.5741048229968246,0.2500206407101093,0.6622961830300564,6.3050976086494295,10.262798571582392,2.686570933517971,0.24107041704779464,0.28149736944639514,0.6163143933624193,2.3251302313563085,5.007809073599661,8.697996403717,1.2525468414631238,0.8799791447426908,3.348097467901472,1.3146050827979558,3.399151114992843,0.3874936881878882,1.1112408111241132,4.125550992151581,0.07938698069711791,0.24047739239068744,0.31543929060359555,1.7665040741170586,1.7944610832875245,4.982777628681381,2.972359025396739,5.285979480566756,0.214043074435887,3.3666947101919087,0.19931862716861337,0.40884469665750467,0.416244313128165,0.32726750602398624,3.110080396848485,1.8309366375277158,0.6656864446577239,0.38089117663099037,1.0562561211126789,5.187918365584325,0.26364666539295234,5.812617687355182,0.17016392248541107,4.548092667624303,1.338856036490617,2.6070986472789066,0.22572241365076806,5.322524372371011,0.7016262606539182,2.4642128486582187,3.523929605259023,3.985477930905042,2.6672205830768863,0.656198598654984,1.2014780541756978,2.1622268216113003,2.0060643378206175,0.74467882108793,2.7706544151088863,1.0423531585821801,0.7337783475188566,0.42435338901532216,0.6048285240858773,0.46254749614976776,0.33077177231859567,0.10679407482746806,4.547309358236524,0.1868834898269469,3.2133663452669095,1.9755223413491891,3.5588117617249653,2.9033988890590696,0.7467321825674635,0.45190388440306295,0.2678317040150985,0.6183411081911618,0.2067624330639002,1.6848941584412158,0.30852378583793594,0.5372032727228677,1.9371507980931488,0.09507522507684962,0.1006952474245284,4.271268546586658,3.1222093433422082,1.48982138931967,4.686810948175667,3.7177552797616062,1.3449630427946841,0.5696475914695958,0.44109814062190744,1.7786867531826829,0.5108290125470467,0.45027505930210876,0.38942072735610045,0.13181231563660867,3.9649006015619244,5.340872005677058,0.21732159825181074,1.2674149201890055,4.025484543773117,4.185714527135977,0.291214983113222,3.1955117317517874,0.44946751958533093,0.91423191932298,2.550556198369263,1.142177016947113,1.8472185293410768,3.366946528066566,0.1391443293645731,2.182905807950193,0.8987209824106164,0.8371131358106347,1.5240923411914087,5.40382342294602,1.937923292295054,0.5674550302364145,3.045948075914941,2.3785884272540856,1.96513090087595,0.7744823732398296,0.7347325793507651,1.123245485862037,0.21328297102937666,0.4396005156848377,1.1713900184654586,0.36649908680971865,2.109741922473906,10.925428471195486,3.442312290358876,2.1496315613442185,2.750207961685963,1.1236967089818077,0.49713796159561974,3.435808286917581,1.6400894461756161,1.3538150740482875,3.1044810781825776,2.041549323038459,0.6790459578482645,0.11290380923812093,0.4505631281719862,0.09586696229842573,0.7816473757233955,0.18919165668067817,1.674056199115335,3.2469560289308985,0.9565361184591343,1.167934824809333,0.2918046949889761,0.13266554346524195,0.7365784030439803,0.7790884300483516,0.40096431187273596,3.1826285535476697,2.9432157953555476,0.503205828271412,1.4442497989420433,1.548532516928336,8.291185606109892,1.3798465328805487,0.7517035278056348,4.406958114866758,1.1381966018007792,2.126478877652802,1.5998988062714843,6.170418833866345,0.040042462792353906,0.8610324557326967,5.89578424818915,2.009076818150565,0.12574982317431188,1.7649514008821794,4.831162926972682,0.15329376420348062,0.12117672385558054,5.214866923815723,1.4982371748526047,6.0750299615995615,2.7122441763584764,1.2477147453469928,0.3839599965539706,0.4778568320430425,0.23203091147387234,2.805900853897956,3.704362209540741,1.1030482391931091,0.4754915089443643,2.683579878496447,0.6810034496254462,0.7281695543894315,0.5711499339662578,0.45056498770892417,5.65903945878241,0.35346911658091407,8.646976459346682,0.9895844896032653,0.013536818849890775,0.2242785263919671,3.342918137105615,1.2779917802362255,2.83414874038756,1.7335069122382452,2.799006702708603,0.541354066106264,1.9834003241991256,5.190191845618913,1.4353277827326498,1.504552649800754,1.1529433378357048,0.03616515064754228,0.9545447081738447,0.3938508707204367,6.420397630795868,3.4719089699630046,0.07949200870481943,10.611565748844956,0.06266055418650751,0.40841763936014575,7.270380076638702,2.5604809851618526,1.3950038344334512,1.2314664082600537,0.19899683685159464,0.729701196431409,0.4048549125660674,0.5453691692994267,0.39340134696858975,1.2780874843011585,6.634836714849583,1.7592486150200446,0.6204881627228014,0.5260086419280299,0.4205936732440274,4.668002654915242,0.015331967441583494,0.76936435192213,0.11505159959439182,1.298786014506573,0.21041120409912328,3.0604340936370953,0.4146799711353524,1.9256727336202997,0.22374579994339494,1.943888891604919,0.15813443450400477,0.19350824156250135,0.4042479390499496,1.6949784711566447,2.147443414328575,0.1968387141966792,3.825706452684863,1.5071233393612629,0.34259011243943815,5.384901220993638,0.5997453581333727,0.9150195668369845,2.1510051767664295,0.613533153026129,4.3543991632127765,0.4655590220670076,11.228984674136104,0.7898851020671773,4.008134789485644,0.31299041074226386,0.46639544503225716,4.570292809399239,0.29875142994928616,0.1596406375236028,0.5961515742307264,1.1872446369959304,1.6021691790860304,7.033479467503419,0.523896201723868,2.47546736377431,1.4122624454873112,2.483112047466788,0.5480490866607457,2.522549412912825,6.167591331828525,5.424114905451071,1.0305645377810584,3.3194443652300336,0.9701094204360998,0.7413504316592391,0.5028783251930573,0.43024543025822704,0.6528389514306223,1.732387391642074,1.4400230694654268,0.6974974072854626,0.5809378015138726,0.5499731381295303,1.1477053598317326,0.29079023454932607,0.2772742043662969,0.415673219652684,0.05742971682144504,3.002246080087585,3.3640489310022303,6.265479073010775,0.047657550338799926,1.6857934481077486,0.9709312050863713,0.33999076417825647,1.5159031491753914,2.9179065844255785,0.3799507404397575,5.890441079606759,0.31925690544995855,0.1516056317338088,0.06462580528895101,3.0978603226083274,0.11866630179272752,0.1815485365681413,1.210592024464729,1.3122290653376387,2.411552602277856,1.5579097600964147,0.18555093078509,2.3003862526752727,1.7177546047917573,0.5251993399909992,7.294486888973449,0.36066342978882626,1.5341376505869118,5.235908409591146,4.761648993449329,0.2894181002261391,4.574125254720586,0.30434059838643224,1.4340070172468216,1.4439950030004471,0.4435328484969008,1.0226954504922747,3.5993234337419495,3.32817740623606,0.1502612522423875,0.9356832276546072,0.6107155829564319,0.890225303136297,0.867410075690122,2.254931186581398,0.6624665712787431,0.3479342862623125,0.837608800013065,0.4123336374745379,5.459314302967813,0.080264442575821,0.11495109816805127,0.36375901090595486,1.3433616895967735,0.49793726888096046,3.8713580288165756,1.3326377203248636,7.0693034939788575,1.830415312118979,2.479364601769603,0.3843881911890091,1.4779217374645914,0.03034271375773545,3.493068826318548,0.9215132529539918,2.1824502903360252,0.7725863624850655,0.18145543454637902,2.4195447205152387,1.57055242590374,1.3943281259570144,0.11080448048947941,0.8450248879912197,0.1325866414681145,2.526665732878881,6.861980743756552,13.884415194814173,0.9511743263368608,2.629532306986361,3.6742827132013347,0.022046319058029784,2.287362534215964,4.089912959913174,0.044592499333588,6.153459255187925,2.871909165370036,4.078868943106434,0.22639629813600326,1.0721479829351273,0.24838184256768647,1.3856494657966603,1.472433556274677,1.0423721526332055,3.284328843669674,0.10192572977629044,0.4964526947395025,1.7105170820508655,6.274788859733308,1.3076888844407695,1.70766746515539,0.7034228985537789,0.3393866746203792,1.897237467967947,0.16042399180187372,0.7673283370655217,0.5496057252047759,0.9090421583603228,0.4989265475481097,1.5292791299530892,0.29717993839049295,1.8292115795039434,4.258722814155922,1.5793605586286137,0.6375924710417534,0.5373319771458178,0.9401444192864736,1.605654178868151,8.043263678492167,2.623295194595209,5.144486661370746,1.3828239343746966,0.7204581561531471,2.6192341799621364,0.31982556900614156,0.9073987980592505,0.20346780620421534,0.32533373646754504,0.5144458294591119,0.060398088067423084,1.3672359674021601,1.1077190415823595,0.34108749274969585,7.07594921376163,0.7509452692894936,3.6582474878920976,0.46562075890198434,1.8089608609021464,2.1619724599521515,5.345552886112811,0.33395948572958606,2.3616654457146486,0.20201194056762928,0.29402499321887876,2.180764671958307,1.2950771630477456,0.16832799668942533,2.8766480596590034,0.2548013243587086,1.1205484114133015,7.973806228987065,0.9131543526754982,5.701349373334862,4.554977964337111,8.139716434833817,1.2352099791376072,1.4048906910326988,0.7701045615392103,1.4876425809845752,5.843804587011578,9.979732193035899,0.06598268372554061,1.5947235448526689,0.17046784187687747,0.2988198421175623,0.3449438968659049,11.664894553947786,1.8417398162878045,1.015108894143696,3.6172160399219973,1.8425107188737793,4.317912501961993,0.4089515680391358,0.4971143748712388,4.136400661603877,0.7545971878638289,1.1418100743144057,2.1796058215361565,3.435344339826054,0.6482811607863797,7.0392366356598846,0.04494553963807868,0.31828838069426446,6.063289604611862,2.211406396639161,2.1259462551144086,6.505166986704483,0.5178293074054134,0.08040763328156464,0.6820768760901869,1.522034663028981,0.09493871378979843,0.9932103070516025,5.752250781233664,3.8917596957761993,1.3937082433074839,5.055397567445082,4.362851425479604,4.269311641095484,0.9807165259713955,2.0709685663161688,0.27759690943572424,6.764160664722375,1.7969252631857309,0.8690405160716039,0.38030588079969085,0.9669960034341363,3.103225143872389,0.41015323772628287,0.11485222849716514,1.5130390413094075,2.8298772344253083,8.652256878516601,2.542857124683944,3.2663276727711774,2.9410213003683388,5.537329788025367,5.560810722952724,0.522159584613205,4.37901691631662,0.4402224735925446,0.5798867881480576,0.09282071186352603,0.1172334156193866,6.357169724999233,0.3328828758156177,0.38627092800734786,0.06431826577500788,0.10826403802019913,5.203971360038505,0.549895511104532,0.3302708080581245,0.5583720962357102,0.576045203788726,2.7364049421232455,0.550795335088405,2.094845159485402,0.42528035348084203,0.6710837095211386,0.12646352010553752,0.13777455138937822,1.383832182222779,1.4706133219392363,3.520961317076596,1.9365117962155929,3.9174665452542348,0.3446450493866564,2.3946498969055723,2.6328873531521486,5.582192088236779,1.6378716527021724,1.2814242386710355,0.05156222843028058,3.0151052776461715,2.0856849042262957,5.151779429564984,2.1776854320857044,3.89754320673168,2.087150721084021,0.2037408836526673,2.8897249538239693,0.05441703557329064,0.08742926169850218,1.2242339000553066,3.023625891422016,0.2882380624087262,1.9808188088955347,1.866725744380047,2.8797422048318517,2.329842923729994,2.1110004836628065,5.2434842332561455,3.3865648571218436,0.9731740125237662,0.28582651915412693,4.375641661319882,9.184351631053849,0.36511263111973546,2.7463209299876707,0.9233448635152635,2.2998848963140732,3.948991382803709,4.9889107951129015,3.4983544469745533,4.082034296331983,9.656270594901665,0.36811430015280977,0.6853022448612749,1.2358770500366325,0.2468648582188866,0.955760765352933,3.3252325548338586,2.3998470870954587,1.1220700842366687,1.4938942589553,1.7874420640804396,0.2894115223885332,1.1995446443027329,3.6101005753060407,1.5273461729447146,8.179549219367576,0.0688191143068746,0.03369569020987995,1.4469241199586227,1.3651875714400896,2.049631051141569,7.727658036951201,3.974799677831927,2.25141519438055,0.38763838840718234,9.8445370915007,1.948012722777006,0.42711298313775004,0.43166781817658384,1.5378474216131663,0.507530471134952,1.1067246505792259,0.42046192426646245,1.8236019149074085,2.1647405316099153,2.4772715077858285,12.964572156884033,0.19360184870340236,0.3187239154833701,0.6732855244008081,1.0701091044157651,2.464520031297101,4.092507556555603,0.32985535323535653,0.5746286497814788,11.711125672904599,3.705471267011096,0.380335681359107,2.6640915776240655,0.34638502569083984,3.8528141921647556,0.284689685827015,1.5521236105246472,1.4324428033301178,0.6725915853504664,3.157696525243004,4.5596618907286315,3.8588800596037216,0.45025667856409246,1.731715554727192,2.184535954403845,2.464534489428466,4.087272643052925,0.18061095165008068,0.8453516461479587,0.17158614563700958,0.9317466362245239,1.3048144863092777,0.6431439451637062,0.333886712720778,3.6886016055555397,5.91517202516059,2.435480276808948,0.5964807983014202,0.5958227008804853,3.626974135049154,1.3140462368492551,0.2561949172300332,0.857153967612815,0.5521910310812144,0.18911453532024192,0.7495027816144946,3.449746026721799,1.8402526188525825,1.5312557650074925,0.7006820495593424,1.2387656629123343,3.7416476541297627,1.890554514986643,2.635533067277402,0.6470053793047712,0.27007843432066836,4.790479473318464,0.3098703836987542,3.568638341125593,0.682215803068527,0.3508905207120492,0.2528314150350329,1.3945835328931864,1.1260587139226095,3.386823446160668,0.35501950305341623,0.5361253294210722,0.6220252534490349,1.3116717822809796,0.13084297884300788,1.166717760520728,2.7904565808064907,0.057976111921723694,0.55514179047027,1.406542926676517,0.9024740330886316,4.217544430184955,0.25857954095567126,1.4376382662724183,0.7704375786007784,2.3518459392315068,1.8728308380782226,2.7389617532261346,2.7183822357781073,3.8969137801947533,3.2700559634252775,0.6521521713790046,2.4708171823148835,1.2842625593817347,3.187727250864856,0.1051097834506809,6.106510287921168,0.19452812065604164,0.1732729019571324,0.5405246026408503,1.7255249534033137,0.36234619629390474,0.9509755705172241,2.4595583913425187,5.4016100691639455,1.4757467494805794,5.568314482948852,1.0171517515998145,0.3139898899733222,0.3291724578618658,6.003876142004935,0.43151841470539676,4.181818653054889,0.06311957476292224,2.8929251318786386,6.024816925137835,0.7137692528534243,2.934882835559173,0.06952750416714504,0.7635809674882195,1.5262729089847626,2.9091659684186424,0.5533474624550213,4.180067276808134,8.284016058319823,2.396234280183399,1.5055487986380425,0.8866663204009229,0.7003129501881509,0.16198258533900356,2.499507006384247,1.1581775113075765,1.9784199685924784,1.8996505501831233,4.503897213788008,3.2463044162132553,2.575805065686864,0.2690175638789513,0.02532164188059738,0.6157095784182466,0.9439915022648724,1.231306128629429,1.7766047143218802,4.4571682464861375,4.4806154470389625,3.7374224487672087,1.5100499050071439,0.35471063313300943,3.994143053684819,1.989602186730524,1.0635864393945433,2.9812334645907668,0.8568080564651972,0.6508637640267149,1.2037545869856892,0.3567584892814808,2.078027940827652,0.7247724660703848,2.0841712918680955,2.831566326734318,0.10442561474644729,3.2004159780673165,1.003374431244709,6.173837341491776,1.1994137928611908,0.30107503107458,0.6955713836223947,0.6004937737511576,0.4732722126183352,0.13193676871058302,0.2765525858683766,0.2648769929836913,1.1856811075075662,0.8875065230070729,0.013936224690155319,3.8621340035449263,2.234834760471082,2.306692412170811,2.1158594590385227,0.4429313918898663,3.2974517252307587,0.4490007127060154,8.513096709742431,2.2349700073432373,2.416489008774766,0.6854691974214864,1.0371916523583717,0.36316163491667086,0.23145606084980552,0.48161194173984523,1.3314516414508102,6.898164447954568,0.03009152040426155,0.34799241586556295,8.88811543000892,1.7805534373096608,4.504449211841706,3.8379599956482275,1.090941072320037,1.0707520618374016,0.23383917880709815,0.33303623983468755,0.5862765137026305,0.2775865189018707,0.23225766500363143,0.43278781236113534,1.4045349346690288,1.9116367765498834,8.415977132574534,0.7966832804433388,0.19194197081006814,3.574746051358434,0.08751752030716065,0.5173336903335982,1.5071986734251364,1.6817685887144602,1.342665917823263,1.0270736651088899,2.5601471269765037,10.21255543996413,0.9439514236458044,0.37212203691944534,1.8367457296190821,0.230060166461457,0.7780975680570529,2.6725184249523113,0.45075956653372407,6.576332497064855,0.6019487282114122,1.0999741810305899,0.32155196961392196,1.5848510338830417,2.0532018039076725,0.5766786371054133,2.2164155248990616,3.129182872524761,8.613245967403632,0.3892128166649017,5.400661844274669,0.7844670628263284,0.06167330566433027,5.4787875534984725,0.0787129521161356,2.1009132164543,0.8504067985660935,2.7047985219474926,9.985446320029364,7.077076598222753,1.8548205903768598,3.6684948667507156,0.2857487876685605,4.433976955736093,4.930464833396719,0.19176582533377307,5.560944690639477,3.7946962707838527,0.5589402928569435,0.18610270894238212,1.450225485273505,0.81840165612257,0.31800088213297784,3.3978003327434694,0.6866505746805431,0.3584293599284223,0.8101895264705523,0.2991979573305179,10.256218215059366,0.18239528803280325,0.5497940383462447,0.863439439166084,2.4527563366612393,9.695978245924515,3.1424041608775526,1.954126508654578,0.7155774088520663,13.208788008104479,1.7516537092470388,0.13186478104642907,2.2469098139278287,3.404151613677768,3.8603687198999403,1.49672307561785,0.12830618776811686,2.3038009575723457,1.6528361022932931,2.138771927833252,0.33048334481809905,5.898338766993179,1.339577502248499,0.371402094101009,0.2599332994938166,11.156038029879412,0.13854250017577874,1.9004742746241186,3.998787405358237,0.5828298631758071,0.6386875691833941,1.5197785212039894,0.14453965945857697,0.10258912877120085,1.3697773189591804,0.7869591695701601,1.3642782017184203,0.22302020610152246,2.263533206989066,2.0656430553502867,0.45681716219886725,1.3225966643179161,6.925514899109244,3.4298073272400496,3.506399930254176,1.3796990381698306,7.644572124610312,0.11478939538429844,4.827176408827819,1.576893017334978,4.046257003087483,0.2686563593573206,0.07013476858967671,0.538834904806303,1.0286004468734076,9.562070986910918,5.154241401785427,1.0507304122831438,0.8219297886787913,0.21769597332825064,0.6452472757605228,1.1544302852934933,0.33439278655434845,0.38833611848287397,1.4625337939651346,0.11644502388155953,6.814396915855274,0.16834261517075944,4.631736976832871,0.12616991421181806,0.9484633220307996,0.3227879088612765,0.18419307528797413,1.4890330400238359,1.0883619426655482,1.1186706542644096,0.18069947299977973,6.4085903477041875,0.1980712613365876,1.2693642263008016,0.7279087843400669,1.1527361746885136,13.327004237398485,0.2734919874709687,0.4795893228408745,4.261412576578113,0.5011669746950774,0.3951194561233806,1.01608418003672,1.6880216130427879,3.809775664179487,0.38491387325190674,2.427258286196933,3.452545920674716,5.677054877203977,3.116422661221611,3.9013758869421182,0.4430667404160197,6.7166178071032805,0.08639131992482263,5.587633237794645,1.1919950649994113,4.011632426322702,0.8119270776143692,6.395320221713429,3.0529701566526892,5.820194066812518,0.31846549537399294,2.2880086216547477,0.46819156043214527,3.0951165804124026,1.3444073293000691,3.1012312716692447,0.9020298253626622,1.5544961123126928,0.27072140330523253,1.1077232475331287,0.813274055732556,3.625724180929933,0.11165578770759677,0.4425150695105904,6.647290969614701,0.6167358160028811,0.2350530287260968,0.8886817243835821,1.1875308231996082,1.7916642717942675,0.3967861391686003,0.39410403052663123,5.164932412858863,1.577227907528379,0.9912609214655106,0.27843968811672815,0.547985863889985,1.175023719361679,0.9104614373393591,2.841233846186261,0.33241896243773206,6.221510916098091,2.4362823208520368,1.0601822401984808,3.988773690491246,2.4761511558008644,0.43490658295235685,1.5896002706635315,0.14463681028013486,0.15964320506094576,0.7229034974328745,0.3840273776600535,0.1212932843250556,14.788856396403464,0.8614082439812443,2.4072194843096266,3.6924542858875338,5.390842621576835,1.9804915292414644,2.0922338875954454,2.562405847674839,5.810290222052335,1.826520026390255,1.0136832609548216,0.34164159418214524,0.22750752432461563,0.6819658686641663,4.342212364427454,0.6395747412110389,1.3977499023549549,1.259658105215673,0.5360006017893246,0.13115059945589946,0.8925196484977644,13.493049393350358,3.5691067734197426,1.942814280587061,0.9522381644044307,0.6386695304630696,1.644722781038488,8.259306367457318,0.3231182784921489,1.300413960498042,6.641990060959735,4.38784569115491,8.284049664768226,13.042572244385525,11.13583878368534,1.2344331305384109,10.09982824606729,0.03039651761353923,5.938931364173021,1.1849496817079008,0.06219536768186029,2.420298092316319,0.15756869351301428,0.11576741384967515,0.13049157084958418,2.8716498802769337,0.24899630473178336,2.478005789030754,1.1692110888022502,0.5533166527596185,0.9190910603640248,0.6382942732696155,0.6879209544292613,0.30484682611080793,1.51211671143147,1.8460377235333678,2.410909870111743,4.739316496787785,2.269903614189957,0.3743534558730275,2.955747593693993,2.3068891927525836,3.473384592578096,0.14881545734349166,1.00356399003793,1.6332658209737128,1.7327373274249007,1.9567092546523548,0.17068657439342572,0.25714986096921955,0.7382264262463339,0.8855696104143493,1.2755580118290084,0.2751879884131281,0.2200783037372369,1.286368536711654,0.8739173453504181,1.7032257991555357,2.7696558553995954,2.8615304570478948,2.521812839945869,4.743085063685824,0.26756383106757964,7.220533215916282,2.2233254548793564,9.246211279947172,1.1011427976984516,6.333194023298889,1.309032377094763,1.9501666986412407,1.955432294688527,5.3881408182844766,2.6531627712738235,2.7631000133462775,2.0387202017713992,0.6538172142891012,0.09291676054156461,0.5128496611935658,10.07100563583365,0.5693137411853431,0.6091137729959839,0.844147279062816,5.028565203485442,4.81388947751445,0.04992224552407931,1.7250033878051108,3.1908188968218836,6.5740880612620956,3.706321071598808,2.4566476408131415,0.30845061500592896,0.039840628078531726,0.8274028679054717,1.9731654558085217,6.3292153508943985,0.5333855254932351,0.2676867479544065,2.0611611510536623,1.1554624847577344,4.206259278332158,1.4377390898003908,0.8987957356324863,1.3580033953615436,0.35931205322731175,1.064916821335176,0.9252778663807701,2.074130754850719,6.459546709541363,2.4374712392347595,1.4692725424734456,0.7464997753397942,2.674127035679637,16.37221957545267,2.5469313901938024,0.1990060332586664,0.5169650203498399,0.8477012825956505,1.3057361405581775,2.2658865627648557,0.932978214706849,1.4926279790323227,0.578104152140853,7.80892740212544,2.2253041419101334,0.3837291568755272,4.556573556837466,6.0509506492725365,1.5558203521287306,1.205924933563265,1.6885710692960099,3.206753057300798,0.3836696683315808,0.0618562240958358,7.265965158971265,5.160656955598297,2.220731185143989,0.5269878660360261,2.5981555757892676,0.3873239186704256,0.16334927751880501,2.4795534384757816,1.0210656585720896,10.763023976624918,0.505186969701592,0.21290545545188078,3.31626519403414,4.946642527252715,3.3386614618376846,6.783031053867086,3.3613000766959944,2.0311072220979276,1.6764041536612018,0.10207091014350067,0.9670156109197838,2.0688972632336666,0.2446025039386861,1.3457060847114155,0.7489026568382584,2.6203176551733063,2.0164407952853702,2.4675223768669317,0.7193514872362994,3.458960473553082,4.505975004458975,3.9000148828364316,1.8269144502163437,1.5745729502163852,1.478993653634475,3.0027672711314857,0.458551056945129,1.8095139854677351,8.820261732371987,2.047609967507183,0.5160442912410788,0.800782600264992,1.8900480972775004,0.8503676501440192,1.9635578245133587,1.9587470457066467,1.3633139140660295,2.6797221472822024,0.9558265146197883,1.2143271366945143,0.15888278847526494,2.434602812794364,0.5190658103780084,12.243226867171241,1.4144362309662117,1.495792536852335,2.258877874800462,0.3784923938725555,0.7773368743496585,2.296810947479514,1.1806570572492991,3.41642272062994,0.9106905867969983,0.18538328909402824,2.2937551654431996,0.4257313954391089,1.968682553443804,5.30351046433049,1.3344937067376827,0.31501764285518463,1.248743271981408,4.657188663757494,2.2479445097188586,5.716196413754546,5.640881955284787,0.5848358115170758,0.8492653013933961,3.7634264885562283,2.3010805102959027,0.24501275474527318,6.437815526034163,0.3586205944458283,2.4238536468848535,0.9634710012627163,0.4001737575991571,6.476031517851343,1.2885843563533577,0.37178554527478147,3.923707721417419,2.134252832411903,0.2118493391356039,0.5291134012500431,0.10842646195592942,3.984057003343008,0.7752240891205078,0.4081028598816363,0.0652690529782356,4.141376465798676,0.20884946132002957,1.7180320336328536,1.1164870240460956,0.08350021478161884,0.18452740904398515,5.818440065128064,0.21373750584971796,2.3403489321785775,0.7732109015762396,0.09162211868732939,4.256105058936567,7.825611662660322,2.7047140850526024,11.477854409812464,0.09304756285404037,0.13142851557324964,0.10476538104918709,3.415897441163518,1.2347928334302551,3.384090220407838,1.5558491177695242,2.556591547233851,0.9367204594127028,1.5902105403472184,5.706334821385953,1.9764982893770826,6.25711233504919,4.445787123185447,2.6825291920328445,4.046166983526565,3.7521679961252117,3.4387713735255017,0.16170495441427946,0.14063553406929552,0.11215956671919836,0.7929667594136562,1.5968984304667155,1.0690351930706734,0.12521505875855476,1.7142197512119943,2.236542718141029,0.028765117944305918,2.2552305239703783,0.25110333552988306,1.7376645239682822,3.8095590410921476,0.7642875127872149,1.358174531169401,0.16254605843632497,7.796010104043979,0.482833519742226,0.8213026939055106,0.27603612839711444,5.404509892842009,0.1332811434684812,1.2648514484214533,0.7790187388421668,3.3529949085776956,0.6199808347287648,4.263910396218476,1.5225169279847561,1.679842533510035,2.2968369144988316,0.4319993047857251,1.657486628907899,3.3839599277183563,1.9871650540712222,4.192440579091745,4.864985388220256,2.999819299076809,2.8509388971487795,0.2531416746343014,0.4537229803327333,0.7985409677560735,0.7415159076806896,3.397427484827573,1.171422448566768,0.7599551262009268,1.1064821687488888,2.795461420529551,9.020577245075238,0.3518671152766939,1.5299888879371073,0.2738766090809541,0.4968439907879607,2.489202941252871,3.1946640770665717,0.31090560993341687,1.4452224297438812,0.8886861317064395,2.992736895700474,2.2238142305318087,2.055430917046048,0.5327077008153864,7.406649138802494,2.2932689214242017,0.5660920096841893,0.5654841621029778,0.22611450885685724,11.760846088225716,1.6125474079063773,0.7985802877127504,2.0921223562023332,0.18380382593137667,5.068372881758304,0.2917572583702186,0.1337977322521693,0.3175597433540568,2.504224205082246,0.5887655759629682,0.4702769360867782,1.2190695448388635,0.15904370795353817,1.2435966360464854,7.144790672731358,0.6459445695347173,0.7148782855821807,0.15191920743777065,6.50093938460844,3.5914833675374402,5.774383907501035,3.950718794965297,9.12992415353186,3.136198712286669,0.7888914851334423,1.2573421978335497,0.40933579493473626,0.48130245049195775,0.2812008627171845,0.39085189315156454,13.544957656380035,0.9499949368261144,0.6212950882262961,3.439141731932492,2.757176456495428,1.8851671665880483,0.11062068214333409,1.0469356430837908,0.44245348735045553,0.9927466803309999,1.2624605032483012,0.25528246551166023,0.426692231547273,0.5343315071934153,2.3529357808463987,4.231992321370466,2.737469738303429,0.18586155355566758,4.62156915807485,1.7592370562049697,4.144035737271976,0.9385154612080113,0.09466017145019923,3.5758784731628177,5.5984494333251345,5.543976029534685,5.025405435381587,0.23935262803781465,2.157376292498098,2.0999034722620964,4.235223204659789,6.236273167475933,9.730196277382655,0.17739185690342407,0.6537040029338461,0.5069071524730995,1.108061601574434,1.959485867589263,0.4839081448179501,2.46173189445625,7.793426623085839,6.298747103967955,1.9019950542133237,1.539110397711355,0.44573515513692386,2.2274375410054987,7.229686506563631,4.563703549744758,0.6743827624363088,1.796252200347062,0.6101162289427433,1.1194297449107327,2.704910102988614,0.24748169212424642,0.39504473408971164,1.2877670352899189,2.8776904265077805,0.11196106554010488,3.930856056032249,1.282060178991233,0.08086967495297204,0.05033288271602654,1.9822854160868397,2.2616843648908316,0.842898390360687,0.22615772618512497,3.0029142005604172,7.714287538931984,3.6960250036021765,4.483744659843868,0.12011480882011627,0.3366417960744763,0.7111226611037725,0.081564078502814,3.27963457946241,3.4660753815360588,3.189481247173049,0.10368263896988861,3.0546506581798907,3.810446662585538,1.4428797409612593,0.18248130810699292,7.541601966085816,2.5277757593455075,0.9876253822996404,2.545636871221935,0.02806006401008848,1.0863132986015933,0.17522024063896224,1.0217847714463109,0.07710481784021583,7.146699741193853,0.8601246776038707,0.723420398263142,3.851644611103218,1.59754553381735,0.4480192378948634,5.627373805414376,0.8031774127853837,1.8836220069694498,0.10418746456570549,0.312089796640727,0.5269790930194578,1.225849349812234,0.23560599532616755,0.4426338007216374,2.8349085497534885,1.6791203814972004,0.6775194405226892,1.7649876377118536,1.49057467862856,3.4579188598192903,0.4723024559461592,2.045320512813312,1.2146877933628915,1.8680294471718812,3.497819233797739,0.2706257659301572,3.6034307180715963,2.94353224931474,0.8738246767080615,0.7592566188598717,0.9424829835191549,0.1397471224225405,4.891597852386664,0.7667162879006482,1.5285805238820513,1.7942507368075793,0.9471801808192537,0.7047082391337558,1.0457139129155484,0.264400611291125,0.2527201923267802,0.3486111452665521,1.7302182704200542,5.752035759877259,4.132689320659784,0.2705635202641298,0.9977557690354071,6.08276584167567,2.139965152618275,5.5141293297752725,1.8501455595966565,1.3193170344726972,0.22042638027594919,0.848557250681095,1.2875325335685412,1.7422916156512407,1.1145105471710752,0.16025217528773927,2.535351321836457,0.9969419723018076,0.2115933456789656,3.204261168890955,1.7073533989236633,0.47718785245207207,1.5291755544337278,0.9519464299245385,1.6750818747254688,8.003274382901289,1.9431872310892497,0.07734021328133256,0.05317188895420555,7.884119137093198,2.1678578171118237,1.5052295694111797,0.7287911581571278,1.0901840140304764,1.580246118930644,3.0354276382427043,5.218324427005271,0.5615405272989396,10.526040932510034,0.32743637924362634,0.12838530725983044,1.0721183834001895,1.5109915786242598,0.4300633123464558,1.1811874401023266,4.322429507661027,0.7224997473587624,1.5382843220229756,1.3595471963809602,2.5961724949765332,11.6754349967229,0.7306829415822753,0.4277440801648478,1.3907432258599048,0.7575287691749719,1.6361023419832255,1.254291035040909,5.422423925645741,2.4372510496848143,0.19103708722945223,3.037420953594758,4.261606821661779,0.7216901996953855,1.6281780023560581,1.1473531887230268,2.557999046345203,2.367999629679037,1.2087235616087533,0.08948467950725214,2.091923159815172,1.6058150826953526,0.14012871188139897,3.652611885807374,0.15044882720560837,3.472885963269551,0.28205646168709975,0.9312000182154239,3.667818701398888,1.1534056510029123,1.4474616070636588,0.8927355072685245,1.8511961484818942,0.1468177934832472,5.406732667906163,5.773304318544579,3.2037590741057462,0.6584836995911107,0.842934541688405,0.21903349949529471,1.4855483505392424,3.010429772304457,3.4532202254055537,3.1959989156155353,3.2061519820317566,1.9952196280158958,0.796522404671293,0.18643030533112492,0.5079781179096141,0.6878646179925303,8.678388042204276,7.26931755945916,0.06436693417848627,2.5574346725812434,0.2807262662882981,3.445609932603428,4.978243845574687,0.7457261333762255,1.0129407809040152,0.5963204565432529,3.5985489723485973,4.401566818941475,1.5927202466500154,0.09222027394808907,2.581457427228961,0.37405050417438823,0.35189422196000136,0.13390945091173356,4.3621950022764455,0.8301896477168276,2.5672189482660484,1.275807801740616,1.1109686117887845,3.7569124882109795,0.2061006629829245,4.95196947349991,0.41437083807138797,0.8500534064231,0.7996054883749618,0.772127967781298,0.07166904962700982,1.2722478535246347,0.4335323540290555,0.09373088039545685,0.6282124486785856,0.7660857385746483,0.2685110881405539,0.30567501565251276,4.207881050138446,3.6822510386602287,7.539827321038601,0.7076744352390371,0.49808524275635113,0.06180954033886954,10.289184371136127,1.015271575431347,0.7810341645294212,7.029845143848241,2.1668205149795794,4.216396558748362,5.092788751993348,0.17679264875282374,0.37730023340598307,1.4856291512472954,0.18163850909974055,1.3030254611683036,0.8531023723118296,0.6799719967847535,0.18201932796695486,1.9781255735539485,7.306714649089682,3.0173256605146426,2.1878899091692974,0.5723754837110216,10.242710084895817,2.9572054376644754,2.95974705395963,1.009679623257752,0.5725214806235754,1.8256574186341024,6.103848815090279,0.5076907966038661,0.12410001526473846,5.537530577683924,14.757342228297711,3.381679556855466,0.09652844507184533,5.435525926045148,0.09651939786173525,12.235074438456433,5.538368424146487,0.21554385948520155,1.7714712986437087,0.05203192522617872,0.4565465468570342,3.5669733376263855,0.41783872336952366,5.3680898773763435,5.09569343680267,0.35156127404344995,0.44540000296540216,0.2028364036341462,1.5115094589959743,0.3856026225292828,0.10821485335203507,0.13072412377647047,8.089161275081521,0.041850450457476374,1.0706851624527327,2.0183219775253063,0.5249094060388897,0.9757260396950902,0.5134668498956889,3.302209438523579,0.8647378656076756,0.9126575549293676,0.44693165561287906,0.30672474372969316,4.816459011879337,0.5750589597415425,0.762532877329088,0.35131252668468793,1.1745791342754321,3.347432518998708,0.7074622821743203,2.5694265616323073,0.5572521037782527,0.47154745011325083,5.790437506321724,0.5418082284198573,0.15114731628271283,0.04433807605192963,1.8200439654161666,0.6356555690737633,2.0082941369677174,1.8610932562538582,2.087735451560387,4.509182214117681,1.2659090398032782,3.7109206399699186,0.6358690533542841,5.647301043530465,1.1804520920426278,3.392964549841321,0.23059176508039503,1.9944599882829468,2.843849287173258,0.11672216505971761,3.0869291282216182,1.5729260459374454,0.4911572157211781,3.75847263152894,2.1704496924440613,1.0714888829709355,1.0677542154516413,1.0420575797307123,0.11592022839090266,0.48389302963731873,0.46808852060381767,0.4115852829312814,0.19142626112945949,2.8069433654712936,0.2670123909310337,1.6630398140802756,3.614274137390882,4.312635886318684,0.01966324235733996,0.18662035320778525,1.7460280491158398,3.6626267349188164,2.9815282267573817,0.08608375793561329,4.455167224138936,1.5317157495001432,0.2517224230921473,4.520901310518391,0.6305597996536749,0.17842406389571813,3.6583244735041025,7.754413301790665,2.7963230734715583,2.1170317815259803,1.979910739259524,0.05537581731354868,0.23955112661156064,1.2034445543661874,7.996130721670397,3.5748796622088963,0.8071808351193848,7.473353890079622,0.27520243936678757,0.21567449308420683,0.5888526977645229,2.7683963551938016,0.1530023774787217,1.3087626360622757,1.0190753265361003,0.6915211894670847,2.3339862240563853,7.61933768417895,0.1913761247081609,6.4744334776078,1.3731344479505658,0.5394562007793335,0.08210756727859936,1.5499633250436187,0.5278072457741559,5.55732414023983,0.5433389230772134,1.4318207340697542,1.3238105527808273,1.1603785985718633,0.5712193356842916,1.027035730076314,6.187515707561936,8.774833485111916,3.461797847627349,0.12170067684660113,0.1969197515380965,1.6398430764289653,6.107755257872088,0.5013578339444655,0.1769011663689204,0.40803040929705126,0.34860449125409465,1.123657064800901,0.3678676190255138,1.2816781801527446,4.85912831817173,2.4553849339226996,3.311256540117376,1.235455202440616,1.9818679160831705,1.4068599483597937,1.4855962213878535,6.848038333939858,0.19454914925699307,0.2353485743316901,0.8644800142653233,0.27420058260653307,0.19543105987439713,0.4136296398779875,0.2329304924600364,0.426107687626337,1.7408564329552072,1.7468959763058514,3.9046437574533797,1.3828922616515782,0.27139869166149977,2.3409775123864005,2.3681288246501184,3.0743188977220925,0.4831665381473713,5.849044750871853,1.2897441490675274,0.2120847301046518,0.3412910405816614,0.41884632048404846,0.40848133532474695,0.1336015999025888,1.1994806494967634,0.5286864592629243,0.4813253218691434,0.3758242477246827,0.9943599154713301,1.1690892052610458,0.5908305435312281,0.6646097713360628,1.6564697409461386,2.2049647555170986,2.0819770616021023,0.16543237871263994,0.11735059610850773,1.8791483711277173,1.971506089620124,1.0365635140815124,2.636773127047312,5.005534815451708,2.3714339858379203,0.7438323721212567,0.23045994849534424,0.609131454855306,0.5351063068913455,2.78050988037629,0.14344543378268804,5.910437031312981,3.4818673390265316,1.2864405969867478,2.1356985209691475,4.623568575298602,1.796943420139157,3.5394710314707964,0.17692371093561454,3.7599113143424026,0.4173963777925702,0.5894294342471584,2.3917889417405056,0.8078459728449607,0.45963317680886595,7.718857257008505,1.985942737626163,1.9881622683914908,5.143936112002815,0.46972595260666195,0.5058573322829467,0.6871502136382098,0.07708817621344122,0.7564267879410282,2.189579373883821,1.3124692581873183,2.3007990311364366,0.527002518255556,5.039493549773245,0.3678642655353278,3.834681608105524,0.5514544483393533,0.485400509209975,0.503227504693764,4.67781906996352,1.0638572504705017,0.5014621601258298,5.937321450073024,0.45305811742519975,0.9005806845195323,3.1068013570933464,10.888874917194588,0.6571756629437386,0.9603310653864383,11.441616072477885,0.3638391615806801,1.9702623773519174,0.07040766865904668,0.015474243307294744,10.782058235089297,10.724625580073065,1.9834783301714856,0.7356173861856277,0.2934926818151212,1.4351824013864125,1.919901669165065,2.036940161861756,6.937390363266005,0.7602413902449632,3.6880519522543924,0.7898681751683341,0.25913196342219624,1.230237448036842,1.8156344821204327,0.09730322009777681,0.21703234678305028,0.3181678431554047,0.3078221657417157,0.7133194776002787,0.6661221889220874,9.195767876981408,0.5487197683980491,1.6014810795916845,3.688396845505677,5.789643627758988,0.7848298977226986,6.069683250412293,0.13605451050239892,4.610871609529539,5.656490030452761,15.680867984314041,0.837280635031342,0.18579372188693055,2.727544638438169,0.036506029620885005,2.569493143422787,2.299399734163362,4.319460545094561,0.4973521319877334,0.5272150874656116,0.1132301583181845,0.2800441617632985,0.2676378874681196,2.798484108582372,2.2719507203151994,1.9414707943149336,4.333271333523561,0.043211157655160815,1.5331741473844303,7.916870388282411,0.26130925081285605,0.9853981187374816,0.3715230828707612,1.0070926330274954,1.0604568370580494,0.3418304985766602,0.5444392183871272,0.30581262793746666,0.04859393471890083,10.572260279266112,0.8216764006833328,6.852134546491364,2.430401522327029,0.1289536804813025,0.4817606562706689,0.3475286097177417,0.7046892851761406,0.5609252792775443,7.9473301407418635,0.4801871421150491,0.2246569204184894,4.774136143723065,0.7375760314317946,0.5519286362634743,0.38931799914664844,0.32180084926417063,12.655965767003764,2.522545312000614,0.30615876569271183,2.242946490360797,1.0266377154902822,1.2404017030496812,3.1454837131393774,1.3623422724189718,0.044439696823412866,0.2129856163235122,1.6497805659917446,2.1309362132904868,2.8807338054339233,0.14063595876038448,0.48927577377089815,0.6376238055891066,0.21536251629969405,6.231235360716427,0.2948138389054282,1.8909753078519644,2.9775804299090125,2.4569439908501383,1.3507053491400332,0.1804168618364237,0.2527984167914805,2.603135162045414,0.944104600077597,2.2835755301454475,5.745658296558017,0.47448813202434814,0.3600668608560378,2.0007952688009523,0.8740253869835246,1.2861768037897177,0.22448738863256618,0.09315035272532723,1.7324587901440909,0.26637058293907795,0.43893979129467464,4.728937534808075,0.7683076612550348,0.7594547189924861,0.3740926007216281,0.9046155649901371,0.8445874808063085,0.10061311763187109,14.131396604155055,1.199471053332465,0.2641882452749642,3.648286782035905,0.7684727867354879,0.08422739706455507,3.6754057084086407,3.1617057238573785,2.573812001601061,1.8622183905511935,0.07245272494021116,1.6615374589209773,0.41838220108374014,1.4342175506346608,0.17189202897633793,1.1725425057026504,0.7904342371415665,1.5163675603846558,1.5467660261296259,1.0662786871724137,1.8663516342625899,2.9994132996816285,0.7180044294594161,0.21980998607197622,2.0808175077038684,1.7387499846593935,2.3261683339827375,5.01848227856086,0.5509455398818162,1.559043127200038,1.2899689410935626,2.319976609840407,2.9631030370305664,5.247092266625405,0.09328578301467605,0.17794893593047956,0.4078071762912763,0.6260747319457441,2.125805336484415,2.5369987141710175,0.42372709013815424,0.9885764961374752,2.020063124020896,2.781795877311643,3.6845227509301735,2.5930788388491814,0.5947767051371735,0.8993545326754595,1.0626754719011506,0.9125561634141939,1.22859789852125,0.19703218434308267,0.8327313894809447,2.053434141337354,2.0684320859754264,0.6982032469543464,3.405146047724564,2.5858553343842274,3.042197174597595,2.083138748517049,9.329883898268672,5.291480836836568,0.4295361361838783,3.790567012241558,0.8104887609872267,1.3740472056854016,2.491246983500723,0.6759704138220481,0.7869026513026665,0.5487932321336064,2.467424347425201,2.5631985381855884,1.051685256382191,6.673161140105498,0.8234038065117528,1.4051776045492763,1.3412906989005395,0.014363015972139404,5.047896671904334,1.9356634455163666,1.1187958240960922,2.20471135728628,5.704268244688604,1.0363374617286591,0.4316149946171466,0.5035315350533974,1.4935963717221388,0.29579195157806204,0.35936308038184595,0.38655838515104346,1.9974169320849569,0.2664369702962688,2.889476257091056,4.510738505123957,0.15281208937941848,3.2556491495609094,1.5511793392401558,0.061227895531126064,0.3868611533339683,0.48985729943830547,0.1319643470573626,2.078447814626357,9.205860119922667,3.63261342443285,1.7355301974335633,2.6594926892822315,1.9016023316191515,0.14070830440509652,5.704686352147946,0.8354627256941127,0.2934094012617841,0.15829080673887197,2.5278226040597556,4.203273014423586,0.8322855376467091,0.37065548654886626,5.830419759861115,1.1413252683682185,0.2567064696547905,0.5335169897154115,6.230363161579054,1.4496170732745906,0.28314001256228327,0.2017222053296407,0.09610556765842304,1.4637450845428308,7.056029536915482,4.988219820371597,0.47574501364827537,0.4492910474027114,0.408431572726658,1.0339959035748587,1.4719873587483794,2.141487688977615,4.597229431154438,0.10057994612380594,0.38596655120916806,0.3899374719480714,0.7247824966766037,1.2038388761768277,1.1900464859815085,0.1583691213164259,1.1036939581466858,0.2557780194936776,4.314651608947743,0.4312219958480927,3.3330056859212007,3.385227806523134,0.8189490876215548,3.3149005639866393,2.3739849355320866,0.3535631393226766,1.260920407098572,3.673342305956056,1.0287136532645462,1.5683135270593263,0.107097750620186,1.5818693151809669,2.2231333010676,0.4079314893425787,3.4996878456319545,0.6171260258898668,0.11269267179608433,3.2370037647848164,0.1362504917388696,0.3092579630542361,0.5390282943038573,0.22976709627124547,0.1785453265427983,1.4501152519674319,1.0326677379849971,0.7092303056301991,0.9191416959755518,3.861280657429752,0.5299893101344488,0.14208272340030437,0.5732855081002484,1.3295424255844992,8.988759221714396,2.112432060123185,0.7610064653340579,2.236818599468919,0.8026968360318416,0.4392625577702478,1.6546310269411026,1.618008870763659,0.7197069771403101,1.054770646932102,0.12865642232441976,1.1935342118596641,1.8579713554238377,0.5835613398338855,2.5386220349463713,0.6264876895522864,4.466310620888333,3.1384352441096883,1.8669339074103757,0.35947924634243456,0.05885905844886041,5.702701064892869,0.7009092281050631,0.9658847752481519,1.4958551252115493,1.2741570217085494,2.150276959973719,0.4055808889044228,3.5033690344119663,0.26389057426052076,2.56265698267655,0.8791200436415705,0.10097734651010049,1.513153864599961,0.1860734067286326,3.234046147501939,0.3636156447599195,1.2600117799992767,1.1156759050729048,0.3861276299300205,17.539049668762587,7.326630456746326,5.409454437171757,0.9989004422259733,1.4589625209782153,0.26496214454832057,4.214656539297436,0.08043907805087872,0.20916231290853293,1.6577092857090874,1.5558319794493976,3.3419874472057653,1.9001172773022665,0.05610329774485706,1.3081150601640654,3.3757485741423072,0.5346482850931047,8.498849778321485,3.5614673916442365,2.6025393528500183,5.130192294767558,0.7385288901288871,0.5057662847470771,8.580915017919464,0.28441411799942284,1.2815276527502375,0.08396166961539464,0.9387364021492394,0.41033837438095233,9.12504146999907,4.205143378108596,0.8865678757359081,3.489756331785183,1.5379328500816956,3.1848944049556622,0.35737203052203803,9.17300863065543,0.13114922318385125,1.3493032279684951,4.978443722772764,6.886405718021251,4.076621583419056,0.5781493037178107,0.819568169975085,3.373932369018095,2.700584708296225,3.3000656672485174,2.074157816981916,0.7308183741502332,0.5152453888314517,4.567238803709722,10.87117586816801,0.22889942110821648,0.3643441076201803,1.744240944417393,0.6613430138433345,0.7505044215305476,1.6176254334542073,1.4153895816770725,0.07077068799208841,0.875819267984312,4.0066932235996955,0.12679214347885948,0.3194380955526488,0.5261090717220385,0.235715842869745,1.1611882900047124,2.3197410209714233,3.652899783413459,1.0615682702106821,0.2693200322759627,3.3043213378597707,0.27777747497908645,4.495075930568783,1.3825995419471262,0.4461538026431995,0.5041338060562088,2.162655259729064,0.48684577285917735,0.3832889193033706,2.026905503374344,5.6353033730644455,0.05610908889539856,0.6388398613042372,1.2028763135891696,1.1480378053481894,1.049598519589905,2.873627619158456,1.8978777025969302,0.6601473709540526,3.7392757903246374,6.8718695336489315,6.628511462655863,1.674301637567376,0.1345650043797324,3.7560687704083593,0.19807854143789583,2.2909080172665286,2.202927171268279,1.9437612926873202,1.5742961014709205,2.5018384007652346,0.880562933201885,1.3616999563804317,6.566588060951238,0.18382466101462275,4.610027975166017,0.3194864626834011,3.949311927930211,0.1955714805484896,0.3572634498080187,0.6136400743970027,0.612347165816906,2.689346352600266,1.611652481726283,0.16690681560096388,1.474833886478243,2.5702912681115313,0.380848417338842,0.8783042944819459,0.1036131562788673,0.9665716594495519,2.55811531313251,5.148681803887149,0.3447423476450977,1.2530973919254111,0.10441483502482951,2.0528979907070855,3.7909720045187782,0.6773201549588413,2.0404136295560615,1.8274457444760006,3.212336113245937,3.24084370198841,0.279101487236066,0.05433989917375592,0.6883105788645578,7.860258982127684,0.3284896871910987,1.4958610350261707,0.5732120842359585,1.6298234960135236,5.3835626639419285,3.217666423129097,6.873593247786082,0.7524924758817277,0.5370189627004818,2.230871225256746,5.388390233678175,2.5456918480925586,1.3981320896063636,0.7612129391454965,0.4482927669309209,7.113269946735057,2.807032689853875,4.523083179146523,0.7090712312368936,0.6095385914035325,1.6129627544049512,2.031996524971649,2.4438855337564958,2.8714875488078957,0.49385945598310577,0.2251040661186643,1.1128399454928526,0.28338795280156237,3.45931572644548,0.5341113030863113,3.837332901228188,4.744282816603941,0.24778753060051084,0.8933641565945956,1.349438789010707,1.8318710172478883,2.2655960687176235,9.309699704909427,0.22873880280037007,0.39123303437436396,0.5736872408931005,0.35483788721231135,1.008514971362322,0.8891523428313732,2.4801213682520733,0.1068041107570945,1.5560381397566108,0.9411638432975797,0.19857161152926306,5.719966894473649,3.29841114028262,3.3969794591153164,1.6958285289176998,0.963917701163998,4.902087328782164,4.072626440406024,0.1841118965178301,1.1770373334857926,0.4505930006816311,0.21622163452930115,0.8185233817036202,0.7070537660375877,1.5740344804298436,7.391213843114333,1.9593006327568598,2.6819212333415545,6.039201189923903,0.28084477932367147,3.6057002287013282,3.176259957000603,3.9261007500951166,0.21406451355359302,0.23929439341352765,4.321643537038736,0.8902930355437333,0.4027400062243396,0.14336142268122076,1.5866186290738504,2.3972363666660943,0.062190795725401316,2.886304334390442,0.45761755102319457,4.1823091651373465,0.24294538911966723,1.1842155297973336,0.3945610055832166,0.6624345135264056,0.09601854715775904,3.5253494702194215,0.23307460493772636,0.7133046451019504,2.531333905640461,6.877913095512208,0.2125600698625313,0.5706637108771773,0.17092296775418525,6.196046301308447,1.545365463796342,1.6236489913830665,0.09851162536372682,0.7327271355150748,0.46455834040637994,2.383772835897221,0.3874313669869305,0.285155809448031,0.8793954777241324,0.08382784150754041,9.475864976791478,4.322230719864294,0.5010463895295745,5.013118342788321,0.13859130498769678,2.0908333840580617,0.3871558821295825,0.22995818110374078,0.4138636677384562,1.288640649492656,6.013304200612368,4.483672094029292,0.4079310971815066,0.530026840978771,2.7049424910406175,0.9770735301639113,0.31768696493153126,2.656993586279235,2.7154708143636337,1.6894160550264536,0.7914837091692006,0.8023817316523472,1.5668835811009545,1.7097015881002764,0.12619105754677928,0.28755524133556065,2.830678729166192,2.23620048529688,0.397972077311213,1.0315764604466189,0.24297790452859602,0.6664239584875595,1.702779072763248,0.6593738371131597,0.5044722249406441,2.8858411465999536,4.993636487995056,1.7349637331229004,3.9753667019930625,0.3508914793780603,0.30162281525555823,0.41275237326721137,1.75394356186919,9.819919791252804,0.5525218384582944,0.47941116193228916,1.149230447252347,4.051798175517073,0.8369550045569467,1.4420501934337193,0.4702495730674505,0.19591561269817426,0.708413968960616,3.240674227761673,2.0279400738763425,2.4312620644521004,2.1130763060057065,1.4647135570858505,3.074104215771139,1.9148102552879562,0.21377973278848006,18.97616288903966,6.866407867362675,0.3736836165263755,2.7258667044206972,4.52219522860867,0.9024680357171205,1.2620949231318301,0.33677139827406655,3.3310422854711166,0.9857698631631342,0.2354547263867084,3.353922954586619,1.4301162675552122,0.6334303766993352,0.4123716723690905,5.817203105350527,0.6873678855672769,0.32345123064397097,0.8406385514518931,1.4795900036479472,1.092194276388311,0.14013306035120676,8.2832629393641,0.20899764534209986,2.33599712464453,2.522211311575952,0.5214317182303598,1.3508334544856129,0.8104729016588199,2.84649032481696,1.82064257858686,0.1472201753572837,0.1392497141009612,1.0775218129919073,1.8613725844133517,2.4866268455123346,0.4699629272253578,0.17446603586694986,0.5182215871161819,0.2729119260123132,2.5395660424982194,1.1611834544032895,0.10501074728803728,0.5220899686121574,3.079919811370998,0.5950195534529739,1.792152992785084,0.9559257248430657,0.6216482915628871,1.0758565880513213,0.5028060815998685,0.8073749745745369,0.20166475219426716,2.8140993726451726,5.55137056943009,1.6758001949979464,0.40971493788027036,0.8493685053685867,4.1737995635713885,3.231459986114266,0.6617672172003115,0.23511327105708757,4.57712901779191,0.6238868182721351,1.5157002784188252,0.1365228322630525,1.358911628057836,7.727489542115425,1.2432846428700817,0.3875467066977363,2.5192289129288525,1.3762581191845145,0.574252539580532,0.6664749480283605,1.9597514949318144,5.944925979418402,1.0086233499481423,0.36947493809841425,1.7854908355216363,2.9975577201668724,11.021966252380299,2.1448528589652356,0.12393340014586185,7.538317394254567,3.3049824887396158,0.1722793060882799,1.2993231145052135,0.07124131556044122,3.742017873148042,0.21019942624349197,5.2535379766096595,3.197448887338358,0.12576818147468805,1.4455437413882273,6.6948561879595205,0.7720999990566997,5.2272891397586605,0.9726429673202354,0.11788392228232714,0.48101680888527865,0.3488089143843782,0.9113615042720143,0.2409869843476502,5.0078389934192975,1.8031139384678156,3.0248959521625514,2.9233800444943308,0.3045291677253361,1.0890150580031264,1.9373185411829237,1.2517022939201634,8.029214594749396,3.4026802207329556,1.450119847794027,1.3616798467145956,0.6165857050217243,0.2457537866190308,2.708826114475619,2.0114563197068627,0.1213646699986386,2.0019042479921003,0.2515844978887045,0.1970051020510415,0.2907201255278762,1.0940333118756684,0.26147725370952624,2.946139337651204,0.13533993534754762,9.567487827391721,0.19917946386123364,2.8735574635057937,1.636201313788148,1.5245479986408723,8.053423691310204,3.0391188840034458,1.0975815131527331,2.04342870633045,0.7437632751447794,4.5918776838218625,0.6488965941808162,3.086513972549751,0.8319339242849191,0.17475661491201522,5.503043376500814,4.086591183500763,0.3985916084554759,4.8227427114762405,0.06996716879902709,0.317104660340531,1.5145429310274006,4.954135007635057,2.894517863047974,0.01999770476326468,0.053225733387845864,0.1582493336644517,0.7762150096059499,1.0092156060763944,0.5080700483024676,0.14483632086199894,0.6000377318252013,0.050029881978750135,2.2622283768658265,3.865681371431234,0.8399812222475835,1.040220804683417,0.1031970876886883,1.9257614117194606,2.6426299871053334,0.09675067010701421,0.6108392082423848,0.017389827449888262,1.702927806958415,0.16184763991620565,0.8584624037273849,0.05720857118103084,0.2963753219072809,0.3747322159154678,3.4998855757681744,0.2661304097079422,0.09240127383536967,3.3755642243717405,0.01909716491289659,2.4829943150452296,0.7682729878892154,0.9585933465936081,0.9517346922806549,2.49456742637274,2.7800286418781335,2.862931076185808,2.3172840681667473,2.952019800374231,1.185117107316394,7.729292290793313,3.0472809366955187,1.2320932484885843,0.5505600337786618,3.8008017455843697,0.4100336770218438,6.263114446224458,0.1372447375429644,4.866935004043752,9.027629709795484,1.8341154338839685,4.001344162274017,0.7601523613815315,2.43412460064983,0.2859506956900473,5.175140903880938,0.7608380090001989,2.7464853638396027,0.36793221189069797,2.7147736574540597,0.06490396901876183,0.29350835554132615,0.9829325741126949,2.0090765024679875,4.122422970580644,1.4107062856903105,1.5636334589795116,3.5486624283816943,0.6357529054905859,2.2709145799737085,0.600101038443035,1.9780113432152069,1.2186961756617036,1.8467760685876105,1.0545772912433393,6.577626444841126,1.5669786331313516,0.6927989070794071,1.3303943589023868,0.23690111780282275,0.928579674804888,5.831919124037308,1.0063748187435766,1.1964936495557101,0.1107054264442684,0.7628967565336011,1.6833236520986938,0.04001697041868346,4.084433675058408,1.7078119146225639,0.09413856710593704,3.5659492336959406,5.778090237202234,2.7149905762291646,0.5583977586204592,3.078386470937474,3.4650231373514,1.9480905958983659,0.8903844944069026,1.8741051471935495,0.22306588696464602,2.759704564017853,1.1070745714582095,0.4457221192731564,4.93255313148205,3.7618701614818533,4.121836166098522,0.4293007370767927,1.154130567603822,2.2675939259668794,1.6033993327840075,0.35056065152451565,2.37949013191411,1.5228167819750487,0.8469505960072804,0.3059057816776233,2.393252256303056,0.5954521449968715,12.781042741852167,1.156557288816023,0.770825521534553,2.016051667812952,2.257452025042226,1.2186897335212383,0.061955897119616465,4.070124348422611,2.563598491207136,7.918505695681711,0.05695156849698957,3.225272467104011,1.2255635793295454,0.3809179282158084,0.7316039838014108,4.457826387767445,0.7778698650857949,0.14082503895798038,0.24750156073635576,0.21502994317234037,1.1433354237043267,2.0880209548722637,0.4995895840900164,0.054436101178566454,0.9621379442238354,0.9439263940603821,0.5934002593568021,1.2117408905977447,6.632462508881633,1.975446641543411,0.3556287855518889,0.526041424495614,4.589060146526174,0.529810852027323,1.284215893873266,1.2909257355689636,1.505304307507842,0.6951297498286967,0.17466803597047376,0.13271647531463926,0.21693544957433153,4.978606939416336,0.5784197966016356,3.083196612941476,4.630045086205094,0.4098862473592326,5.579596590787471,0.18849087268347242,0.28616715119904335,0.6938391391190457,0.8542533558504042,1.1660591353429215,1.9965367816021389,0.046959374522711594,0.10137749528218942,1.3030430202608954,2.2483103759725784,4.208216357758699,2.3404788300967954,0.22416557959298822,4.023364532778168,3.5475202923935827,0.1599095416066807,0.6108112582163664,4.444419129100167,0.07490396590700055,3.4006754652971445,0.17360843232866507,4.549763479648059,0.22131677913042347,2.4075390420571274,0.6766243771493343,0.028436064539519856,5.4211661922879415,1.3992844456042517,4.2192544412974895,6.248141097714051,3.5202457956122672,0.20782896736987344,7.816787227018429,0.4685821421523735,4.903866688368884,0.3350528345860402,1.021080142898602,1.2285054831484468,2.8434559899169294,0.590452862985066,0.338788489354491,0.2890101847006792,1.0701668341040942,3.349793802668702,0.9338924920603326,0.39070019583259596,2.822561280132838,1.9220988431876527,2.114473594521273,0.35726903023386125,0.4672943364897131,0.20040421203826742,0.3884986180709118,0.4088063681755858,1.1864909503598717,0.3368695848824017,0.5984643919477826,0.9446539208502476,1.8524808894848628,0.542613008601564,0.5012810359542008,0.17415567619576477,0.8539402177370123,0.72654815413008,8.909610548178494,2.2695548396197607,2.0169951993818467,0.4918008016377705,2.3884443982140535,0.19623313434535206,0.6074399290021031,0.021937500381679298,0.12345557946330477,0.4620143107835575,0.6320772570992665,0.6474147511706445,4.872350511138145,1.8928719688042215,8.13662177398212,6.2649746826007995,0.2404794789762299,3.711221218365673,1.8282116694235517,2.043233795998571,1.8334230317688136,1.6177418176201264,0.412394270520978,2.86686836733188,0.8459032119834915,5.283585634581183,1.3972898748531284,0.2918132559579931,0.1130438391988362,3.774968049769793,4.361582369200679,0.2289652658775736,0.09902056829421868,1.4418887122518051,1.9537355843658082,2.414408386455627,1.6717051978329889,1.1344649889354455,0.7048533493607323,8.504917741990926,0.6392988512306221,0.9216290523205628,0.5211829303400983,1.3132828795251805,3.273141576720119,4.684970550664195,1.216889685603759,0.9858071999988569,2.2906267508889258,1.568834155356089,1.3687365881699636,0.27875371041321095,0.6146453280516491,0.1959673687037562,2.619898382555297,2.1136164537347115,1.0284162641788825,0.21252081679724233,0.34328268655637545,0.3885322160470288,0.08693254962601804,0.06976656618304489,0.49237210219719674,1.9929478003640937,0.27537475951176127,0.4961371240556649,4.495120523722155,0.455051236248385,0.6882638286378429,0.4988256941474061,4.720788613783678,0.3493974157245545,2.195805050999485,2.761358069907019,1.462549162800821,0.23024410138780893,1.2584824211534813,1.4164128557589555,3.168007796643571,2.884012909448374,5.934271379066253,1.1711140438796634,1.6463766282988452,1.9332640525825746,4.988459914353559,1.3234018664339373,0.1856294317507059,1.1760458170330699,2.305206053200278,0.7228128930205937,4.8164097075899885,0.5420012713941791,0.2377729292336499,0.15593877571421366,2.3099425293295397,4.612877248244855,0.7513611704911762,5.77421424069903,0.6791753184333842,0.27559674524884636,1.7215713913939146,7.160641604856655,4.907649894367875,0.15029961021726468,9.246381208252775,1.979355760124239,1.1636212740372094,0.46978470731319577,2.1313854740981717,0.23122268755351216,6.196675179664641,0.10540666543184529,0.8003481627186106,3.770377592559483,0.38668609608478033,1.7564512934832472,0.8242665600138666,7.939421118993913,0.9689127241395039,0.21038860835584028,0.32544154883918797,0.9981863314727073,0.15613248509854905,1.8379500466752883,0.12444573349701571,0.42408970388932943,0.7584815209276599,1.812843816274026,3.989518101536802,0.5534316828504884,0.28482770882966735,0.21351636927255147,0.7702081068581212,0.9048912737562652,7.763586263367738,0.9516594785894388,1.5513507009685465,0.4058570505252495,1.280680132251684,2.380235464121037,5.165419641282038,2.117526213142956,0.08382516746892055,4.6480941522390395,0.23191752124864617,6.145749174824366,4.3939099469264224,5.647908146814915,0.8002576553255869,2.9924156731810365,2.5754893072743132,3.6888922232172083,1.7673879729939879,0.08888282723940377,0.2128692807916246,0.2932740719114568,0.26765697915428,1.3219715824134703,2.9314892151188285,1.271123975925195,4.129406635100921,0.06468888956763497,0.3067258521913816,0.17130207917821316,2.2413825638502525,0.11336940233647974,8.842465022697299,0.9294071918487761,2.5118812514109172,0.42375229822322913,0.08139898739035611,0.3530973248309872,0.2047331218846361,4.1050986789586315,2.1677906157446687,7.0776970606019445,2.7569105840690313,1.336682784712529,0.5518528313784103,0.9439278427067599,0.9215135386693689,1.858924780254534,0.7113793235694297,0.3223970316735847,0.1326322088471117,1.9506198286232417,0.8985328972011573,1.5168121072108223,0.7036632734899428,9.21377792699893,1.246978045256085,0.14756047805610506,0.1143383210895752,0.26927667121523446,6.334815338298936,0.5752803396375699,0.616857151017085,5.703801821546304,1.1835880837536532,1.1592376645841644,4.631967208294474,1.9377981865854332,3.506907869087449,0.776104461676568,0.19403581763567335,0.28220311840895396,0.23440687415841022,3.5752430654111773,0.45125183566656357,4.950909761645535,0.759967435869386,1.1057748393080233,5.261690179931479,2.4477371879408585,2.320820181558141,0.5439929082040009,1.16352960544652,2.204003111448746,1.0152445966213808,1.0743686158202064,2.5871842405819807,1.0717044918288479,0.6828487584387815,1.6883374956218975,0.3420788348985613,2.8398934397050764,0.5406269043696803,4.779723786407446,5.262010800134352,14.534360456229237,8.651732118687555,0.11276449123566668,4.071587238020403,0.6781239271077154,1.220088817140353,0.21244205563149587,0.9142231883615975,1.7396113987709043,2.006616365192925,2.559186612330626,0.14169615275797165,2.170170725306609,4.767457247451501,0.7074608995191038,1.4800714926141596,0.6017985149288557,0.24987279457331735,3.636331597725321,2.117434913497353,1.278755480034306,2.388579698314255,2.4771341880226485,5.069709087882334,1.512880465726579,2.575418073713295,1.7118444298267796,0.8980790191435322,0.1367284781717829,3.020219184341231,0.16799939201302916,0.46106551065767853,0.3169429085266685,3.3158745755705525,0.40483135598058717,3.0925271365159683,0.9189291210085244,1.2294450728891593,1.1565563610809775,0.9398641603618678,0.23040829668135965,0.6815127383058224,12.202693882640837,2.839540710567859,4.405753869983156,0.11776478420276948,0.6162731275020495,0.8340138155738868,6.487089305007439,0.5910232987056179,2.7168135887141025,1.741488316544861,5.3251463525296305,0.4258552229300847,2.5969266488548692,2.6223124228336423,7.971582330081494,0.3730860773593139,0.22651228360907005,1.703977748450643,0.08785761117239899,6.098772493102246,2.842773610674473,0.3632768364914274,2.671001784100928,1.190468254384632,0.02591799480423207,3.305244677393394,0.7733431998306908,2.2924878247854124,3.8289558411472573,1.5222018596290767,0.7304299923514725,0.5015330085840817,4.66374306500624,0.4460691128685482,1.3532058795047535,1.1925573196064694,1.6145244170031747,3.15805499599131,0.3828923160565769,2.910990496144792,1.771550445756694,1.2393852451671017,1.1774006677817148,6.011664558299843,1.3472368555867473,0.19513042319881735,6.0889939636234995,5.021456787779479,2.30399800809168,2.443742912741662,0.3889630940581412,0.17885661756103488,5.399197073942547,0.3159531772037667,0.8077500037809364,1.503639403395708,0.12002184654211501,0.3864850811283591,0.05544020653021109,0.4778704790128939,8.841398009620896,0.2576729544395997,0.09393315854223694,6.647875112633891,0.4563274027012634,3.830636587490824,0.44112446377411074,0.33312188800465414,0.3595395974189093,1.069057712826683,0.9349737935313445,1.5374431133389974,1.355074985544257,2.032639131611031,1.6432385935695062,0.9895402688465673,0.5952512780178392,5.536297610346225,3.4841139077622616,0.2015797496898647,0.11091158612652507,1.670587848389415,4.5425857574616515,5.829209022811691,1.4365742738493206,1.1338976251286454,3.4237621280601136,0.3066072301362772,0.3406254406118867,1.3084507935362495,1.657224198062067,1.811779024501998,2.3653787672236035,0.755556837369571,1.0969654304556133,13.627015336159165,0.10933085590719127,1.6984002366987778,2.066111938842364,0.10707713857626189,0.2831491487617064,3.8533218078555738,0.3464564514601731,2.6554105493574918,0.19987525887875313,6.514384463108623,5.302816781316316,1.6996725085963504,0.3403425851131465,8.647205087270558,0.49031189735598435,0.9497666751091483,1.5309264979888106,6.982812806930896,5.095189853065746,2.5980802542684587,0.1957104744976692,2.7000402785991686,4.310208583576258,0.15602353924942136,1.5837421246445533,1.4627026708897222,2.4042812736774115,2.2544096529822273,0.09703562838434476,0.7373155161711333,2.1616139460979245,12.171532842394637,2.6908256635643033,4.358835999667753,0.5659275538320561,0.6617409279846467,0.5302706679613434,2.695884676308164,1.0074020779506552,2.2896881385889634,0.6865287040482062,3.604338325097111,3.6194209476495685,4.58414345257062,1.6928480100069727,3.32504479800211,5.517857078697214,8.754122360923486,1.3034370697414674,11.569385334391946,0.1974640224916966,1.667019310845122,10.05758086144034,0.3811564117708168,0.0057231519877984915,5.71481166000607,1.768193037780282,0.7072833301418013,2.4436181774034362,10.235862038923575,4.2808017954364255,2.0516919615397615,0.09253522246191848,2.8641044816912284,0.13454489363819114,2.1948829977825324,3.1412280530190873,1.7887313153671636,0.5327488000429834,4.976047570353908,2.877327433934533,2.442486024615894,0.31044100638409766,4.0366475246510465,10.289092493550871,0.7347709512502183,1.7246174463441295,0.1491103325898533,3.0388187993865623,0.40352044982336,2.3911123194531916,3.483573453602746,5.037985633657551,1.293945003671471,5.543080539197977,1.9341591334790127,3.2955891935325847,0.6237045871082731,2.880865787700674,3.028940068114103,0.7005462608030536,0.18396211103268534,4.23446215744686,0.23386724799241454,0.579309576259098,7.445111833153865,2.0274499496159852,0.4636225738134485,2.0319398928599384,0.7330390969281182,3.878536314469394,0.25479055979786747,1.6704291850949438,0.2991802789861969,0.5142421186193482,1.6056125127956524,0.44082801881099676,4.435855935596022,4.145532349393713,1.1141658502541827,1.2103101935743945,3.8914339642778146,1.469513193083529,0.5934512864037294,0.29995533799485363,0.6160120919508383,4.008963118040716,0.9673339330814934,2.9300948521048102,0.2715279311370269,0.3549087233954481,0.7885843719888621,3.8911554308310605,8.56062351422616,0.16230555592663137,1.378213518830988,5.482131672256536,5.7738955453991005,0.3573612394495036,0.463350382275167,0.4181725128817364,2.058389939059185,1.8123362619609784,0.18178351962726147,1.8245647900694402,1.7868345810808455,2.416274153947461,4.296519805487973,7.525349737672901,10.588488361298134,1.206171805538519,3.0264515938419154,0.7053591844995033,0.3330237950489867,1.282593518965399,0.2297203692578389,1.4793625715316214,3.074584759943348,3.952415948563107,0.2627985869183676,5.61189247185145,0.641336381064175,0.4574845457811254,1.114035753713442,2.7221322699791757,0.6998909092087082,0.528673961279984,1.1996414170653007,2.9607858447160385,0.43236398976172064,5.908570440981421,0.5954073889218876,0.8100067194890435,8.656739719376057,1.1655025297585246,1.2393381889700055,8.199757208601941,1.677239900510147,7.4887092227323695,1.5015361338232767,0.3160849686053212,3.3075595414093835,5.471735033222663,0.7302730447985065,1.8192478991236336,0.01824049709410991,0.8963553998908473,0.6175427970668332,2.5655556472815655,2.6715369256162163,0.34964370281402146,1.6140133580928788,0.7548237009479752,1.4639079861184625,1.5571147282582323,1.9499868642537797,3.038474707396272,5.037323378272277,5.709676577054347,0.047654282659401526,13.480571238813136,4.700562269798379,0.8666753059741972,0.4301789803916497,3.4655873815089087,2.981728036055241,0.6709735039294686,1.1933968070701295,6.532711430150409,5.099161183378767,0.22278714059953264,2.474702778462939,4.684661687479881,2.2560898743399243,0.5880499232119318,0.24206351970777895,0.4503313910197113,2.909035870643942,2.3268750063649684,0.11519036145233441,0.4840022012231122,2.398192614695576,1.667010550829469,5.4527122428904296,1.7298151913759847,0.8383085456350786,1.8105260085156225,1.0849340856806684,0.37742581576299816,0.4167043865738276,2.7301793623799777,0.6801150490479033,12.768563241211876,0.6637994385626276,1.6368965868861944,0.8631109744550558,2.355527898125417,2.1965196544022785,0.6034307741408271,2.379061227120503,0.41200434105419853,1.6611717245704114,0.5076921143176987,0.5573871796141585,1.5554060244045869,0.13609763981384987,0.8049738338115171,1.3185434186761023,3.481630760817533,2.9274904740681595,0.2539211909935766,4.60517031191972,0.2387656177656412,2.3682580655139187,0.48021800527577363,8.554712412816135,0.956336682540321,5.035791682222631,2.1680589999074575,5.9183333868859895,3.092018809699943,1.5201672391509218,4.625087712917153,4.711834509857583,7.055726928696602,4.639261878132529,0.8967726116142595,0.04172625382335582,0.49231532904816033,0.26151678140069,1.6562364283015918,2.8827890853190214,3.969794880064231,0.23226040822472854,5.446785845109424,1.6083235703308345,7.541616728742109,7.076923831619368,0.1361488394912711,0.8902653510093326,0.24743795165283988,3.3731706921230975,0.5421023517103274,0.27090194890517827,1.5733338329318254,1.5875589074099825,1.3324206404280665,1.5402599332195224,2.367382884299082,0.6049086424156606,1.1435538835066406,0.9573050875818381,4.1056597868612545,0.8206360280433742,2.120908791748503,0.8409133642779514,3.4166548797872065,4.2510000397618155,2.1873162695547257,4.299642163995849,0.22063132257986784,2.969913265845101,0.9424933454659599,3.146089699622362,0.8932498053163771,0.5774532991658853,4.985776417827969,0.15637251165915367,0.18464373028276104,2.215250716557597,0.6752333812502056,0.6350986859840752,2.7951072177874856,3.3052770700644665,0.0840260827440592,1.276693668558683,0.7659427806425115,2.164746536064877,0.4937830184201262,6.814561110512826,7.232189003653142,3.467006439156584,6.663876341492914,6.839371249646466,2.0780207788287717,0.7998041205073005,1.0727959369026663,0.135516342767533,3.3247734983320365,0.7426556811214611,0.7014292904684283,1.8572435203618531,4.898824281014152,20.359305829261597,1.7247406684095425,0.8106214916686909,1.0140902170997679,2.311157821843368,1.1099204490260246,0.599494145752949,1.341528128481992,4.287958254958409,4.696690295335566,0.5310395244626305,4.334874559266879,0.8967695747971054,0.38139454685071084,1.2200656372563647,2.3924722422590374,2.191176253813427,0.4580652150773168,1.7005275350920188,2.12988546576969,1.9231662016539937,0.11783620657379446,1.1145972170453629,0.06389621677661106,10.525264726073887,1.3640209546746436,0.1987373983007723,1.2894464353837645,1.383290996734904,0.3274828303770838,0.9591680698517853,1.7160279949747221,6.436278727626047,3.272817037972254,1.7241765437251568,0.6612150676666091,0.18703045867970003,1.7792723458736681,4.436159997682974,2.8761878036742674,0.3540080131097283,0.29023194784310924,0.625440506276228,3.056892074158722,0.5888878144764329,0.3692694723281278,5.001402186782036,1.0152050669034507,7.173373213218579,1.992575665924532,3.481861002863016,5.128442821361995,0.25052066530614836,5.6438198259625825,2.0926558789687255,0.1344878345069438,5.2555015823581925,1.4425726635449458,3.6756975508909244,2.561768129395889,0.35274227609949405,0.26913822292924705,2.025711629871204,0.7653786876542832,0.848986747918369,0.18304673581357478,1.5733074886116745,3.1048618887204493,4.171903280911042,1.802176535209125,2.259009809826848,4.439077112102343,2.5896203517580583,0.41110866780235833,5.659031467731667,1.0997207431460265,2.239729874030354,0.1989762057504576,0.3782605582692774,0.4542895377498204,1.5502860154930205,0.31428104301058113,1.308849136760081,1.6618485051295182,7.55310112516416,0.35637005632740304,2.6986118100166387,1.4253153732191548,5.077443257907571,3.574303490376913,0.5422266140883438,3.6024000957311157,1.6601583738024361,0.599448958517467,4.95377750580368,1.1912374504074494,1.9016339443653991,0.29854138117737206,1.705729660364773,2.5923237413136873,1.7272570172566644,1.918072874712494,0.9123934744591863,0.48851941457822345,0.26122605410510225,10.346401323419517,0.31770624019695015,3.188739158131521,1.7510128984911022,0.7145196543040537,4.999449044203846,2.5289832042947804,0.8965544529795764,0.8141674075339598,10.624248698768858,0.3216998798206667,1.1894286469874435,3.1252410271402553,1.048553274917486,2.9405078984751762,3.463838173384589,2.6674941340105986,4.660610247711548,8.424558811240564,0.6566008396242724,1.4958995717773114,0.2948961354238787,1.6547067509838018,0.41994487880211906,0.23350973721833168,1.996195202933076,2.132381082894145,1.832084946744336,0.4150719047037875,0.7075730410550576,0.36077896741363635,0.30468708376652986,3.7336956717922427,0.4681663903386486,4.6256363873185595,0.9108980311595141,0.5626590446772545,0.21161138033637816,0.6232251758558945,0.8101790510580376,5.433915863717407,0.6632670010555501,0.6150867858170563,0.34091115426832885,0.9336474881518092,4.561397268475898,0.6314632976492991,3.1848739472448386,3.863535884008626,4.875481590386398,2.0148768403171546,1.9910445539428157,0.7391432647893703,0.4817133483464333,2.6758663287286657,0.06310018230407755,0.28779989706680975,0.2491531933302682,2.2638294002163617,1.2237472567639283,6.344350114150103,1.6233711925893457,1.41812201649384,0.46292116905126,0.9192707122400808,0.2290059600154124,2.6169741024060045,3.346927192728602,4.353775388034468,0.15553946165072707,2.406072410375127,1.7812731236667307,1.650466498310615,9.43422134537743,0.26674575242624177,0.49467176826954784,3.644961148076967,0.2492799608846985,1.266551278276483,2.7688273772273027,4.53276602437567,0.457744749520832,2.141062668855871,0.04462510240901141,1.0733612403975274,0.9275775623613001,1.8178596714797335,0.6116312462692188,0.6216397320921414,0.1498743147818491,0.11419056409473005,2.4320697932299367,0.3585952891601598,4.026373664833825,0.6450132822294994,0.8475268987016258,3.373147531233842,0.6248030631387504,1.2867603440720083,1.504503278306264,1.09792713242606,2.9233040808445163,0.3416853097222452,4.639829917724291,0.990022363761929,1.2091095911176732,1.8947797423555506,1.8711658862079041,0.6153093825621401,1.693479525078073,0.020784302522241838,1.8698133872001879,9.232816876425847,1.48430867280651,1.562188741074939,5.839533491302166,1.0544509543204574,0.5284822885050617,0.04652075334483774,0.35356625096157107,2.6500312785466167,0.13902445624039483,4.379640726682028,0.12292587380342379,0.19805546837662513,0.6153063445840492,1.3915600669676065,0.894316951159799,0.9581663858976419,3.134656541872252,0.15262955910682852,8.422719240347416,0.9369791292983536,2.470293616126185,1.6767895150284065,0.29458521522440895,0.6003629674392046,0.5811242594739652,0.2519980846176544,2.6345961607227464,1.0708529006354657,0.264934177444633,0.21923215406109586,1.1830083369470872,0.8115355659813115,1.4631332184415877,0.7372917531876158,0.5815342958336935,0.053788227041808856,0.1347448458544922,7.752286310281615,2.920267749247586,0.6132839526013396,0.4243996601280652,0.9955442987810601,1.517971950140025,1.2045842817712524,0.890640701529487,0.3488006125994685,0.36561159392659803,1.8240839817331858,5.893023721842035,0.7373509386948636,2.3428765476291833,0.5086430562278683,0.5078584809682196,0.31279599717187234,2.808152985391996,2.2591767247367436,0.14837044481473538,0.6415488826941858,0.5452756874422207,0.8033908432567234,4.199319729690858,2.015489553386004,2.7746854043164597,3.43759167104864,3.7613851735859534,4.162458257145346,0.12190574549555766,2.082452134661361,1.812196666003942,0.3053646219527838,9.147746715065031,7.652712262567019,0.9588520932389604,1.693434540060211,0.4546995049340261,1.35692817579503,1.11619629668104,3.4125916457647207,0.9739667152049384,0.04994531792892154,2.3623000190554837,3.0106395846072256,0.13071377799690298,2.1519005453618623,2.63453854390092,0.8689835243444373,0.48456123865784395,1.6869082699313203,0.519707035749188,2.557537307850386,0.15605988203322085,1.403026909237873,0.5328430840184728,4.947166891903148,1.0126324846126984,0.18442124406469018,1.0642712392360263,0.5686476127143603,0.17772997395422152,0.5014721637693398,0.6957980401502328,0.044900126203622936,0.3661822595797628,0.02501007044105852,0.14900281258496006,3.136302558987299,4.339977769251289,1.6233183422563995,9.404536095307389,2.361592240030838,2.039561976703223,2.105484387748715,0.7174553062420084,6.245857104055525,0.7785684981984979,0.577958614344779,0.16197449710239598,1.597856648498246,7.1330643418237125,1.9696679282349612,2.6844841241506447,0.14313632113852504,0.15005536204552872,8.654853133309356,0.773888969330263,1.2441632159083889,2.334484990551592,1.7714572053393471,0.481821898084529,1.6367536854966436,0.33861811826901245,3.5819035285340877,0.10691250016300424,2.5032321735977776,3.4307851563471257,1.8142173208851744,2.2576776418383027,3.0307048486160353,4.929802648429988,4.8916957165593935,3.359836027070456,0.024408682868313658,5.2674687448731,0.144479602877709,1.0328704056581977,3.497587750021716,9.35373114180727,2.039434764889116,0.06273944045619517,1.722173166012812,2.5239487052835896,2.5012621240865656,3.949770444045778,8.00698103161654,0.1930647848417606,0.22913615600817305,2.8662140923015786,3.353268139649729,3.658222808252619,1.2132283968758315,0.9305778590452465,3.2528815532722604,0.4511804872485572,0.0710690308223704,2.838994652865943,1.008444415976574,0.1996588421671568,0.46558814007971616,0.23424796597527164,4.126262007337913,0.46190794345573805,0.37063817905798224,3.041374892501397,0.186723907498489,1.6479278774460226,3.824156161672108,0.6239318975065282,2.739895775302137,1.0577340217335416,4.898302429771449,0.22565461206576737,0.7734596772713602,6.033247370046076,4.070477035236175,0.19402968329074421,2.09340199618579,1.2402276746458445,0.3100636644960617,0.02250627029333474,0.9214565012197773,0.30804134304534336,3.3259924164892434,1.164735866806394,0.6146816540455644,3.915097050527147,1.2150650845834268,1.0361056553661687,2.3411224031448823,1.748367506857937,3.32002811057272,3.72171955135659,4.210731039785594,0.7561996321465694,0.5266585851118537,0.1352591445602891,0.6000676935865694,0.3932171654776545,0.1782952698227206,2.264340690897239,0.8851652357412236,0.034331211319378774,0.8179480643036918,0.2397513200119208,3.1879810367767374,3.516300468561364,1.2084400538773838,0.7813832609803575,1.0462559262777478,0.9692486679914936,0.10544597524602661,0.37790072773870875,3.254959868274143,0.9277752319993859,6.8956556281675265,3.117479217965288,3.0365210630289665,1.1988488544058309,0.4256192171869666,5.024290853105347,0.5613907110958121,0.07681037969488758,5.131703656590753,4.935577220473222,1.232761857884346,0.5282294112764448,0.5652746262700451,5.434528722069514,1.5993086565178978,1.0908528955735246,2.9522398323959465,1.1169561800616634,0.041260301176468506,1.000797776753159,0.10053083375526128,0.846584720427999,14.000502167252188,0.9574928273745549,3.761676113267405,4.307012340082652,0.5764380681566721,0.09358157361251829,0.27552644219320666,2.1627512191540665,0.12662065730145322,2.2674094843399386,1.4250837132750442,0.692908821035529,0.38814180800773634,0.3952653445411668,0.7070630634805347,1.925069794304559,0.5585935671589852,1.5236126759572464,0.046091620145753076,0.31056788065377683,0.44051335992753615,1.918059870909885,1.2904626393864849,0.9983332947794711,1.6352886691526676,0.17342137137929137,5.072005948116356,3.755113690438227,2.479370646107926,3.9757220702267198,0.8292225916764363,7.179063580164119,0.8341895447865555,5.715639436969035,2.7664832024909725,0.9932435059808533,2.6294659236820532,1.3450696004340763,3.001929395630078,5.641901858363129,1.9415565839878024,2.9927923343225284,3.0545113830287747,0.2882377531168798,11.27305778259405,7.522463001056603,2.6476321785371586,0.38008003654561673,1.8033060120339215,0.03467462252708453,4.340287347463658,4.50518152082676,0.08757627996749007,3.3581612421134186,3.783393933194619,11.685455711828087,1.9728803109765694,0.2919779063457777,2.1241881693228954,9.708559452513656,0.44393542045338497,0.7905028016383194,2.155436681278804,0.3112583070823003,2.0473878257591513,1.4194196878392376,2.743740510680737,1.3661015094231506,1.948088122267916,0.2457932608518536,2.477138614690004,1.1157327246261004,0.17767005825430626,0.6339043714454453,2.153200615863628,1.6222220743417388,0.11736766176181784,2.440758587530822,1.8793153156142948,0.29807813353599855,0.09836042230120434,0.1614087482241524,2.5822499816669517,0.4893952116525415,0.848747433583623,0.23334823090882106,0.8326796432246575,1.102304059868111,0.953091837402567,5.280809299080909,2.1289196235964187,1.9411401154399186,0.7338058873511556,0.6756587774383529,4.4062599478201925,0.7251617993495335,0.055764943648183185,1.1282755813684893,5.1617330218859605,3.028095659228813,0.2876100900526368,1.6407533288431495,1.2009244718697616,0.2983710821784822,7.4153215340607925,0.1756046753301499,1.2741731647079,3.1902872906282447,0.7280606622198311,0.16400554615431173,9.279453762475688,0.2646519274611814,0.6987585287476279,0.40769740582851655,0.8683622485122431,0.7314709127933512,1.3916792511360456,2.4067518252635383,0.2629785238079947,0.27667619624540296,0.13313598578007296,1.5118389350290333,1.4680178338774836,2.8480990575788185,0.8574958626279735,1.6783141593661348,0.28006645879453185,0.44534903358951383,1.0235386328705873,2.6931900168527463,1.2504001714912478,1.5523278854834683,3.6993098992518436,1.0701809277676286,4.00270181259919,7.2435339457490215,1.1738951188084625,7.321259120103861,1.3123729978885461,0.5189483654198151,0.4995857819582792,3.1084028768188268,0.9121168192850919,0.06168493593714386,0.3751397616530685,0.07405136883623364,0.30028296550584455,4.356683659132276,2.688263345045876,1.5401192106754604,0.19324336582725352,1.847758806835489,6.134117604179252,3.5938642914809273,0.11712586890121446,0.25353817767678555,9.179793628412455,4.671038880745533,8.376544531789412,0.9260156112948184,0.23971093132572718,1.4952516960976,2.499321235367529,3.727817495111733,2.1803716231872836,8.21506798867244,0.4749094016109763,1.2546372803924803,0.5003805241289402,3.676804477821313,3.479516344070536,4.164414401417426,3.8778132334159454,8.05140019462073,3.686161749749237,6.851383647931146,7.664310402612415,3.664012193517849,0.2883239460827647,0.9818259678026875,0.8756568202195512,2.2902411209746227,0.29017885845637337,2.0056870471535784,1.2173514530693055,0.5005395812959681,8.78052101496241,6.964480265762135,1.4681527788432478,1.0003395193224065,0.4000021698480656,2.221193681921957,1.6581402259868667,0.4106196386008203,0.2534211714430481,1.0356360723755205,2.9302290512853553,0.6746309223140758,11.187066962167243,0.6170181583176564,0.2567496629578594,1.5622851552971797,0.7738052762618111,0.28363510491407173,1.5196517381916599,0.393004763225961,0.6205393767166711,0.20833643628375997,1.402933958653024,0.525832746988409,1.1355088808152485,2.4685144524459606,8.742078976767411,0.24877473220244095,0.3385786238344579,4.67449939318779,2.8431144963380963,1.6735757144010646,0.07835627715967641,0.755888914160141,2.9500502206202652,1.8667115607908973,3.4194832131693014,0.3495286017095104,0.9808564206655572,0.07624019632842383,3.4213227624891025,1.3395038100769932,2.3787461765912576,1.7273938153949149,10.965299453403585,0.7700115901540995,0.6554301053805922,2.797777448525258,5.384103374519908,1.3734214952725226,0.6402018364604505,0.22722789602440097,1.169032197330628,0.6768703287779276,0.3731517725447415,1.1280061408706177,0.9066028590413282,5.553689943218908,0.186334980935273,0.3546498409346954,6.679647379443338,2.5540834451541037,2.3388810149345307,0.8790366383246617,1.741946497383779,0.17639590701136382,0.13406995338857008,0.1442165730581877,3.761193148103274,0.2243957270453132,0.11113105515485344,0.7198860889874479,0.04820669723242932,2.4139240020193373,0.7098709679516575,1.930563805956921,0.15678951541789488,0.4364981481108112,0.2423218940056704,2.8896470976004105,0.9541931834190007,0.8196173478146351,2.905894629726407,0.6342211779621543,1.2557081891893138,3.981933843943181,2.0198255204809934,2.698210622920645,0.3481758692331318,4.640417803486877,5.790642015211601,1.0898519194488556,3.8195830847224066,0.38142550749432913,0.26400947945379366,2.1849743644628794,0.26050236612761757,1.6285557078654742,0.5719794034475865,1.2151664897105685,3.475708183198347,2.0787425432012525,0.49514080941450644,0.9810648731861196,0.46918839524351297,0.5062797100784076,0.3043765717987037,1.7073543355371035,0.8006544427217501,3.404713208500873,1.3537053196830415,0.1658420932263165,0.7564463514031052,0.5190768103409878,0.41451687223595,0.48202817783518237,2.5111634878176394,0.4261489764739905,1.1542005698438622,0.18016924597880202,0.8278376655557795,0.5709176508127833,6.8293551369482675,4.754313411987473,0.5527291401149763,0.5930368818842084,0.7499996817607624,2.6814593988670987,1.6855082917986155,1.0320959621105326,0.7185257387704156,0.13998320638047934,1.106442472267398,0.05498573089517578,0.4883839324548891,0.8511209567985971,0.055743499430311955,11.0263756287049,1.0183299464816074,0.22184371848717443,1.7225945157925087,1.0257450415259575,0.5705395936573279,1.052203422687731,6.234906594161343,1.611258161730428,0.30280174716727926,1.0736979148983283,1.9380033410723547,0.43383317760749684,2.5610185880260192,0.9615880379961306,1.0856554202406268,0.34702734338626073,0.58680688690726,4.128756569761444,2.059931755726511,2.292975655984767,2.674943834551554,0.26366798505912126,1.5315096133087782,0.9688799017255866,3.1567689995646524,0.3095231204811215,0.9854933436451878,5.5525466400540875,2.8145845699582903,3.5814281056366375,1.1677736878479696,8.19683711719579,0.17755694966901991,0.5431837065909697,2.901819222462332,4.398843845632996,1.7557734820258424,2.221878489330693,0.5629186075720984,1.5433874889993402,9.094272354472684,3.174312948964496,0.21629656679906173,4.557483908716552,1.1601287214521854,3.911666541034135,5.097363998052276,5.43538066730471,5.520610424184651,9.144671511653653,4.553972260253727,1.2133243901590123,1.972125246055259,0.448017045877374,0.32906876606183566,0.4320533705676606,0.8196757784376335,0.07921242472456225,0.0447249284477107,5.216246994407102,1.6614738691928883,0.7816281593850939,3.2673571144596654,0.028750970355640504,0.1355760186868955,0.6490280655446532,2.708384639153177,0.48830208056979907,1.650286502987795,0.6155849663381466,1.1763885721676512,0.69830499009057,2.2095374754212447,2.2659797980802674,0.7493402354758812,1.9895267072977312,0.14098597592603157,2.264855016250931,0.719966977244981,2.7266102581966267,8.785632855193679,1.1542228901060174,0.22376674647734673,0.9036242485520437,0.46833418380415237,1.3422675466077272,2.3231232074006294,3.930583325759479,0.07726738394067512,13.519653175531175,0.5740851362383639,2.8598231402232894,4.426096417277925,1.7993304903052925,1.4273790098930488,5.196672006416282,0.2968782383689299,0.16966661715011278,2.2359722475343555,4.1609090175124965,0.630197644222025,0.22615471736075676,1.4492338523051689,0.7742106897834399,2.6335496676225985,1.4378280808912742,3.4091694454855315,0.33169694201776,2.3463668160587368,1.7828917061555853,0.2814666399586605,0.7279753146098,1.04970774832602,3.7628972685007627,0.6629407767164248,0.7949185713728002,0.37791780713344947,2.4993571604861056,1.0928809192772722,0.15234085109397766,4.410545963113071,1.8158640269232256,0.3306579536245149,1.0272787539797616,3.159749491693903,0.46567672726783593,0.033878808131676985,0.8856337577306703,12.393345379166774,9.662472183037316,0.32316875668403044,1.0673529501610455,0.21567764424039382,2.6593020776195226,0.4060581635099827,1.5853675338039908,0.3476456846542737,2.8066072303162475,0.4952907098068682,0.9071922965297369,0.2756435308819114,1.6894969208687867,2.545806098639322,6.236014482957576,4.126409517115728,2.6886959767417324,0.992727156046868,2.589520158142395,11.087689574705024,1.9928961264692744,3.404724253522481,0.6528300563751603,1.8166380369637043,0.951018668309415,5.015267343653268,0.4606808396116562,1.818523172397315,0.5576618145405732,0.7279404994098684,0.1667839932038715,0.5090585010124951,0.8727951659037638,5.379381817832447,7.083213647418569,3.469757250038803,3.260009778045958,1.179474536521136,0.11547680268005056,0.19378651461573004,0.5900435039137399,0.21620634887692536,1.4266197476567029,0.2223179140597753,0.23592804057673344,0.4232544730554153,2.270354661141419,0.08371346650749156,0.4875893754918783,2.6002666546107536,0.5662629721927626,0.23997692295676654,2.694008396442519,3.02898081324965,1.325555223119328,6.085056930369346,0.18829743072139404,7.630998179283805,1.8454025249795563,0.40169497865577863,2.59656748092664,10.754635118982334,4.682365044838495,1.023645445127818,4.674027723196346,1.4189106902111799,1.200278611808663,1.840210027377706,4.511167664648014,2.7576522421952205,0.2704443463061643,1.2563384563802376,5.981190176341163,4.168527954796411,7.12960458510895,5.789412598052532,1.8220311587073779,0.22919096380611714,1.3228565907221328,0.2527411306913563,4.39390178179772,4.0839976215805285,0.5606232893194294,6.368413156316146,1.072281033485765,1.7553963008522135,0.9795657332137824,1.0724704253390778,5.390380494719841,0.3209814505133004,0.6947646827129867,0.4885920012196674,0.5878632578685286,0.10997262159357857,1.0066237860118787,1.0151746865755764,6.956221833479658,2.9896387383138867,0.3678214799041528,0.8084938850930152,1.610437943196456,0.6340366933310486,2.1663334269963417,0.6967296761086086,4.334739985112604,5.20231021138339,0.7249278430555585,5.222441507274904,0.817966051500143,1.4022719307041664,0.8520741573322081,1.3392424416051016,0.2997163828070537,0.8457758949324106,2.546522057023769,11.700191601410092,0.3402606602504503,0.18810927788776544,0.7233240662806808,3.1119239851437275,0.18073950803217503,1.3474245290369251,0.24142283717896007,4.005534687081979,0.6263577080698206,1.1630304072248965,1.107222226419712,4.324399420763068,1.5738792509462711,1.004468213540274,0.4575593545680088,2.402887232139782,3.2399259241407092,0.7149355301552502,1.1558375419011264,0.6448715680546311,0.5070405378328227,3.2577838110459068,0.16159268897316093,0.19499932203409687,0.3085220780379644,2.49816649816021,0.14944162918098547,0.9883758758230581,4.077023633750716,2.5368010121080733,1.0944882094930701,0.32952411024002326,0.5764430692868987,0.6451985662682866,2.9877252600699187,0.4894877193994249,0.923538994532209,0.6128818367877056,0.07855832345803959,2.2671446595721183,0.16166253350451498,5.0610164291321,1.591537819984852,0.3457435282671697,0.10548325447748574,0.2671379228739199,0.6329381653938511,5.009212481840501,2.294165787350945,10.152221181962442,8.622785501820898,3.563636953194385,1.2800495184247669,0.23492649799985488,2.8760243206422533,3.343924270412592,2.2649713228742288,0.747715914774141,0.47618290401988994,0.1505910263535286,0.5731424547296091,0.04396184556565785,3.7990787459050175,0.5713228522112797,0.5459707067339936,0.9437664944562552,2.79726406724624,0.31012610621822323
"((0, 1), (3, 0))",0.5685356748577934,0.18263243966122844,1.2560512303516949,2.865660549261439,1.4827059105644773,0.20836352438544647,2.92661565912032,0.522994273096308,3.44067772387986,0.7807081889387554,0.6353331362403414,0.1572004985809699,4.774008342011491,1.4581563095066428,0.3939059265671718,0.23996549059603733,1.6730983388661271,1.0989907689267593,0.9118204570503425,1.7350942086708971,2.7431885629700483,0.6973637444957324,2.1611978413331796,3.5283185538460007,1.0581539318464923,3.6049545026114322,0.6666738526642599,6.068581525036567,3.814817085121196,0.008240561019261294,2.607159266326222,2.343530343925882,0.05271916449651748,1.1509242513660534,1.9502779881790708,0.04723272087088137,3.1088735840352824,0.7862977259729778,1.6176734917572908,1.3154858828597567,3.6048409589886257,4.044077547477296,0.003326260369055589,7.326744396173927,1.7726087139198015,2.9366838167254556,6.885400743273256,1.4876005707997293,0.16874091214114073,0.21983351352457886,0.46370847462379766,2.3560649931042925,1.4775134099337421,0.4606716434328888,0.06298158318476066,0.3199324435106998,0.760157371742717,1.0056606984488567,1.3695901559070416,0.09673147793703585,1.328111821991679,0.9724297806796771,1.5948123486987487,0.5317554827610691,0.6009541809710428,0.29611014621454634,0.021473991627677158,1.9946383240437138,2.9309643275786454,0.832889005612375,1.1363257005171135,3.877296708266581,1.8553681369017763,1.21969753125003,4.576356901359215,0.13082469441594746,2.192429030988246,0.7411132778853013,0.5036246117693985,2.198613611410736,1.0646930802181647,1.4298312952313532,5.866048195083849,2.962065574163697,0.24693661618055351,4.288372262605036,0.21484488447993855,0.7411077417131331,1.3101259619274421,0.2555844729288337,4.440243751138775,0.587330044556218,0.4072827885161998,2.5679601694635306,1.1182293357245665,5.4674469211230505,0.02005906153478687,3.4311752050098865,0.011262799164042603,1.3907297753317014,0.13111543463449093,0.8983624024796653,2.2419018903769836,0.6637224052802111,0.055986184525860905,2.5394261493295796,0.30426023896666177,5.745205434003948,1.0794068192337927,0.5246767899774961,2.684338667099641,0.4380894389726395,1.6433964939645156,0.4645087485697368,1.394068256219901,0.2506239056605808,1.699763023964803,0.5934827085625055,0.706195615889492,0.5593411210343873,2.1697242072144354,2.93832815146092,2.524735425271623,4.222410910552405,0.6794403925745771,0.8297057717931415,2.875072209745512,0.21834729099983896,4.708320713811122,1.5783321530081018,0.0776726884341361,2.498692955169682,6.413518544311417,1.3846740914950244,9.754520559697653,1.3399555853794975,2.504662788941434,0.019206629913525064,0.021650315079321913,6.075738779053414,2.7915706598811436,0.7191054605969218,1.209979133289274,0.01281420755222068,1.5478991586652433,0.48009712744142785,0.05103570576627181,0.3142456313032218,2.685558063016225,2.6169425603398353,1.3317730948626272,2.457943369459344,4.901697516327581,2.686814610342986,2.508576667980142,1.0410542598063361,3.4482873707110633,0.11627345980064607,5.697301383538153,1.7772588137675696,0.9914959013438569,0.32191573744034674,3.2781426349577334,4.478016105456931,0.0048393963547304075,0.14335285222242566,1.0335580411412661,4.345374296812622,2.9402174538004884,2.6401404105724495,3.2121942745752277,0.40882316111476213,0.43054667935101487,2.2436514814895374,0.46593593979582715,5.0987965383898075,5.068626979000262,0.5490326813838776,0.4543761840970459,1.4986589757769915,0.28113991036907526,3.1676731836250425,1.3101290560925256,0.10131054502093306,0.6467271608733363,5.585122554011698,0.2206011621538284,0.35916346114959374,0.5609867590763487,1.7812335768965042,0.6570182578769987,1.200522334900068,0.5933042944775149,0.7300844552125398,2.5822976768129613,2.7268857650469402,1.9129498348904717,2.1887209118010866,4.3688299676620925,2.34185611699282,0.7436065715292779,0.3548247113435343,8.730906252147406,0.08433994682196588,0.5663222735418195,5.400825472950649,0.02568535332354105,3.133505837834155,0.8872677832072329,0.9143974979117127,2.5694172971102787,2.7711092521666476,0.47678756671564493,8.436426124776954,0.18943524394515077,2.2179853191551864,1.3614713486012366,5.500624403750303,1.3567213402873772,0.09793179115297845,0.7435207834046358,2.5098074071242396,0.2542343381442218,1.2922099467466748,1.3018085366904417,0.14261761509722337,1.0835078631909205,0.8338274517123061,0.565414929171717,6.4604424941811835,1.1024391430206109,0.5137427781510797,4.001381461822789,0.23544747082392192,0.019626674945790595,1.0179087538159084,0.5550353566219448,5.891230171235907,0.14716019623320054,1.3542261634873225,0.45761567572679596,1.0196242885778224,0.2121523532460028,4.767747255324545,0.4756586820896159,3.5431091468455564,0.10661435972196198,1.7606581651212556,0.5551838094195949,5.518037276610875,0.6438158711221416,0.17944754360600612,0.37685034699380526,1.4116150070232591,2.1781931623460706,4.982358238794177,1.492462251297854,0.4016079543848947,1.2109493740713284,0.4317183779219609,0.704387423576263,2.3648605948598016,0.4792594346289718,0.09517939782480589,1.1464217322997603,2.0024104134775493,0.9743249024941885,0.3322038856603866,3.4400287412670094,0.8629034804270685,0.8969675802881651,3.5837856216633437,2.2208087708536897,1.7630507043220816,5.125296634945885,3.146360139128325,2.585461473174343,1.508567976426718,0.5051893497639939,0.9118176182793263,3.6493436640125196,3.9063407287408025,0.7391981015545181,1.3538686228758094,7.443570644069048,1.0202538403740782,1.0431890277073257,2.809841036125701,1.4691977410795796,0.8297840252019539,0.4093775103191568,1.7204497123280627,4.956053875855448,0.17199306656605895,0.014368309411121771,0.05674298336258121,0.3320140280692283,4.57442445192064,0.2581616165769973,0.05720332069909695,7.1325294608588425,0.02927209608868031,0.14888440307893003,0.9310375075229844,0.14989039741154409,3.5032087441020687,1.3002813588608386,3.7829638014011095,4.4542558879851395,1.600287881669015,0.289702966147138,0.031889780249329425,3.6888599882987836,1.2841000349785043,4.9332685241958405,1.9721771790455866,1.8048184853215794,2.5083174092680682,0.154458091192323,2.2190700974256794,0.5059153896531488,5.811302380805287,8.660383878148764,1.7385260024538542,0.21974813419923778,0.1458704951614389,0.19315388638806152,0.03407183800919,1.5189013595251732,2.4695841382847723,1.6717075018108531,7.935551331358328,0.5943874288452468,3.302324253859507,0.5085491721203923,2.0562177798225227,1.2176640159518546,5.129646076436778,0.7291953529041444,0.9021983142551933,2.1551812847877967,6.493833609190389,5.607637599039745,0.17759626651745108,0.1995449436331893,0.8816806493518012,6.271999641113054,0.017193845316769263,2.510715723748643,0.6593670578200703,2.218064020743708,0.6855930153349146,1.2301845183506233,1.7866151679645146,5.4839915808153625,0.01973462140975535,0.7359919949097282,1.2963997483933891,0.9274388734937585,1.3383402308508625,0.36487883010968214,0.9242787113013924,5.954665385257329,0.9344017926407444,4.124637406471919,1.4736057991522031,4.398350363008435,5.639176534646355,0.24714402779210531,0.42043883558048334,0.8559559644941195,0.2816394496846375,0.262163954711236,1.2779335047979825,1.054100784951971,1.5088165472658193,1.3739625145082721,7.3651469613635765,3.6367416149673937,0.4240732955577262,0.53937805312591,1.7103871325467734,2.908017293161476,2.8717273758392228,3.8952008431420095,0.7000350355291238,0.5530324444543995,2.223271188532984,0.005878601495007629,4.0256431296401916,0.7450968396181836,1.7942969620345384,4.102863931518304,2.7312156349008934,0.91154029220235,0.15685583614162635,1.9497842357929793,0.2838925498424909,1.431708255242109,0.06846920834028047,4.830783862417267,5.359118600621251,1.4470418009631794,2.1968241898896506,0.05247162970304253,3.3945551524898048,3.3906702617048032,1.7846066484149463,0.4783366228259931,2.0836613980332004,0.46578396130496813,0.38894424221330937,1.000484260248606,0.03714202496712771,0.19855486692386926,0.7183845572314846,3.1252585712331085,5.224787265275157,1.8748621673645833,1.9039449727785653,0.6967408955232208,0.052813371072159665,0.2409270893492419,0.9372770910910724,2.668060015336982,12.820372055315651,5.526840993702806,0.1970639027792891,0.8921298885663691,0.8656600248506878,2.7067570318784204,1.2806320391683639,0.6214095969252063,1.5836913329112647,2.6430445119830246,0.9988233790868919,4.8040616722230105,3.7035637077231183,3.1693405962441616,1.943850278154378,2.5578098543012864,0.08615418536243435,0.21640878633793426,2.945585486744336,2.27038819909816,2.9118149926283867,1.1685039140095732,5.988703359255059,0.7765727914396909,2.079578964756631,0.3924994922003906,0.3903132212896292,3.326266664146318,4.915153697940627,2.8969291636581307,2.960174727602141,2.528463709474582,0.5110218702961092,0.14608021436909113,1.5720124232669055,1.2204192126825095,4.064381246264428,1.096953843629639,1.2006073357407812,3.673437706205813,3.8232486742910723,0.0093506493255196,0.824060818096811,0.2248236186821373,12.804617855789896,1.3606924302980072,2.081258407498047,0.10883159855188329,1.1702094319828338,0.6394483053645477,0.8713376813995183,0.24122261851587146,0.022906120422737875,0.30854413162897176,4.897672607296322,0.34470592825077484,1.202890291764865,0.9310487280255693,0.026651941852049,3.8423443827406194,0.07580829067338035,2.8596469085637795,6.851068628212092,1.4054248873978326,0.5698649896461199,5.7738445190855785,3.2421917568765126,4.85524646740593,12.113430588406606,1.8757210943018774,1.680244107740052,0.29195152692724813,1.8267000770342863,2.069373181374548,0.4221521657893188,0.36941267633087005,1.3628122428232234,6.085281212332197,0.6676040279231881,5.073103173539147,1.0466392060560872,2.014603682482055,2.595671859416276,1.886444598988793,1.243022477251803,0.0419237088798754,3.4215870671960413,0.007804680862053992,1.252112333861544,4.613214888781022,0.8384099981093227,0.13934584958113394,2.392861134529279,0.6200357324156074,0.2674081834785733,1.3378043247318065,3.6323193477464355,16.125926389567343,7.079458042483974,1.3072245777693752,1.317798385064483,8.148162923212922,5.390265570812973,2.222683174719752,0.9179432355922317,0.8017200488636531,3.796754602251477,0.9889701685107635,0.5893710995135217,0.49250570410274874,2.4319109737164557,2.67364520384971,1.0544269859915851,1.2394488334983045,0.3657988306263782,0.021858994632706685,1.4625804975971728,0.2658254631281308,0.108687728752205,4.366017073249108,1.4336210299986571,0.37566068994205526,1.2367372975420614,1.9053219941355335,2.0298052761688052,5.068562572219601,3.262820933137987,1.0855636585251958,3.5758703070526057,0.11790076347729483,8.536653542248741,0.274623487708508,0.20912120760262431,0.7960419030253629,1.352911571991854,5.26341023914023,3.524552038237954,1.0583026304243082,8.60894021206407,0.5465061502421258,1.6416340176799422,1.6598904324794974,0.484244661168726,1.8888639692372042,0.4106997562941421,0.05211484991226456,3.8305300799324242,1.5827980270741793,4.524103397537477,4.601364887581929,9.787263085154947,1.8789218860373051,1.361964739519053,5.752904899189658,6.821918119817724,0.6885147257313058,2.1376303163498087,0.3115267219452116,5.159921935735149,0.7226339543019424,0.33218891199778544,3.920832036618734,0.5961148383168999,2.1387765143270148,3.2728613744222996,1.330374339846558,0.030854593261939622,3.3567709876245493,0.19105210036142273,3.003245347400131,1.8936773810379472,0.8903262905323408,0.8741359146338663,0.6097292496639733,0.1365395543069332,1.893023682875809,1.384584565094959,5.648277007622906,3.942389243729452,13.247746443730268,5.9732370103324,2.040490442644945,0.09038010571467647,4.531091448488241,1.0140068829249147,1.6963587556885749,2.126269173170491,0.6055077557491444,0.9923750934973081,0.0629857932012603,1.0234296797919937,1.6554443473058373,1.823998540180763,7.58118984765625,0.07553737665402593,2.739079910593215,5.9420153271716885,2.3553513957127694,2.5947963113604784,3.7145276899791315,1.1508707124398736,1.3403254285387867,1.6174995964772414,2.1471672082854463,0.4635277699882636,0.2629006705015473,2.032043205940395,1.2788356587039553,1.7628103580580166,3.655142029834885,1.009016969237324,0.6790914007615212,0.32744308402798783,1.2248010677582082,5.214732087391647,0.7867230844297666,0.349160444762213,2.853701524676328,2.2516709033804365,2.0460498876780555,1.937243249509057,0.01483377479718384,1.0560250005464091,5.958088738479153,4.959051065296206,1.6386142898846563,0.32893744370862166,2.665443356291293,4.163103837462169,1.0204300865867708,0.03700165026250979,0.6205238447572778,1.147889615877451,1.8999945756553132,0.9246137450722882,0.1400084377954267,3.171284877278402,0.22289063368225914,5.630666724131336,1.0787501909273947,1.017256748055555,0.35592309337295425,1.4171741870359535,1.9619411192100125,0.10441486914163889,0.7679790879854733,1.8586345001735616,0.2593894012603406,4.868238372860608,0.3098821661357145,5.813192525320273,0.43470814765517707,1.3441748457887335,14.024109670686931,3.3443107097474036,1.3971399938889135,0.12008727559837151,1.5996580627914443,1.2819225596148374,0.0618791638178533,1.8666855889746659,1.1137224339124503,0.018198847270547547,4.241701697938066,0.0004601834023805207,4.1832040795216745,0.8897007465486342,6.400267709643725,1.3034766971263876,1.2318793542822606,1.4722161557837254,0.9719733391818339,1.5151580015382453,1.8325834003784491,0.12880491256933624,1.3408606925775308,0.06249254148652417,3.368040917075847,3.604740107551517,1.5108506617509794,0.5213197969266989,4.301673253575405,1.679303736931092,1.4278952675468846,6.405959172619399,3.5527805330199755,3.876926920408766,0.5102843179884369,3.1910177310645182,2.1810498801375893,6.699118104984378,8.201224747701986,2.7230284154264037,2.6843828560589547,2.3077278936237615,2.610338002141506,1.769163965982484,0.3990157450995744,0.5067802796836893,13.609262441138217,1.1075501328456059,1.0316617518568685,0.2745684744474217,1.0704053061110432,4.293364429768096,0.9476318952268223,0.7462786040212417,3.8791538484143353,11.360545903687024,0.8511069719201911,4.563485992554996,0.43571103686305934,0.5684369105380307,0.27971013164976477,6.593919510514239,0.16860386381841275,1.2205302191130962,3.138162047908958,0.11773333819050702,2.816788370107167,0.7347543526513611,1.9499384606288455,3.117179548745394,4.982419809768502,0.8293039157737188,3.8876867025249604,0.6918485857660435,0.6234669306483231,0.5442771386031237,1.8505408900209401,0.955440926602755,1.0988612412605265,1.0102398334362541,0.5277386249644793,0.1990637549216352,1.8571282739047041,0.5958879963679831,0.7670039376511077,2.94284507851492,1.5882240591159222,1.1518647064207195,0.4447513361595714,6.163919078810711,0.6750575545622959,0.6802627874022052,2.4484426899111,5.136360987743544,3.4104495201668033,0.13223968011445852,0.6476542546289128,4.529819922706528,4.133029393180899,0.7726482883399008,6.681528914145083,0.16623593220684008,0.1995843536681362,0.45247762619378484,0.030296582406561967,1.2446032629707728,2.6353030410626186,0.5960860734124753,2.077605550805845,4.5946330754146185,0.5183570140371767,2.5654437491144537,0.02896645351241922,0.07378783884241669,2.9097475724493864,0.2934485821221148,0.1313008573091432,0.6353549191846438,2.6874813812020277,0.8886834950232574,0.7644503713444162,0.06494183245532359,1.391924662071999,0.0386281019043766,0.2912535372749039,0.7174749473141171,1.0774539257259237,0.13677303851565004,4.903765044210975,0.08973132793396488,0.9598002431836385,1.012650820968516,0.15522442724209318,1.8200532242902212,7.156251785842679,1.375977202333723,5.4881039294681155,1.3682710568655851,4.728294741711774,3.1809601870165567,0.8418063528292342,2.796949291982185,0.5723044989161878,4.07029922357475,1.5081760041337637,5.588137476811464,0.25686602026821914,1.4396646831397621,12.10865109268233,0.46619309335703585,0.7899506068427486,2.663064105977277,0.4848847626629643,0.5612064638559656,0.9691830459254045,4.085780364810152,8.75001429965739,0.8094028956679034,0.4661363445700917,1.3204252590772145,1.8889467441174457,0.5483272532463355,3.489939395972537,4.746772033965333,2.1492356110914472,3.952312283764525,0.9559236093058514,0.1706170412226662,2.5579874404879677,0.13523789890664162,1.402766015615864,6.652690060034669,0.9552835794159609,0.1400075408902176,0.15098880592723152,0.06598359220265981,3.231467267820798,0.36809192772453114,0.3842909244775985,0.5489671743439222,2.5999318212234575,1.2676072873886852,4.67249213881761,0.6811680038018153,0.10683096283200522,0.10782919531997237,0.6861708501546939,7.769379991438351,1.3334624304905565,0.6524017084162299,0.6404802038243145,0.9882344473723843,0.9973849925020817,1.565077370540826,5.399982983235168,0.3472313985436427,0.37226864420215366,1.289086123978342,0.8385668694116504,1.2530877189723393,0.003045927299398954,0.09714991184174337,9.840783260653259,1.6017651523833896,0.2961275521823139,2.1025080921887622,0.5122448031536853,1.574064517791197,0.03857679614243825,0.5308649665052387,0.2895414189341381,2.712122669642035,4.401328477758955,0.585466183837938,0.13084539555216768,1.6839200571163744,3.6130340954509004,4.69336887827419,5.542953351426434,0.0860196236854045,0.07535072671730125,0.5144366741476897,0.103926900943482,0.4938942429373669,6.938527557319103,0.19136412744496134,0.1659133277348981,14.37238635475779,0.45093362495382516,0.12571901800593155,2.7901483170599475,3.276972169116252,6.244650931486779,0.43521592059521264,2.3410561949212756,7.479590129375642,0.20225083276390554,2.751315238097807,0.26656178967035693,1.8483650433581003,4.826511584382852,0.8186033732584685,0.05712678062735499,0.7681156102674755,0.6808419766920366,4.7088070410862395,0.27673872834003355,0.40640814356348964,1.1631172759556998,1.8386208965145467,4.119638401479339,0.5916861152456989,0.4267210685745486,0.1165155411381833,1.5194646426069827,6.671817774385229,6.686718170221109,8.746518036180598,0.32329464475447844,1.0205748329651294,9.497992995932904,2.460316687967111,1.3285339174069764,2.5328689441712964,0.4612275315353638,0.7675446589951145,5.192104936135637,0.372636752376289,4.560132992246354,3.788192448490314,3.8668722347637323,9.511148366341208,1.0355172890769224,0.4766237085081909,1.1847448646851824,1.6527720440306743,3.5391735481526707,4.35424467965829,1.1948299458588163,0.8085106110716351,5.069691875890506,0.20284462324321306,1.722298562115527,1.898906796850811,1.9850331055476553,3.573292716200996,1.3091521755955329,3.6709239424859756,0.08798608482579917,1.7210114398242986,1.0037445272687862,0.34600931668824764,1.364249671704191,0.32907822250620855,2.52005954210248,2.831673780461113,5.634305285460826,7.142046323092391,2.0439373288824467,0.006302841160553907,5.447133718241507,6.9904942710313875,0.7928218266956888,4.417340321203858,0.8065928471675736,3.9999219195965345,8.07042620072277,1.4716682792680569,1.033463497264338,7.280966766991165,0.35556398720417937,0.6753835768384482,12.290915149697957,2.209001324148952,0.6433799619080633,10.173008591858244,2.0185008125493926,0.2005778042543942,3.235783024787576,0.7590027579303245,0.9084669745560308,2.791798386217511,4.137832746239462,2.199998275510316,5.072483905125266,2.305868281957378,1.3879159536753658,0.5110290314879771,1.0034567663655865,1.3426861443819929,1.5810274917834162,0.3596539102614471,2.1573059718900973,1.3194302588791404,3.6450143308158514,1.7244279963249178,3.5280671676969666,1.5640163505144957,1.6885004261872498,1.6166718997932656,0.1691035191095578,2.338142290784921,0.018241402142394447,0.5766977353571869,6.6288573675819045,4.747751381806488,1.3131063867133825,0.35880332617967703,4.038515061194868,0.5306402678072937,1.2830921276218978,4.832374062558365,3.3776642398556316,1.645674762153695,0.3439660877695814,0.898008832241389,4.982279148154108,1.7565492507158726,3.467480442386937,0.7119505082715598,0.15974771509284258,0.3745838124818155,0.0016447625858866388,2.4613383631759973,1.096628396744796,3.501730609984687,0.7241402851444092,5.614442489424645,2.681491117566897,7.1583726098831955,2.311615172715944,0.7815463235547222,1.0073477125064516,0.722724861819474,3.4090780260432894,0.08902091079764851,9.381939052959337,0.2881006289335355,2.5296367923657477,0.6196145910931472,1.377646924236596,3.1367955189882406,0.7316571262008651,1.6181113466188755,0.17386458726111353,0.3964107500595784,0.6433043450399492,0.7027904239825542,4.944174521754236,1.1766237886997244,1.5584463330262945,2.191813684765963,2.759562400432316,0.8157221642138051,2.372687446630369,1.9674590767155933,0.8776330406250965,0.6330143802303172,0.3265803133372063,0.6104695776748759,12.388327602502546,0.08480237813009595,6.93786990327579,0.09432685796162321,13.53622672403419,0.6161712869688734,0.5569099274556947,0.44914899183453816,0.19071710929902652,1.6304396634988807,3.437916292365319,0.526527412419763,8.323621209343392,1.1850705582138201,0.6738002019962637,0.23157195313557688,0.2118023729242562,2.10936272795676,4.108100887286374,0.17460787602840688,0.8119760045907172,0.7069001287751078,0.4994411568240995,0.30941560458301587,0.4975755864715996,0.8846609963632581,3.503264018926715,0.8270711649308582,1.0588719479271536,0.37403834635158795,2.059140377907589,7.289579708200085,3.0042471641949255,0.40799558073346365,0.015307877703723882,1.9881028376117156,4.643302662178668,3.6521749916927977,0.7330290524815375,2.001049999367197,0.23389260404086043,5.603533143344297,1.7605750344210307,4.308587050340126,1.543814017507307,0.6834829762328585,1.6927060717195905,0.11207842140207536,7.278913274137077,0.10917195479150132,0.4206213113821004,0.6187360761992104,0.8459881918798136,0.9432849962426014,3.251551516690773,1.9071922735055384,0.34726362031451674,0.738590095178592,9.495888573659887,1.7862544062690442,4.902165811149659,0.33806418750358036,6.71964941668803,1.7693704394406793,1.1795186530017443,8.948914370846948,13.792576111981797,0.969241540047916,5.224916010051987,4.544054858719222,0.570134418059796,1.064736225600547,3.4944993789709016,0.9623750499852685,2.323367379967187,1.158872548518243,0.10822943436430799,1.0009047621099851,1.115931331147969,0.3439663709245619,0.26138899500376445,1.7907717249135195,0.2718731143593702,3.512268052247437,0.5454484190379718,0.15934227130697554,10.41812471247826,1.7315628407280346,7.499856317722368,0.7395752788702925,6.231208441810192,1.4148491505753173,3.1126168115239454,6.24296457814128,1.3403826150554938,0.6386377836670376,2.285909234220589,2.6195902946302816,0.9560378060049604,1.9310872814548117,1.1976733060544238,9.522757652257182,0.9252738950796007,0.8349490390641927,2.636165128534533,5.360597511507235,1.2957257282788621,3.4914397302014515,2.330545895874229,3.135122493759364,0.42970379658992,1.304699247616591,6.977964549389893,0.36829081707117095,0.47629422819583156,0.47053153458430685,0.27661582032447907,2.262459563429061,2.2442465185166025,1.7008440769023374,0.5655688358416375,2.785389078255188,6.072489408126231,2.2795950476773097,1.2161656260121845,0.37203426041175724,0.22829910746365956,0.2169770917229129,1.5637828877614284,0.5350675974636179,9.781536677708662,3.025202146580601,0.44005878390756803,0.551181139328782,2.4440138123759194,0.24073512228055716,0.906849744938794,1.7543115723994405,5.343985843889377,0.08758047855142315,6.800118458682152,0.2010746132023049,0.8962857528251722,0.2513900618262537,0.543357838199793,0.22228873447308506,6.110732647740857,0.019212048002566595,1.1282923855000662,1.4728641120829262,1.2655291218761193,5.01765191766949,1.0952228412906206,3.9881961523208167,0.2713138126176369,2.041503045458258,2.634554866286804,2.9152733024914355,2.844489759138336,0.801023390738564,0.5826788583616889,4.701017092886119,2.9045755279459855,0.9962550435633233,3.6434811197112515,0.717265127862234,2.4475120770367313,0.18521560615503052,0.4078533537211706,3.197812893325153,3.006998981441181,3.0559294738068026,1.3051066594279044,2.7821920299663665,0.5041469633258173,0.99801749572394,2.086240106610995,3.373389583765273,0.9536313637604494,9.983535745175505,0.9140983898035715,1.4911185000538492,1.9595452522604386,2.6177807157848108,0.1935611494984193,0.6897494677808353,0.18678193965602397,3.8016747686342702,1.2867377956860624,0.7229360116905008,3.6626994530907306,1.7552280549298525,1.3363282400130352,3.7566794069919602,4.305772171215695,0.7277045523488503,11.929890169062864,2.2434984515604808,2.07239153214769,0.1383071158104113,0.40007815198674157,2.932879635212859,0.0937358766312908,0.6142704414110196,0.16558925779200795,0.22114017664849417,4.60723924407428,5.036104396917868,0.023898238910032843,2.295507084382589,9.044876632122824,4.166371918499776,0.3724548738944269,1.5037836228800052,2.7206600046588703,0.7573523205029111,1.2532749308313553,0.2286420362317263,3.894277963222116,0.22310607030681662,1.1974621919128445,0.627536580009981,6.515041273347167,0.3683828707643477,3.2652209102785883,1.3161052819745729,2.9545836042974933,5.053797981289263,1.7174086995992734,1.9200784627162357,0.5424190183751603,1.4592418162611913,5.161012703872527,1.0206628707348706,5.022398708429076,0.4825517698328874,1.690261001676833,0.6564973339568121,0.16644479396194445,2.1114198557480837,0.4939927389730925,0.42537526226987676,0.6005357966812488,0.9134528482974495,1.0957286172939709,0.37627239228357734,3.4474484969430694,0.369131263602803,1.4664032952396395,0.10737800906289685,3.6929503102484675,2.3718799233481773,0.7067953500969804,0.05801272696522641,2.800771718845118,3.5171929976363696,1.440265283029593,0.39702148907022794,0.830938121515399,0.3811921534838275,2.342781572887498,2.645078590648981,3.6844951307086764,0.6550560535248686,0.673930525788859,1.8754904498095346,4.993884280629619,0.5184564787755299,1.1887328314336842,3.3163990748436714,2.313416446844532,1.0634948643250757,1.029716191889864,0.7082076313738387,2.6224812910468023,3.881849537603656,0.8796177538357416,0.11231570596728968,0.11360531820857522,0.7551768981578562,3.9323745569923694,0.4038465580399637,0.21347981167448182,2.1109727202661386,0.13891117420523136,3.4799685444319737,1.5283508801678902,0.5012772353015018,0.05664490796126409,6.118882453204129,3.2146194741943406,2.066700282693208,1.8466044650237992,0.1909675109839586,1.985008226148432,1.7497189408283338,3.8836121446689393,0.9984976767988204,5.628488326852167,0.48177675732091113,0.4178035751374374,1.9069987762109062,0.04107386139727098,5.2473628937402665,0.8853611815312523,0.9015868101605204,0.06450968407058211,0.2012508384562457,6.216679507540572,0.19455794326443687,2.650048850466039,0.6263262017847353,3.395089270898252,0.5438885906726123,0.6255478647439618,1.581848682741302,16.490550627586558,1.6293375500597862,4.890890148373479,10.13734131554035,1.096035661804282,0.49032519739123614,0.37689733323487573,0.3575329658899058,0.7866632453935232,0.18890428710453255,0.6105916970166064,0.6603124101315563,0.09618659687371167,0.5898000344127774,0.3072317112895103,0.4387504766312613,0.7945036086762194,0.3455558183449585,3.7921066614655903,1.1174462693362464,2.415204642227167,3.595372070378625,1.83866927220276,2.6055683799083083,0.2400018184642736,0.06083058802046004,0.7801993876531514,3.142306016954996,0.5204134890754797,5.801281081898519,0.6115286024857622,8.046825626808054,1.936500416368451,6.800463733536456,0.31654246304157363,7.101112474713844,0.9782931601794442,5.747110649554934,1.6330282978487483,0.8984439273013713,6.163841166028274,0.20218674906831602,1.2700925061468906,1.3968796381904565,0.28550385914645005,0.48029794670538706,0.7404799397585158,1.480324524161844,1.5762607951923098,1.4703215571885924,5.209101914865142,0.09931727052382344,0.05678709498018336,2.6617986288292976,4.347950668843644,1.1213929479902411,0.37856361927346754,0.15975014661340614,0.1689769596158328,1.3369125202503436,0.43020256076788055,1.2553615282981747,2.2653996501346407,2.3721059917007397,4.908513118523091,2.918067298517609,1.3344160725769243,1.0227275966484644,0.8514998640347273,2.0027657124679017,2.6555359955403395,0.7094043250829559,1.9590966527256488,4.844318016845192,0.2849186946578881,0.7576458488680451,0.14173160779356753,4.404959678835839,2.338333198404318,2.681429120075415,0.673256851788948,6.625600472728789,1.0731030330178535,9.685382331496562,9.546575281819553,1.118747166598819,1.5187558389785272,0.41400892039018156,0.2509288244319441,10.371763893584863,0.2784648132051041,1.7783692737485342,5.853068245030132,2.370307038389859,0.7967770456616101,8.749331637744636,0.15458019867308348,4.020591154246525,1.4792706598894902,2.6326042874864903,3.903449933511705,1.7764287948950774,0.16993098372052806,4.504943791128838,1.4208644040862528,5.486687688270769,0.23826291963430268,0.45263402151748444,6.8322856928967175,1.1347537762835604,0.5283355840326172,1.435376407300836,1.673165274449934,0.10457083390717647,0.22417972861682944,2.2944627345880906,4.06135190228877,1.114117824939889,0.2836307082675019,2.0791227708883895,2.5028020504439756,1.0555950618055263,0.4104446978251415,8.649157072033965,1.3502001954000606,0.11175832970122146,0.8461998624221176,1.6002856699427734,3.6876769912763856,1.956843637964371,0.7775402006258771,1.9669502294715993,2.5734275407299507,1.3469614133484717,2.5051079740966795,0.3577324237071813,3.3393628152736134,1.364562543693114,1.8808755015038474,0.7672936455306107,0.0945968397433119,2.6838783173412493,0.21956303597338178,0.23368844312603532,0.6647307836607546,0.026483459655786135,0.5146195574976336,0.4341186980106614,0.769391132033671,4.817728197958525,1.2085438445162284,0.9791783765044386,0.7160693190171803,0.5973095823002234,7.586809115451844,2.2563140491136013,4.9325532297196,5.5129233153270905,3.9914362255673383,1.4322150706643493,0.4930696767847671,0.7246653045139974,1.5421035380892842,5.270318204148956,0.4949813056798449,0.14389986592350457,1.0179619694114108,0.17367538649383807,3.060923992254367,0.3506582751137527,1.837878269903682,1.609881302138586,0.7862078089749047,3.6430202553335502,1.1108598206256113,2.0725332791984825,6.879024532551702,0.10615136773687706,0.3942437311571405,0.8325620878596349,6.486573536922319,3.891850541861962,2.288243337074118,1.8901788712384535,2.605648141598026,2.9567292843512645,5.852884877807006,0.9940222480770313,2.972877296833067,5.244403473701363,3.2793544066407767,2.2340540068340697,0.16746030875905293,0.4180566771447207,1.4688155487619996,3.1086894809844563,1.3819038944391488,7.673329603690979,1.9958546145441045,0.917324503679513,5.518025263384163,0.7902389005750479,0.1930234126550321,0.09606935656241378,4.906400224385303,1.7764578080081401,2.091339884290101,0.26349840477403275,3.9884479892659055,2.0782022586167046,1.910645625151202,1.267739956502937,1.4324667361280565,0.32274842837637685,0.44126662049793963,2.4699185849352627,2.441416259719348,0.002601076582372963,5.396065549403897,0.9399563571708436,0.23420199174540202,0.9062251223978839,0.06853897415162324,6.723314676445946,0.45683867077376794,0.33139973220401586,0.05577030201294875,2.9491832957320807,0.5074350364589055,0.47851447665800306,1.1304417122922206,1.7328267873084435,1.6482906419265348,3.460136369096727,0.40477791451394074,8.555968405984494,0.006552052670046438,0.27287626792908437,0.0911953170632438,3.607918353805596,4.688064466246548,1.105880005881413,0.8258894413998208,0.20384262626714644,2.454111125611587,0.07962132940491418,0.9592789320885244,1.157724290595438,1.8980660825364697,2.54734566108185,10.01802307051436,2.105022288234674,0.9651886195066905,1.3746076943943057,5.808741092667372,6.784613455101063,0.3557130690352288,2.181934273573972,0.9237329819698747,4.469830121367983,0.2837276393719512,0.3025214933050504,4.460696793510448,3.225147395711099,0.23055152325635353,1.3619147247467835,1.4926423813172793,3.064797264964308,2.5946325743343484,0.49334970969265113,8.797767398883327,4.818229837296601,2.642636863931859,7.300998813011918,0.8182459060538894,0.6317802903279913,5.218468951439711,1.474788405264137,3.6924368073561147,0.4529230199484586,1.3582753057992523,1.9871824398356985,1.1508949223241247,2.268751827144187,1.0745159943256886,0.12183407064978202,1.8529602708053403,1.685297109866329,1.2421784394420845,11.098296763432135,0.9983113209814748,3.3523829556755196,2.0337333924132652,2.668700343056307,17.45990969090243,7.055518794936832,4.338826167855075,1.772263883909397,0.8132096262652255,2.8145623118164322,1.855608201555508,1.5639407446382738,7.209370130081123,3.339191907629052,1.0718372522851987,3.129742353247279,0.43977682265577456,0.06631805787750267,0.8304808135602041,0.19801791563790871,2.137367727256336,3.5847837988915927,5.549266578745087,0.6243427301265463,2.06450471056949,0.2724609724031044,1.864161262215844,2.4490304650193755,0.782403099200609,2.041609552250658,3.1837088949421477,0.7210033236429716,1.480294739098845,1.9392279063660736,3.670360495655803,0.33718413305306383,6.019991160070307,2.14330731780778,0.7359850654984482,5.775623457522272,9.462029796465998,0.4686571304252918,0.10573631047608778,0.639550744066512,0.1505925746841401,0.015569276947096533,9.256129917527197,0.8309509408148896,0.46697506453555526,5.3682251833525365,0.9107681335743689,0.7643643946449576,2.0623440200981342,1.5608423805501224,0.8610933280209312,3.615119198948323,0.10859977465657811,1.0017648225567566,3.8666601679456614,7.672686833078368,0.05640247449796054,6.147001589879343,1.2288212187772547,1.9703018067852724,0.015636237908110973,9.162869504035447,3.629435102335304,3.4639785919749624,0.24958392233128818,2.9090972596691467,0.8060271853733962,0.5341666661726727,0.7649354199380554,0.9360176206520361,5.577852828265986,1.821979746564837,1.6883215890707879,2.6650914375714856,0.3805987116131453,8.05926096514574,0.280581083721513,0.0935684532153207,6.05214378389503,0.6631895519120022,0.07603690620146675,3.344177285363634,1.9306029399703832,0.30294338641636276,5.661290550438715,1.526781533686125,0.23778745356489928,1.7630831293124063,3.206003530219128,4.76485526695901,2.177592615612279,5.680929643471355,0.531989113769344,0.27494292798118747,0.21268363580643856,1.369016292080942,0.29684826179138346,1.7389717957465756,0.6484864389549307,2.4953900508835405,0.5320182478918207,0.12488700191397184,3.2725452299705253,1.2582982799756741,0.5051274008146471,2.8790496706408533,4.659687230871497,1.40264911640618,0.54429980257629,0.6850722866100303,1.0776401854674198,0.017216116967493145,1.4287037986005695,0.039109624287214206,2.7568959662680044,6.93379128778697,1.7903220555528307,0.6028587534278418,0.18757083183915157,15.341205749924526,0.6504366148607916,3.592827848178242,5.960905975768143,0.7609592810498025,0.031984105802352225,2.5731807678482506,1.0331225147837484,3.9812213767767695,1.361186819511822,1.5861637254401812,1.158533888685962,0.1291587631157567,0.15036571169212376,0.0030561889575222434,2.754392150698862,5.268216886809505,0.3516285369947534,1.174734368360109,2.5043241109479926,0.28250518278742387,1.4916354638340177,1.870906843220237,5.984379008290068,0.8951177413997313,3.348174022342495,8.554295990618,0.8582796873275251,0.9299215770084062,0.4940653422679806,0.03886249671305486,0.1776652819381539,2.9088583463935356,1.3864767589077291,0.4552406635766517,0.08224512624971991,2.4165992073866756,1.0906020826225746,2.094641261227704,3.0169505504994008,5.788504287871313,0.7734220073542222,2.2988567109995492,1.9728649908377676,1.8697398279665796,1.7641162695388632,2.638941806867746,2.15066762764146,1.0549118697315318,1.008446388216596,3.2046321429215334,2.543484236022594,5.1666873383493765,0.6382797961917153,0.21353980829948993,0.29704176434634455,1.901260191887534,0.9206437312109514,5.008755665869797,0.3400365876063831,0.1562630179844824,0.7447340521173367,1.9226172120958234,2.7950840162512476,0.5645214902301943,2.039637988492487,3.1683498368125855,1.6029147189445458,0.18026970366716744,1.3932695015826195,0.49575676823768333,2.6471616615898625,3.3357663670213453,2.367883912586831,2.1976350132794806,4.817331954113658,3.790405673043551,1.3222040350515636,0.7978455614708879,5.673772382370163,2.433434098394973,0.11787201801619296,1.080183072681856,0.07992219938592848,1.7814211836420655,0.1780100150530015,2.9875390056610054,10.136137507154453,9.133926165753596,2.4276149629063606,4.498168121932565,0.015115960772451753,0.9990753530887342,0.6504696043028133,0.9853713071370029,3.23276256350811,3.938522896437042,0.26676773378303587,2.272817046622564,0.46623813691984517,10.673574903000214,1.4483782244435548,0.846979739812989,1.7620416341153549,1.802537814733964,0.7762415171641577,0.8406977809706146,4.484078452605746,0.0428873822950524,1.1739238360281528,2.1102349140897987,0.2794438001883335,4.517390306800582,0.07348069282254865,7.554761204327109,0.8096551100000999,0.7013119060762953,1.2027251844468214,2.9506245962462834,0.26866050705729094,2.738547310777319,0.997762125756803,0.02981309055755954,2.8739633350186287,1.5210967416461978,0.6389447855169168,0.48995644223598145,10.02801409272569,6.586939626731297,5.643654534968611,2.661397075852257,0.6603767222303145,0.488253575342533,7.979348279594588,2.480513230490532,0.6221978138546129,3.6369874574003402,2.099132656035287,0.0018038783962148752,3.2031881432719786,2.345016618189158,3.588446145818218,0.5906599338981794,0.19209259315802008,1.6276025362480948,2.4519399663728887,0.8195275302252116,6.389352404860663,0.7278438956184499,4.57892948927427,0.04474201969846847,0.515877106102721,1.9804680037431146,1.204263146739315,3.1614154712971048,6.066379419569055,7.269929499778533,0.05648328409612047,3.3448121908087196,0.412394614026248,0.8776461157562039,1.7518721393697794,2.7389116771466044,7.4136787846853345,2.2010728394746595,2.9927406851385117,1.9099141290853225,1.90863895054077,0.04817983658006986,0.5901591000918853,0.40068413159399086,1.3575534025034868,2.9922883754434353,3.927364711293478,4.704156903971972,0.24485700847120406,3.880291034992629,2.146681170647194,0.0028177559864248636,2.8689090183951693,0.042656015814533266,0.4741504070403233,0.025839084978409588,1.184677437099692,5.918482269729205,0.30645490684440135,1.7311466562494102,1.59635259380161,1.407475258812278,1.1558256619125185,2.489360193127961,0.1471094960140542,2.281451875313618,5.616362646984556,5.812852529147137,0.7932160900832912,1.838390800208011,6.42519974611175,2.6803951178053262,0.582003329520612,1.799878701989912,0.57240759624573,2.83874546241579,3.6016016743348596,1.4880083515304268,0.4040424812150276,1.966210689766981,1.8096060357241421,0.31313048545451005,0.44648982876719634,3.6296694940419414,2.942948879649966,0.5691931999790532,4.196046471650114,2.9848420264870743,4.2182412671591845,0.2983814604500664,5.808703034645818,5.142499152095278,2.639529457078127,0.04982839266590178,1.7108792815561302,1.3242240492861201,1.5924647450106746,21.630837274424415,0.5188940174470895,1.8830346454982756,1.0177795854083502,1.2766668653795497,0.35599861587955356,1.5227971808627991,0.016869990932024903,0.37667890948317556,1.283282584839684,0.9196436738845162,1.0708012631542496,1.969379803655996,2.771230991200306,2.7545536239303288,3.288952124816397,2.93027078600633,2.496790700152692,0.7393807447310818,0.027705003136826778,1.814972602003874,0.11107788706724886,4.403871238173901,1.8145142335791058,0.03875052303571458,3.7456886415944575,0.9716976351958511,1.1915849086392416,2.780986579026965,1.3776712532085489,0.7392358843552485,5.053780630639581,0.35993714125814424,0.39869222261505355,4.056744099402038,3.298714925716854,2.2330035629699356,4.492893664431475,0.03270992810684037,0.3773082784213262,0.7910916166790205,3.564012257848551,0.28306462906786045,0.5410251681038307,1.227972462663177,5.75171370640709,4.976867057396292,5.756328104520398,2.328936803592435,0.9734532284769477,0.5802395687856983,0.4507613288747545,1.561083813463748,0.46607271652883675,1.3198797717520905,2.714442381567777,0.19889015741598515,6.933029581459813,0.006819241067614001,3.108694287404254,0.6473017569365798,0.9699053380400737,1.9225278271794322,3.5095328874721785,0.8478581420430362,0.1875458096836713,0.7811713678738452,4.188749875915986,2.9854170309718433,1.1155459226744033,1.9204209058841153,0.6815278396049322,0.241289602770005,0.17365634534179697,0.8263703964860186,0.03571714459434483,2.6173540238642388,1.2943257855311425,1.987377465821527,1.0019856973522985,0.15449465391493633,2.829624089508406,0.4330146873413898,9.727459775540696,5.258975813132535,0.6280653429485037,1.0504183701790462,1.5498806319423557,1.9570563059588344,0.5037786900058732,3.4241742389916903,0.5578803242309776,2.277638581352582,0.2660793494084013,2.4180390556886615,0.42527962570578715,0.6956759137572179,0.3604022304815948,5.371312586413066,2.140078186881208,5.535494907306575,3.6967288608000217,1.3424182576234998,1.0042698727081731,1.8409509700416935,0.5273338186579026,6.068015379967047,6.110024757669731,0.15501410134546434,2.5125231973990023,7.613879260556492,0.8791581124096894,3.66259912166033,0.8436791755761801,0.13217597512964296,9.715519327933,0.741623381556828,2.4543472343752004,2.544033695534436,7.743623758766972,3.8874247559947515,0.7144553834615266,2.7237337962187875,5.47710211213629,0.4922170358808995,0.150751128472826,0.6048061587329121,1.3515631651152396,0.7287553382073473,3.436708420968177,1.3670689356496846,1.3760203287650925,1.9967480432144686,1.4223060202384503,1.9569070721318758,0.20527845121525679,1.5904488479258658,3.1792961184184776,5.353196804718619,0.4021577127312723,1.5675159976778703,1.8170262302056628,0.5305100448035409,11.843323265479823,0.08213223997235097,0.257456795781308,0.945242096108174,0.7259775633148964,1.3161766102109977,1.126693364034683,0.058390797501713054,5.218004116973062,2.247880794082694,3.900020538821701,3.2242538102279186,1.3566893736642396,0.15775370354128881,4.3133594335147825,2.6807277549702313,1.630956040207245,3.1165195774913275,0.6412545425944867,2.674520861419727,0.17354180394741192,1.4562935615440415,0.32919301545505997,2.4163008146415184,1.5028317488088758,2.321286697556877,0.34868815444265044,5.00069381548468,4.9070804642009636,1.9438707113297105,0.2708429221696316,2.675387487586667,0.7193908198271259,7.392985909624548,1.2662398861932114,2.084197007691555,0.8753310757988098,12.259065605064151,0.18704596125294493,0.26983565976821877,0.820033137317888,1.0526079845238971,6.563666582049262,1.6273471740161414,3.8406043549974793,4.963081796505087,0.006311144808404334,0.4184954498107438,3.082775822293931,0.09838615367970949,5.497929250685391,5.664668613331817,5.6010394792245535,1.3489338542602902,4.0589851654672175,2.9260004724579236,0.4259146486431864,0.6740963455591,0.5135225788260671,0.04781135466441144,6.36212263111589,1.0279084900279472,0.25989476786059984,0.019984959397972846,0.48645677117539354,1.3541048352277874,0.9755857082383388,10.459771517061599,0.766640144774825,1.7196055591755575,1.9105678520062837,0.1607905887498453,2.8005688201683956,0.18433695059170457,0.04289801918760294,3.86199282509104,0.4847547344224914,1.69011795425626,5.542508625526752,0.18789108227999884,0.24484149271672084,1.4293017882253665,0.577454876446718,1.6264436536493778,2.0430369148199103,0.029103293442513944,0.7304147157098084,2.973094517919447,1.2679416582317398,1.0469245298731358,4.542004397744201,1.141426603293724,2.46173627765622,3.405270408704114,1.0603826728356562,0.7387080906968471,2.193823726046005,1.293375787751264,0.12915524848247806,1.7339010751254174,1.3838001791887424,0.14316506741957158,1.6130962635944386,1.1547020080429795,0.06729557872979797,0.640282038380529,1.0558789925113832,11.540877527455633,0.5509409729937387,0.709222764265643,1.7906243042168661,1.6748557880311945,0.8482350051501144,2.204747304688543,2.5051577816472284,4.8289080243512785,0.7935501166637644,2.4259217153864556,0.49876340177006906,0.34890699570647143,3.137278736342364,2.6864973736183626,4.132688537782505,3.5006324612228754,4.479237835069548,0.8520695848664728,3.5284536837335505,4.2623640674598455,2.2596903658146754,0.05907675344195207,0.7138445691513766,0.7457391011440602,1.0050235304929311,0.0873475501245542,1.960750097090304,0.15651791220337308,4.976967817644304,0.40250777837266116,6.200819052596259,0.3359538488832272,12.638307835716182,4.015972025172493,0.9704957654630957,1.8054464850632599,2.5764316992940284,0.9444081749549764,0.19399249029834453,0.2094164011035291,2.836175643734503,12.760915244180904,0.5561230310246703,4.432886717973206,0.21913742504741163,2.242076911229909,1.1889881588305575,1.5565954931955965,1.2791742110579336,2.39398973410304,0.5867068028592097,0.31348129054323204,3.897779235021718,0.7920584927042871,1.2371869785881264,1.1454563317525714,1.471066224749964,4.04271792435737,2.996803556506764,3.8521272835050375,1.7526989467681064,1.99621452717161,0.9481489003285182,8.330964172116568,0.6881227841025943,1.2447621713607084,0.5132264800804394,3.7417625766104505,5.129154402868108,0.6345102711803148,1.4054701640254499,1.8223825736014696,6.712878797392419,0.13209864085100165,0.6283535373375784,1.9692831828465542,2.835415325734842,4.579582813443174,0.6104099170998669,0.7947434407518776,0.49962843816932656,3.1767678696968993,2.228003843455617,4.497793126960094,0.9389066279809449,0.019047536438677848,0.3004678206964533,2.222738501051828,0.7341606770543324,1.0240036464615787,0.9690138558314156,0.198779009614225,0.3658566662333018,0.6087068539123806,0.39452771465979675,3.5019338397190127,3.2289182937286807,1.6703542611870292,0.0014096110671926176,0.3293227730709254,0.3301195687622487,5.245509834745862,5.703104260037626,3.751906635150284,2.1901509388304596
"((2, 0), (2, 0))",0.22632499461551359,2.854610794450746,4.871506353667023,0.7720135816934418,0.1610300098536006,0.36687123235591546,2.1222194494635476,0.6002001643480368,2.948006234605322,1.9857642405498126,3.6511981927985357,4.615133138436013,1.391581129151815,3.8268544718801607,0.0877824735128736,4.320643799415773,1.4056023169611633,0.726885728668682,3.8355970258437275,0.38897452481590644,2.0176861191623505,9.638699042461237,0.35316678479876756,8.093945628211904,0.3562945049000119,2.615785281110687,0.26335735182580833,0.268111585901337,5.342330290985051,0.7675331443293191,2.6588637467618357,3.112556728414453,4.750305134865021,0.9491212618253173,0.6556072770776935,0.1264826131681538,0.8045049694928639,1.3858377920132856,2.1257806827906385,0.5148001717241784,1.6352765151735054,0.5093652204243047,5.332666935406016,1.2911904711329134,2.324451626985938,0.1484134163040708,0.1487359517815634,1.4747340255363166,0.9576603968221606,1.998571999212869,4.866946461170672,2.9792647952127673,0.184601376808898,0.3792173299716795,0.3992978358479604,11.857356107250716,2.331583651705669,0.5365483153741242,6.697097326662792,0.8224170569673432,1.7480492304970192,1.022655158876514,1.8065663769593223,2.3788143645989703,2.3521235456761844,2.273489261806479,1.1508615075164454,1.7799486904426907,1.217390482908892,3.737105532668171,8.069821244988171,1.2826652764490798,6.495850340121632,0.28192384842560186,0.7246629972839174,1.05076784386226,4.335759024807025,1.9893946806720657,2.9474189549958973,2.522296711662342,0.9369891976592246,0.3599778094271586,1.24731159438686,2.368292000762952,3.5634604772203544,1.4566178745300506,1.0992213006241935,3.847453524754324,0.8752053141597405,3.8837716692056308,0.28219280081133435,3.9692859556062334,2.3446961107034276,0.21264375725979312,0.3683783668361431,1.7777850091598943,0.14566925910857031,3.337014639305392,8.221923942372458,1.8751380029708649,1.706196747720981,3.191216081894655,3.4619590306183063,0.8431997813619285,0.7767970148588936,1.616538710660793,0.631327750368339,4.420203145490665,2.000077801812612,1.466151092048237,0.8400883936733461,0.5479256785526867,3.295671087285608,1.569757796345132,0.15885721324864654,1.4592963043061815,1.910704941168424,0.5751331134639837,0.9266286509877087,2.9696581987334985,2.117741348967874,1.4068199305466838,1.2422650035447933,0.594509199512772,0.5991998707075856,0.13124189154056465,0.6624307302312505,2.6172803818383734,2.9301392173171465,0.9478696632252422,1.7189439480440392,0.25535331004174183,0.3763237255964892,0.7115477718586369,1.3961031899929748,3.177575264383039,6.708464454751037,0.39636645234113743,0.4846768209543675,1.2891039612038502,0.5691401542878891,2.300141281682732,0.19212633582008692,0.6726336373389193,0.649642993651535,0.24154270891322605,3.5100180090832263,1.1713683079161858,0.26879248959165025,0.3784842025901902,4.274848735864832,3.8239264944868876,0.29106702315523436,2.427701698999719,4.367528922347624,1.7581091437603795,0.3120989579908904,1.8633284890719515,0.39641121994839157,2.5665577327340836,8.100834805737097,2.9875774239520556,2.1371112577827236,6.771674903588311,0.6119781110445013,0.5065260110632108,1.6680287393683397,1.3720683983873851,0.044672629269571607,1.6704801831068816,1.183315976025717,1.4706491954031258,0.12721321179708978,0.8262401837119915,0.2357021162847071,2.611046458733137,1.2382241625930073,0.8629679608364844,1.0692182548445386,0.7575544334416628,0.7099011626695494,1.1166664912016875,6.536693967370173,0.14648164528331997,0.32295198051288043,0.17140974163539568,2.9537948396996025,3.262854091676102,2.4528204494531214,0.9738347596064465,1.5113867452599559,3.749783308621135,0.580843197292616,4.415462442831126,4.488090814001388,4.645286345554774,0.545417768727904,2.3758289637520997,1.5783328050988796,2.1738226355050876,3.6168052960186827,0.7613399235101711,9.762894589144057,0.363440880841839,2.4647945958863615,0.5498923147274648,3.7140365076153845,0.7706642645405405,0.4458218956474562,0.12622402289169554,3.2564676324600423,0.4378698834305156,2.8001569187466497,2.0031961318092093,0.8628426914541114,0.5764903319959229,0.35335600164545583,2.5368715428895876,0.8402789101046304,0.2860405822934087,0.1728990092477618,1.4640083433673938,0.5045097702865369,3.7389881631200477,1.8880728078544828,5.033610526864349,0.6708296177638101,0.2298543398798294,0.2577083088410449,3.351631425046,4.028205728806136,1.5496970625949014,3.363453355476004,0.40801699952079495,0.4715554728860962,0.25205330418534855,2.5185743216617658,4.021730261974945,0.5756860559598331,0.6663346085249191,2.588027242543124,0.9503247219045168,0.38019634245688305,3.8893254222739,3.005665745768084,0.4439406373065615,2.551726780319451,0.4681760361504377,2.4149381330709705,0.16466619278650074,4.488443444659671,1.001152083403164,1.7946841575464854,4.392980513323359,4.427289772228696,0.25649445261230014,3.097797387131226,1.9419358133988065,2.820088942103771,2.941405082725501,3.795910309253971,1.8155997380168083,5.205567854300259,0.15592854916749832,3.4769563472480405,0.41127822437127604,1.7249501466970005,3.026267944941709,3.252726759164367,0.9091370972552768,2.918524131635552,1.9170347929086926,0.6198968978927791,3.508575936857598,0.909547954372963,3.744118022852938,11.149063200601681,1.1348312819128887,1.4795637992056974,1.5979949169469088,6.0007442684294725,4.6026808459950255,1.2883888459917507,2.4878093852131413,5.31882723894915,0.9940533321539456,1.2419081914070906,1.1038775368311897,5.691174699087041,1.2050027961937186,3.7925747863845594,0.8421943815431102,3.1010441989308704,0.6031432837884161,1.6255447051201222,1.0500265314068775,4.6500603285870294,9.295055978412,1.1473929355403698,1.096260704146252,1.0079091719508135,3.430708356760354,6.080921694285494,4.443376674145153,0.7125863029678454,4.933844813260822,2.2663070430315995,7.561092124178232,0.29059406115868014,0.9002902725234032,0.39510606359962974,1.019562484213641,0.5264689774214524,0.17153602698789516,0.08347732272496589,4.40912673494114,2.8636270761524902,0.18834307656669796,1.7497202010736579,1.6883291092771704,0.6892829555181856,0.42223790023166674,2.8577933160919082,5.481879071616981,0.9774598713276872,0.25268123631417005,8.03976938326341,0.5614119218396931,6.088979125713668,3.239706534625638,3.2067222885303344,0.2853566858070459,0.7784187538363588,2.0605604039984065,2.033209849203032,0.7809532681699373,1.175310309679567,0.13394152487859456,8.15351453287359,1.9930130063148312,8.002108331072627,0.8670009055349991,1.0072904541270782,1.312154517485415,0.21128539738510882,0.1361495910071584,1.8187646070089218,1.2647679158812415,2.431177940901395,2.003657793620921,1.1157182919752486,0.4885813684471221,5.708324096009677,0.5452637316603712,0.5569317822437129,2.628951334707713,1.2330124400964717,0.4852138156685487,10.002131702861918,0.29374821365077886,1.3486680077839988,6.025443707334256,0.1443343368998239,0.549349825040024,2.495213334447565,3.1905837505625794,1.1532845917529062,0.3144862670714137,2.182148753330471,3.842938839790509,0.3090403658752148,0.758563301897723,8.520803926771526,2.8454280655871216,1.700656711228575,1.0821904296177611,0.9082633906991336,1.3639718747309355,0.19945007403710013,1.5549882519654072,0.4079799919324063,0.8497700382316404,1.44496457427093,0.9821931223133267,2.5134160439135957,0.13463968509375168,0.4281863953371925,0.9675459018408863,2.1130646193856997,1.6067445227217567,2.508830300679142,2.325007938869614,0.4642485794462612,0.18174739118316685,0.16733772128386315,0.3406969328590669,0.956087711892804,6.446070699649348,2.54994039355205,8.455179835594846,1.4074755269512487,5.157743312697907,1.4196390898623577,1.614329738523799,1.2112090777855242,0.47925395962602824,0.8153943853976338,0.3506981446943449,0.546928605159696,0.7119953250133741,1.4241918952283474,2.1458451500426348,0.8483404238733254,1.039156129288061,0.22256335177464703,3.3454239602360882,0.7905062830394491,3.4967500444400392,3.8084061569235748,0.41340841020185115,0.8733212233724954,2.291093952204743,0.7634452690367324,2.061133350964992,0.04905357521229314,0.386986548636469,0.5169750739960827,0.6360209787009204,1.419442936023204,0.6193125143499931,3.2358080399745806,2.6178384867462903,1.551896146732579,0.907640143464715,0.8307979928307296,0.6565556841145522,3.85090587191578,0.5331290157834525,3.737215947953964,2.5337208654807215,7.184215622209516,6.548133632212486,2.4993022822510453,3.0299594905174914,0.3985742389919259,0.41926152025271635,2.489878476564635,0.18734563951913263,0.615691256827025,1.687890385537111,1.002540241513882,3.9675173474293897,1.3554148807911375,4.365354002599206,0.6685141478451955,0.7561230449288143,2.750232549836971,2.753219048644295,4.386759586668001,1.5490855978227138,0.9216190177215666,0.38290034675240703,2.9358170883561963,0.1736331171244807,0.9716601009017924,2.5089945373521183,5.642309582989258,3.9578112340131004,1.853890221610639,3.0447858295289123,10.09454047678969,0.06632259292060283,0.6323152802907277,2.864488101692588,1.670987899746019,0.8236621740301653,1.398094726690831,0.5928090899039637,1.4424375674234613,0.6813047052127429,0.9764912879462493,0.08316891404793869,5.38393553302499,3.9759362828613893,2.3442483477159906,7.116077891081709,2.9537763341005183,0.6047811847097924,1.7597288729475227,4.209684033466001,1.384372840198263,4.336942729280605,6.5195565835373,0.4653478567291569,0.3353167340883597,4.313958465340347,6.0217216828886135,0.3465349723747717,10.68675337160569,3.9015879332690173,5.693681099431682,2.9402347980217898,6.97947434685715,4.811209483775186,0.09928131527467565,5.349244153412385,0.3413568249861698,1.7773673054439298,0.34725533860766467,1.8685353119007297,3.3324022514550338,2.150625963326048,0.4855959074820433,0.24654161011598763,1.917258718014502,2.1815597490871643,1.6478329622554835,0.2904902512908085,0.39287705809447826,0.605797200961262,2.9926084123493593,3.8648334574909904,12.614850034407944,1.912946041375084,1.8849202079667602,0.122805145267178,0.9694028324206319,1.3357762406887939,0.25669639785148846,0.5017668698757707,0.0947947003507148,0.05791981654538092,5.145980868145141,6.032291102670798,0.4002759123868904,5.484796429443803,0.9222611916180358,3.516495410914412,0.8707878714582657,1.0408342923127167,2.343038711327503,2.382205742077634,1.2216637427705153,0.8415089943588162,1.3278016833037936,0.7745277813858553,2.376318514548597,0.7086019804862387,0.8779014374648035,1.4786003868847808,1.2096371041550507,2.2292336587934054,2.4352483717430276,2.6376187028331928,4.250646994872301,0.6653977291339023,1.5637309293486978,7.0090716356990495,0.11306017593580653,0.9643954808216542,0.6236487249331772,0.6999511718164675,1.7802529169697767,1.4052049056988,0.14991382164407274,7.4392428442508205,2.1087832619803875,0.8372719515654201,1.0379212316852076,6.322773728257975,0.31032055712607765,1.877776742173046,3.6108544520494528,2.36186625184305,4.914788495258973,4.498211979526735,1.095366364855575,0.6965563084932203,0.24278986504253597,0.8051060209346917,5.7109835596175,2.253921146437026,4.598942471869698,2.1375468944331373,3.4727121827188174,1.4022766264290387,6.739617646911598,0.8581020283024441,2.515127263010433,3.7816204945007534,1.8879305993969808,3.4241187840646474,0.7759265207281875,0.9980503884069662,3.914506431619964,4.529543027257139,0.4393793260810182,1.0886023447427067,0.16227763324713562,1.949490281476601,1.9441461660940984,1.362461825394392,1.2138920687441732,0.46549250856537716,3.352167862186921,0.16181526089785425,0.4828192916754482,0.9469351867068472,2.677760346656838,0.7593940841612559,0.16275316599997286,0.9751524165016906,2.230790720902238,2.106552278389417,3.2420026883816826,1.7336856565107681,0.8010375250751469,3.0542871311127593,5.011966916800894,3.4565649282366193,0.932900474697932,1.3850854895429354,1.7453215850742123,1.4109125500733863,0.6388038187700826,0.16204101923858016,1.7731186426387124,0.5221619117241336,0.5653864772366142,0.16454596405103794,2.283463040166643,6.81820037429784,1.8237447687907788,3.7735761393283638,4.788869961771366,7.378686171487146,0.3251380972441523,5.413599471185435,0.6614962388445046,0.20636482359521469,1.0578348987501374,0.22938198083422656,8.736648880549659,1.2356825998083258,1.4501528538183903,3.537995829150571,5.478322929228545,3.689781809668232,4.744534826707189,0.8510425449087222,1.519427037886181,4.240534005363662,4.743535837949924,12.359242311681074,0.9735264894026292,2.67652649837641,0.8107053207658863,0.9905887144011369,3.094486189223675,1.0972941798323368,0.36758937360297717,0.053292883497912946,5.534486254759735,5.359091026913106,9.301565755302075,0.4052867241670608,0.5332460913159909,1.5444308729092304,0.9885363792139794,16.877186231357076,5.824422547505282,2.1644834059467204,3.17322662641082,1.9166976713139825,2.150153834049096,1.2525849926822326,2.156105853880623,3.1828773922177698,1.322213064029839,5.9502959188644855,3.117288638238198,1.2279132939468815,10.924861654657958,0.5553494600868837,0.842028115218536,0.5399781973049571,3.8496090219188015,0.6346467601221804,0.34119389228611885,0.6214797897385205,0.4651847259088233,4.469046413626209,0.8773918594184131,1.6726773315999721,2.318055013930838,6.678046796565363,0.1580999499569533,2.780412887439023,0.27068996106171983,0.7839475457497009,0.13600186919861734,2.471405962436609,1.8537168264429948,1.3083740511590431,1.756882180682066,0.4586231661657104,0.5732308403745714,1.1193686493675412,2.1711157626351296,0.216910520337261,0.36335953450181796,3.2213648853978096,0.3947835979917669,0.14891567835737157,1.2540856585709017,0.76620207637519,0.7989586563878042,0.8014873002503411,6.35996195164739,1.380115392119846,5.419888999613342,0.7596945174289579,0.40121332831986845,5.140220243891137,1.3082813885237652,0.44685790582258184,5.039078796451226,3.0595044745227673,0.11802132935389431,0.9707756856799248,2.807123175267856,0.7204074717839039,0.9957994031428146,10.824703641936877,0.6725805060920718,0.2493871495801735,2.000062477841775,0.24277060114619897,2.3514710333528264,0.4319598799915734,4.536299917195775,5.632252997513468,2.041678021476125,0.1534753356631846,0.456909219095615,0.2989701013254953,4.823201874393041,0.03911567907658908,5.406083939502789,1.7282972268450139,3.8610689779836385,5.969261965227094,0.4723887850852919,0.49591593015047875,1.8029447907163876,1.733664549887334,0.7433881404970915,4.755436621141645,10.552643537781684,2.756095744567808,0.7652756346137579,2.6518793105032725,1.2360428730661148,1.9330973707063879,1.4088810492349308,1.82719188693668,0.06076603358862531,1.3912360733202742,0.26097475871719017,2.50734631474831,2.640253423708164,0.45630485880617533,0.9459698035992856,8.325764456278502,0.13104017833842796,1.502144040884452,0.5376778158756874,0.9863275483442129,3.2079442854795754,1.6555076101228936,2.316707289595362,2.335350301680344,3.285390185515549,3.443638475538972,0.9393861135263726,1.488144506388684,0.8493983703555348,2.8475299434330816,4.950276320468712,3.835532060995739,1.2604753502941057,0.7082833446512611,2.7536019174699726,3.003170010187812,8.511805027481234,4.001357636589248,14.534321301560897,1.9484131429077538,1.2388876891103997,0.9749744190763266,2.1706046509449304,1.5046750392727422,0.06383443383914167,4.426093766404538,0.09748091631894673,1.9773298660684477,5.37648540594056,1.5503620342759072,1.092112623262912,0.9577983524832654,0.8901450945537905,3.7477801018272983,10.523721135814693,4.3972037435673945,1.5596044028631015,4.46648726343178,2.5219639838549224,4.666123477744246,2.3766657149777357,1.334435940201085,1.455380810743799,0.9995156569051602,2.477051474605795,0.474513501328512,0.5585703173234102,0.45611121789482045,0.7232084033419354,3.9740459103946475,1.352277286202598,2.5953477136039362,0.32606794129285355,0.4952811623185278,0.4630365352070215,4.961008110485954,3.222387491985779,4.87002575896312,0.5049957166170342,6.2359329784013156,0.2835896143089372,4.8067299777610755,0.4859835569205394,0.13443271587174865,1.911264736208468,0.18781113050188888,0.4346489201208812,1.5740749415006607,7.600741884901502,0.19476528077591926,3.4170559710004547,1.7895463495907664,0.2813938984210069,1.3990334568019471,0.4873016246024059,3.8497944083827336,3.116002847952291,0.4073751622392669,6.117613618351861,0.2823124070190317,1.0472665769105731,3.7001261160137977,1.2185509840554443,0.7872924947407018,1.2655241707728802,2.016076348263746,0.34882927795159513,3.400209041783649,1.3389189025407966,3.768320911408103,4.514186718150959,0.8846222086202588,0.29136765283080646,0.45156140641401776,0.30420770529309404,1.5124657284354615,1.6540987842722328,0.11557646375949848,1.4294126986298954,5.707215290410318,0.7852997057853186,0.2384383347707919,0.99980679974159,8.250982893351118,2.160578470261271,6.500019734604778,0.9278938408993703,1.070899272146601,0.5195486826680138,5.966515117951319,0.7900540982376396,1.648942998920563,5.337285132937383,4.49715400031823,3.0393697026578153,3.10653402399308,2.110990622335601,5.589787465629183,1.8405984196193999,2.8603921136365464,0.21921346000573494,5.669713105363843,1.722870249047123,1.674330020498051,2.294981121387628,0.19991005281551832,0.13665916967307545,0.3852699296745973,1.7673854757478646,0.378008171358722,0.24419717245976869,0.5782513406002818,0.6400059917002447,6.134549373801769,2.0046647554055936,0.6729579328982471,2.704593845892772,0.4619340130903222,0.4604388408323876,0.9997370480948706,0.4170516698819251,6.4840846426954215,1.0117571152640659,1.9688950986697256,2.722946938414438,0.1544836111863026,2.4976685662333713,0.48246864532464917,0.8783373803390708,1.221068858824734,0.559077461963679,8.840805348528237,0.6764493515176238,1.8374759282105724,0.3526227015130501,0.1929209672692389,1.209576358054478,1.3818678931070063,0.9584112284643875,2.6666132250497467,0.39099261046260114,0.8159752151835438,4.89291534843804,0.5624495201983422,2.522911603544442,1.4552846444629046,1.8816421714382676,4.206651300061708,0.17821859496496756,2.7772176750391497,0.057341702459840604,3.379451475423423,1.422975805517029,0.5211253505181976,4.3134570838425415,1.008021138821022,0.44049086696348994,1.4780739066982391,2.530511648307972,2.870718313433769,1.3713862731767796,3.562078212385057,1.651637731382901,6.90609765745426,3.6289293234591207,0.7673071380733072,2.1224996189103393,0.29990011094267865,2.2054095400913387,0.14911350146077207,0.8954534674459235,0.2934357618705019,1.6453532265957223,0.5435735934389452,5.868515895029494,3.2146378396463513,0.6267426148312927,4.245581461696421,6.899849174326215,1.9186342811193318,0.7973878270491247,3.5874988328681314,1.3835428818284667,1.5224684197591951,0.43972827316767127,0.34678961895117943,4.145378611932435,0.12498817023958392,0.6326656423683183,0.42527700974571125,3.2648586698871,7.34984413194718,0.31724899142807117,6.790867454000062,1.2023669967820996,2.696518361939591,5.071314443944119,0.5739495710489679,0.23234997868027518,0.20085067813378688,1.858918145750348,1.1158943079512973,2.7215848062771495,2.1866013938558924,0.11570517192072327,15.68201334240924,1.8442827737434873,2.4700846057937147,0.630979031733489,4.183877070646376,0.4338288903374983,1.1762763592181573,5.925040939747617,1.3505929591721366,1.4151535418117205,0.6552779914883452,0.1447717055196427,1.721673167528007,2.0232196841122296,1.604565148083426,5.025619404006129,4.754432980026992,2.0936389188658246,0.4242096932781707,3.501892289931951,0.2987984516550302,0.2768675912731168,1.1707628527105478,0.9779147325656395,2.693666044900986,2.6231326386185048,1.965467777361642,2.2780260357298725,3.0548192348667556,0.3409230421188405,0.47861862934358945,0.3685468737534896,3.0479467881821214,1.2342232502743886,1.655909816696982,8.465051952929581,2.095419547921469,1.7879293222943375,1.3789220803030369,1.8115904149370952,0.8502542558507726,1.3855248848654305,3.5489684844102216,3.7796848137080703,0.845933825630842,1.6556819636889584,3.4072493833125943,0.4593246585333988,4.514642596007356,1.0161677973178862,0.0999136546204531,8.850701137873044,0.17786539131370185,0.2049377626589446,0.7398138136865888,1.3264504198626748,5.02851150915758,2.491509204342603,4.64983690626103,1.255424950823988,0.774317177799821,1.4198079505346342,0.3674093432365477,6.625833578954556,1.173033246395074,0.8698974080209729,1.4323293403337005,7.136595776568705,5.1144422514368895,4.474669159327165,0.9432692979675716,0.5870305627732026,0.3109193668311959,0.8981243690873619,4.519739469600449,0.7808968622388827,2.0947179904932156,11.169543007399223,3.268679159522894,6.136579097643892,2.2647474354452193,3.4909196749288105,0.24354962692970272,0.8401122096478025,2.315555127158661,0.7991086087065528,0.5015878050022231,5.909090099426943,1.8205032481569081,2.550650528588286,0.6343067033801918,7.106655316932438,2.219559319539907,1.1815407784174266,0.7742376073873991,2.211076148903941,0.04521601016942123,7.91517255173636,1.2686795641651343,1.390346474476933,1.9931694135638305,0.4997258424974932,2.2825326672098925,1.441593803028294,2.8731014500451866,3.9768060230247633,1.4763993373507225,1.1726160622236566,2.1143250132953817,1.708597426462007,0.4763370400908983,2.4118272171497663,0.7713512446245278,1.0307554531748582,3.239073815864638,0.9920871341149671,1.5829864619479561,2.816072838513118,0.5100881162202127,1.1238251967719133,2.0675527207724715,2.9275422255270165,0.5960540665085852,4.516378548572138,5.111133300764551,0.5885467751968685,1.0487896446895029,4.3676764565412185,4.757989385699088,1.7784808760071185,0.07140051302076911,3.1970681292651157,3.327816909376079,1.9194742714575574,8.01930487571988,1.1149719109975944,5.5223031901440125,0.34777191749084446,0.33603321698775357,1.858715861489559,1.31454022624802,2.1125673428029446,0.8920998324128643,0.9431592148863956,1.3618026777453054,1.4675326614319766,0.7371915224051753,2.6553592376746247,0.606878842641295,0.032019735929512905,0.9356021890022,4.875972817414458,0.8061530353948072,0.5174333927175505,0.5907654146589101,0.05802845481291907,0.14348985672900771,0.8760504645814465,1.1719049863625157,1.2070316499364722,0.26171669596092606,0.1773801030964295,7.273624349261926,6.331614631079164,5.016372184601212,2.102329114071341,1.7119499366058457,2.5221358155899942,0.9279912955772744,2.1845605120242553,0.903979089305686,1.2279160835669476,1.0378969321930223,0.4193352084024291,0.35253912489333594,0.2576345520629708,9.233438191667831,0.43759771418516635,3.6065956434918185,0.8260443809371065,0.801159395903065,5.291628688850447,4.3263400415688285,1.3912027735658803,2.5486287344779077,2.0569295646531107,4.667549542876872,1.1690625506424785,1.1626780884591597,0.5996401508222826,5.545756471552623,0.5632733815250044,4.06931085851232,3.6844034316324947,0.7666755943308673,2.775915416592838,2.2939673592253405,0.6305104556843918,0.7792727172813847,4.392267754337068,0.6417933469851582,1.1840452648409363,5.321012518437551,4.024489582389886,5.219031139652626,5.620852330234713,0.5525534950235786,0.34627278668226946,0.9505628792349531,10.041195680282282,4.566655060176828,8.260701492303706,2.3682423508797967,1.3222431542353985,0.979161869387406,1.5622652116266538,1.700790816096999,8.091930177411076,4.172705392601133,0.7287430688059566,3.993946175117841,0.8033249911891888,0.5464884838041932,6.624314761344657,8.608922431909187,0.9901209358643172,1.1871174944384613,1.3408221883278504,4.288291735121047,1.9162605146393599,4.1061736667012205,3.6781572370964994,11.730266163839635,0.03600661688783224,2.0014121198557824,0.794781435343601,5.231317453708283,8.267690800274995,5.178752288849543,1.9666602297838995,1.5961981595521748,2.0160417944522644,6.090482126942573,3.5273431699342885,1.9231758266389427,0.7105179163540363,0.8629734154858346,0.5112844593815676,1.7707523495901591,1.3101468222599477,8.49277040284723,6.512532387973358,0.7144079244416675,7.60784544966669,2.444904944975126,0.5663050927553592,1.0879788204788716,0.3201010168277528,1.9205865212178495,3.3359015094814093,1.1059780577163358,10.734306856969248,1.4507589481459282,1.5577045926537143,4.894655879372613,1.3185592753482744,5.272359910832072,0.45632171199298455,2.2346634635829514,0.6059540521038589,3.563484513805189,2.363763800334981,1.1468372613352225,0.972855498947349,2.373507432981833,1.7349634221906816,1.6171417363487541,1.5949641432272028,8.920209033638935,5.255437327694905,2.165726587425947,0.9704932659295309,2.737198158110724,2.7101645520458626,3.058433896193895,3.100032295836338,4.048289724527501,2.1689548042079974,0.893265824334744,0.4226656076091986,0.598896940466329,7.630944141149015,0.2968222334973646,0.2606434878093675,0.3498943799227766,7.352988595582765,0.19924805231147158,3.5277864975101965,2.714403484720444,6.575871525144155,8.970159103143814,2.7746134554402846,0.878450246653254,0.0951637262048382,5.18549770490793,0.8997577768549427,3.292909748561412,3.048769181220761,4.406280076183823,0.1468981979681363,0.157949581451593,4.580481041754382,0.42470718596327217,1.7518133631682993,0.8136804983916099,8.53558025334935,3.7392384034528625,0.5911921020438324,0.5255007771506572,3.0388373763833783,1.9425679760649268,1.0953764839458942,2.4328957498602453,2.0083811512292744,1.8615638158332544,0.3893376687271677,3.753914881871229,7.408966204677073,2.0887418996502243,3.054523115535788,0.7152970810829913,0.5311986489282647,3.100768802827284,1.9193537968389736,1.235931286616116,0.23196970490870616,0.8963093528773618,1.7425250763064772,1.8962822977312757,1.5296054156487646,2.9555513330418135,2.667438132187295,1.6884023661307983,2.237835168539374,2.5256644146448983,3.495367570857845,7.268071994141859,5.0949549347668555,1.767172834104553,8.957339111205037,2.236433968431287,1.0518412373515962,0.15340678160178212,2.410966000555053,0.694095961808356,0.26803735223986536,3.278833997076779,1.2746150035125212,2.614541262209769,0.1504980916575247,0.29427325806042726,3.554441335644766,4.978932550237443,6.436179673716708,1.5730199943759122,3.8611685119036263,3.9162353717037015,2.113958073052165,0.8908432612698552,0.6124359710306122,0.702311668015752,2.702355160072737,3.045904427131709,0.6822128196432204,2.889225497508883,1.7591820871749155,1.1874036782487647,3.138510181937553,2.9977103395803324,1.930864456316334,1.9257894555630626,0.3582731255232696,0.19373440116729723,1.2578521491198775,0.555358615039701,2.6161566831311034,1.8913630038436715,2.076625531616873,1.0409338159438228,1.5170068898119027,0.32069184365228254,1.457468250848512,0.5818734795447724,5.16634269919428,0.15692255642872094,1.8670504871266103,4.722849262896331,2.0950170487218913,2.7668196147431674,1.4845616005944453,3.8821517734636357,0.645614693178199,3.560747165763896,7.846166176892051,1.761444884283885,0.45931567318448874,1.911221987183907,1.589267672208067,3.9756855963155973,2.2132993974033504,1.249670512108794,4.698928254697232,1.9754840106534286,0.2329188103671771,2.524172945043157,12.291004854352485,0.157346804567228,5.560812727806646,1.9879492343632612,1.1512276776441248,1.249089544973147,0.5685802516379799,5.336611862051723,0.3434766253434245,1.1830790675789182,0.6511253098651009,1.6258699093101558,2.1620742328187412,1.2364291805265262,0.24278254257113197,1.9718737031498852,0.39261838245952985,1.929483297729471,3.825480699761826,1.8103257626865676,0.7716094460998615,2.304076033028572,0.7882607708286513,0.011270226999637423,5.112744222765987,10.862671300153002,3.8399263712796,3.56400172857929,7.554147218839136,3.4214995095975556,3.861931494124737,2.9897910528832616,1.8921968727775544,0.5830814312362727,1.7779356294960809,0.3635067234511161,0.8642407411074696,1.2631649140138925,0.29876057246093013,1.0477313306426916,3.790514635714268,4.891555366348391,0.7414161585232133,0.2217042955043167,1.0205241467569404,4.761854835803378,0.24393458668103551,0.2109911747731753,0.6663913225645965,2.099254040258515,3.53162952939062,2.400749175002485,0.7410339512265842,1.0970309097404667,0.2047024557489353,5.739448694102451,0.19098274591239484,1.0899113472606365,1.541163513487731,0.2183104235110046,0.8942253062624685,3.076112907828386,0.7377197199405933,2.201453486501652,8.229341965492832,2.976047502611883,2.985113618852277,1.7646328644305274,0.427222889810428,1.2623457317992166,4.879311541005267,4.659486305478415,0.687740411721794,8.421547431243948,1.3441168799112089,2.132052575161389,1.3584251510815233,4.977895792873233,0.6059360325478731,0.10588086988338286,0.37621156397152555,0.10719436504659835,0.27989456918788247,1.0992360000682861,0.7209973484746777,8.10722543618471,3.7317393489427326,1.5202281049431852,0.8532353075872494,0.4764933341439803,1.365199931189381,0.3115417832078343,0.9855262923767665,1.1896994122400262,0.5039480101442163,7.409757473005096,1.0710558023986516,4.653708646327985,0.26021279873212566,2.5263006831281505,2.5392993688275975,2.8584319729208545,2.835459431057669,4.208941855827733,1.0079251038292805,0.5419331528020181,0.06849835379317992,0.09328266319195344,3.2239493685869975,4.856704082797997,4.548407793194247,2.1778209976138845,0.04651725891377756,5.349304984640558,0.9431398329831593,0.20552187317372017,0.4007220755032753,0.26897445179745727,2.3586197234734683,3.388188604183072,0.7983506636253335,2.347806968406199,0.5298176401888042,2.4080489291500964,5.7909627262367955,1.431077862462348,5.180800643121772,0.6342777247621164,1.5197426082278749,1.0053965692520226,0.12109688672562702,0.3209559509311598,0.19906584691152313,0.08586316547632378,5.066730476539035,4.2868243872644065,0.05300006342832431,1.1389139923529976,0.608932389514437,2.2186611362861988,0.11834572569210816,16.149381647849403,3.711480730426268,9.16458335460399,0.24252105499846488,1.4112580105556956,2.5656523214993086,8.759736303565662,0.24408186076266025,1.0533628458990947,0.6953004229575336,8.8705926457842,5.392650672869305,5.008113782605811,2.7815147999636824,7.710111658158925,1.214277964953793,1.9842844594504243,1.0276907129181356,0.5999237755761642,0.13010236742380132,0.12632151647929102,6.579714675095643,0.437831509388834,1.2964116573268278,6.576617254859695,1.74067649697592,12.676488117282492,2.312143493407426,3.9258498622359133,0.12183603509120167,3.351978324649209,4.04046998150863,1.4507209246576593,6.921086570317388,1.7924476780846832,2.1902961858447703,4.656858619218383,1.338237150786367,1.4797814734927073,0.34508610299974973,0.059942748035793914,2.444147100419541,0.41347037779716533,1.759557004308707,2.8753608247559588,8.763759030238454,0.7729382371543227,2.863375347143542,0.4465445923626273,0.8954505210562126,2.155844041577886,0.8265795955440685,0.8247211273338451,1.9023652888793379,3.9789991901053092,1.1700329890875623,5.227348158159597,1.871980739393413,0.7665386534913703,0.2388728371305211,4.348219765397735,3.6004424880627233,0.544321031651716,9.205642827425336,2.3451002859370673,0.45612495908185624,2.2803326475160643,1.0793249132525933,0.5232051460810334,1.3153538157965559,1.682174676022549,0.1099163426374401,0.6825768712166125,0.4502215188770816,1.3902922815802081,1.3561754230176837,1.007948737081771,0.6630750487714021,4.76358437134657,0.3442880161868658,0.147456976898801,0.5126804368391644,5.4064026760276125,2.3216998654389736,1.955830586845712,3.109793639694714,1.277291377987059,0.46293906829599507,1.6964505417005062,4.956555949875265,0.9699709436774668,2.562644156619208,1.514162327234647,4.34326200930025,0.8687139166448856,0.25681673043501485,2.39572862278652,0.8013483858006232,0.8399866213154261,0.409148158514395,3.2393966707591932,1.3134548968025386,3.9066196739969916,2.0147968012815682,2.0411272513897987,0.2501210886849452,2.5996476441791296,1.8512573654923292,1.3931008595442487,1.8363941221731754,0.4656755080141232,2.2688717236891494,11.03066314858986,6.479610536076962,0.09493954664793336,0.24014552290143332,0.0819260782131983,1.2407133448612373,1.5038830266311214,0.0444293356505126,1.1492390656626497,1.0919446668286417,2.2439128250829317,0.24685542368234037,0.22771355789195946,1.2454624577108908,0.9644640648224878,5.924115352968858,6.7353356349307285,0.5861329914148665,0.0602936362259493,6.752579852103944,10.927795971207878,0.6892204499586924,0.9689767718907313,4.6502997162595,3.2593651306555946,4.29697522925166,0.3718979241685756,1.8648420979222975,0.5090875699828986,1.898750818343495,0.5061483639833508,2.312029208226054,1.428027786839656,2.2603609000607254,1.308711804395023,2.8791641075246606,0.3243448697584148,2.1060460062166007,4.500993433798765,1.3371709297771486,0.8116019580271641,0.3525895156494081,0.5060669560862521,1.3241373055426635,1.1547538266693573,0.45548401593057064,0.9827157075005306,2.716350529713025,3.8709927648499707,4.141666692934368,0.3028856446710777,0.7317002880482628,1.3683651863468178,0.606937030892526,0.25523734691264643,0.26017298227659635,4.009889295507376,1.6197098132695928,0.12967932120515602,2.851922410053222,1.6621910882946835,2.0996653148136657,2.1998610715791234,5.427223074570296,8.402859724975682,1.3076174167194292,0.06751896111702838,0.6029132638781374,1.7937886237067922,0.462080538356733,2.3577904833722982,5.5892920228712475,8.560777750111386,5.64001109116048,0.658868470591486,1.2744420567021,4.311466936123876,0.7808097133534208,2.5235555316109166,1.788013997716208,8.447337914897844,5.701123717644309,5.0143393248696055,3.681405866715067,1.575029159628423,5.100015285867335,5.689576383530081,1.3516752522412743,0.35526021530501817,2.2444818560149917,0.29969889154794915,1.7615363077099122,1.088230206439005,2.847438253393049,7.147238424904923,4.171622353739765,1.0751699621277502,0.5386414921685362,0.11852304630561805,0.1886247260318703,2.1190476221622676,0.2945065100077552,3.0071215504334896,1.435838450551381,6.741122167568606,4.945174890719713,3.0454235340580675,0.9627712762294027,2.951018184367001,0.954951733862917,1.0258178430621117,4.956441691956689,1.1257290487192158,5.580003164766434,1.4094773664836833,2.1878704114100542,0.9664291794050706,5.544958765160994,2.575656029981497,1.734561941669825,1.3571644656506832,3.441791344895827,1.0215510863453008,0.9744557768540111,2.5039089944139614,1.583006622372712,0.2360208944624187,1.6350017175425355,3.6405513012869433,2.8054273982808957,2.4439882786528373,14.215517315743888,1.3699875781021396,0.039007769975520246,1.9333019159328142,0.900196099656905,0.022287601591883366,2.344423998371537,2.088468144140549,2.813735136953594,0.33177794841633984,0.3279971148578191,8.184460453285329,0.5707719642368891,3.9327784643379884,3.8056825856378027,0.5421416390022167,0.0987434829929843,4.122751288476998,0.40194425066281225,7.329561130977498,1.2820033670366717,11.050294556090348,6.096601992913364,2.962470371930314,2.3007851980813614,2.9803793310136886,7.24909184550466,1.5244519964897396,5.131271939445947,3.793259517967679,0.4201590624236906,4.03458883196232,0.303813642431936,3.45297578899416,2.633245434851291,1.1359242929155662,0.05581388419989408,2.16581888350091,1.7858174556906814,1.066352727825639,6.4627451668291,0.2771583115798639,0.1203130119778667,1.3832836724616762,1.9145028249415361,0.43981629998152383,1.7074317658858504,0.9135821100287222,2.1339149390505163,0.9176879333054919,1.4639713475458098,2.3505983037916875,4.519195249656132,3.6461666742523136,0.8029803913432496,7.98745757741694,6.175117995522022,2.489626869407245,4.1333821493870815,0.31956077445539166,2.335033628124094,1.3391035106030793,0.2837065334514019,6.271870935503097,2.2570480513198725,0.35008354739620395,0.548460995737595,1.5061615150139687,5.140836173192854,0.9590665046827564,0.8895928500958228,3.2054083379568343,1.8550764150303525,0.6614971858503407,1.14176621900176,0.5604097634424634,3.5630195982903308,0.14383388041270861,0.17570085305215377,1.17241400936308,3.256994699821102,2.0731838872216333,1.2163251401700155,0.5720075713996666,2.0890367986965597,0.4859876842543801,1.2254120348018294,0.6128431801713674,1.2526873106417757,0.5855117317175318,3.2939663918777393,7.9643388710206615,1.305099787300755,0.4569135001176685,0.6056113813680238,1.0876853876583854,2.124445937101762,1.5793028355666228,1.617139938669907,0.8061744719597189,2.627185320181093,1.8014173371879574,0.20355749607045892,2.2620637239855808,0.4944885889717838,1.9092492916545258,2.4722241813065993,0.19479604750246837,2.189607376976209,1.4661531115585937,0.6398707404964998,2.2238403982310255,3.250623962062923,6.746609637138945,2.6651715384751387,1.652109350125967,4.0991327709875325,2.096900894416229,0.5303350279567733,1.2290426098155494,1.143621635089429,2.332562314165794,0.8324926196439173,3.7409792640704373,0.8652447111154575,1.5528319018865178,1.8090640803005136,8.647731996022923,0.5855454711519874,0.29683135013388995,0.943366187655164,0.35224376915998556,1.4893827148972778,1.7545760226376834,1.616735828253423,5.327553883707483,3.9498460870171375,0.290876202234037,0.9698993887689258,0.7727877444201824,8.159749841263267,2.446350675884591,1.3561296444140953,0.27338158099972265,9.169929623219424,2.294641265206635,0.7319152362944322,2.427072105317574,0.3106963666928845,0.4698644630173381,0.6063611835549582,1.926021496680232,3.1491168216795042,0.46559931059383186,2.888945611135087,0.32137540440504064,2.856716962527801,0.4805193171642719,0.1449257063679462,0.07599242269336237,5.3197383951760555,5.551481024399642,2.649952427931583,4.394129108507725,2.9277001237129454,8.115614228539899,1.1243909178660259,1.4653019088384835,0.6169739376359318,0.5177164872466427,3.4274147131048185,2.8083166382800466,1.324277340745553,1.393231206472941,1.4034142322393892,0.8030016545115247,1.3426214085041845,1.7620358580951716,1.9081692130429921,1.005982342336483,0.9834860770562746,1.5700019081682237,2.598935015178694,0.85919235612598,0.9857854925658069,2.040826586940935,5.4231849063328035,7.939632911874565,0.23784234275260557,2.364140972230717,0.4081956706772927,3.7984181822628673,0.6750094752542946,2.028608518696201,1.2652105076060547,0.05681310464885092,2.101250058697457,1.108858591161604,3.648323654701906,1.1638586368204533,0.7210638177576698,4.24388647171314,4.600390212057722,5.505811687619491,10.46522682565803,0.5109154241914551,2.8058763854878874,1.1242068096283941,1.6001407576053377,0.9759643483338327,0.7635231913812071,1.6944281677549846,0.876958737352421,6.572953998434524,2.175988696009296,2.310684281599484,5.930303471027518,3.6071179911837916,2.1950942504810484,0.30719267899669767,0.5526597359285392,1.9409273743712916,3.4910943034882336,0.8300690880199755,0.7101916324678275,0.20642498841263113,8.879055740153518,0.23663423105238457,0.5900235085925629,3.460613735094839,0.7952406036618569,0.3700927696380182,5.404845532634303,0.5415557425734594,2.9149722554193116,1.9538538976433768,6.50332015469397,3.7567927383612654,0.7496917843184407,1.6772394779459243,1.648645288958887,2.280021036403466,0.9412643212245935,0.301821450960039,5.573738715967358,1.2782958954545567,1.3884478754459755,0.7913164606831684,0.6146295720740379,0.6267779642082787,0.06666929069692454,0.5879667935869692,0.8847495773144047,1.620241747008258,4.331022456732005,3.7106163841955477,0.11014340737282252,1.3019016215309405,0.9264290051682592,1.5497530632724477,1.281147072477939,1.1935568708290587,0.7189869204268706,0.29879516371695225,3.4016329146090465,0.44062104715156636,4.43999887353303,1.626786588863209,0.34790949620553635,3.3589489114603346,0.28929427611393277,0.9156029173119258,1.2072361967123348,4.373976183611454,2.3389917340859947,2.0607605039508137,2.6588086600258225,0.4118930201836224,4.52537918265287,1.8977450747517697,1.4782989238886275,0.745276023154319,0.843933616626821,2.5497266050119163,5.182539230782865,2.2683697472658406,4.365770432717798,2.0363655317823284,1.7969734427887665,0.920012583851664,1.7900972845315875,5.428065262386463,0.24109325913152213,2.062763360661838,0.2376009134828907,4.865742969938944,14.693074439553609,5.7098116494904625,0.6193727533375024,3.2888948127764253,0.038106405554200196,1.397569274205271,1.8096600334400386,3.2328557591735847,3.9080736142961308,2.7090983881896262,0.4568633907797144,5.207780769063637,0.8275776637281358,0.853367692541022,0.7140230260795424,2.880354830677866,1.7510959370180579,0.530434368330295,0.7957961092131363,3.389942713641499,1.156099536727764,0.7203181352178611,1.9094575949850343,4.709720547801899,3.910223360756474,0.6459546230764042,3.929565716830494,2.0102280681239977,1.0994618077785239,0.9671869156238784,2.709189615840471,1.5603437266980462,3.5225693558144084,1.2113193823322548,1.0272782369285163,0.42092447539764977,1.6966763101749607,0.5995319452550794,3.4471900863618874,1.6928650013026256,0.28329734952342234,1.4450524859452092,0.15173084303787598,2.79857077542862,2.5103045783437334,0.47684314599516364,0.5857041961575551,0.9817529112862338,3.805788736963949,1.1836587016241489,1.1487957722359443,4.525463241690743,0.8466479628554247,5.250528040671586,0.3573132749574195,4.934193623800311,1.0779134569557225,0.5227872274418492,7.934696362120093,1.6588929678372129,13.091899317886089,0.35895002979951485,0.8781564357186349,0.3425070987957766,0.8247845531533273,0.09447043550135725,2.837077187602074,0.25390078708121094,1.8710873674896904,6.17277106184869,0.8545618136220758,3.9890130474097596,0.5026355111265495,2.0965457927454514,5.124172477838807,2.89330541825671,0.7602464873210864,3.4992408571135294,3.269029657731365,1.3607891235384209,1.1365587607423333,3.2312316056086177,1.7996083734104138,2.67061540653253,0.9884831375367249,1.6899333075146425,3.9250977439066914,0.27384145547323635,0.32475564174404925,3.1594464916198275,4.944913019924134,1.7500182184601685,1.9237715854173971,1.624736993833603,5.1847604804949725,6.374824780362436,0.9837110530017426,0.4032261574025706,1.3041459588511808,4.424610848539273,1.7656748920376493,3.8535944302249576,0.8218792924244451,2.390049369457431,1.955333738490495,0.4112630430634861,0.400954671900946,2.0849497340773935,1.4767141772725947,0.5197222534812748,0.7578978052406273,0.86830201779778,1.010198099042611,0.8477828686227473,1.1206410380553145,0.933966581778032,3.7250214938489976,1.1942810488269673,6.5656254209802345,3.322845688048604,0.18752857580856108,4.723960826436812,2.0196580926235237,1.0412382685246362,2.443193439331848,2.533606587614343,2.4103194524992877,2.612940884892341,1.5601208889967049,1.2688831144305788,0.36797672771533896,0.15262938741324567,2.347442407735251,7.577519893553787,1.0917121552321434,0.29091449296785166,2.9818741695868325,0.16300181005546666,1.3885253703418563,0.8068190717427646,2.152970952506498,4.923607334304488,1.1724667321056943,0.5622511516228639,0.569440467931253,0.7716360513518026,1.7401563337506372,6.055753316656697,2.020511134675747,4.5365020625788155,0.6894677681518048,3.673871772409743,0.23270303049432428,3.565576652787895,1.9995429876500856,10.388440707228218,2.720368429844391,1.2019063733009547,2.105188577086809,1.8028477070456614,3.7851726702031567,0.7546473712429367,7.542662056293686,1.2824823402917036,0.1362059771975317,0.5503408681500694,0.2743766737971165,0.9613866056874898,2.1360860279767255,0.21393937012423692,0.32445891317860065,0.4971657586367493,2.6266500843607314,4.885435313440686,0.9980928087010934,2.054616169922577,0.13338932636834278,0.27099978649891054,0.41294803054013984,1.4596732865439814,0.31173573585056,9.527325911373445,0.22038817174883274,1.510871008860726,2.4081600394781697,6.248156664163326,0.9812568574573165,1.0285821133482682,1.1103475528402131,4.034849920610857,0.6814603305105116,0.4144235705081122,1.0326598289136557,0.14980417255568668,3.4120994253509433,1.1779639737312864,10.363433545738372,1.4836159690870796,1.778089839971713,2.8244815013297626,1.711499646398023,1.3817477207004583,0.5019681097480546,0.3579476990644611,3.6767019623659314,4.397911316930519,0.41503728322710026,0.3319412065233889,4.103595088652238,2.267748226797472,1.1239523291366624,0.34575617222199917,2.9253463715021155,1.5604316040891044,0.5075519745273305,2.5689287682858604,0.35647304747257014,1.244911347908067,1.772255912760669,1.6352582245036498,1.3565097881813986,2.094061179751197,0.6179646904318745,1.3515970270511128,0.9775334805013695,2.063452839355783,3.7808726710418443,0.6860280610218064,3.8249374308043143,0.7512985510716853,0.5126659626466721,0.7889076323773885,0.328721546001854,6.405030273436434,1.0276086995855143,8.85141229204338,0.72425995610597,1.8126637016126683,2.468991178079013,1.90050592092579,3.3777081881761557,2.2629489576479296,0.4800786315761708,0.26941146210389166,2.315678803913151,1.8615240779151148,0.20233610333543517,1.7254167959223237,2.0597239036357777,0.1112171473367688,0.154254040713937,2.116159202231,1.6875855248078133,0.19586010947727983,1.1148373596808208,0.24698934719805177,1.4315499543822057,1.8752753707154175,1.6151057005544038,4.491689346086199,3.869277703105594,1.4758849356772341,0.7686483234053447,3.6236707515548603,0.6835017826232119,0.4351019753630413,4.737003685971299,2.73926920734259,2.304864805334942,2.282906218023286,0.9188881687332978,1.2960394995225133,8.021339903658637,0.6426838809382494,6.411319967963836,0.2796371572491987,2.2949010471828415,1.7237483213340041,6.14738232164627,0.7274892845479268,3.047795145217676,0.2064466074223389,1.3244259742891602,1.29725916150025,0.5589969414048788,0.844171973090189,1.509785358458008,0.31689008434478794,0.6222331035190027,1.345449260519606,1.5611889387749498,3.280123411230821,15.158152699367173,4.516024484646088,6.571222716980058,3.3765570491561183,6.568406824601949,1.1688988110841518,2.245521972112485,1.551779431880357,0.3040550933137076,0.09404811206259134,4.582894941689153,2.78454753066003,0.6541874983301301,3.55145049612794,2.6706934862388234,0.38236381080427995,1.5955522223341754,1.3679354945151116,1.3617678345635635,0.8486111890582279,1.9210545867421995,4.769237228803757,8.812150869996032,0.5689032706145911,1.62268924264424,1.757881946155122,2.4333399560239655,4.26308614900536,3.791367554940008,4.525637003154767,1.233028663910348,0.29476666255456113,1.8587884477379242,1.927558083994329,4.524581433925958,1.4518543593576365,2.53498497269067,3.216103769670716,1.9500220454167367,0.8500019088339477,0.5041498742184665,4.253774677297467,0.8117165670334981,0.9666287475875546,1.1907347810274707,1.1073654064085172,9.622029834016331,4.357949538638669,2.84421183963282,7.633520596665196,3.4042454915717357,1.6439674376056446,1.3113352107331893,8.112881037835436,6.879765130322128,1.456986366588592,0.9828289194681927,4.353227881531055,0.2650492334342718,4.55112348602015,1.4396661847125891,2.614150989057977,0.43586197818737515,4.372849779805293,0.2737168077613422,3.526101823559763,0.46679448907102694,3.508402272616285,0.6985184586855828,4.293371932161683,0.18530373240162223,2.078512621315618,0.6139326572244975,2.159449166257809,0.5278496083249617,2.8494304298882915,6.233515339252983,3.1331714414832685,0.5133681034960045,0.8650693733226107,0.965687237570624,6.2432639069711175,2.8500131935735107,4.434500485343305,0.12067090846293205,13.06285367188778,2.5157266981520054,1.0377337726521791,1.1614989987268654,2.3266026975947938,2.0520237090087607,0.3383813853989456,1.5754856178914132,3.5210434499454992,5.927929113088597,0.5377858185177429,0.35111777926441823,1.8361511259657977,5.638450280338997,4.501723627072391,2.2967705781214827,0.30474329881825457,3.0610119958372253,1.1092262765251295,1.6577860498728756,1.5377772696049323,5.266348886324137,3.659791976526046,0.7079799289369435,7.516469263938809,1.8691653047171877,0.13731775147181935,3.502429000174798,1.0035202457738313,0.388992573148109,1.300038905482281,5.130283259644705,3.9573538127583228,0.14258643318463882,3.139168130026963,0.7455654204785211,3.9622882076741064,2.0643759816313088,10.538895555603506,0.8810541423161617,1.3322897104340785,6.802710793968597,8.350851668067767,1.1104963852464995,0.4859333925800988,0.4601852927265695,0.8497374360370352,3.5993098782388526,1.2456046479912892,0.29669208379003376,1.8626856350926888,1.1840171712659289,3.219563069777297,1.7517870678988254,1.197773424686103,1.0507643065207246,0.08841644048801356,2.80131398902887,2.330248169523727,2.9915798380547747,0.031061965193844188,3.3232112874791393,2.188398530789131,4.500055416377036,2.421766627580549,0.43061794796983244,3.580408890714229,0.9611876242279935,1.020476897482851,2.9483582383308438,0.6127274390549173,0.44613144778326097,2.015286517805348,0.3984644283417812,0.3402448379280524,3.0533643146690266,14.027225500469328,0.6380756045780464,0.2159004387528416,2.318354530867621,0.45844160107861187,11.141459154383146,3.113061888430656,0.5043377733342436,1.7539515883606778,2.051375105583703,4.461338376768248,1.604782759364776,1.2156740353667215,3.225347279749353,7.028845753264847,6.8048573809383806,1.2716545219975912,0.5750014258335001,2.273097856485701,0.3241089724344235,0.7437476074442155,1.0727854713009146,0.2467227464495787,0.39206894238960155,0.3776273450692005,1.3580547809759935,1.6999957235976573,2.48949344508398,2.1882311471045064,2.165099810486618,1.8808111298942387,3.903258522163826,1.339175163932552,2.452444184524833,0.34423799971654634,4.037839353195728,4.253484333498588,4.3949739008431665,12.053503175883096,2.505963110255049,2.238742321449399,2.6687543647029464,1.4677385505655571,5.256957482106641,0.9957964181772292,1.0010666920841549,2.0127075590068095,0.31092528511913764,0.4395065800672794,6.252537941071815,1.2645357716669645,1.2307898287939425,0.16128304599473675,1.709581677515358,1.7895400913172685,0.3613607308555853,0.33084074181883416,5.077229827137656,0.29919663523805395,7.549072809659488,0.2551845002458437,0.8486174592084437,1.5845619834442166,0.6769716788779641,3.3771376589105078,0.8599364548506303,1.0868436094701819,0.7634163089247796,2.915292747847359,0.9823818103505703,0.6704687394433173,0.6820764728347615,1.2247385118224283,1.4413998840022726,5.01781539757679,0.5187688205330558,0.08535311010291541,2.2507502126089762,4.249095399883689,0.6144842459057764,4.85759381509149,1.6510485681608564,1.7175162940224422,1.0716414718359126,6.0510442062841046,3.915779679696864,1.581272265981093,2.7033104862413664,2.4322417933723433,0.04139992025418082,5.472635181348439,0.551165677424008,1.911122312943502,0.6772852137517095,2.2014276813626976,5.534972248864203,0.20339043545299562,0.2793525146620297,0.057357374285028406,0.8598480011322914,0.7002460988777264,0.4577749735469301,4.086216447191696,3.875694429296783,4.438979689797893,1.4084120799062605,2.4752151170541206,0.21048204887819888,0.21018274150232297,3.5296194353657153,1.7526904822855045,6.042072117394226,1.699825500891237,1.2914701060208842,2.871598751035554,3.087158168574108,0.018840717883585878,1.0370126820184016,2.6810108937359174,1.0805142214716996,2.459738154866307,0.8327253958179991,1.0052433095994315,5.795751718997612,0.3767233613445935,0.701710056316916,2.8701725545321484,3.8286561746014196,3.7390027082266384,6.214991668590965,5.401413067136904,0.22256178868772136,1.692892941379819,0.27328869790257637,10.952722125713596,4.703650423806869,0.8614073444484864,2.8143359600018822,1.48759111948275,2.530632385203927,3.8709629407728303,3.105036353032965,2.5027634639140133,5.736210733827741,0.5768905444991719,6.727828961749641,2.0544006047468453,0.9133378643014667,3.3577796333965724,2.60709180811564,0.9902365590500275,3.5245238058058197,0.5134183097917877,4.9114792026819805,4.685690504002984,3.2460961292985577,4.502755290641088,0.5143033732769389,1.5694933441342176,3.4664785573810386,1.2745944078735045,5.579111847203311,1.5006270699380253,0.6575491636104898,1.5925185287750416,0.21451734437479408,1.8725970306031186,6.206583091477363,1.4574037053042632,0.2059960729437802,0.8865101907539066,0.6748224297153191,0.21057468992820771,4.860857213714717,0.3667015978236816,1.017618199048923,9.010483257454762,7.6854295417037175,1.436983311191201,0.7390361794145814,1.3115293312362084,2.6741204672524788,1.3749825537856726,3.2565156509977915,3.6854255728804297,0.5169623730018249,0.8134890585815485,0.47649721812740986,6.577026334841506,0.46595044346658354,4.353781687480551,3.092628290504228,1.3619606928292933,0.24880316462991892,0.670188169408203,5.431149292435558,11.137558878023707,2.8048396702442524,1.0791344356261297,3.597520495745793,0.8584971001386885,2.3158490366994955,5.882720793118898,8.846484472075035,1.4908404321278104,0.8925612884363947,0.8137229302262061,3.379564001026169,2.037449265077801,4.128193231398164,3.106053576013873,4.228841534641663,0.6120947932450078,1.4071115385016957,0.2510676323344633,0.7101336417409332,0.27990663377200575,0.20902990471708804,1.7711092209597539,1.7072549522593272,5.110363600475164,2.6482138964690174,0.2126282398739729,0.09016036197646138,3.1367799226454984,5.308023719331105,0.5735248796882368,1.7094216755852973,3.145935615438879,0.1825340763549106,2.0020650910463695,0.4707715939496697,0.3454664483093559,3.6510368006859224,1.1898635511925117,3.2486116971370516,2.59786884862375,0.5403308071616959,0.7257845484152593,2.8488682836695993,1.0948542652337778,5.105195851819509,1.0845202472533928,0.617523786943748,5.746053428041614,4.8416526210657835,1.4085879029075645,2.5794370784234966,8.351162409743491,0.7189531684897785,2.5895286400422943,4.7794981254093525,2.6500337900936644,4.016481023849623,2.6909538876528893,0.9092299089771425,1.937770110737616,2.2922633851672445,3.5935822717336836,0.6529212681328596,4.584536447050041,1.926364840715571,0.20341571148885929,0.562710214249071,0.1786948787652855,0.9294239579322541,1.160483405817809,0.25636116674495746,2.746264910153782,1.3547425949329877,3.3523529279604736,2.5720094477993976,3.1012476871965777,2.7625484935591196,3.5595735124649224,0.31734394380902997,1.2265854040923316,3.1682862086719172,0.9021982469373278,1.8843268119442715,0.6468890055358065,0.49508564406408806,1.5485171652356537,0.26644802624925545,1.1247540167170407,6.531572969270432,0.13845359915144329,0.8022730745931983,3.457500999888802,2.343773152133598,3.3634285281439587,3.26985653238462,5.327214800275151,3.2807537493342975,1.3919418807670456,0.7967505250958031,0.46217553145331713,2.515168817195928,1.3945389791852119,0.4033103817389966,4.425231221867626,5.318563909990586,5.101948700848654,4.25091573526983,3.284114052228006,0.31732874909440767,0.656316882048879,3.0759552419011333,2.506307273715785,0.6819301339368562,0.8433932988089725,1.9119935299886222,1.4962471708627207,4.1378991577030435,0.28842920758148183,0.6854699260128958,1.6411211655274758,5.255264813661856,1.6774343432144423,0.6137726865932698,0.7064222724776467,3.08056237100274,2.367214900585005,1.3923011252167083,1.9651096146376181,0.8772609805269633,1.4450270528365148,1.9438494301861637,0.3527372666850266,0.4831929369147804,0.36350617088797965,0.03704111487640127,2.369166634410211,12.297027458783251,3.5282801752677457,3.181387571082807,3.2260658637466326,1.6098961236588116,1.1866981732651847,1.0062387656071858,2.3550731106165106,0.5316248548583529,3.4135941608949825,1.681074629442187,0.1524534094710156,1.6239449773919374,2.3583062496164353,0.23366908297697303,2.3015672777428238,2.1368047897742093,0.6892060219771208,0.817607285921677,0.13413891991728094,0.5605148017370849,0.5139520262241091,0.7522457099165876,2.2682823014875977,0.6522973253150948,3.0341256503741896,0.999236910018651,1.029646162570807,1.2381725807747932,0.4374749217000529,1.3539118800359278,1.2101131122982505,3.2669654725092516,4.586656414659904,0.7389628274383018,3.8002341527905137,2.0630685486715294,7.7679961256301375,1.4075578919116323,0.6489461926365787,3.9605856873159992,1.5711013298993604,2.204206079997271,1.6645437651082364,2.341748848458855,7.578744124485138,2.5080022573749012,1.340094112648993,7.639368150999585,0.6634100959560506,2.0874486194445123,0.18528587544729058,4.788285680043936,5.883213660452185,4.1633959231351945,1.5577303288260835,5.6499839423207945,6.118537939954096,2.4722119811855423,0.3661706815570209,1.2807626139950337,0.35078472151256745,0.9914543778355493,0.5648884801402341,0.5417245322574145,3.538049971667533,1.244423421198498,4.3577843093410324,0.3155727385125249,1.291178967283521,0.4803487054959965,3.7869143731938864,0.7364771199385343,3.6145845289503375,0.6308769216434404,5.760790575488452,0.29373677442834145,8.9401629034329,5.431398156816231,0.023835749835956488,0.47683182086469134,3.519955707520686,1.3506564670179344,2.9789397628032104,1.5747135939509371,2.7739944124393494,0.8917325102286704,3.070234361346549,0.38676572679143895,0.3063305405949537,0.3655367012747474,0.10224972353088224,1.913794779626469,0.19981059512440436,5.108050207673726,1.5130451588761504,4.700194889603852,0.7791418818639202,1.127593098539512,3.421275385125247,7.656475095684717,4.044539912744151,0.29896106067197636,1.707317263807489,11.865914821750248,0.04837208823123107,0.8253966794923844,0.04568857479153837,7.584278104447233,2.559905760792091,2.056106135805679,1.245760546770304,1.1150691248029212,2.1526497369163815,0.8980841979877054,1.302558820923221,8.717856826115796,3.178555226118103,1.532540740904768,2.214607871499042,1.255521729832608,2.0376161027418243,0.7462613827350358,0.12927492249662254,0.7123788658027697,1.2951509398084158,0.6926347956079515,2.156655975160157,1.0131994797137813,2.1718163532489103,1.3278762316059918,2.0992438893187177,2.9563808342615143,0.31462410874964286,2.0790313361855013,4.512019863372824,4.089154066804477,0.15848155987588164,0.5385251124519976,4.114255809672654,1.550113718113798,0.4382416042691579,5.582233485752154,0.625639091617771,1.0021448398533934,1.2004206801731225,5.1324011075968015,5.263477045360409,0.661810705255812,2.4821400828751026,12.056622206304237,1.0429005135424978,1.0861307430858214,0.866799749364566,1.6065857755234245,4.122976467037055,0.7115289727105258,1.3305025831523236,0.2812774358304282,6.04966828143792,1.4379209403700346,1.1361495103605062,1.1707734369945597,2.557710971415834,7.400395801892309,0.7817009056674487,1.186991095432564,2.5164242324174673,4.515605747475362,2.130585181048051,0.43115832309460855,1.6042943999030568,6.210406047337501,0.20347431426680418,7.087447857706479,3.5214289875638007,4.566480788076891,0.23868350160062451,1.960670679265229,0.6915217063410998,0.16382510420717677,2.190949043681548,2.7352427569768833,0.9296634289635286,0.6675983814109241,0.3946274414354648,1.383249496549649,1.4217058015225683,0.17149177386563075,0.39147305001102606,0.29089434067665243,0.429590961800282,0.8162001705246918,3.919398391888255,3.4014012791671617,9.719912145681844,0.048676770763513844,2.053670430773871,0.9899030797104061,0.7402529179745159,0.6789406025437617,2.584376448991051,3.2850819527903083,0.41584150128554453,6.2408446926001115,1.297870834479367,0.16165567659837654,0.14461698294815756,0.8243013071883714,0.08567484255220037,0.19698737635169572,3.1184512243981626,0.6838903239586027,1.4200484996004017,1.4237191361735122,1.4664678744077886,0.3500489867563963,1.6130791827920299,2.7299953772428034,5.165905606427911,0.30850573497450173,2.5745775060901783,2.0283843944949846,0.47655065519501444,0.20505916701795768,7.160135256090868,0.935138596885011,3.9605449925133733,1.109640263631513,4.143807563090133,0.13498362651170548,6.855111396214546,0.3650578613491935,0.37255382778288837,1.4003532224430983,1.6336132131186776,1.764606938774206,3.3054721479395526,0.44083946977582567,0.9641683319854326,1.7999118191064245,1.1325768127684481,1.2371275799720844,2.4273274920499825,2.092562542418905,0.9856364455218507,0.9915566733834305,2.1412782579198533,0.5878583721473194,6.992088881898598,7.8116581213127505,0.43615923821699454,0.7212571445311615,1.3337590656278495,4.923055960406982,3.8204983665433407,2.014734261974958,0.42812416157793315,1.5264532385001788,7.260330513169607,1.8554144585761134,2.8685350282488034,0.44836760902483164,1.5900243166966515,1.1304992914761585,3.5190855600819386,1.694636750530806,2.166087011892193,1.1239857277899994,1.5409842015165007,2.4482988241746324,3.2637730943784207,2.588500508742882,0.15140792853298624,0.11444871850201754,0.8746701870791675,0.17660437114936656,2.592390467956011,7.667066184378319,14.44473598638924,2.766311211757227,3.623171713711395,0.05306307359113438,1.7728605793626897,4.207654320488102,1.9415444057228401,1.5793787706491464,5.841445070436588,2.8697540171029687,3.7343633843882817,2.3196755478396995,2.203532823137834,7.397923525756133,0.5577341336437688,0.5801410094819777,1.4631009958836896,2.086695166541663,1.0179578211589533,7.6063118144555855,0.41026565512622504,2.562268666585051,1.7919543177261603,7.0801443076686965,1.5239432558092565,1.0870997333908905,1.0527943040328223,0.4208754588748225,2.004170583319521,1.0283281766023435,0.77347732089067,1.3661084035688162,9.00578279935101,1.3896777880520073,0.6640106790712843,1.5393396094815657,0.6610648196770512,0.14919108292390515,0.4715788026598561,2.132774508334939,4.08258849962063,2.2685156667315525,0.5423676345394288,0.6033133689864181,0.9709308282939972,1.6121470667689137,7.999986056113945,2.6302597028149375,1.4010263447670424,0.7243369282181122,2.354009468959794,0.9704900103691707,0.08484763754134605,0.8403203274487041,0.32543460659491674,0.21762826974561755,1.313788879057508,0.8724781674384803,7.521018441001806,0.9531785927206495,2.186127326594355,0.48017263664783494,1.8036696336621962,1.5444054382257477,5.399845119263924,0.3925832821423769,2.122873632553384,0.8316445423517738,4.506502575819267,1.7304512937106178,0.23798706117145607,0.825516890826619,3.9054445128209676,0.2863294584625725,8.058937443212773,0.33180855957305866,7.2992786296588985,4.537492832703638,8.300421282152147,1.3284363830644101,1.6093316832581614,0.12498598116842519,1.2932741492242608,1.4944290878243738,6.551169645686167,12.47430301879261,1.6063601454515894,0.43137915693257334,11.758699269401205,1.8791983205900897,1.8149442882948514,4.010689320029501,1.7807492337961415,4.353283414462429,0.5137349345708577,7.0850268895734,0.5926378515489523,2.6992758929901886,0.9250251738604194,1.6530162823778136,2.170607486740763,3.007083078645014,0.6494083843593588,0.9543726867291291,6.771778765537947,1.4083760144025397,0.30899733525812034,5.667710466957114,0.8264607065902612,2.436347996583531,1.2941170408212463,6.362093813968196,1.389816182154818,0.21677508942646984,0.7563404523084298,1.4889574356036428,0.1052946902974658,1.93062921992391,5.755157738216105,4.699456929405844,1.4244502056729265,0.2998852895176931,5.07509263193214,5.59207815357818,4.489204618601977,4.6520038718707575,2.0233570426170835,9.584976036313721,1.8135141982733547,0.5350259716654598,0.8750811696521341,0.9695452660915911,2.077429285290287,3.3634787676025275,1.503738358001891,0.5854521726636882,0.22011035613979413,4.620881305918775,8.486778719390301,0.7134107720496794,2.5661976921299723,1.4063195927353078,4.27352740783476,1.8616512598886747,5.550995893546347,1.8112595933530298,4.06371457357908,0.982084201465155,4.676493960065142,0.351285354043186,3.956929385929903,0.7974579392300436,0.7377883953725615,0.9515969607609072,0.5161227746331402,3.244632077137968,0.6037120168681196,1.8177783347119427,0.14202375981175042,0.1828871082233139,5.872216284084814,0.34119566204264484,0.4991394055132544,3.2430022826511737,0.1262991337605044,5.23377429901255,0.5224829862335643,0.3161674575303772,0.5782065075988092,3.1790413306806418,1.8840111558450512,2.127358999161486,2.1605896444382626,0.43899853584774884,1.3324981588291231,0.14522021030686738,0.4560967304044494,3.804382062501588,3.585348537032434,2.426507341443937,0.7279887242396266,5.040270489910789,2.4728284818681514,1.399308007111124,2.855909475785047,10.418221888492697,1.5696054094869518,0.1424995454758733,0.5054738793589185,4.719556002196214,2.1965143352231493,6.760803305679013,2.180862176605806,0.6141441181894249,4.832971195836663,1.5448118619505387,0.12726951914108164,7.9200004719615835,1.3342986932201022,1.9130714224395386,6.720454284142513,3.0591415265273354,0.6661459943154675,0.5106703508193151,0.5312857964224511,4.499473968157384,1.0691542713133173,2.86552739548173,2.9799717555303573,2.8513776955587646,5.2608545901611405,3.5618807509937316,1.1181173723599984,4.640074327582398,8.04332745861844,3.2722114981530317,0.965751479763405,2.265936452147704,3.9553460087847787,1.3257296348153522,5.33213620291637,0.6338120237928548,0.49928403186634907,6.0216923951445045,2.5035723338313587,3.0516168457124895,0.2075924934917861,10.020161602169054,0.18773662187084184,1.684123598324724,1.2203762393346846,0.3509325900628111,1.32959149138197,3.350216005543661,0.9941995436536266,2.8661016098925187,0.22033584078802737,4.134788502626805,1.328823188602379,2.3402047610005967,1.7923453192174956,0.288111383053992,2.803469277030219,4.855003798805104,1.2715228264612954,9.45707316137543,0.35310109871558787,0.7776645863416662,0.11238200575238433,0.8655239998189412,1.375756268787334,2.1904691059450125,7.763132904052867,2.2890906239836633,2.6782244783177123,2.179326983814196,9.846108033336064,2.3664322933788364,0.48735489632755247,0.4401961224705906,1.4640430734803744,1.8613659453258546,1.3349169032059272,0.5040485457886377,2.1013099555805153,2.7770631170872635,13.190796462692969,0.6830500967724531,1.1738841430438933,2.3999765242963393,3.1342841429845376,0.7622252169615436,0.6064877817187337,1.6812129171333563,11.884476528772725,2.8402933491868176,0.3896078015247562,3.0804775050095143,1.8425934753375726,3.6685339699839408,0.4243200953683335,0.3077964631203438,1.1671294896981497,1.5311868515376306,3.167611997869958,0.39587707949056183,5.074420095397306,1.2217555665957047,3.7707534248677548,2.1450275495559787,0.5421775781240104,3.0151620856971006,1.8020565504654142,2.5199798586088873,1.0281045864391842,4.324284901189618,4.102322339725173,0.5679655185950738,0.9508849922545988,0.2502865241981165,2.4790914664708383,2.9845052984981804,1.2550855450935117,0.3605404640627491,0.8692088619254685,0.10035426272097325,3.8249606943819083,5.917902946050107,2.436756008297687,1.4896508455200141,1.207724873193127,2.536638603422417,0.2736567302364715,0.703505784074585,0.32202168983404533,0.5546727608549602,0.40297519701602225,0.07947249133444806,0.08887112642704748,2.176120923424372,0.5594465578031764,4.670136565715705,3.331603484523354,1.562168703727975,0.7243159899987026,1.3058931563329534,3.9984427248555003,3.2464247547095226,2.720448832459705,1.012527825851387,0.33792190864071603,1.9146553106925428,0.27733447831602087,4.849357180250014,1.7146200166558196,3.613125368755798,0.3783033572474648,3.4836193591841305,2.5150484426271023,0.40660710351616425,3.5285425473279295,0.7689633269630887,0.5233935764574187,2.179144255819166,1.3765672260753945,0.22260135658781666,1.4437632799125746,5.1396900581104,0.18740002300124803,0.5849725248064815,2.6788517311106803,0.8823300413825437,4.409559694221206,1.9260893018822292,0.8355021321643459,1.5538066220019098,2.1506473577827263,1.923217755109216,0.23737377826459205,2.7328037081920447,4.162630509330475,3.9406361619829298,3.6681192004001177,1.3031545613461462,0.5416996428122882,0.8538605241404245,3.9210427365257488,3.2501982277967185,0.033832103754977805,0.706366101921857,0.7242651560233071,1.4240510464126963,4.466336204749892,6.586153879013348,1.5882790982699926,0.6353270823971046,4.922009068190448,0.9659993694094611,3.5103659500517033,1.1015932191178834,5.254052384854896,0.35647547626423637,1.5151550255350643,0.12860566474012503,5.379339282785351,1.0384576329293729,1.1341182709379882,6.0604103027613485,4.826383173147922,0.06395399737690055,2.9832095022805407,6.057027829938487,0.24620422097914396,3.3387571815293926,0.09756590475439397,1.9007441895048744,0.6292011244666728,3.3888023571956403,3.2616426650440844,0.5648664378001452,4.677767655680865,10.300331001887505,2.5716943103564587,2.257880475627281,1.3069440103893313,1.4855551456891143,0.44642028015792756,0.7408490227268014,2.4063585740645665,2.4902885338195766,1.2894249554943698,1.9269094165004828,1.9186336810007503,3.684842388392814,4.78293877616727,2.6749582104621425,0.2064609811548267,0.6728229232415445,0.5579108922417175,4.165824308969972,1.2455933347310877,2.7415110890394025,4.656261880853785,4.5276628763229665,4.502488600261431,1.596562862924381,0.9132872322586874,3.9595873567372055,2.0587242818044897,0.4754064850565114,1.147250340836401,5.110823570532178,0.8678957022779642,0.8500302385135048,1.7478130842248212,2.063417569622802,0.8552161268567309,1.7397915823322867,5.1075265634204605,0.07359956535581658,3.3652218109832925,6.192404231513836,0.32420757660833577,1.7235634982268522,0.8777898604719571,0.8096359166161613,0.5114347546996001,0.5050291767825024,0.24767729150177376,0.36231473867988706,1.1960022686857714,1.0986159970167344,0.1633433120587109,0.7697753310010912,0.17308114928170315,3.9044085170157548,2.2882096497854523,3.8040415458962413,1.832972849388137,4.426235085359111,0.14835625039166755,0.4704962872919911,6.04394872753986,2.5824280669370205,1.2619808486619575,1.0455854381543945,0.5480684845951613,0.6734271407295875,0.39239560851513056,0.5893391205891745,7.259378181206436,0.043718778850136975,0.5561098142652985,9.022441647924637,1.7473724114146387,4.6629477444329,3.7688048792860838,1.4870149311181835,1.6819069406340201,0.2853912856592355,0.38450740159922603,0.6385828806415962,2.121352281268045,1.516230283904104,1.4741951342682058,0.4147134393447761,2.5765838947846733,8.542749293313783,0.22122711503487769,0.970141842607015,0.38752081351967826,3.5763929355370676,0.20675915645013765,0.7325003046942624,1.6501542830699338,1.7640144030910117,2.629951996358532,1.146147526326128,2.86540818348303,8.544958477442211,2.1587157020897707,4.222330706225744,4.917812469075113,2.330921796229198,0.34620234287934504,0.8507579574179658,2.3491681283556067,0.5000643539675158,6.732419332700935,1.8779079803001941,1.1758341856521082,0.1503311722595555,1.3225394673489064,2.920575979337249,1.1225231826201498,2.3600367285968606,3.0947623786057434,3.4712136040376453,0.2779820964191464,8.620770652023019,5.419596153660981,0.9899290826743025,0.10854938644505596,5.577473053442412,0.552603361540595,3.9166996232845968,1.838439404104844,0.342287083686202,0.2704689773486433,3.1006633421043226,12.118340184726446,9.720657453801739,3.145904296801932,3.626966269291998,0.3123181690568808,1.0953767700150632,3.9300008171871266,4.786583396882055,2.280824093584981,1.1260906422093733,2.0493254033396897,0.7329531623486896,2.747596967583601,0.5535853457147372,1.6557971930084556,0.35234307669327003,1.2447388805597994,1.2072095396837743,0.7699300132680826,1.7786952483385843,2.142511775835136,1.007495880186574,0.6498332580297066,0.5367252697049426,12.570148408931884,0.18579276945254214,0.5532205277656963,1.3688952731170985,1.4721034350955375,3.4994796252904017,10.697130402625985,0.3676008180515393,1.7712674784577251,0.3250975569793928,3.4700524633822614,1.3894121369784218,13.470607561723998,0.8572919966629546,0.34631926076750386,0.24594045014275756,1.9821972406110975,4.421141606718644,3.866273933325315,2.6546707046563123,2.2193695938720444,0.6988646013371944,0.9244344135725904,2.7106314149698454,0.464588989985538,3.937882987548089,1.4882170183249275,1.9288113502639381,3.5195429491397534,11.059621055765327,0.6720777374326373,1.9158636004135994,3.7436734625555856,0.960335894333205,0.8850517681768637,1.4959822689264193,0.18691193602590594,0.8662600115975261,0.9435232765002017,1.488158599303575,0.23291631687024672,1.767326663246814,1.0473246505680198,6.585497210467945,0.48662341590988634,0.8571850778463039,7.214164434397216,3.1646574852631657,3.8436341804945116,1.684804597238203,6.753350763975897,0.6061869449454016,4.731998827657725,1.671922723534513,7.40111830019075,0.34296313226268715,0.36082977609809136,0.7332629235517392,6.846678264071143,1.4070816796249992,9.632295388199989,5.148055048029781,1.473785797361213,0.7307803913179058,0.164795516082064,0.7167549118506406,1.6973853501743652,1.084117473416145,1.2640934759742932,3.640145376109719,1.6687860957502618,0.8288405668921619,0.023669676088163838,3.9836723754839953,0.20665351417654731,4.641509009107713,1.0839141715973268,0.1257307690075588,0.6355250404909805,0.4067582319173857,0.18095762035021346,0.023804788196586713,2.6225002853413093,1.4092387274930602,0.608187089332739,0.8282417259295287,0.09883033987904777,0.5564987790708684,0.12773628685988436,0.7923156294427348,6.491435875360164,0.20388175533655373,1.3721801512885214,3.1453307041253606,1.2472417752375557,12.489705081952728,0.8312004673825195,4.2545698224415585,0.5456273268064219,1.2578792496704974,3.101815816615237,3.7858103598703323,0.43490983254049176,2.4477974058595313,3.416986814858106,0.7433588536898599,7.444465489654321,0.13112307305354454,3.6597752929610405,3.469755930373543,0.5524998260807723,7.574480769839266,0.22137606853156866,6.866730030199352,1.4269286977430222,2.945410378374693,0.9999746696882685,6.3235764478204155,0.6620182516680617,4.6508412244940835,6.004918284114572,0.8193819573002674,0.49697421071223147,0.5191288462500813,3.7600178191168334,3.167200248137477,0.9677952998298072,2.3325674984574194,0.5776123947284817,2.019943856380432,0.838360633503296,6.909125602169226,3.026337418466885,1.9599846970060286,6.695724904398306,0.7252905898673341,0.30224355493221566,3.728151536041942,1.1210535138906894,2.4136720490906773,0.46790016611922325,0.1239814410177934,0.41811347498590634,4.941141679111306,1.321221486579578,1.7091661662369027,3.502944316089519,0.2943059294103132,2.4973315439501635,1.4242218439217835,0.45136228340396156,0.7914292702807766,3.3121545719891206,0.49011018152287145,6.221622563763749,3.879107200827903,2.5797369846615488,4.888324644859246,1.5042972270327075,0.5987433058614682,1.5693545313604615,0.24116152092537713,0.6148791863504732,0.7108106664620584,0.7123320944139504,0.4085694891272724,14.80134348025637,0.15821949208852426,0.9908340571214995,2.2863255797865323,3.715140668505742,6.015111737204994,2.115479933740984,2.150037433428822,0.19687636900661898,3.009627484477527,0.018882953559958615,1.5967007874480288,1.7925437269773425,2.739795236008652,0.2671221757590877,1.1053294551963275,0.2867827074579108,1.5758821781752717,4.3481576383973435,3.678256505679235,2.301948623102689,0.39885465952134336,0.16588078066867162,1.5179351068074893,2.9956107358075803,0.14199227437062056,1.696104750266811,14.368586267466782,0.02259770480805412,3.7339576870744566,5.435958949452603,0.9684972454402276,0.7020511163828334,2.6779134089749697,8.999003111040327,2.235357722020303,2.152816490609017,10.316380524883694,4.545833227074153,8.37745675978531,14.541571671866919,10.176928214223476,2.003838254589894,2.201434377994679,9.547775543787667,0.2823104528962356,4.986968970419181,1.4970829306165712,0.9804852426551722,1.2964188946612065,2.9642451526262046,0.295785146743359,0.6980119708749877,0.1371518856346004,2.816728925426281,1.1275276037357551,4.0524101779160455,0.8171790039084623,3.6406476072467147,1.5175417791731918,0.6578572311834874,1.7408816905294888,0.3203025948760918,2.3522776692596485,1.113214614409767,3.121705820559178,4.0905872533954835,0.13808449547191093,2.349634308251241,1.7487184086262295,4.908704561148284,3.087261510551531,3.5163357476218566,0.4158214228364871,1.0132553341543602,1.7091488981260234,1.945647943034413,1.8932321467178577,2.000368822150028,0.46708160251257014,1.752713215453069,0.7957540337917092,0.46777497070325436,0.3816381131473501,1.8642045348232479,1.466833799206733,0.15792718702710484,0.5080707050303617,1.669199787174166,3.1053702603545674,2.9046346446399935,2.550384264438139,6.934151300157669,2.2792730786126194,0.19068994560006103,7.848950558065866,4.06969369245954,0.6439765509502666,10.728094719120953,1.0934217610813182,6.4166780667638115,1.5045508210717602,0.084184545168419,0.49913198271430664,2.3043521715744473,1.9244150859017717,5.4867079349240155,2.6774765599430728,2.962463595258891,0.3146197561951295,2.109631716894185,0.7962916383412423,0.8937817899096091,0.9509510353926182,7.853586827790059,0.5711497380491712,0.499156465655181,0.7356168402052548,1.0965487769812419,6.89320043013857,4.916033499447274,0.05965015774431681,3.1750063318473423,3.1577677019922588,5.940000406560797,3.9217713142727333,2.448058509416548,0.3506152038287993,0.04149972947748237,2.0661359397939782,0.8678749170820381,1.319375721851299,7.003484952397427,0.7344782660980417,2.608914572590391,2.4718441530667765,5.658520949312658,3.359109127287229,3.8459533329268685,4.307279986214644,1.210300067720096,1.2207542608707904,3.155538887652142,0.3922184304487214,6.574857126709516,2.041992678713574,1.644198677735578,2.8825753381612103,2.855857834316723,0.12283678320483121,16.4242709654407,2.5707637368003726,0.21437721933590081,0.5240146573846076,2.1953132060593425,0.12898331439177457,1.3050785349382759,3.40441720522532,0.9496259185112195,1.5150778673422964,0.5837085292881437,8.312485155386522,2.209217274977073,0.7401816111252685,4.881556896473361,6.181602204282398,1.3959703318983316,1.7156168941317795,0.5099124013524097,1.3040630221099851,1.7977369991778602,0.9014777546858124,3.246148412552066,0.665104237975468,6.665323790819121,5.369804663845473,2.5439331206391316,0.2883259102963467,2.7425142646489222,0.519884836801461,0.6790313499377909,1.2886779230452494,2.0783118379843675,0.20186340500509314,2.5220304598217282,1.0688543579688066,10.831768630636784,0.40895195533072537,1.0352341917919745,0.03945570998221881,0.362228311639629,3.27466536481406,4.761232747351396,4.189216800248408,0.9291843879753094,3.470205329901072,7.05077123988329,3.8886326483104425,2.3479156041850837,2.3508005146159716,0.20790272900208628,1.8738020972070475,1.8441146974564615,3.2167813956772,1.068337610981394,0.6518954231736122,4.507639590148167,1.624887162049697,2.970699282651519,2.087305470256869,2.549834858827708,0.9276191406467194,5.9624725610673766,4.589578582991449,0.5551619821396525,3.9003535341925333,1.9359660057288501,2.2321749366458157,0.7865736751742736,0.11712253610570578,4.995718962214188,0.9215419477580984,1.7481222932449763,8.298991572680599,0.8261912226375341,2.902204255430146,0.26474920274731256,0.8273962196865399,0.828134191745582,2.2878211961202064,0.5584341748194892,0.6500451316923362,1.9868696008612585,0.912138869723075,1.990309363551583,2.913076900662829,1.1106361495842596,1.2109039431486994,0.25970416272765834,1.9447671058709606,12.286235027401878,2.073603345463001,1.693876912204665,1.266334793585612,0.36093952157742903,1.5449482823546934,3.4897890061691537,2.2312885143150423,2.5476571283782294,1.407851814372416,3.386889442250066,0.22918062685958523,1.224840115001032,0.6661500529612114,2.195054148694532,0.4644801695042988,1.784790320888351,0.9077771923123682,5.310821558158997,0.08111304786883022,1.1022978065822295,1.2777650880487124,0.2845614602268083,1.270576477410286,0.2011085506163799,4.612554378036145,2.2656247127096085,5.902270791206839,5.584168555337596,0.5460735743015045,2.5754776535754327,0.2816892903848852,5.83355533775986,3.3175443909003586,0.49873259904955636,0.38852884978407,7.501513634921883,1.566429969555553,0.6721147071265428,0.37828161146898287,0.5751252765241508,2.568577742132232,0.974303677974762,0.49427763604313824,0.49983674058157335,6.450097998939706,0.3148135525937561,1.7076023490710852,4.368776035585993,0.3888976888304494,3.8820459512964813,2.3679837048632644,0.2831607467023233,0.6071973317195383,0.2444503995905733,3.8873560257610507,0.45169882677155976,1.0024676352059156,0.4269978322623882,0.3321395029622407,4.1480101061371535,1.7249239790801292,1.82419018233429,0.1875220249517558,6.0178552328593575,2.3493051846840123,0.8100631044658702,1.0583118001986977,5.4841389946510635,4.223606134444379,7.801410092164599,0.16410528435149768,2.6864291824907744,11.084070091150622,0.5526857727825258,0.5202086586046225,0.21150662372138718,3.426445851273352,1.473897409549281,3.2932651254133756,1.6840348132593954,1.887626238736134,1.03856231689677,2.641477068590385,2.4924507718274937,0.9570826920845574,5.131891783472941,1.855733752870186,6.184102144505497,4.417812580256544,2.8975091115271,4.046741209385083,4.461290335916175,4.991605038319924,2.6942700409145326,0.274152573969892,3.094715757511519,2.034985203258738,1.0026436971648283,1.0679116854641983,0.7469515482611555,1.780462461581127,2.3063213106950524,0.25867965052895486,2.2546793842923707,0.27161220514584605,1.8271595761612272,3.4360734027059747,0.3642730194122087,2.0420474278446488,1.3741666635559002,7.8214556839347535,0.8395630871690778,0.2890106682771998,5.423879398535692,0.2262012619014404,1.9229472880552925,0.16613834027475427,4.0932897910653345,0.6980375352759252,3.714936526699211,2.3875084350033315,1.7045404780195152,4.224534366635978,2.2689323536619774,3.345720237711495,3.8870259083189995,2.085043066931557,3.8373925745651603,3.7190194986892777,3.0353917259362166,2.449967653216788,0.558304170995989,1.7398332988389977,0.775930085764955,5.106237437078301,0.8021092642423162,1.1502043011500525,1.0257438013337326,1.582258620495406,3.1837612785938942,1.195835616948727,3.2798982046070995,8.982665496090947,0.34422345693557577,2.5422617834946943,1.0183105677748492,0.47256895822027745,1.6868443214991355,0.7794193664061302,0.5487875083295763,1.5423557077653618,0.973617909233172,1.5599301553228213,2.8724020272163084,2.3771277570880316,3.7795998868049283,0.11797998064632886,1.370644217764545,10.657030385035139,1.0962043432633273,0.5868059531302343,1.5512182393548342,0.8998940334494551,11.76430908495875,5.9625993958802,0.3999110087876797,1.375986887254534,4.212844363257313,1.148789528203527,0.3700479793781508,2.2238692773483035,0.26847272909218994,5.128928157369445,0.3605080066752655,1.0843150794618004,0.3895621324612333,1.766008456693097,0.6662315468037472,0.8100851534375653,1.204581745566429,0.0379254600236425,1.6213588894511475,1.2765348648223416,7.58245368771018,1.5146463726116897,0.6695752784015689,6.932351119658273,0.5696496841293344,6.267272741828122,5.128002979357381,5.789364341546119,3.950263940580971,9.116667857225552,3.209785612397049,2.6499973885683232,11.153700379235003,0.8099564121582086,0.17100677436852607,0.3200992485687181,0.3631813071430867,13.482803915545832,0.4333259918493626,0.9252285170227874,0.9946240399795145,3.5281188234028664,2.779284301275897,2.984594859456939,1.9926367867535635,1.0314200618818485,0.7896479740017679,1.0823136830631477,1.1279968797772288,0.3145363093744148,1.2127713937869598,0.2986953057298858,0.16446091466707036,2.685235588875707,3.0815225096787158,2.9295986625199477,3.4530073918628155,0.36804679690270814,4.353688272376272,4.169264760533924,0.9829234024787283,1.4275376653243366,0.13023339625817576,4.515086662615357,0.17235700285690392,5.541824712590669,4.939885955198818,4.993018700531698,0.3199161576307128,1.1963599124059954,2.4630379933731636,6.302545767318173,6.177167481192649,9.884829462747296,0.6287252537302437,0.47047844149356344,3.660866564882865,2.0176251080085024,0.6587293813688022,0.8088795163157059,0.1763981382558557,9.67936209375069,6.301850839732946,2.2455211765489684,2.432640959926855,1.4340044465076092,0.45821950562219205,0.3896078950819333,4.621258952340586,7.56092956968837,4.109199419637855,0.7163068006666249,1.8873940940014613,0.6745188703915954,1.6369090124917378,0.6530969003913434,2.9695275768753424,0.6990944205629899,0.4309452772286182,1.8310413217804404,2.8305457744671276,3.9493465141081594,4.051580368432611,0.2991766360766577,0.19874155773732502,1.5058114629267216,1.8692576204922295,0.6495312500333288,0.9779549077046861,4.493426602186653,2.9884086076137613,8.20476116071655,3.1069495565979257,0.5963166913861366,4.855053237020712,2.3957513368893877,6.6308983808178015,0.2689155484075185,1.1314732618745575,3.286639692730157,3.9194111331930324,0.27753257003264853,3.62345999069706,1.1283830238883237,6.95599897694644,3.812297096646086,0.2263044456080508,1.5473685645986759,1.3559652663543103,8.052740647830127,2.531558915787768,1.689050455634955,0.6062753713076483,1.114801956778979,2.552623878096316,0.13990092394534592,3.1070873812209423,0.4132715101766776,1.0244314366460234,7.109890022038235,2.1712205698385474,0.724026519187488,5.395379572993283,2.625361159119116,0.12022433457314019,0.3069857390957156,6.151870943726733,0.9255152922239356,1.0217994364755623,0.30968981979237875,0.6625935992678271,0.36450018224570535,2.132952670263137,0.9184989486292306,1.2867106717077865,0.677780587338498,0.461233001997673,3.897165992831808,1.9634451303975302,1.9451767282893346,0.057805583214273426,0.040101154729611066,2.300346488731626,3.62613995032393,0.19248960659756098,2.060791242428773,1.6525486405964054,1.9662831438886466,7.507191294287148,0.28638979675351117,0.5798051588773632,0.056400665088915114,1.8270197664997618,2.752288595463176,1.2126469075352682,1.0044980152286607,0.9144939452403618,0.6156700943605825,5.327963103205156,0.8668240300819718,6.776103653437222,3.842094071888829,1.0304733764020275,0.6939047385173858,1.0906149404657446,1.3049853978207127,0.9687477765468153,0.8651712101544884,1.0946972402086503,7.220613188997336,0.12158271907228024,4.1618125557643655,0.23980676121663747,1.99538618190327,5.302780380641213,2.110726387800824,0.17772812981230413,5.792159452336255,1.791679544972255,2.455621510176248,1.196705175003494,2.456578566522277,0.8822515131332271,1.954018591947873,2.0384448351617377,0.8494610927088739,2.5620410661692743,0.5371069535902029,1.948516035755248,1.5001672057414186,3.2535091184485267,3.4081769738491556,0.38596572080788016,2.246802023821832,7.947092465491045,1.4727560154946517,0.21723992132356806,8.267064839247341,1.7410129004769082,1.6989237225894818,0.6823351929536353,2.155830495647254,3.6182112529286283,5.181012757174969,1.1756458868833373,11.018021893769973,0.4142327999344215,0.14553525695013858,0.1373743263352507,0.13705447908206192,1.583129938649816,2.249502584225216,1.0349612184462895,0.47375879902174245,2.222329440707769,1.244584885211611,0.1319126355784651,0.8319954591845768,4.021328524271014,0.20767901127158106,2.188136365951655,0.4524064499594451,1.5862358549683797,1.099927543684839,1.7500483779230098,11.66675674516095,1.1306619431188323,1.620279477581877,2.3146314692034835,1.8075868287357912,1.412210259227341,5.307744140896685,2.451967311664659,5.096142364812054,5.20071452214493,0.7588496735553574,1.6828274510454655,0.4284371359702098,3.0047687371994733,1.6732410251540737,0.5178035123147436,0.6833602578582392,2.4516641374102113,2.5199618757119713,0.7238907232102177,1.531914206387658,0.8080300356842033,1.3611640893655128,3.489861803883572,0.27754722961615297,6.23268048819009,1.4360656300095225,3.4969428458553553,1.0576107848527572,4.147687021270496,1.581988895486936,1.1269392899057786,0.847989625665344,4.408429363552019,0.2219711278791261,5.542093548811515,5.383393687721794,3.9000996565669745,2.1269042722366844,0.9218437030859785,1.0096155014175734,1.5346609371467503,0.4774253681339444,0.4495000232318369,3.598673216414828,4.283492254223905,5.14300532897023,4.07893169196646,2.0715091544656508,0.8729705697274038,0.29666604137328423,1.0491940301652245,4.222519185865472,8.677304084688434,0.6951628064116255,7.2797878320592835,0.1854803103835383,2.5476410413426356,0.3650523076030088,0.5769884231646947,4.920124667353865,5.413361441183368,0.15087494069082763,0.6296144712939564,1.0141826712324695,0.6053032878511317,0.269885170563683,1.664900576025203,0.9936712001054235,5.79252077881647,1.6648819858370691,0.09811339725446144,2.5881441204345164,0.34904567170647116,0.4188419580420773,0.14881691581348755,4.382877606614468,2.7136224551634225,4.04614345253876,2.116506147016121,1.1268721445225682,4.159596839776714,0.06769524869275156,0.6950369079338002,0.22941249334439662,9.191254080216222,0.9746633309161741,0.8755869400872213,3.3119160844372724,0.7541325395871449,1.2814839812917733,0.560373292065075,0.7515482686788366,0.6870017470547818,0.7871280881242555,0.13017066008063316,4.291982794131653,3.698578231314396,7.543232053840105,0.05495747451735067,1.0911062498067747,10.626367875554301,1.8436988098305334,1.1102941247943656,2.1824582067083345,0.788334164101433,0.17999327489215555,7.54480366765797,2.188229241580752,3.8638393678190295,7.008206873635398,1.0683253352117967,0.3992613522097539,0.3743006160048117,1.3840686527823753,0.42362802648440734,2.886128648171253,0.5022462012694623,0.9463278091467625,5.556574047234001,0.22197114162930287,0.49036342289284884,1.9454862881675283,8.179831303419023,0.6305032302597628,3.0435142782794724,2.307586710701943,10.462818987729657,3.7887852096417953,2.993955457584596,0.251879421547165,1.121209401820255,3.8491527413360616,1.4479058374544524,2.1717489276739803,6.241274863235277,0.9257193399340569,0.17174308056705223,2.348227710043213,14.692810820030502,1.7687121794276957,3.7211344852490624,2.7212450335456144,5.768396664183782,15.844744878881768,5.542666368550717,0.2343852223553968,1.7753772048921723,0.6786164229086247,0.5257049338720132,3.8822601022363163,0.5521403317321322,6.045684624419397,5.174773012185932,0.7164040338747237,3.1680499912565674,0.5910007807725732,1.7484005613388425,0.5779188606413922,1.7266511691329125,0.13411764325470443,9.836830076391408,0.5258635205321653,0.48035024636862056,2.26908902365821,3.90412157959769,0.17222026380725008,0.15506727564959855,1.0019083815821328,3.8212843929739773,0.3268942169624718,1.6396674047366762,3.3025274710421395,0.8980626945680643,0.9371673569134162,0.48450997233902204,0.5252899930475466,0.3228649209410155,4.575129830053745,0.11623312229798088,0.8742730310774658,0.600801192318295,1.1462877696852094,3.4988333876743725,1.0967139817978462,0.9022139274821286,3.3587388095452013,1.9406375456914706,1.2025318894258028,5.827883448865377,0.6646883270919545,0.26938590540742324,1.6331022178661656,0.6230225862486912,1.9229695772693143,2.799339439347428,2.0026539749788865,3.2093904504203885,1.4930529742368182,0.513260800311076,3.6681494805701766,1.572489111624066,7.684750400800157,1.238754348342718,4.154070001529311,0.6710776220615724,2.2236197690993746,2.874941733144357,3.2883484496604827,0.16286722010694654,0.3995998409919833,1.5260723710793096,0.07940016054707516,1.0995993710128709,5.117080363202366,3.4772432199931376,1.2574514526087808,2.338589563167823,1.26105561926282,2.149947669213353,0.36052698036396463,1.2663554672086073,0.54231919279075,5.723275136259323,0.41204182631825703,0.1858330668483884,0.161905756583124,2.163737373120312,1.8022383148879917,2.356638612797246,4.225351241448152,0.4657625509829713,0.04358797965798633,5.577710139902842,3.276035426068424,4.296318512553942,3.0776182491650568,0.9721312478075407,0.7982213070878338,0.5533797548172035,0.45817401573544936,4.472875698592268,1.5844890449533349,0.46284535750858025,5.501183042464087,0.4101453652801371,1.3824618169974434,0.3215690368992127,3.836143363353956,7.8156926692927104,1.7123447325627796,2.070521278083034,1.995578564624986,0.9584934049098173,0.17929481102392092,1.5298664531705117,1.2121034890378688,8.155365758144908,4.322299719892352,0.8159683952589412,0.15712024675311587,7.521663156095226,0.5884330465550147,0.7840811995258044,3.472249229121431,0.25090575114710734,2.522717458479312,1.2688162947444699,2.0779164616886625,0.2583224378346938,7.872367847614898,3.7340860540246545,1.4079501807961505,0.41471917169497485,0.1869856957877285,0.9266023183144396,1.833625556490234,0.7721169816922916,5.216299240973704,0.6564320276102227,1.0795871258442151,1.3912593083707223,1.3040023106877707,2.3292003580763554,1.045145900963626,1.1432645227333333,6.696531846952132,9.096208984634837,3.482457958614391,0.5277193785132199,1.8126455065778853,6.176134034866763,0.8807118917266936,0.1906412536541935,0.3941990982277229,0.703371669473932,0.24569940725317863,2.072891458165226,4.893628853364057,0.1222222677776732,0.4229351470421891,2.812278839410903,0.35236254279061074,3.9711174482258507,1.1817690962678031,3.7303648264996707,2.0217493947753424,1.990802405232149,6.776873947715945,0.667068125512584,0.1205218716701133,0.26425860749502483,0.5025759389778823,1.80384804114981,1.7388938846541544,4.444623047890394,1.962595758875419,2.3714786392372114,3.1625785697275326,3.037975594664368,5.976280780137243,2.757546678700721,0.24359502265874394,0.8056246953333602,6.4185691997420475,0.27444751859912286,0.12822612382030063,1.3893445219382152,0.05593176065851474,0.5913877162761356,0.34899806968828856,0.4003136336501638,1.2444252675608944,0.4407557855301818,1.29306600125981,0.8823158619474372,0.1688429107216447,0.689473700292778,1.619594812488808,2.2304055948082437,0.1821735360689571,2.14835771393349,0.41918235649311797,2.271419751474032,0.9783974760956503,1.495731997518531,1.376063403103848,0.07553848864478174,2.9904434072221866,0.16022227283137902,6.411661045956392,2.113800749693538,1.8536195134585414,0.1872847652344738,0.6767287681350744,2.6878739743120423,3.0130040952588906,0.1603021018784463,5.936403232954623,3.8691828578694594,1.465251830301762,2.7492924290540803,5.747518182321562,1.8345552795931377,3.472340509599195,0.2481608837646332,4.0115944495485625,0.22110789356687266,0.783242380188129,2.4168386337704044,0.8303061690754514,2.4437575607139586,6.962777659911692,0.09507612684909009,0.411285563923558,5.094875998176811,1.1203633434986315,4.3743309276860725,0.8742313843520535,0.13696971042296857,2.859582797690266,3.1550960009227698,1.2959663380927473,2.322600779015164,1.4032195345227687,5.128445154075655,0.44653297871970615,3.8871165857021257,0.9953926280773802,0.5108927777443524,0.5720101955300949,4.697172771030136,6.003096246814187,1.6343075650152352,0.6292035095372555,4.2885734858410425,0.5020397747760039,8.947604917494232,1.9070224064430301,1.149227396187099,9.88381226764424,0.6059561656667043,2.0195887572031914,2.6676641595247563,0.5697405651861807,10.645119474132292,9.994285783518734,2.1986255301383415,0.8398179803619932,0.4897895959819598,2.1915666066269326,1.5970511325525756,2.371555813645382,7.760045050037503,3.0551425679322297,3.709617666929863,0.39844195645450253,1.0263510674192773,1.6235531694294627,1.0820818618501509,1.1953592128019195,0.4560953228375164,0.5585207480503948,0.5631106395184111,1.6577025098449005,1.8330045386382579,1.2589902559853556,10.480475968471392,0.5202056035802266,1.6722096186809172,2.453971941988394,2.6734923813747384,0.7971624730664412,7.6224265230894686,0.15009575413294315,4.063233549425582,5.676597574870467,0.9918419337585589,0.4618077001826302,15.722542344526271,1.934836751222885,0.9764024151463551,2.739808398127571,0.3613738302420799,2.586682209689689,1.0696415718902434,4.36808678539073,0.24222896554009243,0.5452951625029381,0.12263024250917276,0.4467284319462732,0.9504775139520456,1.4399498728243376,0.32371489974487716,2.7329781913690816,2.9337216448609245,0.2264134930813122,4.06067537900351,1.88465695981234,8.733366279339934,0.2817769564645917,1.0056981197273576,1.0364165077974814,0.7709867116001603,0.18708445062794887,0.6356282442289687,0.33379868782403266,2.0030548368779764,0.7480028881468748,10.589245621036412,9.37085959159787,2.5593979904245416,0.5895584966821215,1.4933476077839947,0.22663478202278053,0.4280749481638808,1.9605985243437063,2.4189236805634073,0.5218162580081012,0.2702313927117168,7.544629182521433,0.9473165442815704,2.871895350089683,4.853773386361632,0.04344407891431601,0.8625839901588594,0.6469839016739682,0.8153944717827559,1.0100486300047193,2.8619497120456456,12.719047451669883,2.56076147987464,7.296090700110808,2.4129943724483924,2.2030309347017742,1.1045110215692953,3.6118298872171626,0.5989719112665233,0.2443053703189979,0.551507229424615,1.9955398060675762,2.9077179499127044,1.730027645346953,2.8887986755300643,2.03690810440435,0.631678214237014,6.260972793622443,2.586442250767579,0.3520210807863084,4.083888851127086,3.4291740945602913,0.18809843832799222,0.2373542136066297,3.3728751028687753,1.1700833060830895,5.21528456641621,0.5862511693388777,1.0189780477842207,2.583962547496053,0.9509466720971114,1.4469387226878885,1.6508576930151855,6.21499735814225,1.463182017640808,2.4472006424812016,2.214175300764448,0.38343831299901265,1.0326516269831578,1.2588203744518573,0.43895809121371254,1.8249079765935594,0.33041502761433494,3.953616718042124,2.4496271828248926,4.756724317927981,0.8388613739287991,2.31364717541511,1.0104839725407957,0.4946570714473595,14.754643244768292,0.2676455260022874,3.8382321568300433,1.2725891854307534,0.8680548616118655,0.3943924747676457,3.6791574446000546,3.285231174217288,0.9728999155553999,0.662422510842188,1.911468853968839,1.32337029149695,1.6971703671955216,1.0680069633093685,1.8468708219344363,3.9433440025897,2.1604300531104714,1.3656426900399115,1.8699999803679206,1.5150755741436526,1.6573326898630742,0.5537506562627206,1.9401354237847133,2.80865658901464,1.3344421786446345,0.4437177862069701,1.1180218669143667,2.8974487576610035,1.7817031877495717,2.9685458602770343,5.711025021271353,4.232704352702602,1.9460093553765414,0.48367842601766764,4.49133707958262,5.6058089772459185,0.08303160262643439,0.584762138082632,2.3260259301677326,1.7353231523508956,2.0909540337905104,4.270393857616545,3.9088833365730893,2.6806574270692956,2.4802064627880465,3.2876170102141344,1.112610499679734,1.2270873489776737,1.532494991800135,5.211697813407445,0.7410339197320878,2.6289685847421236,2.08788643128533,1.8875015650887708,0.5121141476947211,1.7136283760075282,0.5502267567266055,5.941577291952479,2.91832028240976,3.496968471260108,2.1415983798097704,0.2300638872109837,9.73811551337123,0.3842295082892686,6.962787420455374,0.9850325167338536,3.821045782836724,0.7559487912928698,0.3810197651072018,3.173912468656219,0.6374528040251146,1.695906188095496,2.367104923222224,2.6378225116909766,1.0703140440019459,8.179559289340869,2.3252819781237504,1.8987410563631413,0.6924313605642984,1.8383966078546456,5.321083692419572,1.8830790370874935,1.2520962003021676,2.1742250293237744,4.8877016180293165,1.3725341959705204,1.3305817404325155,0.5805038599361074,0.6187260620364683,1.6757492875900504,2.4996042406017365,1.6605612792074151,0.5967964815157638,2.4753626791598444,0.15753027198467545,0.3712469742029437,2.779645919230766,7.546697869144813,0.18309519793421325,3.6578049510429587,1.7642528041671732,1.4632986712197402,0.22027776818507344,1.4431663312539418,0.4346128817630185,2.4864383645049135,9.793064601719239,4.515420733481549,0.3093626853311435,0.6507609548009538,1.755153646605029,3.2853568599612757,2.1058323063397095,1.6139631080946863,9.89567396562514,0.941823441545593,0.21972891435050584,0.522832088198248,5.586704709845209,4.03230429136093,0.8755303848124795,5.267145874314371,1.3357821947064552,2.3383541913543784,0.6959907260931621,0.5564203217909198,6.259658894366074,1.8043483685920136,0.6042389282961416,1.1820737649809403,1.6947808784062006,7.092360274566596,5.231771170409717,2.175735808058545,0.94846912110589,0.5851172177586913,0.9318397691679705,0.4914300502545714,1.0878983463649512,1.3133136324508903,3.0220089997445645,5.654741871845513,1.295829919719276,0.49724768148663806,0.4758182004947725,0.8032275440568236,0.2622302744513212,0.4065215822330336,0.10057407558069276,1.6657519970755377,3.499856864736712,0.2436832317600681,1.1303609212530035,0.2696296499056285,5.685813459879768,0.38740655510144284,4.445176230060427,1.7827237649498877,3.427526795992054,3.3982610951419256,1.1606525247376576,1.3066419776505542,0.31176191653844154,3.696631015185809,0.9843935560111037,1.6988870402016802,0.8430174161882555,0.8304305598389621,6.952861057937529,2.228442989096483,3.59185791429036,0.1544785729832534,7.867562342596852,1.713354724379803,0.3851755916831529,0.5812946433309065,3.34772162232859,1.4978522736856559,0.35223677852617064,1.3724006920032514,1.0572460140028686,1.207466120859742,1.445812873938775,4.043527394935245,0.3675737858954804,1.484275582071531,2.1887120197348793,9.617249310749692,2.7834109086548913,0.08435485275574717,1.7492296042405742,0.779047678829228,2.6046384695958,0.4488631013995604,2.2724507956564604,4.24819678176138,0.07546225730672901,2.5277315171978643,1.8110714394660983,1.8666542235598071,1.4310894088055257,1.310142824697454,0.20665054858843868,0.8182910729628161,1.1540179940922093,2.3195989397736407,0.9070875537706422,4.15079785401879,2.6117944317034834,1.8102297767501065,0.45263271013003115,0.5065036645610042,0.403262911165609,6.4504313836095495,4.322360054678897,2.12462134533936,1.6294527534941796,1.2883571198623394,4.308746922238089,1.2212152507606362,4.183207458458474,3.157833644376337,0.8030310507772862,1.4658498118833116,0.22711564522252364,3.2375509845385,8.313993971040784,2.4690672119828787,1.681883326270961,0.37399385394968143,17.516646897456457,7.633267784144331,5.506773226726997,1.1084436160284334,4.224403420718133,1.9993996088896755,0.4725059040064861,1.7108155788545136,7.5526365385237675,3.3846015815552,0.4355501873239915,2.691725722402218,2.0298249613416717,3.715882114220815,9.987805281112802,4.95420355796583,2.9368171107922367,5.1677085646407885,0.6010975251129991,0.5992474081436707,0.15771130834029012,8.377563841325008,1.8587627958642603,0.9651895473952521,1.4161404849264794,8.693985853847588,5.245419995820178,6.819114257314027,4.460298215533008,1.571607415231081,3.209028604027269,0.5366045886481623,10.19019154918396,0.15011075641709848,3.077913297474062,5.770689939351385,7.489365092204017,4.079312621512317,0.6351107412182428,1.8014280189943506,5.1676875276866205,3.1702481438985672,3.3351310596800885,2.0748603516134336,0.7340664309074292,0.5386488240151523,2.2506464569837834,0.2840177846791887,0.8344368361706063,4.981825686322096,10.872386925110973,1.6038932390415714,1.412715209013559,1.8330364789451452,2.582092764150624,1.3143450432303418,1.6171296185533715,0.938597435716024,1.4251846901530931,0.36631259267364746,0.30632902069178103,6.409284457026927,4.511149763632198,1.137361171482228,0.45090883957390426,0.7117013206535336,0.6155389457153753,0.9222252636642408,1.1881937137093213,2.288427865652372,4.270709015940895,1.087602698193032,0.39991292719188587,1.9573298065142377,4.550230353976564,2.4102770916400913,2.0067596574395625,2.1156784055987403,0.5706722505178305,3.195132726750807,0.7177025637580061,5.316325161362763,0.03538920122129441,0.7405712385508456,1.3447495325914116,1.7524179380091882,1.0728554410301356,3.022408940998802,4.745689528024987,0.6189838451443528,3.8246218564607446,6.468195020407439,6.425009111076678,1.7882476823479072,4.083559965583282,0.2653990624034144,0.2893226830245485,2.0919957839801624,2.5109832593513497,1.9370484500283986,3.651650139859309,2.507145123603874,0.15151839518622778,2.1125112645403874,7.251483904929409,0.33045576571276947,4.581273706083884,1.708019893123562,1.7263065043047292,3.573900152153274,0.725247913521759,0.879242586144535,6.046677010351892,0.9627972351858425,0.5123688454538375,0.723321319255781,1.5081056337946508,2.2328501824140683,1.3913724949047532,0.2728970352930659,1.5193293616299832,2.558766771381877,0.7813793109092629,0.42678576817279434,1.5218564912955252,1.1025151925536405,4.15871284186918,5.123469278966155,0.5904081238791374,1.3189880402042902,0.620433309754915,0.6241670579289008,0.5607472425738822,4.491776296809064,0.838526203011965,2.887517446035075,2.6984152212537436,1.9037136349433288,4.688923671212806,3.385316087695073,0.4747966713333218,0.900828340405445,8.653864950959253,2.3047077164906566,5.532784363087872,3.3022710372430653,5.123985482749939,0.8029720312198225,0.23832522173847348,0.5296281430874252,0.6925617486629976,4.453972487327644,6.524229138562198,2.81280180300625,2.1712116980822875,0.7110866195900056,5.369805388754401,7.116998853339164,1.9566254640675087,3.821095933040277,0.6761744475602873,1.8503280015881642,1.6873209976012635,2.191764793878473,0.3407720591851313,2.4254821737884917,0.590670975552313,2.928873864886247,1.2560026448540695,1.1866006528186084,0.4744070941675076,0.7639700601852866,3.9646017028339533,0.8136038162077779,3.272215851753579,4.975432466344923,2.143732491237869,0.1412689658942501,2.4345266783436426,2.204071291839978,10.698076416857585,2.1001826386872873,0.3754124099776823,0.4201145233310004,0.2291387660678041,0.9699483353463957,2.8546721814267295,0.356891877213699,0.03114520240039581,1.4769091015620848,0.03082380850786448,1.2784718293668842,3.034020081504547,0.22773340937683073,1.6979627904086878,0.9649585809093975,0.227145775361019,5.725858369499332,3.2196876699555665,3.4070979042604925,1.6176536662233758,1.817919627982722,0.748932872943931,4.940234910181541,3.083750996328729,0.07337324160755232,0.7201022417253344,1.3895985848435952,0.6731632740421176,2.1943396611153094,0.9461644333965147,3.4562695527971012,7.518674760261298,2.3528433870439738,2.7235440680403906,0.30946341660440935,7.702826162548248,0.34841233246071956,1.7019871509204831,4.334077778288016,3.234467781730631,5.132332061104069,1.4441110633025112,0.2930292277816804,0.32378019809556635,4.509585637653185,0.837456140586291,0.9898347977567523,1.4192068086016243,0.27037256444629953,1.6292091139316796,2.6362570280120057,0.20381538373398145,2.965753534276673,1.0519602362290268,0.9944777520846033,0.2754204679750215,2.0431660724722094,2.6391310289902377,0.25437077171882877,0.22711838530710704,3.2165440743551974,0.8985315764118513,0.11044105008444105,0.6306374890504243,0.2841122105689068,3.6094994132661897,2.4249939619705305,1.0230898585478332,0.7191473850718484,2.625445601406265,8.233217436541786,0.19634667082125667,7.5444174898057295,6.968653967300299,2.3671822739634734,1.760967681548051,2.8363140450845066,0.3591635479369655,2.1923521883117303,0.7282142265366516,2.052415642069991,5.026892184005848,1.4076740093393316,0.3924476341120071,0.33204109910681306,0.6994869126295242,0.15327473987950846,9.529230438081944,4.460434005140928,0.8133597625721785,5.1596173745355385,0.22705051967629108,0.2082980955472331,1.6641607719589009,0.38464189370757507,3.7003434943123654,0.5414945583028692,1.6982147261601057,6.062726428622725,4.73454248653274,1.4428501994602012,0.5492367292358409,3.9732262167012826,0.5544116485151336,1.28744591406396,1.3907633391413783,2.7377085131390984,2.0462625125420795,0.9264431737108482,3.2160533438774728,1.5876176800817932,1.785927595910883,1.0940622503231334,1.3709246939070998,2.423231292306964,2.0289634593694763,0.4057750331795278,0.499667819204344,0.8068951661394705,0.693820178153137,0.18597620504126278,0.5275558685520747,2.2532202760629048,5.036345995141117,0.44657805964769404,0.0827760810651117,1.7122017360992707,6.755422497411814,0.3555664830137455,1.216728515237541,1.3823863503953815,11.545800791782112,0.6597227025324004,0.2397306893688116,3.9581602584205235,0.540200875406152,1.8645217731118597,0.6930745781738578,0.48249044871199387,0.6327168684486381,0.8805204100839216,3.2773163442122852,0.20375527291457207,2.223345969698183,4.12958229235802,2.284784403144228,3.3961717565351277,3.0784645826826256,4.271081712102071,2.9269002840336436,0.3756187666906332,18.807340951449124,6.771651038860518,1.437127173815831,3.666081772137,4.625684234316536,0.7641510741653075,0.3507386998032651,3.343269205813371,1.0012715422450604,0.41301971390707815,3.3453672714265874,2.0881762561349775,1.7934294374872315,0.4305568144218308,0.4440600802572967,0.507076289507153,5.838480836898115,2.1847230108423195,1.9452838983871148,1.0211160559883399,1.4963801209682797,1.4125749792375666,0.5577307697896747,8.179853686701481,0.8220907574722527,2.3723085799686894,2.7158718607562813,0.5375342355976758,1.3729571751123748,0.7962189166812357,1.996624230620579,0.6320821456097458,1.840982966897552,0.23375168842456007,0.5617319674787481,1.1936958443956693,1.8732596557486456,2.4553399607142756,0.49229862655122797,0.46402020929514265,0.4612556878609335,0.8192031971501454,2.1842277896868887,2.3716638192976394,0.11991867105153187,0.830947206709003,5.768452754660567,0.6089360901727607,0.40250882714826786,1.769489451035939,2.0168613640899644,3.354640090720453,0.3389607415371513,1.0779243597599566,0.7257513826856274,3.050766920684809,0.6190749589589489,3.0322289298946936,5.575075620638595,0.17775115383916062,1.666354703813477,0.6229041812101358,0.8658412233280649,6.213396167303058,5.275284715259621,0.267985099482678,0.7590298205184667,0.9067286673996406,8.608319696473334,1.027853280638314,0.6603120418185182,2.109835708093682,0.83962064394914,0.7196905517786383,2.9931834906590673,7.751447996133628,1.24847790055786,2.452047491868165,2.0716007535665772,1.6138756056232708,0.38139932381484964,0.6699296624632142,2.681958371275732,4.279716144563381,1.1753274378699214,1.7882189322562505,3.124818627690592,11.06433814843045,3.7987804078660456,1.372357589314547,0.266433743339874,10.511462831324119,3.512720102976039,0.7040785781412517,1.302477161405765,0.38114581410680515,0.08827684949935932,3.750690888011131,6.912509368302307,3.2200780695274824,0.46057520689689846,1.5136116954582384,7.036484795694607,0.9703561780679084,5.901877959177064,0.9205625811341747,0.15730076320385522,0.3030160562761086,0.5501620463302035,0.21003109021166533,0.5846301661435866,6.120648448510566,0.47568347422328605,2.0169542560961533,1.1740777259267403,3.1686316409069444,3.721975063507843,3.5233876001457474,0.2300611648392108,1.024648482718011,1.1621362755487532,2.4736297132415364,10.664503522110293,8.819620435804325,0.1224156222874867,0.5910915727833306,0.11284854034416603,1.2065387991077654,1.4848326028887384,1.0966586094430602,2.5713043900628367,2.1686508841109187,0.43046835596048527,0.491953434469252,1.2101384919141416,0.5652957770663527,0.599590797379566,2.9663199201314723,9.36118281137859,1.2344251942955822,1.500254112434272,1.7499348182378742,5.278935020706571,6.413373374841687,0.37963524791845416,0.08874571921218655,3.1195943666435704,0.1793482542339826,2.088358426040111,3.3722616227126903,3.851193968186786,0.9636259749707374,3.1338425163851453,2.0635056494358572,0.45819688646025947,1.1368372604258654,5.60763296923599,5.20660416029495,5.9210294294523615,0.24662920332410687,0.970329995046785,0.9052924960105422,0.513447949775885,5.440484284194269,5.05542339635058,2.9090113784060687,1.9319073208948032,0.8511527425938826,0.701040260444453,0.5143631319665353,0.2637283202732492,1.9151502888329284,0.447808549281698,2.08895302124932,0.4950929379630815,3.5456235571075774,0.8422641283311144,1.308319169087233,0.27019809875759715,2.1514526804539362,2.1628419297379393,2.43204338523221,0.1260637283299808,1.0094290433307174,0.2939444813671648,1.3097018951415456,3.495622796250835,0.7741433466107245,0.7562543772797881,1.1877733952261993,0.3406200919764333,0.032951371213740366,0.4655753722846303,5.008595597716076,0.74156405875061,0.5093043325110659,4.1402131008822085,0.5099791671058616,2.4659425584388384,1.242437747440274,2.3097041234171627,1.0161123331760513,3.860482070665627,2.337461060127074,1.864379871729779,2.829705031676233,3.5623241118737656,1.302573930912473,7.731097491874511,3.0726324060382337,1.5472693031248563,0.5733054441328658,4.51245492095931,0.3078016588537562,2.570499936627259,4.817471960854053,0.6116540404102122,0.08515485016580487,0.37656042562021597,5.8193253149224855,1.2284760682474918,9.069114725321112,3.6287692808160177,4.057740092652432,5.170843159505543,2.468590685457187,0.454198174697672,5.452291253038901,0.8496924163869481,2.6615967136650327,1.3202288288475732,0.46397621129110356,2.1345223753205556,0.12274758343619951,0.8860238595774819,0.06418001102287141,0.7139861414957835,0.7557000425787773,2.0151633089590746,1.5375999756793748,4.754764885069161,0.9948505351660832,2.3773228507782296,3.4733381078148553,1.0362544351094012,2.3572871796615527,1.1020851943458525,5.178864921893571,1.2887309331643222,6.750544634785238,1.2607452212837678,6.573246122784049,0.6087267530554361,0.6749409451914673,2.71519803868722,0.28993394578887555,1.0491160715987764,5.926588981586635,1.1764589147040097,1.476864717555054,0.12681318984759793,1.6310946132116508,1.0189324109499793,0.07437474312515913,0.7231925904247828,4.769241555614939,0.1719270422725172,6.733642713833458,3.1598299496089743,5.796098362596773,2.5429233611426922,0.12823857015822537,4.734363819357224,3.5026715306941067,2.134157775944626,0.29763987990848095,1.8438580836412726,2.8515680171149524,1.202310363748977,0.20279208966807405,1.0020311720653798,0.4577540033462013,3.2697613279002984,3.9687408437422436,4.208016289056722,2.7552963494940226,3.48417122892638,1.6540634983988343,0.23091534610645525,1.160924632632978,0.36462865957052104,3.7161024061231602,1.5052647919084035,3.541694803478024,0.5613633314766378,0.49677423870386894,2.1064582340113143,1.3750407347594367,12.925337854426514,1.6353262026010371,2.459896958001548,2.1593247385925864,1.0973295718841507,0.10221281208044308,4.207042240635538,3.116160542497867,7.943848957604842,3.3186864010001345,1.121197034306851,0.7344528190018845,0.37843782889021904,1.74536437827981,6.220293570879324,1.2609769795943122,2.168790716992405,1.9673310684011416,0.8072472440419171,1.1447260835920599,0.3516136766772513,2.073143200618394,0.3384033078575238,0.13907591205407316,0.1350753493880552,0.6673322590483821,1.4370265256810972,0.7680667964676322,0.9456525237490225,0.4463444787923466,0.5984441242351933,1.4270685654928041,9.064971850481532,2.2780703383301892,0.976277487091112,0.647570322685673,6.917573730693106,0.03279055806259201,0.5214852452483403,1.6879801732233926,5.798411257286213,0.7063068793810643,0.6899696527219414,7.464167151809564,2.0624825329025196,3.804634907915557,5.138971767200564,0.2983621003209859,7.532148535787179,0.19423632803767776,0.4300797475452116,0.42477207711440435,4.406794719865571,0.9573574394378821,1.5830578813135163,1.1534865395043505,1.934954633927864,0.2795665861319838,0.15862052060875897,0.16929042040965658,1.3054541921110252,2.2207282229625074,0.29782101336988975,3.2567486808329127,0.9673598780159847,4.87494159642263,5.4747345995249965,3.4770449519715747,0.6566624076305821,1.0976553433679663,3.3027232562219178,0.13845313992271402,1.9977247775251077,4.562012117007014,0.9725622395972624,0.5389659689144495,2.381829878449208,4.399237966596308,0.1995130843601407,7.444468255913348,1.330988267670052,4.644413234503557,6.326573984222979,2.219038519296778,4.686299247994893,0.2046648926923138,5.909518278035602,0.6024041170991064,1.090736474475264,4.838068785431457,0.7855613236538975,0.09671949637592381,1.62727716341321,0.7682761107334175,1.3757722545968474,2.852513888395168,1.448516719163577,0.3620157279329249,1.4749209896289321,3.2843619240204296,3.3147824414671847,0.47163627431394006,1.7486618473005366,2.1440205503145044,2.1212990801247753,0.6046238907721485,0.17018007859514483,1.5705881958855126,0.8494310135954032,0.44512065452147787,1.2441208674827469,0.8877587685963269,0.47420898403859557,1.76972581737942,0.5633384272277351,0.6035586203446014,0.38682145608938123,0.9355355858343901,0.9395364395981095,0.5201219837623365,8.896189837771551,0.03044909165342813,2.3846519073614223,1.7419105898620266,0.48323895430904473,2.511126079313695,0.8709207066436018,0.18904876274268012,0.251692159442256,0.76765059096829,5.2317391702986376,2.9140038953277574,1.095032990532494,15.40945422829161,6.39514754851131,0.7668484608477715,0.7510405989456772,3.6464012224883833,0.8738347820459351,0.4066084933371408,2.033118530126948,0.5402065822786994,4.500328148835001,3.640615203224784,3.190163727937372,2.2392620830499705,5.324506856743851,2.602279891335697,0.49650943215668775,3.2064755116078,3.8617834415502825,0.650551679055664,2.6989985140810266,0.3610538937985668,0.2181667273177479,0.9405585318717787,0.39583499986735626,4.557291505670919,5.875096135969829,2.475160801802747,1.8202700131742717,1.0516791781476742,0.7757591075711283,8.607847633406072,0.8005418669313278,1.1328322616007036,2.64788512661614,1.3118305672778123,3.4622733153428595,5.719953028824202,2.6485327385684734,2.552562192111743,2.6292220956491237,2.5238962162981173,0.3898452022429719,1.4287466122314396,1.5031025536812317,1.5524633575497,2.9447931636022027,1.4679214337736965,2.666476465724449,0.6418933327999684,0.4837705698381931,0.2513648016959198,0.3788628486069014,1.2414001632674292,1.419911297720505,1.415236951233159,1.0326264427495269,0.8403171039783763,2.6624732159463966,0.5690070942501064,0.7871547563568784,1.567797663407913,2.0575366706642333,3.8514643970824176,2.4856569553805676,2.8015063845077077,5.923436991093195,0.4710460653540641,1.3490909420490858,0.848879873501472,5.271632290937151,0.11815834274078241,0.306723271931701,1.3363007259279762,2.582254023971955,2.3075584292096307,0.29353348960133774,2.1835699308754997,0.41646165285193715,1.6243992795852669,2.357278308217104,3.214687781170693,2.938379512326463,6.270235628664312,0.424369464093342,2.729147290064083,2.5706110041244843,4.978047053682615,1.937411698632374,1.7833519168145537,1.5418132708879044,2.646074308769288,0.7053933016873493,1.0438065278070623,5.242529827709279,1.2229811381965867,1.6925777470253156,0.7364152312401302,0.21297512136587504,4.785824372432833,0.7709033151347903,6.820704236647865,3.8767531202726913,0.6557887469267992,1.065892569119224,2.2168560946137417,6.143061356242937,0.8503398525620509,4.90936570831061,1.141362040255629,8.894945190466988,4.700749846264704,1.2256191021604566,0.4947682517177614,3.0391068667710326,0.4854321285532075,7.6026040564062605,3.7628294540341174,6.561603121415872,0.7831932996377196,1.8221823038220109,1.0497746626604574,7.908603022441073,2.922709526289822,1.8319171190063073,0.7169340220545918,1.124135252205119,1.9822504909758953,0.13270814488421578,0.45074534997550003,3.386476724419266,1.6885581416415676,5.398108936481722,0.5719159170775424,0.38848978651489086,0.954771547765922,0.3472463911547892,7.818322834494965,0.9651782259730173,3.8746063956382897,1.750080524706849,0.9906444372397956,5.55628554499635,2.2011125905017632,0.5851723897677,0.9051939953552652,4.826979249378163,0.8311156537032596,6.72296387927744,4.629258082227659,0.8694406346911399,0.38138309622906763,5.576422041431453,0.8229889177863483,4.598292822405911,2.8621006719254525,4.316363311407475,1.934572217566668,0.3950953670731111,0.5307684276353938,3.035616737799296,3.2674567361797884,1.5512955258437011,2.001858623181823,4.1675223346823165,0.30233523491461,0.27304197474094927,2.055565017147142,2.1005811103593395,8.911147247654812,4.087203923288168,0.7931551281415745,3.699532203305961,0.6522087696653801,0.5011275763242562,0.33605904241463475,4.040707228796702,2.083569399699526,6.394898412819013,1.1590374763597144,0.9405005571531078,1.3204483746536813,2.1460313796651294,1.3036879593499646,1.978434463864624,0.6499589057477477,1.91199795946515,4.1537466801532545,3.0342758908141323,0.7520427070840467,9.319178270506457,0.5134686750655917,1.2459117121493901,0.16037780485773523,0.3630381089827023,0.7851181901975719,0.11577385036781729,0.16135407400475468,1.1777981290362185,0.5329878409241708,0.7041300710184271,6.3988926030729525,0.9503272896344923,1.2652452067851696,8.482057315616828,2.96474437501978,4.385676288522445,1.951882722581794,3.576878200151513,3.0887459697830435,1.5191451140805246,0.5424710368426362,1.4560279766019202,5.6745321111809,0.6652336172246935,0.5325934459885864,4.6543447233642645,0.4476176171574332,1.375803562705166,3.7370704510000587,4.1319493677484775,3.182160358489187,2.0347703424340593,1.0857617496384178,1.8333677930514536,2.3795288458603148,1.1973233524160156,1.921316086750696,2.6185029788944565,2.325980063860678,1.7826696792797367,0.4700892575286275,0.5947889035369232,2.872719876508691,2.8010987502012763,0.33315483845771454,4.831636458793351,7.37104822533265,9.44270765622531,9.427892116719525,5.1258206301620035,0.9728656125957875,1.2254636996841144,1.3598796515270712,2.4373434804017435,2.432403304928382,3.0554214231471986,0.2260088874395606,3.469765927930719,5.356182364203299,1.4479011201958945,0.5374801507570619,5.024506432361438,0.47208113615142344,1.5788913616327456,2.171676011153818,3.188217022223775,2.1858270069081254,6.12172384376486,5.190151170886338,0.2510927888918566,2.604902623973086,1.737875605248595,3.136376942070465,1.4923890797861175,0.4870373950391764,4.308086479103151,0.5702757428597962,2.2183612039193914,4.812302556110586,2.3727154641718586,1.246529925990781,1.0502501501742532,0.3498524184842575,1.443249331043622,0.5742022732569383,12.576840490055883,2.9151837874346946,4.042057217828237,0.6260973864267506,1.593097840008543,7.723841368083118,1.4582839084498047,0.5368783013053255,2.6081543703766625,1.9484852393268337,5.643776971037468,0.5210534853975051,2.5785135019444687,2.6650826572454767,7.803673711894799,1.611558246670342,1.7898843681530687,6.120395568184422,3.412424016892572,2.75896496346129,4.355786784311901,1.4703867280245508,1.7743685590517226,2.87899349894985,1.9587861324016607,2.285434384801498,3.5625019822659763,0.6053091953333485,0.6326177927987313,0.6474680064654912,1.1901184081008536,4.671438869384027,0.7472440717109607,1.3848700152193416,2.072943056041181,2.194009386238512,0.6536714289381451,3.6676166933682257,1.8107520578061642,2.9676069591596934,1.421947960860927,7.205772572487309,1.220878828590457,0.2138128595979918,6.156529577661358,5.531197009641168,2.259634293714984,3.514628094103297,0.048005609070618294,0.4358735391127333,5.98303946216785,2.1258638663128635,0.32087067328965135,0.45182843280998597,1.5355372200553858,1.457883555404505,0.80176426365474,0.585873613560288,9.412867596991138,0.18472709046047753,0.7363760901549008,0.2551437068062459,7.977722491627336,0.25212677911141235,3.868988021003786,0.3352112722037993,0.8337145220838443,0.7693241999085996,1.109228164080341,0.06951349126676476,6.391401277129164,1.20692674863056,1.6714793557518688,1.7014489235617842,1.8819216634166833,0.6560923369028784,5.577996354625982,7.367360559402609,1.2068974831008648,1.0051337739653523,0.56875246512048,3.385705787885821,5.7780138659261935,1.473737155944581,5.2776688786002275,0.9140317365953119,0.8921472580911691,1.2074506039137354,4.623009867162834,2.156064664005545,1.6680060163575574,1.246678841638348,1.923087656966259,3.3956503719978586,0.8551457904780114,1.1378475974167948,15.207018499740748,3.1151530566042056,0.40523227787168326,1.2522279099403129,7.444347257068664,0.45318721019612773,3.124388900415906,4.477014507072658,0.8291443997072898,8.21139265928618,5.29161410553519,1.7547747945871026,0.3160670181696412,8.704236496529894,2.986409482185779,0.7452725481062846,4.720486424028014,1.79668225102141,7.037993080625176,5.219655496198624,2.7596154733613076,0.2666899593472125,2.5856335652565843,0.4163224265954968,4.594205082556787,1.788638743155,0.5800417327530558,0.7919964951059593,1.7463445071682648,2.384947702269839,2.440622284880274,1.855723047892544,0.17776615894308911,0.43927887425374657,0.7714337327685935,3.1232299459511186,13.395919318456139,2.7042451236065186,4.025833170619629,0.6836457166223424,2.966560097530164,1.4122460429469283,0.2671175980807359,2.719963344149433,1.0904142474010703,0.7315532284563357,0.08561145734478426,3.646297192395953,0.5128654428960158,4.874613889530767,4.9967445072558405,1.8907423403145471,4.446883176394968,10.040138072659538,8.263225490673783,1.963335353395815,1.3569519010265387,11.896835354504914,0.08137510953807314,6.017886022691589,10.123631907403531,1.553832694553359,0.06002406888285916,5.824102839347996,1.8927131658645997,0.054149129198147516,2.988031034197989,0.9869373395402479,10.231894831696275,2.8533710917090023,2.0533169799988604,0.22453990826771175,0.8467568220126824,0.2553478404467282,2.8968811966480823,0.18412409391400342,2.378290272797019,2.4436669679314713,0.10052963447203678,1.8153714204498064,5.036007411602781,0.5437303784500549,1.046974324229181,0.42363644413172097,3.8147086841027487,12.874881492918991,2.5659280352018694,1.7507185817918685,0.6780379313963745,0.535163572736645,3.0631452340258263,1.6383547774713465,3.4242911686338444,0.5584746284313289,1.6284325581314567,1.3179214560446888,6.804388227111754,2.124236875370766,0.6301519160507998,3.496087870182828,1.2547545601974837,2.5780451900866512,3.6968170018918496,0.18527711455566453,3.072510676591072,0.3060326701240197,0.18142653795184072,0.020501553697946484,7.535984488899601,0.546148941757622,2.0576550536141394,0.5227809743073615,1.0662155061762881,1.9939171103306155,6.825957139023366,2.1756657045943593,1.6148345390147836,0.15132101275741228,1.8624267042736011,0.9887178888477846,4.76098761502077,5.580534979377774,0.2768510896459666,1.0830308272551108,1.2141512695449763,4.997013826070678,2.3477652539298335,0.5769891677032557,0.5121464467676777,0.9414707729946572,4.02086152915565,0.8802318072816664,1.1859929358128014,2.9458194577466212,0.28012033453580365,0.29176941472859363,2.5531111504506,0.5250722774719077,4.03569593356239,8.557987258546186,0.10209671353225053,1.3610860263095335,7.781446000282196,1.4101508226530728,5.885821074602849,1.007780132010997,0.4749110925212254,1.5771067229449378,2.7739876715091256,2.4874797487465177,0.4306702283608217,1.9711944430024815,1.784912936719484,5.093812737385972,5.04828409247587,7.6676354160779185,12.9479951006781,2.076630798058136,3.201873919453284,0.45041415197551005,1.8776167794637815,0.3099533361876974,3.154708607466667,3.9419882355589153,0.34502540802360393,7.06659049560558,0.5109815711604563,0.5121582643226269,0.4703629093232118,1.2307932630172271,1.8766240107705228,2.805422621166284,0.7474403612866256,0.2048798953841784,4.462365064154485,1.350477560561286,0.1894991345086776,0.4884674739635133,0.25920013465790587,5.925468224709451,1.0164473325403232,0.8824993951808483,0.14288643450809735,8.706702386456985,1.1132114757966625,1.4578879069733746,8.199568993229514,2.7567304612087304,7.9157230070084665,2.93638763377472,0.3391760127620176,3.3537712876714476,7.665145395368455,1.3224044362046885,1.634707514142013,1.1518440213703405,3.1142975336498204,0.19510223605214982,3.1717056307376734,2.8017489844059895,4.0756826002198885,0.35083287203082514,1.3656030237399182,1.8120913162362113,2.181529989237682,0.5273753065467504,1.779393521142039,0.309103695274985,1.9462768255472134,3.03602078099824,4.522824896948847,6.65107598539203,0.5862391617178053,13.52347602435753,7.3723630730265635,0.2748321232775752,0.09502212680420685,1.0961484606358143,0.6065239705944698,5.287008996297801,1.5899594911317716,0.7191911160917221,0.0766733400360563,1.7021160023127277,6.5833937555718,4.821518168250988,0.04489073585254966,2.5545109570681444,1.7067475083187464,4.730468249503907,1.9407778802310982,0.8296015335654203,2.8672814173666072,0.7749656779494289,0.6309450310483129,2.404688573208019,0.1613351245234178,0.6578607326377646,1.8637260702544978,0.5431280356920212,2.4576698750909713,2.0970636083271157,5.455007080873474,2.6633406420365704,0.46129061506963587,2.1486638760576673,1.7605787263358286,0.3922846576769984,0.48344763639402677,1.7005171022028305,1.0223512337804843,13.022079403702003,0.8389956574127575,1.5484343124497253,0.019448157992292436,0.8795015254602468,4.510210982359802,2.4656586343467923,1.006119149212695,2.1732618020327505,0.5157252583177472,1.6667587439921088,0.5823620105720579,0.5791697645884782,1.6346889407140481,0.17231623032603144,1.5572147501810643,1.3859995005060344,3.799138882561571,2.8869012493533344,4.820036863189017,3.6523223885457896,0.7636362688736655,9.24480074203571,1.0393046868092681,5.096699244812048,5.074031624900672,5.922843052873902,3.177758604923999,0.2155853820717759,4.659758804253559,4.724134601860918,7.125259481447096,0.24638867951731241,3.5770049921884217,5.006267761970456,0.9419286120043426,0.38551543810738,2.3257100381412164,1.757080398715277,1.9629729758595467,3.2573050168743767,4.50531512414768,5.711083072323249,2.857848377751382,7.678832872605403,8.552455036517362,0.4688600033396164,1.557855502929867,0.06915784915945278,3.4313720382645534,0.8208489903307928,1.9452430561432648,2.422366146183748,1.86434670037128,3.542443811071978,2.7326727833139683,0.6221795873973017,2.212464398919103,4.558182329227361,0.8259052807241867,2.166257347698613,1.8206028108002772,4.724339947344889,4.255722927311042,2.140015162661382,3.971440061757577,0.2663389007364749,3.1632127159779184,1.0189199389161623,3.2054937213024894,1.003110579304542,0.8688116124452675,4.689998824959172,0.14565820412755603,1.358702091459771,0.7659652132197798,3.1919195684288666,3.8371566876517726,4.145040716628397,0.36865741798114615,0.08071096034603231,1.2669216399772818,0.22153933639336598,0.7282898016323797,2.169457827446073,6.934730698447442,0.9604305614250638,7.455078216671421,5.873404757150915,6.774817926492919,6.910690516504587,0.16072329695307708,2.1172855502091172,0.7725386834835645,2.6999555032263043,4.048423227832273,1.004202461993347,0.9272102305133572,1.8556043061414156,5.349313475057639,22.810186577954426,1.9511306340860304,0.8634689314165966,1.1422816515233372,2.4675109953076175,2.3990003850753623,0.31805250476291824,1.0550315269150872,0.503650552147693,0.7156616560373428,1.2865510679070196,4.538997458257829,4.550068616584374,1.2286598343538648,3.0151204395087348,3.234665712041637,0.46920398282465814,0.16273213458884073,1.4678727534071643,2.4371297977274535,2.9082704075295878,2.4301347650078986,0.01457242883003762,1.0996068178786111,1.906362118898497,2.3633728981371904,3.1294559879141968,1.0450218724932283,0.1850412425440746,0.4459602309266344,1.579277724465998,3.498070071020889,0.9661198968453231,10.514389853389893,0.530193020804465,1.3801949592142249,0.2979647488855489,0.16344926894756595,0.048707542256386405,4.166239267202362,4.8753459271293975,6.194364792099957,0.19901662740826798,0.26563420023183926,1.021689443686408,4.350590440441968,0.8159678007431904,0.7840345624328631,8.366794778754517,3.278190749525523,1.0772225948856342,1.971530604319194,0.7558485258062548,0.1322402352832004,0.19518024361421138,1.3379340818406276,4.368546197474425,2.8136206928396184,1.782621214362507,1.5276111718197,0.6145242533256776,4.910075506441768,0.6318149549876984,1.1221281823555649,3.0883082534185284,0.9406112707223788,0.3957079456685091,0.564880726077597,7.48781122501553,2.0243923479381114,6.4292210965682095,0.40848157411042774,6.3279271483162685,0.35598338642373073,0.2912453873857117,5.984124466753606,2.6629549018276424,0.2963971786463371,7.030202203969177,0.23315887077483444,3.3632980771735896,3.2741989345936924,3.2960589551397756,0.3221468550302635,1.179954227031641,0.18318838113066183,3.429187004475237,0.8292522809099825,1.1732516601245897,1.4841349087798226,0.4375684513075002,3.7029530544475375,0.9497652717418048,4.3103622275320586,2.1721239560538583,2.4592387512931864,4.58784080134758,2.5631427587518694,1.3658118252024685,1.4267010175102028,5.831393928816429,1.1243098780729914,2.5012083059728023,0.8431186285584622,0.3896411734399343,0.7974419161635016,2.8802767789811403,0.7737926673887807,0.040959380971551385,2.219993443292738,1.581315131088842,3.0731986089359107,7.590797749973131,0.37626423496553263,4.678612319127202,1.4599269015433423,5.082409827503288,0.14273706143773635,3.727995040971269,0.4891933915982609,3.7017449912286837,2.365611946177445,1.217664468316102,4.92668425207854,1.5084900065312388,1.567574444343494,2.088757472843188,0.40803483825104747,2.628495721448248,3.73596588643875,2.206070020923311,0.7443179805885589,0.22401934759557585,2.9590968037108767,10.391400706208191,4.395311878471961,1.7436354449646467,0.9777258992917366,0.634334988953922,4.953415196646682,4.972132238090293,0.8573842332893051,1.0480530810758575,1.4026217041829017,0.9306181961553044,10.943689206370339,0.3971601822580113,1.3056500637957367,1.966573752119055,4.378868513484057,1.600522804864062,2.6641730793583083,3.464753719072605,2.707924887101779,0.7019255118505879,4.303118575001788,9.1518961070951,0.7723651657108046,1.5883581017495905,0.3064724425319464,1.1143340524866332,2.475887909276762,2.024001439488892,1.6378948370753816,0.5376870728769381,0.3755433767089382,0.38238409229070025,0.7219944412924946,1.1299105234405689,4.7089541078048045,1.7670988101333533,0.13526154321517914,0.21413510329619584,1.730988293572621,4.968715485916372,0.6913090479376487,0.9927259716196295,0.548700166258153,1.099874869162414,5.457634613603139,0.8862457751264741,3.9151577792597436,0.03852427574037193,4.464684198203861,4.899283236768511,4.9057243901216765,7.483978865425091,0.13912873572586282,0.5072864643596178,2.6570152768076247,2.2918734609443785,1.3749504809846056,0.17802294214851488,0.43031233307543193,1.022859718724416,0.6925944625702289,2.22494402790971,1.7852361104727672,6.565717495757663,1.2451272418849588,0.9145100464967502,1.3711584701607773,0.3052687425489635,0.7335768667582612,1.356272979609765,3.499116653745776,3.3928168918715818,4.718103177576369,0.5493461942081203,2.395772942669079,1.1561773937280573,1.6458235039006788,7.008892618017814,0.44591925496129314,0.19721047021190907,3.151494702989682,2.9179303202537534,1.338764923121227,2.625054961614287,4.629595171438252,0.4563029459820538,2.18411073057594,0.2163045129859631,0.22341629843218813,0.31319373325721667,1.1164457566291968,2.406214134583508,1.7380535822874978,0.6211572282891105,0.84379076574249,0.22596230082321994,2.51047770241583,0.42167411151990775,0.37044467103571566,3.051509337641284,0.842041562295204,0.8358290517081572,3.393411574224247,1.630331442785647,0.22407989778067083,1.5342813078262838,1.660347129642699,4.8071514136039655,3.6371073680440174,1.0351823546433385,1.0145643639300697,0.06266760272858862,1.389193981976128,1.0017063738529204,2.452149446479563,1.2525083879679995,1.7930959575519902,1.9243453239376822,9.28558350824913,1.3462254489907126,3.2651902352754307,7.356750334893489,2.7901158629416543,1.280468153912171,0.9381861544765602,0.9615986203352038,3.7432760535512486,0.08568814342574438,3.9722007773848196,1.5799214836417652,0.35907594906810436,0.8940488740188153,1.7026403148537685,0.7268281850346905,0.3039689469345429,2.007316793346511,0.12164584984825155,7.81411900175446,0.1560174525511171,1.1840749930267334,1.9561950432494344,2.578459178406895,4.109291066417532,0.9725205594166926,0.3663768776728322,0.8698238594515506,0.5239710640601631,2.713437345329403,1.2163131240595026,2.7793445531707546,1.1010994284471982,1.2093943997353793,4.911731130236973,2.7363859385700873,0.7587010150456766,3.117386399248402,0.29742322648809694,1.1532245002048107,0.6891027131787912,0.4887676036693829,9.020330750248043,2.6689455509553284,2.222260022736129,0.46190621895670547,1.4943536360389675,1.719504233338109,0.1092868923989343,0.4313209273138885,1.572340873867993,1.3342762072801104,0.40138401101891463,2.4959959486938486,9.513100442413032,1.9806124554999953,3.601402778533338,0.7357415371812956,2.3216204192148124,1.2296748015551593,0.5711395306933351,0.7760162409577939,1.7705836079607962,2.9126495072320013,2.242090113149102,1.3185683291814065,2.2812222557281197,1.9004657642922513,5.484992753117842,1.9661964575734547,4.75022597330581,3.4662024570066583,4.053858367785315,4.185363369670962,1.316224682439561,2.170519311483191,2.14918751648903,0.38709324379887855,1.3633448312278849,9.363072646916251,7.740314410326819,0.9785583547055965,1.7923134098506932,1.3985406076174702,1.8263426816617954,4.093391837148293,1.1322739380155917,0.05549528878946974,0.6842319917171351,0.3117635070314434,3.4771059588546347,0.8122811120336025,2.2674616994339347,3.1061530871553273,0.2323181565280965,0.7975727589898094,0.6265030662841573,0.8483932667741909,0.4291337053005946,3.645242778468495,5.262245512847406,2.146832012084227,0.6381625690871674,1.3996273092103713,1.1587786023680842,5.547241363623758,0.7748640318685702,0.7513723909940002,0.6776080534098123,1.2696681197963522,0.08512822851635621,0.07214512532945139,2.5102189513503577,5.522304195840763,7.252699467516491,5.810809658408189,9.392987318064511,2.434803847870542,2.063478759059361,2.2440469126361196,2.2185049584150316,1.340611880454738,6.4413061390818465,1.067947721650297,1.1139913982447207,1.6948638630390211,6.8689666990334235,1.9013011859381124,0.26736244418098964,2.7284432412109503,1.084230840054486,1.6599040561285965,3.6013852784711906,8.558437722909844,0.7610977471657918,2.6096008388155454,2.1507351795339815,0.40240250097549846,0.7767725511760237,1.7758654250724415,0.361513273221,0.8479713585084914,3.608659291704704,0.541507643282388,3.478628060603967,3.8450568169510504,1.9365289230994762,3.056809241292056,3.1048120981577965,5.04206179905678,4.744997693054711,4.854455767005393,0.04254049957709327,9.188397842732932,2.3391773367967144,0.5308758603988919,2.598404480845963,3.1369723577723057,7.759448121439456,3.3207743414469415,0.7462825273365674,0.6717532854878656,1.7474378212121744,0.7908347420703093,0.6502598959026791,1.39873157066626,2.7076419587611644,2.435675248285404,4.837012410721355,8.083022622985395,0.44326674315206754,1.4005900922806094,1.3727272960345758,7.822729587280206,3.9695304295636604,0.6806494427868996,0.9177240764172199,3.1977861160003846,0.562046962151588,0.09262485872580487,3.31668749127234,1.0150749820502907,2.7963915467556992,0.75936280069185,0.2678450458007109,4.3067557435765575,0.6044395401311542,1.4520040356737662,3.1234616320104256,2.9159164487116462,3.9691949940925673,1.247203208441654,3.7492291659001453,1.1607512281534298,4.902605463938285,0.663115216793895,0.2455289242620996,1.8505382273975077,5.866163855915767,1.553756241577125,4.277439197593677,0.22578767877313966,2.5952781217970786,1.7686392795615848,1.6518881367652067,1.483776482059756,0.15326875858905797,1.0332134200699592,0.7295879511096908,3.316644212046078,1.2128899307971606,5.679283636862552,4.380311229079558,1.264326632243178,0.8450613656149802,2.3475947187009014,2.051609509953668,4.067280979138314,0.8201063749498712,5.927894409842988,0.5614635215243027,1.8563768537419065,0.16733294532382803,0.24974756910781282,0.6182487720708497,0.4152971327281104,2.2291848621236947,1.0142677019407866,0.06903149218762894,0.8604415231041473,3.278543018965647,4.093824892529725,1.3359525184659695,0.9692097945456586,1.8491815505675724,1.0430014640289342,0.18903445877160419,2.287800805787142,0.6337013663533477,3.34650670651671,0.08589737295787248,7.704052194320637,3.089355890887911,3.247539931669258,3.0745423067926643,1.3321090011968324,5.699979631967561,1.1700697939607974,5.10609613392141,4.94388044513913,0.5302547074785924,0.4607052565981228,6.3094853757423195,1.1712196620903854,0.5222122034039799,4.650913551184489,2.059263263537999,0.21192598304988863,0.4753105661680646,1.6336027401795004,0.967652664079155,1.470701222886988,14.1819292521114,4.095705535877862,2.4795000352901884,3.981758842109097,4.313020246348797,0.9479981545196172,0.4895257389902198,0.3101473524138715,1.2132454290526309,1.3260316073029628,2.1570728335449276,2.6747979948958367,1.4193483835199214,0.35961419640885106,0.38331855167674367,0.6862913206068969,1.5442262333897583,0.5521785239919281,0.1847479924916302,2.408492673275596,1.5710272236874463,3.7578454881348593,0.2504428643743486,0.49882120679093445,1.9537633298044224,3.6026686129192367,1.1523412836629947,2.788274391554341,4.9401868840442145,4.294578423717523,2.83649921349416,4.121625808378805,0.9820400516835548,7.214141642176767,1.1430746405910694,5.7436643148659785,2.757286376983374,0.4658782299264923,1.840265301468222,0.17033302970916298,3.91174623095447,1.9109738025361147,0.812171949065131,3.4290942358450325,0.2039199056596539,6.008875931383216,1.9083805686784745,3.016834310193371,3.2381201032198224,11.440869335946168,6.4037101578394555,3.0625891133207546,1.837481729064087,0.4399198767547592,0.14359248395903979,0.25296499027532904,1.2021131147249657,0.06583771194050048,4.500809607056912,4.467316603407716,0.2642191524958528,3.167483416865207,3.8774764564601236,12.285655372191561,1.7330462626781833,0.35191580363282027,0.6286311086340903,3.150664998831422,9.800864306758317,0.8130951621061244,2.3460589836065404,0.5594262567661685,1.5712111418722792,1.8637025904067994,0.018529128169830322,1.6095070887826866,0.2767269014958149,1.45053848401253,1.7921558570663796,0.22446490174841682,2.5634447471906316,1.576671291321445,0.18415812248806773,0.07618314675666937,1.1527154214307345,2.192990990527427,3.9176209000872277,2.4274627988939406,3.4207771000503775,1.1231337005870676,0.13928377574575668,0.35471697041862793,0.5488549827381299,0.799872071027611,1.0233142121367784,0.9268848188678215,0.45138422782946264,1.0261341659016217,5.391461637225122,2.5048288645013157,1.8413440419570133,0.7399619316509314,0.7962375963275832,0.5759681427657757,4.1706734917211685,0.7703098957399138,0.06976481117836952,0.4508994129664172,4.7973496965231295,0.42963046801123395,2.8585832946289704,0.661064781542373,1.5881853628433116,1.1173329001477295,1.9924852419783101,7.716898331371189,2.373367207146846,7.711633411599847,3.069075500547585,0.8306501884010274,0.177583692953852,9.911448006885863,0.2027886822404339,4.495162199505587,1.3267662443493053,0.5513079002715071,0.6215137238852793,2.1824324370545125,11.47006452237047,0.11459546148902938,1.5406868939248315,1.2572712514175082,2.904093958554888,0.9109666469990408,1.69937045965322,1.2135231145913672,2.2256091769135367,1.2116263356173573,3.085065868460293,2.8316615744102256,1.259264338964583,1.657497961898019,3.9599891532569993,0.3408275597504673,3.9623670262283985,7.25322790699964,3.174868208846294,7.4600178760379485,1.526505457001034,0.8279881177121949,0.5395509897791206,1.0142949000860777,0.8005380238379127,4.684330059892364,0.6605670076892429,0.25322767816857517,0.17487639878814554,1.055792788332915,0.3243444893665406,0.4435880930008902,0.23358394594301246,11.5852403925598,5.3024711108695355,1.4701936852945394,0.24311444987205946,1.8575718926368787,6.393680420007019,5.36971282681256,9.28950806268039,5.6655919389172364,0.9406140775773268,8.80073484703153,1.7091705445881384,0.40436116655441945,0.250138453377737,1.7081466736790052,2.5229131320991067,3.890997008752227,2.2823450127240914,1.437667801346338,8.694641549082283,0.16988130451410227,0.5641127176117893,0.5715945976674941,0.44955681151606286,1.1658188967571466,0.3541694295638065,0.46332135826506526,3.263068732767544,2.9723024459712226,4.166876163630397,1.8113550913122258,3.814206138877028,0.16948797357760176,8.099933835731246,2.1382549887004965,6.197061250769128,3.7533575769323773,7.004114639089726,5.8838559336049805,3.7233324732455464,0.5130546068763715,2.123802823548124,1.6462990145901948,2.3344847447594077,0.999756454097483,2.12499045278158,1.2579270576796184,0.12177264321828851,0.8499945486346712,9.447030234839307,7.320331745615459,1.912026938694186,1.0754921310391958,0.44089401152532304,0.45695167551003446,3.9360324499918624,0.6292789803010577,0.40560409420117094,0.9903472659699424,3.472151103281393,2.9429019192641217,1.094096761509913,1.8441436039612746,11.141552554383551,0.8137959927532294,2.6871598813146935,2.791008842084245,1.457598776871121,3.25636408838114,0.4180148753740436,1.5263087355497498,3.965795339791112,0.7228991215931326,0.22724081158777254,1.1301971549526213,0.7269604876216296,0.7516343258208624,2.231555788263056,10.080465409400002,0.790054457438556,0.3493367283510723,4.956721384353341,2.875457346576823,2.522189823714342,1.6538552155353727,0.45244956698231875,3.076219100897658,7.410108745591057,2.016004902481326,7.390092697799222,1.240394530091958,4.270945735174088,1.3630980806631048,2.891897941116593,3.4084091294609067,1.7475477380925715,10.982981027481673,0.824081198314417,0.4060856513623426,1.6859577547844091,2.9864740633966598,6.6140698794395405,0.8587799966874523,1.3605646093897779,2.735435266703804,0.7094912652744918,0.4018387372086134,1.1867207221428557,1.1536286537526301,3.567280713966282,2.3272065885650908,1.0981982408988817,1.2665508223806183,5.779439368756732,2.2263532522654224,0.41593030472721526,0.6975304044095074,7.087749221479324,4.758035296291313,0.2719083175199475,6.560684293109525,1.0421168511682435,1.685021808259975,0.8658719628543176,3.786556291997138,1.9602485387249087,0.13865593512871888,0.16316624042614447,2.065287258602063,0.7086175677400086,2.0615371787090266,0.8949079335677789,2.950812712060273,0.640516872081232,2.295921134824659,3.4808659048371906,0.9065267121822178,1.2172203935207337,0.9521619042008527,1.099584660240769,4.002387243498867,1.9321957894792487,0.07782458258712777,4.548542944514935,0.7618212577808743,2.7700498710403276,0.3546681206928916,4.943605302772266,7.41802894651732,1.0920925076318417,1.3875097144201511,0.4694814335372911,0.18983992055746668,2.251845216706299,0.45030112657015553,2.390029702681053,0.6006906778151635,1.2100255596827396,3.2207188403072107,2.0922505418923176,1.5825825757195169,1.1171028145205912,1.1350913511810798,1.8052163230069247,1.8110809556228278,0.9110423518960418,3.555200580263393,2.960455437844615,1.5835468495153162,1.3103649956423802,0.5758527999634934,2.2535883149009424,0.6734242170132168,0.5561679700817818,1.1461772808551978,0.7264234082404566,2.5265654278968,0.43679122125913805,2.7379139863493673,1.496022019282812,1.4783319941991744,0.39880834379254804,6.9320876006289245,4.416331556463334,0.2278272520615099,1.669271882709526,2.848065315450451,1.282967090932353,0.8216203816132994,1.8836242713657927,0.09324749104590557,0.49712351731870186,0.15999751385632366,0.14667973067588758,0.2857841794520155,0.511419714100334,1.209497638579165,0.059725908827040985,11.614818655140317,1.5915554334256852,1.148547184064157,2.121596946130774,1.7375349652509104,0.6153440790114266,1.0563934315229468,8.016752406642553,4.502599078899444,2.16451386366239,1.2448597058279904,0.9685788008340162,0.08280466208326409,0.31594825903165336,2.0109038870834017,1.0863346505933782,0.5151973077073457,2.5518540117908834,1.7806344858486054,1.2634031896209708,2.858736151547085,1.6199107036018152,0.6366117305792135,0.0801850144100138,4.595817721008507,4.227488941047907,2.3576184744499216,3.2707203942573297,4.605481628997053,1.2604604158115373,0.5993886098652852,0.7966377298536143,0.3652897850319883,3.174601554014022,3.249239604808424,0.9158154439593695,3.380627619197137,5.783756895767672,4.1469767897730705,3.5660033136110156,2.9758667525624074,7.93588560816411,3.441478631381992,3.0327215463392188,4.299526894739058,1.1441879740214125,0.7098652286679061,0.30022672365410186,1.8209471277192875,9.255102494132935,3.34710420644706,0.5966269126832333,1.8472675724726606,4.127875755562151,4.642378827294187,4.267603659991548,3.2239467641419832,4.6837370469344055,0.10735026414932902,1.768518483473097,5.564723300868875,5.704000744919735,9.14954074195903,3.63463413223521,4.469925261831896,1.1952367256646155,2.0474026357936412,1.4029777608901126,1.6460304546744835,0.482398752174066,0.8287965625768644,0.5892541874085908,0.9694934778114557,7.408527377095194,1.3130690689650437,2.433030640164984,2.359389237910322,0.05404903041097375,0.6843872287501869,5.048596360109848,0.4569087024709033,1.7254304536343437,1.322428787691191,0.7137984221334557,1.6911777273135071,0.2667691052884025,2.5080862354920734,0.8175674649255914,0.14279049317408687,3.905937848637468,0.14140279757106988,0.4720540828296569,0.6024429167789097,2.000198441588688,0.7901611124437029,2.9488648414402956,9.378189903072192,1.7965355936632839,0.3355216382061196,1.6790747891587041,1.23695126644055,0.4873673897497519,1.4843934852035945,4.594870622163592,0.42768017500343647,0.19995190005131042,14.100033828414185,0.3252338800264125,2.924315261115782,3.0803260647555524,4.418235879536059,1.7578250121517978,2.255601408243124,4.841426733277984,2.3746117348746165,0.5312278783050686,1.102136637542663,2.99294202572015,5.475961156399636,0.7077873654297584,0.33914406837980127,2.3824226191783042,0.7780293641232993,3.8673693341638846,1.491008607184074,1.0578852008406696,3.7025854346423612,3.457750829374575,0.3980735336929253,2.3720338670028993,1.0318053565985483,1.795435703257318,1.8862267298358626,0.3325457800995846,1.8097827268733375,0.982463762753389,2.097492505816998,0.31766354589247603,4.396394775670145,0.3285828664586026,0.10479623144548733,1.6653313030512846,0.8875921492123608,0.5871526660845312,3.4824438092005847,1.0298965337472348,0.4745217244456379,0.0623114328297083,1.1224479139518286,1.8516750058774485,0.4620590959769926,1.6274323414625433,3.64664854963673,2.363090645754986,2.1564314953051444,1.2091828276631809,15.643418892085164,7.38157797124104,1.5861081076994739,1.0752843126118208,0.5509833564463755,1.8209259301899656,0.06944606616863847,0.44920720433062866,0.4608802110596306,4.355727095869856,1.5581174726647071,0.5773587788555657,0.5240982818289712,1.45162877946061,2.717831212695129,1.3326304687286676,1.8079993585190444,1.2030355604398748,2.4981760423734736,0.6970921163300687,1.646143466450983,2.375337104891496,7.496766181780675,5.37205893576365,0.17910200686030658,0.6312384900236792,2.796537808050651,1.4187686245499522,0.718030783896163,2.7586546016677636,0.15329685215757305,11.516134363207847,2.0692237577450845,4.423833238045014,0.7760522572768277,1.8931201056808638,1.1472069252612176,5.7613167315527365,0.49581767565415813,2.9211339679079673,1.148087309948496,2.0185269716807,0.26060940129384225,1.6154366350595277,0.8405027696896883,5.759338098972484,9.015362585856161,3.583196088273231,3.158460476884271,1.8133214677095446,1.8864306805167903,1.228175812872119,0.198037844034904,0.6012542634931899,0.841381424546966,0.42015210256207147,3.4462272305939523,2.362699411146777,3.9373985666236377,2.6536807271386933,2.8508491159487264,0.9559574542853171,2.8103635108072096,1.0583124478268975,3.88253845333033,2.953492073749922,3.957501377816626,0.30768524231797323,6.056158455424419,0.326034183672121,8.175931550662474,1.8994545109477314,3.41547188769018,2.569763132739747,11.00543603253993,1.7996694331296568,5.147201722966513,1.5661546461443066,4.787402905498005,0.9948151958445495,1.0687309924125725,1.9420223613823833,4.555862690439314,2.429788303645255,0.2586210503812669,1.187766955519139,6.124904239680952,1.4094303466694387,7.98135416473057,0.1866245791667045,5.812919387542479,1.871712416411456,0.7438435718110408,1.4100133170890925,1.9878873320444235,4.6052698771847185,3.7632777608219268,0.4362550700826022,6.417758555606925,2.9725865253948336,1.3749786779174404,1.1607139607635926,1.088383643177305,6.448003084656248,0.5769493021960611,4.970219153459377,2.443143020152486,0.6121799589749459,1.0850850180507408,1.1414378930173632,1.1730609903545026,1.0411630382247123,5.39522208310549,3.1614818071976183,1.9769539192866068,1.2667709558912954,1.6901032452584874,0.7668782436129562,2.1909677395993676,5.982598837525965,8.321677772494478,5.924296267049959,0.9285463265207073,5.301249555069612,2.1730184966965567,0.7624186439277589,0.7722884757879096,2.410080608762761,2.1298016097690895,2.5463271878781093,4.111592465738726,11.99675588846443,0.09388371668200957,0.9331304208464722,0.22954229832244266,0.37685925367219364,3.2130966983535623,0.19103367649976866,1.450280758353157,0.5079237469231048,4.061276659531105,1.699097986824955,2.490449566102191,1.3663942087112568,0.9485099990536354,6.0689613695601246,1.3862910316532588,2.217868328967435,0.7680480440075099,1.1022287913510587,5.120292809540728,0.2027427458596729,3.212324163865148,2.0081222917685038,0.42881786628468843,1.6876815851380949,0.6356518827682545,0.6728445235368214,3.6422416701385765,3.599497008020174,0.2596752694828104,0.45177847832745804,0.6351093859580015,4.116291901601283,0.3575119079085757,0.15666254385231293,2.4260285099103926,5.0975460716529595,1.6240854974002197,1.140458230661042,1.4706010103166574,0.873252213801657,5.96886134747413,1.4321802182594088,1.0935874440658513,1.8605693436414499,0.1370517564705387,2.5451891365697175,3.473834629371942,0.8024322690752395,2.9497371696241923,1.60737073812769,1.963731302146899,3.7894981177439453,0.2986917873825998,0.8649335283893491,0.5289469538835656,0.3900863662211533,4.805513525060842,0.5950526173752586,2.9395727711306323,11.190004704173738,9.703630887710892,4.870169541523836,1.6040183811094628,3.3440841657448837,2.693664899391271,3.2736922739810215,0.3769358992756602,1.7938798554969817,0.6054441685869739,1.7939159258643973,0.30955361806927106,4.180487613374073,5.428334501847282,5.5056205415290265,0.6087790453844706,3.566084283700108,0.11015571862290918,3.003071066590585,3.3811350585364037,0.2693203305722367
"((1, 0), (2, 1))",0.0,0.0,0.0,0.0,0.0,0.0,0.0,0.0,0.0,0.0,0.0,0.0,0.0,0.0,0.0,0.0,0.0,0.0,0.0,0.0,0.0,0.0,0.0,0.0,0.0,0.0,0.0,0.0,0.0,0.0,0.0,0.0,0.0,0.0,0.0,0.0,0.0,0.0,0.0,0.0,0.0,0.0,0.0,0.0,0.0,0.0,0.0,0.0,0.0,0.0,0.0,0.0,0.0,0.0,0.0,0.0,0.0,0.0,0.0,0.0,0.0,0.0,0.0,0.0,0.0,0.0,0.0,0.0,0.0,0.0,0.0,0.0,0.0,0.0,0.0,0.0,0.0,0.0,0.0,0.0,0.0,0.0,0.0,0.0,0.0,0.0,0.0,0.0,0.0,0.0,0.0,0.0,0.0,0.0,0.0,0.0,0.0,0.0,0.0,0.0,0.0,0.0,0.0,0.0,0.0,0.0,0.0,0.0,0.0,0.0,0.0,0.0,0.0,0.0,0.0,0.0,0.0,0.0,0.0,0.0,0.0,0.0,0.0,0.0,0.0,0.0,0.0,0.0,0.0,0.0,0.0,0.0,0.0,0.0,0.0,0.0,0.0,0.0,0.0,0.0,0.0,0.0,0.0,0.0,0.0,0.0,0.0,0.0,0.0,0.0,0.0,0.0,0.0,0.0,0.0,0.0,0.0,0.0,0.0,0.0,0.0,0.0,0.0,0.0,0.0,0.0,0.0,0.0,0.0,0.0,0.0,0.0,0.0,0.0,0.0,0.0,0.0,0.0,0.0,0.0,0.0,0.0,0.0,0.0,0.0,0.0,0.0,0.0,0.0,0.0,0.0,0.0,0.0,0.0,0.0,0.0,0.0,0.0,0.0,0.0,0.0,0.0,0.0,0.0,0.0,0.0,0.0,0.0,0.0,0.0,0.0,0.0,0.0,0.0,0.0,0.0,0.0,0.0,0.0,0.0,0.0,0.0,0.0,0.0,0.0,0.0,0.0,0.0,0.0,0.0,0.0,0.0,0.0,0.0,0.0,0.0,0.0,0.0,0.0,0.0,0.0,0.0,0.0,0.0,0.0,0.0,0.0,0.0,0.0,0.0,0.0,0.0,0.0,0.0,0.0,0.0,0.0,0.0,0.0,0.0,0.0,0.0,0.0,0.0,0.0,0.0,0.0,0.0,0.0,0.0,0.0,0.0,0.0,0.0,0.0,0.0,0.0,0.0,0.0,0.0,0.0,0.0,0.0,0.0,0.0,0.0,0.0,0.0,0.0,0.0,0.0,0.0,0.0,0.0,0.0,0.0,0.0,0.0,0.0,0.0,0.0,0.0,0.0,0.0,0.0,0.0,0.0,0.0,0.0,0.0,0.0,0.0,0.0,0.0,0.0,0.0,0.0,0.0,0.0,0.0,0.0,0.0,0.0,0.0,0.0,0.0,0.0,0.0,0.0,0.0,0.0,0.0,0.0,0.0,0.0,0.0,0.0,0.0,0.0,0.0,0.0,0.0,0.0,0.0,0.0,0.0,0.0,0.0,0.0,0.0,0.0,0.0,0.0,0.0,0.0,0.0,0.0,0.0,0.0,0.0,0.0,0.0,0.0,0.0,0.0,0.0,0.0,0.0,0.0,0.0,0.0,0.0,0.0,0.0,0.0,0.0,0.0,0.0,0.0,0.0,0.0,0.0,0.0,0.0,0.0,0.0,0.0,0.0,0.0,0.0,0.0,0.0,0.0,0.0,0.0,0.0,0.0,0.0,0.0,0.0,0.0,0.0,0.0,0.0,0.0,0.0,0.0,0.0,0.0,0.0,0.0,0.0,0.0,0.0,0.0,0.0,0.0,0.0,0.0,0.0,0.0,0.0,0.0,0.0,0.0,0.0,0.0,0.0,0.0,0.0,0.0,0.0,0.0,0.0,0.0,0.0,0.0,0.0,0.0,0.0,0.0,0.0,0.0,0.0,0.0,0.0,0.0,0.0,0.0,0.0,0.0,0.0,0.0,0.0,0.0,0.0,0.0,0.0,0.0,0.0,0.0,0.0,0.0,0.0,0.0,0.0,0.0,0.0,0.0,0.0,0.0,0.0,0.0,0.0,0.0,0.0,0.0,0.0,0.0,0.0,0.0,0.0,0.0,0.0,0.0,0.0,0.0,0.0,0.0,0.0,0.0,0.0,0.0,0.0,0.0,0.0,0.0,0.0,0.0,0.0,0.0,0.0,0.0,0.0,0.0,0.0,0.0,0.0,0.0,0.0,0.0,0.0,0.0,0.0,0.0,0.0,0.0,0.0,0.0,0.0,0.0,0.0,0.0,0.0,0.0,0.0,0.0,0.0,0.0,0.0,0.0,0.0,0.0,0.0,0.0,0.0,0.0,0.0,0.0,0.0,0.0,0.0,0.0,0.0,0.0,0.0,0.0,0.0,0.0,0.0,0.0,0.0,0.0,0.0,0.0,0.0,0.0,0.0,0.0,0.0,0.0,0.0,0.0,0.0,0.0,0.0,0.0,0.0,0.0,0.0,0.0,0.0,0.0,0.0,0.0,0.0,0.0,0.0,0.0,0.0,0.0,0.0,0.0,0.0,0.0,0.0,0.0,0.0,0.0,0.0,0.0,0.0,0.0,0.0,0.0,0.0,0.0,0.0,0.0,0.0,0.0,0.0,0.0,0.0,0.0,0.0,0.0,0.0,0.0,0.0,0.0,0.0,0.0,0.0,0.0,0.0,0.0,0.0,0.0,0.0,0.0,0.0,0.0,0.0,0.0,0.0,0.0,0.0,0.0,0.0,0.0,0.0,0.0,0.0,0.0,0.0,0.0,0.0,0.0,0.0,0.0,0.0,0.0,0.0,0.0,0.0,0.0,0.0,0.0,0.0,0.0,0.0,0.0,0.0,0.0,0.0,0.0,0.0,0.0,0.0,0.0,0.0,0.0,0.0,0.0,0.0,0.0,0.0,0.0,0.0,0.0,0.0,0.0,0.0,0.0,0.0,0.0,0.0,0.0,0.0,0.0,0.0,0.0,0.0,0.0,0.0,0.0,0.0,0.0,0.0,0.0,0.0,0.0,0.0,0.0,0.0,0.0,0.0,0.0,0.0,0.0,0.0,0.0,0.0,0.0,0.0,0.0,0.0,0.0,0.0,0.0,0.0,0.0,0.0,0.0,0.0,0.0,0.0,0.0,0.0,0.0,0.0,0.0,0.0,0.0,0.0,0.0,0.0,0.0,0.0,0.0,0.0,0.0,0.0,0.0,0.0,0.0,0.0,0.0,0.0,0.0,0.0,0.0,0.0,0.0,0.0,0.0,0.0
"((1, 1), (3, 0))",2.242589309196614,5.871048094427749,0.39896068344686486,3.1182910200556746,1.148839338044013,0.2986774032320856,0.9564333657891857,1.391077068085123,0.17226054533709023,0.43792796513901644,2.4463735738186188,1.0281203804694325,5.30032899536046,0.5996486767060536,4.02488743165935,0.04739726176475961,0.30239505009169876,4.6535313553972095,0.13921916221166453,0.2388824893298005,1.6574824174684117,0.34186185103474376,0.8643571617897703,1.6732967292258003,2.689115265526744,3.916699261806425,1.5271269870927124,0.6623676340029832,0.24003383030391146,1.113548443279343,2.127759116141502,0.26967949354462917,0.5050942739349707,2.054267318898111,0.5803059008075491,0.4847510947554676,0.8148640916270715,8.091826450059425,0.9228939321827105,0.4293133229835826,0.8114347161456503,1.8112906158301891,0.08445587790713516,0.043955360166544555,3.040945703550169,0.34887117193646744,2.0377511344579435,0.6467149933797934,0.22323761868725556,2.2587356283328606,0.2530449353963471,2.931951608734064,0.5063507976458164,1.7703895387521538,2.8728763293379176,6.8217938961089954,2.1389185160270765,1.2738860973161035,1.1969001967673676,1.3581164289373486,0.20994970091351828,1.4450116853901012,0.01097064489599453,0.8518529320982888,0.2037125811692273,1.4441251486169429,4.402865319636038,0.696333658793072,0.3228988682317171,0.6294100449788185,0.6388531874613215,0.32117019470788577,1.0020366712753082,2.0329937284206285,0.0016084633515900393,0.8176911255784476,1.5259442445504565,0.4262590437672149,0.4601092621637404,0.36948195440767506,0.2514131983554999,0.127394883751343,3.408006037116366,0.8832773775654184,0.8639000009363877,1.5842527679222034,1.5972558892084106,0.35485611210048273,1.9044313474653949,0.04847201714290339,4.227238612300007,2.143396609271838,0.6457364916141248,0.45832820518063366,1.5614380343669687,2.0142074315252705,1.3674267885728923,1.323458236019592,3.111033303385436,2.7913588350631766,5.625727341556303,1.6348916005746086,1.3119634161522264,0.717501328729008,0.7996750946315068,0.044276620057526306,7.600212749938775,0.34313312733530565,0.4915203780290973,0.2426248130717794,0.4050071031097038,1.6775911006360067,0.06011935052942663,0.13089659667032616,0.03454487401404882,5.385240382268018,2.1704998711150845,0.14801282265727322,2.380341992454052,0.1740113315622558,1.6515121311646528,0.5461265110027698,0.30039196333441764,0.6029155215452418,0.07029086700722575,0.5074826726319586,1.7445342531872197,5.597034699027483,1.2565292063337492,0.6125982725383343,2.6023739104265666,1.8790191015016344,1.4753132034045562,1.5926896349697,0.11736667794933964,0.12820990827773437,1.8969291552989138,0.6464013893831564,2.4495375516002547,0.2762741027557416,0.8074621122643855,1.8223609148199058,0.15128123056552822,2.7256721722561075,2.174602961262048,0.3752041727297106,0.4803578468822043,0.6585870121662838,0.3914183293637472,1.975894089353961,0.04789423292304651,0.9715657730013494,1.5675189830100666,0.614715291709194,0.8677986928040324,0.3495998973658647,1.076562728803803,9.630332021025175,1.7523650895450813,4.611994138393196,2.4194949463573474,0.2669576030875864,1.5675596377742629,6.022142698543264,0.06644397111249756,0.7131172562647099,0.6981077710218586,3.4077254580441174,1.5256092734060718,0.2597087258048596,1.0535783677113497,0.21708570644224157,5.17762282589293,2.3993758735486956,4.67022909770823,2.603915159344587,1.31005111488296,0.7685263002466729,0.1227261910454116,5.627804761059748,0.30591026845064384,1.029987722095961,0.5657700420483329,1.8834876304143644,0.15996221146194634,0.9793494309784334,4.265352938531423,0.35308317213140866,0.8749891447286813,1.5861035930279224,2.087962229182753,3.2089038690277585,2.808427439398951,0.6820954603971803,0.42297899794765237,0.43783124768020465,0.1787068310251565,2.9382540032845164,5.085675583463057,5.4851755988219795,0.39404133249268125,0.2350075664310617,1.3424489017364407,0.25478295295930475,0.3712586156611808,1.2930764668229058,0.6170767888318307,0.2092014785073939,0.16044005797642136,11.743468477210154,1.1365470248395944,3.4138309236757136,0.49420809528527787,1.0271216474782703,5.542148374505932,0.5052154661048793,0.3565249593330946,0.04115352757104551,2.144617304477327,2.0857877304116026,2.269233522136986,0.08662064760349697,2.3179248140162665,0.22010557363029526,0.9200310577081261,0.03187802642799542,0.5125295650287316,1.4546502111985324,5.3630447523717235,3.037751839072395,0.20649350448482595,0.5008663877647852,2.514713306363159,0.24463739960650388,2.73019383399177,0.4728497069152313,0.6708289057853603,0.11678889674634751,2.2531067923133534,3.293547294227355,0.5825533737914741,1.3475844676403828,0.16820356053754537,1.1079860452049815,0.07115475162669416,2.831687577173806,0.08577394231699581,0.6748427746557419,1.1692350699127732,2.7875162858249283,6.747638063910613,0.4402918964133571,0.7889197662372367,0.03568008457156546,4.2898107469610665,1.5302513715806167,4.765592903665569,0.4314514064223889,0.3456919657813974,0.08789387948118632,0.2157341231962402,1.4111766836509476,5.8834607860071895,1.1288980351894704,0.20635040149621542,0.5331947512143057,1.5259513592894935,1.2824732664457503,4.513925186474754,3.8044245436981075,0.2517280344893491,0.4502118522050904,2.4015227824616474,0.3984540450130303,2.8212958542082296,5.386502980389618,1.4044172016716872,0.3694286706207369,3.8253379389161117,1.9650100673010085,0.2262757355920355,1.450457339265261,1.4577328600904078,0.2728413238679388,0.5159956747259502,0.723364809049977,1.4212096206268878,0.41428802332867987,0.8871481036312043,0.5651883485862923,4.72799798105331,0.6468848317581266,3.4377807799066384,0.42800224956169597,0.2312478112235441,2.491690653480931,3.469170953970523,2.0959362369745396,1.565443363100972,7.433007563582414,0.18317232690055008,0.44355065733894783,0.9978357079360824,0.39474003229748966,0.2771875051554247,0.2809586907230477,0.6745887218759345,1.8175790015230664,7.323101932284057,0.9855167886652278,0.0031938241594797745,0.26893431211937724,6.237775047350736,0.17752134295156452,0.42847705741557407,4.949457566139529,0.45004269077172165,0.1539184021902411,0.5774230989534737,0.021193860144285148,0.14917565859481519,5.8248365374402775,0.015955995292566083,1.9292044753521718,1.0120441929141544,3.444075967772978,1.5108781886931881,1.584767301723843,4.408820099851433,3.0322783131687805,0.20330912235715326,0.35830076471590777,0.1399126249910984,3.3526691406933566,2.3719661102863165,0.22500298103772298,4.556291667003927,3.628183183246473,4.92530314248826,1.936317240180772,0.4394014406287736,0.20951675978099882,7.324425217088326,2.449444166728142,0.7526155919253998,1.9709058704281772,0.4097923245784161,0.18478692815065645,0.1859587751823426,0.14392813745985888,3.6435752753589234,3.0968902229318154,0.004649646434668586,0.3579735025112838,0.3681210956631422,7.932888334636628,4.8894730965071815,0.7339719355049765,1.1305820328328489,0.8897013867789751,7.00127048929253,4.6380071648264565,5.605257606584606,0.19597349826533028,0.13297956677753398,2.7208603999705976,0.7556939999881799,3.8114466168885204,1.5131952022762634,0.3975037342463037,1.3095658136052188,0.961965488772361,1.3140315006406516,5.250448143913204,1.5262387733641578,1.2689562444365605,1.2426930512357188,0.30935906493146303,2.0163043435303454,5.891612015688392,5.879761307933998,0.5392627815995449,0.48234985739087044,1.6107875178042868,4.245620253970905,4.54087002613453,1.4298557945654728,1.3189892732545019,2.861211530047295,0.6560098545584889,0.1847241575652503,0.2088498671332295,0.19543170421890377,0.7767377106540096,0.16556070967447123,0.15569413089436468,1.5393081203703336,4.375852350817344,1.1095215374507175,2.3076537321152655,0.5532411411013598,1.7305767144510948,0.2524785512991543,0.48113564018380073,0.8720598778370601,7.190421099229825,1.0224743316728615,2.2224272016003095,1.8953166491004803,2.001358379660286,1.8913694969084918,8.181295665887406,0.4538029935627821,0.6004489510764062,0.300381230289956,4.43721666586078,2.6455280620212207,0.7292150544432532,1.2806345742868197,2.108399158953671,1.3707298107630221,2.573410915159373,1.2851886360156686,2.1787010403653557,1.5449638294051402,0.05918888035794456,1.2601280909331019,2.0496413200154864,2.836771803816149,0.1449269008153835,4.727527858806365,0.19813575040384457,0.012208046874284673,0.8184658097075842,0.3664542631260126,1.9206283743205057,1.2247954910370256,4.65610844200136,1.1581044670509577,12.803073315612506,5.502287168012272,0.05433298890328997,0.7845886593654419,0.6925825474785618,0.21358159107607455,0.13484600246903222,0.17936350167242382,1.360259188703216,0.7213808351036257,1.5341021960398045,1.9215188566134191,3.515140852367364,0.15475056496469852,6.201542143643041,0.18646877456183297,0.791373733141668,0.07555733702795547,2.329510354035559,0.8788619944977927,0.7235611054819583,3.52237333227896,0.09134214550180175,2.892950745605849,0.06712025038265068,3.3181050584439182,0.145601281058799,3.850405123579741,2.9285437010824777,2.321886440423759,0.04829657523307063,0.7262838423489493,0.9230551142355898,5.96023153060297,0.24543729016538762,2.794465401078066,1.2207203510328153,0.41137352035075625,0.9852096988279229,0.598057127087511,4.913313264548163,0.3853303535284258,0.6671267376682077,4.234893459936414,0.7559580481107562,0.11604134356930751,0.029143646407363444,1.1305781836428164,4.909250500739523,1.3862677831405725,0.05647590045890594,4.479939870446471,1.9200878202464118,1.4921385409302688,12.7908060565913,0.1445793554867798,2.363685411060389,3.9479412188040515,0.40262469061107686,5.812666989647471,0.2991311990980994,0.23537370923780676,0.2640852397100535,4.860550511204278,2.1628850716841796,0.8848313698450045,0.5930562620114137,2.004587317721707,2.814418145533879,0.2542299029828583,1.6606079820578792,1.734097715492911,2.7341986719805833,9.289164915068763,0.35847397713864826,0.22391028382340128,0.1119509130547659,4.758637578658636,12.022209707229088,2.903088865790937,1.5034280839320115,1.7528619126482408,1.5962298313596048,0.6035711704869584,0.22001895856569842,0.2359456601202814,1.8037004761769637,0.29339298268430447,2.0486149933752564,0.3468861369632963,0.39621704226845456,0.3477242905666502,0.7165381664242064,1.6925511394765653,8.394501889739189,1.740736558959382,0.5120812686536248,1.7582619850302983,2.53286596152338,1.8510370088826078,1.414974859941787,0.6603862647466863,0.5304263144682455,4.539625272328573,3.3129202402442397,0.02071529568053876,0.1495393389955142,1.5690908309334928,0.13527772708062735,0.6537926724365377,5.495875035460538,0.6697140685782346,0.44565299837716177,0.211130303075155,0.09625777998170237,2.055274630191766,11.77801798830512,0.7660660948866438,2.307780299118604,5.321573842476208,8.313144694648823,5.069666639272818,0.8919399010140303,1.456108783717153,2.309115011544597,1.4825251184586545,1.318034540139295,0.5515343700568347,3.6666678196444735,0.3014017598538761,0.1825143296102789,0.6000020976808635,0.97497448620197,0.23775666986086663,0.38931095463992016,1.1842433978982072,0.026696864320518543,4.3412582468868095,0.9036526189350931,0.608421207081423,1.7416894251142014,2.2369053263072933,0.06027068345779951,0.0962875881407772,1.0466515472469142,3.213253252525897,0.9851487568759225,1.897416792310012,0.3335837525673335,0.18091706979199218,0.3340068133106575,1.3380105392599968,0.020796636631040144,1.5578653826322404,8.317455983274206,0.05435432855373867,1.627474655609031,1.4325464182852037,0.17967539144372635,0.2027426714398175,0.6528885604136383,0.45663342162727205,0.6754793973888198,1.7891170539003758,0.14841598794648547,0.527145452998862,4.619013035466673,4.483723372967812,5.362471583917393,1.5727220631026229,3.505980993486758,1.5793878029503554,0.46146659730801165,0.18031107400527446,2.0831705249458583,0.1896123239629497,0.5016522465389115,2.600224847857267,0.4389531272379088,4.018979122376086,0.47254833325757417,0.3777542285068676,2.0935723587528745,3.6899673466552945,1.778259529774358,1.1290051025510865,0.2588807523882801,0.18862318841939674,1.88749184305194,0.8280571024304728,1.300479223212093,0.4805875730267233,1.866360179166512,0.19701207737331128,0.4265067351259537,4.076952725992131,1.6004335240321428,2.2589991444459248,0.9555879522802879,0.17385187014150572,0.6768733812476051,2.5796647055234025,5.252801409540969,0.09270653637179294,0.2274955600313826,3.458547667481769,0.5190084622661928,0.8605962726109202,2.6784200917847696,1.2262989861955944,0.817021095462922,0.30874753069380434,0.44155304734117573,0.0024424129462603528,0.05295465092540308,0.924436001185017,1.3444010715446075,2.4506078187609006,0.37816781601443805,0.4713514392727498,7.552759138868231,15.099181209097596,0.4900193665500776,2.669932592190361,0.39200726625854765,0.6068576224420832,0.7790417678404347,3.856674279652897,2.5335290425615464,3.789359741961342,1.2752242367911777,0.17631501031603625,1.9881626434089394,1.1844037073519598,0.44496830704528234,0.002729508803711256,1.9233423947587234,0.004509704389260127,1.2502882932056094,0.9728185159704559,0.193159423701053,0.13899479479024457,0.4219735827969453,5.187876486783783,0.48823470672493,0.24184393801425563,0.08339098349280283,2.3565381026824976,0.5097286460381347,0.17157283020691505,3.0128619430431582,0.0025657278844619658,1.2144349328317385,1.0168113246642845,1.1289459677739406,1.8042161031185078,4.450252133839239,0.36026597875739763,0.5397219617224447,1.5497639181805911,0.23221836357057413,2.634515688387163,0.9712388140106594,4.162975301337873,0.2935975550109453,1.106252983510884,0.496125042479691,0.912035746390844,1.5677392956125893,2.9945965027909787,0.4868652047840152,0.9253333049304242,1.3635292057600763,2.52596769477365,1.9525074629307322,0.06314891236066578,0.1039086949463961,0.3655788698243425,0.18024136692278225,0.22353212627892916,7.106464741080447,0.2670428438707566,5.105708672378615,1.3225336136861503,6.065460581009129,0.09940011311473729,0.30222533052790634,4.6666170001556715,2.257813265531327,0.8630307676469686,1.6633585485624063,0.0389583154003077,1.8433952418123227,1.278495170675768,0.022397277003284977,2.400172516914322,0.7693096075590691,0.015112460966664076,0.6119342250095454,4.050418019159139,0.6955816969480537,0.48990812272151185,6.397907029436325,1.0367342079311719,1.2317855035542637,1.5124851974662237,2.5043430382750795,1.2338963839963841,0.729951410662836,3.0597234311989645,0.011308160364635444,1.5693207404922975,0.27426914198225916,1.1808790065007972,0.1049764907709756,5.759536500958822,0.20071410429768227,1.1480301857554904,6.511936949003475,0.4361740152058844,1.1747858259609671,0.5954935940829453,0.6229690605730447,1.9333540487834506,0.1571428529351353,0.9776050807832757,8.078488259899832,8.15277256548368,0.8194121523024614,2.5402640578154694,2.6800207226624932,2.3464578836653427,1.5914077876611816,3.726703130603103,0.08800848579848097,13.497784908613307,1.0710016187184612,0.3108510122093455,0.24380914621246497,0.9705193334281832,0.6603812258811741,4.268314759770925,0.31021764035320043,0.9080532753094599,0.3162328496888809,1.4366733474063695,0.38479016148265455,3.658556598085992,0.18281419988616898,1.6680964985843345,2.61288915725673,4.6769612794654005,11.300336226032076,0.3882113282956997,0.41354911723130616,0.901792841285525,0.0971279390402211,0.9366749047897809,0.5315024636796661,1.0918250345659417,0.09991252329544142,0.588393708787416,0.03362394220738274,0.21954920640248798,0.3858599500866393,4.165376830779548,4.05944581847578,0.5252096828620529,0.010700400071128824,1.4620585332527192,0.5837233268552637,0.6518828387336858,0.04388607238721409,0.5773401681142682,3.964873352831515,1.1785131561469662,1.723792334289241,0.9196812189415668,2.3188447987820195,0.13114708185309798,0.4590348534177273,0.44161160273261757,0.07951217718307357,0.391945930879966,0.9723124795471039,0.7458237948206579,2.9103227098619917,0.14202247166093307,9.996314498976485,0.3333118396730623,5.982455291167474,0.19959244836103407,0.7859582715059581,1.671337159617091,0.56957184030099,2.692121839604525,4.57374682184092,1.4860223197199924,0.5509381674650509,0.5587626681376645,0.610145749132158,4.1313185786626745,0.8217520972788097,6.133353566457977,0.16091640673516583,3.098698822412705,0.15580137961058016,2.1332849087128576,1.3990007942117462,0.4301195118185577,1.229750837785934,1.394754731260834,0.5817802777493797,0.6311406556558183,2.193764933589958,4.478393066660444,2.856185419687579,2.0089684535124404,0.3274061786384137,3.5205880942321963,2.2267339260606938,0.5744793630598668,1.2416868006652684,0.2143455026201826,1.4865502950869451,3.5462545209668654,0.6192158754831643,4.8589169975904065,1.63671291807744,2.1179842902999226,0.15933664673024983,0.4900451387254954,0.9644901441395115,0.020640757091161532,1.7852277182836844,0.43782624511902535,3.9074789943753796,2.2526184096024866,0.8088403824976305,3.38325763528914,5.438178227086196,1.2500700547518324,0.38349757551843777,3.839730010287246,2.102670955966648,4.711852515262866,0.7935363148914121,0.5611726363188594,0.05158006359188638,0.6598680928137433,0.42925295895926185,5.423233473696574,0.11600357524742799,1.604597751620458,0.11163693899482974,11.734668676809537,0.40657099627944604,0.9009909002236021,0.18190136768700338,0.31724370841175276,0.2744355038017381,0.3760202567075672,0.8212917384665528,1.1925125408699477,4.5151379243814525,0.36157244597703597,8.710280156165737,0.42119095825428365,1.3808063664663406,0.2965376552049528,0.007377991797453909,4.640037188693434,0.9223373930576857,0.9315320741214685,0.12590191598090406,3.628446813823623,0.07505110614118671,1.7583930249828175,6.398092617278239,0.02039119432578218,0.8613054265064544,0.027523067134533452,3.965869452207448,2.2573466778581226,0.318729651209229,3.758346038580911,0.5189759586375801,2.7479372631865044,0.23297816827359696,0.2394228096359705,0.5051148746506446,7.741432982161387,1.3254366835293205,0.5601033139029281,0.6210200267749728,0.8098157968307778,6.243426438610994,0.5584104048472271,5.277024943003459,0.33014439671920753,0.361771700735098,1.2710620990583583,0.6276675509068499,0.8243517193073342,1.1137576346870701,0.2214673857783448,0.38871435491670514,1.498294679507978,2.411880816958665,1.7756128718233615,1.6810824978983367,0.19518535156678252,4.483207724219609,0.5715723304900513,0.12241683169663331,0.8003878404059754,3.549974289878538,4.625830260679989,0.06384836965671292,1.5500727443119264,0.724090210041362,0.05375972070696555,0.32564335574023673,0.3876913018664365,3.8326988108380364,0.5715728764814532,2.5652493708576247,1.005572415912009,2.554649157492549,8.351519754079519,3.1215950590636705,1.9101278742707148,3.2521984527800645,6.355655351160962,0.418278600101178,0.667654574402142,7.386780828100486,0.18989410160681253,1.7283481597283015,0.7800657113970808,1.5797667262568602,0.6721826847530978,0.29240163413076736,1.8140288476893822,4.457592148856245,0.6064246774913125,0.04082726864576114,0.09705193232431597,0.2493837048398415,7.256658833973669,1.0560971124147045,1.6912303720918573,1.2554808547605472,0.7660613179254737,1.6590406901588144,6.066236433743413,6.64513342616752,0.18397582922429656,8.517831369671487,5.314340525402617,0.2143860186219282,4.456336839522073,0.35289893524915694,3.3119074942725364,5.118711332714234,2.3680997765209195,0.2063312666565177,4.182037295338043,3.7627583605774673,0.025147050554140016,1.9194211162311237,0.11728409503476467,0.7454569948123728,3.743024875396805,0.5033720360799794,1.0058441367860014,2.683505569467078,0.13885222258547514,1.8547324771756077,4.198011283733548,3.0375233239028288,1.943105416014329,4.150503472042804,2.310221699001233,0.5234069999642239,1.0525869267339902,0.14964942998291209,0.9213370153931937,0.2765763640318174,0.14153731042898654,1.3156314066199313,0.26665287993620046,2.007885991989462,1.0319061089689998,3.1542272558909534,3.676139596596307,7.997178791841144,0.45140792447961475,1.1915709038848634,3.253001228362309,0.3980712359789419,5.146561461656692,0.651182719304674,0.11176170129558471,0.1437926080392431,8.010524075254981,8.017879717283787,1.3457395889176107,3.3296978356258125,2.2899439709874816,0.3386087190038083,3.7606596947646445,2.0014098741397,0.06762297767353376,0.3769721314127543,0.814734927201116,0.5178327440381647,1.095257882973997,1.0821467141700376,0.4305978353010037,2.1331828507194377,1.0921807717246597,0.3998734339888612,0.6419090884306737,0.7750243436162478,0.4715541722604377,0.9439920018716652,0.32351140270387624,1.3240873726789868,0.02422025708814668,0.2371775522128643,2.1454572064528894,1.5383947294303746,1.2657531963873772,1.1103057441341386,0.11820809093257179,3.1078748921529193,1.1208480022209804,2.3361473931423786,0.41404746131756376,1.2629422749398835,1.2026650939636903,1.567813069777376,1.5782819284850738,0.16685979851933297,0.5494721152503419,0.0838049426015004,0.4270543719102218,0.3296702224957029,3.332192201462289,0.0562330412688925,0.2377700131584244,0.04735342643971663,0.9653955655825561,4.837556315296396,0.269934780947934,0.9574171057877359,1.0992730502299772,0.23140404736909992,5.628864341071375,0.9614485056087874,0.9325141481001111,0.814335019006073,0.40486497534285837,1.4222174918339894,4.802418922802847,0.9593143273024216,0.7018134100054416,0.14261106192816198,0.3254572184998694,2.1169961309872853,0.3353662768675074,0.008337739165277469,5.554615949269564,1.4223303383739574,0.029931512194808718,1.8695302584360585,0.988022751602607,0.6241933098850297,0.8098513487941861,0.2890236710662941,0.6557023047866979,1.066180999128807,10.44882527847003,0.6548913108347625,0.09482519896483588,2.523721226446404,0.6055684077549133,0.7882126080471434,1.2067300268697094,0.0595460218281596,0.3871946050880044,1.570621707581437,0.21206924284781936,0.25774231388316693,0.12173906984924421,1.1293525272585452,3.4249848877059517,4.097750394190409,2.750446225170558,2.9475518236480576,4.331870608961492,1.2014027183287719,0.5651755491871318,0.29775562624393936,0.4791043818344918,12.31418291491766,7.884699484101644,0.28878199595690646,13.228177244082731,1.8091514361403473,2.011417802381793,0.19339452634703003,0.5948200744460344,1.4139596174170779,0.2869589840424691,0.11461195031807214,0.6434816023410117,1.5314291024892874,3.3277227003354133,3.080795689875429,1.149672254668078,6.091756200895002,1.3047055859047436,1.4155264870881572,0.2450755327140972,6.066519392365181,8.166649112755746,0.6228149659067348,1.62537023117325,4.0443604707399,2.062338306078735,0.7228816461627394,1.1877248821616355,0.2586778788821717,0.6275527303265251,0.7360096301920391,1.0313905690226255,0.25777832296134484,1.8837392450796229,3.3398421470901187,0.5668830161789469,7.015230549108712,3.9122640634202033,1.8215568361669296,3.780448684707699,0.11442425130518652,0.44068560524643186,0.20834694229388173,1.7108393996721931,4.424607750913005,5.361013267062813,0.2344566146992242,1.0156468122172604,0.8049461471480517,0.35233838259821404,0.22078947327044451,5.785640107256413,1.2694668949188972,2.2601650625751866,1.7456074925071352,0.5891260532758872,1.6891351168909148,0.41044841206941096,6.656615675286346,0.2160362188898759,0.7602008129602389,0.11308843094216026,0.794404368411918,1.8422895387485445,1.554533399038896,7.35286039669897,1.0715651631045073,2.1458152483130615,1.7683518532097233,8.866502212531794,5.20030736870679,0.34666626477030316,13.75236127558289,1.9132246031922193,4.455300515785819,0.5280204188626727,2.082388287419665,0.980289237415656,3.4497126729581407,0.9317953645449383,1.2628944162707578,0.15479447501915988,2.093809721871714,0.18257822034332882,0.26578626935587657,1.3239095891919612,1.0315498637197442,0.5313467711645212,0.9459099470737686,0.07304579894290075,1.684262300451541,0.26978065049520383,0.7733001315680199,0.22168149220130928,0.17335556879502778,0.3837874105554846,4.264725443959946,8.319962807273306,1.678077298402024,7.341192731884232,0.38324128673939606,0.6641167439056379,7.833978188325586,1.1244876413638423,6.203165575876578,1.5528346121059866,0.27745727757964955,0.40667934056748023,5.782828247558805,3.583498493159186,2.545047404094991,0.8476486621337939,0.9473169132863386,1.878390835666606,0.05995172824313322,0.27931691348899435,0.8461256110336626,0.329688049839191,2.5496251303918736,0.5904697369706535,5.28530221158709,1.6223858839164462,1.0144117171166673,0.5704260858932145,6.586875828844453,0.9181813546419026,0.23052254570851138,6.72185962786644,0.21198712521184493,1.783675251200038,1.7707960746490987,2.703440490822877,3.3515552837529903,2.199665154930017,1.153280926230809,1.5773658984694159,0.6536751342105713,0.09973294991955378,0.2928238911611015,2.1887273787384127,0.2525637321119477,0.38278933977200746,0.4611884211079964,2.295978172872892,0.727170083618224,2.183226482479892,0.4236621466139232,7.3786027259879585,0.4578375157929202,0.060709921419451085,0.8718083749858447,1.3748659321464092,3.6938213475574555,0.25769807649444765,0.9627428082432166,1.537725484920093,1.1270396555258226,4.861898551881733,0.9182445568820294,0.2265099628129299,2.3812314451294725,1.2320380643679893,0.2280385990692113,0.8874362757866563,0.8853382375120278,3.9306196810890017,2.968831726537005,0.10014423561285613,0.7400440489340916,0.31070759191796826,0.5785109866889826,0.17085549673082379,3.9551449610779876,0.31399935357998743,0.03251348340419824,0.4019964910561544,2.357342367537883,1.8991651336306195,0.15790097559187222,0.20590230672945142,0.9334923317773961,0.7423846821866942,0.6976004998937166,1.3002924571028887,2.526204778111034,0.1122548443597422,3.3334440337462437,0.6468451134862316,1.6515205756155855,2.598300115230428,0.024895565478456838,0.0368018890101548,3.7813475840484996,1.2623959922005454,3.561735110832413,4.757896985434209,3.940496230900864,8.368235335091342,0.19750943252019582,0.7173916382987866,11.884506209492864,2.7214423241969055,2.051812013893379,0.6346676264700108,2.8651190802319917,0.2796837443935596,3.048503377961845,0.26671686381841475,5.335831328216558,0.8652942282545588,2.3819780837286744,4.560991717598164,1.9430616941867629,9.02898290583702,0.24279727488635228,2.2133455028525413,1.4465735832700757,0.3064224786137907,4.463167019419512,0.09859585516772285,0.11995704630832593,0.13682636757764932,2.2861065735050303,0.22304357925339025,0.6258376855488463,6.383179711461365,0.5395765572834363,1.308139049032365,1.802805245331283,3.831704397144367,0.10752556934859925,1.9010861352413069,1.5251748939777556,0.05121152438073451,1.441254268558192,5.070988163508678,1.8911295215330377,0.4389890605015813,7.440584139576905,0.36710117600773184,3.4919003795338517,0.11830978031294448,0.8219965806541785,1.4403123286366952,0.8723484995408475,0.8592380835377922,0.294691328359205,4.323314946707033,0.34837061017622384,0.1986332557902304,2.194269466032017,0.8104743032396927,0.7779874013979051,0.406880482519842,6.922113036964797,1.8370109922707298,0.02464896647758419,2.580460734582223,0.08887239478842446,1.4250473207124643,0.9555574430089313,0.3640749690353682,1.2845379565205555,1.8912107105467442,0.42694952931156616,0.29947919573864445,0.5970622631891005,0.14411494176136186,0.6086049364578292,1.0139402150175865,4.805715033732849,2.4246823909658737,0.3641781836861425,3.220578758343132,0.5109898331001972,4.341670117745186,0.6373378375419921,5.178788292954253,0.20612229993092157,3.772105271122522,0.7219425507317004,0.08003128453685315,0.17138526744413562,0.6680447485640242,3.0273064043297078,1.8354892700192422,0.3867150839703788,0.11518392189066318,0.3691758862368646,0.7878307127687594,3.047942647354747,4.561758801364135,0.12029097642124853,2.9121271039880803,1.9824587097761421,1.6869597121655397,0.4963920083558273,4.138222462239094,0.9613556927062072,0.3511841335366328,0.48049807497939373,7.410517763352029,0.43269334726701003,1.6447406689823003,2.1639934700165178,2.2204941849389748,0.3971572378323911,0.0632178889175079,0.7190513137836736,1.4522206391944579,6.298352662264188,0.6225596806207285,2.6300615381990013,0.31231708471166497,0.286923620432447,5.074328536208787,9.539337896493912,2.350290475707863,0.42218261365362775,6.013823776750135,1.5993266593344968,3.9733221367154687,2.8569262309611747,9.988736708366979,0.9153569611058566,0.4869564738572407,0.306507787501757,0.7760577125023764,0.4882218329876644,0.2287660150248303,0.21566531448661408,3.293885984038382,0.2048644503304482,1.0511998446567286,0.22195405070474372,0.5868818772838211,2.651490136582565,0.1389012056971486,0.05695542164489664,1.3075941654957575,0.516667197706032,0.5108726688197989,4.398255288440363,2.5749193794842715,0.22631134433768396,0.7057263597210532,6.787223265177164,0.3077189062017477,2.2502800966285963,2.7884095676454566,0.41765514494300415,6.515942645430869,1.5584352224808442,3.2706026237583794,0.09855059510374709,0.2167112207084112,1.5103505587429171,4.342922333963448,0.4829608354374393,1.1633405444073066,3.1332620647374902,0.35079931471704584,0.33985895616329564,0.4493730584886335,0.6154454978973665,0.3426608211640536,5.038096747433581,0.16459313359875205,2.241871777352544,0.427720785089339,1.7666535823640803,5.534015552490569,0.6588519431966722,0.07062323290599348,1.966795300519464,0.15271913003533277,1.2987111298972396,1.7224039414312875,0.6854225572863926,0.33547121278658176,2.4677916994408937,4.8171903625941725,0.7912179192459021,1.7691042112319826,1.308004029965497,1.0051760455623309,7.266935464033098,1.5308167527069974,0.35963092350955694,0.4924606644978651,0.1822591643386342,4.714962112532477,0.1069398362891012,2.223016885793613,0.34427899404194395,2.0634398194054544,0.9748425308081035,6.613347175865101,0.039929890962145276,5.4769634645749425,1.8306289780558296,9.885027615975869,0.4392465819231507,1.083018321641814,1.6710615320072253,1.2827947738143282,3.1206912284002204,1.1600200794029196,0.47529009686989254,0.0176632013554876,0.30108947708097367,0.16321164879975347,0.8294481579320463,0.24173785219890043,0.19987018924667943,0.36168688721137876,0.3985132954759756,13.126528797603022,0.11722479845495215,0.14535696173500012,3.8337844268906904,2.485109253857087,3.797779459293279,0.3405905102163087,7.586058497796038,1.768384328458475,1.131781880097091,0.8504292445523638,0.8214025629213921,0.21844095288256282,0.36243449813559936,0.19794122614236542,12.180703399798366,0.34971202654538747,6.786056475319601,2.810953507838573,0.5281176148974907,1.5989885413107703,0.8454894122935448,0.7517125149405404,1.0094743003081126,0.23986319406166867,0.6158147641639036,2.3240269572371473,0.23477593427966736,0.34468190396705634,0.36077810326827287,4.147937194115505,1.7850514273827387,0.3686180169101767,0.2188123484979556,1.2724819565998078,0.09272611239920431,0.7046817328143069,3.1928051631707364,2.3956185616508137,0.4870858816264487,1.876515153087088,3.47486161762605,1.035151215512447,0.6227162523040474,1.5342580978687792,1.4135548179375506,5.340313291809551,1.0932285747778483,0.3280350267004173,0.3485197484137337,1.2090859009703432,5.11540220392569,1.7495947014741873,9.539147587117803,0.15998764752650763,0.3231075672652448,0.19900727703879273,3.075241136383708,0.22854042816851639,6.534830536224431,2.7301747477787193,0.7426595938077296,3.738179255464242,1.2901442885349095,0.41013633596273935,0.10401500333690761,0.6844445280004607,5.238815316572715,3.5120395895272636,1.398959263261998,3.419118151442606,0.5853874201303761,0.8292861368283875,6.3291430026901105,2.29902445427365,1.3233321647823817,6.210431442511933,0.4719727628698358,0.6906688764722195,0.8434555233793838,5.2147955701695565,0.19525233430760913,0.11440740627336432,0.32898774504016437,0.16207006327504647,0.15750796048533422,3.235920805191493,1.4735428755860025,0.5616312326471838,4.907191675620359,3.6160107840226154,1.1861351432632512,1.9565894758365563,1.4867063043681679,0.07843219181499794,0.5641771524155863,1.8472753945699185,0.5145007677057307,4.230117965618307,1.6195639928694994,2.179968255254931,1.8155153910325925,3.043369736356114,0.9312723421621936,6.64968361676802,0.48241407608537723,3.2553232907200824,0.8941219726402565,3.2910384333014697,0.3628719488667922,0.10769416433310042,1.45024940535654,0.579630037408406,1.2621875060992451,5.02829239880148,8.655930920493056,1.8212455714066111,0.18707858378722264,2.87838030629978,5.367138546222851,0.6506953508679114,0.05291599479775977,1.5959517862317076,0.05002587072686593,2.9652432402379203,0.22232179034041577,1.2898269003327252,1.8140252100177965,3.854558375426844,0.8958883837823475,3.9587325162725193,2.396519298434372,0.2179910622497685,0.7924949714929475,2.4711499957334215,0.930671183733903,2.4355769096911644,2.3139217676002617,6.238501752807686,5.292256107561837,0.8157504873633581,0.20881527006554912,0.9496168747363161,0.031020887391589147,0.10766971831298466,6.612611270459108,1.513484339109779,0.18792568278562127,0.4287204942626959,0.5070204060115493,0.5261504486203519,1.9016088052764386,0.8025117838925957,5.258868986747823,0.39107507562168675,0.5793529609081214,4.0885687741878165,2.5866857494952433,8.172042260739113,0.21101418775679281,1.5433311328786186,0.3736966286224117,5.441702802147214,1.9323271191517308,5.229080666446617,3.3829059843844647,0.6069781899070188,1.008605236558878,1.4113282573706996,0.12259648797913925,2.3212292173625424,3.747635467581435,3.0548538428565135,1.8471229107192322,2.5410859998460276,10.145904054796674,0.6653672715169399,1.0517578726589132,2.9844205442924805,6.710874340628837,1.3271454361040171,0.2463030190692559,1.9499508090808342,0.849990369154652,0.5506926510353689,1.427989985750644,2.2631928661858844,2.242853569245048,0.2695610845749561,0.9732990378174717,4.271063062631785,0.18405223192932874,0.17958417297806228,1.4115932814668748,0.30948498641536704,0.7576881954598034,2.0788158237908227,2.4396856663303734,0.5662120641696347,8.696383605363897,2.6343080619008403,1.732609192405425,0.10796547914899479,3.227594975197179,3.119070333005875,0.11688628033853377,3.6236140974401443,4.587729015241029,3.5153851797333417,0.20802796574176607,0.4906668361957762,0.5893447468429431,0.8835360591561126,0.24783134731250378,2.1176454638224795,0.07858162550494985,2.877264064842555,1.6267088168579347,1.1843646428221506,2.7314281485227543,3.2549386480992926,2.841311313106819,0.6200904953826196,18.926507721147303,6.9126774528681265,1.2018150009767101,0.974957162366433,0.7984883308528621,2.375009619806778,0.7720003777240132,3.112689140288242,0.2655937309862071,0.38324040948598426,0.08122901742995303,0.09467122974434217,0.17296653523551053,3.575126023361916,5.525070368419471,0.9973264087979887,0.49128001332022286,0.06619500729344097,0.3475642598879869,0.1054808895926147,1.501518699101819,2.425137894230759,0.25034609121368856,0.8521312451055159,0.7861016981384388,4.82256607518873,0.6811850740740925,2.016438354094993,1.0659655477769747,2.5617441744618663,3.7391472427265384,0.20266896271515122,0.6297867699419076,3.210463299785175,4.016984251528312,3.4890033794277464,4.172518252639374,5.318875067131984,0.5073249723025106,1.7293065366371316,0.6253367083947997,5.652682726486211,0.27515798867557695,0.0353818958777925,0.4586121391715072,2.5059764141609073,8.880225473997864,1.3997558549882503,2.9937517129597353,0.7814170959256985,4.128121498562716,1.1372725546079963,1.9972285656175774,4.048416071050522,0.9266333798247066,0.6939830002363325,4.861019291382755,0.28505040553314775,0.14217180184393108,1.3539336068511498,1.8444796599514541,0.19998665273605903,4.438708972994979,4.327268608579554,0.8921354683291698,2.4458868528783677,2.537080176323653,0.8703450877689418,5.605201976763913,2.743594338995837,1.4977689403197936,0.08788880579159142,0.2639548422826783,6.220607853503909,1.2486354483640234,0.48445292421958364,0.979791316499405,3.376905832006246,0.09747023699693658,0.1484328703842142,0.8058708789779656,0.8919843235224088,0.07801555429337537,1.083994210818184,0.4495940418249573,0.1537449453284916,0.5713219217091361,0.6589163907436562,1.5168775115350979,0.44505726039142157,4.367283205736975,5.5649255187275495,0.5338979798888888,1.8291595262302534,0.24232546837351565,0.17927052456182935,2.578412398119659,2.0541134707288875,2.373106175228928,0.6169164106094147,8.039355426755929,0.37015932585241185,0.5543316866903574,3.932292909911082,0.7312384826407534,0.05476535717750841,1.1747136938932774,0.12559288263906254,0.5257501018647066,0.36232656664148133,1.6069759325284867,3.028555011638834,1.368704572007272,4.653978034135553,0.21030650820703378,0.5276432391057073,0.16287109324698523,1.404481746880294,0.18190448131655446,1.1732760223237197,1.9077378268110037,3.7304934302052732,0.23723605797014002,1.2224101531226879,0.09918606374932293,4.58316586498872,0.005067228626298936,0.13083446091927997,4.131554654548183,0.13012571832663689,0.4859058004711154,0.8620814054479937,5.821686702680964,0.33237659557821164,0.2566854329196593,1.3764483311377573,1.0471797191884686,2.0788472973544767,2.452310688696506,6.878645030041806,1.986204071664671,1.2435087013230002,0.41933570690030364,1.7715748171358594,0.0005800110789977442,8.353059130750264,0.48242839540827376,1.1858467807514002,1.8744565637321906,5.939225722503566,0.021049552878879663,0.07734790475954878,0.5561103789494469,0.9285865359931768,1.8571396888296992,1.2655720314438823,1.343229005817582,0.051150175406257714,2.3562236561952745,0.14110978263360274,0.709116827398272,5.051559650066368,0.43333719260484127,1.0056995716270705,3.1063159553905484,0.21910444286036546,2.0369683516630683,2.447199413158631,0.21240795582421557,2.465229073426393,5.9112912892256695,0.6648972873057155,3.2678855713841037,1.7080050694274371,0.9947690336059516,7.443900291851419,0.08696759752329797,1.2748450296747973,0.6005815420513048,2.3727456441069084,1.193461279801455,0.2966028688123856,3.16048456239597,1.0904062049518577,2.0990010089860656,1.6802215368592166,1.645447603643159,0.7899676357310998,4.727618222380288,2.7916105155361643,5.786160984515538,0.673798895271613,0.9202656039924957,0.46393286895625496,1.9876535384407399,2.150452364146058,0.20282120656347402,2.5787608665393913,2.0359856376723027,0.15556969723495362,2.5871855241279333,0.3428632093385906,0.6199939683779618,5.163522115228048,0.5577886392108,0.5024070056873253,1.889362682235222,0.6671827989604926,0.4115455133281274,0.446640813560538,0.42390518693687795,1.7456826510871855,0.30213653797779516,7.88455281745967,2.7752363769349984,1.817131077064106,0.4886988784545703,0.5924449908293257,2.5291513824536374,4.754381254039181,1.0137033469606562,3.3560929889841153,0.11565849935695205,1.3774572553449769,0.970314638777277,0.5301014217230773,3.286729807053354,3.1474576428919283,5.465314296313663,0.1307033941278677,0.3841941809033669,5.324105460811285,4.708374365913204,0.17880223079597846,5.613384906147784,1.0026465496237487,0.9578198294590734,0.08868692964658198,1.6292912571475062,0.06669172114722355,0.35413471696170884,2.9370444633496597,8.880426756257467,4.420786744244261,0.5254609225593686,0.38376647911943595,4.303883657859405,5.292029204939361,0.24628096243267583,0.9942763607272975,3.5072013317991257,0.1479859970919266,0.09356586154292046,3.120323744912996,0.2000050141888705,0.44197948313543534,9.463288300150108,0.11819206313683805,0.11501146751163738,0.7130743072181223,1.703693907838515,0.5141596973001308,0.8966807331711875,4.4400463391425795,0.342395624327938,0.2075291775116206,9.74996654402836,0.017212729940415894,0.7824150828085688,3.2362888895415667,1.5835026059385244,0.6024320862762247,5.719225670988454,1.0282584404795347,2.6026302024706687,0.21260729774324094,2.2963509219822416,2.5704113511578717,0.2547873442068789,6.189914989349374,1.3154120222922647,0.9822946734018501,2.321048559806597,0.874795409457696,2.670804721418623,6.134605533271856,0.40631419539812796,9.565985255501216,4.626866470913463,1.1162215569732385,0.4339854625825783,0.42736153398092114,0.429400139364549,2.423652860118899,0.6322665138085882,0.033341255546636805,0.8951222192360144,0.4818198481656597,3.9599580599834043,7.466563176733336,0.44434673864706653,0.012091767341084747,0.5577000455238124,3.517177963422731,0.5723901912023113,0.2580663389638149,1.4397868155325293,0.9236963526511399,1.9608271004099416,1.39044662944291,1.75444382141984,0.7115850618492638,3.4145392825418113,1.2045210442349754,1.0917888700763232,0.255591533728571,1.2441959487057748,0.2894843457341194,0.3865713119373062,0.4229854135496349,0.29676290707035724,0.6426705649031819,7.4800323537144635,0.011972278839987194,2.173772067409796,5.859526679492619,0.09414483996716816,0.7378054432890442,1.8746853029502084,1.3950232816325276,5.558867540196204,2.710848093476867,7.3672163623366655,2.974944736264607,0.21709295219611469,1.8060686976914173,1.9653958133719853,3.8924889570774215,1.7234903071769292,0.2444456536665161,3.756402623139831,0.6828896943948415,1.893778070165851,2.820236212996844,0.43257226917513336,1.0941019950336641,4.8941948296188285,0.23676494397844694,1.8567334848043808,1.3190489707394084,0.42415495038429096,1.3991386149180882,2.4810823455625908,0.10903879551992457,2.8304213091983366,5.501927217845616,2.826622932836387,1.8243710446236707,4.612035206274057,6.379084070122274,0.12483073418578017,0.4310051424166814,0.36850999195150136,3.6540171552553966,1.4589288161833114,1.9603139560905791,0.2810208717045284,0.5139278333582666,4.166095235254942,0.26417330501178127,1.6252510947018308,0.39387698557135686,0.2787376422976131,5.576774590499703,4.0492288231104485,4.9276617026543015,0.8038882544194008,1.8200694860853055,12.822611354687986,0.07353952538825004,1.114655640731256,1.648565914255688,3.4034664141091198,0.2401210756591432,0.24001827613131788,10.42673431441901,6.113617492614537,1.0921532484830103,0.5244871941880658,0.061267000523234305,0.9505260730486289,0.336023640899898,0.4804824832460646,0.38763968664235016,1.1704668345189608,5.202603948644048,0.2850242436922774,0.3052163753397855,3.555780653476529,0.04027343700084107,2.2890937731107304,0.4236090834510917,1.7043935180174605,0.7742427394714173,0.2186926100784059,2.2589909370108603,2.1561840387729334,3.7221066816437935,0.7458935576439623,1.3075231784805146,0.5774439520963845,2.6467811805170527,0.036979793504061886,0.5126837142020402,4.9771034125314895,2.6142342635625013,1.0675664291198759,3.157295297521893,0.8514796944570302,4.188559544418726,4.086525747883734,0.9831409830066729,6.9012242123834975,1.1939397012061708,0.7814153228005836,0.2330362098687606,2.39996853122535,0.17428894752952573,0.08888292902074424,1.1318479421774268,1.0100291599262798,0.8176335632946223,1.1683296446195062,0.16008345544530656,0.44296574050861626,5.121707512457954,5.664862544937603,0.49389919720215314,0.4256931535350117,1.0490516810703063,6.54220204309255,1.1743242038323563,1.3044339023244964,0.08971460150205912,1.0141397718214495,3.0534330737158433,0.9447604353713825,1.8500034846094437,0.32305202994015225,0.3992102465987153,0.9337029216319103,2.080562195241784,0.9934840519001052,0.43174516672902374,0.7569827551347856,4.144172606566135,2.499329723103636,0.6208724697961188,0.29261590101667134,1.7252410998174041,8.307143100730947,0.8241729783791045,1.500457900339377,1.072713507151319,0.10442708645593535,2.7015976342061405,1.138494912916606,9.644537657717633,0.17023716653308374,0.825345047656714,0.8523559616465022,0.9895993086155661,4.70327986886528,2.776167958916295,0.18659634066307484,0.12138740204277898,8.716474510094253,1.9546572106825297,3.0057242445725674,0.7243502742756879,0.0056493119040212925,0.06901666315751442,2.5387736102086635,0.5626209941611064,0.09067511337127243,0.4506145982192802,2.4015269635741046,1.3346757525869362,0.6819135602548587,0.2687673456059452,5.334464023828586,5.744962782766192,3.658479462986233,0.9916915453275061,0.7898017954926511,0.4664772730622384,0.5174050988010235,5.707483817817785,0.6291153016502471,0.24978545099813942,2.650187109738699,0.17128589378288117,2.6321097355696685,2.452431760423611,1.4661485357325632,0.2565290555266806,5.324620739502987,0.21475304556614416,1.663638996601471,0.001184379269400182,2.9711571552816114,1.3669019854644353,7.560877658961223,2.528460298057544,0.8041692792649497,0.12977540585638137,0.5359378471257488,0.30822169357191864,0.22177870625894291,0.8722147577558621,0.7947625282452284,1.302667989033643,1.8879712377845945,1.281971712343689,0.45782794959701123,2.934920365720033,6.299878030214744,3.0713760527974623,2.7922780806094476,0.8580487168427897,5.324092160143838,0.07644398591000856,0.4593077673513366,9.127928313830193,4.6298494475033625,0.05708464025004112,0.8896812129225169,0.9882993874475166,1.2933879029913973,2.227276121517005,3.8932961524535874,2.9940806736117356,4.072087265254325,2.5466226204746443,5.042904875288468,1.216282731152819,4.218853683595121,0.5933326331763968,2.574212978740423,1.464013074728722,3.673607626872349,3.444945557474944,0.07959430230912079,4.374454816716176,1.492132985173721,0.7221371751611949,9.005835759274715,0.17220813750508412,0.15196873109988962,0.4516024307260511,0.24352106579940536,0.192173876750607,2.2582678109912484,0.8732548686919621,0.11460144655283477,0.314383104684987,0.8688268696644845,2.2564604569691102,0.3826786392505924,3.3324165702905377,2.911568041135105,2.5723817375795335,1.748965261394808,0.195022689907548,2.4218742838444856,0.7174273396206625,7.23008283929657,1.2068047639544326,0.4350092727545689,0.8208462428597687,2.334055887233708,6.519584231750137,0.8388957589507224,0.6589414056860186,0.6919871852704187,1.4202824129819431,1.221417393723038,3.0881292861877347,6.455270692469352,0.40220201426472046,0.8783581143480799,0.9033117218710878,0.03287153122922404,0.6900382130884302,0.2884231058070985,2.946674392155633,0.5348520681513891,0.8519638350145016,0.37871231837324615,5.358362155557732,1.9579191106822287,5.194342127652402,2.800228130817567,0.6838762781453194,0.594107829814881,0.6695590769410036,1.4555665557567452,2.143974741100604,1.0186323360785146,0.16915239582034902,0.15761388387421604,0.8730382018397371,0.10664271581110957,1.0845431864093715,1.4490699311230273,0.6503773166744484,3.4559190177682644,2.404122086284521,0.01371221134334899,2.504313364889854,1.8251554134637111,1.0387307066361888,0.7248308053254466,1.065207051264161,9.240793334273967,0.5449350628886066,1.5627270414787087,2.011050165329829,7.057085382538398,6.132442870675202,0.9313489560548232,0.9277266137452284,1.1438382076452362,0.3189752717542158,0.30729901798151826,0.17583306418604705,0.5893430034428824,4.442365043829044,1.064678252570968,0.6473805832085224,1.8357026529451212,3.3671237320675136,0.6021228565352765,1.283040308909156,1.936146255321005,0.04942864159997473,0.24435960051512406,0.26032783282567085,0.3328291423701524,0.9926515411335144,0.9506651328133056,0.5187550559599408,0.2667426593707969,0.2313212087198182,4.646747683479925,0.7644588311107618,0.6118314413137194,0.5419727758278552,4.450882306943727,4.795771155991707,2.9313032408589725,0.7869364203047969,0.1180510341153056,1.951613237150716,0.9213335816760599,3.803528948236404,0.12732847107213274,0.46915757673759284,0.26934505939237985,0.2745189830072705,9.147643654005968,2.548464028312747,3.747990166989941,2.020778013019517,0.7960828094386958,0.38859573503323475,1.5769133985170893,0.5333719600232403,0.7399773667431746,3.8432043785461647,0.4859929023474582,1.8987648997301498,1.3064928147284087,2.0419277776146036,2.050357046577587,2.905016736115173,8.712734152376777,1.4915670668143206,0.2861934457665062,0.007796586890911339,6.0974333205217555,14.030996236115616,0.12149355014533825,2.8675818956081107,2.8093552850861983,2.519878414833156,0.7322661541135123,0.18828505213715596,1.7614911945458402,0.7870697877851165,0.5507522513795191,0.19098753152553605,0.15927835234380838,3.4708967369546047,1.0386370247919976,0.5561956906834951,0.3006801859605477,0.2214005751600272,5.303119218844944,4.217454529405533,0.16349733951480339,0.5035300856656781,0.27184334646901553,8.613553526758736,0.13385039879427496,0.012787784460031038,0.028425082672223545,0.7699544410628703,1.7781131612252192,1.2326474912543985,0.28857944821577686,0.061986807312966796,0.791468234336111,0.7177268806612238,1.0116880142053546,2.1842705049234348,0.7240232321512456,0.28862499263090324,7.925620942968283,0.8538831620227576,2.366629530187918,1.1395983564888592,1.4640884743162594,1.4646425627218882,0.12454912634713367,4.499996461555458,0.6384158681178631,0.957782071219691,1.8384512119176575,0.48449096439946393,0.381902470958571,4.942546477608632,3.3831247231122954,2.387148453215523,0.36023062965834196,1.1306291559840884,1.9120086604966304,0.04539694370653624,1.0796138176746233,0.45236914546225737,2.1647480214838133,0.5020206648745197,0.1394300793909382,0.560502261694622,1.5894504285542537,0.4257469678675303,0.11787799759307527,0.7537380636907507,0.11561085206763888,0.8621392368362828,0.357888141983401,0.5194025591772151,1.914814903532041,0.014744125795336238,9.674464809874184,3.0404232767267816,1.505587613341949,5.604437567485179,3.088871182569513,0.40798100425246964
"((1, 0), (1, 0))",1.2477479498318136,0.860379237473131,1.4156477880148355,3.1867170238511644,0.7799939363143038,7.351838769552409,1.5741617469992266,1.3058143115795193,0.5916797818984364,2.3519370598978027,1.7519597610253692,3.0761438435655606,4.132226719807795,2.2964075900646965,0.48822835854309643,4.064540091559445,0.1684122111835904,1.1984562752765067,6.419677663746807,2.689913680305069,4.635057606494288,3.9064428124541046,3.4635675813786873,9.922909958930537,0.5649890051003341,8.148994033065398,0.8811767248038269,3.1933823012774867,0.42752801382781624,2.7576088354813693,7.0982754999142985,0.8645998358832916,2.7009378227471608,1.053009686285973,1.959244335721962,3.9465180216002658,4.997132428684279,1.2937377992373709,1.0300282214720702,0.8440435987447756,1.1901030405595663,3.1289630175787404,1.7925706831580421,2.0897526805010034,2.708585572844144,0.7371334389250405,3.912818523371364,0.49270869185309146,3.2978507859906356,1.5560401648525173,0.46000313915192526,1.7568718430186243,1.2528474858030276,5.545145056954425,1.396293974005609,3.5430467422685,0.4705258965231259,0.8651072605157006,2.5516981910343137,2.6580485996257224,6.4735207411439895,3.2413384142175703,0.44115952745241743,0.5906744147998215,1.6771413787538243,13.129765093273308,2.3386425762346237,10.491800878723984,0.8879369271143824,1.2228791434918231,1.2120656729812918,0.7858437400906713,3.3218471549297566,0.5729343348318123,0.6655573059314404,2.7958121185402054,1.5052257059189995,1.9512830050469132,3.5016348602311975,4.08097726426939,8.236286206994947,1.654601952424911,7.014919520352345,0.5198585191371092,1.5067569656537858,3.2387658249678237,4.735634735333546,4.834668792939508,3.3573959809503537,2.8930522456935233,0.9606660276654713,1.5913962156966996,1.2730607137789076,2.6740833726613484,4.832817971200576,1.5675981774076844,4.169733070298857,5.403679626100773,0.574839117014404,2.3772308274738574,4.041910909482145,2.499291842285582,1.9605656514814374,1.6124253714433703,3.2129902952142304,3.491080625121556,0.4853481425660011,9.589216305966316,1.9146559108584993,1.920111488276357,3.29172602064758,4.359404769578038,0.44324666973783083,1.6293102005447324,1.2192152682515776,1.798962039358082,1.3926843469168473,4.370490102179061,0.47023845182520185,2.3307280757712974,2.0126421817985034,4.594497167271524,1.4505670122899204,5.441896542094668,2.341078829493877,1.5605967258428102,1.6904887284017733,3.492342892066908,0.6062109765765737,1.414469549116667,3.530086399891804,1.6656277292146653,1.414733314287836,1.5506644516877117,2.389495210758951,0.8347623542133804,1.4346714483161,0.402409719158219,3.172016430389154,1.5215643753096113,1.8046207045019074,0.18641888454621536,0.5779136705460348,1.5441105930595058,3.392552976974624,2.7307806949798867,6.7371685085567234,0.7891447771926884,1.1254624382477574,1.2598224492647438,1.466623330553597,1.755320347040845,0.37841064508735156,2.7011642357088053,2.6194319855174175,1.997464428695558,1.8574871700334934,0.7853991625007268,1.425762994984718,1.5379631234719224,3.713752453708058,1.2578203227449802,0.414560508347575,0.9660693451234244,1.3876793029566001,5.1096892723075165,1.9230318044253263,0.9762939923792153,6.051437419079468,1.3015476076752814,2.498207107324064,1.7937036750328446,5.096171220603513,1.2256983163494073,1.7277567736702137,0.30493036359069803,0.05130306830631631,2.7134851756277563,2.340874931658089,8.199866338731848,6.601797658654787,5.12344355971207,7.091869007270519,0.37249997721875755,1.5876710384974386,1.2768316963596011,3.927650824886614,0.6210936166235776,3.1760736738088027,2.0990120993016843,0.5323013935056027,2.428618942906373,0.7403509269926812,2.051950403992877,2.5912280682760627,0.6835566186772295,0.9613117356168583,5.826336409268624,1.8077220184408775,2.010993290259029,1.1481495636579262,0.9667463156174977,0.8572614626638266,1.1168479621529577,8.488998010154061,1.0784094706188747,1.2858738007923982,0.6805207733239671,3.2514042123118667,3.6640651192279003,0.3620926933972754,2.496812393831012,1.4932026376914709,3.641069588668245,4.9336721766196625,1.2717941580029373,4.587225257439896,4.705717878949514,5.033172717969154,1.8200674310956306,0.26498624981890395,2.954249998282168,1.1756854249622537,2.3236225682383767,4.5010653464152535,10.519434837993106,1.36105162862336,1.9148201525776558,3.5967934756706237,1.0410006869944175,0.2742413980770073,3.8308005851163784,1.4151319046878421,0.8594317490349779,0.565424595992034,3.419328264243885,0.8527969387359049,0.7773993314168082,4.8974601872888694,3.350736083602315,2.881920768927759,2.0968383086994065,0.5087027735791214,2.1662378926558414,0.5013793014420378,0.5995709838558893,0.7297081333315054,2.499995216636231,0.9551467451806221,1.3402702457815292,2.3361766398963333,1.2038686572794872,0.6250162353028155,2.318228380149333,5.561703826328813,0.4280319472595991,1.8883953529096194,0.47674165575469607,3.4063927542106813,5.242947476916326,1.8624217651334458,3.00446599101501,0.6537675011228504,0.8986305073801315,3.5724422057023784,5.063620281219174,0.9140893710891153,1.3397807061847944,1.4214132013667204,0.6368350479687401,2.7183844560724255,3.371877127867751,2.7560608887556293,3.9569228039724162,3.6515644871165116,0.8166212983203134,3.4585462294902194,1.3523351175787226,2.4378713219515054,0.6241908095980282,1.4265777975500402,1.125307498767112,1.9393170706596097,6.03530108398102,4.693056112438391,0.3073746686227844,1.0079628828209386,3.169587928956532,1.9941106304699527,2.8360695276297134,3.27166068839791,4.626526779004918,3.8600635817399764,6.228712935700516,0.5215816232066394,3.881824268159802,1.0835630894796024,2.2022994140042913,2.9318178782652344,3.8710946867806895,2.4629712937685913,4.2377235231318435,3.1003664706437233,1.3376595304466006,3.617155615887031,5.2314627031436345,11.194819851883093,1.3193304400119406,2.0488460021753085,2.1354557455556336,6.1944017249106045,3.3529201663496067,1.039761082565449,1.6341321887460087,3.1082170374343043,0.2927457806822144,5.660440507372009,1.3404669666800593,1.7392138365664556,1.839075585685194,5.853231989404644,1.462555597848716,5.759251518395846,1.0752752901058604,1.5356821998200956,2.5939762455174167,2.352610759669836,2.6827688237357297,5.392853205437776,9.446166757759276,2.183460287981861,0.7559087923557459,1.7089128769072257,0.8063020891391537,3.9903240808934557,6.167446576889037,4.584835310151581,0.8033614621614795,4.471824027101572,2.4173287683987037,7.416955246785478,1.3820604633767837,1.1060258339016724,6.401754113362121,1.355963338893784,1.3724096169060236,1.014998257701729,1.1267489669633015,0.800887829089451,0.7707305103516743,7.255162828312888,3.3097133426588785,0.3192468461994382,2.076809878769602,0.989002149070508,1.8990925167133066,0.3504240323795442,0.9708406699629221,0.6855426005236864,0.44294746856829514,3.9769522330926526,7.945865899775437,2.2272116580744816,8.38980319521087,0.6673543333413791,6.978164487424532,0.6885785546897591,3.3296601767069336,4.074337365949183,0.47496371888722616,0.9262622375830663,2.121620208032159,2.1844691761334936,1.3721374529179893,1.3044644562498007,0.35888240989432185,10.591167428374337,2.6697961907568413,8.041238258308073,0.9257892298023391,1.047346049907677,2.2510950585958778,0.1329061381812473,0.7475068717252662,2.896928212752843,1.0790439972870582,2.9344212527526192,2.825501623995753,1.876355753269574,1.1335454868197012,5.747761041931868,0.11900798101860466,1.554992982742796,0.7186886635308636,0.593743536184262,3.5808282738272905,2.606481299430448,1.5153397921008385,1.0633636683128096,1.0923729208770177,1.5913089502881672,10.372776132721922,0.7989875712863725,1.7735515303336153,7.053920705854689,0.21131933790648708,0.69079417708367,1.3288831072814107,2.616172855013861,3.4390827208193953,0.8570483601410244,1.2227290583302195,2.399824808804302,4.157498642107977,0.4949760812677176,1.321451024000744,1.2940960044703584,9.004431140773026,3.4135021905281846,1.9040472420229202,1.1185532143525592,1.480405627929437,1.4721501194432476,1.2011496971262094,1.7850366366851287,1.2209493477827296,1.4478958971091966,2.235429731565521,0.9518287025551534,1.6255305483174576,2.983963322311407,0.6348544597756471,1.5573759490817414,0.3634005443469501,1.2504398531989986,2.7913383250264108,3.104891533595945,2.93678659567668,1.176637124653641,2.5025402395798144,0.5174711860577947,1.0557810899846876,0.900609965669219,0.7041078702516459,1.0653400823409074,2.260427555007287,6.868678542845202,3.197560119002192,8.736885037057467,1.5969089788368647,4.2582218114823185,3.463040919852754,1.7133313420822724,1.7451619183891003,1.631326267111855,0.9506233648099731,3.438759922948753,0.9120842597169309,0.7907772513555459,0.39618709835360566,0.4328295387158574,1.3460543154179123,3.860420806986679,1.0429591284878499,2.0105710992676933,2.931387137352721,1.2753252856330852,1.604999973707279,1.0182934589070876,3.98039635553682,1.15705652932896,4.105088143629231,3.7786039640434312,1.15526777073675,1.175580205026307,0.315131081771439,3.5470874343356815,3.468475120046634,2.4447196658506085,1.0680900835950984,0.7011683885418668,0.9140189775153673,1.5587105388075269,2.0971334685449663,3.897793770483583,4.099487780457262,0.8866351070607051,1.1438033358267732,0.9547453742613592,2.3128463560153794,0.9698910030024965,3.5142084268254346,1.094537871662209,4.021581377854318,1.0816611339428315,2.7428380563788437,2.6380194322353523,8.089065139983397,7.603078888799091,4.211008708265445,3.272382497296076,0.8665949251018854,1.3145909807377048,2.138935372915295,1.3646494970677208,4.203748221199563,1.1626808434249503,0.6578496786704894,1.2456005509186059,4.053310940516395,4.480017647931939,0.39742711934372066,0.07630484421926986,1.1400134594018545,1.2542994199474728,1.2034525493638548,3.491345813272215,4.571903959247719,7.995137180745915,0.7174782813953411,3.2172896701001927,1.80660192961276,1.3802991884154772,0.6960396120789332,3.016611016947893,1.612235237594338,2.834473035568601,6.231616778947934,3.975713692380834,7.054668083133767,0.5906757447446473,0.33723543253472893,10.457058971107767,0.7589539065989199,0.7279444710077162,1.010535129719318,1.0532008194392932,1.890826532247063,3.2364837815679777,1.8453284345070033,1.7549667134630447,4.515513821951878,1.9863748693334653,0.6044444744866821,0.9269161837265487,0.7651635694774783,0.7192562454738438,1.8795210694018403,5.166578402419813,4.117114736469475,5.155154960037723,3.2336948068891935,1.3246932843951886,2.003322953834637,4.762050038433691,1.5215856059704926,4.391308305705516,8.822224242411789,1.338679752383975,0.8886097402822063,5.165882852580663,6.398614611189514,0.6623072434600348,0.9390788230479473,11.213364588535708,5.580708052207035,0.49160851337342065,0.668683429451008,1.595053158357274,5.915640969328522,3.2009796393104013,1.1295525971519607,7.093722246911308,5.040955966005692,0.9519419618278743,0.4069528221076436,5.811128180870331,2.146229518122239,1.6348333653124365,1.2340031370049012,2.324882412429358,0.27720666264239124,2.5025534831592364,1.3825385327758157,2.4651101349235724,4.354129426644509,0.6317254540048329,2.1235237824953983,0.8637659594172238,2.3808292825350863,1.703185167870283,1.3029215165109844,1.3556267472608743,1.7450699046679188,4.813389447656384,13.109266010752844,2.0234729158479556,3.316779273297651,2.0207035518132512,2.030137122451728,1.77947423026642,2.836628307811746,1.7983516559609858,2.358045304974916,1.4051106060116747,0.13091998948664557,5.421902483550865,7.101531986918649,0.8543948937565038,5.576482669603416,1.1369237321160963,0.7465031997157923,4.649166719915693,0.9124583395491239,1.2259590078057154,2.4894793597859066,4.13003415701735,0.710941473027067,1.0419046981793363,0.9023516380721661,2.550459470191005,1.8255444438848847,2.949856594354123,0.7749147648888746,1.9646042857455386,3.593945920045118,1.890955406745021,3.2237654929057316,3.0627342668469066,1.1742387006648942,2.6708891207990857,4.8691702799618595,0.6223709562673008,2.1433256274097103,7.053252668923342,0.5431408044311181,5.198467358390624,4.004479486580341,1.6187084283648763,2.3035334643382583,1.5032163194728465,1.7770329733928363,3.2501988104577575,7.950661715710806,0.3179295723703864,2.5829036919365285,2.6506223570765135,0.6663484495563272,7.5099409932132675,0.48956472279945984,2.985506331948266,4.427694710950493,3.6680571430977738,6.615138153343393,0.422596644906196,1.722927082131955,1.9689705531291164,1.5224087009670826,1.7774848281468545,0.8299084478350265,1.3068875973153187,5.304645983724097,7.4028272252228335,5.904027245264022,2.5383204975393423,3.549068371577583,1.7218315593142108,1.5516374545940033,6.800645121401939,1.8961054483367252,0.37368611838173954,2.5603608611299964,3.6297240061676925,2.255266722927007,3.748561575968388,1.6878365484252082,1.0794980468863717,1.3692150133376746,3.932754378917732,4.954630687067028,0.7530934511639144,2.887297318019338,0.18310221928354625,2.0335663432523665,1.9762349492145104,2.9937101306353218,1.635686874992365,0.5725675288842347,5.108312421954481,3.54796548316984,1.050764510715455,3.604540693673602,1.500362878846041,0.2538745664996434,1.8623276794437877,0.28218546728038346,3.8035750397398185,0.23644684249306208,3.1804759155934623,3.8948139864260334,1.8336531725463776,1.9390769518302802,2.159233556725324,4.461234561111654,5.492524669823113,0.18065358096359635,3.503114148889301,1.4598976480557078,2.8529067120088647,3.877503120510206,2.116934876754582,1.8856846985700932,0.563249129484753,3.1067302347444468,1.5106249848240014,0.5913159703438999,3.2120119001006517,0.9819805462962765,6.997141269451316,1.8512906303393277,3.1878049734908087,5.950943477692202,9.561991202315301,3.513087339529026,1.0205350975233198,0.6456709160489127,0.743181961852713,2.232927979518877,1.0949981771761603,0.9487012467898025,8.667919527439004,1.5419712660004898,2.3639474242009753,3.6424697513422903,6.451668978271324,0.38970296708434504,1.2774837749814796,4.952924516660462,1.4241924865330198,0.2427961663661038,1.2737184214856794,1.805027642947398,4.429009709037032,5.118932956592591,12.672009652616621,1.8940173355449,2.7223943059688733,1.5090965787173487,2.067429856435914,3.3004032604741087,2.8587758981563574,1.092060531820322,0.7773117055529506,4.736889287445267,7.027934346377729,9.430751540857736,1.2642370425332334,0.5159128812754695,0.8291881336490634,2.3468257548490326,17.222010588472653,6.353699743171484,3.331401374462584,3.5450323368705607,2.0634785640261057,2.245656481212323,1.625574877364684,1.9467004942945438,4.458151388694638,1.8877499838450154,1.4080429177144398,2.468226138959985,6.294592574272939,4.876141012127948,3.037385523046206,11.120988907813864,0.65206960595626,2.1093537934684794,1.5249590448916117,4.447415527841934,0.9374474660091835,2.2110561393175034,1.580244765506658,0.6788313222051864,0.5055105572748345,5.3729544762950185,1.276004485458542,3.845901108563678,3.9098890823421146,7.101798012846259,0.3363918038198369,3.144049075844337,0.30769816870027833,0.7132134620598632,1.5179873400790003,1.0172388795554255,2.8209135405179055,1.989042835137042,0.7062771076017986,1.9272891504454326,0.7316060713494521,0.493323222822142,1.2860223553091423,2.7500983506566254,1.5543353464499816,0.3869935882099309,6.051355181768297,0.4578225809437251,0.43219720838672343,0.542489640547422,1.6699993850553922,0.7791309638993117,1.5102902269265712,0.7406069797004061,7.915578858839475,2.4893336820964347,5.9424603980022095,1.573385396464786,2.710663956480913,6.435846859021583,1.391439315825235,0.6213082442486824,0.46561197068018356,4.3553383004486035,2.936601894895597,0.7594612257297019,3.500751550498598,0.42792868965535535,1.4697706596684452,11.816799323447865,1.9461588512401797,2.75985273399022,2.3696664819120006,1.2047814325161488,0.7061087839989282,1.9557322918264548,0.6405785944483902,0.34976968256757257,4.760407509080809,6.714302497487731,1.8319106018240494,1.2562698972291073,1.4469008799904555,5.497981596649685,1.284110826635033,0.2929068208059158,5.67636207790347,1.6587590062681303,4.263497375841804,7.079201253082369,1.6457362180094894,1.240539834471701,1.4586915896765138,4.834593008618483,1.8441420942160802,1.5052075342377138,4.1226553159662815,11.857113862846887,0.5323468466740164,2.345035388146612,3.5655627570977377,0.6549326886868889,1.6608549482707513,3.627012403158269,1.2269896824282749,1.982172924409313,0.3957361196173666,1.7002464703280837,2.3209492221497268,3.724527629221478,3.573817587916558,1.4868237115922378,9.498246922324737,0.4270276689002659,1.741607386301495,2.219812529227978,2.3437642624474675,3.6719238052065184,1.863344558288239,1.1017358593958826,4.3422673097322155,3.4233915350907353,1.3029385818424304,1.5549204563391785,0.39628363957346924,1.828223132351821,5.290055839465291,5.2058163092388865,1.3636413519546555,1.9738615257760643,2.8652324448106468,0.4403772229441054,2.9363937896854955,3.588231772897356,9.911243343034776,4.686596047228173,16.21866350579471,2.0604337800525374,1.9169676158518762,1.1740758002779288,0.9314666112834811,0.14485026734844364,7.887422955500647,0.41653621843041533,6.283014959253809,2.1986798095569076,6.034439587700942,0.2609280340106878,2.2562047265721947,1.5767609406040757,1.4698570772603838,2.524375055938698,3.7670508524094215,10.575241038721176,4.488373191120936,1.9972106013039965,7.377191164271226,2.865749806139939,3.517743561597429,3.1729061977991906,1.6759640909810019,1.6010769873026898,1.0983557776756958,1.7424342137433675,2.9640740113285107,1.018482940438517,4.342681507905243,4.111293475268717,1.0339064672969074,1.4848888686350827,0.8104616200564669,0.5027547288165958,0.9342163423924805,0.668912261705625,4.1258972434504,0.11077772318270585,2.4854700078094516,2.7256968580156276,1.4182116678302357,1.5250790422564753,1.8451856776457376,6.692526869124474,5.232896208051322,5.558574258926931,0.8200103570867827,6.6561048500046525,0.39558824093423517,5.048797248129198,0.8205393710740264,3.791562237662546,4.610590957814313,0.21211529496120518,1.2446579625934127,3.05418175991083,1.7896849101668328,0.7295080329853705,7.791805081258844,1.973672619343355,0.6062799007777481,3.5686321694421306,2.134954289125704,1.1624389941266502,0.7323891272191404,1.6281497630737474,0.11028356401417984,0.7096846167185076,1.402961844307463,1.2779649244315554,3.4935147472054533,3.070735472102769,0.25360010306227,4.285036460796192,1.4463667994027356,3.7741858087037525,2.0130441838556488,1.298357170302781,1.564097651536933,1.5399655118075313,2.0280373073458824,2.99312058594772,0.5009329638832252,3.378837762306899,2.9057979532656395,3.7800927990455326,4.807195306476993,1.1776667318019747,1.6429264686320062,0.7070407685100633,1.1777372790280205,1.1564758612759536,1.7035684994254319,0.683292463269174,1.1136599805096485,6.328455993684135,0.9512243661196805,1.3969533371433729,1.3899981241891592,1.313317658745198,8.32187618022181,1.7978792848336997,6.586901369040154,1.0690597708533387,1.4635544451545246,7.156341202657797,0.8836723409481186,2.2425600783622763,6.668116810892048,0.6288353654321068,5.353963052747638,3.2547392636171733,3.310998861572947,2.5694969027896315,5.619441862744671,1.8150851154395382,3.1378060106489447,6.176686168419593,2.1312226771416776,2.2064748119084223,4.066483313271575,0.23288134582014441,0.7613978855355519,2.4888236665144934,0.229705580318377,0.9265139997007213,1.546315332643359,6.668428531002153,2.047370453470299,1.3930911266980714,4.599642171679241,1.0413867442543072,4.432043196117959,1.7697375846895165,1.6640365559693437,5.385953919267083,1.6380542896592374,2.0717979319962048,0.9505650159517822,0.8828088845178101,1.125921418022967,9.234127134104174,0.9064059304551239,2.1694760340319825,0.7164446049201976,1.43631137664403,2.7408245309116133,0.992869645119315,5.749192633988423,2.3217997646025537,2.218092848651886,1.1814532240294333,0.9958841486116071,1.235596741471685,1.6194112545519546,2.0259246570081895,1.1002914095944534,3.4495705650679866,2.014973820596102,2.4491815234698864,5.434760257239448,0.9646036079553493,3.9701165876355544,2.601189679594872,1.196044113859363,2.4366599576705497,4.99335765296332,1.6293358943881338,3.157705019430569,0.20034895604447955,3.7417224514973038,2.5239969250904335,3.391874911498972,7.519733402123718,1.7034631077366318,1.9898598427950607,1.022738431195384,3.0248711472158805,2.71703615746932,4.057073355163844,1.481696292618229,4.523591843781145,0.568282182093728,2.9713747246790443,6.823257246952517,3.84213763674945,6.6293009548760375,4.361432644212836,1.607250862822584,3.722215514732478,1.3186675963800467,0.7897535368060494,1.188107083501505,2.1262468533722165,2.186180357024343,6.045760147898897,1.416082554425912,1.1278465420320782,7.913247684936439,1.4272237806339034,3.8143715498644504,7.049637098330762,3.864860740272498,3.2481380666513635,1.489672958660425,3.8849415020673006,0.5606364528351452,1.4723201397222625,1.5573765495802008,0.5963636236673165,4.325559047344485,0.23918978226888227,4.453406112447958,3.023715086959122,1.0785460745674635,8.107745688220682,0.5339564068721,7.0553981364153415,1.6680812979694302,2.9475714085829523,6.5434702509313,0.8408493381341392,0.7639649431640501,0.8211357243816132,2.029512478073916,2.282186233178177,2.906321931420414,1.608002625076081,1.0066521033564184,17.68100851605605,0.6607058117863072,0.4156054442833755,2.142910436765301,0.8302827227405818,1.42186632529776,1.0044853603383945,4.3611620376333615,0.7896263005795797,1.52826303731834,7.087695114533518,0.555970633266808,1.573268057180222,2.4896394040758882,0.9432294530085032,0.7856031375542232,2.3538055086307987,1.671828859334102,0.14311889674509035,2.099288150026585,3.5529502195810503,5.534213669612605,7.180425831672322,3.074219616266856,4.0523596973772475,0.4795502554170299,0.7852264650894285,3.110756936340314,4.761180910937601,2.5664967864508847,2.2716349314618185,2.846751959122749,1.9855615869028203,0.44700223176119314,3.8904285056437944,2.108647449172476,1.3947746590971453,1.7335333606480898,3.3485316205212428,1.7534566747251703,2.638014068385685,8.520825586911503,2.6600789198970336,2.0729528277928635,1.51324126287382,2.1242162276126644,2.689719215883778,0.4597949859624911,3.984783446734495,4.587847083326288,4.613857102039786,1.7953202997892284,1.258902679310737,3.3406083867043113,3.3233128280639708,4.856892422373056,1.1527629065816645,0.9365024397766423,1.1797635711291927,0.4049491192692792,2.7668082708345882,10.405476010643032,1.1730444014876134,1.6501674343052664,4.4391795794719044,5.313316139620799,2.753033355813858,4.771014574289164,0.5173446628033929,5.183769262936156,1.7460422661170871,1.2187672592852439,6.798298413763521,1.7317558891657288,2.2099581067322656,1.7464595094002648,10.468520005882723,6.759536578197595,5.504219680660286,1.9665735779864304,1.2025944260317964,0.45929681084484375,1.1987014419177289,6.65752313453211,3.7714183261784058,12.987292574553567,4.104816617434336,4.111990555908605,2.4532965533287676,3.588243042794634,1.3134075447276623,4.788634374736342,0.6489117185801643,0.9517958188920044,7.180294198611345,2.5626274988627173,1.6426637722724864,1.4394722040720014,0.7728096290664004,7.970571277315799,4.44619528206586,1.8322237583249805,0.8417327514048996,2.0908155563677013,0.38295685861136436,7.722600158046342,1.7053504053354167,2.594162338692923,3.229759274022683,0.5753846106110708,4.055790183810007,1.811061404091817,3.4435685233772713,5.029949899628602,0.843726935563553,1.7432728622912204,2.2684033453536943,1.8651202644291736,0.7049631468366011,2.7013818601033748,1.1841947761172333,0.95290798880593,1.475093192023004,5.735444489161719,1.7214285468547024,3.4348737028986926,2.964303414472822,1.5194507426031538,2.1339305737541614,4.231007874917601,0.785538735925254,4.7879105092450365,5.888926104160519,1.3122377741424394,1.9311534513168978,1.36205457397716,4.893557357946588,1.7734160369632186,4.8141799974942545,0.6375799093982941,1.721682090033548,3.286959492274404,4.6054474253702535,2.5928749932735715,4.660855186558632,9.200512025001318,1.669003518925658,4.563193261459618,0.8544842764760137,0.7451252184061123,3.0518701658329848,1.3308002990842407,2.2827339826925055,1.0161429882469362,0.8775558504135712,0.2570686531355242,0.6234077905258166,0.7326491008274114,0.8135558024594455,1.3180623255472335,6.481742908514827,0.9255246205329906,1.445791823526081,1.2465624568927132,2.5550216040757627,1.4137084082123543,1.2647499888085703,5.482525588122837,1.507668615065211,0.18544086349801245,4.307358438696805,0.21499114405159936,0.8385712621177445,1.826450919498097,2.372828377824562,1.6453530726915533,1.1415106151735985,2.184001164009131,1.6806555960453895,2.115241081710221,0.41740169408216143,9.04446192423313,6.66714542106097,5.852075270221454,3.8716596918275075,2.488316309845526,0.9910795281701816,1.2960943983980042,1.0251957575716033,3.310774168859942,1.8840699236186356,2.067361007471578,1.086066430336826,0.8868756250859986,0.7687289513783178,0.3934434848636962,10.780445725256147,1.8320974156574477,4.039424604191901,0.9924777876454917,2.1460212910028464,5.741355016297344,5.667336774611141,1.6983912536054906,4.010253283420704,2.0930094680844737,0.29085108982662,5.771411929451748,1.077945228449297,0.7029035381651023,1.6707905832828434,0.7201398050046428,5.658789625908915,0.8996453768475096,4.2748889632268625,4.635537333058591,1.0011993317553614,3.4788442762530756,0.7300590953399402,0.973202419763093,4.905122912912984,2.4327402515216834,1.1582271130107804,5.386444944343623,4.257753716579227,6.672699234772479,5.833349866250888,1.1728559595894927,0.7604085004142445,1.7537301082793013,10.969347877269495,1.738775441820954,1.2225524038719038,4.936136437689395,6.538635024886459,2.4467516390517785,1.4251520108048066,1.5129536364668095,1.8943454800515422,1.7235566024970614,1.9572696442126822,7.317401037694005,6.049850239353523,3.7619965255308454,1.1386122464279373,1.4610267229060763,7.488238435851154,8.633715512097746,1.047289596253104,1.9318546607694358,3.9136118904506247,2.5166009118913277,5.006224060282551,4.155116282709862,10.344404092474187,0.6890470670230369,2.6877847842061806,0.4595418056374133,5.5754189826879035,1.295623924363206,8.475626787052487,0.3693159865949513,3.7608297974413327,0.7509566848811304,2.0437717999668568,1.9822442436218297,0.4225443443858288,3.5821068357452805,6.290684136012541,4.2055799902488005,2.955572627117042,0.34393698582534493,1.238593146449185,1.8710815241654086,0.6267234250730362,11.165062879353979,7.7380757304769565,0.8478056951927464,8.29228728935582,1.5397452598469341,2.8147599372652206,1.1773161620161061,1.7924912376165858,0.8722213210962626,0.4136735623006173,1.6231984758381377,2.1458334085501063,2.40725170940356,0.7058594569366646,11.407991507356623,1.5053717988376207,0.07786900332023472,5.370471419633109,1.4239278853608184,5.8718380511092985,4.2819649005279095,1.0296244282362153,4.288150864312589,2.6400843169454657,0.3046684156227879,0.054795904819036845,0.7386821205519645,4.224786360416532,3.0355536615279144,3.3935194911016286,2.3728593634876995,2.0781042467646875,1.3540902481243107,1.7344794526184772,2.54718280024393,8.152355675496054,6.0304035753451,2.004971093425111,1.147339201514734,2.8621155461287726,5.966513635547047,3.1938992607511514,2.700305423750272,4.295118378733563,3.2225781931846758,2.377373640461732,1.6605091500990175,0.5629556481445063,1.3247706849735341,9.0913576622881,0.6082477409880682,0.7364345880853821,9.356778588883934,0.43871672031887765,4.072584927281896,0.8012956091551264,7.680378833709577,9.616558142806117,3.0484619170498592,1.5554314607954318,2.190732819749826,0.19171211654016745,4.814717701365192,1.6270726415144605,1.5279645142484557,4.048631833723097,6.04835530160988,0.5301416106021936,1.8489849558008715,4.325269911282403,1.0762348180867127,2.0739728352487594,3.995091198551376,8.980190605646689,0.7740630489581988,4.380221179364107,0.7915192338677812,0.5018911268222327,2.952801243445129,3.2499308009136008,3.0834585794208365,1.3185764195975924,2.3065243918568923,2.560699300064326,0.8050634944629166,5.1846067837343925,7.933236043255257,1.9880682356095223,2.8959611081679326,1.2405626659037345,2.7656567043366227,3.6006057898370156,2.073549537058428,1.6601381485565265,0.5650621787138982,1.4181973007558006,1.294091043083926,0.2462830383319201,1.4511729608532455,0.9321132032276214,2.271487472464764,0.19410534540656676,2.7143518446366954,3.419758265130321,1.1456600875749265,1.323877201741894,2.221613485455076,2.470485663839273,3.1224269230209702,4.002976939876255,7.6111335076215365,0.7893356912989115,4.719793709387318,10.576409854237209,1.91369902387126,0.7187998321842365,1.7144121724987555,1.1611899643264099,1.4699874171179819,0.973779401716253,2.1700826718431396,1.8084678097148823,3.5062385388028017,0.438217209180114,1.4640371577230462,3.8618468509450974,1.8357049034413344,2.0751119888116505,4.3529921523074195,4.8605177699939714,6.77342994938522,3.7791084901707572,4.218160367761719,2.4743386749318534,2.394137921043295,0.8650735152967153,2.52161394705145,4.244599968677073,3.4792037662783786,3.672535645843497,0.95934336977627,0.7549250527703897,3.1950604392330804,1.8868683511483644,0.9036632505630946,3.524778257147928,3.6971687831486433,3.1776636174026427,2.0420002367026115,3.1609345652279237,3.07578096215953,1.072223810298539,1.769034469911443,2.630517943886827,4.563555905223036,2.176423610585031,5.522475887578657,1.2376153492715813,1.653006207723754,0.7327561962293101,1.6257155330599369,6.2136728679753706,0.19508501727305713,2.9209450648539246,5.2482173187402745,2.1650868608988647,1.1226214971394182,2.6292588064069387,5.468720418325193,0.6575531477578695,3.665861777177161,0.5657272212464668,0.0737776005955323,7.858509566970019,2.298347536297984,3.0784691543037592,0.5275139525921015,1.6106464970006267,4.709927695479668,2.509654796670975,0.4857844355570389,3.8287062060091372,2.0345901588702184,0.9318774148604594,2.910152946629206,0.9457800215494954,13.087635186822581,0.4425258984750228,5.783937139681675,2.5369886622514577,1.430708171908878,1.414586860021133,1.7318198531175053,5.967361327669679,1.074512243111598,3.994219719259931,1.1227921448556817,2.317166251253795,2.315704799900052,1.7100381412433054,0.44748046953216103,2.1289712140791774,0.7513431710411855,0.49229331327686454,2.6727929176939544,3.8400820235113233,1.910393207352068,3.1110525391437873,1.3720202765162428,1.945023392869014,6.415598903038632,0.8994318995525385,0.23300688231988376,11.713499183790127,3.6923852234681958,6.607361916269619,7.640382820820572,4.408327641272455,1.2360260391543212,4.887475914707155,3.1123504698517968,2.2488652703344365,0.8037156575837741,2.1765362539530027,0.6146547760022733,0.9526172717799875,1.2102984396325545,0.8460578821427356,1.7478030337343573,7.289095533827887,3.506167566975722,1.018201922318559,0.8702429409850542,2.3586238090815317,1.857465451889332,1.565401356528518,0.21642673891040856,0.9324813700417871,3.8139485989341058,0.5155455862388745,3.7502125287615136,1.2046198996038626,1.2189947651530462,1.3309169498157165,7.857912729562517,0.3734489000562492,1.602909727923056,0.13640618838021945,0.4105959977941155,0.9171946126571102,3.574749424940493,1.068160681908581,1.4339763636339922,8.319066371435325,3.4044403134676187,3.7617306603252296,3.670919890723352,2.590110440976288,1.1019493084984266,6.1289213021058675,6.959916324901175,1.2876712593604922,9.712187797244754,2.238005551813706,2.2888684669817994,1.989712572426948,6.319433610745708,1.121184597154692,1.9395078208098393,1.5631925879619295,2.216439010002301,1.4115128952320228,7.58574340663757,5.206284466397611,1.905760392840103,0.9837803554600795,0.9306873072369337,0.8537161533977102,2.334383841360077,0.554787906368947,1.0231791947928799,2.228549412342399,1.4855527083480533,0.6710898723248042,7.709339817299838,0.31702053407356423,0.8747349314134744,4.193390075581994,0.5727314204701794,0.1775509956524105,2.7448392964894444,1.9328537982919793,3.87570811702392,0.7097032144809584,4.693532762269292,0.6435656713705373,1.345025782652736,0.365852318464007,1.46671645458995,5.020158854220264,6.615879939840303,1.597331837951729,6.867226020744015,3.4477081022246434,0.24090727630988557,1.2371225675806028,1.2556027495661555,5.464551954581007,4.062608417208196,1.019441315286656,0.4506285048384525,0.8629509684711045,1.0967661383506244,3.451208867894222,2.937025719449544,1.3449970857619595,3.6755444013944927,6.236515043096165,2.4555510703571173,6.0699446944346125,1.07224739148653,3.0553003744042986,1.49269091628997,0.39932712057328357,0.9766114519458093,0.5374817521214682,5.228432505002921,6.610063800876795,0.6589825917063449,1.3289122550594246,5.043586157533895,0.21363743096428756,17.057881864398418,4.301870686798277,9.594404607959126,1.5487863031271207,2.101022825185777,2.622987115112424,0.6006547395485982,9.145075416541943,1.496728515099039,1.1681674204541463,0.9947061924197049,7.938059549244717,5.444052855384333,6.1044604083843845,3.2229315265406253,8.52367186502717,1.462777178273865,3.6428841520439184,1.6493947129338375,0.7561308765874512,0.3905318787186691,7.517252689903308,1.0562280094686736,7.908493725692538,1.5952914028554859,0.4952275648047304,13.659230326746782,2.1849363950802676,2.858872457524983,3.7105047714749713,0.5645353974496381,4.719676484334446,4.821126365736806,1.861674312619341,5.086598839096121,2.7136133493937518,2.449505251398776,5.646792310029204,0.7482107732156589,0.6095607570564235,1.422989419423079,2.207272379319971,0.9265288627501544,1.1143058817498892,2.097847460284992,1.4181277633399707,1.4311296838060767,0.7992322879902846,4.93239900404377,0.6615262972243414,7.881136155893551,3.10840801961342,3.966467525080763,1.0775411124150103,4.0181682192411206,1.084348183042735,1.788400806466322,2.3173245650536183,4.646373758469611,0.6060412343373417,4.098546832888251,6.3240413401389945,1.5761549138690343,0.9389380716154009,1.070167451192928,0.790675438701506,6.4255266118364425,3.939337716246822,3.234514496159056,10.079065771614836,2.765460490562051,0.9288491499699384,2.326286443916794,0.22032893997808511,1.165824635072304,0.8983679700098499,2.0705432451288983,2.4297770863608696,0.1640951938909733,0.9309032657381797,1.4592539246049092,0.6884630961140227,2.390112356779797,1.8642618907498538,1.2551199361901655,0.45529974687515584,6.217751775342586,5.1003894441397515,0.6044011147845613,5.280037100871041,5.54935369612404,2.383736681119983,1.9863563665640678,1.9845174030634536,1.9797319023996973,0.6853628698745375,1.9041886894021474,6.495617652446048,1.035330187354182,0.6375441170512484,0.9425517659418042,2.8451595489230823,1.7435064147282433,0.1491145039373445,3.387380258457977,0.9141081223129552,1.2729311900504658,3.699915155886707,2.003366060665119,0.6503112864717138,4.092570067791581,2.905229709317636,3.28926488804337,1.9311941935923755,5.418000048110337,1.304682862018621,3.652486739856987,2.869795019693846,0.3087650350227803,1.7523021287387301,3.276670448554452,1.9110947257068964,0.5526460096218058,1.4924801839886552,1.206170274720032,4.287045216149379,11.34282724818205,7.129107401388928,0.5855628866263737,1.6330853061947732,1.542211040659513,1.810090085485138,0.0525986601557758,1.2622517167032057,1.2172754299598663,2.1317261318966563,0.6438829282913539,1.2963595577310971,0.5980201924723503,2.3363418568756615,1.5590161319722702,5.97973482024577,7.260583868461485,1.4959027034979,0.12063927948747499,2.0121822538755474,0.6206931904460599,7.626651499189458,9.878211636944227,0.8063195018394136,1.1184087564473595,4.758902259254683,3.8863749311986338,4.368498847649674,0.8872308944445018,2.3199530638294448,1.0112067981981712,3.9809779417151394,0.8404226159447129,3.5241653797241628,2.470706121811435,4.4233682102376175,1.889700222389023,0.8271352523206073,6.254288987543675,2.0229591244153093,2.2195695860112212,1.3821869991750142,0.5858682767995544,1.1628968682970746,1.6373635010170355,1.4287071537853728,1.053402219583985,1.3810838845345015,3.206146781357052,3.9460695832542476,4.344559238702926,0.9067083270123829,0.5826345634636204,0.6850504289152677,0.36634079364877314,1.2589874739649827,2.936225961686132,2.115414169001317,1.226237410896627,0.5965095361709816,3.0129553522125563,1.9450139960953148,1.9066164367722183,1.9805934558952911,0.38579010516084367,7.105189894231975,1.4937340644415038,8.900990757061694,0.06618030847488365,1.8671137382922889,0.24257007252815516,1.1153262501887276,0.1242717524171274,2.1528783884333453,0.8893211511327479,1.9288961708718795,2.451673068061357,1.6707763528527602,5.755003653754484,9.177145653658513,6.414049467984731,1.8138881971131906,2.9005623507434004,5.448635634892514,1.1582420538081957,3.21900567595677,2.296734139766522,8.730129522159093,5.852376090834599,5.817251277660456,0.10038675748394887,3.9350331716284077,0.7872439081731325,0.5000408061665294,1.2477198229233868,6.229604636848619,6.08913800996873,2.3675742382257248,1.0960747011681466,1.573893212737238,0.24916749100388058,3.1342161538242874,2.4131948789192466,2.9307721617455686,8.02063045468646,5.270241280386965,1.3123429165466796,1.3328453998217236,2.8413540649995386,0.841532381348713,1.307442293368775,1.9976560514936241,6.825539444524673,5.3617795594437805,1.9921124440330302,2.694473094910397,1.6048248917955967,3.748261811488371,2.0990630957809273,1.0760885596062844,5.2745715718870905,1.9621121563026236,8.353591799454623,1.2726387370076604,0.8799379346875658,2.9182659913894256,1.3559080287483232,0.6025655446909927,6.144492778761618,3.856706702196317,2.8560112746768085,2.062327822874448,4.226797873305928,2.249034458174403,1.560221720013245,2.6058947316706096,1.772792821377178,2.287372356508712,1.6626734796892462,2.560980081506358,2.0482248233342353,3.456637104699981,0.856063306002625,4.483247952642364,2.884313549178175,16.39310094724638,1.7492652647513922,3.9682678741784323,0.588678275202195,1.4556974668355622,1.1479699133382484,3.709211556265149,0.7255436169003991,0.502430475976999,1.785522512834987,1.4659313707386559,1.1456397549578594,3.268670719612152,1.9973601569872115,3.6426668238958935,0.8712253469948492,8.54903499163967,1.6249926892332178,0.6584283574020389,0.41670965846642,4.147332201417605,3.660966736733527,0.9958124358501017,5.06045415279488,0.4620402031202499,8.119249534294642,1.4256750423465037,10.77596216195004,6.33696161518654,3.7924796528752127,2.9695395007187564,3.1376378335850714,7.80682290324818,3.5479483702138634,7.076372773580257,1.8933578051496431,2.8333817879160215,1.2840547338406028,4.542582216476481,1.0567551166906606,4.267466717410679,2.779661476680528,0.6398485060226635,1.1440759351936067,2.389413357968889,3.8772120625413113,0.5929022898003611,1.6234898238529232,8.061572102627924,0.982818231557618,0.5453310934035988,1.6725503756620022,1.1633981669729443,0.5285166598782142,3.0453251372145917,1.769129272358435,3.5483648605191442,1.9812375957292923,3.831304635237297,5.4111771562853646,1.8608970180830466,7.900926857342382,1.156896342991611,7.238246488070796,2.989194696738816,4.7526898481483,1.4801464993497446,0.6895125887981222,2.3525712823672498,1.4873045341439601,0.602672925737688,0.8215645926054364,5.733256916565201,2.740630432911054,1.780169636773578,1.2014314287116563,0.8075106187384822,5.769079578255949,0.5667311254875358,3.81700777412622,0.9530978549749849,1.8994519338057994,4.340058288934838,0.6876873035778719,0.8481610934507284,0.0802187665963564,1.9195451781681463,4.4831428133397555,2.1865065876119174,2.724500508170031,2.964409011131778,1.9717583351911934,0.642673356513165,2.301768337417338,3.332603560829891,1.65038981714884,1.8146020311859572,1.506136771181274,1.8692609674829141,3.841856051741318,8.148778571015947,4.118309698711466,1.2753232225243831,3.406326318942808,1.7501554837157098,2.28550980605801,1.407816249259304,1.0906690943127453,4.853155746302089,2.9965108367499504,1.238037103555178,1.1864181274403045,3.538635704193977,2.4695615886161604,3.392041749153727,0.5642670653654394,0.6344366588127835,4.7820980792150936,3.437632623550224,2.561361414507172,1.2320023615379125,2.2878456874841744,3.5936396773781265,7.434499295820322,3.3381353150715194,0.2962386285522073,3.533646804545764,2.4835221263917835,1.2508927158886995,1.6603931886802161,2.7063284824373603,1.7354237721904693,1.7492468529959762,1.0790505276109061,4.508863427249243,1.300054129155619,1.763821632730335,2.0190225805819786,3.8668878410611667,7.4008228519345565,0.8654798459151478,0.5401130188563272,1.7185392450205605,1.3799669331574318,3.3468159588884827,1.7395227230961054,6.265547413056835,4.6683879611429715,1.9459556506771256,2.279983695435083,0.8350290958850373,8.509048089751902,0.7046378850680062,0.23536949426299025,3.4483626459122636,1.4913435774545865,0.4257357982067582,0.297767095810337,10.491337244645015,3.5348628222146923,0.7951724342569446,3.012396299075674,0.6133349534224469,1.1796221545415555,1.541004830455018,1.3601077187604198,2.1494725218836037,1.4148416277459361,1.250555496764661,0.7314926690501548,4.655601116552783,0.9669064467308156,4.366689444424787,1.7864637118108901,0.7180355288917385,3.772729544172201,1.1823217324318254,1.6464220271027192,0.19017569578883642,0.6380128077807845,5.093687280111748,0.7373615128029618,7.964613013310545,2.8499413715860284,5.108438967282609,3.1961905833958126,8.063404460930338,1.2484855136072057,1.8515178940905077,0.5049616548644538,3.964246660257353,0.6432787345258222,3.7108125711132836,4.293116172755292,1.803316069899208,2.3481744522923487,1.627738290989815,1.4215918951485207,1.723985206857955,1.9596829052144973,2.221814290936,5.245440254982259,1.4067382968616913,1.051108724456833,3.741905710876789,4.104699796889985,0.726205101438667,2.2708171617061237,2.312842119398017,1.7523827299842187,1.5258162157594624,6.744273657878581,8.597092263258247,0.2953260734269195,2.54893840763797,1.3956729598163835,3.927860649416763,0.8620696853421109,2.5043450291474736,2.363175338100379,0.3930743324159789,1.216056152275128,1.4071642244039833,1.352021657983089,0.4102569458433556,6.037665724046394,1.767532006118783,0.9902271968150815,1.795299511656089,4.3981527422835205,5.316824934454702,6.163045995657607,9.556377279726675,0.5501286590708061,2.8357733602300685,3.36068342682486,0.8136313306464367,1.7901185572801728,2.14969405200477,2.093765676096557,6.651473749140039,2.4056693877098727,2.80454561510034,5.688396460685306,1.9689392475329854,4.0785124559851385,2.655415801866977,2.2592168607365326,1.5227929566761593,1.6232069376350933,2.7429545240370476,4.3121401355276925,1.179241527845395,2.4405519980287487,1.0124609356817476,1.4864284417432634,1.2107198955144272,0.8343163758470669,9.077887651600687,0.6576020995206842,0.6959802305179682,5.405717106208211,1.5812009204262245,2.021008673969493,0.3139371468429459,5.844174130232549,2.2198159156990864,1.7650478397184501,2.9564748923748576,2.9103969776501706,6.1570915249311575,1.4957151870708834,2.99460059178408,0.7857510301390935,0.9472485667209394,2.446659650427856,2.4394929614367924,1.4280387621050028,1.5905102081400537,6.683180436462586,1.344329457445259,3.3659881718366975,0.9166952621948085,0.6597660006511539,0.27301660325206145,0.7812207329976857,2.057740635727141,5.111341705156775,4.071904815976527,0.29401490752346937,2.7635410716538065,0.3981568364951109,2.0243972173634535,1.2723874961319155,1.0476735887913902,0.5444508433633606,0.35990250096348064,1.2993277593048858,1.9561394875874516,2.5527922466237025,5.151943241903304,0.5766316845187911,0.7998093211690008,3.9868636052696633,1.2326528790486881,1.7313244876237377,2.5280619697169064,2.0706640426898115,4.7683692556237265,1.9649819979387455,2.2311840006155865,1.4936794547477317,0.7286532308929423,3.6902471828358925,5.957358028468377,0.8040331202656337,2.375094998249172,1.0844037142778185,1.0760067727917704,3.0707549655501527,5.6017737747754826,2.329345611507695,5.391732235114028,2.45964763174249,2.2708690903355855,0.7643728525088085,0.5382130417612282,2.4572212519784906,5.982902393179929,0.9500275810541846,4.450500933711107,2.6074866703378135,5.456556320068155,15.12086562185478,6.132920680146912,0.9140432713760511,3.7356131218589863,0.8345890195639298,0.1973190319442022,1.2345564426746685,2.3062831987742602,0.8807794917802165,3.35553073300433,4.49995446105032,8.630314608777091,0.19867760655081423,0.9395133557176507,5.817595842230428,2.6747636516174844,0.9009700332351653,0.34706966997584493,1.4694967032080208,3.9601341918316084,2.0683478685098335,4.953934612526804,1.9581904052489716,2.8686787737469004,1.3355553169955154,3.966522317867354,4.542804345178901,1.6434448820359664,2.8663148982477833,2.1393378078222,2.0879481139972427,3.0396399077414182,2.99364229893753,2.6414372570543456,1.6223120280656131,2.176658270213447,0.6948083343886354,1.2005917699265425,0.7038077578616259,2.7301411798071933,2.005761707905978,1.2736880010421754,1.2477233329483535,0.4533129499481986,2.9053967416392714,0.33871419769206146,2.4177602203272945,3.3887467969818124,2.9795696990160363,0.6029473115453675,1.015333131968502,1.037467681765675,4.120144733002918,2.042419887276275,1.297987253558313,4.8035744687179935,0.8876844722035613,5.33106559177238,1.7404634889735895,6.1616973086639595,2.5921597898954567,0.7378937304255471,8.077478235706943,0.4105362422038886,1.4298691743850784,16.13284538215129,0.653031820109807,1.584815925116186,0.4534022674620348,2.700882960646234,0.26160049422305987,4.473170123621365,0.3897803888736276,2.587484527717552,9.946421412275958,3.087404014185955,3.785750285149081,1.4577766359444984,3.2841997581022992,5.412816436778099,1.0033892970261915,3.9719395068029253,1.31898679740523,5.270807492775687,4.179988182038299,1.6518872941220515,1.923459767806778,1.40752256360353,1.9252106888209086,3.8668544551276365,2.51565584980324,2.302312062322382,4.756112363068605,0.4683479743335346,0.8883678586078831,4.421259979788763,1.2406371731968644,1.6181189869655304,6.623441041368431,4.018545631222182,0.9389591507050598,3.3506951788207378,3.2991903306652253,6.014626798031165,0.7782659291358817,0.8219691900239936,0.24838746967761788,6.844100710345321,2.2728164052640074,1.644626191155788,1.5539321747727406,2.3200961108968485,4.5315658827343945,0.3522497017444958,0.09569407593084023,2.3369160917992833,4.078739783232098,3.140849894116532,5.6428522482253,1.1222295038718895,3.101920440900824,2.665216192969549,1.1018145917661988,1.4101569485852,1.3612247613323014,2.016404316854737,0.4071766861855437,2.22051073957869,1.3624523526027887,3.8313856295720274,2.0591993167841225,1.1398401197220942,8.470672541110822,0.3213665373797542,4.592766231343535,5.006567399925563,2.6133557369049356,1.1864160111161146,4.445675823812748,3.6354238011375775,3.3300217626359037,3.4390961756948757,2.4410500628908234,2.1741983401548426,1.461775073400941,2.0611942619323145,8.240428622735987,0.3106743681269559,3.841555551078158,1.121081785329027,0.5867260053284589,1.6624315832899166,2.1693409757392925,0.4347995262753187,0.9102336867312298,1.214090915588711,2.79374209606391,2.8083331860101453,2.170156508841763,0.4027071046537386,5.549851473171739,3.8417155368648293,0.6869651467376715,2.481177371332384,0.94050506470595,0.9082430004787062,3.2092165962921793,0.3177939368564535,6.616758430570873,2.5007291104887375,2.439559083135278,4.329235466286381,2.0221455251098543,0.9630532437187844,0.6500012881859087,5.0197823701704705,1.0097675735480118,4.19475130890716,2.2305175940000455,0.7958804635695751,1.6994250104313076,10.437647532661314,2.0922438855731174,0.3949979657088467,3.0246614192241745,2.999466386625568,3.7775930852983146,4.813019345023863,0.8489993182728046,8.229893804215216,2.368486645870183,2.235315760639848,1.1916213263648028,1.2059456066876135,2.227222515103416,3.863180556148323,2.676220913725807,1.38894534314234,1.0188787743802288,3.206866039922321,5.111964451944005,3.1972902668120415,2.074927871580675,0.6632776957813658,0.31189243469684,1.015891353468642,2.165355141774542,3.1473272706205555,1.984129798857573,0.23731724348646577,0.609010079403508,10.163513172055966,2.149319533158755,2.0906235981491568,3.2881727289492657,2.827367624336336,1.1212069369526088,1.9600603784449762,2.3266190853837694,3.814002878581871,1.6097426599606492,0.8030313446635253,2.5969220936331694,0.7604010316207743,3.5795234662053406,1.9731696951113797,10.672188476918285,2.243673033190104,1.31549645860038,1.9737258033881784,3.63657025313933,2.9758120105723025,2.102772542320576,0.4962959842509212,0.7926732903644642,4.106183496790992,0.8519077884897024,8.249482164168429,0.5792673354078458,2.1051720711665727,3.930191897707026,3.6258767928938327,1.5471635044980487,3.259881353508189,1.3623832656529928,0.2123872216850397,2.6577243179358017,1.193677409730305,4.040904456146748,0.9462884024417213,2.042195547828168,2.629810145397294,2.2658078465679345,0.7939112156376757,1.376270547708904,2.3392684902383403,0.5174934756257065,0.8193873567150061,2.855194515764141,0.2966097301906483,1.2087194324302888,1.3592050335308135,2.8747039678286215,4.395590890482114,1.2040213948511662,5.138686982070347,3.2318011756515324,1.7030298998610542,0.8614994538743905,1.1555525937566953,7.432683234449832,2.0616603417631003,2.709257291163169,8.792475444140313,0.9278716049861953,2.497748746867852,4.16144999066288,3.3316352517111545,2.035095850458104,0.565521170150656,1.0344149613866462,1.2907745120449747,0.8757317903229351,0.8020217908359415,2.5102958259549446,0.6554439189242928,0.42162545543736907,2.152417640262703,1.5702756377663172,3.2639325958932393,0.1863992917771779,0.2042148987552576,0.46565242696732645,3.386472915158626,2.838332893874245,1.976485889418504,1.9170604912928064,2.6468025403543103,0.6217743925730305,1.8044259206805737,1.9763631950956226,0.8310300690339596,2.7541933223165724,0.9225926314556392,5.658604650510428,6.05033264179611,3.7250113707404355,1.1265079740614419,5.545288661666062,1.2473286434639168,0.06392602149498491,5.05459780091229,2.3621331193023973,2.396168192638985,0.7949838627084713,2.6516020500632007,1.3433877375603502,2.2161504151138582,7.292152070273079,1.6066084171085988,7.61854971806506,1.2529647803620272,3.7901168537370746,1.7463924139497977,0.7702742080554223,6.347248681896535,1.9522084305139011,0.2993173869785245,3.700918383617841,0.2791768419125669,2.189931234387313,0.11611689021260024,0.0727123775582037,0.6644130651313062,1.245992181983445,2.403928834643053,0.48273531980758966,1.7935046421449277,2.531243334438981,2.191822064542106,0.631690287539169,1.629246139672433,0.9855557719250255,4.196599860192426,13.691099572193094,6.1166939683834665,6.711861283266828,5.663692102504372,6.940213968674466,1.7673105483469236,2.556161977068335,3.177623343153912,0.5719239165729522,1.6971306335167573,1.659232599607833,0.6587151854938655,0.6280936893616413,5.176009673425486,0.9750139644067993,4.330355311788265,1.9264336314317625,3.4360110428049593,3.748362018460079,2.231675425867912,2.339086796524767,2.2794095071732556,1.9673591141021993,0.881242439657963,2.7760509481599565,5.507105036734583,8.972388876864906,1.5572957637755063,0.27641572098730427,1.9465817422392437,1.1277819690898383,0.8553993166350032,3.790011621554058,0.5140502953310806,3.382200220003697,4.71122898023473,4.356335237406042,0.3739327453502369,4.537419261092869,0.516032363262199,1.9550761142642,2.2915585958387443,3.696914850502142,2.439202371001682,2.125420787508177,1.9402228729956363,4.520696885455449,3.424525534334434,0.9231971287547335,0.5784290224989518,9.214681036717469,0.8771771562190687,1.4329935193081818,1.556911384148584,3.784528108296731,1.7024235734834388,0.74570971392692,10.476575741697625,5.230338742143848,0.45420273910416287,0.05248328705439259,12.877663972727412,6.652070069388574,1.9361243196877203,0.9301771678774186,2.01075523860548,7.458017703348877,7.975550654477414,0.6043027219065191,0.07504538702177103,0.8530567412914554,3.009016569899832,4.794454806947316,1.3382669504075029,4.944569616629685,2.6769962044571978,3.554060278497933,1.055366101235511,4.545640579926147,2.9420681862604896,0.9213141109480761,3.628685179621892,1.3047555638999055,4.359542883222185,0.2776365202976433,2.1068673154441155,3.8632492206782665,1.1278000046228305,0.6290357982050501,4.800342554441345,2.81552262173806,1.0792532134912576,2.9400318168261705,6.255158258689639,4.637468644984657,1.2605003716927594,0.832632674489429,1.5949366277313666,1.1451636798752556,7.283192428786195,3.1367014000250157,5.70571369782811,2.533251457854008,13.148721907712778,0.46892219439843874,3.0522977629253765,1.776184894830464,1.6546162763241197,0.7965427612795981,2.781436889058526,1.4109541394031742,0.5336225729022985,3.521815273837514,1.7261339559951419,3.6772046182816784,5.693568406057894,0.6542458182817765,1.9646436865280494,5.782014550761763,1.1877300315481116,4.577078783408006,4.235643849157478,0.4606847596276814,4.12539879166708,1.8496591801791422,0.4252151973497222,1.1602438668163155,2.444488688654853,2.5431195804653695,5.336546112125859,1.884164617440244,0.819253241820945,9.281426477679217,1.960706016991515,1.7711861164263778,0.23277802605420306,3.8444863425724827,1.1388491317338503,1.7609417631950943,0.5496855381709908,2.900412869741182,5.191513951508045,4.238026040326723,0.25531132695801506,4.585024100689937,4.638388771386156,2.776364238356782,13.203482337442589,2.0433515429298437,1.677905152658254,7.3674215703786565,0.6199768415694185,9.629282363208327,0.4110150967896117,0.46849037833936275,1.5435644094374674,3.804482371343833,1.1325787999120949,0.6857697981428141,3.001467527046595,3.2028846251985486,3.2856664943949827,0.870859166494534,1.344237066344824,1.4415632865260046,0.6676832257552912,3.2955822753893207,1.5384561430664956,2.1719243457317288,0.980445599462108,4.068129117514567,0.9004722664587095,2.2761517408410703,4.9000562390000955,1.322623130575909,0.9719576421047549,4.09977021077917,0.6064178452812032,4.153464778623881,1.4058539652282773,1.0400583754889277,3.0306116121276516,1.8165359433928967,1.691698362991868,2.6794774805182153,0.6765541088412824,0.6300790695842574,0.4321887852020444,3.660606380761516,14.412890532247705,0.9839367703630033,2.0116208798454034,3.1707996653682793,3.6001773404125155,11.519512680021569,3.22300837345985,1.14694276904059,1.8100151105155735,1.670468550415324,5.247339408417751,1.7326490881306118,2.083035578782749,3.4016496343880496,7.210610978982199,8.079393831456626,1.883197137741384,1.3491658824087942,2.950823557537856,0.735463503761338,4.544912811169248,1.410383845082525,1.3923370964933885,5.62722471732472,3.0789764379104088,0.8830703890489879,0.9899693229660975,1.9124632152826142,0.7836967833239492,1.963970229825805,2.3717654651825955,2.4453067553909587,2.2482801224305806,2.337017561527098,3.398161382973252,2.8756447149995226,5.5696724605140675,3.0278099626454966,2.6330939880141964,0.9463115094702701,4.463121488516397,5.028107758371974,5.790863791898378,13.108940463335317,1.4895007520065875,3.465225869618978,2.8906216965888225,1.8999136128782337,5.157250371633598,1.3265750799887912,2.7909481106752576,1.4723768929638807,0.6390480699571697,1.5864698907726573,0.6904161338865833,0.18293519570622185,2.5546316017027566,6.4169006126142945,1.6781846073262998,1.1743071682446762,1.3708817024684916,0.5189430259210597,1.9125387843995494,5.305591494824953,2.6621019557851437,0.5759174518493922,0.5418825017874517,5.935809687910212,2.3433855302530713,8.050642866625447,0.36230558846756267,1.0001168177510402,1.2621930919733226,2.5482330976836076,1.825300744501758,3.0148378930059887,5.3085658869779175,1.2394698764177696,1.177489895579452,1.461387436086057,4.5437784511159816,1.2774789767510544,2.273452973336567,1.6161769038981946,1.04874166275229,1.2697763226076249,2.8343429905286985,5.290212113378292,1.819773527064613,2.4441523301867374,5.437338463446916,0.7780795594827264,7.615523888750364,1.0297497848762631,1.7304370717195638,1.9615913579730606,1.3796240471838102,6.629062467610627,5.182805671588508,0.2218171341262296,3.508732617060652,2.714632575513984,3.224815269053508,4.975716412916495,0.9811451825175852,5.874443812069874,1.306872946365237,4.925410319609634,0.7269902614729548,0.8333345111192095,3.678319520159946,7.422203638140766,0.6874811395606752,0.2640810016191124,0.8858964097337708,4.504714759445642,0.6063743770837997,1.344606069604295,0.6992998613677663,6.206575259142323,0.3739731424073538,3.924890397260543,5.088061697236622,0.09227682874853771,3.270244371042403,0.1878541871239494,3.031998894617113,0.40096305508727226,1.391130024704078,6.4299220551696665,1.9122149812786593,1.5607418122959862,1.2195061673748502,2.149441624819786,2.901920090626005,2.895886403618125,0.9499681278137732,0.3636574072126654,1.2199643263279694,1.1357144184720036,4.606130810269754,2.4019239039640796,0.7907874952906485,3.1622498382620545,0.9171417031856822,0.6923867590315689,0.38109975418272946,5.850642199152194,1.2229945660019208,1.131035112816141,2.287786173173796,4.7763500553876135,7.866297033649426,6.798442180775006,6.326710035958744,4.685211055929407,0.6939276043130175,0.25513328452219153,12.436998490225417,0.6628704783215003,5.517571963910394,1.505556653207786,2.988837901798462,1.5808121375858635,0.7679797396982213,1.5838616216446721,3.0622199950023417,3.2018188650166453,2.799693081151168,6.424055232460099,0.9127892170588685,2.7307296200753566,0.5291834933589716,5.522561124443309,2.6442052047347495,3.3929423711519715,4.628241876499799,2.656666710627159,2.0215713990872732,2.3803474254229586,1.4790219239340954,0.9410936629970628,7.8945321105458035,7.374362916163993,3.45255650051574,0.2247676353168404,4.752283992803386,1.8366860666108138,5.313918536780329,1.3353681580428682,0.3392445683732859,0.7562266190905297,0.9625763516505053,5.931047247595735,0.3283326303150178,1.1748517019970852,1.717978148763771,0.8851683520286675,3.1665179956826393,6.2596904667294435,1.534475588937354,1.1979701199080977,1.6176446322567248,1.9953079266409892,4.799963683757683,0.8056899725145127,4.482323997954932,0.38313996545722817,0.4013899244903867,1.7713392036708726,11.390128474353178,7.896005202387983,2.003410427890351,3.2126022781383727,1.9716973577631933,2.7508569263649916,3.3389818909610813,0.2354976513439864,4.55137500838655,3.903141222693391,0.20010816581569302,1.048105785568916,7.954202109006587,1.260419972972559,4.7979917475342,1.6120980105602436,5.73401569740563,5.133140937904917,0.6632155671209292,1.6044402983177133,6.676196414501722,11.817314904395255,3.0604509522154713,0.5095992007244153,2.231423314282555,0.718941714548966,3.813484175895105,2.05719844405286,2.4847097835115135,6.000405063668314,2.639260928980671,9.958698114787232,1.7961035711120745,1.2912848016607628,2.583762050782796,4.031292439098287,0.7732385229766892,3.1295529383966185,5.062646161731316,0.9003532886458662,3.4707158081684537,4.501588095348683,2.0176954900757735,1.7991210885974203,0.46094117648292554,2.0610302362275554,0.9330088579105698,0.4770889644895542,1.8089966823259755,2.4880992263735475,6.341729675902968,2.250968191126338,1.5200760306140486,3.4359633014026323,2.795268082128422,0.699718579824935,2.002462847110599,4.288729785338208,1.0269214740483157,2.4376291235952037,1.1211312123790986,2.605733735504238,4.347385524129525,2.2206431125213872,4.3147390966369406,2.8063441106413,0.9891774934835903,2.9559050957595145,1.9452704064211415,0.2074665732438835,6.419934615342717,2.68019882523273,0.8005506605905292,1.5615374187375959,6.124855097144032,0.4685823484848739,0.37592275928017543,4.9900306088886115,1.6447146268426607,3.1624085134118403,2.6273678678033217,9.835009297513333,1.547904614114376,4.062574122665085,5.004739193072211,1.667468354941783,3.3256958875302667,5.900580194743172,3.0641686039101454,1.0017661217041876,1.5776523035017278,0.21020433650548065,2.450063111135866,4.520991371158826,2.108330164077234,1.0499588536818392,1.0045426367774544,5.0546170482868655,2.5196227218870053,0.8361498672627923,1.4564368295729573,0.40991323926472834,3.978658614735857,0.39104331553632243,1.9974740069971737,1.2923395046681163,3.0567363327340122,1.6353732527867946,5.059889057887573,2.9752251833205396,3.826755599230178,3.6859840121572374,3.6673459662146315,1.7939637975215776,0.6064783918515549,0.8357676520221354,3.0029738585718175,2.4051034764056944,1.3851435337201539,2.017581131235376,0.833486365377492,0.9043657749009298,1.0862809937265836,1.9336529771837414,1.299659786685637,0.6799873693567511,0.6275199183007945,1.8415459290024456,7.275300682179311,0.28479747963041313,0.9477280466831408,1.4772158852399442,5.623045685359165,2.635154057571741,3.920760364503889,3.5855003153467875,0.5683532389073799,1.5381828187346276,4.8592554581824,3.065645597244333,1.8071440984370188,2.212560654068542,1.039767354792696,3.00911061536204,1.4481059660103837,1.7193719959019385,0.3115758629330463,0.7655429373179777,0.6761073713295767,4.492255488501976,6.452784497330517,5.546497597287002,5.067074806000905,4.372250359688811,3.2063222224956993,1.2138386463842425,4.4141852355784765,1.0441719516887025,3.429806094574678,1.7186424526531843,2.731579850843255,2.620575763326893,4.310450336270369,1.2868058111993865,1.753387629477087,0.7155478815699671,2.258955500932818,1.6429568855155157,3.056178190588858,0.4108478187117772,4.967565433276241,0.8827313416653986,2.8791341743089744,0.8637960817396058,5.360901588479296,5.2150034841585295,0.7592643930669307,2.99865608304167,1.3040667375642965,2.0942210403930517,3.530267618209467,1.824325261608807,1.4677830416470405,1.7868197652653097,2.6136037831373025,14.086066205138616,3.785660740419576,3.3120191356300808,4.130896857794995,2.8811630282790066,1.2590429820720859,1.633208238332215,3.267863574211482,1.7186033019824585,4.836435724978048,2.3629358611645053,0.7121237289033563,2.6399868630238505,3.6918985004891987,0.2773967495651869,1.8976105811749213,3.9369016438631803,0.6564241818948147,0.8510814015030652,0.887928657427854,1.7473757516920547,1.5043836364990844,0.33423033209759156,0.8588964539810717,1.203998331274934,2.3213867380045015,1.293934287783052,5.1444260849486385,1.175682099720094,1.592696043398572,1.3175381082952748,0.5224621764897919,4.690446300789386,1.3422733756717833,0.9900261755288422,1.855558508199303,0.15334117776013545,3.836028471785152,5.452470204857238,0.932480164151581,1.9189115626883742,1.007567279207107,2.526629970927349,9.045868590520861,0.5397597604368346,3.3678010565007037,0.331218291246794,0.4663377092923318,5.347980432063487,2.556564389559466,3.476932906105603,2.891708334203757,2.388024651041776,7.464977698459236,1.5396222842488236,0.13709028029387083,3.4657815036500104,2.7853505069291606,7.08600588113914,0.733989848212474,0.8994105958844185,4.16499758230753,0.3119121416300715,5.012988678257817,6.304604694492323,4.320279619349636,1.9720904613805552,6.1956660789195865,1.7616325133036375,7.344314749608912,4.531489510963289,2.9251585510648423,3.0179465773218843,1.6784705561593887,1.0384851425040582,1.719963497038901,0.7624257032620836,5.89163500923792,1.4473518730046253,3.393923997483056,0.6046568527681546,1.0973431236820932,2.556621872705434,2.340339401258376,4.006840625203369,1.3760377904288075,4.155212479627424,2.3944529225701143,0.9108101189320748,5.920252578818147,1.177094234806067,9.166123370219413,6.724966211015065,2.0321580287001715,4.315048178657422,1.8683597686889353,1.992376027968193,1.3757138497137105,1.752571935926404,4.044948470912562,0.21697942696129546,1.4836233897812516,3.1434520491939555,2.7864094697043607,0.24367540753934924,0.4484475136358971,0.6855154417030878,0.42405533571081433,4.7683909315896456,2.3260083115833834,5.41678836078516,1.883901549314612,1.2192045617936071,1.45274348004821,1.2404605624510276,3.2306383099784606,7.73992885933823,4.406735197822587,1.036133772005405,1.9420736216307892,0.7227550461564656,13.955327624746978,1.5414436373427036,1.2216369771753133,1.0345003186775856,1.1536588846758826,8.373510892698574,3.5379847570727545,0.6079735857995735,2.1779381241542075,0.2331659541263904,1.856507923410172,1.2833256541467006,5.17558303391715,0.7302380869532329,2.0599206063676028,1.3617082877959916,9.905253764738125,4.702528025821202,2.824942202080978,3.320489933152805,1.4142359127479294,4.506110757187366,1.4658788743596611,1.3475547350748571,1.504144765682477,2.4185230571247636,0.8736375000205063,3.191368688759048,1.1627952168003277,2.301820935147072,1.4948813130610594,2.144706363079395,3.1617360167631747,1.3435061343475452,2.611918731206292,5.174377090688681,2.9835834675949577,0.6440882102369261,5.253306102386327,0.5595590425479202,0.8259530219426697,2.011978643200273,3.1635341540211077,1.306161415486792,3.3178540423035727,2.6304245817902925,1.560475243298327,5.244381025344234,1.794505011280827,6.461540961142882,1.6752786996785263,0.9805397083859719,0.3766211494240719,12.150509230096329,1.981826909782228,1.9890331624916917,2.1621749491334255,2.3820791066102966,7.918072046798178,1.0124377129548077,2.7964961750077793,1.344589185411222,5.961068460370479,1.7986367355714517,1.645105612572562,0.5361668308464714,1.5367443285767333,2.861608560032823,2.9773328106535972,0.5812969176939173,3.1089120582500516,7.501663085616267,1.8268109681683726,2.3098255461527284,3.1258679256112307,6.091355636316321,1.4765856791732126,3.1283607533038316,6.948052062537661,0.27222424050298927,7.705704921723012,4.628292694872335,4.32465915569495,0.5283103392895292,0.8407180895207712,1.4638185820379408,0.21690547497465573,1.761016398826249,0.7803332693786332,3.5565390694689585,4.9728927475076015,0.19986455752202859,1.7652683917511567,0.7263645051568901,1.3315622116469936,1.8193195527070096,2.143391048755787,1.1697895237654348,3.3212542283612283,0.8744891531970056,0.09536418005737536,0.7939625293070314,2.0560351474397534,0.9474437494182234,3.9624536168144444,4.406905126975754,8.943044206185217,0.7190176618211159,2.7717833532956133,3.3702231459594914,0.7100091041879136,2.3188866491510187,0.9380534828000578,4.508347101957887,3.3550387226597604,3.529489423098602,5.291912303229629,0.3726180876261552,1.5812742665635864,2.532458496909445,0.5775962850459877,0.3372015923025181,2.1214080408961786,0.7239936469890602,4.338232631480257,1.8918533104549424,1.5240866840787033,0.23237572627699865,1.9099430678325375,3.6263138953917493,3.617079301284573,5.287938527491133,3.963263825997347,1.140456286756342,0.3276415045482516,10.672434728987259,1.2077162290254189,3.0939500196192324,5.603993395941062,1.9453121274902834,5.314603240681987,0.8911589370175487,6.472941148278695,2.3926707961143756,2.2432622609891526,1.9844169536093896,1.5555939040359776,1.16398571674653,3.852529335600864,1.1495408458401808,5.352401857862604,0.5604373155620805,3.7073930100922707,1.3037219614048738,1.9976796633569092,1.5387679189034404,1.629785124096915,0.9795403759784542,2.2846234510116417,1.3923533655482445,1.9306658404835724,2.634475100529943,0.887626006250144,8.016645361061201,9.031535517466127,0.2749998441135254,0.46044948305346867,0.7863168004658719,2.3350698688042155,5.143585637976012,3.1156646036338183,2.6278951723289907,0.48975998986768166,1.6805683121895196,6.547177574339862,2.147262286270048,4.875653197390126,0.5840353657055877,1.912904830242281,1.3091535273822084,3.6258108355624934,2.697210374442322,1.3202682424992438,2.3622041501711237,4.0591015359342935,3.1737710933785044,2.544809912816099,0.5186545654629,0.19616206711767065,0.2698825904805715,8.477448884167895,14.635519794924425,1.8149466194125792,1.9717049741798927,3.8895402019355734,1.1458148902663963,3.2540170116225555,4.5323569533121,2.2933437235673995,1.838944115546276,8.26637127755174,3.229143987181129,5.578713843234963,2.35104338638453,2.9439364295821817,7.579552408183119,0.1494150730060908,0.6070734584203678,1.9180645293492784,3.29139004868683,2.6084211978257326,4.027465948756975,8.513821995679011,0.8597661986938558,0.541718219533559,3.105109658968949,2.44159993438732,6.7668907614061755,0.6137668219229928,1.9527440931117517,0.7520531501506291,2.5988497627159934,1.8447013454725878,1.3365263764488158,2.195010505483303,9.819242923419143,1.352159923534943,2.190138278693658,2.660575793187391,0.9486437340309031,1.1127135963160095,4.049057799753561,5.219366735125476,0.5096070808401137,2.5523338719805584,1.4501652725889354,2.1454183557095243,2.0554689390748617,7.782916180275469,0.7019785163933796,4.1509269878952875,0.603712733174308,1.6551205074772561,3.278058943842071,2.763270208388143,1.1515031917739176,0.5968235177595704,0.7506484211290807,0.9624115845319675,0.5163148707808076,0.8611300056513076,2.7028837033887436,1.601331233719805,0.9135061634807532,1.6224274007512278,8.866345536891682,1.8494742026868893,6.398719482224003,0.5945310640129092,3.337034606511111,2.445587949226061,5.751698551380613,0.4964537590416004,1.3176181986763422,4.6316405964173955,3.4004177739355628,1.7604513964857624,1.0277730869954762,4.788393939534709,0.3972908502650445,2.665987978286843,11.980940992851359,2.980999721715106,6.990998051206567,5.989192855301104,7.199508250370861,0.4617880204949919,0.7781543774052069,3.1110614432833317,0.7408987665781521,1.0634344619195122,2.9477309883010765,7.7236945977988585,12.581196082294635,0.6954673406983876,2.1592060277680813,2.9642499917901066,1.7969979402524319,1.3999934136006618,11.996406099648224,2.192372032027091,1.8252799836542926,4.636411621627594,2.049206996413356,4.466232656033996,0.4899262634197751,0.8101122407160719,7.052419972137839,1.8410245440951865,4.083253251157187,1.5537478297476193,3.0215670067147347,2.3292529650303084,4.134735938769785,4.227209488775866,7.993285707485557,1.226604121244839,0.7512913622699291,6.499174537823836,2.3089608204955883,3.470044846018853,1.50060445248354,1.0557443232034975,8.352188212542208,0.6287503345691163,1.7947877157904635,0.7297037322466025,0.8757292571976982,1.6890318249313754,0.46070664593273625,0.29758861509255774,0.3591704660477497,0.971276552876034,2.4656794769255925,6.195842688982076,0.6736634010518769,0.6304420012561066,4.905558228767559,1.8474944372398576,0.6687728385443958,2.603824338095634,3.784640352611154,1.0402520223251126,0.35389021807232535,4.623921325059282,5.281336307217832,4.419207092830576,0.6261413755838221,9.12607956613138,2.336097960032148,0.788381536321489,1.0870691832361967,2.299344931508393,2.0120213778033316,1.0043776031014413,1.9314039266322545,2.1969171244466423,3.434749550051704,0.6263057648345592,2.355435573617715,4.831847420302791,8.135987190681671,1.2388173401432336,2.063666578231338,1.7950289239901354,5.24074637612553,3.988112254492668,5.188409167287231,1.9764987874185371,6.689783214367985,1.1634565513352344,5.559651657541934,0.26623109151006297,0.49887814312653783,0.17659857653936661,4.500972083365257,4.782557787122698,2.416724447799152,1.0330376343390597,3.3862487545065565,2.6616568744857467,2.639249372960129,2.6821967417139767,6.789094283377402,1.4779168842433092,3.445484522769293,0.5221997291286717,0.2534391202640104,5.634995725120633,2.0751776398633144,1.6150108445955647,0.7024568446782298,0.316162751650092,1.9992801294881146,2.074006034597624,2.936040471778944,1.7579268198142963,1.2753995954539425,1.9107142510380726,0.2657801612796065,0.8580079771799949,1.8912024090992923,2.2304241953257007,4.609253757575253,4.522018205234463,0.9625776479703254,4.78462553546767,2.616886530284581,0.39048691414145764,1.429678970081469,4.82782887157728,10.087034064727694,2.7918800936559784,0.5320195976509169,1.1280986339434396,0.4145885243283185,6.744207474157184,1.1794518637392677,7.4565141908247,2.4392332581531133,7.235681687365386,0.8808323994706265,7.5599560193455835,1.4225977996644958,2.610067692320535,7.195401619942648,3.767894470894189,3.1582591229580546,1.130876079549049,1.0486547484682962,1.697550757951149,4.950180513467561,1.4185077696571964,3.433494627507022,3.1906388921145603,0.9899105223879747,4.255969280229543,5.712432999503828,3.7118744672698365,2.047548373761215,0.8523723388870982,5.955403428626444,11.614267501103267,2.3981162683586614,3.7401285055180216,0.7556676633094316,1.168298333049207,3.5633506902863568,8.665036602316631,3.5163086895373774,5.928453949200676,1.5105641868945978,6.263884997630524,2.7668481781175878,4.514451225398993,1.1003559801774048,13.703383039750493,1.7739819377258608,1.1829104828491745,1.2952579407066902,1.636783550407557,0.4116300188710914,2.5026494978092826,2.2383199529927897,4.63495159204767,1.4651505846802755,1.3203275947034918,3.048359416667783,1.2404442072953692,4.68287120670236,1.6851887215370953,3.6685033540599097,2.019026163967184,0.8038221142872086,2.8753321678528283,0.8967248504492802,2.9635361342224216,1.6898337357667434,7.302678469367487,0.48769756267102327,0.640349776153809,0.8249497797188137,1.0272103965933337,2.3862549681942173,2.899900796899172,2.725538466674148,8.85029101671083,4.083196001452624,5.514660714306294,3.016957254379788,8.598902880214451,0.23735535969580435,2.528635532776494,2.0546915013610625,2.0488188424426523,2.100981685666281,0.517759672956897,3.385653770847653,1.9033042525991415,2.461674709314151,3.1164721763686853,2.096750861650655,13.974034229027115,1.2242037244237394,0.22445904170285963,0.773377186928381,0.9377469266989067,1.5773299416640914,0.913163588235302,2.1247575861638786,4.953923749310506,1.5522234522768041,2.003203227336866,11.15598690917615,3.897271466161168,0.5831315646592315,0.19840858749156787,3.0402779345964324,2.7857520136752107,4.5101304117083645,2.0781763117126104,1.6570234666078418,3.898496859643349,5.219631205325859,1.7086028464343002,0.7454645466892885,1.2102929401791302,0.25741844853603535,4.448426163929978,0.594971009013685,2.27628017159243,1.713759297245925,3.1156029253751183,2.051903586333882,5.998521362928955,1.1232231952332123,5.308630906418318,5.668291188006524,0.8647201775019366,1.0583660278694247,0.4974530896692573,2.709617091255329,3.538343623069365,1.6196975783924636,0.43462599345500397,1.7872619184888716,0.2695949936774906,4.680508299232058,7.097553790171085,2.74133344598523,2.4942556579355335,1.4165596566795702,4.46550603997241,1.77630077276681,0.5487316670757485,1.0215417036915921,0.7934439350368476,2.310956054383749,1.5878201711470974,0.14871022140494222,1.5159792847317128,0.2101782011990194,2.491816885515814,1.248897396753314,5.967944467344575,3.7113599630679905,2.326460516824953,2.1881653260292713,1.3891550556073402,2.8932508251505675,4.304295649828997,4.360269602153828,2.1577327057100386,0.5908859565687722,2.8859432854829796,5.2070628865659305,2.9193913183502476,3.643709678429422,2.9711094051623155,0.7223649318604328,3.304216403100319,0.985895805553701,3.906668860001655,4.3879139805285,1.8800741093365847,1.0388728120914617,0.7795272001460828,2.5600714742433177,1.9640463379462076,0.5327221204688599,0.7764990595037571,2.3091323684879983,5.389451040709483,1.6663545917619542,2.7909391096904033,3.5524071981259087,5.081503834686419,0.8965645754051444,2.4169783004200256,2.7878799755075065,3.7667637021859646,3.550165246858149,2.9188321932450036,5.854818240324324,4.7274466276261276,4.078119508584731,1.7648452622726907,1.7163363830541416,2.8767068558838886,4.648051034827751,3.268962486165652,0.10007370273318772,1.8920150629183945,0.3744414479141649,0.9334415764898549,1.493299399442852,4.91355886398557,6.936181949747504,2.252478450447152,1.5303262015305952,0.8396878933558359,5.582887497685781,1.522480870429425,1.1376725919044932,5.050725769064735,1.2478067736178484,5.9710026991170775,0.7625182492656424,3.523603466719942,2.3110006322086245,1.2324512362297084,6.449972454023792,1.2371222739444463,1.6875173513907822,1.6036430149236591,6.860624107599923,1.7268031990796238,5.84676152716154,3.1340632673072806,5.7585687439297075,0.9651363308563811,3.5378779269374743,2.313484678460778,1.362268243135849,3.905304329585632,3.5652389913085245,5.082822303378968,11.298254711475513,1.7880330845744667,3.3272567798491,2.37964547933882,2.9419998128701303,1.401014737082553,1.196872857043102,0.9931627874927014,2.5719555609012033,3.437218018776999,1.940899381588163,2.6038395847593656,2.4162633099089774,4.855361935310748,5.961390685281365,2.8011473556821955,0.6950460123738903,1.1872970192855643,4.248180557701442,2.135000850805193,3.021726465176809,5.680511055988769,5.554798600817518,4.932523916135322,1.9612541344654955,2.0934296354354993,6.244504609582527,2.098937277312679,1.1927586005475859,1.3854896309498792,0.2622464966748243,0.5680373072924467,5.9855987167647875,1.6875889916473976,1.23445577319434,0.9542513944956035,2.181547221312963,3.0666842670388323,3.160627812487012,1.2568666943546112,4.351986168889156,2.024607836313595,6.769406416260665,0.9122533799573209,3.5276994493072196,1.3378857232298542,2.4941420985916407,0.6510405564694631,0.6206549380527027,0.6725369992377555,1.2399166927536918,0.8245507373784207,0.6336660052332841,1.81671291207841,2.156710067041602,0.07633056841913755,0.7952596895740502,6.257591855819682,2.526288278956006,4.839246095920002,2.3907676845927557,1.6719953610947198,4.69669645225623,1.928271089374166,1.2220301657155712,8.054352525690495,2.95102017321904,2.8513730225815443,0.9233102623859928,2.41010786473618,0.79748852348776,0.3972741002975575,1.8182253901721528,1.9038860978917382,0.9605718538748528,2.534282397151527,2.4420200125086833,0.930171039358475,7.359725301000117,0.8753898258209902,2.8881727810571594,9.06667185864684,3.5709882729004465,5.371725077903006,6.994468993312316,2.541430935586595,0.5611711864462392,2.9806453775912387,0.46050811792088475,2.373658745768568,2.0072989246835475,1.034274419808309,0.6839859057910375,2.036533806844903,0.7013521209874556,3.423919478952941,8.79829325292384,1.754556682219865,0.9262324466331163,7.900458503323534,0.6232711952524561,0.19155927331432854,1.0609175683222438,1.819726293983423,3.322056310540135,1.3850206156762512,2.723770333450555,10.929133706601956,4.619367052649892,6.253595145767793,5.378521270683159,2.6658471331734406,1.5547113866994275,0.9200624424091408,3.202748273359028,3.0235534563539628,6.7444471850103955,1.592708905576759,0.46546945023618425,1.1094294624110588,3.7387131437268093,0.9375088635892197,2.6882907771433153,2.2274396316931755,0.9458146039519084,5.304260735672815,4.305642393492012,0.5571959879315811,9.742950671405024,1.155909747867137,1.2793321623738918,0.4949323915920989,6.008999708874815,1.0927603930909187,0.438746453779152,1.1977811013349458,4.822409821241799,0.9773213681408086,5.25704594954123,2.000751168223252,0.9569126806201411,0.9034688882493228,3.5963121428760934,11.590875714073208,9.34858168100572,3.5164465505610245,2.436255294643318,1.0303231106321558,1.5989534231993099,6.289014593223592,5.7586874607320295,2.3982918610165607,8.340184512699222,3.5313334376202237,0.832375045898919,3.1354124869451554,1.8343599152893788,0.41875731476113986,1.2400937697240364,2.126432591890097,0.5758526192293434,1.9172426289637174,0.3174701977287647,3.6751921653826543,2.1976654997277287,2.8219771635718227,0.905446765404765,13.086423898639719,0.5370678989046948,0.9891845837146828,2.230757221698245,1.6171468646902256,5.105169122501104,11.12698064014964,1.7922535596078566,2.361870581121782,1.11743724418795,0.48615775598173294,3.4966589795071155,1.0172772644355088,2.3097064899612425,1.4764353616479924,17.440384598782614,1.3719563587232115,0.7383759951818903,1.3624372936047968,2.3256252223991978,3.973744388683666,4.136293363424586,3.3352895258323096,2.7050156716729923,1.466654461360278,1.1996626945894169,1.3588140205304797,3.6749368996425154,6.143934167550197,1.5348080904638939,2.253673803314469,3.572461332968498,11.856167405030062,0.9740502267763814,0.6802673709845101,2.4886256376295592,4.957135869996909,3.4223397708240912,1.9085501710926795,1.292077547968633,2.0550715815513936,1.329610012811044,1.7382478046419512,1.281609869211064,5.23430965080507,0.3071992524596275,3.0538747335557512,1.083209585290968,6.702762276398003,0.1893960039552992,2.047843007262021,3.363876171410896,6.115460533254006,4.528681106615336,5.302515936989372,1.7677725642691615,0.6150965826450686,8.061375723123707,0.6652450985634178,0.6467234562313479,5.3314119535279385,3.4953007940611744,7.757576772480773,1.0946141364184747,1.2626281487697077,1.005597350959115,1.3010385205508068,5.794930165039373,0.6063367573862035,1.5463196692189891,9.359274845740577,6.400597634636966,1.9305839009341377,1.7408799291463941,0.47012691652757344,1.359391193621506,3.587976388104691,5.548083192223101,1.6501204887844614,3.0891048657657794,1.1465431505604506,0.7684805722108444,2.6233957127257614,1.05620376891721,0.3148533397151281,5.680706739064627,5.617422199765309,1.2921482187190791,1.466380624868681,0.8999496260381388,1.0456558751371752,3.2113103681103228,1.3707506527667537,1.780773673770421,1.4511989826232607,0.6700153589409313,1.1852007550086676,1.3339446225434286,5.370222132233637,0.8244686240856618,2.192325033442814,3.223560317942838,1.2886482591966624,0.22729915636899345,13.392744928271373,1.107535372395172,4.340019474590299,1.2928305837717615,1.6111587124565445,3.3871010567243345,5.283166753559044,2.636789182878906,3.8206258907328725,1.3364466370713728,1.788974341314291,8.418749934974482,0.7240929835638268,3.801191976795493,4.4456759665906835,0.2719885803567268,3.1397387812175506,0.7016353798086629,6.939892016378233,2.663698622472789,6.3992015813721945,1.8963293151651897,6.571023642628278,1.7573307220292682,4.188791466005865,6.2027501399716645,1.987191913829916,2.7718608598584384,0.9997402658759881,3.9480215765544013,2.3726715180828437,1.4554140298657006,5.542553912410199,1.2299501589180082,4.824550954757676,0.9964556602174703,1.7467492673998797,1.427807657440709,1.396689050866179,7.999813807974737,4.81929241282423,3.539495764701032,1.1235890978197927,8.064010291741226,1.0195007566646075,2.271073263972723,1.11025535333857,0.3689304959116283,3.1859298112353236,1.6683539784407342,0.617165627012001,1.132428774718734,0.8768330614646627,0.8418572859020881,4.4326132000504055,2.1236117385203137,2.3125198370497233,5.554136110764347,0.9655562899610757,3.267529035190994,2.0784410244514966,2.421918485278599,3.8737357064560927,0.7707989818592255,6.811820338591537,4.246004134834015,3.5716872746079416,0.485673862500078,5.072638057806774,4.035476846592498,1.7997800320117538,2.3543038249993278,0.9464968567027213,0.9330371057970465,0.9104429164980732,0.853193977917559,0.6080958561319654,14.898080797119068,0.3527822759233359,1.2290717855113433,2.690134372650834,4.090741801915977,6.341215287060024,2.2907246224892672,2.9510673701519092,0.8148839453764135,0.785346744365514,0.786949568799177,1.978291690706512,0.8093201115070668,5.725583509335237,2.843399751544559,3.2257894324094245,0.3985266775469256,0.312787747042064,0.8276375024143983,0.6531237395247799,1.2210157348113566,1.1091813144095384,5.040137343384272,5.74379799745009,0.21223266873942326,2.952289225010749,2.282234837292149,0.9170810366958633,1.978724686801919,3.3644757584915315,2.082967449532837,2.9085389393604197,14.543298266668467,0.2179777768812422,0.171670683661856,0.5093488412527276,3.7492752429922755,5.711968647221002,1.7252113031016645,1.3383451120829981,5.146993705654997,9.175074756330245,3.788650870971792,1.017730404003736,11.112714202098818,6.9446377297449695,9.493062261364903,1.681103272594964,1.1190198873451218,14.643945321750413,11.369775799111254,3.082036821677959,2.2577499418164697,11.735348738380118,0.456428544859247,0.26079133999821824,6.575715342138807,1.0357474096895625,0.33512438431119207,1.404063230000595,1.386539852241872,3.1975040500650658,3.370236516182261,1.0268986317536433,1.4128637821445051,1.0024873093710682,1.0126406948269078,0.21450752532509587,0.39856740888682274,3.5468034383053393,0.26392793727364416,2.1374514557614543,3.997875347358942,1.449660468424939,0.07278355501838403,1.1369757430058849,5.349047141948163,2.164442829736683,0.572215324834658,1.9515138803678882,1.556668249032874,3.4587293733622486,2.9912670091510978,3.9004169709969156,4.0710163929135605,3.7741114527268533,0.5652376015975629,1.5136453687771858,2.6627778601359458,2.2787847594352755,0.6636121899290781,6.322063944576083,4.264784326829368,4.168687202441367,0.5118066779323248,2.514993947686503,0.3408409410793105,1.3294071840779262,2.0992783398042096,0.5077930090602236,1.5757898125809575,2.8405301600739006,1.262719806285849,1.6907307012528734,1.8066312791365347,0.8226706928430624,2.2341492548132633,2.0513930358613504,2.7086421438215558,1.9198237170817427,2.032000215849109,4.232777272343312,0.4750045922543368,3.354433068145787,4.24233924314819,8.970424582137946,2.1467762471279928,1.727610148211945,1.950137703073253,8.313514758648942,3.9640175195921055,0.8187251679536092,10.219778745672215,5.1239781036662135,7.938537351636084,0.23253971950245644,0.5720940042793596,2.677977269733719,4.764902519435626,6.385086434763245,2.8652142412258597,3.8758995009090493,0.7445464946985183,2.791175993080784,0.9166599842175476,0.9570859354073358,0.7319655189290546,10.818142735462535,2.6854027427543965,0.9861976713720044,1.1237781153175703,2.9876551810836443,9.102523828144232,5.287355887594689,0.4964771268684944,3.364172718094576,4.068511968952835,4.538943776682254,4.707620028741791,2.59994657058651,1.4362637594974066,2.155197050534568,1.386591704427822,2.0585712357084116,7.5790625062344095,0.9156537239923271,1.0597589948806807,2.6662310964243745,6.078349760514398,6.626613252324822,4.664833133939005,3.8972194157392765,0.8870538668622692,4.469218879720193,0.4501295116140991,0.9880383847270741,0.4727944318872611,1.9638113622886038,2.333832467191783,0.6938160014603479,7.063070188235298,3.3036310044938633,1.7122354029252356,4.538009694827834,4.049939080857656,0.2429674335290227,16.49511996139349,2.7298831233356613,1.4517133287595418,2.2989332659985475,0.2149544480381158,1.5271643701928141,5.490277985970383,1.3563186103201412,8.523517576373115,1.864292441468298,2.8148361866942557,1.3043268614422547,3.033040488197715,5.218871774511643,6.997039990484915,1.7855195997214404,0.48268728445119,1.0817110875573739,1.4227239828110447,1.4285440604932473,2.105409369807196,3.7950386300806183,5.566566314553325,1.905233153416432,0.7096777960201544,8.520393782422572,7.228090253120238,1.122531065483912,0.2379522651808268,0.88928565850067,4.209574414516469,1.8262752521007033,1.8738489113506793,1.2979146190839432,1.7003942838522341,4.770186282038179,1.1624859872014166,4.575329843468222,1.4713797646329272,10.184224580485473,1.5862414989326712,0.3314249776295123,0.3998196034603457,1.545952608078328,0.9105497057400656,0.3435942568150916,3.4574722252120615,1.8640623079352228,6.206486736588967,4.7750249754320535,1.1736360846767466,2.2440040124073284,7.0704127248654185,4.003244991281483,1.8356894526554939,4.4319981944329285,0.5461258820595501,2.6051242884036996,1.5046183570901768,2.2493046298286847,3.387126758867616,1.512945382478985,0.6144027543826825,1.1208944610043863,5.374013235413651,1.8004505223455833,1.256314794035125,2.551746199909261,2.98928328707404,2.6934146181008596,6.694651059415856,4.793541204318629,0.7971393334957226,3.9879830120089235,2.9799086691788856,1.774137418625765,2.204882915945486,0.8490650058926207,3.2145265858490233,5.3460817097988125,0.6447765271204264,2.2477088092772926,10.273619651879603,1.3112809852106402,3.119674549000454,0.36514729556947295,3.1272031213239173,0.9610633248746219,3.0769913979684227,2.573498930886335,2.703035831919142,0.7002205551324355,2.1058803761506635,2.379612855771299,2.0901168389642746,3.7080588390915654,2.291368155879878,0.7298485997980549,13.55531106007443,0.3274367615872334,2.1403501654300117,1.8899540313565968,4.449049649578673,1.4177115616154798,0.8738981817421225,2.745810285368527,4.690000492663296,3.1948195106483337,3.164278450061174,2.8511465205934288,4.003663220924837,0.4255596010414456,0.7236014934473136,0.8886446987226007,2.579767266085187,1.0030075736282646,3.7588934906568467,1.1712448093352563,6.248990116899573,0.42052710339952215,0.6851431103123287,1.336670717769937,1.1245923864125784,1.9973137239942178,1.1348721588715802,1.3774455815464555,0.4635078821731244,5.342838004643518,0.8185938128037493,1.0346434018084631,6.214003335747779,6.446187460392318,0.8377804486564433,3.9609054773016528,0.9668417756940233,7.452579604592552,3.4127686450355648,0.5499424849255311,0.5540775063185646,8.275404844257833,2.457783996361754,1.10933140060353,2.963039209737199,1.2856715849594846,2.7557975253622495,3.063720897237114,1.824549879441801,0.9260124097911622,0.9579655484513027,8.328877756981287,1.3797925854121142,0.5538175467482132,2.9373910192713932,0.7197179887728418,6.327640699241432,0.5634197608041573,5.804329998970216,3.5311405239973688,2.5814403834470223,0.443901507559743,4.678082918052029,0.5072164641307965,1.0985645434919717,0.8800519016817061,0.43170527585722507,4.295576832244628,1.2499270178605972,2.987492217535913,0.642095780582516,0.2733273376787605,1.5364708159645222,0.19817475144966135,6.043008493882979,1.3117129349236851,3.9773987487604145,2.8111096215843445,3.177896750870427,6.319928632539039,4.500772442015537,9.018635668880338,0.301144022921267,2.538730840678153,11.694980847125612,1.1200184345864217,0.5605206864626766,0.4720093257875937,3.4621813643750547,2.384974774177288,4.190887133256687,2.594824150514494,2.2298595926396727,4.486245215501352,2.880576989167017,1.3457634356671029,3.6380992002344597,3.3564316422679488,1.9023616562570171,0.6222814590424011,5.363462829345108,2.3272874703885087,6.914743816633145,4.994545402974484,4.104941423934065,3.4189453464720656,4.729984460928102,2.125841790301357,3.1897508784119775,2.1297714420445475,2.0378712093030997,6.099169658870745,2.3004966660942423,2.525568983679636,1.3384379241977427,0.8547140937725684,0.31987286470160364,2.4080548602636997,1.9221002962574119,0.41757403954273975,3.5114433401449943,0.7028947237086013,2.0046174065244036,3.8492453293061235,0.41667684539213545,2.442300365157724,3.083023690310354,0.5687687620732176,8.613164882612613,0.486299151294492,6.236417340799145,0.30845828405588227,2.0763250064500154,2.552871926042107,4.451278440027794,1.601814692449127,2.990297775935193,2.3847799472975915,4.835870100083372,0.7788704151685816,3.787722135635735,4.092648646895239,3.790188104985885,2.0932717568145245,1.02619642221828,5.1448509441626005,5.0687334470156795,3.120155136084187,2.1799924569306803,1.8320750455365555,0.8160501989852632,1.4992381584790408,1.540811017560459,5.223638866660188,1.238444696792538,3.5885446877572944,4.652080450989481,4.014371179929976,3.3572226629468274,9.200492569463226,1.2969444908603345,0.4337383963077718,3.151741560275331,1.2575501664707172,4.252621872995743,4.514568935007427,0.6822579721409809,0.8108465531719153,1.605550222906928,4.823006381317958,4.165640681338622,4.495677731455508,0.30171825964058985,3.7403944128893936,1.4812740597735539,1.394432892820086,13.503968670451398,4.599221207957467,0.5258680093158532,2.0988455038607876,12.065684062199322,6.117201972625302,1.1217025757479242,1.5279871514986043,3.8998789400907152,1.4328529579087574,0.759264539138295,0.7623972155525656,2.1872043013918763,2.5155581880254996,0.3698735864204597,0.23359005791242643,5.649792837870272,1.0038495413713449,1.5043214354935852,1.2371022709746926,0.6961465636254441,3.236771832632993,0.673735422714401,1.0871004751916458,0.9170229310078616,2.2448158359795336,0.7198107035298723,1.8765944245707284,7.9823795015767205,1.817593202427472,1.4812343140981064,8.66573390895547,1.5252365897152287,6.647067991022075,6.681100957278953,6.996825269785489,4.5190469137705,10.244256037942007,5.369507005307155,3.1280244177915977,12.285592738028654,0.8483172823922319,0.8503382427379854,0.5920525687896984,0.6471218613614136,1.0193688494585753,0.22262003664396923,1.2178959880521254,14.782645866475823,0.8576034959208727,1.1066043569162802,2.864426479338386,4.196598721093744,3.055884321330912,1.2945694768934184,3.1166061409040466,0.4006413212108917,1.4455693773257083,1.6467595681597966,0.40935032358419754,0.7583417601548132,0.7674939024694317,2.0372299001101335,0.7489865535693304,3.188963729144373,3.7804767912984873,6.016663895434798,3.9940980341315475,2.1572356829316863,5.169379186684143,2.3350564332809713,0.8523786080218911,4.433592990405742,1.663615015072433,1.6116905515977806,5.521614335805754,2.867380795788838,6.857926813124438,6.130416261871327,5.068091804020922,1.4819840657004293,3.9955801442116865,2.7499379168548046,7.34717141563372,7.486213566401933,10.082398400727733,1.1409854434131663,1.3224991424722505,1.1123675481085864,1.0679344790413157,4.296201262037022,2.3094603904720485,1.8671251081950362,0.22216860512626763,1.0551688226825606,3.1429815957803315,10.430997259425524,6.416222192271422,0.9347443014143664,2.4886222385143952,4.09436182018193,1.613718599866786,1.6122097108647901,0.9327204851946082,6.098351105555837,8.14856002802452,4.8413332307247,0.8385306227647233,0.7835788395230266,2.768210533848404,2.086653563922695,1.4859578931170452,1.029197771329427,3.107102038574152,2.437835886451978,1.3689527356012354,2.777658554294958,1.789188142174702,2.0117823794887,4.220077129258818,0.8806188643333632,3.2294200491746947,2.8895788488618255,1.3818410065127367,0.6086513675450312,1.3724723562630459,2.5874086571276598,2.020001711061319,4.372875413992277,4.049256145610329,9.0321620193022,4.6741562038961755,1.7335178893750571,5.2886036510882795,1.9327830639689936,6.814336213471018,1.0809605382492329,1.3594534334539223,3.571554065220626,0.7910678238056503,4.632058871017063,2.153798667856223,3.9465474925309167,1.824107093570817,7.404739470765405,4.286704718482978,1.8793920985584078,2.312328892106088,6.103340027590516,4.698726657130868,0.45610871851634704,1.4995994991044514,3.1919248942874683,2.0465201296760926,1.405491311430016,1.286693426653318,1.9232985305043702,0.29508065235962905,0.6557363535456304,3.130892518477737,0.13531390073518468,2.7506546643735534,8.142937134645804,2.7858417612503312,1.5458639901729414,5.4430458943920685,2.809022200301314,0.8692822169504916,1.7017890310421309,7.232629366043117,1.2152893427028417,1.4642269985878693,0.9573819648832667,2.90866751098724,0.6968188023493841,0.2530441348927737,1.5003150156773866,0.8735657782851707,3.1676871898913386,1.6355379184529348,1.2843699792088403,0.6011533364731636,4.045904955916976,2.0912728387833446,2.0448546006649257,2.9502863045823506,0.20100531467620075,2.9278571454292184,0.42832380311154855,4.2000227985356515,0.7488067615997793,0.7143889642744905,3.4775773126014498,1.3827668664947597,2.3491737057796804,6.950025566525072,0.6004587209960701,0.8479342739009694,0.2518286064223464,4.878057718462442,5.385598143337008,1.951130232214907,0.515357364102592,1.4064256637637946,1.7268610812200555,0.6565780299501036,2.6975556398980682,5.456413376217862,2.532942392229683,7.40615702131719,6.939368232226641,1.6388244131147243,1.698764303109486,0.8108752215989363,1.5343065204922188,2.6079157829627944,1.094149625356939,1.2438232837255567,1.8840453572446256,7.365953124743267,0.532740261216799,7.406834854444997,7.876662699064966,2.2699375958189005,0.6432968372381254,6.237137240910504,2.545187858645749,2.692011080347394,2.730447066655084,2.7178793222988076,2.1246225708553363,2.8966448878884505,0.8335697948015626,0.3021434644582507,2.799381159060931,2.5843407033274493,0.2801928894446897,2.522813554652505,2.5738326290804254,4.061875158580642,1.1981143980386744,2.124646691515773,1.7457552343575227,1.9557999314361914,8.665410432312239,3.6497152149230354,1.4501786518544866,0.42639768896933494,9.097447202953989,3.7073053523240396,2.059635921097966,3.5162469322350898,1.0698632153669507,3.399427536902101,3.888780808525612,6.572458986102169,3.3402360613130972,11.040983446440155,2.2960236395721996,0.29973795223078076,1.4413628012171182,0.7609982533266934,3.4597403590615454,0.6990724242999597,3.57253717506068,0.8514187346439703,1.3600537683172296,0.6392251802765623,0.8187904151175931,1.5283275985394449,0.8984356760616627,5.905853543436937,0.34362065359569405,2.3830474621567657,2.0460867357464907,2.7444329663670106,1.8325887624005013,3.324593994367838,13.708978370460308,1.888160004748323,1.5699107742105853,2.5801580549927774,2.0507102167702094,2.8747945650545397,1.9541702353309391,6.842582500666284,3.954738604970939,0.8020666976233957,0.4390419821709248,5.677291330024451,5.398609536669909,1.7126149356560325,2.316875963742891,0.848033774359955,0.5330573494125694,3.107366193966878,1.7873997194948763,2.214230471133679,3.8455493580413007,2.623716566080529,1.4891380196507704,1.6944711561462587,3.423396698786187,1.1682606304058751,4.268289074274971,4.076706223401652,0.7155192375546424,6.589329951325821,2.6173890486032176,4.2105029351228325,1.3464948152821883,0.5336777563007583,1.1802100690364687,4.5137087085831045,5.090506138993653,2.1073950985543566,2.3446193489326257,1.226539115555037,0.9714049656305279,5.518576134664177,0.702675624970577,6.237337480509455,7.1145395202906245,4.212992029262896,4.409168647623968,1.1764681526181275,1.156014869704799,1.4307880776165656,1.3362929026029615,3.813555446973955,1.2907746911745412,4.469620298758014,4.5040871033521235,5.33237258522496,5.176977134822616,2.2401505131134822,1.0609460299023794,2.933643317593687,4.303109199755362,10.761556739343243,0.7543962723699275,7.684958531285392,0.7617368550694709,2.6351235190453393,1.151284105466436,5.0143627941314035,3.5172358846060314,2.266080167575795,0.2826692707440702,1.1765943546025255,1.1736795927828088,0.5074514142844506,7.2671837710450315,1.2810705174183956,7.282702746438121,0.9184787493257889,0.7659687568006252,3.440116390784781,3.7520704673674077,1.1308246374050397,1.483094387690029,2.2650926350597245,2.7738757857871272,4.595991169240493,2.1572831041271363,2.2910533802978006,4.341494494160765,0.24479027985178348,0.5744203392566317,1.2878031193731128,0.685770854102046,11.807696077960136,1.1396153720821385,1.5237627497345856,0.41289956797898697,1.2725295716699525,3.9806864249071294,1.1903712103250688,3.565414405039295,0.6499293712848335,0.4432174291646095,1.9494710235172925,0.9816467683469674,0.7292936044671028,5.1112747898473,4.995644415809626,7.783261979118817,1.5698565581023909,1.191819297471012,2.2172306163033575,10.693394132919716,1.9226251748424499,1.1269854054564754,2.2349801267730167,2.0769621023079665,0.3515960365598886,7.9276495400481535,0.2885121615104649,3.251022462501849,2.963371576090052,1.1706849254763816,7.6791913111648,1.4206872808361404,0.39791458982424455,0.24784002790754234,0.7404187514088794,2.6107339890119303,0.9547441284042082,0.6745174512989864,2.989998428593576,0.7639663416696174,0.6881284080571922,0.36132683378941777,6.4773938436052205,0.6028433861288878,0.9126269665292421,2.398621661813319,8.684912603466435,0.6750957613335653,3.207581587099234,3.0653218476388733,1.2946847134479316,10.675267938398617,3.8863538579346573,3.554691708892616,0.753564083155698,2.442097630230572,4.22664709642651,1.6513285248256766,2.940152763324395,0.6095129775810695,0.3992480099761344,5.54490852522074,1.3002114960834656,0.6316031859413959,0.4372309095448952,4.066814420158325,14.913539645985503,2.1442864501197665,4.311938901062118,2.257585257725532,3.7863013690625524,0.42821980779794555,16.797668445943046,6.322820484251768,0.2872348166452727,0.16036043344897533,2.2429290672181326,1.6566780531099858,1.7164211805699923,4.023730999573008,6.175760394700935,5.369014757956441,1.7714314429164795,3.266391877739265,2.6139496384394283,1.0891298008141403,1.2703389912700553,1.1493227068732956,1.8958637570791372,1.326504120334674,9.770191201456601,0.9715048944366744,1.696471993820536,0.6803584505911272,2.842757462753938,4.31571362833166,0.5671404516563447,1.5837442257060996,1.3341341268249831,4.071118262941972,0.41700191268293535,2.7946514755779948,2.2925263598118972,3.3478655154374324,1.822580317754505,0.6409823175282908,0.7232400911014858,0.6962797060614777,5.971511254363127,0.6639536065478393,1.2937223068114316,2.224476727841071,1.6363918077231916,4.3818936044576775,1.165703217306137,1.3136799045662542,3.8603372060516428,2.0702861030996296,4.7199826337547215,1.6217465184924695,6.6839391346751595,0.8899310755286667,0.27407554346670476,2.2146221971829796,1.1098379049452314,2.0811099901188723,0.9538717279725715,2.2114084612752225,3.0237289706803834,1.7859349321142477,6.873181880749826,2.4254313056889885,0.6527060998695631,4.084537979031203,3.199482799536286,8.261268059034059,2.446760929132272,4.299774961306495,3.2099866950647495,3.095381585705762,3.428971236141715,0.2922210748233889,3.4356278434791396,1.1938984614928208,0.12479260868771369,1.6802113862285446,1.8489715118808236,5.786801418358482,3.1232832838540743,1.68805404694797,0.2481898080733742,2.580228316559002,2.45086924540523,0.7631991069858435,1.3585221288751548,1.0440509996350908,5.070810337448362,0.4851562522623618,0.32998802933801974,0.41993616573007764,0.46978676302971756,3.0860451556425956,0.967192846920694,1.6021231434692271,3.7041242152421527,4.709636016793981,3.20149489393055,0.5881215643788167,3.667264643416547,5.347104046407168,3.3174773551475387,4.842977394779713,0.6114215238268674,3.2403134719833098,0.9863367309684836,0.7428256710114352,1.2037241902264426,5.866100147254127,1.7984567344679143,0.6165902711844042,1.4410010993228133,5.733655665391864,0.5236335371412647,1.4736114697096117,1.7885964570879362,3.855700840710986,8.951803176903837,3.3673281520162606,2.935915709525429,0.7651713091971224,1.055461929060022,1.7895795307648397,1.6264706713649875,10.245133121846226,4.581537303771313,2.3521409397891797,0.6384936141775355,0.2729017552737693,8.064348455392558,0.44234042994269096,0.7446663188238842,0.9358039503220479,4.047789439406812,0.38287309325402097,0.6284608169398865,1.8001869565212163,2.997431850763188,1.9565292994088979,2.77796350556187,1.7565335873406798,6.573767089262662,7.188101862803794,1.5490644864381258,1.108807884548292,1.239549445647731,1.79790639429681,1.926310663085364,1.2679862190532802,8.35072846134427,2.7338710685420904,0.5894786161949965,0.7454209453535889,2.610041104676828,2.2359423814257893,2.1972736799694976,7.063454335803046,9.44018453988145,3.7830881799333533,0.8761460678998438,2.574713926376492,2.9759882637619723,6.296948582930647,2.631633570785578,1.2578966218453451,1.019500474616041,1.691537531175601,1.4071347563859133,1.6914528336935872,1.280792028103797,0.6831758010702533,2.0891336590543257,5.166268031730526,0.2903076534821635,0.6297432557554314,3.230250329577156,0.6421800783405931,3.512484731639326,1.9724969405341455,3.363648333661642,2.6142077095690244,2.739008413371352,5.69338336500562,0.5149312781734646,0.3223440618982868,1.1755954510180167,1.0993458357163188,1.553044124229688,0.4040398390414167,0.9602520501742025,1.3372187125460637,2.2419439600346496,3.7497218539392803,2.156185796867173,5.863146764745194,0.7104779920060343,2.250661959332557,0.8833911704234696,2.515001141750351,2.5891845102906412,2.6450801681015887,1.3371681890174525,6.090502200797696,4.54874531110071,0.8990421094302241,6.821259523688403,1.2378255054900005,1.0432783015059808,0.8593464129015945,2.216303673513805,1.7689754164331304,0.43357213712873854,1.1785097408945062,3.0842449104770444,1.679833708521088,1.7322304243176778,1.047287424411717,1.3256746285069396,1.991099017208294,1.0471987420658229,0.7022302253535149,4.210252350554262,2.322449132374894,0.20734239372497001,2.1763136886328476,1.1091814514582745,3.506869911553671,1.6611848551738402,2.584189625353365,1.5017274639366136,3.297362028122774,0.3061177237901485,6.809801190137046,3.637002013443763,1.8821511814284009,0.8853921116941521,1.0489290009609857,2.0127816279661817,3.5726881436215296,4.962433192181846,1.4563039439958128,0.8092049838760573,6.109406288940301,4.285139914867785,1.844858562479728,3.4390985095471405,6.044684435960289,2.238105356871591,3.76639574218574,0.5411920486032806,0.3888342250628247,5.696123407455714,0.6748844517223856,1.2278432717540113,1.2538779579771262,2.5337653840962964,1.1246853957370813,2.155367507035641,9.497084736202881,1.0025287743867555,2.6130288161175943,4.569254098226679,0.08231958279013829,8.200361785025317,6.103550507242714,0.9229977750789826,0.9971181926674517,3.1765407064006177,5.055691308544744,3.1774991008623275,1.1153095247672205,1.515331881128841,1.899920932648248,1.150832198700008,6.657441971177326,4.206937042336033,0.08280825274837267,0.3952144584133247,3.3851591242500576,0.6103932714613025,1.0170616102920602,5.2214119857121535,1.5824092363217972,1.4280868446464332,5.723368424732275,2.9906074984838127,1.6932710293322797,4.023992923155258,0.5364960537211462,11.431559790199923,1.0808120330351034,1.575147907527006,12.677251214385047,0.923688756810628,3.6037088996263975,1.4290680445528832,1.668574936569406,10.571175542331714,0.5010369346174999,10.788553505475619,2.388141850347434,0.8468746063394408,0.6590218567306895,0.35918012725019877,2.639569335412817,2.2477714967653,2.1210767737628773,4.4447516661234685,11.073382489767953,0.9297710123341894,0.04221989838036644,3.8950050437464148,0.9418463930195222,2.135338193119778,2.2628331408687763,4.111061114982056,1.4990539496831197,0.5787381943633476,0.9824446457001543,0.899656911503964,3.777835313559149,1.9615534109028507,2.0041990321018446,2.0585959842119355,9.719237650271914,0.20558862980718356,0.6309399402242379,4.72025919013973,2.932761059339537,7.18299826617052,0.5333054294532453,0.842441742609621,7.67094550317086,1.1157317967774563,0.16083190823873195,3.7175521385668278,5.992292550924542,1.182262555776932,1.725422056888097,15.783293308751373,1.7964383535371717,4.098919810795857,3.3829676915256623,2.8304728564930173,3.574732847533889,4.58019922430067,1.0693951819072358,0.15218134452776133,0.7539481077416444,1.8083705991851167,4.1885486163272825,2.3678406093951807,0.4281162486587783,3.508338621986621,3.2215400498087114,1.2810647532008168,0.17417431167047237,5.012272218639075,0.8583336293692518,9.253218548926759,0.49626445364868665,3.366230668870116,1.1524543239244527,1.62902999796334,1.5683922362350182,0.6672379844592029,1.092602012398355,3.427363257951469,9.829371974749854,1.5578274422888092,8.284791039782235,2.7035343703012407,2.48154545035587,3.617146294793103,2.6700399450589716,1.304800062456577,2.1479517398376444,2.5903474337358996,0.8127883994084523,1.6839714851582999,8.913991694361389,1.0748255257718509,3.947967729718758,5.057071264938863,0.4894301667180955,1.1200299745998563,2.3202588853842796,3.3874524872353917,3.3429970620819573,2.7057711751134828,0.8569052798614182,13.75617246271388,0.752542652832451,3.735025044948354,7.583926599968968,3.2428595889288983,2.7422558011843354,1.546380907478552,4.028045011061103,3.265995462910393,0.5232375719508872,0.49752020785093776,1.6770472738632702,3.194093070452936,3.7957793555992834,3.942574754765321,3.115044155094566,2.282071132557146,6.473902662848871,0.9518040827963242,3.3583719737518214,0.21827388147901097,0.3849380155383904,4.929130053433741,0.6475663313930861,2.874190574632495,2.5781870865546446,5.790147873201307,1.2481918058083452,2.7693054382850812,1.0187515992776974,1.6185193994522167,3.680593808911256,6.4522334965458015,2.0950937058836963,2.5665288054863424,2.502552582692701,2.068187296794986,2.167305725960695,3.0537044876521766,0.5909337107872141,0.8420105900962505,4.3234756666694985,6.64353166413711,3.438224763784195,1.965225844443491,3.7971196980362922,1.9968403767124048,1.7192574317038345,0.3665076556833779,1.3713727522428814,15.73605562644159,1.6624501424172529,0.3337177465385137,3.9514758068503895,4.4825882668402715,1.3344356939869373,0.4480457717371634,1.9273446527912113,3.7335266152941644,4.539913621817599,1.8508965713776653,1.752292197306906,2.078423170796915,1.2327773721362774,2.8845130704499704,1.7400272360566384,2.5759936101450513,2.361911450396367,5.24565305757385,2.203268765766764,1.1432519299279305,2.430576096568565,2.018997130328204,3.2448192132426077,1.4235547915419338,3.1063777384139515,4.093150420962495,1.763462307119037,1.696617428837898,2.1894415802413096,2.648275399046914,4.782486518234749,2.102768485261211,3.187458524722235,6.809102255776839,2.281229305237036,3.650530313502312,0.13117018869036706,3.133668210118297,3.42380876199387,0.8730043031434347,4.601117758857594,3.077293296934492,1.9313296686089472,1.3775290105698568,2.8155840668133534,0.8479888674423508,2.686675488792736,1.2723376070498733,3.0338122512061196,2.3977240090997767,2.5265700571387177,2.1410447090938116,5.586962856213338,4.170678262047923,6.477603352033968,3.7688751309066886,2.5930114697347717,2.2433398074081294,1.3811883033783616,2.5321911888804434,4.942680602079294,7.31628361905623,1.1907085896197467,0.9030539063506127,2.75141382633428,2.1462248943607194,3.196636646885934,0.7400727900806152,2.5235036981118215,0.823738287797473,6.379146314915331,3.1204482416713466,4.104273114244001,3.52615876072742,0.4310657587728325,10.259229819376408,8.266577340453752,0.9113209883380431,3.89575812582959,1.434573067731833,2.641351330425349,3.8127227631762266,1.4474544304353372,2.7048271629842096,1.3291066268211584,2.7146464666321566,2.0328280966576964,7.9910675033530225,2.387040169542475,2.0966217413493613,1.0442882714357447,0.22682998204889748,5.781070368778609,1.0804450107913368,2.47334769409474,2.00532527925975,2.752497086591294,6.167701937187324,2.1150697949369524,1.5376557520810783,0.7561966024764311,0.40325863003334494,3.5080101136988224,2.0917147034678116,1.3739751790869361,3.177451791919639,2.4461071849148386,1.1049942538420532,3.7653714800501277,8.157229056462242,1.0612827777339295,4.734297821343262,1.146168054028245,0.5907813345496884,1.6212590845365153,0.39564828592884743,1.2175428708947145,0.8209917909481552,1.1753768848642077,2.8150455159108834,9.9754516898115,4.997266954986649,2.7332403294784706,1.0951494581038275,1.2595562234098747,2.543786796801471,1.8579215139985803,2.570613903525979,1.9104161875450103,9.380388083126169,0.14135710142444113,1.8307651142002297,0.44116374143033554,0.6412129657105907,6.595385996879518,5.9749913106333885,1.2538917767779443,4.057178796659307,6.7187110352419035,2.604216273905663,5.602313314608069,1.9818283260246128,0.7296512974555313,7.125473754468507,0.4601100490837631,1.9153011515449443,0.7937560257993441,0.7397188163519206,3.4520132106836607,0.948758223984443,7.6873107952113156,3.886110957195093,2.3992386404667907,6.760313582231073,0.8991026551842554,0.8625868614066509,1.0403141440358614,1.1212884723552694,1.02029481240861,3.148450553970959,4.712429280780732,5.860876608738699,1.4422223234553528,0.5589848023728342,0.7405182302652427,0.46549347019565734,1.171445656909878,1.0764541356796502,0.5253721410595557,2.2326665701978707,0.6966245894905305,4.936857065028979,0.3615887830440876,1.513580406967264,0.3584897440067643,0.6581982746377805,6.587617644221455,0.7695599862337439,5.0630587170850685,4.339843068243624,2.6477795243896245,1.808845924733923,3.5955399997699327,4.161858458918245,1.6030901197771237,2.2354721758959704,1.2906980384213873,4.305864140951983,0.6112319602565913,1.2433250100206408,3.1238367756373355,2.5487876433277057,0.8876724092311574,7.575475427691563,2.588377244649084,1.179382882274922,3.7266281689906866,1.3679087192326735,0.8571682184595383,9.025113338530693,1.7323170869746365,1.2621217647788883,3.702385579244473,2.281943660841776,0.7322505926701154,1.8344444107427744,0.5318159142828567,2.3503155265865465,0.784867755487857,1.4890887206560557,1.7199264479765064,3.2965687647856967,2.947349525104609,1.7095653140035463,3.4900629709795563,3.8912233999297103,2.0984444397596715,0.24707224313749088,9.527119667726426,2.976756502918845,0.8201620210456821,2.0259286277254747,1.0704958493751406,1.1131820192141606,3.145696169691693,0.7746178332816669,1.971199198679762,2.3359057117349296,4.325202523385893,2.9682965426973444,2.289923730314291,0.7959118216901695,2.5111055991897726,1.4889855461860555,1.5698705376720192,0.11512764930223807,0.6322462162559932,0.8964164329073805,0.16649408937090465,1.0598986004262745,2.8895585492194193,1.2553268574503504,5.31510394085363,3.7747822193076632,5.857225369396742,0.5786422803053828,1.0725205868228693,0.6396541250841762,6.859988273747626,4.570965445249462,0.7744488261876504,2.781700316382914,0.956996271325336,2.3655815076964966,1.4344955737563447,4.480816991078349,4.950987353238922,0.5095644093208466,3.5699603738927475,1.0309542722085059,3.108695422033018,2.185357080592001,0.6690042106866322,1.4380489346598457,0.18725041036670664,8.18766318263705,2.8187562030173834,2.401629355356562,1.903526478558587,1.9445637491461953,18.18296216678372,8.09825940714242,6.5316377086416395,2.0673672174164044,1.7546575343769313,0.4932948052269709,1.7598810145433617,2.834552967140514,0.5695737515266244,2.1573672902954857,7.763859138265413,3.425726921676793,0.7190669104496612,2.900526602485749,1.0631222919835097,0.1743642997480667,2.64995361688283,3.9863406682425926,2.198838216568304,10.15187649959588,8.141071045131216,3.5848400294516853,5.668073628433871,3.3720886743630416,0.9819984889206932,2.646776473761486,9.674659687225141,0.9093777885500538,4.350483750596195,1.2967937967700849,0.35348515467250113,0.33207432296803807,0.6820471634603158,6.852875248954019,4.24467425266322,8.01016572296304,7.60963116056848,2.015206354922341,4.206082936872073,0.2657149222342172,3.1562748713391824,10.250518830897066,4.308277332251549,6.028130011827776,7.738355343390583,3.735536711017342,0.7505716326742532,3.2258379408191606,5.402704896820199,3.3501793872031875,3.824959380976079,2.131452682664044,3.2646967563507885,3.556159294899647,3.3457922074924826,0.3090667433047627,2.8002234151264616,6.462240890872124,11.08632995572282,2.31293779999496,1.511141618215447,2.321667831089966,4.63715007545631,2.3464110351183725,3.468639123243798,1.7545928585161588,1.5388065506745894,1.3243820596997002,1.71207785454919,6.638442748972765,4.098071285727544,1.6576301243843008,0.7156460686404198,1.6290251910360243,1.0769956822006732,1.1247321187791501,1.2781333526472418,1.9527377727212707,1.856237109182163,0.7264245286692893,5.150737344639661,2.4834497370422226,1.456076567290123,2.949190658797221,3.415222867604666,0.8351048775720274,3.7993120271709153,6.06911159696032,1.1281832870421138,0.857371121167858,1.8974671448228508,1.9798190980997645,1.2669839936893177,3.5133605325298545,5.488021295045805,2.6124869972971476,7.060506521098137,7.899454061520211,2.347675262703581,1.370468304117473,5.064124847913759,1.4560823202746433,0.3408072082826192,2.236338131142097,2.393162605590947,2.7074183420009383,0.6590614046727814,2.160422548369267,3.2652888291786972,3.901471542803954,5.336282228807358,0.5243201064151017,1.4865098902358806,0.9859017096062621,2.471383293052806,7.523878387504794,0.36149188712368874,4.843620304189177,4.331627612660332,2.208745967253219,4.1560803369364745,1.2959581462284486,2.047965069839481,6.154130890968751,1.5903752588544648,0.40518820720339754,1.6897296794217256,3.072631122372901,2.659095230446819,1.9114407822716544,3.5634940202657543,0.9557587871520906,0.6703345720953553,1.7585347952159964,0.3308381209467666,3.1793597639474944,4.464238230196954,0.8777545003629111,0.7806681190915881,1.3532387492088933,0.6771034256280021,1.1456251702838829,0.7840923087503708,3.993389690666217,1.171904546095183,4.437660383666005,1.240566092584357,3.6770210167280855,3.8853389123141984,3.4279842326807364,5.626603721275195,0.4614918229757589,1.7158012255971402,3.6985919764047686,2.5354964574621093,0.7125040362725372,0.21777878775682827,1.5167731878104067,9.872257148002333,0.8811244355979764,2.5338258588852813,1.4729267188892672,2.4226029689444504,5.709893179690099,4.137866540259805,7.375825532282222,2.4954024698450312,1.6581076832186676,4.042074346440378,1.260572871770303,4.866762673343518,7.1054318584333025,3.100597520114546,3.1263350071104945,0.28743487658793476,2.136199555727308,6.2213746207280165,7.375369544074714,0.7358711643567375,1.8675203595685077,3.395986817028738,1.270936206711493,1.9475390257846112,2.293148468668437,2.2910736479056544,0.41160301556310636,2.481882052776224,1.902239393972488,1.0690437757276632,2.376321172894225,0.6137290198175472,1.3469872730993655,2.141364775669339,1.6732818839114283,2.8147595698910455,0.13464503917934112,6.531057471257347,0.44263296477734215,2.898113986224889,3.6873531509478186,5.499698452375782,3.87419206402968,0.6852274353676142,3.1813829259831983,4.2821767330041425,10.770865423196081,1.996531043383473,0.46312902127792444,1.2274588324813243,0.35300414448682427,1.0277558692619033,3.332477803945362,0.18476840153611807,1.691026240634026,1.2863305903716933,1.9870036832749567,5.0299205034965135,0.4136191711712001,1.310989223463383,2.120033326365746,1.2631156057731894,1.03254984399956,4.756534454638739,3.5356585500078346,7.605996305228917,2.1601745751106565,1.0214476503923988,0.7924544880136788,1.4061241826288589,4.750865836439924,3.3237527267448144,1.041946225755441,0.7525607059321222,0.3181274206606195,1.4534495817561304,2.8315660860554606,3.218456739253055,3.707505514568844,7.617449858882203,2.798268047807199,1.381916153975451,3.1417267239578917,0.9913472649295278,8.27025155463994,1.4472293763276385,1.973608278141876,2.5603309986188068,3.530070885882865,3.2079898098266346,3.3187910732056203,2.1666785840969776,2.2439575083513694,4.845197660594367,1.9160038701493431,1.1359904870515978,1.4430417580803254,1.111275247352309,3.0029818759083207,2.738855639511674,1.3232276461897545,0.9784142750656045,3.5467672164590076,0.7084049333702521,2.8562261874453996,1.0098954106283426,0.3858965112274105,0.9555063950885807,2.9420207836418104,5.305790798189342,1.6511479941193963,2.1148180460289443,1.2331806232510365,0.8945430823252676,1.1573802621623661,1.0971816164082175,4.4041235875270495,3.3804331194228388,2.790799963205782,1.0425322124808407,0.27203530930485265,2.8531424008515187,7.836781155545909,0.42465775340230594,1.1921417230181321,8.725996191305208,6.743917250352027,4.6150608955084484,1.9366751183077657,3.278085470043252,1.1245229637213356,4.588293048354717,1.6417312478562276,2.1089175464748986,0.16529445981013763,0.6365050798707576,5.386178124097094,3.8984926145613232,1.4998921994040713,0.4722993802824944,1.4404013447815585,10.279060970336522,3.8251243320941883,3.721033334236856,1.9545661182160434,5.6810078571059135,1.3477355755793736,0.34959410640538086,0.11790652733441181,2.2896445194252166,0.8914167790358333,3.81610858707378,1.5816077899195264,1.9389660093318808,5.8490932585101225,5.743110603291888,0.796888797573578,2.0673721663861513,1.6477477599234711,6.158184828196201,3.020847869183421,1.0414778979253048,2.1658873163206853,1.6277683511005645,2.460593010354626,3.152635508726251,2.962368107476941,1.6817711777317923,2.8598164643302075,1.7882154469691374,2.0810879330315752,0.7302702392883618,2.018982300407775,3.0972872278169525,2.623159489112185,1.5470624935565551,0.7364125572868696,2.8474927047003247,0.43930563397327205,1.4248872786100322,0.7981409471870845,2.047445975897608,0.9957990826638305,1.051778284867447,3.577746247621687,4.636336959215686,5.881503529138278,0.93969264525376,0.20602103789031467,2.759474529247073,6.817694479488419,3.4039086106658707,1.5953027499737424,1.4930467194648152,13.352440768753718,0.5156632968437718,1.459959215850735,1.006767102249916,1.7551401003748313,4.614610529434603,1.9056889195634978,1.3689747906135903,2.002057648429534,0.8171433496328845,1.3276532225605506,0.19228632982789629,1.2163204272602814,3.614933096355949,0.6315413292142104,2.3586625360915443,4.615594057161663,3.102242072433853,3.641216378523594,3.338382675906433,4.584478291750403,3.5731574434448055,19.540824696169516,6.225603187126355,2.611184379395341,4.041431790755877,4.828085235405612,1.6272150518281652,1.455337093351178,1.2539958008650909,4.6867541994196,2.6201261498769366,1.9820685778582918,3.8958790765238764,2.9817578529100937,2.1792601733160986,3.98879520142105,1.5285342715287615,2.321256845191363,0.7470469292879861,0.5222497494840456,5.646116104755818,0.04955692004006798,3.527492995590613,2.4519348502980507,1.5333056567291132,1.6425719531531409,1.3714400839050063,0.8515981793111479,1.3829582752178986,1.833329507065539,1.6715915876226828,8.471331190852865,2.7762586166385606,3.522854350762875,0.6996415308268111,1.4881139948778874,3.4133444470275562,1.0166997530486512,3.6391539492027327,0.30226069201325245,1.5564515660629294,1.174149906828736,0.9325732046645732,1.9866251212856807,1.91642846324596,2.62924414757998,4.547032875084591,0.526772147778924,1.2450080622459918,2.361134933489892,1.3273986423842845,3.096342127460484,3.871325995880162,0.8837806299243265,0.6084645589999165,1.3216774910112332,5.382662899640392,1.1193769864435126,1.057059095434976,4.886618676069047,2.9363138743020376,3.935917524363753,0.6150721278356193,3.454827455397144,0.2896323711874741,0.8078812917691615,3.7773753686601763,5.268497332841438,0.5926298487092108,3.2333652065772216,0.9808071730371986,1.2430302993071187,2.10150755731181,1.3482152798848839,5.2216668139392315,0.4323485735531126,0.7903502399663774,1.873404389704132,8.741760845324043,1.2044460653405058,1.557497137711985,1.6034817857581234,2.789702713912146,1.5559161163746404,0.8079347887234547,3.129161584084539,8.657838422785256,1.5321578561830331,4.251154817139269,2.702940500861489,2.976915766486566,0.9218931609481547,2.8004654428227616,1.807561025566366,7.187088287525198,1.7018818040998898,0.22140109426870505,2.2772573782609267,12.332602186417438,4.713206262845115,0.8947502258419329,0.48122698805605124,1.0677665852883782,11.463018946512147,1.058198442293651,3.701785410290528,0.8507070238231342,0.37140446776208696,1.4251702041517382,2.4641165170585273,1.1535246655080433,1.3490861035481934,2.975028785052117,0.3525107731192059,7.032607934278906,4.307026110161199,1.4330341780536047,1.9614536111091114,7.9508568949369565,1.6370152743259156,6.673836388979436,0.7509000370578001,1.6720783874216276,1.1261019809782222,1.3862820904022097,2.832554989309459,1.2534098900312696,0.8091582683841492,5.202772807188602,0.45797507294836604,0.7814353033299906,1.3331325172378747,0.8724004488516333,3.616084042675724,4.217470328665231,4.063261203041037,0.65011946930854,1.5273155794719109,1.6828324062276416,3.5680977845208828,2.4290915883471165,2.317646852297842,11.09351330719615,9.211555676148214,0.7560006371618149,0.931352167885961,2.3371944099203565,2.351117466150227,3.3848867775677003,3.4094788727046046,3.149303507183875,1.3800674973009959,1.144852215286494,0.8423944496873816,0.5215769440310297,1.2681142383786408,0.41766671342205053,0.93570426759034,1.3418664857614624,4.148345932504233,9.936129916996142,0.6223765359752802,3.503305342387122,2.517050929484194,4.9480302236983205,9.272497005583404,1.9295531054244135,2.838790865315424,4.4276241839048875,0.5517737630558983,1.382370803088822,2.354775838639588,3.66526838747431,4.640695120273435,2.128158507039143,2.7841452103703714,3.8888529727519705,0.6628454807850119,3.4213322065524343,1.5349990807914449,6.1639934680460895,5.4456444990621184,0.7121236692566162,5.982502195331819,1.9593489873240424,1.0173191576795277,1.3023904189908642,0.8770029410552053,5.791924586281219,5.2410030145220565,3.205313708034575,2.701430962613334,1.1692310834229245,2.3185356440467304,1.6437790928039302,1.1695913742433235,0.966983358281245,0.5823882988221083,2.122646619820787,0.3187736594956627,2.6770682565044925,0.7147550339464781,3.305215747625801,4.205760497733815,0.9154303654856406,2.452311997918429,1.719156576003459,1.311157723550711,2.701118254627178,2.8653997671535323,0.4803318586197176,0.8455046198137472,2.095004378181656,3.0524476374719502,1.4083760199855762,1.6464659128909451,3.7277502951825565,0.8864185578085717,1.6775408039949609,1.2096495175432294,1.6545864617200734,2.9173152014910206,5.088367513076344,2.284834606489934,0.6520160953467979,4.99398276803501,0.9958922396038903,0.4038272685029278,2.2697681693008036,5.523890883974107,3.2675531209785227,4.150268399815261,0.8058890374780345,3.7639909208530717,2.1259735271362312,1.6111203121843642,3.513774518293504,1.3994142766976236,5.296817111757253,8.689495208430234,4.918203916325114,1.6753341843360858,1.8008114385493643,4.7634063444531565,3.6428083471113126,6.906210419083384,1.5016832546217413,0.6153348134751554,0.42824804285348606,0.7912245104987867,2.842951930173115,4.5537198874477,9.481037555599576,3.8776821547707,0.3145055732615847,4.105516398858649,6.02412464350262,2.6184148797441624,6.248115955419411,4.146859603432429,4.170320172341172,2.8004934361696767,3.376184269316616,0.8620138875709806,3.0094283089566503,0.4712523393407604,0.25676909710503715,1.7841762605441236,0.5007005015887531,1.1239980995360823,2.3354782652106176,2.0183948686684423,5.375781166449673,3.1923909475499017,2.70392848155767,3.4253428357040736,1.3094288308528903,5.731305204371555,1.3801357412961623,8.09069589506889,1.2340870735186429,1.5480450994967143,7.085297182664152,3.316868322459888,0.6422944827432036,2.8642653372772644,0.31139367156776177,3.4799871338553197,6.728330216810556,3.551062562520867,2.022765352987532,0.9438708798766323,0.3889680157358298,2.2578318617201707,2.8782481473264356,0.09784192523160917,1.5490488152880222,5.013621251056707,0.6192206773587638,6.943194398028368,0.4004312609473085,0.44934489633401736,3.8313243780581137,5.891943780172692,2.9502502439570284,0.7953706909309128,3.1921048655885698,4.900209030733435,0.8895657449558398,0.5960960342703342,1.603283061840613,0.42972931866838004,2.6090308132206323,1.5509685753644276,2.976818873167329,2.8880087221598405,0.1282304007036177,0.5131486463995113,4.6196138546124805,3.69149616712357,4.816859988097156,1.3068228258122225,5.200815581383038,4.567825918357616,0.76138089916929,1.5773949193155963,0.8008519084588998,4.360712304484895,2.0516354124245813,3.698781711209595,0.49237020399115333,0.797394900170936,0.45616220591036666,0.7161630412386993,2.7419675308295997,1.9343456944398973,14.046790157177941,3.1776095741455146,1.4021543177548694,4.1506855460869465,1.738463089876346,3.8914202828263846,1.9158969299136088,4.670451427768483,2.8437510673111372,6.985045446009572,3.9943032526342286,1.5355675291785749,1.3491102535580908,0.9829899387063326,2.1600390953887256,6.0497067717864175,1.8083392465768449,4.281065335600861,2.689765259798304,1.2701925203397484,0.554746525727785,0.4558747798519852,1.712412191660136,0.8682795813811809,0.44247838169454173,0.3012825963687291,1.8383606067383642,0.864026939119347,1.474910368409411,0.5086953813385038,0.6189452871764083,2.284317838347555,9.920684094748191,3.196989193682005,1.2917224923009623,7.190311325819225,1.7952507450750859,3.4199438100729216,5.459413647447557,0.806587978898601,2.1227767703864537,0.5146160123064348,1.1375353173071197,8.096868247794497,2.2802129535499396,3.8335391028708066,5.831090071334967,0.5424326950272518,8.207583207633029,0.39726158679280144,0.26383684324756085,1.160074875371433,0.6058429690366849,5.112805305457416,1.677445809919409,1.9009565596896492,0.36531578164431966,2.6286762850013536,1.7693248417560614,0.7251022059963269,0.49509865700643363,0.2531666054888506,1.4107265336173056,2.6669922530765917,0.48813252376057387,1.6787853222426932,5.823315190262194,1.7276374131726264,5.63661898710183,1.2383708326145464,3.2605464988725967,4.489279499322629,1.2706735027361402,0.37357697917547905,6.349710012941579,1.1298576742000253,2.146674465830374,0.8596247293713177,6.5088856508861666,1.65477991676874,2.8652249031429387,9.02410075555739,0.6085195000222134,7.653177684772026,1.6802136136773036,5.542021596972036,6.465926031261914,4.318341802462378,6.449805301077002,0.6017285359443565,9.460488229838322,2.137448798980118,2.1273978199652244,5.640575263485458,0.8123197541305931,0.3180393180676576,2.1560085055513016,1.7099878745770134,2.426227356902542,1.0217862605320964,2.5073863592815804,1.1849204177341957,1.8357729707500878,3.6774581599174923,1.0056472898719566,3.3125107084798744,2.6549751662368997,2.129680043246214,1.5934926351341312,1.3045560922615191,1.0119944274542367,2.794973798456802,1.6381343615688526,0.5931887183580278,1.1142415065749152,1.891825408133082,3.1284482341131756,0.6614974948729855,1.121034574056348,1.1853353335273953,1.5471784157633308,1.2491032590094906,7.188064033145382,0.8401743168180174,3.3233641589113105,2.2094094608249693,2.689229281187348,1.0064619401551176,2.571159023377041,0.6183725845312354,0.4840671258890681,0.49950581602591976,1.2679909901614155,2.0569719030412,4.332160176731316,2.975549162487247,0.41125499914298214,15.849023190818006,5.04290569371735,2.2362443473166453,3.634058094753886,4.256497230334477,6.470989409806591,1.596851120597848,5.002329817342801,0.9396655152500981,0.5378971749637038,4.601830971487212,0.1270242635214609,3.9629389599601326,1.168689159685074,1.241651586137655,4.074740599223714,4.099218781899474,2.681454282571069,1.0829396684020782,1.6495208560032388,4.208218845705926,5.295823986545178,0.18197153463850724,1.465435815631969,2.555466875420561,1.233553284348751,0.6558233592982982,1.1522834560505617,0.72400376368297,4.626742882821434,4.304797561842549,2.504641507435816,1.4559956981338913,1.4001868228159058,8.791411189001485,0.8521234048861984,2.0460581684372707,0.5763296465142029,2.7894806831696206,1.4556997377681404,4.860624609633927,6.6319840447747564,2.6908009813292915,2.8891277648765286,7.443074539842869,2.368312164160176,0.6527407807214849,1.258381096435715,1.4539593639257005,1.9144132234968896,1.9142588962645117,0.40982906928547863,4.188260378991698,1.7667187033953207,5.003345058591289,0.8590467781917963,1.4073958575990986,0.5607684152685648,1.337177534120418,1.7840978863137715,1.7817249272607447,1.5520642274713057,0.8639749361175455,3.141190018039451,1.1134697221073604,0.33005739466720396,1.1581846421105242,0.6187041612962854,3.0175947836318846,4.811172847710754,2.7895399404034387,2.3785220126910476,6.723815881769208,0.5972997207303714,2.945218546521903,1.6979816991746344,4.114382701311017,1.3724365037909065,1.4579877653432076,2.779234211483772,0.49519615771800063,2.4138981245443274,2.8616799849864187,4.062632518130016,0.9451432721989386,4.773996329770572,3.123454139415317,3.6619645417444286,3.955681911139873,9.259635071168832,0.6921233194264886,2.9103030932354708,3.0883217124506896,4.56236085363133,3.4509362404648947,2.6281836439571533,2.3664337019461206,1.7026888882407571,2.5311682804777726,0.3650776525323417,3.0104322574235223,1.6731049747444042,1.5760261581258497,1.095735865287465,5.671306956333508,1.826955746799333,2.5058987725227273,2.5096655815061455,0.25884744907907525,1.1238568428725646,1.2650491581537295,2.60881352058226,5.27323269762175,0.9598462961192362,8.323434324591922,4.7619353068598915,0.9451421833088945,1.1198132106890237,2.941554442197746,7.32648892135052,1.336604959822098,3.7030633365884174,1.7647869978680175,8.432202718933013,6.0138134239386725,0.3577743044194248,2.9880608010664234,1.4089766963867523,3.2559645670139252,0.5686661859975296,7.223202947247245,1.3775531913740275,4.054782422957605,6.93452924639314,0.6086599008132283,1.0478819828534318,2.190578497645357,2.2298993200998574,2.1673866825676,7.315345808133998,3.0982628231304905,0.6370120530660222,1.8997893805344024,1.18725154436439,0.6215318065999422,2.097189158864098,3.9529341225871226,0.6413416292581869,3.444424382567357,1.5114919783548046,1.8341117132597595,4.77462654974112,0.804342031066337,1.1639758430544327,0.5303874884638218,1.451466104264147,0.5131159994526955,3.18129723511913,8.514464654811642,1.37175625943045,0.612285344345856,3.700723029135025,0.555079875767837,3.1352363204497333,3.7541491206583935,5.7858445544317885,2.5003675865501114,1.1159058085808802,5.340810782614684,2.969473781990696,1.0269340877413025,4.238910371179255,4.668730202184361,1.6470565831084631,1.29584600374007,6.826073752284292,3.5430996093369913,5.953763182050568,4.153190766343561,4.394774789090401,5.863861178683264,0.8604003979005265,1.8253338778290578,1.136020861807465,4.293742151072878,1.579482174412567,1.6768772291518768,2.284714603569503,2.5525803372414355,3.33447775557442,0.6700365989773971,0.8028980210360163,4.85377727736722,2.854642776480048,1.1710358300433787,9.622862811834233,1.666737846379977,5.362639231772665,1.222734042598591,5.042145829947245,0.48112706709407405,0.5874891964096646,0.8389712957073358,0.7808217973025358,0.4904520746508233,4.818271384076557,2.901776517333223,7.9745157248619725,3.6549362094702325,1.2008642234168205,1.7286232307648115,1.2443484497427477,2.792323467098741,2.489864516166081,0.45028844184852884,1.964476336440228,1.2617924764503985,2.329586918257238,2.049373154124627,3.7557813461347607,4.696160422759988,3.7264903346959337,1.326622004564571,9.549154456081718,0.852370950728615,1.490335101931631,0.7408860009077902,1.4902677856057305,1.715545072941291,1.5968193572309561,1.4335486043736534,0.7506779441546635,7.102055930095049,1.921269251718144,2.1185903315379697,8.96438643224069,1.7116808104215715,3.019205724779237,0.33668107766686795,6.0247526975380055,2.3475289885787185,3.0499951987549334,3.152562067143942,1.707678756020076,1.0211557301033265,0.786318772815252,1.8875625759633858,6.381425982503176,0.7143052614803009,2.374342615860929,2.497808658370746,5.646767015908267,1.8489363093534958,3.8817771500008864,6.335279537766577,3.3842938305166346,5.358557489752595,1.4330211753982505,2.7178755802024863,3.903371715677752,1.31115198983132,1.386430069989922,3.933156615808125,2.9601699875401057,2.1802818377155924,1.9650568314944146,3.122655747239214,4.941536787670533,2.940492082433191,0.2676045203421395,0.7515229144724378,6.187319141043588,2.697793118171519,7.595626909904323,16.190857762224404,9.834341852075385,3.420889460322892,4.787228461210374,1.1226133363074857,1.4226155534965113,1.425136364465654,3.451332313072755,2.5435953379744305,3.1310076716641113,3.82878440336232,5.540456342095363,0.9338013118075847,2.7452743194436238,0.8202309685695537,0.5607350819768063,5.078735572297996,2.343178598928646,1.6224589508224585,1.2438165735701252,4.428834391076791,2.780018861815103,0.735095581740529,6.460402656882643,6.763425463797949,1.9100453783050735,2.8187476953652397,0.8306970532340705,3.8341849743094394,0.5233285315884343,0.5779673433366714,0.3357044429794378,3.357937793456201,2.8215951127689305,4.713510055247319,0.7521963466793693,3.901220716960191,1.7104737699411685,1.0615381975852063,5.410174213527951,2.270644098549526,2.8210720676170467,2.3095594320025947,1.6501127858799005,2.939580456580906,1.1559165938585338,15.41286748702194,4.052276508496472,0.26473252483198556,1.0814771288849645,1.1745064507268257,10.51457905317157,2.2204262772858767,0.8344849830297438,4.225019426075132,2.202571054617682,5.932674526565032,1.895848985891881,2.80736218897916,3.6950796544675506,9.021148393833066,0.1738735084216757,3.297794603831747,0.9894473307122453,1.9648328321607855,5.641401116788982,4.084477204857406,1.3433084811347507,0.24948421389297726,1.3879188675157232,2.953541456855318,5.904439753747042,0.4324890761818154,1.7657492431878268,1.4890603714487447,2.3797457973907115,3.355331041576727,3.2497810745675104,0.3788847665922419,0.2915646025806667,2.181958128602652,4.91552158151787,2.968453679051926,1.7578636444524909,1.9823580291428486,2.921016038517676,3.155845648983948,2.1526888470926466,5.068049609067439,0.9017302682431539,1.6727143784351814,2.5960652445762666,2.749268378223083,1.6042181410230922,0.6759079833425943,1.734029464277146,0.18698700182605432,3.92948718959041,2.485291225807962,3.528723714732946,1.901019031356734,8.022129967172559,1.8373716969716187,1.1466120714867487,6.950662369081737,4.188616443115733,0.5394174701122585,2.516260871717459,3.6569137900247797,0.15784652440598018,1.3742366522962963,0.3290538106342431,0.7626340385219591,6.8269119034767956,2.19994740442228,1.390438058595513,3.4205517160501966,2.765518772138695,1.7572473957131463,1.607305267952078,0.9460098826409643,2.1555936766643597,1.1721415984739667,7.451352414485893,0.9380844926118703,1.7075171173250374,7.687438150067557,1.4099466190061345,4.006734874849493,1.5951222435979733,0.9751122219963416,0.8828496806168569,2.0154889635849442,2.88152674355406,6.917138774917425,2.3899088742617978,1.4244190779762331,1.9244389691481474,0.7299240214662333,1.0135096984639662,5.907922340806447,8.31537801906517,0.6451888287236128,1.5278478623687892,0.5119740740562109,0.9786316270938107,5.172312116257914,7.596887432338563,2.762816612693131,6.891632835621983,1.542419947574778,1.6237630278028354,1.49127350863166,5.567316304786595,0.6873908376717787,1.8663798851640678,2.32273758580354,2.027827281813375,2.394927454657738,2.5851975274976495,3.9548206221116433,1.202133979185505,2.1723510742033634,15.594359766060311,0.6974263061661141,2.4760961262727674,4.229138954686875,0.6606899156810943,2.5955234066551736,9.23458094034918,0.5551604420353795,3.77978835078177,6.928269135332252,1.1042815358318747,2.0139251120463015,8.366492012068102,6.153522225042955,1.8361643965597318,0.3909743526663939,1.424369464411166,10.839455461282247,4.082178062412761,1.2631240916815694,5.5278853412869156,0.9926709799842032,8.536272792712477,5.627442078087629,1.9290059593306983,1.6479370183040634,2.3058641791392764,3.444959713800583,1.3796075438345192,2.095239796995852,0.9894205525736705,1.0910892082666273,3.682251362574161,2.997006857950419,1.5680964095069818,3.4309804043947847,0.7878764192603825,3.520474617240739,14.23565491242489,3.3884648817747585,1.0586866179104826,0.6366460715723008,1.266156221903273,3.1092372996831257,1.140526744420474,1.5945089154521999,1.7608421434762063,1.5597191842592864,4.83137939381152,1.9124683917091372,0.25769707133721587,3.797405814882548,0.7300690005597835,4.794344993320754,0.33984223782297085,3.2105372311668194,2.0604288922017817,5.104060598761927,1.0008641584222646,9.322622883897896,0.23029988418984382,9.454200161724545,2.7451877186594738,3.363121708684503,14.14965053716305,0.4257783073416985,6.1349282191765395,10.19241825802878,1.7029067252183339,1.2261126348822555,0.3550722715069239,0.46678246765672116,0.4885520056545668,5.917096842067605,1.9996592727828866,2.605344921185325,3.9053483139677887,2.1373473306419917,10.672621272558583,3.887886111033002,2.9313045156705524,2.9207922425735307,1.3370257632165736,0.8636312697588984,3.147154644132328,0.4855826946908557,0.586368717053634,3.8931017171002265,0.24653878457633033,2.412804379203363,1.4801703420988768,3.6342850730824523,3.805752343427785,0.994387498784988,3.1156014062881687,1.1305770360055118,1.3407829856413054,5.139422704186628,3.0776040853611684,3.1034605336484127,0.5199915130582292,4.469544128369531,13.784362309045644,3.2456932056736134,2.251387484803211,3.543410145266941,1.3051144247984106,0.9084740922183419,3.5114334343408267,1.4202850041676165,3.9347726922312445,2.984468967916444,0.15739442077271937,0.6881993035215556,3.8046368848414582,2.8869531555213084,7.144364635764572,0.9576901598043809,4.765167804948518,2.0963662811097494,3.0391829723665005,4.649137276270767,1.3593639876701136,1.3962501382859067,0.31949467357071204,0.5590552004392694,0.506568503328358,4.718222743046354,0.45879240180706216,0.9863416483238141,0.7540196853092964,10.583092464416087,0.9102919626052697,1.3373459807988648,1.8902855309342161,2.099658732960537,1.4348657848673474,3.3303948644924626,4.497843627910817,7.9398734157207285,0.3971875825118371,3.1974649674537288,1.094007216179111,1.7864843302543343,1.2005700014500373,2.4664001057307905,1.3873216235742223,4.893842175589439,6.15241213760248,1.0771668356337358,1.4647483158273689,1.408014083527573,5.011581132997587,2.667961727587259,2.106076250174826,1.469367937874427,1.8657278798444605,0.6687450474792827,0.9902406340187655,5.706390861126288,2.053827679899684,2.052808607495363,4.55222037257954,2.282127889921754,1.6949369791215088,0.5682443015014266,0.9141556616260036,0.5566037856563222,3.6881318570549873,0.7407190834376585,4.1974714560490165,9.994450339179952,2.414149415195598,7.396167843479018,1.0046769777006574,0.5751115222643104,6.435039500365563,1.7436838010121554,2.400395091479193,1.7638388267863714,2.6583438562461303,0.6994290452814624,2.551540749134877,1.451675262437354,5.284689427504824,5.366304025075807,8.19767315882326,16.989382751911556,1.9722114755042301,4.360561128725548,1.0339046792131714,0.8517919198924577,2.19337986903846,2.596200456915247,2.3788622058824687,1.3120752679809597,4.787335340112485,0.5984610582402276,6.735327867719623,0.7631099845002434,1.239477826650912,0.47980448864364966,2.230301751112541,1.5071319941999821,2.0154957455654277,1.5023415770068278,3.4526834942654427,5.131686748009784,2.892481544555509,2.7714985705512043,3.3532990379444,6.386698072138656,1.5711572924310038,0.9653085156463832,0.6721327592072255,8.726013334049956,2.5170243467952833,3.0494516504462514,9.20725795044058,3.560101328298823,8.703687474482116,3.2499967031297863,0.2070592348740723,0.2150384924682539,0.4760096230240075,2.1235262388716967,10.434387179693536,1.4319034712835652,2.421482959515247,2.7762828351996274,3.683907123783687,0.4360925800518512,3.761210120578695,3.0667489551223235,0.439536642743258,4.53041444132787,0.7045093566017387,5.127694255799384,3.101720532821811,2.3225931027826863,0.3969905586661485,1.6220930914741871,1.1116187727158717,3.7162078303743966,0.36532061635097446,4.064107725071609,2.655646340352418,5.590610414206543,7.813684726613518,0.7030068901073755,14.494455001395435,2.374976355394785,7.8194403120165425,0.7753940053565216,0.5831075188974275,1.1219707982679568,0.7723798582527945,5.4355699974681135,3.6482583887369984,1.0918760663659743,1.4911454097498473,0.8024116519200238,1.7928687766665152,2.4959008651047547,9.125344119486028,6.0929475780611835,0.7485657407154709,0.5496400500811374,3.3003398994845385,0.426283821868067,2.61794907121097,4.46671082046486,3.367738238764556,1.4299639427682933,0.5575434324035418,1.4587995571940273,4.405906996542617,0.9823317904162656,2.192637047252243,1.4142394733396024,3.652804971399675,0.7671340590277487,2.212563545533895,2.5669676023222547,4.3310617227633035,2.7138540369665822,0.2815571104835911,2.241071297114964,6.516337773106921,3.394582156492257,0.639577145811359,2.345166586606595,0.9233004586282679,0.7465644071617579,0.09745014566257244,3.1888232570324218,0.27878387081920486,3.48935415882105,13.350964993808233,1.2975950308711703,2.274225108989778,0.09689812548049698,1.0279909996179777,6.515900815983458,3.790611203835175,1.113355883271804,4.002834655329665,0.5423437134990232,0.47216474923566903,2.1439166620694405,2.389449051892804,0.9501817536198787,0.5898938590577552,3.38357519535857,0.3626224820422705,1.7009754817476017,0.4476247494794612,4.339863197824654,2.4499052292544734,1.73562672702751,4.952417894160403,1.8448573231018495,11.167458474778433,0.7352395750746645,3.1662081974494174,9.893575480299319,6.552091900729592,5.935956296554021,4.608832315734274,2.5766999519621017,2.9909747126949777,4.322365776474743,7.679571067821703,0.5620851661951001,3.702420080667535,5.5670308012365854,1.2154776372480756,2.141621222022148,2.574236266833161,1.8658167942973005,1.1396296786008338,1.98043819781342,3.590244776553078,3.6330218252602813,4.752722449256409,1.7737372542932137,0.3433153149181824,0.7436419793456135,0.054966713317289584,4.713838893479082,0.7603368115670999,3.2335832663129387,9.637506118268929,9.55330206753638,2.9318218543507504,3.3192530600220067,0.9256774968751547,0.3814513727890699,2.5154402072937856,3.1241521817869056,2.477591799520163,3.9455223998598137,3.0544373549279196,0.7366982455926905,0.7119326090464775,0.49711255685515315,0.47947264448382687,3.198726741226083,4.955157794653439,3.646720559698287,3.738005945542804,0.36427422938581233,4.873008763366465,5.914589349939242,1.9090252284670048,5.168364581659736,0.5289531614612333,4.6471521677159915,1.1663724091900316,2.4595177523198957,3.1283356631160792,1.0446029715910696,5.134918948448469,1.0437243028649805,3.5682518596788784,4.729269738131906,1.1392010858545012,1.3488777793116222,4.056325103225484,2.3510442547114274,1.4534967605010456,0.5431842808268768,3.4667918493962864,0.8151944867404928,1.420517802858434,0.5955588597082717,7.281710874150649,8.689631011024,5.936485934206813,7.789636384160424,1.3742523571254768,0.7562823997037089,6.920234233438067,0.51238812436161,3.2495248733652584,1.1202048779105034,2.418476532911201,2.7785997399260354,1.845028973999366,1.628001462147003,2.6377016926887653,0.5140305788470677,5.446370589931865,23.50671651455444,2.007518969023508,3.197933705696915,2.827984238337944,2.18507909795749,0.42113523948304177,0.7407098352276382,0.6385930775603296,2.1086205692307356,2.2774503536926485,5.4426841784554165,5.572447867375692,2.190376468917413,4.764060287515409,1.133934489013523,4.2517191186651395,1.1542896623189947,0.25063860003294913,1.7952123268911448,4.828265996737092,3.5836331152082703,2.6846584242198372,0.40944064404944686,2.0411328292770845,3.737539617194998,2.4921477999097266,4.2644098729352695,1.2891577413999737,0.49544709863058634,2.4021082164850966,3.647118169237059,2.2956796896996616,10.844679538324838,0.6348381692742295,2.49812755888555,0.3173238954978114,1.242764518034325,0.24884972348581058,4.233801027817589,5.799244261494602,6.215962105885207,0.4943732204173502,1.6967401866216474,1.7855643470225184,1.0871778877585954,0.1714887590008464,4.642762324192834,1.1242919761883579,1.1671283759800417,8.69022309353828,0.24924175457676367,4.4496533836457495,0.6768284499708704,1.3008380449628514,1.287935537378556,0.38124754875334405,1.7152841211090488,2.047228124569334,1.6031250455968138,5.484000443088872,0.16583021634142692,3.446210524304125,1.5711586932960468,1.386267407226014,0.5210824234380096,3.665702495826319,1.7132448541784564,5.405624191201343,0.8778353747688832,1.5402994705270314,7.186848567475465,1.5402715536210996,1.351906581395012,0.7856202353204297,7.885460874499059,4.44789294899139,5.169946464878108,0.9402520930255072,0.7571800458919291,6.561608447695729,1.7092737119313854,6.761438179187268,3.4407457729276323,0.4123490532131176,6.238044817210984,2.4882392434014697,4.000466706356809,0.7517277497627719,4.474961949981806,3.7756987560935094,0.5620211504147128,2.6026981948841996,0.749115981999662,3.916724377527057,1.0130609361290168,2.921635382256052,1.5158099417966442,2.0970054462443146,4.357174456718115,1.5248240164018432,3.2765493753978627,2.9665492377958693,2.5893739729282386,4.83806450655783,2.1806435157150825,3.387987817046435,2.1376890633295282,6.375235899340632,1.667227464203184,2.9223545056933524,2.395805193877653,1.0953975882906617,2.312765805768346,1.565103313802176,3.728368745334497,2.4131272015430283,0.6526313947149687,3.1957861100463307,7.741345183432605,0.5561378789821463,3.92461220285316,1.5819302597464484,5.7367920122945115,0.3451400292502824,6.5411694586099625,4.620177811757622,2.8205120334475375,0.4775853781580308,5.523819418318452,1.6116196725675391,4.329471051670151,1.9190048932274193,2.6996238871781397,1.5442179678172239,4.024580892860813,2.4916396346170324,1.4400825193626439,0.4110653337617552,1.3438857092483412,0.6826131922740993,10.752785689907501,1.4540959377417957,4.626854307016043,1.9532528537999208,4.888383176010296,5.364345274584613,6.890746393054396,1.8142809971326415,2.5835273328403705,1.277753327633663,11.198665740566504,0.4401966322476796,1.4374025845899525,2.471237306230204,5.263196864013119,1.96361970173513,3.6188995149835734,1.6871861830433494,2.929510873454919,0.4120959206321549,0.7289533032283142,5.886994603179724,9.62351932521995,1.1098809949649298,4.457888814243624,0.42648322486262635,2.1731890099502267,0.7309018902618846,0.6544543425174714,2.7941801253758625,0.6809840565475318,3.016708139775735,3.4444891549657317,1.0730760292431578,1.236778415362111,4.346970264197948,4.466693666720765,5.838210322991177,2.7340895895831996,0.9463342321357204,0.32266436402352583,0.926784410527242,2.089776264688692,5.889885456907418,2.3613971233778006,2.0041211943554966,1.5221520339879264,5.216863304106983,1.4780694756978752,3.8517664062449946,6.035415535563526,7.302043255576594,5.541414440164045,8.100840088382649,1.4293149287709714,0.8893106105197645,2.9012502661057082,4.2338880719025935,0.9144653697932202,1.5607456710464953,0.5522332114204382,0.6879127429636221,0.16323659544568497,1.3696059762288826,1.1599251852387764,1.1668151177558128,2.554329901854776,1.8890079762949363,2.0073274719200214,6.688343801905707,2.671879489857687,1.8006715448164425,0.8930941267999317,1.2563470301658264,1.4378921107145826,0.40053925766965737,1.7884956832756693,2.604545334540335,3.7628699323092953,4.243274428456762,5.921534102899955,1.1443253790406316,2.9411467747771374,0.9894692831724035,2.0819779718017424,10.445151735815571,1.0639842161477366,2.0993719756420446,4.134161420864224,4.072214879168001,2.4221828583559613,3.19947177558506,5.795861534009974,1.8552159085590005,4.085097144390322,0.9500775696907293,0.37117103726114287,1.2596555388178328,2.595049090783218,2.295304842061838,3.0417711458827603,0.43336828327346466,1.4693496537040056,2.683619232076732,0.6438570885151841,0.40801457747796266,3.301569361278102,1.1237476694297617,2.4479696696061577,3.946737722423271,2.0312781981863153,2.244490465410982,3.0430654362907283,0.2348254246611446,5.132802715443722,5.014551615598989,0.6640864142952067,1.6220071667136708,3.1618321448502953,2.4678902989781246,1.5984718482645592,2.2430621510905846,1.4530653384959342,0.38707492276674155,2.9203241721926827,10.1024383659703,2.7807498241829576,3.64662541968754,8.901534960779092,2.9113974241599934,4.446214504655963,1.1535040407316552,0.6281775312412764,1.94156197509155,2.3394360913118337,4.109441637186066,0.92251588768266,2.633414446260864,1.6713734172724743,1.8992630471574639,1.671958851305552,1.899325085695795,0.9463188869232477,1.0200045835607034,1.2364489757863049,1.112182407816123,8.745682128387438,0.5736774549687893,1.4941908587016481,2.4300074876276874,2.9858619713973984,0.9668862755480041,4.231092427060298,1.6281808420319237,0.7765118059108205,1.1981573153753367,1.6597131920129942,0.39419434803200315,3.2392389867434277,0.26162779957463,1.8998533449866082,5.569448876895192,0.7802555167869842,1.2161596518222173,4.615758132326257,2.541871167070241,2.8392123549659227,3.564255779400895,3.0321571234922793,0.5840918635308658,3.602449643635189,2.4002574521323927,9.5430593207798,3.3885914154481984,2.557301803137859,0.5944947273494506,2.7383279697701823,0.6158973714278475,3.1320480935041553,1.6178406011863289,0.2667743630106634,1.7284228583835985,1.504985531870393,1.667527926621756,3.0518777680682674,10.112680271652055,2.147280949232994,6.658332571273465,1.2265780870872869,2.5120366260689093,3.323742682533271,0.8504679137900322,1.7086457266299895,1.7471279738040588,2.051832852728096,2.0859833821073606,3.301355014158251,0.6428162795933576,4.5128867346831445,4.191993942988646,5.993536787980871,4.513830063336547,5.285813683396075,5.480249180214549,4.579943065921054,5.353345418268481,4.298586559388343,2.203888540205743,2.2634475281094217,1.3909749065769508,6.819128916555531,11.987332342503189,2.1350872625363992,1.1756108692962715,0.8059724986584492,2.0808582049956676,4.171518081242908,0.956199474851319,1.4616605869187045,2.9148355326716215,0.5392677554656607,2.675830756493304,1.313434302691241,2.3309504137971317,3.188121596385832,0.5219678013800697,0.9304915150437816,3.091928754125049,5.072320563478948,0.8812036664926001,1.4495930788890206,4.114566931406862,5.388388329243017,2.774935553076829,0.8875299700048622,1.319257866820824,1.6465553988842099,4.585324454994588,6.147074229279615,1.5700469001557964,1.145061874912585,1.3887716730621358,0.9857900139618294,0.6517314402065046,0.48832846764694043,1.4553964309386647,0.7190682677682086,2.529322417670649,0.9851529989150236,0.8624088068864606,2.2688643368233348,4.525253473145751,6.188858927915014,0.3696409144669893,0.8382298023754555,10.165754329612728,4.9711518637521,9.53173882567731,6.409880296908086,3.775170707983301,2.8765378344438934,2.3470516262243657,6.618715046534774,1.4230834623655748,1.5125433692163202,1.1946917158080335,3.1340675930483908,7.879892104173321,3.1851010997640414,0.9205682451759403,0.42916998644808757,0.6388011003698282,2.3839650340184235,4.2137087571682486,10.658071718981326,0.9423144976029048,1.8592224287396377,2.6623056947990986,2.238336905662601,1.3099870499266677,2.7927491552072317,0.881754403965788,1.0620837499574094,3.681564832269706,2.3401651024210377,3.7765323875844428,4.768893538949428,3.472712362374258,3.5951016741439945,1.9602309203203974,7.327048201856048,0.3726931381588589,3.8388046706061116,5.250456620529007,1.7462039567401577,9.909732513473553,2.5770218574360695,0.6485028793960324,3.849489604328627,4.12165916707292,0.8558701858968892,7.9342286886626106,3.1493577831923547,1.145012799626297,1.2453809622061964,2.8543963994647186,1.076673105659769,1.1873162341968488,1.48919554197156,3.4790097095383516,2.94280407518716,4.372733270466679,0.14668002473116493,8.565262674166137,0.584883638997767,1.5239863529326532,1.591198587775677,9.967645362844474,3.1729091605350352,1.4123508454259601,2.2824927846720398,3.6193648889681747,1.6756604041149716,1.3426351490595412,0.11474049006135674,3.5867666447164943,0.41986843185071226,1.2008921719112264,0.7572387964318028,3.9837650306384074,1.8181487753816254,0.5919075501040676,0.8836643301302615,4.46381038903693,0.883535700027779,2.0119357387182144,3.253351040033999,2.004321480410847,3.111124152760198,5.169931348279061,4.142762928089113,2.5331365291661814,6.7235990532253265,1.357537653920216,2.4381824498409848,0.9565900399481717,4.606816053966179,1.0226912502863963,2.5081042905264983,4.641811648653482,1.5454842427675533,2.9031826193939327,2.1348097299516247,1.1839047288988687,1.7926428672683548,1.0474634598366852,2.0855293875870538,1.8740976964306377,0.9196594521739889,0.5996893158226952,6.600756454823292,7.516311428825898,4.714790377966588,1.3106182315975974,1.212658502834786,0.9449405210038708,2.5876361511535997,2.123269622394816,4.750819175108229,9.73216080550339,5.17544072330028,0.9716789791966063,2.701193879515669,0.6748435903004868,0.6917334861823276,0.44532078616515625,0.6801927089847473,0.5748078330124926,0.30559071258413417,2.9445815018467596,4.0340572337789204,1.4646815759943044,1.9668614127457253,0.87468631238517,4.030598295446156,4.368267724640102,1.8070312461280076,2.79723352424901,1.6673061837515182,4.61667482318521,0.8673734342152101,3.6997030540778466,1.0359831985001038,1.3047145416021941,9.276649984344777,5.003978675404762,3.98755275442751,3.9065061085486366,1.7894841923518636,6.718458142201039,1.5562598125439497,0.7202645971789762,0.4459959283722219,4.259898846950021,4.989219683403382,2.518032204271826,0.658447976767802,6.655787837573508,2.275320855872993,1.433584895435482,0.6534258798249046,0.40324577622602137,0.6832824794290151,6.813617911518961,1.9624723543439955,0.6866871046544102,0.6043322408353936,2.9816025977428167,1.6910067942671516,14.406900858545292,5.348593687722124,3.1945683906363658,4.832573412610578,6.941113230168794,2.3703241279822667,0.7552117812081385,0.11041176555697951,0.7793011862688644,2.703659784140197,1.4674142542030726,0.09381507953873525,1.1739676030088653,1.9547464457155983,3.8026058108992995,2.013724566029541,0.8436911029617193,0.7434519701087843,1.1868146798255272,0.8367555432415917,1.2157604659777628,0.8480588465978155,0.7703745903010684,2.628490304055425,2.0011852139219193,5.490096419646426,5.572339826371829,7.5828891339647955,1.4493173409571756,3.0281605321937772,0.6019884151311017,3.781373275036706,6.148319055899709,3.327093580393754,4.928743547277142,1.2467846826072293,7.837770010926314,2.042215743942743,5.861960554147448,3.400829410108296,1.5744495677726986,2.148945163195221,0.16104965380469927,4.276613731195076,2.0890901816125673,1.3446226068056488,3.824306530187519,2.175931610647802,6.1537743003846375,1.2703937898632567,0.3641139575422675,3.0536223463569607,3.4992182711465016,4.546590516544083,1.5411605475033778,11.024027106304569,7.167900512727244,3.6572338709615404,3.6137908564424994,0.6423633591921444,1.3133870630357918,1.8477975807006823,5.093711576107962,2.9191877086308935,0.44818929766399335,4.79828433836958,0.8725489104944166,3.731424259851203,4.756910001396803,13.82611793636352,0.15498496437837384,1.7037326722560666,1.9068116071562045,3.7307052755831966,1.4848913041746963,1.1973876251907258,10.373494451029572,1.7237812066450409,2.0893699456624346,1.5871359392259379,0.91573648297757,2.124535776420772,1.9970788832447326,2.958632917951422,0.26747284079533906,1.093864301234517,2.6967906534570054,3.4541215260802236,0.42784782096391666,3.158101977504306,1.655353971897718,1.633448681247832,0.5833701566839617,1.7702396333688606,4.07528403907812,0.1967302656858937,2.199983251995834,3.5583590655046144,1.1721211055676157,1.0270218220992666,0.7235876423859803,0.5101015009830532,3.0021224803138464,1.9351756896115873,1.0946256322137837,1.3087647395890816,1.1861871899234615,2.002407943525036,1.1183275153549332,3.774820545950503,2.311854333964024,3.7165872367789703,1.6363217837056059,0.9223448033227292,0.677701350505478,5.522405513907493,1.1944127173574464,1.056791123947989,1.8822593324870747,5.356864898910747,1.634905897015445,3.1230235437885128,1.2795385614206105,2.287595322805571,1.7587695253992257,2.4485559083588884,8.286909935355311,4.255209701812896,8.527987765630124,3.4421441634005245,0.9175257412821967,0.5661129070811446,10.558611141592689,5.581286334898606,4.786463626248395,1.1995915129512231,0.8481852886048319,4.278646645312136,3.8850585637965183,15.505688432810235,1.2381022479507735,0.26835164673944856,1.8037615975217847,1.8948587893579616,3.1974474646339726,1.1434458150638378,2.3593932644258677,2.905500699341327,1.7426133496022158,4.272376579378165,2.9149459031410685,1.5178681533078975,0.9843414787386333,5.098248848880076,2.2650534391508934,1.8376008846717742,5.158645364257705,7.270584425278924,1.4039902658562808,1.259748827699255,9.4983594893355,2.1837764503996455,1.0949161525342508,0.7440756165695769,1.8772358421187798,4.7140253697835135,1.4867868726920226,0.496393677117526,0.4480842862410367,0.8351109596857329,1.0485940249705121,0.32023734904076073,1.417020930263578,1.352531925457428,1.0489040020999767,0.4099192714586515,12.42739925730848,5.890817879758803,1.2367403780764845,2.430737980950611,0.7770704130361143,1.3308515710306168,7.046105980718054,5.5023702437956965,1.3587576306796127,1.9575689064114798,9.538152023093577,6.362708791516558,1.3123676107488693,8.21235562337705,0.21061002044168492,2.709959621083187,0.6779383927891501,1.2485144146344138,2.730954835461531,4.017198533123813,2.437977905946184,2.2365736331064086,8.879138244921409,0.32598355286370656,1.000879514061327,0.7654177094649006,0.6931838251897534,1.2228373552561127,1.7953134541298088,1.255992578213285,2.2987167887550672,4.529189868011975,4.275918665322989,2.2197274116357875,5.911623386948988,0.8743272184280659,7.580675884022397,2.7371025249630976,8.949094253702553,2.9235101021250305,8.226524748562344,8.493138233538787,3.908336138535383,0.9315629417138931,2.8539143786038004,4.514320816933955,2.1535864424784714,2.490588396943291,0.15643518441010051,3.0196556003640915,9.712647109769687,7.359087350758529,2.149280729406824,1.4582170704852078,0.642983471366884,0.18870743214724855,4.034193949125912,1.4016082449822358,1.8779432009717258,1.3501664349034017,1.9937834675925008,0.859685908278692,3.542977321178607,3.610422701065589,1.7129792565777764,4.333614837992332,0.1923598088546683,12.176033432717752,1.0958707103260776,3.134429016837441,1.527831889289985,6.05989204747616,0.03602697734030119,1.7033401601728633,2.511383746192408,3.344770752423157,1.3113912148442741,1.3411728586622955,1.2051858040898182,3.5472803071047547,0.13606825100552775,1.307241430004065,3.4595019794311357,1.0494050846561986,1.749262281979013,3.5334884513673743,9.946046186237087,2.4853694566491766,0.6693454314042908,5.290756440802729,3.625425403718834,3.3527541627149433,1.3369131431362546,4.001400828186299,0.7643354096313753,3.1482774902229016,9.02024023761937,7.484446617618985,0.8407644458466759,1.5715742535690929,4.452416563466654,2.2958235715063164,3.4956574092226647,3.3066879807218377,2.010133376348221,11.584501378651613,1.2408100332925,1.2818234259792218,4.196468248797406,6.977330836424264,2.3873572855302627,1.7722670021884088,4.253502440092959,1.4100046429095767,0.6516122310625863,1.6115753014817156,0.3191134483675862,1.8905554813064402,4.775358001592048,3.027376635328056,0.5527820233517338,0.3461751294878026,1.3508739841867474,3.140325332403695,2.191849574493051,2.438360203585966,0.6875022643524212,1.2614901540177872,8.761050072843158,5.626031272144518,2.881223508939226,5.30647610682869,1.4400402609506169,2.341008118646092,1.0717469925226775,1.3404562230966812,0.7186341950203624,4.037293966980048,2.0825763659207253,2.5541721066998044,1.540853553801718,1.0145409276443011,2.6963455197108526,3.0649420880825384,2.6868718990323592,1.5019213472397877,2.370254770270173,1.8695373259010195,1.5621500782797428,3.4658646357190883,2.650464569127764,3.5993347129746733,1.5812177923896484,4.7781049071985535,1.428264214872347,1.4459750803036475,1.0325227853937091,4.1638960645364484,3.6740345883635324,0.5584116278947784,2.099628223097164,6.139676096330227,1.35942732566704,3.389481666545124,0.615526852579237,5.384632218222408,7.454378832447994,0.30388914669080025,4.098057403293989,1.0169811219930225,0.9067451942294055,0.8909094593693503,1.1033888755806158,3.7933984263254157,1.5599640913502246,1.4627650168990902,3.636117928448161,0.9896392682745447,1.776749563870409,1.8890454469794988,1.431474891433487,0.43420947283600836,3.0039789175178413,3.3098284755904346,3.9601578317527126,1.9258829309555647,2.2692960712248587,2.1615614773540557,2.2782777683835462,0.7402115449953915,0.9498531531158313,2.6089080220986918,0.8201490156462271,1.448647186653667,0.5639156137956616,0.2515158591625519,1.1167040424854597,2.786426972462363,1.8875931774028225,0.23809210351964213,4.52149454906722,1.1345120699837876,0.9985912252356339,0.2620103662551471,2.592244829428945,7.49176385394955,5.632275884332472,2.205530774979492,1.2720189789447174,1.875128025431567,2.4769464854432313,4.191679592247871,5.714432035764385,0.509861599516821,4.042096461618485,2.186672824645691,2.4735840141628698,0.7707778466198023,2.317149199988372,1.2512263547735119,1.849048246481987,0.04371233922900283,1.6049600411845402,11.68119134838012,2.793317706062076,1.2146795752559467,4.205066280671705,2.017109513662733,2.9674534430632034,1.3456290852231714,2.211381233472027,7.460134071854315,4.259243699615515,2.313186404307154,1.9990136148928255,1.8016840088968404,1.6373493556347916,2.923905091118939,0.6971042404246135,0.49140980006323276,2.874341685552484,2.2982999673399287,1.4549463503207667,2.5823068117661916,1.8089775452263337,0.3232545077629164,4.752527840737961,5.050959421184353,3.0501964607986873,3.774800123817103,6.488990415867485,3.3339833256491413,1.092207746850356,1.4567187673015343,3.9988988420763225,1.2599774948709292,3.395763954508616,6.6785957293531295,0.39610224463940324,5.808137637721968,4.351113523977581,3.063589335274302,9.23417067199258,1.9748046706492475,0.3745533650027809,2.5798093151296735,2.4674440266325948,4.825875023385235,1.1768342861115606,1.2083365950862164,0.6987280288328062,0.7620504694122098,3.1290713926874494,9.92125537163948,3.363108527961514,0.3872944254398598,3.130960881245096,5.703640667664361,5.231882623040417,4.541777787093226,4.239477629738412,5.594591428923492,0.5216458456296338,1.2331843936058235,6.342704656541675,5.858420363498511,9.178340383804793,3.2171194464138733,2.4976791534437823,3.1104366034839774,2.69517696471759,1.6368537535133207,2.662004189617157,0.6788065315151832,1.5013657189456318,1.540656654599429,3.0574883501493852,7.966424469953978,1.8778086951702682,2.543053584128533,1.2291434890124542,4.088253684574222,0.18369775518896247,0.9451922133702958,1.1265552256243236,6.001155604296096,1.9115464970232439,6.212027444319558,0.9658793203321867,2.5404352576166627,1.457327660295702,2.398633847675826,1.9687753179175662,2.9650601501482927,1.4718773040075437,0.3192348716867389,4.085055682067359,1.7828399796087644,1.0470134702101306,3.96286226464761,1.0241594611063203,1.4984607488791406,10.032070262148132,0.6788824678969545,0.5360105410228354,0.888243869893197,1.8178053925008153,1.0440179812325958,1.4855642026773865,4.526776187096905,6.846746910752643,0.6160866092997013,0.6952213475127336,14.72059262562056,2.75621192636447,3.633086674997343,4.961630705914739,2.467437450495578,3.8488381951466644,3.4869043486907727,2.805943976274854,0.6617600494271655,1.4015972913725239,3.98075617549457,6.5450914345043,1.524440427905587,0.7758484947788313,1.0020996266319107,2.6156901416183773,1.0945178268553715,0.11054687863534435,3.7371869793969497,2.103033846438524,1.1842300604885625,6.1215680241279555,4.1031569073377465,1.429855059730556,3.9787628138071818,3.4327270045872127,3.0082541164496734,2.0883703396037214,0.4802595781923111,1.9174108096614233,2.8825405384252747,0.17544113761447003,3.8088697281045496,0.6431580430975931,5.30604519995857,1.3714858236069203,0.8718135038859388,2.771388647907109,2.074555991034019,0.8489869221253856,3.324992988961951,1.514732249697893,0.6759960087087741,3.104184327501494,1.0101335745817148,0.8176694955681887,2.7588955781933846,1.6579035354289249,2.288686414373157,5.796503220742214,2.5298139373365496,0.3848497986129473,0.8210276537870861,2.010600569276238,15.984691004015346,10.110468653899412,1.6426211585300696,1.8154109756620749,1.5033414508662308,3.0354000683379105,0.6719740671851869,0.5611522310488815,0.7004037000640988,6.39432625814538,2.5884046422202083,2.1777878304749665,1.1227562531993764,0.7727608592574855,1.5493264489118297,1.7009665805099505,5.260834900828031,0.9423841125525054,1.8863057039918465,1.7328343630461047,2.711572085206362,2.8556473734048473,3.6077648476093014,3.2192127393557093,7.099710859008548,5.533985120269016,0.4006414474278788,0.7796353666897825,2.005733366937431,2.4666125152026863,1.170051450708594,3.887718586417606,1.488112097651396,1.5765833122548123,0.5593792471968869,1.4249876257816563,1.0608059436595592,12.748223272842969,2.330880308116137,5.576155062792559,2.053753079972975,1.558210344121501,6.274544562503411,2.17431397559174,5.932766725189179,1.3736602734752261,2.068374022408817,0.36254602599324276,1.7241510446995971,6.543493199385803,9.269409911826003,3.9130629289997554,3.6907635223387234,1.71008408111176,1.3922079131042153,1.5498342267417273,1.1164618386564418,1.498925089938116,0.6102220845108854,0.7709436781487851,0.21287458212251126,0.9853443554757788,3.383221751783063,2.6594642594123266,5.083558219115855,2.209426724276887,3.265263742285936,0.9196433079407261,3.106436315379204,2.9222070343234403,1.6217469425780506,4.783972432948539,4.846772794527854,3.646484330534676,1.3380854874681956,6.432312525376211,3.171761835076647,7.076228315204145,0.32785490763288194,2.7200598762727,4.018369229627421,3.1891379787146334,11.485102712286356,3.1338742821406322,5.770993373689553,1.9636060468857326,5.470281955833308,2.0015492327229936,2.2464551837292532,2.5968150823478253,4.832076373201007,4.9930025069146,1.0549726812275457,0.8049322723502843,3.7337056964766884,1.661999757282911,4.693591606091835,8.447606576395923,0.4880012350823637,7.811126369499195,2.0815279847935875,2.5133789046659727,1.8411894069728394,1.7799919269366904,2.6553784707015033,5.407226056760888,2.5780993509782273,1.4836122026701095,6.542897522762255,3.6018439563551645,1.9865430841150058,1.2190755587882587,2.180986979741955,6.490290257234999,1.0600724464375,0.28055900756549046,5.444149361253768,0.577544312214305,3.0157677384633392,2.3046289030506384,1.4146436089424708,1.6408273151742745,1.1776135299684718,2.616913514855755,0.35593172516371285,1.1384623853223386,7.415214787490393,4.518933226429159,0.8128737536513653,2.8383433713442496,1.3618241668044808,1.7186446846578713,1.1390345626489469,2.2474176211065067,5.898987791741585,9.166985512686143,0.56782298709154,3.4078090481510515,5.403530032983113,1.0069474681108608,5.612946655566552,3.680109848936135,2.0068881716535434,2.4435432602702427,3.1120168879047734,3.709411439059863,1.2698204382953717,3.4677520392077343,9.850560030072494,0.2153638190930262,0.7657494816471251,0.8370996258016747,0.8925229511149542,3.268463483136544,0.09390769267952309,0.7010570108613875,2.1945133647908186,1.085011616792404,4.4189661686296,1.2918936998166655,0.7086295586887914,0.2750378376816331,1.7834992005205137,2.6098570522596596,6.70613608203524,4.243051226087491,6.490195507627632,1.5959703437997355,2.4072006448179373,0.5159204313875076,4.952503243964215,0.5150384519237101,4.460312727328882,5.574939539490183,1.5769426767821306,2.4577287177818508,2.3185035396835794,1.6708343617289059,0.8931154312873142,3.8799814481860855,3.93984272404981,1.307440710901386,1.4995003550251573,1.7732126256036307,0.46107280651129556,4.527484900717976,0.9164911943487795,0.621426660281322,2.780397903713615,5.864474772014815,2.935131942442462,1.9417116100510992,1.171815270428774,1.605747052803889,7.643661877169947,2.4525802162879353,1.2926731043190713,1.1225314156484412,2.209393819489069,1.8730174920973726,1.0327906236907856,3.439217344758203,5.135472710077924,1.1031834995459424,5.814447870085507,2.6403799203752665,2.085829537077393,4.065503687178357,1.0450840862587918,3.4365838528909856,2.143027378527075,0.45817550391992334,2.724768633091144,0.8993880926680584,3.2919710351566827,11.220693851093493,9.746440760769497,6.011324092382255,1.773919768402811,4.123422867355669,4.215821176575431,7.060965145488399,3.1848835485735805,2.155982010693787,1.1357715237800763,2.3631501111577395,0.680367381102361,1.4893215522759446,4.563424925310516,6.257888719376846,7.021865849278316,1.3559835220630998,6.58994203416096,0.9853774628482664,4.774120312486151,4.266310248608766,1.1915260214664485,1.7003240948202902,1.4565425484150594
"((3, 1), (3, 0))",0.30014857887611956,1.3600639412857278,0.16592608741402426,0.05664978585035241,0.18404724556633767,0.08390544831744151,0.0,0.11191751095698788,0.5893220887032089,0.5380519237923285,0.16721352315086202,0.0806691438168382,0.3188130838605199,0.0428635802300974,0.0383380125415993,0.06549228524460693,0.1519799102908479,0.006112072472328478,6.703676696887799,0.0,0.30727597254370087,0.5510913136920605,0.08512010249346891,0.014268036852148391,7.864358810130329,0.0,0.062326950237576284,0.06093565981990312,0.030116892401565565,0.24270914192357607,0.001912420283524452,0.0,0.10819082719215922,0.010388956815693962,0.24580809705145423,0.10887574572629033,0.0,0.12263976932544063,0.010921444927096235,0.0,0.07848858894768718,0.09854183366457159,0.23141963875547145,1.4162987523928017,0.0279688972095522,0.07056672657095708,0.08770541812246702,0.0,0.03810718183891626,0.053288871636085755,0.49632338438388235,0.00862532051203524,0.030898444223651622,0.0016849279773851755,0.05486500734945288,0.10609923495285889,0.06276444869410447,0.07070058406978275,0.07874030401122001,0.1944026530465932,1.449614873959572,0.0,0.285623133504894,0.0,0.0015458614034414841,0.18651454774580145,0.2856312577096185,0.06496440262339576,0.8670237380925183,0.0,0.07726134649464145,0.011126456202440238,0.07698758906649728,0.0017725874193899038,0.09986387955776088,0.06104158340713761,0.13897415423649573,0.0,0.04164273866106094,0.0,0.10170330169780195,0.0031761572237591906,0.038427773576407365,2.3478538756290463,0.00350096388012755,0.04325879725223114,0.6124782468449435,0.01008044426041299,0.10717240029159214,0.0,0.0,0.4656712039998103,0.22274711952536674,0.19092855530110509,5.253119404004078,0.024724382127724764,0.16548952770117786,0.03791486174548808,1.5651752954032399,0.02156432495046401,0.05696459099853235,0.41943766003427674,0.0,0.12252355380465085,0.5096209394698952,0.027028200643694156,0.5061401057605335,1.1368167003083158,0.2183877683199935,0.03598130704995817,0.03310705629585353,0.29350260441344656,0.12239386394401519,0.03054605318791581,0.3823063844184751,0.034139638620152235,0.1037883989543138,0.3861071048208049,0.06420608922704196,0.005770604380777478,0.018072171963027017,0.016995522890762782,0.22102609495900438,0.09275690567748174,0.0,0.09582963740765216,0.0,0.0,0.08633553639972358,0.0,2.986229235057679,0.0028815840526537073,0.22159787696174504,0.021701575945613172,0.33048136943209516,0.0,0.09875470660435504,0.009934443271862436,0.0,0.0025090125504934058,0.007779609887821337,0.6500336982429662,0.17217916279450218,0.0,0.32370974125751895,0.03412299033018562,0.033554234793034876,0.0,0.0,0.5446930931081715,0.15628786506944037,0.18945697283826424,0.0,0.0,0.14670682554628733,0.053251895901388346,0.05122451151720675,1.0749326589654498,1.9336718002207793,0.05734022951544837,0.2150367295147586,0.017161329248465584,0.017011463558809004,0.0,0.08517186740344562,0.14024605431543335,0.030733373607003678,0.1397099910132048,0.14187020603295597,0.022550978164427193,0.049632883010259476,0.07679478208556034,0.4719011949031442,0.05374377303402689,0.014850208596256964,0.030977437639059247,0.37263814600285516,0.06998251659737198,0.08799698680215173,0.14770939753728873,1.9773812217527955,0.07914739952231109,0.11452082469929459,0.0,0.3106293411550749,0.066129102644787,0.0,0.18297994303569864,0.1680087162559803,0.21831206575590567,0.0,1.487374197210451,0.0,0.02077026744469279,0.2598078077783587,0.35478494521689274,0.3687794432147111,0.1443650598233186,0.06956118242026244,0.0113993249476958,0.13583036858325392,0.1066771188672444,0.013303526127566911,0.37021701782088545,0.14699799853928885,0.10012370594699282,0.0,1.3243615397560924,0.20367076459748557,0.00435749780419159,0.09195711967115239,0.5154122010084206,0.21662333221752783,0.02120189513036319,0.169217798034225,0.5212444211082126,0.09802487827924544,0.0,0.0,0.05526045265258306,3.3664697170053675,0.231296227730297,0.11042089898015428,0.027945253927592173,0.8602819094464307,0.06761419717599648,0.2767626717142724,0.4067199484920647,0.05321296376352924,0.0,0.0,0.0,0.0013149502540557023,0.23851408565072885,0.10361089538367274,0.12501369742263657,0.00019174949625622162,0.0,0.008305275322137984,0.0,0.11220109113021415,0.06284220907386029,0.06906280568363465,0.1399468000755536,0.0,7.318858868640016,0.05697956678055416,0.15167549407794434,0.03210966623305822,0.6107771707564594,0.2749413884290348,0.3557528571487696,0.01939681228455914,0.05905571634090512,0.12178726908771598,0.26397803086354044,2.5234921873117973,0.26657831310597535,0.2753522449691346,0.004764732725097032,0.378781378820614,0.24039338837223534,0.0030710132674856006,0.0,0.7824194583479607,0.03397300574341289,0.02100318774072285,0.07894306365334414,0.0,0.03067653848439189,0.10905910996622836,0.14715027455014584,0.2746166434238493,0.26847216383625905,0.06604756797651223,0.0,8.187943843884447,0.0032207581955370213,0.10575969313311306,1.7632586753199169,0.3223290451348644,0.0,0.005572701392729584,0.012467658452205654,0.0,0.0,0.25377067369013506,0.009292770174232468,0.646639687169221,0.31688855454637554,0.03387218409651416,0.4520334478882355,0.0,0.0,0.03415795914902531,0.0,0.0,0.36036430163478705,0.2697184345070749,2.985499097053093,0.11171728837150896,0.18049407619695468,0.24339292215840835,0.013314287981639694,0.03168739233016438,0.0,0.32012434703176296,0.5093161199330303,0.23432853113570218,0.0,0.0011835093778569394,0.8814929661199891,0.0,0.06006701517688695,8.038363419158795,0.44316280221186166,0.2091613567022974,0.09865610227648514,0.04487540067560225,0.0,0.0007184955838818174,0.04855662036337627,0.18830737767518002,0.020022449963245315,0.06577206029189298,0.005047090824201739,0.004347477409663014,0.006598918742021231,0.09996213610674509,0.10039429554797885,0.03393061088026439,0.33627388715995177,0.06095770439668513,0.12029631623328862,0.41438584312953664,0.0,0.07795926856972013,0.06597440859582804,0.2730849757652054,0.34656036749255525,0.0,0.24710625128468333,0.0,0.1687472622757914,0.02899632785906192,0.5762621666402027,0.03858603689580242,0.12765113037067533,0.1726258683164943,0.13520519814183407,0.43461400399405203,0.0,0.078867052275573,0.2852268906889215,0.402097842631262,0.18072346943810347,1.4632434203928435,0.035970130754414464,0.04905686951599364,0.0,0.17151143563923643,0.17106679539851394,0.0,0.0,0.0,0.16361800972185625,0.0014824599560441243,0.029092980428124804,0.6090747172379665,0.05443321568369641,0.02811602768129884,0.0,0.3593546212164096,0.028645906583061875,0.08219543123240886,0.22702695638449732,0.024295143901819305,0.04381658159868396,0.0005520379804551112,2.719184321155816,0.2098968940894168,0.035956088872397984,0.0650544709323766,0.006427282758368236,0.012119941732304795,0.0,0.06624783825032843,0.013370014502520622,0.4898208661497727,0.910720309578664,0.10197514303709454,0.0,0.03428159889654481,0.37051063062859013,0.2463714615324566,0.008572820090733124,0.066555300105553,0.2738208108696618,0.0,0.04480613796655497,0.0,0.28818957380221866,0.0,0.08527866164450515,3.8384747674103785,0.12959205426341303,0.21899907748206893,2.9642337972683483,1.2539052476185986,0.18240837509495034,0.0,0.09367107256981477,0.07496047338079537,0.19709777337690548,0.02099750881674678,0.6890186089921162,0.24825164249501697,0.004929987385662304,0.012932641024524294,0.23406888715780827,0.17376583359871622,0.0,0.05168444808659434,0.01729143189507365,0.027509037921135793,0.04051070288640668,0.07450342051141234,0.15944121352906082,0.0,0.13158379013133814,0.29903949171142385,0.0,0.062462562072228334,0.31827317565640056,3.1055863078262886,0.01867464607988012,0.11624932816728606,0.12726411508735502,0.37594407654074824,0.0,0.07493586496348792,0.028973050699008684,0.012451038739392573,0.032288850647863576,0.11244872965141006,1.338435856466894,0.06968642030396444,0.0,6.789186284039789,0.026094579063422163,0.3989684602578847,0.34205564039057856,0.09908513330907986,0.0,0.18148430582804664,0.7893105275230954,0.28162015817979125,0.11948777561347734,0.8631538219402878,0.27760410922098444,0.001660532301648976,2.377951177126674,0.08350870407476574,0.0,0.16219800265110818,0.0,0.7063589656116123,0.17666815564550387,0.22057182476909887,0.04622347617417821,0.016549866132942626,0.14730061046337717,0.16726511899249275,0.06843606944971592,0.00417642084832881,0.06106305843293036,0.0,0.9188680313866453,0.13987613430927182,0.1446153263662473,0.14884411327365998,0.0,0.24780910282502688,0.0,0.0412962478547092,0.005410896421045308,0.33274188818080996,0.1974758702818129,0.0,7.076790951870534,0.12386956536495752,0.08087736012557456,0.021076946161099563,0.0666934395619776,0.03536122403564712,2.2217539382496097,0.07657851364342427,0.0828770337130007,0.06653559658901953,0.13188568349175744,0.004040619049817451,0.15374691382952643,0.18214300149510487,1.1136232274086686,0.17557379423401342,0.07197353344753621,0.13421425063885062,0.01724722647252719,0.004537616668045086,0.20714384062055635,0.36887465120698915,0.017798537881449583,0.13043735416098734,0.005684599332096418,0.034673831298803526,0.0,3.683420625844036e-06,0.08913766104984178,0.0,0.4472574697419276,0.0,0.006111522446461404,0.060924474072264756,0.003979024867525327,0.28312333025294656,0.0,0.18090191818177614,0.07712919685662856,0.0,0.051030005222267416,0.0,0.11055834052029034,0.04422752075785108,0.052323622925648516,0.17453294844843104,0.1643763257716585,0.0,0.0,0.17482585345741963,0.23673076048091612,0.08923443623088412,0.0761884619671307,1.203275686385827,1.0879615619561434,0.0,1.1089848337652732,0.47556189866474474,0.07829964514364018,0.20416699720826093,0.4768352300236751,0.0,0.6705955244374404,0.1369027427745486,0.01746489408884422,15.300823303383563,0.17855250047125792,0.01079132943349892,0.39243009123061157,2.5495581604963666,0.031819963282728736,0.1462793319690796,0.13182636921680224,0.34963127480488243,0.0,0.0,0.06749541806829384,0.03224459363599341,0.08536374187241336,0.008675180047777786,0.0,0.0,0.3483441314284601,0.5604736960136303,0.39387978857116945,0.6035835104922178,0.0,0.11086135268647457,0.03302086742278176,1.2995180367950159,0.27546526153673767,0.05241145001298575,0.2651897907054406,0.0,0.10975082305339212,9.057085914720986e-05,0.09539747822632894,0.2677899451704526,0.16798278639194208,0.15996712737159458,0.036324273295113896,0.0,0.0,0.6870511841430433,0.2424837076859614,0.13925753027802568,0.23895049229798637,0.15580738520933135,0.034375855843108205,0.08613983501776001,0.00475175334315292,0.0870636284686035,0.0,0.38171640305846255,0.21597958846637955,0.559494633588173,0.11677660810061696,0.05940002763621299,0.4143819125261725,0.0,0.09327743477260686,0.03241893802352691,0.2006852741893147,0.18613412623696668,14.864969161908379,0.021786488711251106,3.865100281848843,0.11047895329129376,0.0,0.029026348728742768,0.0728319816637013,0.005315559826307492,0.3088995961431964,2.6034583198550116,0.13412398045267437,0.0,0.09179289118452783,0.0,0.5762589411573238,0.11561895477700701,0.0,0.01532774695244754,0.056157349034319015,0.004729170941692118,0.0,0.2261957507881842,0.14153933817637387,0.0,0.2683948694845162,1.0004036311001734,0.1609085799212977,0.0,0.06416891560729887,0.0,0.32861696955025455,0.04544330130783791,0.01190770751642356,0.10006997223364755,0.11055423836183076,0.026702277732965296,0.016242312961389116,0.15846132977971683,0.07317889037631353,0.3203452359497969,0.09109418893597798,0.34799300986502235,0.48976830725693077,0.22613650565011012,0.060217933524219,0.0,0.38694897047585,0.03813900611872345,1.7816191483081707,0.4910742704873774,0.045951815495845594,0.08953918561546814,0.10926261115178448,0.21630296698446383,0.08157016570709708,0.0,0.021889197930323512,0.09191193089738015,0.010982459603915196,0.06262363850225361,0.15092182349213612,0.021162411229664002,0.11385404808792443,0.12095853839826698,0.15923297153657945,0.20894328936421247,0.008031260197831624,0.000375843532239184,0.024872649391765478,0.10428870837668935,0.10373097017916688,5.246787881127669,0.0,0.0,2.451631568540515,1.5062806960884365,0.39515318623144147,0.6926281957320184,0.04449002563039617,0.017904772958146076,0.0,0.04688949593525171,0.2309543959690865,0.011605273738899413,0.3457850470542123,0.0,0.03413569008971695,0.10525146714813616,0.35112305322921933,0.0,0.2738534394200052,0.1734518962607925,1.057179633323399,0.03652219003654267,0.020438822472780505,0.0,0.11800823994869614,0.16216384563707947,1.2268778757840817,0.5954950007791322,0.2611530278041716,0.6202227132115725,0.3540475237773133,0.15363580853663295,0.05552325450741158,0.23748961284413994,0.02882519780822168,0.2104984091895412,0.0,0.0,0.3745032932856702,0.2126616824100569,0.18216094553349604,0.024597499975317128,0.0,0.2753136355081942,0.00969199372181162,0.0,0.05179536895359593,0.032001681571933505,0.008889142596882227,0.2050848159847669,0.3704672815642227,0.19347921871301166,0.16134537260562187,0.14401227039129472,0.1228452519579859,1.1370289160444103,0.0,0.1062103268594008,0.0544265270815949,0.10527189083418365,0.09179318776332934,0.07783522492015882,0.0,0.20459551361819805,0.09197451429908243,0.13973686961850618,0.08843348442653265,0.04697679138611299,0.3682252951230982,0.033454779742585705,0.15717010552529875,0.17185716613194124,0.030825346747914928,0.19193722578991013,0.1213270858021489,0.10551803087382439,0.040829045958707066,4.103738536189935,0.09834027384084898,0.0,0.11773770405152462,0.0,0.7808508850038732,0.6280380905849716,0.0,1.3491336472520117,0.0,0.0070963697016095395,10.462987544374867,0.16839280673030887,0.2567246942978809,0.3639962134888237,0.06673907640267984,0.0,0.04375628153867517,0.0,0.0,0.03770301979871604,0.4315386714379619,0.08226294104657805,0.031360150190597125,0.08347936726228156,0.06262753717279246,0.173451915745658,0.032842187380706545,0.0,0.01441011893829014,0.0,0.030616982200096565,0.09096425454897528,0.06426194581265277,0.09645455077761977,0.0,0.2312243539951524,0.0,0.25600740204676065,0.004005943276101931,0.24167554861310014,0.08759595089324534,0.2045007634062055,0.0031258084083480853,0.4235950213298425,0.021177310728929255,4.7489138721224835,0.694692519718286,0.2042502471742058,0.047930601511967375,0.0,0.7852450042797092,0.010552066586889453,0.21910825099728015,2.2954582190485135,0.08022074428481263,0.09885868077998161,0.10939864200524374,0.0,0.0,0.025809754195738055,1.5700497994073022,0.0,0.0,0.7954670247012343,0.2271963691552974,0.19739664101300836,0.018240669614248972,0.2566944863261962,0.0,1.6284606406236732,0.15885613511771934,0.9430106288093825,0.12578451446331318,0.02154054532146299,0.0,0.16672336933483933,0.0429942694683203,0.728685218581058,0.20150927294416077,0.5197299264012702,0.0,0.0,1.9855190923655412,0.2269368496627121,0.44068008216788446,0.11428693814049562,4.216328599620715,0.0798936642011876,0.0,0.23884111510651262,9.202496046438881,0.46927176839966256,0.1799153125814339,0.14842972128544307,0.4063584937364013,0.033020971395496534,0.17532678403652469,0.03837246317954879,0.32072346043795363,0.0,0.6357868177171708,0.0,0.17569831362612365,0.006532032957112577,2.153469421764533,0.04750605069568792,0.15093723047745788,0.0826810635319718,0.26533549863253114,0.30156440687512687,0.0010303032937990508,0.0,0.016898293492910277,0.10227879595605582,0.019851461246131796,0.09368425408289838,0.6262014055359337,0.06389944874433606,0.0,0.23775142335332067,0.15124639237406257,0.018289007994453765,0.0008753439803985685,0.36589431296400843,0.16914860841167,0.0955599395434179,0.09104616591479342,0.23139923787502958,4.440736342968307,0.06505190047951004,0.0,0.09570360715405979,0.07805657255320986,0.0,0.10531343763950618,0.09206310990630584,0.02665210031477483,0.0005449425413581732,0.33042533711807254,0.11368412392557614,1.1679668810443133,0.18439023561191403,0.023931356645109148,0.003252273833645125,0.2491217228390754,0.0,0.11190122679848846,0.4964818888580136,0.10469033727824772,0.0,0.0,0.12842857140280683,0.23380770961661712,0.15715907783567884,0.2752115185603099,0.18383831042786203,0.0,0.04752965785169572,0.0,0.10934573044650442,0.042710578432282764,0.0,0.05218816671772242,0.22462665377015822,0.027254173308430163,1.064976453743172,0.012300512794606977,0.062371285607198956,0.11173277420821282,0.030403478771669157,0.0,0.2604324813780173,0.335074336379646,0.37425427049507665,0.003612133655183314,0.183848136805981,0.04482481089975343,0.0,0.34088104303323497,0.08416001992896893,0.05262075091220719,0.06445895390947709,0.058279277607407476,0.40649603243066945,1.3128298427085436,0.06039576317395756,0.9383606658029109,0.05580790350608367,0.14284100998563787,4.150391702670677,0.13164586060981298,0.1231561374377882,0.14284429869105786,0.14488600433026466,8.688563729161796,0.11970024791946865,0.026949018547880677,0.0,0.12618951340694018,0.0012136115551499849,0.0,0.26252983642908667,0.14671841944452346,0.0,0.021351932461149303,7.522555799446419,0.0,0.052985393165214,0.1777027021732831,0.10321288681283747,0.015161675688394771,0.11189670140593161,0.3856159930577381,0.16481859577668279,0.08150897560791015,0.12731484071624055,0.0,0.07130061602890475,0.0026122657135010385,0.45798981526376914,0.08590124427631896,0.06923973076795953,0.13827154950446374,0.0,0.017995198455648787,0.0,0.5876660143222869,0.34125526363924097,0.13676301392223078,0.6345744057500253,0.18522774491147675,0.13803301466561724,0.0,2.0388911542893506,0.2747290010127572,0.15657195840200844,0.0913286554841779,0.0,0.13674116171426176,0.05896039916579543,1.7746922345204572,0.08062264772339423,0.0,0.020269111220539315,0.20707798827410873,0.11460430270463529,0.07426302931027862,0.005959274075092225,0.09495018346532991,0.24424463421517473,0.19767506980032845,2.5029345735894957,0.05831554931151306,0.0854418138451487,0.20766907268052703,0.006290181075610857,0.20243971857079313,1.4286951099517693,0.006281854515947205,0.7988512380950281,1.7945460477329955,0.4373056993310669,0.0,0.291160813182219,0.0009946896168564479,0.2125731429634916,0.17995895876510115,0.0,0.8955115956537716,0.0,0.008263834572875273,3.1019161075942954,0.7187145455000108,0.06174261999838215,0.2945771896890179,0.0007633137331666262,0.11303698517041028,0.2549156437652851,0.1572535663621646,0.041202889386387165,0.17511847693549942,0.0,0.0,0.10369158763726638,0.20942880937186237,0.0,0.190191402176783,0.040116129148948465,0.15490511481569724,0.08776225266869275,1.1395544769780142,0.0,0.09638859875069661,10.937734868107366,0.23341633820682728,0.009628116694221811,0.1270497258830352,0.14750367175722223,0.0854805577365374,0.0023237833448384038,0.03912518755570993,0.05456351952305205,0.24102902040806118,0.1253551342850966,0.0,4.184503035197611,0.04820616799436994,0.15648439534675074,0.1583933012818015,0.0,0.02826432892304398,0.036011068048291905,0.10187346702100508,0.20514820533429412,0.10190460924196354,0.5766674885086687,0.014220949325187693,0.0,0.12718565195032783,0.16598606070825372,0.06814015041815225,0.020854743699768363,0.2500872901611624,0.0,1.3094146173875107,0.06580086396802454,0.1129301823617217,0.5379399953596291,0.1282976324551094,0.014831974045623308,0.07726682010808283,0.0,0.0,0.4250697001887209,0.0,0.08713399524198051,0.26117015727709614,0.5553505506985994,0.06973104431303856,0.007474205014821322,0.05406592154682066,0.032682462534236345,0.3123408895027717,5.979052486471873,0.19060522388998935,0.09822141717512523,1.7378874433046723,0.07249788908977806,0.0,0.130055785219513,6.372183282604716,0.13522652812277336,0.08208652729813037,0.10222878180493788,0.06392299370898402,0.0,0.014718705847750368,0.005215020597501896,0.044430502869561295,0.0,0.18122686180517378,0.055063398237206074,0.031440474878434266,0.0,0.05913026207190297,0.0,0.12640635463836292,0.017187422203058134,0.21809669752354077,0.14286579272165056,0.09992155242863143,0.0,0.2538656355015154,0.1122744944005456,0.1369026972518328,0.0762063535408708,0.06126623788661245,0.5072860865758608,0.0,0.13384179151902664,0.33467536006149023,0.0,0.09711110823710722,0.04491214971987656,0.014583751312640558,0.5611520671879986,0.0,0.016176264269956775,0.9142257466218489,0.03625458538417137,0.009016960432210341,0.5222336854995908,0.2640622713405878,0.22644810632571022,0.037891195902793884,0.012837168392736409,0.12846326692245214,0.24806991240820686,0.11031607245465347,0.011414162190226174,1.3761328196395057,0.4570369338509117,0.1346840169786394,0.0,0.26633849830453205,0.017620472067627624,0.11753020662079905,4.498793100637885,0.026645153685583844,0.18113027821584582,0.3936896965457404,0.1006139424529624,0.013029691654818043,0.0,0.11585245783013676,0.01827471278836401,0.06667000601594641,0.02075451482775348,0.2906873250715032,4.78577649259145,1.4829986661781573,0.28137992982228255,0.09005437688362838,0.04967486485275607,4.3937307659114015,0.0,1.0791558134295443,0.16293146912701628,0.15120054190611976,0.2566031169995169,0.0,0.07241762071681457,0.2522345530655299,0.09307976769408377,0.11522398814720503,0.04879441000394347,0.2966086312204088,0.5629863171412741,0.0,0.1641336258064332,0.014001679676048706,0.0,0.12665118556893462,0.0,0.09195953349543062,0.13810734991739926,0.0,0.00972535888166659,0.03600298950480019,2.0662487084875165,0.01939500720495646,0.12347205693676044,0.11043662436985724,4.2089524790412325,0.12719962186338485,0.1823493498709845,0.033060799696468024,0.16933662467099986,0.0500595402498778,0.2633014535263103,0.1491664525608476,0.0,0.023281447662134358,0.016542459934559384,0.08116790252357031,0.0002622666811646912,0.058744233892886744,0.06292671168903818,0.0,0.03962505840954034,0.022515836663570044,0.07072989190696943,0.2909902090383576,0.3174156232952623,0.18826647344367298,0.01133152155314976,0.041575092239793277,0.0,0.4227175735079203,0.7897527013963939,0.13969381892606902,0.18645400502137477,0.0,4.432009339481439,0.02313828460935241,0.031093114853890658,0.26156113216429056,0.07980998365073266,0.38343921166307027,0.0,0.0,0.2050689521156972,0.0,0.10237836217024143,6.193155820260504,0.0,0.0,0.1587891490754494,0.19999393277169997,0.04777921154910558,0.026710077869248394,0.1408317673255588,0.14787240587408945,13.077980466144066,0.2270190392219784,0.0,0.9449209285519591,0.04737839803555899,0.0496165903350021,0.3828526798291181,0.038294509587469605,0.1222043069847758,0.026416681108513362,0.0037810281544266022,5.190173825360727,0.6899843484472314,0.0,0.02632430041996714,0.0461567170534436,0.0514036948063592,0.0,0.0,0.11904923951484037,0.16831733395243287,0.04349227384205889,0.009662595995653334,0.03556562536777985,0.034805234655987505,0.05115932491857755,0.0036159610456145685,0.09135630413724982,0.213379560269626,0.031821593271201376,0.06562415729164939,0.45260387127635227,0.1337872065670367,0.11111704257474386,0.04376813382183098,4.719792491827141,0.0,0.27943909515695076,0.3737159166358557,0.037829603269401435,0.045140312676477556,0.2463991328174555,0.08877744668773113,0.250077699717862,0.26154383287300753,0.8592388622491876,0.2438243600727854,0.08654226114493291,0.0,0.2191390546223544,0.2940994758454991,0.3109748888489472,0.0,1.0846359027676034,0.007435665078311171,0.010921072146475641,0.0,0.5213307138380707,0.0,0.0,0.14243258096685252,0.0,0.3461192378437945,0.0,0.21035813532050396,5.979728074334875,0.0,0.034469633295704516,0.0017001680825530219,0.0077945769582106195,0.02851695637126017,0.06951755275358473,0.28621692310062463,0.06187811244660635,0.33639645796418205,0.032549154601061225,0.14873417948332257,0.18638143685463793,0.16186339764434454,0.04245291096684278,0.049790696248014576,0.2566257192596284,0.0,0.12983180414465478,0.0,0.011850436969115474,0.08730815145187698,0.03245388810884542,0.08452310298391508,0.10427494482957178,0.6169384167416441,0.6583809054252279,9.675898007002083,0.3434217888309583,0.4428282026125485,0.0,0.0,0.01166775297475775,0.1409887186971952,0.1935692935003548,4.897892300641097,0.048397062287911075,0.23711320058359142,0.6604402150201896,0.0,0.20857669646345123,0.0,0.04839920185176538,0.033513869902195736,0.037519543464672456,0.19350070816546872,0.564331681342642,0.0,0.13738175298475852,0.004873493794488759,0.019010501214697495,0.034158624235073765,0.29094510901273196,0.0,1.26689190271601,0.2197986080073182,0.10376070648219082,0.09108205757181276,0.0,0.007658968063583238,0.2234921442132225,0.14119371951776483,0.014906622863580687,0.07542951873019743,0.014298689236358464,1.1565497507903184,0.16994267133939944,0.003170404702453,0.22076838143250033,0.043275431953477383,0.30642325110602564,0.052164290349901776,0.36976294374177154,0.10914673535423391,0.24354559178713275,0.1208674438070303,0.0,0.13250828088155497,0.16190802140373295,0.0026287277338381543,0.4027563181254279,0.012183642515179338,0.5746288625052811,0.1722872881512465,0.0675944431455342,4.113487427672739,0.2026352617878402,0.031708268822689956,0.014543336022949438,0.04727192726047669,0.10754832443069251,0.0005685154356558364,1.7883470914880353,0.10343065540316276,0.33242322464280916,0.013956278103544939,0.07132177875720902,0.33167774492498436,0.11094531355286485,0.004718349985916137,0.17084756912310795,0.1297820473638751,0.025699210356650237,0.11784761582938907,0.031526735825668784,0.19534220158068116,0.0,0.0,0.17088702946245715,0.195007748372253,0.06956305764825466,0.0024511233818309552,0.7033740647065576,0.03687689341363409,0.028468438181037836,0.026267608235518214,0.4081571959637015,0.1486009401543944,0.269975681282947,0.0,0.0,0.3628397616040018,0.0,0.10607562330643794,0.0,0.6329654246993226,0.27154336499047826,0.7393782721495803,0.02351675132558051,0.24915254154388844,0.0,0.17317027676317132,0.0,0.14845769017955712,0.19484064310429172,2.4171306568431667,0.0,0.8885663275353659,0.11233953700586241,0.04479696362937968,0.25223462975863353,0.050998275622893274,0.00777943481400456,0.0,2.2338355352852926,0.1240072180019407,0.3472741373353605,0.10902220892865366,0.06099053749566019,5.014183958983657,0.04586808608440229,0.11921439207526985,0.13301887585885952,0.06745242619130387,0.017891054110506177,0.1312596927856874,0.4373289943633152,0.578481651774049,0.24591557557076715,0.18902206495277363,0.0075340539941546325,0.3146469133729597,0.13794748496490072,2.9557340676819845,0.0,0.11851354808107573,1.391153809440772,0.19933341145968742,0.09874626412838383,0.08216508256907995,0.11548908602605046,0.6341060444249846,0.07117074351530395,1.3716924519370246,0.7571841130493775,0.055328391793107556,0.1200038915272783,0.0,0.3091075404914374,0.07032550372977475,0.059347370622832685,0.24793323387321298,0.04786399145574838,0.35895479120112883,0.046840792041356716,0.0026559770705207875,0.0200466895607736,0.10317753374128613,0.28061498423585707,0.042987062212299865,0.0,5.319301731450608,0.0,0.10536203564944313,0.04978196306537175,0.013162571887520347,0.004602566241613815,0.03931660074518062,0.028066113225373,0.0,0.4804895726850651,0.051568560731476865,0.052251696991311825,0.0,0.18179992852557225,0.02043312195570479,0.16020652311551586,0.11858738013599579,0.0733079288379086,0.18879566067899445,0.22379969712491965,0.2942096499678155,0.3569878049954929,1.3063698078326191,0.0,7.326797461223853,0.03502115312232057,0.9853526300307909,0.5833816890020227,0.0,0.18874279566662988,0.301802454370792,0.007090810569277406,0.19624382869268486,0.004804334879670913,0.1651581781516478,0.0,0.06286146820004879,0.0,0.09536109709884211,0.01605633157391151,0.24569516478454645,0.03311282692345996,0.9935119458041344,0.062405940591874653,0.04455410925904557,1.5531346897042728,0.0,0.08043275357571789,0.01644489017125217,0.12238357662007404,0.0,0.006762573373571001,0.10998260775127822,0.018495596213314425,0.02861687497425791,0.4120314201194366,0.010759283071638981,0.3274155315386307,0.21934639738567863,0.34743169338554347,0.06730394681357055,0.10147520967491186,0.1202789645263298,0.0,0.03309092843440542,0.08911127239451155,0.17196341419509276,0.3774443838541006,0.035144472475518995,0.5223029176955643,0.11296313358839694,0.0406082574728317,0.4946240503670145,0.01898118406617577,1.7273906335270892,0.0,0.03139377247208852,0.08140763727644673,0.2719015016879558,0.16518201725585424,0.019745692693027728,0.009480207744977598,0.05409257169560355,0.8017083410735335,0.0,0.22724999522844858,0.27719764120761736,0.0,0.593166379529571,0.41999187129718685,0.06403749858353702,0.6572899615484098,0.11958430407122123,0.2590110939521377,0.30012247320468166,0.13934516540060127,0.023426167533553865,0.7021698209086713,0.029742215766862756,0.14423043230957067,0.08766262484654952,0.12098678678077501,0.13118712745975714,0.02599077499225011,0.3209129428835815,0.3839945696568652,0.06535002397027867,0.050522217609518805,0.11802024594419813,3.3918609592106708,0.0,0.023839728813595418,0.46388493845030343,0.020938128167237835,0.08938722874871696,0.0,0.0,0.0,0.03771727989536999,0.0,0.07941460425058589,0.09024866115220664,0.004552689893116191,0.16312476405253795,0.07356522699165557,0.02436012647505681,0.049411793033351525,0.2220714985904073,0.0,9.679996390660724,0.03786851231726096,0.05922459624900478,3.539196939524653,0.0909098738843035,0.07743953503542267,0.19783237274202037,0.24303008221315192,0.26290541956841285,0.03276103988043433,0.039839406049919646,0.0,0.0,0.0,0.025944904175161376,0.002245331475863477,0.001563155464090027,0.025206062221435843,0.053312279779897054,4.43175676879901,3.048829253882748,0.22901157962312446,2.715782512847809,0.3699462452938469,0.06111621037344461,0.0,0.055170090609186984,0.32503932731833984,0.07170206888784003,0.0,0.12323628723678426,4.0607756757229065,0.1381979957956574,1.5542452007454686,0.09138405837438768,0.1357355109287982,0.22573072672852668,0.22047396429064348,0.2512153243956132,0.31250076633805346,0.7028256994174509,0.04432900255614092,0.486907843904968,0.284116642936036,0.029108486882298834,0.1762234240442081,0.010589933739989732,0.008885400856982528,0.1967147742441977,0.09469104268939788,0.01324917840371942,0.0,3.4354388213161844,0.08353688160638573,0.0067053263409677655,0.0,0.0,0.15711952876395885,0.04661676055268149,0.0,0.19035614887007313,0.06909306237284563,0.05125504404023418,0.0,0.015495169983442914,0.0,1.6592424834387178,2.218181803579485,0.017470019267928905,0.0,0.0,0.10608139568312236,0.03853879698822804,0.05483356422015362,0.11796558367443666,0.6864521039911833,1.0382956384004096,0.3144396311573463,0.321129984806253,0.09064252304786713,3.9210841309021136,0.0,0.0,0.1562880199570882,0.03705616514544274,0.0,0.030220209110733975,0.21980599499398323,10.546123569222104,0.36448871093415136,0.14236598127578448,0.048237543376378866,0.033192951106390756,0.0,0.011633831642051007,0.17217774035446087,0.370433563628334,0.0,0.2036500820682643,0.22822182643185118,0.02517046863991057,0.2881083347118776,0.08527226015850764,0.1613202982173958,0.0,0.39050094226797327,0.0,0.07365024081103666,0.10712305074961481,0.3435241860009386,0.0,0.042494218038858556,0.0,0.13266725436229032,0.17643943681593854,0.0,0.1718591460397484,0.05409084035854117,0.15103988383187694,3.3294345407314205,0.42059291356685824,0.08808327982189601,0.05344794438265765,0.11454342163479936,0.4071883220717365,0.3878889778505181,0.012195398801822854,0.13321345429083298,0.20101698107378851,0.0,0.12748439089361807,4.766172510230352,0.037065483724684434,0.06565729629441908,3.737209149179443,0.14356729558513925,0.15395631792731201,0.12132109714947581,0.2774079686123492,0.0,0.0,0.0,0.033824188550752865,0.4000424449618609,0.3536086490688324,0.058396392603745184,0.08410998199995978,0.008909951990736964,0.0,0.01578329598466599,0.03910135250015756,0.0847833873810604,1.024470561027611,1.5915660584252147,0.22799546088385902,0.0,0.07418935868306442,0.7950084916918456,0.013546873288033279,0.59622802871773,0.11788988674165557,0.12620159559441158,0.021690090771675052,0.23036977315043927,0.0,0.0,0.006575440581603864,0.17993063908114504,0.0,0.5180902279901751,0.2525222484986216,0.0,0.03362791937765064,0.187572344302259,0.059345966875687495,0.8143654853631515,0.0,0.008198896716836934,0.03907249763057319,0.0,0.0,0.006684178730659518,0.07228242813003316,0.04293228893553502,0.0934821426497674,0.10742537839677313,0.001548305770297631,0.13995426783656595,0.33387947503246207,0.17217928407706717,0.13771553465727848,0.048711814497625294,0.005819656220406699,1.5209428438609982,0.28112984089231574,0.024417631080627444,0.11088136099498147,0.27694979463326197,0.3081425318918143,0.1590649462283571,0.14119703792359406,0.019971535025610443,0.07146128768022986,0.8164709779989474,2.2579832108905085,1.4695959187608043,0.009551717433759599,0.03364435078893657,0.03512402825189476,0.0,0.21646846622193738,0.0,0.12096252274207586,0.7191692600578445,0.0,0.0,0.03452526521627908,0.014401311901667713,0.0650931221598734,0.3591082653711126,4.881023571295808,2.336206428136741,0.4182372401162042,0.0,0.035452958215724584,0.04898638407456146,0.0,0.0283586303902732,0.01538318754837098,1.5324194854429405,0.24903786365284541,0.09810989020107996,0.0,0.036249367092842544,0.32789358223584364,3.3220029063113796,0.0,0.07978657742507345,0.49085624826090246,0.08007706896455824,0.1390741521697585,0.0,0.09040126403907478,0.08539037411872297,0.049587835784634215,0.014829774759707703,0.1863507835460072,0.11680211968711096,0.03083347726071567,1.056488279684212,8.338160734554092,0.47561125376332525,0.16041996959853178,0.3755122436906224,0.024747775815975315,0.14388046938637666,0.1503335683144944,0.036090617758583576,0.16650890669152196,0.13132084170437364,0.17832238829226155,0.11508993098389908,0.03891447830144834,5.4953340499629855,0.24132530381887607,0.34462929137066123,0.5535742253338447,1.2574139947228824,0.0,0.05153490005398309,0.0589328570573997,0.07951459262977201,0.4273913631272932,1.2163257865778148,2.7699771745814736,0.5154607221527989,0.0384293804862299,0.10316804074146502,0.14048162116385088,0.0010843694437236984,3.689556086334613,0.20962306650674523,0.10774272454175404,0.0,0.3231814795400867,0.07151299824130386,0.1892067750213604,0.2314729796578856,1.6222582247367046,0.0,0.07426360439164625,0.05246766034076433,0.0,0.07848709657354291,0.005653714232781937,0.07402142061166561,1.5230851184443273,0.11592485453488033,0.10237733134778049,0.0,0.044911228429505456,0.0,0.3458369278615643,0.004079339955214589,0.0,0.3862150172396879,0.06030947650292684,1.8783894558609717,0.6527047245322535,0.06827871178981049,0.9126509455773153,0.0861008934756633,1.6308192693854635,0.04809257845959802,0.0,0.18417814018671752,0.23650826655415202,0.0,0.06758721458412964,0.0566088827737401,0.0,13.676417926420896,0.019749771947735084,0.242808896071101,2.751022491369355,0.015836235451651248,0.08633510911772091,0.1146232710201498,0.0,0.04341493022801668,0.021982925913590634,0.08607831160605572,0.0,0.14310426774690743,0.08602085398161696,0.3213088938606532,11.729192230432005,0.0,0.17781250193155063,0.0001652431324588033,4.5633113352541415,0.0018561124364606663,0.25235298000823647,0.027598834531961547,0.13224620962486044,0.9367341723477232,0.005631334447794734,0.13337039640625292,0.00319929676909525,0.35195991566865137,0.006632412398004273,0.5370946118642772,0.046108679453972456,0.0,0.05586015686023371,0.09791534611839481,0.2445206663015469,0.0,0.11867583687733396,2.6997554913030055,0.10045597021320596,6.018170604500312,0.01813968828762924,0.030417016425911214,0.06579435347273588,0.0,0.6382375088513085,0.0584896201871592,0.1255435602403594,0.1492926021384413,0.13949743747740095,0.35730346834995785,0.024512734922346624,0.0,0.006241900038468362,0.05603328198655744,0.0,0.13247048079093116,0.4857002580698162,0.016658396887216043,0.41999797973610864,0.4408493571633896,0.018775300850887966,0.02635542645027389,0.06948051932744503,0.16461811610419552,0.0278795529734972,9.471131391490479,0.09224853331802851,0.05723476983063902,0.3582618065542462
"((4, 0), (1, 0))",0.047495958377045566,0.18156762354991884,0.8257941959898489,5.399496475802775,0.24066502444134352,0.04966279821345321,0.06076999637369995,0.054702813908455994,1.8667635533677531,0.3624905570203931,3.1841738731158618,4.39983948927212,1.5665535308966239,0.03281151527717241,3.403394055344463,1.4481311333517408,0.600957566497185,2.3562869403468794,9.334563925785284,0.10919045859892462,7.4274762982311655,2.464227980311093,1.528137497161304,3.4471441630789372,0.43218687158190483,0.529513231555939,3.8640176802211563,4.520058270779731,0.3249227865493125,0.7000798967634545,0.9152140352130882,1.0987273432773086,2.0154493423402644,0.19394096174139497,0.48056317783406177,2.836912564041833,1.0538797630984356,2.855821012219023,1.273803382893731,0.4208099204840354,1.3106308407054073,6.087310960345796,0.5936588364083888,0.7654332299975986,4.312459517920434,1.5168661786192004,0.0807131865268712,10.71181627713279,0.532641137395234,0.5662610206386778,3.208648084537759,1.021168025050906,0.7924150855808078,0.33554041568054593,7.933016621988313,0.44776077415360693,5.750279347977033,0.09839096233950106,0.5413803817079579,0.8746615960240058,1.045650460623503,2.254557800176003,2.636328792095701,0.4175282028078461,1.1333847462554334,1.0286339915769176,1.018272499741646,1.7799161185190873,2.912893099321426,1.1900419612277156,0.8627079684683656,1.5998047220372729,2.24795488922515,2.1566948252262357,1.1470784371771443,2.0516753480247663,7.570686781966646,0.41282107644847565,1.2129675690825734,0.5626172025026124,4.103759223095984,0.13999746626684734,0.2620873499931775,0.3565423971845578,1.7073422778427128,0.22215183682263695,4.223672609809704,0.24423658437439294,1.5889407281777084,0.4658330159692283,3.9252199032970236,0.7059953968648536,0.17104201927642704,1.617213866207749,0.32069212902222444,0.7439940889380725,0.9057201800615613,1.3855124304218343,0.2741807927775415,0.37177654438238106,0.1007468685863091,0.5642752457349054,1.273270982699086,0.13768660201516553,0.35808767300154054,0.22192743444011365,0.19733641976240957,0.1625429090173235,0.11127541824900211,0.7239011976906014,0.004000800330956178,4.985934826942301,0.1438405661429738,0.26358182600627944,0.15103956980940314,2.119471071445357,0.38822692215643584,0.11145581682413452,0.18873408383557977,3.110982478269494,0.14833575837696922,0.07336004616136377,1.2373044622223903,0.39042411911851205,1.9947309455172242,0.2740405481152055,2.8919090626348787,0.6038341369691862,0.2874823048255273,7.7495288227900705,3.0770085244681087,2.3656495989797564,3.7042406339039546,0.20194301684679083,0.3742202718386345,2.8825853474712817,0.6486338099931888,0.257718130209282,0.365379661765199,0.1291366910911398,0.42239058313307387,1.2867973628429366,0.4812473482524853,0.2118792301281498,0.3153051721652964,0.9187753233407652,6.8814254985649015,0.14992423035693303,0.8622357341465032,0.28964653809686935,3.281444160048906,3.7299748826333716,0.7654207102531776,3.3022691982930863,4.327671651191744,1.6894495722988068,1.5778040769369308,1.3030917368312616,0.6802346631517131,2.598320533862415,2.344030347140411,2.5079515756551407,0.17020812035689015,0.013402018567578833,0.7101789496877853,0.014321555952946152,0.4460030560760373,1.0013402761162693,2.150458145112616,2.1094419522872663,2.6875871652594694,2.1508269202054353,0.004066072868783577,0.9392685655932271,1.6477901770525045,0.43551858587863934,0.7151416879337948,0.6593371050059051,3.110070390880644,3.159490619229337,2.950096631571439,3.161392347225883,0.03857296750635464,0.09527512780525393,1.9870571489255482,2.984816962228755,0.1453176839086323,0.20308400991407527,0.09104206264608417,1.9853028883984671,2.4699193539299067,0.40619206185671874,2.3620066787602605,1.9640498593999034,0.0011546411323122285,6.067229938765609,0.7406656432257525,1.2781250011172263,4.748562754068095,1.0733946075534981,0.12436616661295452,0.1538858496813862,1.482143137300408,2.650585020489402,0.3775769608183097,3.6221331359998468,1.5146558870434852,1.4854611910182705,3.5659763526402313,0.3651725925955218,1.5877471772276468,1.043507628924547,0.4225953773942829,2.750733045094195,0.658755580804264,0.34413661847545507,3.100090082312864,9.786192701640974,0.6920803828377416,1.325863590920398,0.34675028636523164,4.730273448898232,3.237344923655568,0.747604942692865,0.725077014785463,1.9258287164098002,4.758682710762973,0.07112235152020552,0.3511807786427448,5.222333955388224,0.6177293961013959,0.34870482866285046,1.8101883195980322,1.4564734248853577,0.9901222018990605,0.19113996867486183,4.977138689274559,2.0126518025571807,0.028510999627361366,0.33617991081319176,3.646733020521901,2.331045027950824,0.48108809762074056,1.9292640182044987,6.642966642182405,0.3530533475615929,5.4438782364094465,0.7016335396010469,0.2969861961128297,0.3772459324467625,0.5024059000745291,4.67877476012732,2.6106285895492927,0.3870708993847429,1.7138594354369312,0.4420045147023177,0.08727480931942044,0.28724830712282823,0.372955124845764,0.07051277701311831,2.452049409733646,1.1863687319015588,1.7410294407562859,0.7712924981271019,6.551887390799343,0.4343936592063955,4.377045687372466,2.58108686068877,3.124015073894123,0.5117476006109695,0.43905813012883277,0.5071807821830734,3.4345011751125423,0.4088297679309066,2.5167283710665367,7.866757201369353,0.5142474235470637,0.7441419592625702,0.4329272884013942,1.4125811616344186,0.8545573592450748,0.8318161397991353,0.44978418145916166,0.41796112061342194,0.8170452647632251,1.0900817248262062,4.3916617268156335,0.12882456736481562,0.364865659428515,1.5087176414429138,1.6382333434872216,1.1150945914365755,0.3464321895677607,9.917261230961682,0.22006941352252252,0.143154363595005,0.794093431968786,5.945452339825705,0.10276906570311684,1.0207653592501171,0.8797167731419493,2.933350858490709,0.1109834104823717,0.5585388451170661,1.948549179601661,3.9929548835831534,4.502275230532539,1.644054132778262,1.1078400017850534,0.4286696889585877,1.1085321572271412,0.09459539089644364,0.34363053133980437,0.5849617705789548,0.9769187116052103,1.395240211919654,0.2290282865097415,1.2317678359875703,0.34731045780120295,2.3887108546664884,0.071315020823564,2.076319308105096,1.3117186214008685,1.6489020141078514,2.079010480476511,0.14661302555730116,0.5240184205208054,1.5400806412561063,4.734885967551753,5.251274020928314,1.2929602978425099,1.853240445447522,0.0019778279793234432,1.3770545348888936,1.304039908765697,0.19097527357083177,1.4606351979541197,0.01567249178072161,0.09082965775576435,1.1783507284811754,0.7467518679172445,2.2725630228810334,0.9505109619323715,0.13671509248247027,0.1998088366147195,0.10561999334494732,3.186956982626957,0.16384600122291837,0.6409166845171415,2.749786109391829,1.2703105440210467,1.1143768431891026,1.554001346024014,1.3627386447151475,3.0928782825631824,2.294918495666044,0.6693838415729458,2.4235342608572465,1.3878969003228603,1.5359751873781313,7.250574549012489,1.066182872047464,0.018594561842609547,0.9048994238354937,0.27812185249250954,0.7238525948515688,1.4713433433546554,1.3287637112981967,0.5346865195367076,0.6313920173108202,0.5273886743426863,0.9077752107786903,2.9008280583105357,0.15477363746069717,2.4264815942534983,1.1948854910675655,0.38805102745645836,0.4037787863382958,0.4064624002512107,0.08637519404275595,1.0741592612434494,2.964666676224917,0.7021146602429451,4.664172384286082,1.5272734461652555,9.876017804624242,0.8765027797083154,0.5137787074183078,1.586740380411451,1.5610659700322076,0.7560505840693952,0.916580051878717,0.49226318896964405,5.859225233513707,2.7974470959786437,7.031774282476017,0.3613515388757329,2.455723097396307,0.6308050732640698,1.6514280046918604,1.0165915251740758,3.3354026232273,7.134694545789612,0.23880630565317662,1.034947501952571,4.609130500728788,6.80452425060843,4.611039774752218,0.09402134557361319,4.8895466391099625,0.7780492070144556,0.13204500478534809,0.05884240441382094,0.6062069068789884,2.303478099889346,2.7773242514414638,0.05871591654810415,0.7837236638978431,2.1325872806312693,2.987568010898954,2.0783212904894155,4.190798469798734,0.46131239384534983,1.3280391807342484,0.3886076297751777,0.13990075163757232,2.8291405830972693,0.7356713024135608,8.945651098566847,0.7929841014777139,0.17343218857116582,0.5520398547501884,1.4340673231999517,5.268453870476135,2.318977629093662,1.374019086591451,0.2137939464536076,2.1589167599807495,0.6859383300266559,1.3451834617769518,0.10418698226495149,0.9993657920741801,0.8271742735877914,0.6090412688838387,1.0467763843089306,1.8498727253663794,0.054659175983319486,2.2386345894989166,4.326268919061195,0.04322422212121879,1.4651698376462599,6.2429859137844765,5.4561372710439295,0.44060157914385467,2.080327058254904,0.2743380202171486,0.019038721140807624,2.595603313525366,0.8431051160709306,0.44913930073340946,0.5555926087299262,6.46060435380659,0.19546907462302032,3.4788708883374313,2.5774247898611065,3.761047471405143,4.221959282240953,0.15360859691302609,0.968565878849657,0.0795112797337878,0.3372875891340723,1.6882929714903714,3.078274802485772,1.9991322650994081,3.011951857815825,1.0254186322872605,4.08039210284562,0.9169038664820388,0.15856878854137169,0.3970689268644194,3.2560498534588325,1.0823183496907878,0.48221376116573245,1.0477472025188421,0.007363658788945626,1.7222906606444939,0.4185254471463873,0.7501937960167169,0.26743390454652616,0.6382007994213836,3.1643638998738934,0.08073757048170216,0.6637114659022227,1.40491043601933,2.8745187254810225,0.6337100841647563,1.13313576680292,1.3649040817007037,2.356138387918597,0.013490175070076521,1.6378242921229784,0.4549249997094573,0.7144096996427876,3.040576135683404,1.2622002530892749,0.11843598320517001,0.01042366918698212,2.8622240733279267,3.575917854266208,0.11006580332565408,3.0113430064555686,1.5134057860297538,7.461398882256724,0.051157711159271146,0.25720871095693765,0.35162506807396565,0.34638318347086594,3.4082214895483345,1.6835835346955477,1.2078558293053185,0.39122712182324726,0.3096064046596183,2.629466101413727,0.5992340430126593,0.9003949895999137,0.4503393831733844,4.136427102687255,4.723030651118477,11.84976511189867,0.8659029807680327,3.035760462711897,0.22575044133836863,0.10352551518564845,0.03417995535095919,0.06599249447095346,3.435139369634144,4.166193661052077,0.6881682999100004,1.664109356854994,16.493743952096803,5.632703072897715,2.627762861789307,1.1043622074136676,0.392116488233083,2.0240722148695838,0.8913840790090339,1.3079623743055078,2.9248013403288997,0.09467830384047349,0.871761131615348,3.7168253255429256,0.012023943171761253,10.841625764154273,0.7202351032491361,3.5188340097243334,0.4888634367469984,0.09340964570985055,2.286219484692594,0.3090260283045818,3.502684986835524,2.3637029172376156,0.6611817718686961,0.5483757471615532,0.23862070898941812,1.1175188972941654,1.3387709154933938,0.30361523365598286,1.4436098606199632,0.28825609225177007,4.203007576855833,0.33577096861426603,0.008287779073789525,0.2876951713264248,1.3954351301057204,0.7563839302400469,6.020947221731927,1.9758770870815117,4.701309602115874,0.13361097492429685,2.166454438739229,5.062459186367492,0.19798708236364293,1.6256302997784113,0.6207718497278463,9.849889111888594,0.3112705481822524,0.29281753030270297,0.28508194762027156,3.7649414247275397,2.444419341022477,1.1857371252424516,1.4592527759676315,0.3334967127136823,2.875450866642809,0.4522224605871785,4.5831708016253305,0.3598467593931274,2.705331277400801,6.377468995610979,0.5374828306996506,0.5339516040262051,1.4666360223306119,0.19386387026173058,4.52152821968923,5.72166585475592,2.096139887035527,0.3385993898351307,2.368896673775092,0.4770459378848083,0.9568492424505013,1.4889801387697132,0.7412535242731556,0.4031753974611041,0.3324209358793504,1.3751863415828032,0.15077807301598412,7.937893171133936,1.021209073054775,1.0076717728441533,2.2500971882215857,1.4413851725241869,1.4759212979009542,3.7780896255301673,0.4863858149935649,2.0558334289722406,0.09185174857460665,0.5530929221595804,0.1769245952581993,0.7213691520115684,0.8938831196319508,4.807033048793584,3.7721622508599086,0.058716257204793454,0.6362870082829855,0.20773122195510707,2.695293451081656,2.7774721138791576,7.665174255960693,3.789693814028202,12.904886561331569,1.3949563013135067,0.2934239601183064,2.082014750530564,6.037191688639116,2.1057084523984875,1.5544365037946581,5.752377821865287,0.637544630750844,0.8052256112966085,2.168376475905157,9.896147829877119,3.0922205145801005,1.5729198144013994,4.314990360694892,0.5099523785983875,2.5848453291798794,0.12706872423732563,0.33096333126311284,0.8629626203483457,1.6194030926401486,0.9669548448607375,0.31757687055850137,0.11042481694012923,0.6131050589081021,0.2606693252722625,1.8561188539694196,0.24594197886863034,0.6945978794450265,3.4931575527352052,3.84614462454502,0.40588603575487125,5.297146120280935,0.12891605190203081,4.234070142953131,0.04973879500429279,1.6320837278821334,4.1187875980743645,1.0758872486839757,0.2518250903665673,1.73939981683036,0.446170219144874,7.484239150120799,2.2524751944994095,0.15138281175592638,0.3052164504725361,0.34483115128959074,3.908066197783994,2.553423460995048,0.004767842257992094,5.126225553383263,0.9045304989137901,0.48364220156502746,0.3967331687788822,1.821367605063475,0.3066510766410223,2.6889103185293566,2.2341085377460987,4.291649514728714,3.0830697014948543,0.07221405435042794,0.03191427664784552,2.187240418470598,1.766528911933519,0.3220600600091601,0.16183129290565712,5.3625661853325575,2.3641291879572566,6.3961023648428545,0.8243624955121087,0.919662334369846,0.3671159159656451,0.8536822374660313,0.1824400988917536,3.8083217980602377,3.0146483189592024,3.273526758631095,0.6872562702228382,2.6257098296982595,2.1219063398864977,0.07192696272980581,5.189183508579486,1.6207419136713672,2.2163957236705114,0.026280688737143953,0.4511251890224096,0.19007093984959555,0.04036936864439222,0.38950662274603554,0.10262973091020111,3.5267215407597097,1.2534645586780817,0.5422491344748166,2.515394551155855,0.6011201391817682,3.621203311645538,0.4730399052811036,6.444637008998065,1.1286232365575022,1.9832518392994805,0.4129736988276015,0.12088068343814684,7.074955096298966,0.09392879786564445,0.42464419297822786,0.09062309614904995,1.31792901664406,0.951231266491702,7.89245155574834,1.7888048769565545,0.05193871099835912,0.07088187700109749,0.39177334426806354,1.1998217488975638,0.543216540715943,0.013094966625343263,2.4282464073598704,0.6303998355774489,0.20400415340697609,3.5351354647041293,0.25298500497702503,0.985275870900554,0.8220552456232806,0.8369066277856341,2.643633470972346,3.0570190243814546,0.0029538181996486834,0.5658657757246783,4.073241108832599,1.80617013600025,2.171397742370642,0.21958415290877564,0.1832644687979723,3.3657727937161104,0.35448026200394134,7.121197567265684,1.4328535886972436,2.019492310294832,1.4395976953432275,0.2301497984487324,0.4179145479071903,0.6849046871643147,0.16212183199927155,0.11454069960330004,1.6075570484116606,1.1046353537878297,0.2664219356133757,5.68072469779419,0.06594905548859487,6.558148574357717,0.3321912879780622,5.858142580248415,1.1199006129047357,3.1265403962015883,0.41899309952913566,1.4615432607868502,0.6892742633128233,0.35189819585277426,0.2641146142755342,0.6459517902122096,6.929517248245717,6.434567573268596,0.3816133266225059,2.7846099590790807,2.460873402543397,0.5216257476355057,2.0140491221715555,1.410661497825967,1.1989441383423147,0.044736247667390816,14.749129188063366,1.5543214610877638,1.57673423289142,3.0253463480177296,0.46008741967537903,0.01612831223127631,4.0037415085932535,5.5171578040998375,2.1896795039334687,1.6610005560855632,1.236634219675035,0.9363564796581971,4.755912529453811,6.16758455775175,2.2743147350503703,0.07798305828971941,1.6904453886892274,0.2501801411565243,0.735311139622493,0.6378061649646825,3.9496431789275284,3.661425518942457,0.03515516112573236,1.1363097276946366,1.278457637092867,0.17420851388574188,2.411449662756677,1.1635092692086026,5.924223930888572,2.0651572421593114,2.77796231289489,0.6118591860221225,1.1147205515431633,2.887738629112259,3.5458945201956045,1.4575481545962372,1.6881659657258412,0.6055909150426695,0.42798333367077346,0.07857393510173427,1.9680149093962287,8.522274015112036,0.07540898342202806,0.15533630942372656,2.4140006154518923,4.845209105125084,1.1229290571200714,4.552007542376376,2.2687356595800474,0.7155227987065222,0.7082734755135035,5.360839202915653,1.4307974076026035,0.7197771001250479,1.0909262974646294,6.407735365034669,6.138173617567046,3.2174428265815833,0.8841058881261503,0.06565992844927071,0.6767961851506954,4.407699621051264,0.001311730561130653,1.1162418215588228,11.393424920813715,5.27197149785899,1.632910265747474,1.704126691699222,0.5207109358152113,0.17348793762453396,5.223366688475115,6.960419654807717,2.046177655681816,7.777345216687352,1.104395852351988,0.6390998549662488,0.0459573825630617,0.19080187323233438,2.6478961435541972,1.2030475661328008,1.1104880056347877,1.0510552304618628,0.027069882740433204,0.03751822405011662,2.112961793690768,0.11713139896216407,4.418173504057487,0.007184053267484503,0.5255236296150982,2.6083400524911347,0.2650204185064551,0.8077478208907856,3.8825751846129117,4.276710644425716,4.101308150396106,0.43216275535260995,0.48852692789970664,4.02165852917936,2.294706965261792,2.445564551143022,1.4680460764624588,0.5209953055213492,1.564549747534242,7.5701144614543665,1.0364194092712817,5.208276672210815,0.4046651325975692,0.0038733226620193406,0.8075656298675875,1.354620517242055,0.2831651836172757,0.3357442662203579,1.0771751503391336,1.3818106531424303,0.1533614593030701,0.6436643041589778,2.8486517899790647,0.267621599913201,1.7571016598622842,1.5775628997296147,0.03608556890956788,0.21637747685392106,1.038416229937678,0.025596085247006073,0.404433955534063,1.1253285742997017,0.07266327438878384,0.001454838641310463,0.3852853916811242,6.903285289363177,5.691177391471531,4.465579761384983,2.7612712371043964,0.4425204184881062,0.21523822972722173,0.6216385812851871,2.4331525831086536,0.31099122919624733,0.22340550228224298,0.07445701779176161,0.1554369756932784,10.206189363167798,0.10717493560387759,0.847560736106272,1.4166217095927611,4.075903029232345,2.140963186134769,2.5011048084771867,0.5210403925075724,4.597094122125626,0.5923354814274123,0.3539249309789807,1.0747252107802914,1.4589820741690862,0.5826056392533618,5.324675751299122,0.1808471632906109,0.7583489173874502,0.6630960160511545,1.8424344852330943,1.8081574812448482,0.7985282146286704,0.9490812423492017,0.31436719672245417,3.267877549441507,4.826308583026817,8.809565625239582,0.11445869136118336,7.8006473448776195,2.2198184935916196,1.219890302250311,0.5046028114168146,7.99977721209106,4.627634079910958,0.6429503509642254,3.417753736669634,0.6317703691163077,0.031718634099202614,3.947815898992684,8.54991186906035,0.3163722547380676,4.475366547297395,3.714851674611178,0.40893078815640216,11.315673989000029,2.181844204625169,8.126617959392963,0.05802807565735335,5.311760353011707,1.88265663518697,1.335919111049204,1.3422524969953837,2.744709974335821,3.1142445310956393,1.888435088821839,0.7872368577342916,0.07246624260662449,1.0417278670069803,0.04279638666277785,9.4321995523796,4.1308842105435115,0.5492184781361805,7.07469043723958,0.056172340052340175,0.42542047429712904,0.5661898259161597,1.2471865287197839,4.112549569838087,0.5663550504546673,3.272076392320292,4.753371430944835,3.9329242534587125,0.4651478898235534,5.039929646670576,2.2707755263319305,0.8401639544488737,0.26056078059032817,3.4998365748785147,1.4952540337183633,2.3043436085239875,0.9861764434094176,1.6396736625268566,1.4443686417208454,5.8426068343872535,4.960783720076795,0.2590504296530476,1.8043217807837606,0.19482659564047022,1.244194549788057,2.8903274538513424,2.6168811796885043,0.9913725854487248,1.9533217559625735,8.196807710066327,0.025540783666570532,0.1380175306778308,6.254884373245761,3.3427366791587914,2.4864732024832765,2.3863205143019366,7.377690448808073,2.587612984067159,0.4283479922551825,0.011288590277687804,5.144871700316322,0.8239885040828494,0.03281082299835614,2.8362605934579697,4.232968906096282,2.7469818879374768,1.2188025111727507,8.71925078933701,0.044028063919770766,0.47423425638170436,2.7997176757775217,0.7886560707757484,1.0484433556053034,1.5223462880948126,2.0745429333943672,2.9372449932876736,5.5652188262843065,2.293551889536344,0.18061630710663001,1.883431864416331,0.10349561306064503,0.8388544655808301,1.9076991365706744,0.16876566649258162,0.2618230218821047,1.120383454039211,2.3999515769779745,0.3432285789238816,0.5610900055085448,0.16772477484927806,0.4333659108721797,1.5206362813379861,1.8357435900577022,2.369574759374229,0.9267529928117977,6.983381265039684,2.9103601364624647,1.716680324720741,8.089272167817121,0.862939217548965,1.2045880434983278,0.6979337844183061,0.5146787778230344,2.574570980826657,0.07739447687121437,1.9874553971973543,1.0563587856125283,3.587226685010112,0.6909204984524226,0.13359827930039714,2.123607004005183,0.238808094624404,6.373974081080287,3.9080446660806953,1.3292950467776719,0.767048875638987,0.15717524140342598,2.295638338398866,2.173093207025748,0.013495639918816416,1.4976398433287255,0.30635907314784805,3.082603189801623,2.821131502692121,0.9057599139692463,1.6010955276758445,2.923319298095033,0.3624817371287308,0.03659198560661059,0.9560603973104881,3.994903518834117,0.12406265032823072,0.03515070858067215,0.3830910173159765,0.9725081219484906,0.20666309988955045,0.1749607758822147,0.09257468619589515,5.001641614444169,0.8352052352751858,3.965569553390904,1.532226638005437,1.3164678545909239,0.06891544633506053,3.9399504776265353,0.38906603913996707,2.1403437654005,0.69242625616595,1.03714221804516,0.05634640419451764,0.2680335647709966,1.4050158563604254,3.734138473212146,1.1963658291267798,5.106046091894122,0.1800355144967527,1.2532407503092835,10.262699597835205,5.097286136408891,1.1742371890890468,1.135583858166177,0.22630785083126193,5.422528049661872,0.7471764039824975,1.5643865936120656,0.6093116842568194,0.9473534869365989,1.570313207135224,0.369063455401597,1.9662028141295786,1.442880848399997,1.0524178393037524,2.6044241750013546,0.4404938378501616,0.026289918925886002,10.82934893837089,0.579219965812598,3.3752020900080018,6.403038786440785,0.37734627300244084,2.410829958347626,0.35788630738437277,0.5373188010525921,1.6632831422397547,0.3751369048800647,1.5738677916807138,1.1469581725046556,0.21472946142874316,0.5487956323886938,1.5011563336903886,3.3712899082677756,3.3583526434212567,0.19454154225236997,0.10440989698130498,1.5372540012780511,4.464062738250851,0.08555839979256907,0.16061297505813688,0.24423650141340103,3.3924338041025184,3.4304168001733433,0.8551669011468617,0.32471857587533903,0.10201449390673434,5.58195291068735,0.22747834608574125,0.11090991022223895,2.0398181388337457,0.16515703225386424,2.707812252456277,0.12783399438582954,2.424275354029385,7.418717082472887,2.6803011158428696,2.653374364971028,2.3585293663539915,3.4794361799460836,2.582659112923807,4.185149260354052,1.4553141134159882,1.9846572784114396,4.369993277281086,0.4295781242039429,0.36880828825723677,5.1568544638979095,2.1723464887764528,0.37208634798948426,0.09777240040066792,1.5733370391565047,0.2177479096094157,6.973420430230099,0.7928103285385194,0.3042564445509859,2.373884505416574,3.150889205612565,2.5345292280777145,0.003851350711026269,1.7482921019559825,4.798504292198107,2.7206177404153538,1.0888381980152566,0.8121359770550522,0.0025921339017231926,4.870846674504677,0.760936096978365,0.019009099279763797,2.241389585573524,0.7830716950813401,0.895056060367873,0.7544425080601016,1.6664032277489218,0.17901154988025914,5.681450376265479,0.48966993527081293,2.422095835860845,0.4320065455706197,0.7722824392994534,0.25337200888045985,4.912238533086068,5.605279046736813,0.7132078248561795,0.6655460272566882,1.7710776451891306,16.023929039235764,4.050259593238713,9.014566461645265,0.5371007854548859,1.6074419525118007,0.2793130886587947,8.223010561123514,1.3511594928009427,0.6346590558864897,8.697343341485182,4.688418097684835,2.54270956346157,7.024240796052967,0.06198400780308133,0.007403547055021942,0.8601431191588688,0.7149199687379675,2.381220259486059,1.265429157569464,1.7767541878333377,4.284046329119017,1.1631907111653559,9.817492715429871,0.6830332648838113,2.5618236890384076,2.9929893785408472,3.4956401130882426,0.7070374076431154,1.427938687036416,6.682747173345308,1.9188869738651446,0.3415135909207958,0.5147352695948255,1.1597770227087114,1.2245861774650222,0.17940421172975496,3.449774642683252,0.03327418365418855,8.301853776761588,1.1026563879121936,1.5785447794408651,0.7491388122532632,3.5753192762498376,0.9899948855532568,5.185364869008848,1.2128166054553526,0.013649103034433008,0.7443334718087888,0.572987258451692,4.438868080901504,0.7623178055180286,7.890595696005352,0.2562358270355203,0.39058686140886667,1.9660822203722996,0.17893642806126908,0.24344054291015071,1.241054669338948,1.1073353279765223,0.06353720011274022,0.6630099135085998,0.18847791644025103,0.9005276230273322,4.714273114816648,2.288183882293148,0.4668336025523834,4.003009711955318,1.5783151305819572,2.750715915652203,0.1629835864221969,1.2407233938402482,2.9879991054123494,0.9420209341057859,0.22408733892569954,1.3090124176865414,4.125568258051928,2.308169287881531,0.6937528057616502,0.5786056003360884,1.1850575124521328,1.2041811051018956,0.6252301957621662,1.149761900874537,0.11546783103801417,0.5582880313109815,2.5270453188438604,1.305196509868715,0.20460141690977252,0.2965368089067384,0.2724661347330235,8.273715327343847,2.3660052964179172,0.13326434990895164,2.846790596339271,1.1175816735808448,1.541172215504227,0.5922101497927864,0.3446732047080707,0.7003139414541164,1.1460960995387595,6.993342776427727,1.0725520743302206,1.02842798019682,6.524244737985202,10.650418698084561,3.899108894839568,1.4227206280714548,0.09675741223694523,2.047733878062984,3.7291460333363777,0.6789241704167748,1.3777964237567977,1.3007032649336243,0.4177678433794121,3.5186527160209806,1.917640751377462,1.1037928476162668,0.320415903031081,0.32485966887597306,0.6488168708703546,0.3841458664672075,0.3382085252751539,0.02496751744750414,3.748244576556553,3.913866631703552,0.8512115750702088,0.32011382464351323,0.2414725242887814,0.4438261948940543,3.543049632729922,0.001256053153048331,0.31082045063540664,1.512143970249083,1.122006587690481,0.8414767830098864,0.66259486619817,1.3825551795690778,4.8200157560634675,0.6489184367579286,8.508352489508338,0.019687494893148888,0.31190436643731445,1.4172548148513584,0.5258309271956612,0.07831227892678605,2.12684990316435,2.2638990516578077,4.477052107216675,8.080380021596989,6.116059533104735,1.0186257210218184,0.8875222339495545,1.6304270855158443,1.5773613677053921,8.159745197881106,4.919113734961351,4.5346630988545735,3.036827241449914,1.3433425301843853,0.024358290709879604,1.330616772453875,2.7122384018342833,1.1382380831374228,0.5418167559744804,2.3089573346182224,0.23018928197917177,0.7232779364123672,0.9354338849245569,0.6189556518660293,3.4532983594326243,0.33795363787599175,0.36654221374201423,1.0130904313687206,0.23415287238212112,0.17001242299098496,0.9613065035718784,6.317344309453274,4.369662825040879,0.533950052442306,1.0464210342185467,3.089772614344569,0.5412864813512974,0.3817872853948914,1.6238538886868161,6.3203736056651785,0.700493028955346,0.3472945537626029,1.5752238042021445,0.36242156230336153,3.0243148873195014,0.9781702609604007,1.7004558316038612,1.4735579092047248,0.9862126985644044,4.103966095380041,1.2267682037418701,0.908179893692035,2.1655081413348287,1.6807760338011466,0.011039157431439683,0.03697422679791229,1.7525543867435718,1.2361560318794713,4.227693928255036,1.0241537257329418,0.10908537681887687,0.44066689866758524,15.898349785609012,3.5499573930628667,0.19494052450645338,1.2929505018110747,0.07343522415651837,1.3651693469118413,1.0676824369348417,2.4485415732551745,2.1611374093285116,0.01818786761658142,0.23351325958023716,3.1896929440101696,0.7080638286397642,3.2574274875498785,0.4811309025364298,0.004271663676023607,4.041198282680314,2.4254870529563064,0.31757754539614336,7.006638474824872,5.551046081037458,2.0005059343186145,0.6957705194148556,2.9559580697114187,4.824721416631203,6.074432956822407,0.5630924956874455,3.7493273510760945,0.39552504545809347,2.539906800731874,0.05525012137373975,0.15617788378655728,0.6744965006567237,1.3464941091306593,0.3487502794054578,0.05064052379120321,1.720644873303723,1.5507554263012446,0.6437357845704168,4.454012669868871,0.30494670995094664,0.8020800290571715,0.1808013775204529,2.332771362041625,0.13387775552477588,2.371769623362738,0.442273950029203,1.127467905613491,2.2106443543066154,3.9001868731476668,3.3124506059977046,0.25346259645611324,2.941715228735209,0.12465638876323926,5.7870604240176915,1.8659216793595217,3.9304874797545635,1.6474494609802903,1.24585781175997,2.104873419456817,1.152084722885187,6.202639699679605,1.707639302355303,0.782872559653548,0.5562742588108918,4.71015804630626,1.2015021520530689,0.38556211896483095,3.1857566825162387,3.419596255106123,0.48346207002624,1.624364740049995,0.9554724880144263,1.0149507731456442,0.7964127064706985,1.3103840939563063,0.7846075996730655,2.454408069037146,1.231660291894706,0.49175198543576015,0.16653537726444978,2.654353454815904,1.2306758718101127,0.019191749816971138,0.539724428297528,2.875776569053858,1.0088091413453075,1.4997894502163496,0.5960433465149944,0.6619954938629833,2.7401588118723925,1.3523075079211027,2.8048364869335014,0.09812596481297176,1.0222136393054508,1.6735695232876024,0.0022115789717678247,3.9847000073120418,1.044282909937202,1.3400608217256387,0.9878230116715836,3.0721231830593876,6.82518449281331,0.489614922936739,0.9773876418771299,3.8374009200318837,0.8597796664119413,0.4536432172278282,1.0015047980925145,0.2942200451371102,3.5916792674736078,0.5574552970697901,0.004330078647600155,4.320113062406989,8.15944565115646,0.1728895359889242,0.08421296524426136,1.5192996882715777,3.2333976093363597,0.05115755459301097,2.088110326669998,4.243838624670548,0.7197316669517999,10.114364906589618,0.3804974946519195,2.7995099163303765,0.43123599576434923,1.5162967095376318,0.46251602474269027,0.3686555979292603,0.5847610438115286,0.4065903071621678,2.5197572959038794,0.05897437700856212,2.7052101321130047,0.7845529642949619,0.2778630827286692,2.9430221825769687,2.524736707825512,4.099137061365678,0.09495244454053609,1.3041898382267316,2.7568607374782292,0.02503001642428615,0.11701694128868656,0.36586401111818745,0.34147037486258447,0.9544359053953966,1.1746758747819936,0.9441157882860394,0.9822317118760717,1.6848156455538863,1.6953948933332579,3.4620177263763074,0.8929289257073172,1.109038736582268,3.417184957535205,2.8237058267749857,0.33937124851746403,0.4181760314872942,1.0555320872245813,0.5825484516200197,0.3491860277250465,0.968477085760032,3.7149947322488117,0.027468331275786573,0.24175026480470896,2.4673840402799283,0.5258823827112262,2.08473820997735,2.074892778788208,0.47210985635606506,0.34199855454729605,5.135259936253903,1.1217798093412745,0.22439141617159608,1.4328921629264917,3.955465071749888,3.197202234743931,4.207240338369208,10.419809827207278,2.238257785637574,1.1035423391349115,1.430719597718889,0.1693058759303554,0.05530648703439267,0.9711019046486313,5.474781384210537,1.8184800717410063,1.4467688290532448,6.045022180237518,0.7489824378649483,2.3344868797690337,0.18444016612042136,0.15382538706958915,0.3271361909755792,0.8864109904451469,0.7452936146144576,1.092566663411938,0.341232299545267,8.667041101237482,0.33364123053499584,0.3086513515525153,0.2007565878612303,3.3747417918832983,0.4628466345750968,1.1336474474275846,0.29711159613772686,5.082263340549182,0.7627329346907481,0.18572734940630165,0.891509434744215,1.1185973170796915,3.4446882851277225,0.1883729129713192,1.510593275708084,0.8560191630926156,6.393330798478942,0.39846187826608603,3.1062676963384526,0.12444050576421684,0.5994312563139014,0.14067428641490737,0.34535242731451943,3.5002110068246037,1.9522049315192045,1.2981583805250336,1.7441069264405011,0.7573743959234867,0.13143723320295986,0.6945749053123158,0.48016585064093953,2.524978959977058,2.3026224716194994,3.5123258530678156,0.07172752478626454,0.3194234768009556,0.8808949517384665,1.1207823962399237,4.003475506087789,1.2631274237562558,0.8168451698850319,1.9141910019317958,0.2536337415159893,5.052494833290483,2.0656428974191297,0.882549601122256,3.627907482817948,1.2946571741868584,0.4573659672395154,0.29612448227138,1.1506074282928547,3.5763451706674836,0.6315037319125336,1.9880145869332442,5.037242456788775,14.310737087036705,3.9029951293172376,0.037239472233390636,2.94643228630893,1.8323215504165389,1.1431273706294012,0.6459463971850669,2.4013452149169803,4.342486215238641,3.2147086411992483,0.33177893241513323,5.102284757903478,0.42480309361233193,0.028039447767672532,0.419906310859512,1.4393129737886021,0.6401637889091051,0.6633563172280277,3.2501881065093983,0.22111158057113567,3.751536408359569,0.44726716718279724,2.5859786919407344,1.8388964132214662,0.9513033581272652,2.436445534155074,0.15723695761333545,1.3422459704275487,4.665552709249733,1.0870910822095121,1.3257127985143469,3.349149560831685,1.458749519206813,0.10921181070305197,0.38515978727636435,0.0025623686725670947,0.09182761848779242,1.0511188561074434,2.738462293977975,0.05784027506176426,0.5763351587000904,3.1264991297410405,1.0713686596518537,0.9527000753801995,2.9696277079689595,4.342192372104119,0.18963875901701854,4.753330697076487,0.7440896809090285,0.2313783112283928,5.13524018723002,0.3343403451347151,8.432500977152925,0.3042182509631085,0.05036097446106469,0.33194663261342994,0.06751391420248398,3.8753001097067283,3.5158152481971854,2.189683441460456,1.0374044016936055,0.18407242559878334,3.1658211647904926,0.38716905288252457,0.2651543437177666,0.007469214662556345,4.102156708835567,2.4272396384761303,1.080294009478668,0.6633304165035148,3.0978746490859814,1.42138896153191,2.318236032680945,0.5551867011939686,0.3757386816030026,0.07375086513148732,0.7842626365646133,4.640349436641378,1.553571299269155,1.3524403366577626,0.4695424029033036,4.2554584894884755,0.02010628346623644,1.2078410217409834,2.762535145023803,1.5642146200304596,0.9670827167043761,2.5800428087269713,4.784814529955514,0.5408262808989837,1.0781029094663057,2.0878484823783117,0.48652552454223297,0.844256431349238,0.8164685175636577,0.20321721661224101,0.8509150445353745,0.4652141619251764,0.9692802867340626,0.6801157249860336,5.923100307385543,3.5120031349220673,0.2481444088113549,4.470054182657201,0.04267716845508396,2.319712735314789,3.358388241817986,0.7387591606943756,0.692050586091254,0.2969237568015597,1.6001756750551257,0.029585149475883865,0.6979854194160677,2.8267482220087845,0.6605401856549911,2.042187706977786,4.267000030097984,1.5274210053157828,0.22214910698654733,0.8212856137623307,1.7970411941287852,0.09456842595504378,5.296169650963537,0.8357302009348953,0.7380657845563028,0.4075514131656882,0.22823992060828313,1.0650164076493267,4.091644281727993,0.7560260175714877,10.115683316363684,3.369091845666437,0.916687746647733,2.5498736939679154,2.367924130526956,4.24723190048547,0.47434639266435985,7.328530424575444,0.6501295594568799,0.5336380361403597,1.2145215493038042,1.9320624378428741,0.07331177654748844,0.2950498879608534,0.29191249561001564,0.40649087736728795,2.302254393859399,0.031109914780185877,0.8345001600321016,0.8981220440525819,0.1351797391398195,8.071531448458227,0.674995464157319,1.6694961082807767,1.469340713867541,5.448544246233352,1.2087014558598546,0.26263131690202535,1.063639322911563,2.437858985930717,2.4369213281066786,1.7241265076114067,10.02672963847428,1.137804705848179,0.644109116879565,0.9368171279701439,0.060110175288651035,2.1641764540094224,0.4322817672032051,0.18283357463026872,0.056655326238217896,1.503091904208607,5.9072307896613605,0.37460689967271676,0.3677975169842336,2.968247225719839,2.731747922672175,0.1344977405067802,2.225181080685006,0.8510186107512285,2.745245680550111,1.3608216833369138,1.3578487160763912,1.489266544855571,2.104399764128231,0.42864103266464126,1.2472353143723798,0.48053853524056833,2.839936913932267,0.5829577004587163,0.9614984308140053,0.24900240616445757,6.342444517498516,0.8287806619483307,4.455466724255965,2.2156523563162223,1.8560788580508465,0.35173038769559906,1.0345140657876764,0.31364653245803753,0.7374737856508662,1.0316074444718148,0.9242645433685248,2.9493372916275997,0.5967265383895053,1.4793839989528395,1.2307028253450156,0.3560122211799732,0.6302869800894868,0.18571994808028824,0.04563318143218531,2.835061012527529,4.346213508488679,1.8135291442126085,0.33761591635758825,3.0661092618903165,1.2428273398024823,0.9627870145126223,1.9851418908732794,0.569012146207177,1.7828868651843166,0.882047551887454,6.196226980190154,6.110133574941265,3.101182916141641,0.081580730482119,0.5265260286963365,4.677295756853082,0.236268167410997,1.0650320833245552,0.02363679082155984,0.03768305103885927,1.8189269654957712,0.11960605970951499,0.9860045460637303,0.00024647977312475255,1.4413785958315841,0.23689401184095216,0.8041602163130934,0.5746504715529215,2.6403592758646433,14.921067568495216,4.829255097935919,2.931413090224626,6.370608617364639,0.514639037151974,0.29956588452436655,4.064396898661459,0.8958944207773947,1.8495725251296689,0.5084842759448256,1.4710473690609298,2.4222523148962427,3.332822691602149,0.47618587512143007,0.6532251394365303,0.592328246260265,3.791898029277789,0.9954028834399431,0.4456231787585023,0.6126888360464573,2.7641356264347268,2.9671797208852073,2.3215231364705824,0.18350686486552625,0.5926408919305355,4.716005563472721,1.5270003469844509,2.427270950535851,1.3170850006162982,0.24851305705918292,8.280590544753167,0.7808343682958448,1.0820098209313134,1.3093753150042475,0.3219697790653331,10.365763618786353,4.192474045851663,1.5595821281094397,0.22104527924293116,12.268193468797122,5.548741112285595,0.4708530270774327,1.1735083891551918,8.034278457887927,3.9932349032420236,0.1852108077324155,0.835117614998397,0.4094644643446337,3.26938735985933,2.0947526084800736,3.8392247327014375,3.467076927510158,0.31269598905610385,0.30279944383611024,3.217245662925216,0.1227603990879953,0.40047345650121624,1.06399096011507,3.670490706644454,0.40700266831068166,2.003630473122648,2.550041210892674,2.603973374636473,2.26358605662519,6.29355831411972,2.1781693222121907,1.4291940151680516,12.892845924463753,2.3642143758068817,0.8908986767397657,0.8479701131725279,0.31639009637140614,0.5730728228699542,1.9094618500331166,0.3076883255734508,2.5976850138545027,5.879451781220477,0.2434323412100795,0.029324055806001947,1.544148600700904,0.4127785302975804,1.180123487001997,0.2107745139354904,3.3069378333254313,0.5838066796037009,0.15063066249679558,0.09457831147599016,2.00108119880299,5.866930723140664,0.5214598168165656,6.1447340366599015,0.07563152755223124,2.989232778470255,0.4855196068280382,0.17916808665282313,2.280926422750179,1.2368942763270314,3.069276476320866,0.35156831708822145,3.7150816671899562,1.2805875817275658,9.64407732001227,0.6567293820952285,1.0502486920398777,6.308944307486677,0.3622717405916063,7.314590876779276,1.0624636879322193,0.3267191039977405,0.12007721847108188,0.8145677884448072,3.200952743365343,1.6733455870910794,0.3417938393235991,1.554545561847398,1.1356884941339005,1.1294516170695488,0.6820690615696576,2.798829501264691,3.583107636184384,0.003515470358093964,2.292901126197146,0.09616233469441116,0.02930494757535751,0.89472079783198,0.22003147731744166,0.3668144963291926,1.392602689954665,2.1724841691085794,13.299182949224072,0.4735835241518873,0.12192801163769218,11.066177531087224,2.6716275247440358,0.7731386439293833,0.11906514390212819,4.408135303049282,0.392992976301787,1.9948997822791341,2.0335673779788177,6.599153631772506,5.6582893444861755,1.0564994997733987,0.5389625315738629,0.7495778036671528,5.025186159353321,0.252921643253899,0.5306289644925548,0.7005754387186711,0.028858833129076,1.9136191153991895,1.5007942842303437,1.7981875821746933,3.747495004396481,0.8177491032356001,4.4814886042710995,0.9274711745543645,0.6915901438882356,0.06283637195360114,2.1608314004185667,4.929035267167898,12.531141995378352,2.353424484481067,0.2923279789383064,2.138544706332949,1.2928364761017452,3.1383722028464147,0.11658703414123961,0.09049031810777164,0.00820626540164815,0.799639217764454,0.014390658318858662,0.1213649240665382,6.049278304753785,0.7731692639341811,2.1480748628862103,1.1833928870935868,2.046025105155688,2.192420898346561,7.491465822583327,0.17821373671401664,1.8504826703496855,0.3161848014036215,4.551978089215454,4.931670740254658,0.2447034589375312,0.3805747464662683,0.002717473769644929,0.5386427070805503,1.1548785074543466,1.3350548262797428,3.728034621191193,0.4428023700086733,3.347459807856649,0.7182643348824065,1.1904818670782793,0.676669022386275,4.404915911949786,2.6793089055243,2.5093048329836805,1.1273378456518484,2.518930298809327,2.677397549798731,5.610221030304041,0.11915123019533991,2.6000453219341093,0.5821535731424761,0.2973189858152321,2.011556242197059,5.015449626981905,0.14744372372880066,0.1318637872978039,1.8672955636789101,0.3253300267936521,0.11748504492245815,0.19685682201976396,0.08693966815726645,3.283902874065369,4.503683859981173,3.0381112880638828,0.2844387106337005,0.3375055663140316,3.345888730451596,3.6174654923800307,1.6097254897430824,1.910615083186003,0.7598214022779328,0.02590514157350876,0.575969168517422,0.7346747331279935,0.2162664733250943,4.392476237095014,0.6544718906495549,1.66412745899905,0.7528075217256616,7.1507217437079325,4.319071637868507,5.913878786903849,2.4847600572269473,9.822540592349903,0.5609906563005129,2.0663218494885833,0.35882883265626697,0.38555048295203,0.1393834504120235,2.9384761044752166,3.594780130157087,0.18703354542705508,1.42953171464083,2.3574346678925697,4.456427902893983,0.023819098217208623,2.2604948069856503,3.407217242721825,2.3349624899449823,0.6574397378458325,3.9878886292123035,1.1240859049272913,1.1850048673224056,0.3972983834625845,6.576800807953072,4.476400528143869,1.0186009164505574,2.2993762303109713,0.39467944455290027,0.12530428333882915,0.3219086121608875,4.633629378012181,0.24690809375321998,3.036425407504274,5.562809229998519,1.4262291437143388,0.1775915912573014,0.1565049302111552,0.05013292295029226,2.7143424928955526,0.26160961054170917,10.381649694639274,6.313464430744066,1.1357499189858928,1.8609344516876665,1.3121861541541961,3.60145645914458,0.33995022593988017,0.725795425170855,6.279256320070546,0.12475297213157432,3.4053273587345743,0.43335854125401685,4.12994465849762,1.6116834043769144,6.299294046059887,6.502055332330796,0.03404163840976965,0.20835677515527085,0.3611042306617115,1.132493013264471,0.6584627008305861,5.067845824837683,9.390069305401576,1.0276324141900524,3.3845704008778097,0.1800179770973036,1.3013536109664852,3.339328002015434,0.5724310803210446,1.3113308540349338,0.30784614907290475,1.0872819773285702,1.8853044492737234,0.052540054498025235,0.664586577178151,0.09232962964424074,0.2538899418680659,1.0524619217766493,5.281686568877941,3.006449502701312,0.36234233113876857,0.10684457490426658,0.021752885847009296,1.59784347484777,4.249979254587864,2.0616992456605154,0.8139451915946003,0.3541352335636324,5.00203201460587,2.5794699110537267,0.4441568075884461,5.837945437000452,0.1833193911835732,4.814070458427322,0.5366187744128461,6.236187550866365,3.5160537983117526,3.4513392418218416,2.6238600039264073,0.6367445129631155,1.0956626231620357,0.5489165583527371,1.5021891048727616,2.754546932054654,0.2999072964129903,0.04551475311180242,0.024806364138096226,0.3982625501566254,0.05984292419052295,0.04076036438310032,1.2384897278158942,0.2148126078743191,4.541238724140641,3.395425840022972,3.4264967269303304,0.5896566849459872,0.6410469688719624,0.3855394981022702,2.605309643220757,0.03727401984068601,0.37299997058512446,0.57484120065041,1.7254830765762623,0.3168489912261814,0.08488714206972126,3.3843271183404458,0.06366131007032871,3.3963171620340544,2.8336175585178065,1.739714748822851,3.8513295355377886,0.14476696170681969,1.5040696198376904,0.2531306473162789,1.2929601798771286,3.4297364075632943,6.249646820458166,0.045098728214609585,3.8570985734349406,4.0463719117656645,0.46194706138694297,0.6027493089411926,2.448488330225827,0.8604525671954413,2.545416164447824,1.088374538328515,2.1622000519351934,1.1828836380506436,3.1163552155217102,1.7241529862757865,1.1501813065852957,0.7118182620657496,0.6633386650050197,4.518923557619239,1.5112116776156612,0.5767790681316223,2.615933320179618,1.7434414372559797,2.3237390682789405,0.43736261870965376,0.7529108899888142,0.8643117657085475,1.6054866010593138,0.059447305657326366,2.0626152771734945,10.874399471208338,2.122951876921655,0.1535471072511072,0.9154896940496304,3.8698035686641576,1.6424171416736781,1.4182276395183075,0.1559817164429968,0.10156254823470179,3.1617287970559156,1.6651606471895197,0.42160229936779936,0.4737460768712589,0.625170360683364,1.6510735179606073,4.044633910330143,0.312726523191182,0.37299481900050546,0.9474236013182487,0.7589644217558789,0.8547437475001256,0.026372298204556888,3.1023849150821725,3.0091379148684716,0.5434243718334064,1.4898699029024485,0.5515936163691602,1.5855619843777973,7.003727935449273,1.5491206447972492,0.6338773793725283,0.33978156385255637,4.7614109486938565,1.913840790225698,1.5226907461629529,0.04987687911180849,6.161359364137283,1.6787534429177615,0.7680831830933923,0.44384522283264627,0.10691364758452498,2.8495287068427384,4.030192022708299,0.4421271208071369,2.781067101143921,1.350840882552955,4.052750644036443,2.592962417380389,1.2171436756198526,1.2907003600339735,0.4124981714059497,2.7477737528403234,4.068821014074332,0.5666505450006737,2.0080724415869673,0.9936895792655438,0.011459112381374537,0.8008149851462543,0.7351863518169235,4.990904365161921,0.04654232614807574,8.70775467652277,5.825173411182242,3.083437774734983,2.8085335597670453,0.8227760401864941,2.6034659736308807,2.7915426431250094,2.295551705916033,5.22900197378906,0.8403423057728301,3.22221890795858,0.9701463968385378,0.20338818651086155,1.0675211467875472,0.8890386234728804,0.37957842714045853,7.402573588026124,3.92349900546935,0.1777162218535704,6.105507194086849,0.31781687198073477,0.38561486878047213,2.6260224796363216,2.1661787786959312,1.4251016202933657,1.2260152087566427,0.1232432305270299,0.7062708296222485,0.6066678654595021,0.5792479700800075,0.9028918643457982,7.843416766927839,1.6206658415577966,2.3297574631239195,0.11422079670243468,4.808781069986493,0.19629636719610866,0.5583117338812618,0.1088763327699166,0.1703604345714892,0.6857016185996023,0.46248960328787925,3.002035842565733,0.11996804147726414,2.006740406862307,0.3726597760221755,1.6507635282984083,2.1265943066628537,0.4061408874145833,3.769070904703186,1.2916790359751964,4.1586166220230005,3.02825040077881,2.418638137854066,0.3089019711804659,1.9675714210932895,1.9418800128686424,12.041029921417653,1.9438614155312124,3.9591986847335887,0.48027264383823143,5.304845555466275,0.02041058866337786,0.49542899460885215,1.0671050841789171,0.45357665672507425,3.7960263372667447,0.27127686426072817,1.879562809455598,0.22345652937756277,2.4793908813323533,1.0847335055706784,1.780911631701887,5.6348982901789135,0.015442464044296611,4.727990291669558,0.7870783305035114,4.472911485155131,0.20154939050968634,0.754987530541934,0.68910950647079,0.42069480230547984,0.074970859977189,0.4288959077897423,1.3880822727515127,0.5047134777509732,0.22905165940880257,0.04703671375728291,0.7643741166327388,0.40616988552963695,3.1739272377972005,1.1228194127296263,0.08671527293548209,0.5366272782847634,5.614435656085275,1.8130518001267097,0.9003772761661835,0.5902595539912805,1.478498872565504,2.8724163450985487,2.6942312534662713,6.071988376915328,0.08389013525455136,0.09131402941299793,0.05969291488325301,2.949102917020544,0.2021246674681455,0.6938368698389176,1.4083061444760219,2.672176343878494,4.869440647049301,2.786469180913869,1.6092382171736592,0.22457831107318604,8.794219441354254,0.5847397919487318,0.5274219858680038,5.235392832411473,3.9196766590784504,0.4554938239042007,4.748852704639548,0.21008773055162988,0.13032030349624968,1.5314559604903024,1.4236254000457587,0.4517475844360921,2.01956436645377,3.7499288369922996,3.4203688944245716,0.07798543316194584,0.39088822825238057,0.2274962211315137,1.1288108596400983,0.9569449243397565,0.7393316116814295,2.1824183422681367,0.6471671941288653,0.07946110894318092,0.8836495157140661,0.8118603372121678,5.793935590534399,7.51243776954821,0.1022155260270704,0.38585450373982244,0.7877513098905808,0.09720591940754097,1.3058123027243074,6.095480378333644,1.7013434291944929,0.32441985304176135,3.4817844166445537,0.8291663038930324,1.967622813031229,0.661893469161861,0.13010174992206291,2.504491213433682,1.517495001319253,1.009278848696173,0.07663469021027675,2.4084328460068996,6.768498673235338,13.691349763125052,0.38520754671565194,2.659311364599019,3.705897170861649,4.072490889716606,0.8565603494277936,0.9096010073098952,6.13448908435423,2.9367147939936498,1.5627045405017377,0.34461603992890044,0.007091897070249459,0.4888854113942835,0.7127677083194466,0.5099590391406896,1.11775277893422,6.990685808879233,1.534652372967692,6.177117595813526,0.8009603182223715,0.2161296989952297,0.18896695269976393,8.779984514532321,0.8738578051699347,1.4503730860740351,0.39426623959738216,0.6996322827685412,4.134086797368724,0.7703173430724775,0.30435223325951366,0.8196169627329142,0.6213906986575233,6.532905916235059,0.06950325320402784,3.452085060270284,1.2378102539370919,0.7182226450517071,2.6027591477019993,0.19912873556733612,0.874641262220052,0.5411117642511172,0.295262338033915,1.4205692894833604,0.48678999035201853,6.784431822337545,0.5396203176928194,0.22395172182672507,0.453329082731722,1.91945178748946,0.5885869383740263,4.047153638130657,2.467011370760836,0.3858996788460423,2.049888165188092,0.09509879385735143,1.7131241763131315,0.21243077139792477,3.519295072350597,10.410619607621294,1.20153345806788,5.303833852478142,2.1534142084922268,7.737064986105026,0.5507552740610886,0.12775611843904033,1.3336254801309373,5.934576568601734,9.97989294997056,1.021714166593732,0.34311935377169256,0.33519850578928745,11.204012148302398,0.4574685137018284,0.14135781352759658,4.052931910799059,0.028843288249239873,0.4354650961712381,6.288618299365906,0.16049646857982247,1.1199940619789484,2.2735329261698314,3.5134929350199897,0.2707750176233459,7.005360887429387,0.4987300803909094,0.5682854898800855,5.802859678534404,1.2447712237565332,1.9964502443393917,1.277347920943656,6.920066556910685,0.28797707918592197,0.035966861995905486,0.3332053141097522,1.0468583488331267,0.14452898438807638,1.495651773735578,3.918534361864876,0.44737761699297257,4.687634485252573,1.3727077798695704,5.00475429848249,5.412781131288535,0.07168599751425764,3.3343713094088248,0.9772448040376673,2.0871752707362243,0.27746398488554114,6.1587059094334595,0.07881138946361532,0.35302379235386294,0.23903644882898378,0.3813999497779892,0.8609103025286795,3.1905093933533193,1.454975340801838,0.10083072076240196,1.8668639604906225,3.036608124067444,6.8312671694368134,0.6855850414734934,2.4945168327181175,1.144846553411723,3.3428727081747263,3.2212298618761523,5.523108661429659,0.5101551363994192,5.716363831289318,4.594872680108883,0.03940908833291079,0.7749434587071988,2.2769955897085836,1.3033405881514009,6.4101998778641835,1.2762716992004783,1.5789572632471254,0.733201844292733,0.09317977839595493,0.42604420800242465,0.7805276215852502,1.3934697365445814,0.29596559780950793,1.300943554195252,0.5486552298111178,0.31000256894221323,0.4834183218682213,0.5871325759162205,0.2072845014377429,1.4135282775494697,3.5045997799347224,1.293673996700705,0.3245288581679451,1.2942518182396823,0.41616391486108295,1.9008552999588162,1.1557233837858405,6.201451647735261,1.297426733185859,0.027098865075106282,0.48705947988861664,1.9513999832952678,1.935759367704465,7.11799148481504,2.032556659263027,4.023075481828316,1.5352444900402864,2.3330282501337773,0.07341987883350853,2.415653141599723,2.4401068106640076,0.7826445623697049,0.2871078899710291,2.201274261566483,1.8648452730961629,2.781959122022023,2.2347798477639236,2.6770853350463213,4.5499980233709785,3.2304299487898502,0.19723220100815864,0.29991930289648405,4.3413592977205395,9.3293804203644,2.129378020564479,1.234556073809085,0.2004541378328002,2.982654834083853,6.610595088160236,0.20212383655088706,5.221557541437762,3.790158062808852,4.164075853927917,0.052798872282298515,13.503597320512418,0.5035194310503861,0.03270797802652492,1.0105846658737065,1.5273234180998125,0.37463816470308986,2.3863919282923383,1.112392028991626,0.9964473472854585,1.2177090054731599,0.48000194285271114,8.315019748498381,0.3037876483803088,1.833941109636024,1.5801661877973583,7.700845614514273,4.319321412755349,4.586086048018763,0.048464606563687784,9.622489309563475,1.9391338192232,0.4018747444020039,0.2956286972870652,1.6124358933676657,0.5355785417583054,1.4414103660256816,0.06747295021910471,0.1407949923133751,12.844320772354259,0.16473910706417016,0.28023438594457606,0.21438941308762893,0.3588653309647838,1.6763208861446295,4.108944146103146,11.409760372204378,3.7360695169441485,0.3620005691345906,2.8347192917045483,2.168573021446331,0.24308051169127942,1.8186632084224927,0.4039427522399517,0.8065083756249485,3.7223280860413515,4.862541023992943,0.46727854202475705,4.102563476974892,0.5424272008307698,0.19344562851817537,0.5387956935592908,1.1972113147079808,2.3729883127789964,3.93476872209952,0.6480678947397261,0.8990835469562632,0.3266390800393564,3.7813346367187735,5.265082588905601,0.048114436713206477,0.5715965063331869,4.086753251989589,0.4597137845846675,0.19399690035405381,0.3002948521321247,3.4249461129232976,0.09035405869313706,1.5298573830050075,0.8652236679819233,3.8430803933596285,3.099862764940788,0.9766395943324044,0.013084731812729344,4.998805421140523,0.0478977130356113,0.22353965879218585,4.197945299630338,1.2830945436624743,1.4172552478151188,3.2393742518626727,0.4382645069953144,0.15577411236450356,0.35112410190139554,0.09392827150217697,0.08023347495670996,4.894249079985209,0.5422349751313771,1.086787185553685,0.9897951570379915,4.490435121454294,1.6703890302198252,0.4713936307831834,1.716304497313291,3.5390600813333877,1.2451714795808173,0.05019190477371227,2.7848987064084536,3.581870738722771,3.668443069984512,3.634202885296582,0.5584024289312282,2.4546566141426998,2.9778340545524054,0.07331968481942042,1.0158373707020778,5.392153487683208,0.41844121890934527,1.6755038855716053,0.34949662010740346,2.0128368306669393,0.474592426161607,0.882791519784857,0.2931809858653671,0.9962133278660636,1.1580510823204255,0.9517535943955795,0.4605715059440705,6.139015729150813,4.515426987472821,2.8382076724937395,5.279338460593886,0.13142445906640554,2.875243285200591,0.29746080445336376,1.446163221803248,0.7076520788608098,0.5101646411971063,2.602466053436284,8.354765545674102,2.7768835588335428,0.51128986716797,0.35936643988009553,0.9157403429052965,0.668678473097808,1.237663493493982,1.7620931007856604,1.5973417459101165,1.8629711851561894,4.680712775988502,0.42237039223300205,0.6094762025535727,1.0652827470205748,1.8852022062545848,3.799143424610938,5.147218775887243,3.734633907767723,1.2854831942366842,0.6190086161547423,0.0077792915040793,0.6965693056850832,4.598724144829599,0.774720105158213,0.10077422387187673,1.7021954026246089,0.35474985585241936,1.6531149242742995,0.37241088090629026,1.268860949057829,4.942452308409356,0.27569267294624233,2.3812365462427576,1.4288660683015593,5.935040890842819,0.1767286666039165,1.256929713078427,0.30074229565587207,0.6006452215912845,0.19994025971354557,0.30323447013096383,0.4396479184442079,0.05139115811461159,1.7317520880516497,0.6260724850851092,3.96780785231416,0.4839650880077411,0.3266231473882355,1.6978195499076902,0.2396953625066236,2.7914242691006335,0.20111604238547942,8.819270387191054,2.490912819411921,2.4395713136590502,0.712073453627803,0.46040968500291646,0.567847111715925,0.42874896889909353,6.816443399452196,0.013353886890748679,1.5772889022052414,8.138199583612145,2.0186453954780834,3.608806071579229,3.6154104814049113,0.03738973346188157,1.0671869745648932,0.9760177230802531,0.9242289277994249,0.1885156727358872,0.12059940410143599,1.0019952954440607,0.034774555581249755,2.0097183759200195,5.426465126306487,0.791528721692252,0.14989079287915508,3.401704445681073,1.4406040944337435,1.5959818971964816,2.392017276195415,0.8356959145485945,2.1038370839595117,8.134402202727602,1.368091413670538,1.591759526961213,2.535405844456166,0.6155822083989049,2.213684604038882,6.571772391522695,1.104031322627925,1.0104229391441333,0.45539263125910345,1.200658279913844,4.8686987810633955,3.15045857106902,0.3619222063153966,0.8213519377320123,0.014519038540528273,2.8146527388161835,0.04549996472605322,1.2195610544366962,0.8318576791812409,10.300851378345302,7.376471489863145,2.4539740964630825,3.9831280350201146,0.27056524280490746,4.315174300775342,5.003153593037042,0.004451223539176041,5.7240581314037655,3.775373108712791,0.4608313398891094,0.19789063923344152,1.1971162733565568,0.21016499947793688,0.7650040858816769,0.41716594533353124,0.2307118065332201,3.58551729170453,1.053868315550116,1.4796257479259807,7.560224682040164,0.66606053783741,0.9007487471389164,2.019073748498138,1.789434410904562,1.0326845146128212,0.4812364554356099,1.554964918342284,2.0188945309034483,0.747315328414301,13.115518747740865,1.7116315232431614,0.05390690934818543,1.1569536999934242,3.8383003102211544,3.675593208721791,1.2388861944028462,1.0334516394775404,2.268426967711787,1.8530448653106761,0.04447900165143559,2.126078977931061,1.2314676087365093,5.515765288697422,1.431326833914905,0.38301175901316853,11.386174358200941,1.873748688472927,4.608038757118745,0.09066942363830233,0.30018850696436505,0.7959789427586241,0.039002507700099276,1.162243276090415,1.313528146586347,0.4649109098309314,0.7128823354318614,0.139876783747088,2.031778122348075,5.912960458513225,0.2048295614564739,1.7865099226636465,6.812483093897753,3.5439321025854786,2.1187606881654615,0.8774842576547961,7.652584595768771,0.3808358936816333,4.987178069969978,0.41341506251279814,0.19699134037976962,0.2896001329152073,0.17416932817112674,0.7659347572433299,0.1548585722260507,3.491746005397962,5.384718666014156,0.10055766499704522,0.018652783941303763,3.3406756701589924,0.6592381504871172,0.7332409767239594,0.21037482257331086,0.7640095892281709,1.5900193537941094,6.709621948606496,2.390842014736574,0.5415797233737831,0.9913914336090871,0.15660689178451115,1.880076017640292,0.6252228362033683,1.0969813837955351,0.30330672162761574,6.188216399314598,1.2855464450104295,12.901844279911733,0.258011968495903,0.3279331995624196,1.1506732250704634,0.45645569124035235,1.0673283171908292,1.6477318485966113,0.25236990033326556,0.36669099202252525,1.0458958274724692,2.510188060588554,0.7931406292416858,4.60451358573254,3.1356525865686047,3.898626708948143,5.330380125531842,6.680269196689876,1.2264272424726408,3.219084683873711,0.7195335092074551,4.8199587651986615,4.625246574588456,0.11430136935639279,2.5784125202710206,0.4633603310697926,4.294818532650592,1.1059867638584766,3.2336708738724753,0.8962391248258637,1.2824516171031073,0.23842302989898578,1.1111078697221735,0.5451693363844434,5.220366152057721,0.09718882595705924,1.1828113008346306,7.935695753028945,0.3637893692288028,0.8003111574444706,1.5441606368617153,2.072288644329437,0.24492402230388222,0.04939151975272238,5.2217911491717715,1.619710507802223,0.22053841566779475,3.28811592308268,0.13778415503251606,1.313160829061431,0.42026070484715294,1.2986616110803941,0.7836676214344473,4.714787380887403,2.796461070690607,0.844522582983041,3.93032140469177,3.437350109729138,0.19200080092278404,1.916882865246531,0.5959657343750029,0.3470749331651651,0.10086496322845373,14.548060066124217,0.8449373513084242,2.612864428008039,5.322669792965591,1.9684955073088213,2.081997858396017,0.24331378287077843,1.4713155369749114,0.9616293029614593,1.8640335567999498,0.8513096477679107,0.3230705931615917,0.11534021811536421,0.37596088885834966,5.2207964973080445,1.3777707326655602,0.3418423571626579,0.8333893029889702,0.3229752798107701,0.4329615560937059,0.028701122072201546,0.8026513769200996,10.31152623129866,0.01741764732269102,3.2324838707489585,2.0157352208346557,0.6444003581430006,0.4360664684335198,8.389581285225558,3.0347991983940235,2.0206481577746667,6.611212149053594,4.449645318095687,7.858147657576218,14.33825083948586,11.0963180721942,1.6658886946306928,0.05233716388954912,10.52863509016635,0.028354835705082237,5.482972110513268,0.013312317867600232,0.07832932895993738,1.5449295616014433,0.0235238463907379,0.634247108895865,2.1912615110695532,1.1895374413936197,0.19159697700005596,0.320237761323263,2.630406547871002,0.5317303751061717,2.44493892886687,1.2491568215197,0.5869848790930903,1.847081009959017,0.6266976932267228,1.0395565036295773,2.2247979908573736,4.728192671072682,0.19157325273090797,3.7466930659718414,0.11048558376020834,4.748690550751944,3.3411426301476332,0.2102643731254824,1.9514571844789113,0.7574859908390139,1.9255320214847644,1.819138488015703,1.3141250271489526,0.5804517390241195,0.3628513924612331,0.46520338642581205,1.230503950053301,1.4817702082344484,0.21360753513667774,0.8669223978605356,0.13141400577138063,2.751182703513039,0.7796494211403622,1.0481060985799964,4.684820949434387,1.0677931852717253,0.5091561454040681,7.633562734552314,3.5202932208931093,9.904983360976281,3.247859264346222,0.5792696375191548,1.2013055829102124,0.04692382075773427,0.7808905328093738,5.747331494697749,2.628592304679233,2.6854013326771384,0.5313127198672183,10.248930545021006,0.644786177410321,0.3849106232813535,0.5808641815991497,0.7250272238575,1.9136465555301623,5.049955798974859,1.74446338172416,0.4622455451094587,5.867437212803521,3.5055588407210037,2.5507932039271353,0.03360398588518532,1.0623115635462526,1.1391141606867232,0.5120684717035211,0.26404545519452105,0.8816862579912419,4.679382610474804,1.4184638333813742,2.7812470572049657,0.15123058202582373,3.9915215230928327,0.08165857004866517,1.8168136790968563,0.03132137303075555,4.7155770042184555,2.575766012576105,1.589535876361512,0.6848511625031799,2.5483304521726766,15.70763331771208,2.4829555799374083,0.10498132653514569,2.0405279801060097,5.3375010288311175,0.5252052037819346,3.0205444015919536,2.2249569527007447,0.4464232201551046,4.721840811122963,6.032567947919353,0.03799690087149887,1.3389646166487716,0.3479861483619686,1.5063267147011632,0.5649795400982813,1.5513658734349214,0.8996753734741407,0.3440957893962523,7.222240317470092,5.464421245207607,0.6338792098215684,0.542723853778827,3.6552268218267465,1.0077347913087153,2.2887859556991637,4.922276977332903,0.16004246651485388,0.17887004150292185,3.028672133464551,5.551454363654429,0.019389657560536122,1.3459485160765978,6.356686950599265,3.19693499920331,0.045306862051012864,0.9338560985993634,3.885637852765197,1.3409641282974416,0.3559054318245931,0.7583717681337521,1.5564962304162093,0.06383225919500535,1.5091737605032467,1.2065425752094996,2.5251094571396355,1.79373145286217,2.4222841854837096,2.988282341443911,2.0987785811654467,0.4720500161995142,0.654754530261008,0.022036979103710497,1.3886107317643672,0.2608466771411424,3.064872855798309,0.42474249587023327,1.827485866217556,8.425154135544672,0.5582887012114848,2.8433808750275906,0.8007195756933116,1.6647408388285383,0.8288849822607236,0.5695938491348445,1.9590174720238007,0.9319572202575521,2.470404868987037,15.030748009928525,1.584932761163353,0.8007235676396869,2.3620288370050555,2.159810635538859,2.2659394477745134,1.1705833001763792,2.969100172184191,0.25289400704922704,0.757308615767605,1.0735956498883596,0.008209571712244568,4.6403410753514915,0.5458172986693078,0.976746342479677,0.7774351088203866,0.3443145026320963,0.09054473190760248,0.1680543384457135,4.550491281584737,2.237151738171222,5.547981653776087,0.6742412485670353,4.208002051570591,0.008573429527741316,3.6667905834919683,2.8490799477240234,6.277470932541649,0.004725365319601993,2.503386983771869,0.326940779679459,6.574853001885983,0.10462976511673017,1.3583225255421807,0.3407716889641015,1.7027951169709103,2.355586630650379,1.9643050530881798,2.548062991856058,0.4291926121444406,3.6623507993133257,0.5087054448239565,1.2582860409811034,0.8942092725310138,0.09853487528574245,5.7615638191801,0.19609781330577047,0.09558431502175146,0.08594696487248399,3.390951610156991,8.952012296947915,0.24606876086147222,11.53273427766159,0.07960220723235478,0.0911793633730913,3.2883604381629272,1.2184990414231907,1.4581427024789066,2.15218242565683,1.2040023776240614,0.8017599874680168,1.5804492195133735,5.698307752198803,2.0063043963533755,3.8514956099211988,4.742937179502316,1.4390503628184086,2.5846812169110365,0.3134723333538121,2.5356860306915463,1.7149321172256826,1.0669332244986935,0.5959546479602977,1.8317667346551874,0.25395054188206645,0.20391216206084828,0.09356146360473117,1.3821736026434845,1.9726640733618663,1.6834264046339382,3.591689916934156,1.014230051700467,0.11229951260867022,6.378933584536329,0.8212094351179628,4.455864860207983,1.4064556950427909,0.7907066918677761,3.579430668200901,4.726779554432821,1.6397105280357809,2.7471537509254738,0.44883506293732656,2.7429019465924065,3.44457941341311,2.969316656455682,2.0498945347965503,4.193805053498185,4.963157106903575,2.474439696963686,2.761518349339402,0.9696281799800743,0.23362465142716804,5.101812620686346,0.6307163790769179,0.12875714711730057,2.3671568726212886,4.565742258661724,0.19972964734676957,0.2917678859896087,0.6295360597379474,0.6149371171077613,1.5787780810657033,2.439855338054465,0.4793019060163035,0.26075690109300276,1.4619478245378388,0.9545537868746039,2.6509960002910864,0.01942657967028172,7.326950462027387,2.3176298988051425,0.09398224251146992,0.52695577685772,0.1696930686872633,11.323303005715005,4.209408965856573,0.7407165067635755,3.441623455279907,0.2401156173628597,0.3095515162265148,0.32757566831956186,0.18362561389805676,0.28874526761688113,0.17814582991224892,2.8882159180018676,0.2248132561684968,1.6901771192898252,0.6879922477273193,7.853021212272395,0.5929842634289206,7.527338572052862,0.4117841207076529,6.34233054277924,3.5497043403347455,4.612145008753365,2.429875101757781,9.853520886950541,2.272593337739095,1.4289947892341062,0.2826573661857109,0.034794274604790454,0.4566850430700753,13.552994920981117,0.4777270336876891,3.383752930974603,3.4816430207082965,2.3665844195567693,3.073825989655785,1.2841777732439663,1.5058550519274319,1.3023725255631673,0.4303774597748531,0.0769060334311753,0.11209500247998516,0.34139067963682934,2.590468795563741,0.6483566771823219,4.34895401185562,2.107288453571372,2.140529405010609,1.8148791080048847,3.951431396637833,0.059900027245079146,3.856669477902663,0.06178129767652685,5.612124580761355,5.45135525268645,0.7385300420129086,0.261885195903945,2.252118712973738,2.1258879253553546,2.9728867531355343,9.843411120314451,0.07795922057189109,0.7503524446375246,0.15528242261524516,1.0528414519695053,1.8649681887702914,0.4288213085805186,0.09607002404462972,0.11281812903207755,2.4591301330668576,8.4974510760049,5.464565993823578,1.8487020176922402,2.282217098350579,0.3807105082963993,0.009631985995855574,1.8653991264718988,6.260438091324287,5.613678806732459,0.609727653206539,0.02907599722783827,1.7571047995821643,0.5131050479002712,0.952910641757795,0.04310157227711975,2.2183418926566203,0.46028738464819297,1.3014282871682452,1.9336427586095342,0.08451943098335679,4.939568958538577,0.12051426208288119,0.5935106801170273,2.0556370138303177,2.3154273181758516,0.31649950446109365,0.06699966753473596,3.2963016786523953,2.587731324513686,3.4663628877858534,0.0782511157466046,3.967785686564606,0.4766954175168453,0.6489438001735335,1.1143428196351164,3.1582469808414073,0.23568325096242326,1.3541578192975292,3.2717483267781464,0.3161894057207699,3.4334854794088336,3.4076175763615018,1.4340614803318983,0.1781336997192322,7.861525877476714,0.4108242385163985,0.06207565090552314,2.255378573997297,1.4619905878770538,0.2218884348311594,0.966164678845939,0.16560583078070767,0.2645311305139033,0.6983797869413317,7.670485512358354,1.9486369665131067,0.6845809901417557,2.719621438407479,1.5437077533279921,0.21707146830196322,0.4984485178719779,6.077860410878452,0.6260719921269271,0.042493747550348626,2.209565099381333,0.24066044252794283,1.18228049113791,1.2060256996576462,0.6015653179885903,0.01006693920369195,0.4071001789182169,0.2774496487790401,1.632829271182744,1.0435364207358104,1.8454695645383055,1.338671910545382,0.17155394275096214,0.8995428432075987,0.28622647885441177,0.3743743439743404,1.6279912222364021,3.0149791600023397,0.8496868466748503,3.842698746989873,5.0108684846837095,0.9791402366899167,0.016533640450853593,0.03990358575949782,4.859311825948468,0.12068371033991987,1.6299056647304564,0.07709198994868505,0.1580455725395693,1.3080545615557622,0.878195272330417,1.0396802878299114,0.6013082874859443,1.7550863641013814,5.671334963515429,3.6895344166286117,0.5277633715655135,1.1142640936417674,6.047985901054798,1.8153988179362757,0.026964239632049525,1.4620262484053457,1.4549035229802152,0.7107713342248028,1.063885201689117,0.013138615983017576,0.5838943383536073,0.1333382957712863,1.789610814838237,1.2711831667344988,0.8235522982405858,0.7162394440125612,0.11170700054046279,0.8925834486759309,2.6035666416281584,1.3629662553538735,1.0220390420129295,7.441896538153803,0.07238836356984302,0.31877627717836915,8.005014447530158,2.2153522981942415,0.38547753866918955,0.9064456239221543,1.246315380924345,1.5628727381638012,2.2970447018808624,5.277680136283781,0.6701041626315747,10.671421066002523,0.09441502237624633,0.06456218420497883,1.053976065164958,1.0307299666118768,0.1977174165576947,1.891099564206131,0.5400671879081349,3.5923567276953414,1.6022898677469288,1.4297562426159705,0.5618101234438058,3.1514699522658765,11.827951592832129,0.7011808751656973,0.3209307879562282,0.88761223449159,0.3398077415063816,0.9102070060618814,1.2718344858560013,5.481804861654643,0.05944227894029053,3.2656376470025874,1.793121676542158,2.2289061029913535,1.3079455981279433,0.06551370661406075,2.6256105129253844,2.3089562435157984,1.3242718860804354,0.11776180541552672,3.3496189625555535,0.7678744786805677,1.704548965812748,3.7312400519113846,0.2469117859790395,3.420856021918441,0.26372641415690334,0.8619948443556207,1.3020776137451446,0.6953933255838347,0.5741804460511069,0.9511055213265409,2.786940484485335,0.12661243769021124,4.583221769883471,5.773230881746807,3.2339440955147967,0.5681179738175306,0.8028277229310719,0.7221136548813563,1.231493005248744,0.8750307035696441,3.4672532464324046,3.567890371675265,5.415646117102577,2.9358593589333304,0.48328211655268616,3.146545009742441,9.000663517873408,7.053229386286472,0.05411278559246968,1.739060377217231,0.16367075025464417,4.804486412620212,5.323220971100685,0.7162171304750273,0.5865305961775196,0.14191167378847813,0.7984315542160264,5.641332407020348,5.802541373595059,0.08169582171759004,0.37126977923416626,4.000152670920166,0.7756634051622107,0.48578807167871263,1.0458626314661505,3.722920932868436,0.3037585607756743,0.026811518424374126,8.251859599973322,0.5950883614157585,0.7362695841241527,0.13141764359629127,0.05612589922208472,0.6563789440025878,0.817885408799293,1.2346027949947462,0.33134668098507447,0.21776977421957722,0.7179244054648808,0.7405489272477317,0.03913220888621782,4.18481196699216,3.421835671768644,7.290776526084438,1.7053896856925443,1.0441240319971508,1.0365822733013812,0.017982885161466178,8.069132664129128,0.2513306611850151,0.646329604988416,8.08734597940532,1.4149735314220406,3.9302041711084854,0.38910166424527026,6.963421120623744,0.5794860512428446,0.4697045642165061,0.08162458490508595,0.15637390568065568,1.1843280382346935,0.12303862956847089,0.28500404638150423,0.9114053412889664,1.0247254387398037,0.16688082448639108,1.1196760294468722,7.022469146272421,2.4984174416266236,0.2703515967443879,8.894512415924625,0.4105540250824653,0.11279847553784261,2.2502299464180533,1.2233809930133788,1.9218123876182878,0.11482195175815701,0.3570743527561134,5.565231584731459,7.680065045632153,1.9444108442044552,0.6406938276407041,4.170573018413566,0.21838324129854852,8.542297259580941,5.497259700732984,0.24966188606331108,3.250243207319028,0.057608492748647766,5.956769246102223,0.5391792991378637,0.07108163260182376,0.46374652415001605,0.39321275837495584,7.468069571690318,0.33440153729149436,1.0078096153312515,2.2244728909744227,3.796566040298275,0.01317421580393674,0.22482744061763932,0.03064832780926885,1.5977005528730632,2.6867878567984054,0.6080316098689706,0.9077358853132007,0.29121762823536956,5.051799485742771,0.5089586902859451,0.33759639425735877,3.134333280867212,0.6237838112206122,2.418867751709069,1.5155309301667217,2.171709930015711,1.2330005841178782,5.965598938009984,0.5506295656246767,1.7993994454428017,0.09625189982240245,0.7164909158313444,0.062409071570199925,1.634310572671679,4.5563757950856285,0.2641887994251162,0.029089056845292838,0.6103016033837152,7.895874941670916,0.015357186176353288,3.225902561823645,0.42395632951216333,2.1052761518231202,2.8375586845375045,3.0411002838497754,0.038500170485611385,0.9894450120694016,0.3432364428810497,5.450362197536928,2.092046345188456,1.0525293636817805,0.9894863060920844,1.0911398779036803,0.026515335787082872,0.4121105737215125,1.8384535576426568,0.16861263726930487,0.3068425488359502,1.9092853980830102,3.596118392323354,4.570982023952617,3.145993926071127,0.014398514456900102,4.753771935607141,1.8034310902264001,3.8783574760325665,0.5771039317758216,0.5010064905106749,0.07240914494642192,4.359609062960622,1.648734474552934,0.14845985059108968,4.364721114820147,0.13828709853528298,0.4713866099463426,7.404205438307749,2.8088380414191483,2.3684336203557597,1.9693649693676467,0.08729914524058702,1.3873005338798725,0.7908200611886546,7.692905724579067,3.2965183389098422,0.6502903233845552,5.949095109107609,0.2692986865455167,0.4231483541123201,3.374928827069327,0.12855688994224868,0.2649386299555877,0.8869050354865715,0.6315430763169843,0.09029268040408622,7.718716540435051,0.058002752620028186,2.789357685017766,1.2045360657674844,0.5122217542359149,0.25212151922082304,1.3206953297399073,0.08399605840936997,5.50331737119305,0.54020364963678,1.704166006995235,0.3267030768926662,0.6504615368636346,6.2282673719820645,7.111080047504433,2.567913773294433,1.6181343430376367,4.814275602581685,0.08715951339690786,0.7619543917125826,0.7203119697941307,0.3911884132949255,0.1381162309575592,1.0303291251240123,0.47170739053966315,0.7410793971199945,1.8877983751612848,2.1858030014031704,0.4004333614858908,1.3373767483866823,2.0236452385595554,1.136277330776677,0.2802313245012722,6.7244989008429465,0.11711055808330917,0.9024800569233461,0.3251318365449518,0.2266892869466015,0.126268000900023,2.5607184426658636,0.4784181378219494,3.9039423291284368,0.037624762404566914,1.375543827450782,0.2525692452939565,1.71885144791996,0.553660059397731,1.9439973053850572,3.2395145094966225,0.12932774234300298,0.05571846100420785,5.76892460414916,0.42090136538143996,0.32670378097780595,1.1769616600365629,0.46872632041097745,0.349887022717809,0.2523637690708984,0.43403128790901446,0.5617153296399509,0.4427344447052868,1.5131967652878648,1.6325092036450237,1.9816154081998651,0.31810584930570296,3.043024247169015,1.1862450312591206,0.8322152618253925,0.090700836854394,2.722762392814415,2.5242437806656666,2.6834652006392625,1.3809355364301663,0.6779889839423787,0.5698382974645388,0.38868831736556464,2.9448323364230333,0.1232694347669192,5.908450037244035,3.6980736458792602,1.195419105516519,0.8843453217521744,3.418502863415734,0.13897051891145362,0.21485340658898822,3.4271451034988947,0.51554635527764,0.33667926063410536,0.4421156680533427,0.4816505519941279,0.5214322281259562,0.22171611535170732,0.21877445407601703,1.7363158931876532,2.7035331774730618,0.35120534439502205,0.4962106259382053,0.536529673438304,2.5797039220509723,1.7781615839070728,0.6149286711663033,1.1856478500450809,0.054881861063997395,0.2641229616340013,4.750755316368895,0.42905892592511635,2.061818850753176,0.5443796582872613,0.4604374963321963,4.602946399900995,1.2840818850200553,3.777770749720693,1.5906231548728214,0.897485055883374,1.594112992439285,10.972984071781715,1.056994009334486,11.429476183658517,0.5779394100869646,0.26370814309683377,2.3788971074806944,0.5284752582315138,11.93481785142312,0.6368099798888767,10.713055895422986,1.5789129036107021,1.9177802393405865,2.027211502730985,6.919813060487553,3.004786789844217,2.6020618120963084,0.4679915695682739,0.9669514041661633,1.490767257115249,1.653095097442776,0.10655181798504665,0.5315291795443335,2.968266549024425,4.771108362159165,3.221268680976644,5.708088058594315,0.3978533452329352,0.15873143108453325,5.6131794294075785,0.11016147397506953,4.384918939075144,4.031942038014234,0.1402869861683298,15.644781382824172,0.6398188752247437,0.5797704166155753,3.329072993211277,2.31464438683179,2.6262445430638275,3.6600757027956807,0.5310926880320905,0.14946377395260824,0.0673164968033717,0.6732664005420774,1.9628521864527824,0.22160654186295003,1.1264433232590227,1.6030107865918013,0.039156632782121115,2.1970358372629635,4.710064943632394,0.009174076505990891,1.8132812408355337,7.0602700760652315,0.29158962012200984,1.0039420122887786,0.014825267481997528,0.46587393328424415,0.5787284549006482,1.9739341303636615,0.04659713283861189,10.359765901060895,7.271682980599215,2.5208152719339267,1.7945025468863767,0.5566414405236211,0.3832146168103252,0.14921421580428262,0.365903683909482,5.800527178461572,0.025970781168917156,1.2601918035257866,4.769197595570393,0.5200985669261273,0.42591900592424525,0.9778696887780116,0.36010763987294725,12.494052006102885,7.368448490140293,2.925999573689252,1.1897676051736366,2.507710864309047,2.9921968173411737,0.07919983706157874,0.09926562839787612,1.4632123451317203,2.4703131531623663,2.7942678091089936,0.11576679129422551,0.5797385563377304,0.2009560069147276,6.1666388265529095,1.909972831150129,2.9729192525869212,2.9872463677864376,1.0927754224108575,0.26181752954008,0.19179619943096093,1.6187424094569676,0.6287752875124266,0.7153700415249207,2.5061392528323836,5.653087670405925,0.513860747559634,1.5813409194662975,1.6127641335420588,0.21814364436479544,0.27456747674175563,1.0243189397719927,0.5119252802595712,4.723296779483114,0.36714486889129283,1.176018090618292,0.13593140260441405,14.293455441506513,0.46668918829726835,0.5989038018753068,3.423552753055197,0.525636946745333,0.057372077877528405,2.3156021804107514,3.1081544504074636,2.699354843806229,1.0537051192227382,1.8107494507967148,2.520045869661635,1.3182227639294912,0.9982556729614955,2.9227815688366032,0.1161851314793938,1.0207722255318628,0.6789674877339635,0.508768172276648,1.5037264498220364,1.69545681090665,3.5897262196453252,0.19981523768984566,0.9257087844283525,1.5422242285162744,1.7241809263910617,0.64293961494992,0.6310772293249829,1.7351762571262483,1.0375897127873386,2.5439096460705053,0.3388060968560338,2.836772174094687,5.072120673720788,0.03415434329953171,0.7596674491434614,2.007812678793293,0.26318460812358735,2.7733687280883936,0.021924564061384988,0.19773118848999882,1.9308906866027593,5.191791219348847,2.9219361871395386,1.8196002632262611,1.2003133175722245,0.8762149518888147,1.2098591687151696,1.0296977083052112,1.9205051847460854,0.36642198333638065,0.25899809884385316,2.2366113012657243,2.9062381600194325,1.8949990492145548,0.20736633548759453,1.616749470589701,5.61294387400268,0.6383080137105273,0.06425659597436173,0.6984336911696098,1.3100739635483574,2.395021768888942,0.680091181901801,1.0946498212814664,1.6297962499768284,1.0388716027879819,7.744394611667339,0.5616397801971402,1.090759436393487,2.0360424882263044,0.13361792519184823,5.042563392095865,0.5634807727960609,0.04352579209369001,2.4116579506264197,5.7294772805551695,0.5687539999659836,0.9623518653299592,1.4289076579568452,0.3504719602778301,1.4474476075136062,0.22933063544840993,3.469765438509071,5.498747420414952,0.0014720706333357647,4.530193156958308,1.5569337239082255,0.0987733054210107,0.031723245324642546,0.14503167116872384,0.8719890061879698,8.30547441422333,3.255231541664042,0.045088210876357504,2.893664626443682,1.938341862470981,8.900552324817461,0.10328527996154,0.3741099000438493,2.550568751294576,1.7410945962636086,0.39507005286761077,4.229930412220764,0.3602470772384505,0.5006964476462279,6.070322757323138,0.25837951943580817,0.16894750728109598,1.2912724059664715,3.0094893098547484,4.8951614384048945,0.26292265078245713,0.8074368233262272,1.0173176899159349,0.20424097576713063,2.10678850406799,4.796919457715443,0.23169856498480512,0.0956315094854554,1.4315417422779038,1.6126034991218994,0.16856657251199825,0.5114898236580909,4.194609995033196,3.4716519876189516,3.002748023400825,0.10353363384067649,0.653853689966384,3.648904017195158,0.3381512653046903,0.9776033648376774,3.404996625461237,0.9607374678805392,1.2233505753569434,0.08485138462109099,3.0841927262783813,2.199035815317139,0.17261521700227478,2.8612354436255316,0.13723603686216146,0.6101868890117705,1.4984713018049758,0.9729374250899543,0.1952050387382842,0.5440280989828175,0.7375630833718134,2.280917897383658,1.7670644662264783,1.537177784556832,0.03698728450243394,8.833064632418886,2.0809904431325856,0.441457957050703,0.6036467505424352,2.2251913463635113,0.9496441279536805,1.721074899272225,0.9182033268824403,1.2348579821582946,0.004017430190126792,0.009387268817561134,2.4953425487893655,0.47283044322206935,0.30138557828933266,3.1969405626085594,4.551166798610639,0.6265063830124777,0.4777455496922647,5.745977376502661,0.6406974019611962,0.2153196830513482,0.0892850713695017,1.599172732339961,1.0271763064817763,2.1392800896493696,1.001729770007974,4.249540838902752,2.2297820144771223,0.5697246596467882,1.896921051565871,0.17758683268227649,2.7259571827446942,1.050018536621242,0.7216290890877193,17.55005553615211,7.84801392467048,3.919325828827792,0.7346153743642718,1.4716416046505911,4.201168105844771,0.6996959693902105,0.7903493907402104,2.7348831808656815,2.4572961087611964,1.9098182902036775,0.15871486662969825,1.2491532781779433,2.8906566736239396,8.842759489091819,3.7240102987289365,2.175840612157429,4.233984455838925,0.8396634345129859,0.4014719450503226,0.076788991758455,0.2889179147362404,1.201974211728671,0.6408769088755655,0.8320888754744817,9.318121904362084,4.936578188429616,6.359661631515058,3.924648277250755,0.11510470537507378,0.9921659288219058,1.8283596571560916,0.2344184293768179,9.111861395117797,0.7465047189199816,4.282528899504507,7.239007974763111,1.0145116534344267,0.7435534374764341,3.507283452653527,2.3732573492616442,0.8320722811884123,2.0476838723002855,0.5320922643450348,0.7815694955080437,0.7343260572988419,4.48362259879238,10.383941415408458,0.16183262761605155,1.3070638289646936,1.6538900104542156,3.929346661098209,0.6317630410645787,0.32808318593363506,0.04140654558555745,0.430632749676781,1.3421766181630046,0.004571467732224166,0.8994336199815907,3.605115014055733,0.28899417873725675,0.5400226685881166,0.3650873487202728,1.1718233039193315,2.084790998428971,3.548074145854045,0.011608653409714842,3.6827303849304114,3.6202118708156545,1.488649971907389,2.7125207215295797,3.148451504987116,5.464924925946049,0.7662657614658814,0.5659852660241531,2.838672201066861,5.050686375493259,0.8803778285709956,2.8326496982458025,3.635931173601114,6.782342389208578,1.4709271555823327,0.4677944763205195,3.506061929512384,0.17091593372417813,0.46960609312849844,1.2577763819636247,0.9553639065468928,0.47617684176495323,0.034757054273534926,1.5691897476800079,2.4423272186496914,0.5375309688988641,1.8810634774262605,6.5498493081137905,0.027512264128933595,0.4630861553095782,0.11305697976571238,5.862057989620539,0.17561968720071852,0.3390004426615636,0.34323659242429005,0.6024510481817724,0.7871739086932623,0.456236897027009,0.14556255427119869,0.34060722955712364,1.2710047241364157,0.9505781505992741,2.5313439991911153,5.407876188649989,0.008801399641734875,0.13295998683930232,0.2702697173346027,0.7884206261470812,1.6869154235620463,0.2046664112536727,1.872229272649533,1.3509832552471734,0.11876850396457017,0.12288684839606684,2.445416842587932,0.10414467798268645,7.686093029991362,0.426563860576305,1.0682613111316999,0.9046129703809753,1.2911447439710448,4.730194601141908,6.785827648269557,0.3734734860398843,0.39296908037875555,1.1705586263379288,2.6992321852855765,3.2335032180983534,0.9111594382045536,1.3485918080741714,0.09988635475449037,3.855939235919025,2.153781627763773,4.742106445588572,0.20994765540134974,1.599623131455443,0.022832346952659233,0.275780181320878,1.6472183246606347,0.07091997968697505,1.0216504336721695,1.8441265741549124,0.15049500338797528,0.27181722276700926,3.210396194240059,0.006777837967470113,0.5351803944620377,3.83197714240324,4.602919215655381,0.4169464034154479,1.9549283052492576,1.1223427117278728,0.7259926431731882,3.790091173899195,0.34519366138892016,0.7151552698359892,0.3288751491965731,0.9489944261298645,1.07525217101855,2.931770901608094,0.4051033999751046,1.5101093892436075,0.31308350411114727,3.989684855029865,3.2966863841407035,1.6689433052840021,1.5269718592501524,0.21451055448344936,0.642378019024301,3.9515659064052437,4.033024231396349,0.18099617185211958,1.2763407404127747,0.5151655426460018,1.1247836895339556,7.331938453114569,0.9779140296157891,1.5049418401296917,7.6647846251875364,1.7769746035683438,4.018344798653881,0.401868190027296,4.944946295351961,2.7614080209659284,0.22374626828127564,0.1691343435504562,0.35585243897126073,0.13935336858234448,1.5504615121984402,0.5996177517566847,2.568923193101916,0.5487657538837314,0.5121861354205242,4.258468701861776,1.5787049628585827,0.37571113230796693,0.7775383444070929,0.562629250816826,3.035615774035906,0.18350300710474876,0.3995372270616584,5.148203573502165,0.5502509907466118,0.10004673673509012,0.08812210818854993,5.788750497532378,1.448868666948258,0.5239963371083094,0.4967591497631936,2.0000588378489343,0.005355352982721884,0.5206860901149762,4.05157871334657,0.37960580882763884,1.1576557780785057,0.4621163965659474,9.28411210209287,4.273113777938661,1.6017274154746426,3.861279040015651,0.0626531239068373,0.010324569303217346,2.161450555950526,0.5973823124423995,1.531062387772982,1.2412726102333114,4.494435323113612,0.20607977517491716,0.12545768348410635,2.6517982107837654,0.9461135410527794,0.5511017424610309,2.6419692627445386,1.4058765144322922,1.6930190586692409,0.10041078372074375,0.6873379797834853,1.5013532431829921,1.6409551779804485,0.12019983013250979,2.808005415182925,2.092608261475355,0.22767974384068346,0.0737401114359213,0.4183549857284403,0.10463080636227651,1.709478324060942,0.3982494469655542,3.408275907542741,4.95028631388296,0.05309746080094069,3.6498990489630643,0.2535609216777033,1.7473309896900102,9.889105346745598,0.5639887982649912,1.1488724900608465,4.076135037781835,0.3794743446788984,0.6533804603195223,3.238959702844947,2.098363410599202,2.091591613066693,1.7317293098978548,0.9760091245680953,2.8437236819435494,1.9337062037180264,0.5303144327826828,19.027524430663487,5.0462885379089215,2.3955094018733396,2.6900762420855866,3.5155653056616707,1.1039896489197403,1.3132526024311024,3.3109375812323254,3.4583763666548686,1.4269614239137423,1.885334502125723,4.8322180902874,0.6777390645284989,1.5055775063054802,0.07252114805479892,0.40017051412073945,0.5751495346692375,0.06855482839543159,0.03027769509888323,8.351235851666473,1.1363370843098137,2.1641201838152266,0.3009151021916854,2.7313722040587374,0.09289503797256926,0.9593796263490821,0.1169788854092777,0.060533643298653184,1.0751748118842377,0.7784656730276507,0.2302568983233253,1.6826261475670878,1.0499320009925723,0.5097756748774718,2.8219609032090207,2.1374722387027996,0.082073268737471,0.22452209914651822,5.185584145670086,0.3209317599810857,1.2177873966459405,0.6467478737145114,0.7820352266453359,0.6126156790449275,0.900027714806082,0.11767566976916366,0.2502897375773916,4.963839315517619,0.20467209870077863,0.3559474332588991,0.8300029615180533,4.279274933803628,3.414412309367405,0.22258605561072775,4.068637539812781,0.4968284388901729,1.1650374428997934,0.686841321917405,8.02813413443071,0.8018741124529131,3.104964242035299,2.4994279112438957,0.45589592775826704,0.33106210793863733,2.371625857528743,7.029388851419993,0.4825452620238182,0.3389913833311682,1.7044550926336377,3.035135542972228,10.649307680918739,2.129962069199802,0.09705015919817317,0.042812359960263224,0.6706706137286698,7.343263403819524,0.195007201128641,3.3895296348731234,0.2594378209243422,0.9134854221728421,0.05175457633324787,2.34313513834295,6.153445667641852,3.0892176711063355,0.35734194358739624,1.165372606448718,6.6169762829538294,5.205956769078751,0.25805781357591095,0.04644090319999816,1.2362343693404845,0.09209711463992543,0.21565990947141,4.9526789698721085,1.7722772263013922,0.15306655444067063,2.1790889354767367,3.445299552301225,0.22250611528145525,0.03896459771775285,1.123141690450701,1.632277139242341,7.437066093904009,3.9990201663524516,0.12638187168337023,1.6215372336472738,0.03386114368561294,1.7955537803057613,0.3796282570606211,2.761363589719151,1.7788574335503433,0.0877432494962842,0.5054843353912392,1.482549587837327,1.148925328671225,1.8946595961910577,0.23215893112572905,7.787260438238848,2.3921706773668237,8.16507676216388,2.9458661593532605,0.3943872543081193,0.286125588871432,1.9243908437361283,1.3394630641051135,3.757995637873856,0.6772499458489878,1.1540318723043286,2.0395387951405337,0.6088281843048626,3.7488192400464055,4.200124912394358,0.3078472136341375,0.6098162090181827,0.12484123720892382,0.576534519320117,1.1792078176789902,4.582236696728209,2.866321555347417,1.0844203682237565,0.10946460394039237,0.1178916929437186,0.2749703363241547,0.47788609781076175,0.010838435630329268,0.17472830649848636,3.8303654380433754,0.09598969514589573,1.038508017790377,0.16776384359320717,2.1268501503506174,0.38165027977414834,0.021338984033106634,0.28897061801565804,1.2469072585846817,0.004161349901604439,1.4319375985481275,0.2943935848562993,0.045817150735679046,3.4563745963879957,0.022192738597172523,0.5087022908176895,0.6227372451972775,1.5530746708478358,1.2186283430983984,0.8384918853608476,0.8038076587041586,0.4213088135065557,1.449554436377066,1.7891778304613255,0.10456229903046577,2.3092997730633926,3.0084410548489124,0.05021465719908236,0.8035851519259216,0.40753806237436563,1.0511976681217141,4.123205926941142,1.9795667942231407,0.1139213349412429,6.142769540146011,1.984032138398196,8.95017245218319,3.9847161132444064,0.7282886352922446,2.221284623175043,0.1740314683731653,5.08269170292105,0.23979543247390467,2.164875858704999,1.2663194101577104,2.6471491702331917,0.1719486872880467,0.12917163156191092,0.19092888123811658,1.0137938229605852,0.08867400539222658,1.7207607527650077,1.9488065183705126,2.542652496137587,1.3839672866809072,3.6226363205509378,2.144447534696104,0.6765560539496637,2.252536531549616,0.13564255053272056,0.8993388743206188,6.711193302420939,2.3446019008708223,0.12164295527806723,0.17345879407369802,1.079598346824467,4.278618251365097,0.6318997739384073,1.4146330983460325,3.705875070851614,6.601528457069299,0.2852764632764094,3.6866898457559247,4.172975354289886,1.2671185986271492,0.6588454792261769,1.8982017478277111,3.4203826628500993,1.2818130473476357,0.02911129954688474,0.738163969356191,1.0999750391362924,0.35049251046303653,0.1751317730267079,1.0230042660039045,0.8751541904287616,2.7525875421330275,3.714721037825795,4.016826163557285,0.42468164324281443,0.72030760093923,1.3486442440255355,1.115983771837468,2.2289482062893953,0.8053312140595246,0.35444312244929677,2.5495051046516224,0.6902377146908116,12.76264125358864,1.150940520629519,0.7525013149507687,2.173384130702222,0.26359213890913047,1.283853026780335,2.5218966705675943,8.0534309693921,0.20020170505155171,0.7529575148003843,0.44357984349432145,5.044520809169887,1.0812971621133485,1.52701724351975,2.467036257980619,0.26271152509385876,0.9128042479094852,2.1747753048090046,0.5075691132952964,0.02998532710731494,0.9573525661932838,0.1336574370509327,0.35326929998441725,0.32854720968932205,0.26831824208284194,0.021160561954603807,6.808179817617029,0.31504319629167243,0.851950215108066,6.234573467776615,0.829509579175333,0.2616854088922902,1.2069319603122892,1.5329243909758627,0.4547397757959424,0.39875149793117615,0.26321764103645195,0.41489667917648876,3.490818096740428,3.0781592355029783,0.1943444121497251,0.37965177394100674,5.438841443853452,0.27710444467869255,0.22723189008270683,0.17856662363387898,0.8324334076399027,1.2521644054839767,0.03879509245543167,0.8053172674185177,2.4186306110914644,0.23736412616643476,4.24617768676066,1.8580187720942547,0.2043090259133451,5.0558362640840695,4.017614140892489,0.6371122413679282,4.341642738480369,2.560203632318445,4.4936400974180835,0.6381863149081133,0.21574227147660885,2.531793004946387,0.018295702663276403,5.048690296702522,1.5293089558420045,4.04087815409198,5.9206833395170495,2.908539045885246,2.2691913910084063,0.44169647320583494,9.206958097674537,0.1285096338315146,4.158413980876972,0.2178083642030577,0.9862471562271056,1.3454936058310936,2.7384006633650833,1.6918422032538296,0.22445655748210425,3.7509318874653474,2.490564773041612,0.36881792786849876,2.8884887556751244,1.7273325233038674,1.8515931125596592,0.23473958903841652,0.25879109908752906,0.4176616125330055,0.5566933327756693,0.27817747334826404,1.5185981139763696,1.5267148617926491,0.15452520951741755,0.4321193721989396,0.7752522227434582,9.355713388427919,1.696170850511887,0.06373659795297404,1.599866306677948,0.00912343174284036,0.5785995938018895,0.1120151937181999,0.45763351532806995,0.6737209683602231,4.843318692165587,1.8003159944418745,14.870812340264902,6.257002168170285,0.16854316550158766,0.8615519411253046,1.6011828135652082,1.343987057461205,1.3519855840500856,0.2009625526932226,2.728561606356088,0.4510824866588889,2.406770270076593,1.5668956261362066,3.573459477875312,4.5862478086149885,1.5935531469960682,0.22085936291857822,1.2438538423684977,3.431900723980114,4.285288511216887,0.0024969362083070434,0.378397543010232,3.0876492304737004,0.8001388649883796,1.388290554525621,0.2886551103510038,8.486094618220873,0.3917142483694789,0.20245768911068662,0.9622703443442728,0.74135949560664,3.1764072429173646,1.0500516550945296,1.1224611446143251,0.45284019095565897,2.379097211595999,1.599143446042664,0.40094007555948685,0.07843069222744203,1.2542264522598505,0.6600257658357189,2.881829893541161,0.09481048613145715,2.0783076993921195,1.0431389545862961,0.2813284420503171,0.08319485980513397,0.13785687567654126,0.9777389987703853,1.440452732369169,1.1980776018554657,4.457458268549188,0.4523834546564287,1.3007830688658695,0.5289629791681059,4.500622883486785,0.35130648086493,1.390050546203455,0.12630379541818826,2.6910762418669414,1.5183800710600246,0.0972883325654057,0.3105768351356417,1.4150757041319295,1.2180474308388902,2.8788090274872618,7.0734843858510885,0.3949377222287311,1.1562062419349592,1.4069162885307298,0.59090243938721,5.26948189742302,1.5873409549719069,1.389474562670367,1.2669465915809726,0.025075185495743946,2.3248173195265682,0.7118320153592608,0.0713882412874387,0.5651413048472472,4.920358235086758,0.14933974646935777,0.4767633704776393,0.2005350905760821,2.277142140349902,3.1842412369090605,0.7498923401621868,5.70533544210066,0.31416159845703007,0.030573882056018853,0.269611574965511,2.7231722187701215,7.1002440608907476,0.28646543969166727,4.260872896120306,9.238698712073598,2.283392281917503,0.2703175936564007,1.0914538796344102,2.1942731544197125,0.0466956648807797,6.108069133818896,3.764692164301513,1.5188602503862434,8.017215365784018,2.493968088555347,0.5259075827615797,0.25345620185600737,1.638755838418639,0.006952852815111044,1.4558478569761757,0.36929454422781216,0.30637023487716775,0.23677885702883672,0.24863387723353375,0.2329661705672521,5.873521008909973,0.362689981052126,0.07179675843396893,0.7074565538947879,0.4031986961020682,1.2692328321796356,0.9373548360333164,5.1531313035843915,2.1001135972737317,3.462660937764633,0.23732315566357176,6.125919449206009,3.8312794544639095,0.05170087339631668,2.7940515857901786,0.6977115481190714,3.36286940126205,3.650755173887659,0.09443705314303141,0.9916224591437635,0.28675937398103946,1.5274345729401206,0.4596994516770305,2.5692199753044003,1.6174666366710868,0.42520251639698614,3.9258607986849983,1.2567622677744574,8.892715326986275,2.4406731410280855,0.016839818032755804,0.39475403571980305,0.23630335392472612,0.9471402897768115,2.1376322200941122,7.835621986099806,2.5780286087024518,1.0481387090120058,0.8503204845601711,0.7381076083572038,1.8117925483318875,1.9569453013244131,0.6321891131401935,0.39703728482266865,4.023383867155701,1.2861247675381615,7.566486577415546,0.6445121996867105,0.05942325800636583,0.07955767796235214,0.12465086295763447,0.36147778737853575,0.22978014559044224,6.296137425554649,1.741425723849878,7.449687485387261,1.4508339656401923,0.2634947739346476,4.601822930953214,0.33842618588802686,3.4281991171419928,2.386058783364012,0.9291153624463442,0.31609848372470395,0.1972739600351281,4.722815687326982,4.496563946790334,1.2913418523606688,6.072705021467293,2.398550677745527,0.2664756521024447,2.172085016597948,1.0015164041106712,2.553858502582183,1.021180093054733,0.9431708426506993,1.4228329809878895,0.31545582953480356,1.7565126625103877,2.9404831666498175,0.3366903969967727,5.323060258674753,9.265987834237464,8.598881664840782,0.4669076656581592,4.448878405102437,0.8052604728882052,0.11411750263667542,0.9730503461252319,2.1577489927319036,1.896433380746824,1.335577990367594,2.409016554217617,4.732056449817406,0.6122511091941837,0.8999356275547039,0.6933523343520704,3.583493838886378,0.014162033755465764,0.8378147737110451,0.825178004531443,2.395902387620316,0.49796944358544126,4.319757872623576,3.1573469620402395,0.6757477081517995,2.4487907877302066,0.04491242158893782,0.0755633356390989,0.18395014742906524,2.916793426173737,0.08691616448749473,0.3584343934007449,5.477151257942619,3.2211079304073915,0.3643304997667651,3.177621644683394,0.8158547606256299,1.305036530372504,0.5842572345374037,0.931320188739903,0.7169207174858596,12.422929030174332,2.645063946613594,4.390263087701237,1.018207879615241,6.821112195485446,2.4615325497048266,1.6922874097109486,0.4102298605674912,0.12159075664006869,2.2370634517148287,2.2709927378416843,8.358644238990498,1.5781002809265277,0.20135094816989074,5.8236285904201335,2.4406179619079342,0.9003403740192146,2.2694164874355347,4.408958887830106,0.012758400293813477,0.012379987954899807,3.1922717830865786,2.212028881529609,2.6459895990594666,3.791921308839627,1.0239877257361427,0.7123503674397722,0.49505463227174173,0.182842681409773,3.988970852243793,0.16348130021423302,0.9907350896185332,0.3735038350655162,3.1169588320599364,0.41806696800831095,2.090575390377415,1.202283233658025,5.978296523527549,0.9313408031904966,6.085276707113804,5.194017996871025,0.5658517661794793,3.4036027922003207,0.15016749516124572,0.17061097926467272,5.515410605196733,0.4739357568778104,0.9464594649611888,0.2592702961752862,0.30034427167859246,0.5827473660474074,0.8620237589672008,10.342274861486644,0.04976019402148618,0.24945056625198747,0.015122332748833678,5.9320026940317145,0.03998543508918995,0.4530611796573636,0.3226094433700112,0.1621832764347162,1.2027113932196571,1.3633502595724876,0.6899305302257235,2.0213733810891688,0.9022268778868756,1.5690116335481648,0.5160990489605295,5.288660568311201,3.113813970219587,0.5736854747577734,0.08938910362342622,1.7577321152206995,5.69548843430699,5.1991926071188,1.444648145656174,0.7821422863196085,3.3824624860022436,0.4353584922196061,1.4491527556053285,1.107747714268804,1.5061839213508832,0.6626417184828325,0.8001476829311449,11.057668536703503,0.30868475450830957,1.7875310944408835,0.062120742098170645,0.3816585091865333,1.918780948463834,0.19039075953342,0.6136451977733675,3.3822211059925427,1.3891076227051287,7.068748521505185,5.066050697032301,1.5732842997104584,0.7063258421658275,5.449333198883792,0.7765213578240007,0.47925931408991174,4.641774004494667,0.2966726153727821,1.230806035257869,0.1392589100753996,2.6706973698070806,4.30026701287326,1.0812095120121663,0.4629709922313485,1.5988175496531496,2.172548604277689,0.09048992390511801,0.7313211507406459,2.3942256625815146,12.302835662955257,2.6747862137089493,3.8537098385010835,0.3554375817559263,0.5702219143526104,0.17783405877729574,2.4327479262517606,0.4079056871045368,3.1148763037368923,1.0385146580258482,3.592718041133281,0.3722536666064671,1.3527478587519,3.183890250762223,5.385878087722722,0.0673574482449959,8.842697292633137,1.303145926270627,12.240275396639,3.795754425288484,8.710164683674261,0.7376081612589758,0.12705196608134828,0.13452622622747157,5.107113357809766,1.4730526630695067,2.764880362211452,0.05348208831949197,7.230687852766029,4.23277769148278,0.05165660949010398,2.584900477334636,2.1751057491201777,0.010326771155630077,1.7269339999357438,0.9384132094330679,0.6613380599160628,2.8708998281351565,2.4023206305920053,0.38699013571499496,2.2460447117002116,10.471096211114416,0.6813790618216937,0.0007357541399088952,1.6826697992882567,0.29728621650349707,0.009967414186905721,3.0331226704169327,2.483166607156644,0.04217306223403683,4.988931245879842,1.1470336642941223,5.5358942416321035,1.9793029516307254,1.157251985358812,0.33056121565105556,2.0023736635997507,2.8635079058061783,0.05461752913628437,4.541722425210504,0.175954877802445,0.5282246152455976,7.297270090746591,0.3850139260386789,0.039751091734602895,1.9487046164240613,0.3658677613344481,1.8846142047671528,3.8935766246578636,2.214907820712386,0.36684781704036895,0.4737631620237477,0.9697239386377658,3.350315205000574,3.71847028820156,0.9078379165781255,1.097807246935778,3.57227871450661,1.0032186474575617,0.6091248379203871,0.35329939169543945,4.049560993955885,2.6771859923944366,1.4395515096851907,1.3538151002896295,0.014113793999090962,3.220035173819032,6.409716877696022,1.4345020158264064,7.578224110121457,0.004517510459148388,0.039345953397113664,4.98221168672803,0.26757680031027475,0.4243300791387044,1.9513833065406423,1.2796609532905472,1.5368568595180028,1.489826015264915,2.0650569966022996,4.131512898608981,4.094747784073212,8.099984884273823,10.62099316501872,1.6373115176909734,0.6275733456508297,0.5800103157095928,0.1347712564542003,0.6540579454758837,4.183950180883098,0.20894267427711138,6.994709729041341,0.0930884977795583,0.542835216580265,2.0492187944351725,2.6016658055214603,3.2499235718479924,0.5774917846933398,0.9173861394551213,2.9948126005617257,3.3000265123450805,0.08581831369544712,0.40242934938417363,8.514363892471094,1.5722218704444444,8.777738135346443,1.543383719017628,7.564294711986173,1.4708362718332535,4.029849049005323,5.008924082307178,0.16101956204174117,1.2396245115751054,0.1728699199560889,0.44272983961902224,2.538833756661165,0.07018768450731017,3.950127711299973,1.429506327219479,1.737068393351086,1.8974458577153979,2.3859607787282844,2.318151870995151,0.5599021013039138,4.568124858460408,5.25391349289119,14.71399170891781,4.828928205442189,0.19770733574450905,0.047521369533544466,0.22185965440875388,0.36685637810113514,4.954541267395926,3.294224405304365,1.1524568251822325,0.8785839064393273,6.370052569126102,5.339097700083888,0.2175569264556535,2.420164428116899,0.18826281226466268,2.4917285193784653,2.1352210959092197,0.3224581099059116,0.1437110850287271,0.41443839109966807,2.03662295636252,0.4334423061577386,0.16235190581158587,1.9579436898226916,0.02589844428031518,1.8036287764031576,0.2043945045464518,5.4026090725471665,1.3796931800009342,0.7012755910613366,1.5714332864901204,1.013419354549227,0.34308390571721725,2.6024582846675024,0.09668818851520705,0.31663353421859686,11.336471524810454,1.7946747850692812,0.003817496954335864,2.255659022279718,1.8380595527433385,0.5949195264806253,2.2472584599094576,1.0520297158220533,0.9379757813134102,3.080466279370185,1.0881758946362763,1.0519070929862615,4.40556313528892,0.005589491382821499,3.5865855936386226,0.5193689325949205,7.91038714102621,0.7427434977866776,2.0753981991471484,5.452286784196206,4.2222890822856165,2.2985751758391477,0.5917219354158867,4.077582333042122,7.070445354535648,0.102958253823912,4.7327979728409915,0.05504695560291917,0.7843670848641944,0.3837543542769648,0.29204953455482197,0.31725747531069937,1.6947408155013712,2.8813374557818494,4.396154047544812,0.15430280591056156,0.08318348344199555,0.005022041677945566,2.3801277435311863,1.3290943409549323,0.4159369761368388,7.048697004058455,0.7956508133046418,0.3285784603688935,2.0217852945929122,0.16652037399031727,0.2247711277766835,1.4537168803147398,1.3176909377556687,3.3443922261886345,2.1969916050955582,0.6915983495067415,0.10343656243877375,1.4857905926494026,0.8506012206371247,0.7871139538042753,0.8237228102855818,2.2273072026135954,3.5622102076375124,0.14087066190150377,2.810617528035522,0.822249413531182,3.392594179912714,0.61192959823099,2.3948294562124195,0.29567195969165105,2.2129749718325806,0.19454566398038897,0.5649453387154217,0.62775758545662,3.3680856372359735,0.2384675353206236,0.06035816585175002,1.5879557033610534,1.975304430670116,6.820483789418371,6.947355695291977,3.4497124091066573,7.5109634627974495,1.0163059156162193,0.9099344954675672,1.6760332906621018,0.9368226329511984,3.6885793805650424,0.5275701550149665,0.3640759833807725,4.473169497836029,20.306374438730813,1.4681331268322022,0.21435476863411163,2.362584726485199,0.21400943496223607,0.957644167843646,1.324343746970057,2.950991308983507,4.900185462522467,0.5473277132397769,3.7210547785111228,0.23361777814024842,0.3143323451708374,1.3144948733572965,2.190574968146931,1.7720625096123896,2.0829568502828537,0.9009364040477963,1.9088490598241132,10.631156934724574,0.4473292505831289,0.6136577082605079,0.3933624623953702,5.699327848502349,0.19814583918139772,0.6923525165345117,0.27301191317031825,0.11346586994277452,8.282563910776762,3.2323717803729517,1.680142322778251,0.6289884310560554,4.51325488235723,2.1165110843806683,0.3387282252997388,0.20731932271138476,1.3176174936987768,0.6343973454582532,3.4578118271990763,0.18419305191975166,3.690411565023519,0.2982634687235388,7.4665350028383415,0.1432785085099164,6.3880722824386895,4.34207149668071,0.8430411695195686,5.611840433092856,2.559800372966307,0.22459373545610806,6.908245537481619,1.5955569075441818,3.6296408179080943,0.40206540320727546,2.714238444459749,0.14396704764115675,1.9075921110098475,0.23327418301107583,0.7821237561995384,0.71094101181962,0.0880818595927233,1.2814971348029396,2.942535457096354,2.477054166904635,1.5312906379910094,2.2121870258518146,4.533130684634852,0.8117206364451419,5.654574658585676,1.065898860164706,0.5424338158489483,1.5081593746751532,0.26610748222414937,0.2659145522749444,4.704489517260937,0.38918124283036104,2.8526606116162823,0.19875785112294753,3.0179923299529183,4.881064877235698,0.5457798150459223,4.340824317933422,1.6849066248061089,0.5946566510921588,4.483441851519458,3.1511121820193244,0.5844640705434907,1.6573505687749412,0.34080646592481756,2.2953937772246045,1.3493602475111928,2.4516838269894734,9.58991776532803,0.4008910929941283,2.5033697411847022,1.7549295777247762,3.428554231853566,0.08607504021050416,4.997214060716171,4.866142814958344,1.4873624793724811,0.8059144651139207,10.559177027149001,0.9604452633569351,1.206304347032508,0.061394944754003866,0.395067996669316,2.982459519800125,2.7922719118424117,2.3001201880990476,4.484085814788553,8.837336794417261,0.5919527405912351,0.22886404849013342,0.4340035484279454,0.061446586694721916,1.583882898870901,0.273031446412496,2.3161355216440764,2.4677334816413588,1.8351139189228234,0.2856362495219821,0.687098819929874,0.2783328115591559,3.661170727719476,2.327847108633711,4.603606656155948,1.6534902125573383,0.47887789307613016,0.3577307740466733,1.3270246150032046,4.332960951492634,0.9366837394580885,0.2948532371169311,0.883995823577943,4.020060574708857,0.27134952889067354,3.573332895517877,1.6028429088689693,4.534167781931183,4.7013628374276815,1.979524225905739,1.0933032008720964,3.1605984085663756,0.45756766075637323,0.17896669210338922,0.20075282019795593,0.1416864678298595,0.15316962307676818,0.11176924045125047,2.3477728274136633,1.845899756229064,5.8958473457988205,1.6223365530246472,0.05983698897733669,0.20779044197429153,2.401523415166941,2.86878186945774,3.5846047199633784,4.519007757694087,2.4466627268068293,1.4798838289366423,1.6367909392851963,9.419547610158599,3.770252758661938,1.211517827677179,2.4212082000012054,4.315061824960897,0.45895251277344373,1.9085575619896376,0.8468986353117058,0.020423346006393395,0.9578586453821241,2.381323505144112,0.04690661796992168,3.974692241322621,0.13491922589998362,0.933806688986274,3.330883063476983,0.700110342279097,1.579401529118555,0.022647298027201668,1.5012906869957026,0.6196955145474654,3.5587580641460264,4.579504579524598,0.07571288099295703,0.9035971509698131,0.1334885171700808,0.18082574120905015,1.6854870631269079,0.012193291548685703,0.6279593689320295,8.984357477214818,1.5194255724818335,7.994667895684209,0.1171310263991916,0.16155671364933422,0.2756837504335876,0.17543529648596978,0.09687014731462407,3.1570908153984494,0.1509064862535543,4.38122462668291,0.7935362071088252,0.5334855888437859,0.8728826164532799,3.060600156557908,0.14922535011775362,0.6011610444633053,2.4592818310298252,3.883791892603462,0.6396448705077888,2.3472645613231986,0.031834601609224134,5.237821224849533,0.24041284425434706,0.7069736939758817,1.9313455711721403,1.4157692128821673,0.005510124072647393,0.5730609151415598,0.20324245910429406,3.346352374499745,0.15262009342245353,7.79117034228204,2.930364969431726,2.14695181304999,0.3876550127979065,0.9328861699923148,0.4002863054002811,1.5172241552218142,1.6124813263940072,6.101998241270097,2.386606417947756,0.7243140881596051,0.6177048689547623,1.5952419572030583,1.1177628907636254,2.3791470593696857,0.5500086076763139,0.2856698186668487,3.8997879139283866,2.972483947538163,4.2229427584232555,0.35476713373265323,4.477232147478523,3.1098330045416294,4.127567034761167,4.163570474847412,1.7115200375547728,0.3117405615775184,9.127688404924314,7.410930143571213,0.9326404083867723,0.14222165114415475,0.2818858687723874,1.2543333959498346,0.39180064398359926,1.0509736941130945,0.11007279784220647,1.2840315986144855,0.2380967578672588,2.9366287881376754,1.1252538863168116,1.992629300225594,0.5954349050491213,0.04237469525256621,2.6407780880944016,1.0980433068761872,0.718906900068291,2.460395488574724,2.590339608621388,0.2181042765460155,0.8229087758066664,5.050456602979696,0.9593454566182463,1.0638577878745088,0.08264682852498956,0.23277609106171115,0.16851815427732275,0.3715989945083229,0.664845912602003,0.021118520813296238,0.17416101467075218,4.6878370613496365,1.4781400105796383,6.52151018743483,2.3065008305973196,2.0138410643612605,0.9217015132743507,0.7494361871688366,1.3001884644486543,5.515725882911944,0.6361769652007725,0.6533804315542269,0.0027948459635647183,1.505955531436019,7.12441234532918,1.6467863338111024,1.6974971780947994,0.13501013957531693,3.672855905570996,5.897853924012596,0.679120764642409,1.2628069005236844,2.2752973201398925,2.0274600205950994,0.40066324860006963,1.6408846826490864,0.3292919157157219,3.495051827677158,1.4896471792604593,3.1518397595337504,1.6260499382600297,2.2434525186234104,2.867451819852877,4.891151782887372,2.1144973258561945,3.3967423110632575,0.0004266507929533425,9.444241601012443,0.768668696441408,2.7425292643642614,3.556341029044349,9.353454083649778,0.11871563635949167,0.6388806049952973,0.32774642896106587,0.19634389014976072,2.05410566439403,2.5214768782875865,3.5810826149850716,0.05902236220492885,8.026624318813608,0.09077116300050136,0.2105823605404511,3.155736590367017,3.297694853765794,0.4496124230099785,3.0300143755554996,0.061369262125431506,3.1031539130711385,0.7555071892859911,0.12176426545794117,2.654900941982657,2.8316798543648196,1.8421788939618695,1.3165030758995635,3.6157850865505843,0.8368131948907758,2.7139120921293833,0.17586439356137085,1.4495038368075388,0.2654559101778744,0.21058122301747229,0.5688637652067481,2.204973860124009,3.991792719624243,1.0795892974969603,0.015899766611162214,1.2322286465725538,0.4705304778230892,0.15056204888242553,0.08071057544084348,0.10220523062537712,0.7375571238088487,0.003510465779516858,0.03570163835498452,2.7847464663551715,4.1135391782922675,0.21929972858978064,0.9741587995743785,1.7490978228162257,0.24024596419212485,3.1506612483790306,8.927372882176419,4.226459100933752,0.49988761166847295,0.6274932001821023,0.5369121754229298,0.5024491663448096,0.24510208872936956,0.1918524568976262,2.7501964674048125,0.7748275445763229,0.5417920953029106,3.176476821729654,1.6218685334263947,1.2062641802022367,0.8193506408669058,1.060354815770377,0.8601515604278287,0.19333301053860374,7.370889393613668,2.6144580905044297,3.0277351141141446,0.4152826866534125,4.697314635929336,0.1395346803998201,0.15056058091538693,4.709623954887264,2.1522054311875456,0.6019774552598082,5.425387412040907,1.6557773852621827,1.018206845518507,0.31361469005504605,2.94686369693086,0.812387187917295,0.9313415361064741,0.09706293059848647,0.38904470416189474,11.246490241742622,0.8852349515352569,3.1456597051792863,4.4184942783845385,0.539976969946413,0.2762705844380102,1.5335434883130088,0.5121243340382244,2.5758673823418023,0.7197819941026053,0.31904104754688845,0.23432714486136574,0.43777720642325113,0.7695677557052877,1.165925140582147,0.4241335292317676,0.01180623022907401,1.3623570671341831,3.562434762693861,0.3863969091851328,0.4330626232546577,0.23939929024338902,2.58823002227568,5.504684800231848,3.5349683875011904,2.4889131177830195,3.0724142808138524,0.83738817541839,2.132455230988577,0.7035239690477415,5.475254312479195,1.8136946330539903,1.0153533237126013,2.5916507717539004,0.8365096130413845,0.003271204569927244,3.088718376230214,5.701950301917201,0.6999326418162238,1.7213558807987384,2.843588861782778,3.0454228906243497,10.607319734272695,7.453299491031996,2.576022186854116,2.549281150303743,1.7922431959313514,0.18698354749520485,0.03586570042426995,3.7827391478211028,4.120932899626377,3.3730700412229226,2.681613253384083,11.683405421312148,0.8230154259379621,0.2799868217603787,0.1388052541090703,7.450282002428499,0.40603686887048074,1.2571940455711261,1.5680838680141052,2.362976140614214,2.7046587881623267,1.3609170074806674,2.15621138286958,3.0555463596109393,1.1297156676082198,2.0283785414203956,0.058097984145168924,0.8148999563983521,2.3459774318295654,0.9340354802630481,0.02790988618171908,0.17726340048653078,2.5415007715695497,0.6183526455496952,0.8187955936039037,1.0952353731862359,4.2472998960068225,1.8177306737966046,0.04116918977723749,2.682965953186147,0.662542687872228,1.4360560732892065,0.015257759298443307,0.9245015604543199,4.686281928644332,0.3970358889617951,2.164592071854125,0.07850581104222698,0.07763273304644969,4.74231037605461,3.7018413575357583,8.09703817953918,0.4801862842309541,0.279488984902063,9.236703184723241,0.03735516819434359,3.3041709393695804,3.9763812890541423,0.6431722963878204,0.47993503735068566,2.940863709885761,0.7213164639691194,1.440615814237914,1.3804638934054765,0.07720138470880489,0.622196978461085,0.9601799178274912,2.228707321313105,1.509886580396106,1.3918612144071258,0.6431229688539508,2.5920612217584744,1.2027004371113896,0.4033903965448773,4.97979612154592,1.0403574585064517,1.3538380118872255,7.195774426468596,0.805222502660249,1.101704560578744,1.5964428378006819,1.3075876428186999,0.21963214279858922,3.068599607963743,0.744862861686467,0.1923989287590986,0.3286816679066391,0.3228259147546815,0.005413760258162759,0.2872707073722863,11.49627785588022,2.739943996060394,0.6927952170816105,0.456902981244377,0.0775334869465572,1.8124796663006968,5.986651976649096,3.429175138602182,0.25049528331729576,8.575012663868053,5.0927808696185375,3.880117464018996,0.8049130461297751,0.23383871106125953,1.5443575337330775,2.4789964684381665,3.234515847112644,2.178167663646218,0.3970292233878525,8.421708976594653,0.46806892930242894,0.4772906552967324,1.09513806038176,1.3551115790981314,0.8531066409118815,0.17183116031227819,3.651813442252247,3.4290944567832904,0.028399069534236876,4.326582446744796,0.0807681599826926,4.577158611539336,0.036229681340641307,3.640216520737587,8.048241965771266,7.192347993960164,0.3344463386611519,3.615941506773388,3.376029368096078,0.18405829000904506,1.0585208829074735,1.0861991510217033,0.6429784283943412,8.657171019030232,6.9379669623476365,0.922573795416979,0.20302585932917072,0.7774669570543395,1.6859327836184201,0.09108116097245933,0.5425501804847745,2.247025326972354,0.8328496398545384,1.7790155844457316,11.673504049160085,0.558275418707258,0.27486243543922617,0.6310625850015349,0.07672898004609063,0.765133303531706,0.023946889219818246,1.4424319245215376,0.608228297090311,0.1556797693389531,1.2624791100322987,0.44328091643270495,1.1975564626676376,2.312332601800692,9.236026483781895,3.145755711268017,2.8258597063099433,0.5358274988922553,3.181771428176538,0.34392093874625684,0.6784576358717862,0.8612216343292936,1.9311342963252582,0.3111366902360818,0.9420075370255256,0.8833381429478631,3.378015702753988,1.2890750551895704,2.123605132987637,1.32145713347263,10.883387909511365,0.7175891137633812,4.075954877774674,5.428844650491787,1.2653455275487988,0.18438472622327806,1.2245993723241204,1.340225126619493,0.10369749015010621,0.8353746498880672,4.519221426972022,0.12199304633553032,0.43538296193882187,6.354088070291238,1.9365029811143906,2.410135151312293,1.3284279619882147,0.13537365911400884,0.2337484777237655,0.11769143543744676,3.725864225857447,0.16851217025534604,0.6669271394948824,0.3869796921180666,0.044907612530869834,0.11354206090810415,0.3179931474687687,0.2710686348178615,2.7677610098752004,0.9677993788398193,0.8211163136523724,2.8950733163959503,0.04760904493461493,2.367409121576471,2.4525587974862444,0.024332441849012953,0.3153423340437329,2.2716956006165723,3.2574819123847867,6.38566991744935,0.9156209075029301,2.2972537352621316,0.34176085027843295,1.4877072666352196,0.37300485923032656,0.9895306765212273,2.0529386656871864,0.38612797547283995,0.6713640921344695,0.4227138504557455,0.35811190960743866,1.7253136988685847,2.560703600011869,2.9560659488113026,1.274796436191628,0.3317752091610715,0.573043652270352,2.4977842027015495,0.22912297556648853,0.11664977136695812,1.2043340525806392,0.6010071303148825,0.05898480893370894,4.545413384730523,5.24718326153301,0.7355201434333138,0.36827634541988497,0.26364163412899577,1.7212947753286145,0.1417533781688849,1.9539962192665459,1.4172048106558337,0.722035656706066,4.730624002180873,0.9296106460899591,1.9221489355032677,0.5692267178702584,5.91585632841945,1.6029869003504094,0.28494070120722137,1.0298185016605768,0.8725992023783842,1.846167418769527,0.38055060965196663,0.013104242776741826,2.6970596590991467,0.8010672364876734,1.1090703949809564,3.083741985476383,0.050559882427370306,1.323588517558842,1.9507153431601916,1.9844750021016393,2.064715995873116,1.6355459049925982,0.25143344062443695,0.15935126655546883,3.139585879972109,1.7126099951366558,5.531063013167043,2.354636301393235,3.7664323644325988,1.0033012351812527,8.218347433922299,1.7202574884343396,0.14398776571764593,1.6060228299113413,4.500150094142173,1.7009137600004651,3.1151462999001884,0.6438999556292525,0.5778906782979059,1.7246149011760745,7.061079814836388,0.44528142334320764,0.0026487199680136353,0.08034243695611054,0.7291970361957407,3.2785040209055003,0.5035114633311006,0.3273509322201802,0.441636938962803,5.95310448573941,5.1814359428804275,7.424032334844709,3.382303736626191,2.2523237183516054,1.9603614393773383,0.054033498196455865,0.7728944557773004,0.6878800733944507,0.06106222012230855,0.03788019999211567,6.066376556374931,1.2743866056116944,0.7624486506643239,2.5791030120492,0.628770500389014,2.2789741536553842,5.198539792390057,0.614182800616254,0.12434023251757498,0.6975367715786391,1.0392001930841994,2.3916162560443466,0.7019158205021501,0.10640714004283236,0.09094371886729746,0.4898249179783286,1.0846110334153436,0.642706374230855,1.0251131996510519,8.954631046965183,0.3906688250683148,0.1687201236013276,0.1833068645973691,0.2663613837045118,0.45510228597773783,2.462864886006795,2.4502869250245656,12.089058938080253,0.6802855551889104,2.5593909235243686,4.797655070082578,2.2468777235102118,1.6017302495826082,4.491242900891198,0.6012593333058422,0.44014965288511965,2.69740255565053,4.155041752234412,0.4356115413344708,0.3104882071442746,0.041869059622337,1.3712188259208624,2.585115326551986,1.3765518381007098,0.7637350692124902,0.3063893413525258,2.3357837624824063,0.5368529072952684,0.2668107093715135,0.974213777650422,2.455228095173881,3.817207224934083,0.29515780284369875,0.04182933252544019,2.4807772511373356,0.1951814064692986,0.08989011007223002,4.291736751292842,2.1150595617041628,0.4649508896363197,0.9705721885288292,1.5448978778042344,2.104218211640971,0.053372339912749256,1.398990835791048,15.427566976869269,9.61762279659538,0.5616529578057297,1.0029365406025064,1.2743586907806588,1.761591255915747,0.3568815494621961,5.737121858024827,1.7010462905391568,1.1138712619109121,1.2456280061854064,3.3834898030627896,0.26479034850603966,0.8920941698787488,0.03480618953089998,0.06870138187341901,1.7179387681166691,2.7773368673776044,5.230393817751503,0.4556901701147398,2.3844594140843918,0.22037774335925708,2.4011470914123656,1.1481068774605725,0.11300994037072898,11.112174152097477,1.9814292999266023,5.233586665607217,0.23484993217282346,0.5107439687602435,4.769789989072297,1.970013090349971,4.533370277531816,0.6173294757540715,0.7984740028128119,5.281919548567266,8.422856931669488,3.2953576430498015,0.04159624029076481,3.5815723967528577,0.08753624002246774,0.055080112302067885,0.5605471680829472,0.4682128868104891,0.04287779767388139,1.2883951930047557,0.2270527706995824,4.132865559447614,2.379031484287266,2.382640309921595,0.3022264096831786,0.42379406259406105,2.272438849031878,3.4698154110608046,2.482438263568972,1.3710074158664693,4.734258754747527,0.7195975866738875,7.538300632972698,1.8386576004045243,3.685552513825919,1.2487100262832551,11.281467625459792,5.020621547405843,1.0136945966640316,4.2165621133508004,1.421766156655516,0.17511659221795428,1.120898682548579,0.5479765128567031,1.4683467895305071,3.02747425056108,2.0097984267023916,5.220888300237717,0.040446423073170035,4.157974355881485,6.351524497106756,1.885482737468827,1.6167590004886363,0.6289923446054735,0.3473236811259368,0.788956400512562,0.2402693856016871,4.385705577413942,3.6510199960591394,6.26567333654268,0.9416232151811652,1.675591918818987,4.41687705081759,0.03912563929547719,2.546785013210576,0.6697367459502721,6.608978855019819,1.5421458605270484,0.1638437956337766,0.9442239073540728,1.5313484360453784,0.3676380703583717,1.8802500305205962,2.559519089196833,7.39223401942192,0.1621264541639844,0.026461421762243642,5.028444977567238,0.19192127337000886,2.8492510690727304,1.4572934272489235,0.6685406279544435,1.2496666741116478,0.5099037987218931,1.889021816494056,8.96756048329631,0.03138642960374738,0.7607763006941399,3.006817366319161,0.14299323781106318,0.654138372202739,0.9885862813423432,0.1031789996117558,0.005341683255597696,0.7567185540493715,0.9972051427876192,1.1006832475142305,1.5151219914348246,0.003560367605944359,2.1556056335915534,0.15349200499230498,0.7033561603104792,0.21222675922582712,1.0929217459589458,2.250493929440421,4.0504142085905865,0.6916201270142248,2.05709406576098,0.6461059795949049,1.6817591015002789,1.4351034851180784,0.4892743009214622,0.21149099319112352,0.2094519654899234,1.6767329613199102,0.793109247361246,4.597239305086612,2.1649902938889047,1.2866841229565158,0.03759663062418106,0.4877137203047728,0.4133179459071896,3.487025688397887,0.9019911933104251,0.3346393948300441,1.0420220214986082,2.4166671769043244,4.716254435240211,1.2947674115215184,1.7106219898908073,0.45167350084452895,0.5489055485149599,0.17561704581389126,0.024996047518629272,3.6676566724884956,1.08641381050993,0.6909107124086309,10.125378937097338,8.650793852200165,0.22853624604114176,2.8820498310911895,3.504553822163145,2.960407892508473,0.30372111576183203,0.490045657326424,0.49236216135215455,0.2782730203298629,1.478292947765059,2.436547161397315,5.157181142208635,0.44366596566291694,1.1925470207998554,0.646740324749155,1.1309724293124637
"((3, 1), (0, 1))",0.0,0.0,0.0,0.0,0.0,0.0,0.0,0.0,0.0,0.0,0.0,0.0,0.0,0.0,0.0,0.0,0.0,0.0,0.0,0.0,0.0,0.0,0.0,0.0,0.0,0.0,0.0,0.0,0.0,0.0,0.0,0.0,0.0,0.0,0.0,0.0,0.0,0.0,0.0,0.0,0.0,0.0,0.0,0.0,0.0,0.0,0.0,0.0,0.0,0.0,0.0,0.0,0.0,0.0,0.0,0.0,0.0,0.0,0.0,0.0,0.0,0.0,0.0,0.0,0.0,0.0,0.0,0.0,0.0,0.0,0.0,0.0,0.0,0.0,0.0,0.0,0.0,0.0,0.0,0.0,0.0,0.0,0.0,0.0,0.0,0.0,0.0,0.0,0.0,0.0,0.0,0.0,0.0,0.0,0.0,0.0,0.0,0.0,0.0,0.0,0.0,0.0,0.0,0.0,0.0,0.0,0.0,0.0,0.0,0.0,0.0,0.0,0.0,0.0,0.0,0.0,0.0,0.0,0.0,0.0,0.0,0.0,0.0,0.0,0.0,0.0,0.0,0.0,0.0,0.0,0.0,0.0,0.0,0.0,0.0,0.0,0.0,0.0,0.0,0.0,0.0,0.0,0.0,0.0,0.0,0.0,0.0,0.0,0.0,0.0,0.0,0.0,0.0,0.0,0.0,0.0,0.0,0.0,0.0,0.0,0.0,0.0,0.0,0.0,0.0,0.0,0.0,0.0,0.0,0.0,0.0,0.0,0.0,0.0,0.0,0.0,0.0,0.0,0.0,0.0,0.0,0.0,0.0,0.0,0.0,0.0,0.0,0.0,0.0,0.0,0.0,0.0,0.0,0.0,0.0,0.0,0.0,0.0,0.0,0.0,0.0,0.0,0.0,0.0,0.0,0.0,0.0,0.0,0.0,0.0,0.0,0.0,0.0,0.0,0.0,0.0,0.0,0.0,0.0,0.0,0.0,0.0,0.0,0.0,0.0,0.0,0.0,0.0,0.0,0.0,0.0,0.0,0.0,0.0,0.0,0.0,0.0,0.0,0.0,0.0,0.0,0.0,0.0,0.0,0.0,0.0,0.0,0.0,0.0,0.0,0.0,0.0,0.0,0.0,0.0,0.0,0.0,0.0,0.0,0.0,0.0,0.0,0.0,0.0,0.0,0.0,0.0,0.0,0.0,0.0,0.0,0.0,0.0,0.0,0.0,0.0,0.0,0.0,0.0,0.0,0.0,0.0,0.0,0.0,0.0,0.0,0.0,0.0,0.0,0.0,0.0,0.0,0.0,0.0,0.0,0.0,0.0,0.0,0.0,0.0,0.0,0.0,0.0,0.0,0.0,0.0,0.0,0.0,0.0,0.0,0.0,0.0,0.0,0.0,0.0,0.0,0.0,0.0,0.0
"((0, 0), (1, 0))",1.219897834220963,0.8646181983782417,1.5377958319317222,1.322902976671748,0.9663214077478987,7.597356614772877,1.1495294783151577,1.3425991976061944,0.970935861224629,2.614479630585572,1.7699776310927482,3.639545566520153,2.1264547148526916,4.135695986227625,2.3875995961383394,1.6864533883928847,0.8855371185349488,1.2431420858495215,5.362656073931179,2.3682769185417665,4.744626492904069,4.356606892700615,3.7883128544894635,10.342261228033845,0.5615373824283915,6.330890620217228,1.0256255693110017,3.3959231505144545,0.5770342115148777,2.4551638558326165,7.146776212317687,1.4284110700091064,3.2079718563294546,1.484799325128026,2.822038457350888,5.050426837206904,1.3635379628746687,1.2776632628758071,0.8840622655437806,1.2067844030782362,3.5177303466521965,2.3022165528988836,2.898322399864038,1.6560030823729364,3.278434408312102,0.6258752861139428,3.9062744351857543,0.5005837440466003,3.345927464400607,1.3905223417939006,0.08894551023382957,1.789682466239307,1.4216967875465156,5.748099216424038,1.4385468357657571,3.5625029089564086,1.0149223362025128,0.5982004057615529,2.626651717161864,2.846295744939965,6.824916790917736,0.20838059990070354,2.3925530718797434,0.5579141260614982,1.8247428193113766,12.361279379436,2.616904168997958,0.6618195700447473,11.307606025630207,1.1844286141016176,2.3621143038868153,1.3577891935536255,2.5142296691593002,1.0517758623090596,3.795268795136759,0.6705239775575127,2.6625522822726215,3.4151514854542966,2.431185719642694,3.5218699232952653,4.319075346786523,8.325076927221712,1.6791677683101958,7.237464891418664,0.6458418708060624,2.0713476734955343,3.386466014136021,4.818573563696708,5.122971445420891,3.5548226129904443,2.90048742103062,1.6197960983301798,0.05946826304723132,2.7475886717002047,0.36314755566075074,2.2198742035857824,2.6331300465288567,5.026668966450379,0.7024315054639445,2.3659080999350826,4.289256011198796,4.811828235693451,0.7210908618040228,0.7546995381608035,2.953731742508904,4.274273276609303,3.1962970991195867,0.554810445707382,2.0281188160286514,1.9380423699526617,3.2638461979833115,3.496006904147085,0.6512382693321378,9.46276486267881,1.927759928986989,2.2241230524693165,4.032518165179443,4.575539815547279,0.5634339110259122,1.3748911250816733,1.6410152369852449,1.341632309210876,2.056168918946217,1.6565919518022882,4.5649971687913835,0.6450304043473168,2.389473307347126,2.850895209397501,4.837503180463673,1.4827291045215243,4.512109373799442,1.9314363619508423,1.3654114300314857,1.6462884726872014,1.909970565996917,3.4686902828942494,0.8079781943576615,0.7021248724703238,1.023491644180088,3.744024312386665,2.840518301199924,1.2691110224810735,1.503092390289158,1.8171633352131473,0.48218009352528574,2.508334215758965,0.6354844769826381,2.9216618817900972,0.43775874900348966,3.2434398349266806,1.842663726340776,1.9114231059918816,0.6924259529436304,0.8095216914354729,1.5075014706194856,3.5888462453918706,2.717927913232516,6.831253724412987,0.7676891824189102,0.998525350207187,1.0676281734947546,1.3835792352840461,1.5382366285941906,2.0834685665544397,0.6054482346980659,2.725474636995002,2.9593943322086247,2.0901999398110664,1.0720167415619772,1.4919607741597336,1.631321672682748,2.400422150939149,1.3933066133570227,1.6131591479528302,1.8567679518827294,5.12214906608557,2.0840077631305576,0.9948826748348801,6.6207101477604535,1.7049267360566664,2.031636981900174,5.3697303351797885,1.0360586256864845,1.452156278441831,0.36295696831562774,0.3399575359864786,2.877449199440079,0.763257711095131,2.6139885779580467,8.512837035489044,6.774285379029375,5.473508853986108,7.494746520959413,0.43045925173800653,1.704018268087473,2.0221334464731218,4.992035983265929,0.8616139003092362,3.391084297508034,2.4705769397300097,2.55622156491505,0.8607956073829273,2.3975506632823613,2.713034973016961,1.7099985847692714,0.5667865962808276,5.859443636669714,1.7942685079727416,2.3915116952776234,0.4818570593757008,1.1341391968302756,0.9924373298460518,1.1736615486875963,9.450539611623913,1.1703503619044153,1.5444064822657289,0.9089205408406877,3.6586069370473977,3.6792615366562247,0.4111286998234972,2.500971627883853,1.562345236668733,1.8471516564225599,4.916869402937767,1.3584873770429915,4.8029153356705,4.896057491952495,5.531656630004696,2.236521661557449,0.545853369558798,3.5858177952794037,1.8915299270191057,2.51518737237056,4.597771236202679,1.0586961645321527,10.016898058518462,1.519852103060054,3.098662861444285,3.612554749123826,1.2361992578171854,0.42658073067370494,3.8502382978777914,1.526444187384986,0.9448296601067403,3.4492895107519366,0.8135563169813037,5.083851522592966,3.392417215451481,2.5520253641827653,2.3347770227606657,0.8988241965716846,2.412762825929509,0.49701364023714256,0.7828508363329567,0.7286044345237421,2.6518701673348577,1.1138104250588814,1.4108416611237171,2.392917588782068,1.1746243890437267,3.9202949701136705,2.116915590521051,5.601212434461354,0.37276786833169684,1.1585281544909234,1.8981967219486287,0.5303181080274565,3.4148812715070727,0.1781960324469793,0.9761770669870968,5.4706865195055645,1.9980349264271444,3.4465383506643104,1.6180963826160204,1.1212753722344249,1.7506098896672453,3.4619499733292796,5.248194329242807,1.4993444665704803,1.3505688180292814,1.7906496465802437,0.7865706527281453,1.7141573337641745,3.539098095041246,0.5320890120266809,2.068429655835473,4.027231492467025,3.6846205918248454,1.1637244646319327,3.684574546858695,1.4073355554513227,2.9316451160664605,0.6935425439881542,6.207417609322061,1.1995711212992046,2.275625549584443,6.3186983852789975,2.5464094993391604,0.3074940531839089,1.6748930034921314,0.7079179120305394,3.6456656490380914,2.402618478502355,2.8548276335496534,2.314042150529769,4.541132251645549,4.151699702356385,6.265798601975103,0.740539035932016,5.083420586898342,1.1694478967256516,2.4380698899465862,3.6408978036703115,3.9070742988291447,2.664414068331068,4.284798036162634,2.8267539894444744,1.371807129789081,3.6763374800621365,1.271983515808162,6.03396829129277,11.294568404473667,2.0878677056310275,2.2129832382404477,6.16302580119363,5.403399416714567,1.523919500865456,3.391084230501085,0.45334442277540765,6.1214909963473865,1.764746188036703,1.4710204312209458,2.8778914366090294,1.4595723028169099,6.134671976443632,1.565232313230446,5.184340098188402,1.4388482566146759,3.174475839977871,2.1274422049584425,2.700513629067468,6.586468688647141,8.695530677512378,2.238632218348772,1.3058507310812915,1.7801928340945756,0.7733100650837804,4.634611070878741,6.415975194658782,4.695726910687973,2.144871094069507,5.339818042065609,2.6446541717364322,7.925898739520581,1.7287826901198227,1.177111554980551,6.312071833712389,1.3708825951725272,0.7847109805274219,1.5666890925670416,0.8702212459082579,7.367200272265688,3.740688923775308,0.4487137432278565,2.624696921207505,1.0914575697440596,0.8795534974604884,0.7936490993028861,0.7970064628502185,4.478369913962198,7.957443395094504,2.3972551171645105,0.49532859765351794,0.8985052420066891,8.789616491362992,1.2350406599948387,7.0420635270033936,3.408747187134833,4.191685441420172,0.4702798507194244,2.633062886318611,2.690824401058718,1.2459576797295338,1.5892051113138295,0.9005798750862073,10.585222919350697,2.6963021774565767,8.66781969130551,0.967293243824485,1.1084480799720702,2.3179092649243014,0.4065365298297928,0.6829479927063791,0.8388793754508337,3.3795653437204796,1.5934469591573814,1.4055643953428911,3.352276135487087,2.5228743723652083,2.4453170615151607,1.7964867342782376,1.1970583812966051,6.473636326456521,0.35156376546871493,1.6356895439572678,1.1485039163101294,0.7925979817446713,3.611893080473275,2.825491393926003,1.8746200445962748,1.1709762767858962,1.3935273838373365,1.480457817961189,9.433883489037946,0.8084827217117785,0.8606149800296522,2.148021410169591,6.842647378681813,0.2411643118036189,2.2414259603586166,2.6258489318483274,3.3893645798372725,1.2557825585776587,2.4149808468528544,4.381328090152385,0.8091377302351832,1.1594990410308044,1.559299107552717,9.022172070952813,1.3231246936009744,1.6400494046214693,1.7377608530961581,0.41646456290437217,1.5183028101935594,2.1445631113617405,1.230534293244908,1.3068321721754645,1.7308358697150288,1.09734889413215,1.7507640592106453,2.7173601630079336,0.724913630224467,1.2236324982491382,1.7725550210905427,1.7130797267162574,0.26181138630602163,0.6271468060092019,1.5597417632749202,1.6448630210976722,0.4598227252845696,1.413535745139316,3.214170582520767,2.694244699656771,2.955612481452746,1.1905047673172824,2.5476942961111098,0.5510982484047369,1.1321407588285706,3.136300504585456,1.0739884616109647,0.9360039408216583,2.5906033785106337,6.89746062929589,3.5245227057489075,8.77724835755866,1.7090226930824621,5.965182699420977,3.3333349436683775,1.7820206648267145,1.7705704667772761,1.801742802748195,0.9649975759415601,3.7939472547442072,1.242410895545293,0.5939312736827207,0.8793164001891711,0.6315278140008155,0.4026919095965087,1.777217459656131,1.4511572421759222,4.118000658404729,1.151819995287042,2.046596083030134,2.8924446070011527,1.3001631147934911,1.6122843671569496,1.0817032581772899,4.084979854077121,1.331735704036143,4.239573408221211,4.101055986565181,1.5681584729691738,2.0042881041588014,1.100836844475037,3.601930761791338,3.5531451536849437,0.2893757509851774,2.383843085142225,1.1192823240776624,0.7677043970554474,1.0180757185886429,0.9516230346028779,1.7642054416952748,2.4638348805136014,4.235617452741338,3.756706653900281,1.7744784699174547,1.2640076880288311,1.0019074929245395,2.325180256393523,3.488182876013949,1.2262255822585195,4.159079579734763,1.3884077572098925,2.8550864478482074,2.679039776236621,8.114947277884173,7.608618001682948,4.426078226858285,3.7844667813181405,1.0364955039987143,3.43318824889723,1.3328505746192039,4.183861026300018,1.4149126455027519,0.7688170856977543,3.083935655570315,1.4242771627837405,4.289906684276176,1.9577429618728073,3.70995589965017,0.46063644802263326,0.3784703661029295,1.1513931375039481,1.361597718967737,1.857205972758421,3.8419736295708824,4.6685217853893315,6.627785880671098,0.9252202047025364,1.6728465237983188,2.1229302868932227,2.935294131807768,3.651430496770605,1.0704308893826524,2.4265866078517013,2.994903450507762,6.339846542008981,1.4258803158979467,3.3952532296151086,6.552135698418238,3.6208638444057017,0.49760657345497816,10.573415879669904,0.7999866619379178,1.1834570208616255,2.080286399500186,3.3233102583177754,1.9520438949802201,2.3267695826811825,4.873258170529695,3.172567865385219,1.8010446978854553,1.3744731696077412,0.9396911499447084,6.288214510500906,5.406119795444727,4.128372707702382,7.264348068018839,3.422322526754901,3.040714882452382,1.4106937859984583,2.178073580377121,3.838164897337985,1.6368038376046892,5.459730160262396,9.062228004850555,1.598619003479595,0.9104784739897009,5.423197306837043,6.270458370299439,0.7884508576919786,1.0539565616804343,11.344155193645035,5.197494207448601,0.4963573040786996,0.765466281590716,2.1030802561972837,5.9894420593075,3.593069160551513,1.201749561175708,7.3930541484169146,5.56994817636392,1.0181104719390035,6.441228259462667,2.4580787982333256,2.922531362409212,1.2599252538932073,2.5613462330809327,1.230256543266494,3.637253077864076,2.4721823533875895,4.363985208491026,1.3196865338635317,2.418936207340134,0.9361756684525729,2.4284426267243884,1.7454331745385565,0.48699425189409573,1.5764199499032066,1.6481684328975619,3.5690709825617275,4.970508606900321,13.155013314048679,2.180571831686338,1.446705115295733,0.4095015514115048,2.0781060980729764,2.0708955501988133,1.7946333739165452,3.3864124666672635,1.8715404838767966,2.3476137860206197,1.4305220184762455,0.3756814104514309,5.471256171364304,7.556787164451413,1.0247792045674728,5.755930939460514,1.1416351760990118,1.1459990614686832,4.354014497398945,1.3559180824294503,1.7991451017261106,5.2643191981749125,0.8558445801936574,2.093352622677085,1.1834987068536091,2.596906760526664,1.904678275174518,3.013880536730669,0.5967984545496097,2.0428706468114632,3.8180552653420277,2.1116682702527276,3.885772955400496,3.435153139935278,0.21151349804417247,1.5756034057131418,2.7729802697564794,5.020706502109205,0.8418499211942755,2.145459244920382,7.077246040078642,5.953516130971533,4.0815145861783995,0.48295868081979165,2.135106580716817,2.3568939054389384,1.4144805077967713,0.7946588624472999,3.6177200050943212,8.468420451089107,0.3267168366912544,3.4132459429284117,2.6959247765320318,1.0989927046752905,7.611350939537531,0.9467079208410347,3.2070502305732442,4.43001441847016,4.477066744767211,6.134936065298805,0.19248735296668867,4.633628450824158,2.5395762088882674,2.557415596711962,0.8470188547289456,1.2947060311388765,6.024737429029905,6.605690603161346,6.041454768450973,3.1414195115571206,3.7850745226354605,1.5762456756835241,2.2453209234989187,7.163519203482396,1.9378406610152448,0.4921762397750475,1.6890513851495315,2.140294056998523,3.8353436135345467,2.154392672080263,1.6079086643662228,1.4628209866964088,4.003870322215494,5.217233977230355,0.6717629310928782,2.494398084956005,0.26750411315078615,2.7070270595117494,2.023672845829543,2.1115387284651526,1.5895932562887511,0.6416422719416692,5.250523049419623,3.6176966673517574,0.7239874975004443,3.8891383624452405,1.7213623719007276,0.5214378199188252,1.7765164545216907,1.282564326359859,0.6121981583820716,1.1683152042880205,3.743343511995179,0.37362079446872526,3.3848050819238655,3.9688153296419624,1.8352432940716494,1.7606437920969287,2.2266825191455997,4.772251149860857,5.605877712077402,0.22359808810847548,3.6532950895921203,1.6390386367546304,0.09648182360466279,2.8610067355949513,4.1081524909598865,2.2349544221822706,2.001011398573876,1.2142613464858674,3.218592787523936,0.6917409569642209,0.9119813992377601,1.4706163177064095,0.9647449778445931,3.2351782255711314,1.2731489524820696,7.127195810257538,1.998829262765851,3.929151346899676,5.944377228546077,9.928174187402877,0.44372021701742187,4.508101827388965,1.190073436137582,0.7389517967479341,0.8414963896770169,2.414005439245002,1.167692246437532,0.9390147933006381,9.160219769525277,2.4724098110910893,3.72442458844598,6.598672998591366,0.5779113437145227,4.18260408330276,4.914189996179615,1.5977039579342636,0.7285410274262389,1.6963557215934202,2.307253751900078,4.477921331173551,5.844850659658133,12.798456677916134,1.4709859260293994,2.79003233708805,1.7824085204921085,1.1860466505386764,3.317897627792139,0.30270114047713587,3.0760248972228963,1.2729845288976793,0.9494948060174141,6.091292333446833,7.079939722090763,9.524540539410566,1.3930369786906434,1.086255233037781,2.4051702714095087,17.451985842839836,6.692243185254182,3.5759070330267204,3.6550182173316816,2.1245096063569977,2.747932575822676,2.1245632550947153,2.2080835344373018,4.114240000570254,1.762427671454648,1.8699759726583352,2.5815397697073004,6.350041748180153,5.162060510419657,3.483269838506206,1.0121433234434054,0.9079947692956087,3.7139978742596678,1.6728546604700236,4.46517376340183,0.7965183214745852,2.124787415922804,1.6422824465189774,0.5949034736957884,0.6879767558158343,5.677955906530794,1.3229347888623204,3.856861298171732,4.323371719398212,7.123844180274013,0.6000346417462716,4.0463297559755596,0.3572953160038908,1.0182442066038744,1.41364085360253,1.3161911856378214,3.001066748180119,0.5655853904589154,2.3017901579164377,0.6498528680589979,1.8186983452735224,0.4098175910033744,1.3820368625830757,0.43822679359111816,3.0728383152600935,1.5885924209078857,0.500470734138311,6.077830500613501,1.6886727864217457,0.5447400633961128,0.5666101579230294,1.7426446409928396,1.2568557461442151,1.6332136927785932,0.9779948684668988,7.983989229308533,2.6115611487472004,6.017171766568368,1.57906629810145,2.955202138659116,0.6116319281943267,6.323480071913336,0.660357336370098,0.4947081543236238,4.261487935726773,3.3714528686250964,1.3014196611862403,0.8316215118960357,3.527851934601424,0.9579532473487006,1.5718334069476554,11.765772784219555,1.9805226935142164,2.9527373680307063,0.41278982469254094,2.5071849544171667,0.6786819044740435,2.535457754837298,0.6725274494219632,0.7334398982142175,4.7205846512430405,4.343509159819509,2.210064718312795,2.0239702657071663,0.929256078624136,1.5690835020066405,6.009348303724013,1.973271762557365,0.5498037854865272,5.743565409534809,1.8451549100091829,4.4030687369783665,5.185527454668165,1.9563714538963353,1.6734963369634959,1.6236304030828899,5.135459892222955,1.911554008485729,1.421816071477105,1.711832712236914,3.6217979330322074,12.216474093863846,0.7932406111616027,3.224667831788136,1.113765820530106,3.734220694576784,1.838547420898236,3.687011931517749,1.519771863284607,1.9977738838388892,0.6425313184265574,2.061359752490283,1.688201544915266,4.6115319893791495,3.647869404046633,0.7240764781684127,1.5098197290224402,9.78910455378688,0.6299501965658103,1.7570848795136296,2.259815623672929,2.642896651436598,3.515731267667771,2.434272829598348,4.328728956136995,3.7359962925722066,3.6699465412294274,1.5908008861877159,0.9978325499385183,1.5950254542477447,1.592973533115506,1.7984377868311985,5.487178794711484,5.217463679482028,1.550359197596075,1.7787161218291825,2.973699340030399,0.49884425442672287,3.27758716564117,3.2484453859388833,10.272743975439473,4.815121872045214,16.509025781332106,2.141277181717629,1.797567423439625,1.272153553026245,2.514795541938289,0.3436596544767303,8.162069949874223,0.2146123129318258,5.756317460043236,0.40402883869533,2.4209527545789924,6.166126629450913,0.34400237926338356,3.7257084100628983,1.7325042263995127,1.2231679191572353,3.091741373108948,3.932212091668964,10.586217138544644,3.6256981959140844,7.400435518284571,0.16089921685313713,3.3045521865713976,5.002777468962646,3.302039914937485,1.8679943461247666,1.6053764465281244,1.8082855013503174,3.062464302695622,1.092143887180313,4.631426371688798,4.179029265172971,1.1894961829560995,1.5063880015338207,0.9787801262305001,0.2987369969562755,0.5451083681458843,1.3239100994977142,0.6944965063431211,4.941589991686584,2.5021361317271333,1.3817457766122583,1.5961588484044658,0.3402430457492346,0.6578856792303491,1.6756741346925252,6.711968598252493,6.602928402040538,5.669492447555205,1.0761293302056676,6.791321507385078,5.205582367072295,0.6945451424218475,0.8049479402131492,3.8043606852140543,4.842602006720644,0.2164201722762008,3.200753637624395,0.704537126037396,0.8024282151054369,8.107158069910694,1.9588042175446225,0.6738605998553447,4.0572960892832945,2.168568967042995,1.5896541405872342,0.8585001660167508,0.9862958099418095,0.6981483533948255,1.4437182546556278,1.1990314397081874,4.344244943768445,3.2930598865214598,0.6644124439303066,6.418140079566443,1.101187756254773,1.776723942485343,2.8329518200593715,2.0410865103675473,1.6544691227958805,2.238451903754601,1.5675698936216556,2.8437810828591004,3.2972010254967503,0.7981886396095541,3.865098928876425,0.8529221039057298,2.32490861383033,4.8636732182489055,1.2987316911158049,1.6804860866752491,1.6240918896730612,1.1649499606381903,2.1749044282437406,1.8783401347642426,1.6716908996229325,6.144842809645071,1.2263388629244187,1.534811800518776,1.5465079030216022,1.4738766577758136,8.653721495756391,2.6404044862548015,6.860956842393574,1.4570497100749806,1.530426505961585,7.027745406032859,1.0115792794274303,1.404679760550541,7.030769028543297,0.6496517012239873,5.431847901010743,2.586155924968198,3.447075745609913,2.5815775061965587,4.924782017762813,1.7724818865562224,3.3870205916005425,0.6082059942317042,6.239262775077994,2.2161035603160983,2.5026808001683265,3.49193710881429,0.48563211919375016,0.2694141679046416,0.9979198645247298,0.8738078968369296,2.7933663354739866,0.30968953925271003,0.9410424292379849,0.09377659708397756,1.6957227687991898,0.9310184980686056,1.7014140763328631,6.688528011299013,2.307863498679512,1.6708703231414015,4.905164694366282,1.0474940119197662,5.357971329521676,1.7502235569611404,0.9269128198212271,6.946276551975211,2.031284712564341,2.106639537423394,0.9239929385547785,0.4144998015728407,9.679921359435967,1.0790913694692292,2.1346315145397767,0.7836827256274016,1.4243235918546917,2.788045061872521,2.733582296674986,2.448308783348277,1.046719619029238,1.3656551672901398,1.091371953067423,1.5413582375073551,2.9339451627558675,2.179634169863001,1.435946826148074,3.5392018119125424,1.2980239348552396,0.5377502707772351,2.5963241402517863,2.831560551443408,5.511021987142935,4.687274630723674,1.7195888362011265,1.193323394234,2.471094747062097,5.314680526896474,1.7253240171546462,3.1937369318845072,0.19061349289038865,3.7655791574036748,2.5596080351035617,3.7234716169266733,7.686477156688756,1.729035383174558,2.081634496661314,1.1142207079531954,2.840991145995965,4.271883477118999,2.060093349886058,4.732194625650601,3.189963633580687,8.148580181023112,3.956109209153056,0.30791705137768743,6.658539743721092,3.853829159264142,2.790990352729119,4.244162440588588,0.812595447749289,1.337959586402505,1.2610747790020285,2.0855096605565917,0.9881251460099126,1.542340392568394,1.4490839887451128,1.1857708554672366,8.010308937981298,1.511393639953526,4.445764813322784,7.18467979422092,3.9567383974674697,1.6151463310990977,4.073562810720185,1.8207161644141314,2.027395521078993,2.0335421447523654,1.3471996282716283,4.657863770444703,0.3580673276155132,4.350796691599699,3.3024427743684983,3.653719739666807,8.230186557569825,4.241921612589962,1.7149949786260117,3.028455021584513,6.829155802797983,0.871647745461574,1.1949911088027445,0.8370621943732146,2.3394328381932006,2.419979751545531,1.9444184225178371,0.7428177879865875,0.44248018380983867,16.601099533092942,2.235897650939675,2.7469657008448496,0.47424162057302793,4.1609719283255835,0.745596560887844,0.9775293649990636,5.163982157558974,1.0407956062812875,1.5532190671700015,6.676624916873884,0.7505398338711338,2.551770053076636,0.8714323956191887,2.4005818023469345,2.421839783021328,1.7511933639032755,0.030618225806471888,2.1348434252391324,3.620472499962515,5.563058121253767,7.495430123355448,3.11671026702889,4.0567363208154825,0.8852336827248035,3.136680654895566,4.59715513653431,3.951939076099928,2.3445272947935423,3.0878594926675476,2.3139070468705514,4.1893760461859,2.1437548152029953,1.417475512552988,1.7528329851825966,3.5406013168777375,1.7952926170307903,2.6499966866077926,8.909075763140196,2.7080713399830025,2.1199227923375066,0.578681393237148,2.4386284458621703,2.7092616226730564,0.433425951783889,4.109167685910985,4.37003234533384,4.684408979495852,1.9880248233918705,1.5081335901626938,2.588446259685732,3.836881382595577,0.8427681369096507,0.2384021959378908,5.058146088707621,1.5157658147077009,1.0818588585490294,1.2682895008981365,0.43791247867531524,2.7673531975030072,10.547505739710262,0.41389987963730496,1.4575719658434971,2.0587516812341273,4.5950275257614415,5.461084165304861,2.788065559527018,4.8560249002035105,0.6337480274088593,4.799240546614627,1.8383249991447022,1.582178727904483,0.9529227182251094,6.828200980786032,1.8724682306483396,2.182547464961669,1.793227005096373,10.552580685567303,6.807909547403669,5.822225219733608,1.9906287444701276,1.6311181979096252,0.5131978914120524,1.6969240461544235,6.273166666647926,0.908863382227868,3.776035035114318,13.178526273004438,4.3035129013471,6.426802295507583,2.473415020411412,2.2805509784374576,0.7337528002403146,1.3886584101178863,4.800603254669302,1.1076059602012227,1.902768903214873,7.275074382422222,2.60198004009243,3.3515180919858483,7.827294370356313,4.969008664712668,1.8726183184238605,0.8924792462149282,2.720232967444805,0.35834261066112666,9.058737282706064,2.254437722282047,1.7379650010070518,3.256965721780552,0.6117737878659536,4.143256075763669,2.0001227628872007,3.57071679046336,5.176503883530136,2.0555995987456597,1.8190791532071602,2.397608264052241,2.2740506977532005,0.8373152959688116,2.8215720098944828,1.5205881522277476,0.9727920289538488,1.5461689831995973,6.798015937829369,0.39902777327052563,1.7747234656100896,2.4100856223457807,3.5962292132292566,1.6729360241428097,2.1789145332596447,4.3501390546138365,0.9012737208635199,5.110598798325655,5.981531250783265,1.29728060527239,2.0769638134587325,4.976138504356863,0.8890963887756547,4.824080169947574,0.7348419630987794,2.9367710283238364,0.31324325713446644,3.3787311648329976,6.04264399681129,2.613157276470299,4.707044673473068,9.425418648108261,1.8556456958875653,1.0480672762054504,0.5712489904370937,1.1392253273126685,3.1085103410047847,1.7052092876059979,2.402399154671785,1.2441582714141162,1.1941073914931462,1.7227749385043973,1.8355960287957656,0.9736862452689978,0.8833103526425082,0.7021871871314002,1.5619497325707443,6.731119899169988,0.7809699687778372,1.1595588543273097,1.2548952498887045,2.744020860120635,2.4881898285229624,1.4951556523832628,5.692907365137175,1.6918245079508876,0.22155750998564808,4.428980707743174,0.3783703885418562,0.8974473708931076,1.7841610496152396,2.540646021909336,2.105210424395837,0.5251776436374918,1.219240772217825,2.7396735128964074,1.0873355965064966,3.2964644316649983,0.45518372262277096,9.051232822673228,6.679677705965381,5.813077226355652,1.05904447963077,3.9416437993561444,2.1389095610587363,4.607139005003724,1.0066441108316893,1.2229501658810467,1.0796262218015638,1.9990420722213256,2.5436111308988814,0.5272692668741011,1.0574877306208532,0.5409908101974287,0.8307602573281004,7.038827228112079,1.703327465726089,2.121870965695959,2.0639523617657685,5.781897917389253,6.176128993606161,1.8187695478012345,4.629753627515796,2.123292609612578,5.84443366130997,1.1962176366506896,1.0824114399310991,1.8495260541966598,1.035426548384058,0.6449069335230039,5.722851590089061,0.7884921325672992,0.7994791792703972,4.436798151720389,4.265272050446959,1.1860334869681362,0.6687303404339262,2.629315507321248,2.5887758919139987,0.7496815179650619,1.7962722169622756,5.039532710621772,2.7460097371134333,1.6914135391762712,5.084782498640554,4.462643034198386,7.475828901024061,3.895574495513984,1.3866245340684729,1.4311956902264287,1.3572534420016926,10.88001995486399,1.8681173743838344,1.3561363418417542,0.1533069590278766,4.911825551881509,8.670337667768,2.6057882799159717,1.4828542898720936,1.4941018925549128,2.3585701636773173,1.9043767019664728,1.8741572735664858,8.513550823728533,5.424009102213073,1.1425611304600423,4.291911304057338,1.5539484380950608,7.83432179649898,8.643230257095674,2.01808775227395,5.395071320995303,2.5493491154562045,3.975076582612614,4.745910470914037,12.08540447158132,0.705973248740879,3.352463093333287,0.840794997036679,5.593024253279879,1.3890597691577884,3.831463352586028,0.3550700716066647,5.590338648222521,0.6547560373955728,2.048844575760743,2.390753531970886,0.5975571741659735,4.124690811327712,6.3979058419034205,4.4854674970149695,4.18201776023223,0.3987930989988697,1.4375815285441806,1.052485740774797,1.9139541915401708,11.222373503877847,7.815412211999465,0.9467425986888275,8.343110473382366,1.8220167335947055,2.854063553582567,0.8160988075658646,1.2448497846818602,1.9991289284278526,0.9072872154044236,0.35811727443559,2.266673764865883,4.741483230604877,2.589586724248355,0.7230507483097539,11.415757637759206,1.596933970131485,1.9716676518894527,2.2207170466974167,5.99684645812922,0.6184749541418902,5.602796351369472,4.314972659777727,2.8131280502032068,0.8227882248409595,0.8793440222707141,3.946058242711439,3.679632033207236,3.3247689006226055,2.349012133471254,2.4978923122633483,2.500858990208932,1.9112267962125264,2.5576255650969086,9.037835916124548,5.774164767320425,3.0231380315833634,1.4778411463946328,2.5006084290221393,6.122214713348493,3.216234109712887,3.8406090063641485,4.407325630754762,3.2240934859314665,2.4445661732369204,1.6960794760647475,1.4747309738481753,9.110134691149513,0.6275136746013599,0.32886715466406213,0.7726883940912666,9.552705093314966,4.286056785557322,3.5739998828619473,7.689939852292131,9.764834386869136,3.0748425313050385,1.5623942557072816,3.11926306273243,1.932603198129446,5.4491346526358795,1.887379736322645,3.580333979655552,4.550729508253343,6.220079822160925,0.5662453615299663,2.0751391705285895,4.7339924554324115,1.2433641735269723,2.1496100400665474,4.01637372186278,9.060414459257965,1.1863004438516387,4.632763685207273,0.9110630958373175,0.52631552427541,2.7632559331129527,3.38272286871239,3.093436846686946,0.5631698930215683,2.5501039350150365,0.5713964213383043,2.8651057802231445,2.420052123309639,0.9985506665447953,5.245919229503535,8.711273615435237,2.670573239063841,2.8194761522732805,1.5126406553531926,2.680664100323553,3.631271308078859,0.4145157636894492,2.087173743176751,2.22600621873483,1.123199111754463,0.7590079835739332,1.3474622344616265,1.6402125492231925,0.955784668768462,2.325412583487438,0.30728151440969087,3.3384202397104987,1.8045445946104532,2.6100478655565156,1.260613380443993,1.801183223665474,2.2883159326355416,2.506804714861383,3.2595106017555118,5.005021403932314,7.44990080816489,5.697922826948096,2.490732021370429,10.910683818901456,2.5160906750424044,0.740479841452007,1.1739308783450935,1.6661361934574124,1.1709788417669926,2.1625371817109316,1.962666741833929,0.4161370968171615,0.7731883752289854,1.4332378923714515,3.176863589233359,0.9579267703334783,2.1522706746743463,4.351343116428049,5.200847682460932,0.24065069352342447,7.130390076425853,4.345402772095516,4.400824220060422,5.8034483830657075,1.005214160643764,2.611641990349345,4.647284438918282,3.4874566172760644,3.6195771874631637,1.0386031177674182,0.965600918279887,3.23423854694918,1.0653789758122247,2.023998827601438,1.6349378795239757,3.617297980149933,3.723278601758712,3.2730131784587155,2.506092399368476,3.177096393721087,1.6615203531517795,3.305121625780409,1.0940091157262517,2.9098192358497252,4.818068873480579,5.736429940095482,1.3026004059424408,1.8466720924636377,0.7826813586306706,1.8227152398124888,1.660740273353342,6.387314032008884,3.080056584522065,4.994192046231635,2.238103971618067,3.0033097202782244,2.44368925083798,5.142639811436312,3.8700785842601984,0.5804097522124124,0.09254926833676938,7.918961595467967,2.39194412521081,3.3903997439893807,2.3683559478350755,0.5892631162774801,2.5280821381682617,0.30335967637933925,1.7290592194256649,4.932640398334795,3.1580185896645907,2.272087445274589,2.8750813750680955,2.063978870161363,0.9781172853315628,3.304842141211392,1.068048234418025,11.715820117095205,0.41909187589728636,5.837627607597193,2.197350990178778,1.9805647093765022,1.6840853539333318,1.8859137912876383,6.412103924640119,1.2960572712732616,3.602749652609892,2.3750886404833276,2.3782841136742383,2.446116096058872,2.139666876809513,0.7341683327848598,2.1743006166095125,2.691249533607935,4.273188315517102,2.1404628242729906,2.3154289613681796,1.08587479756617,3.067578476059519,1.791036447308442,2.1924487418743333,6.44745739583731,1.1453707715358927,0.13404309459769892,11.611117321685194,3.5304139999417794,5.715146543407626,0.9905577990045634,7.701692738610437,4.684626865793136,1.6825406551237008,5.286584384532834,3.2391433727390306,3.3847840092244343,1.204186625553072,2.074379296202481,1.0970960242288639,1.103282501314589,1.0233738630535885,1.4120142502861206,0.7744205849396442,2.020495876086705,7.610813984234227,5.181599802489171,1.2954938401115612,0.8989717462673296,2.542588025692445,1.7101776586861464,0.7409087381102174,1.4673785135394948,0.22656355990732274,2.152476097488912,3.8396730929736296,0.6522287963829134,4.0358609456251,2.8596209584375685,1.2347589932871332,1.3268449963867703,0.4794743086883728,7.970080215718695,0.6337834326986536,0.583931971981462,2.070923013905064,2.4245468273591473,0.4952438567985876,0.981195704878423,4.198269606384142,1.2739310688685144,1.4814358408254051,8.435235419076763,3.40869855398704,3.7604006276066895,3.8012624652841978,0.7748891451577212,3.105305670494246,1.8101735113139708,6.151220409687964,7.025432740523518,1.5365279527867013,9.752049362388513,2.6556025189060373,0.7995596595996006,1.997172283626254,6.382170233175924,0.8921836950492243,2.0555859171900823,0.24885579796839852,1.9488694589695972,2.4637846972903614,1.7117589334906715,8.466714439238906,5.585420029963095,1.9385164429691932,1.0347270942078504,1.2125870753650927,0.9819347357985153,2.365968877530825,0.5820067970838823,0.6755249111097691,2.0520225094050097,0.6847507556702107,0.3153471575144074,7.782357090180268,0.43283486054193876,1.518939960677042,5.125454035696611,0.43661624962140544,0.14425208435033382,2.879158738901574,1.890249350247946,3.292302386306068,4.457403905500848,1.446413181676655,4.756632975017767,0.5240182580502915,1.8025200798950474,0.9557225394311857,1.7115051214441088,5.181678741696871,6.713354915893968,1.7415889826606417,7.022592854426992,3.7630032447386097,0.29064461523077734,1.119776494883539,0.3630193229704072,5.757946637793719,5.062527476515445,1.0969807969578809,0.8798960272595072,1.1444277406369268,3.4489647676868787,3.5106224719789303,0.38289874407738456,2.9432513275842562,1.116894204233254,3.764304057178535,6.276136346194489,2.520349559688609,6.234836948235299,1.081125606192007,3.042946212910903,1.8203856418108302,0.4638191707508426,0.5874285895578977,0.5558395844356703,5.340739358263337,6.8636805359947335,1.0988691716522134,1.4610738206536906,5.328886548046519,0.34764078414711796,17.346642556293816,3.2425190091615983,9.653741128277073,1.6113303906385754,1.9826403085576516,1.1945731036017762,9.738227236718497,1.2655783510213494,1.0525820866038695,10.396023493555598,5.672288275783012,6.102953829457508,3.4584905285982934,8.366335498560263,1.667369727389788,3.4964759288350566,0.23024997278561724,1.5280416167135074,0.6982722059267856,0.4252133815534559,7.656963355741276,1.1210133352861766,1.6795846935027305,2.0391185075495777,8.073059292160286,2.121874021361522,1.4139108655886645,13.350238442615936,2.6141749976091306,0.48263882565393074,3.0029560870936023,4.087951422236373,0.8200878040487753,4.691155455536316,5.00385133349268,1.8327487189341798,7.271357167386898,2.5696584212802316,5.7369338240140335,0.8175008335075549,0.89761231200503,1.6095767725826968,2.361136977818895,1.2258199607626505,1.0438286859453432,2.8337052127072506,0.9749912872065863,2.122805450424021,0.9889609459907687,4.999131104380662,1.1226843735679854,8.975514422883679,3.3874721304945234,4.050366961020233,0.6804708198695424,1.192898156038982,3.548406270437578,1.095581060179934,2.1362840777750414,2.648979902533329,4.8804913220243185,5.319060162485463,6.469079793287271,1.6379805691085971,1.307094618918258,0.9737295138340637,0.7250179506932365,6.678555498582717,4.056965700742275,3.358755470867981,10.174942369483027,2.6451177243455017,1.0369664942466952,2.224214101947221,0.682710721037463,1.2244950873807539,1.663174377034122,2.510165106923208,0.26813966144895646,0.49632488219918947,0.9936098516246021,1.8472827851176246,1.0027028153315223,2.8584054463784665,2.36279564045675,1.3301861034288456,0.9427260769954995,6.606146488225885,5.118673558398367,0.8449540127699392,0.6065789876396656,5.154387955593471,5.867347088006929,2.6307452029703815,3.3029420023909815,3.195410501430088,1.9866368466912356,0.8702642640004272,2.14878113460136,6.342086278012644,2.165335263851951,0.9996254647155195,3.1472270858181663,1.8996657855036285,0.6113985911372852,4.669817716922868,3.8244363772142536,2.1475913567910787,2.011206507362015,0.8746296889386233,4.104230694288811,2.8936314309046796,4.148581920820158,2.269631199501383,5.460441971362677,0.7776735922476442,3.9323026164832937,2.873448168265886,0.5590337074066372,1.086066514487897,3.8284745514783616,1.8245164177468525,0.5752261113920353,1.6434014291974823,1.1463288768197095,4.502135245963562,11.914939183247029,7.084266732261519,0.6342681951834241,2.0017379722785824,0.09444101513298708,3.3563985591433587,0.09767571665249658,1.510523058522051,1.3628597655422532,2.8669453212355527,0.8117012360798528,1.2309352612588915,2.3800778388097723,2.467356604369991,6.66480786742171,7.265276842428446,1.666892471972806,0.36507060400276947,1.6689184365377643,0.9126683214856569,8.730544789763812,12.315644737822177,0.8237891252980754,0.7798364004460723,4.8016380500589495,4.1031403998296225,4.360877121186531,0.8538648014285719,2.2771011592981787,1.0855226071499267,4.66652494474303,0.9557387301931062,0.3022940005612173,3.5336079705307015,1.5883631371417397,2.4867055280666643,1.7159745453078963,1.721787181035405,4.359572607750133,0.998011630198006,3.171825197427399,6.412082176394734,2.3976309384853787,0.6188907920486357,1.1921948225836971,1.6596261720984586,1.0621194559302851,1.1729981295426628,1.7628526648721212,3.647492030804506,3.975450513489032,1.8335762081674902,1.0032718571280326,0.08355676535967704,1.5569073328195424,0.7674568784933753,0.3632553245502004,2.3771801868224633,4.1140569412485934,2.1723646338500386,1.4606418219330495,0.4892265580863514,3.1049434975351176,0.661509518142549,1.8246192928363507,2.304793772684102,0.3118370907007084,7.570679451805648,1.0870170385090412,6.816066484982495,0.14682708607959766,1.9238940358407124,0.29452735213449044,1.4257430118786112,0.6156720461997339,2.269531325559664,1.145600640528548,1.5313280137070078,0.6191163150981013,2.6448952171669147,2.762132014014414,6.09928529691606,9.40507804988686,6.816610055102166,0.05328831429373976,0.9266606939436963,2.0917431753459255,2.900726440340108,5.460425957666818,1.1887779651657435,2.826187947951412,2.3523794317844766,8.738989625486534,5.310050534115975,5.7925133266829,0.17943710307298538,4.374466714547317,1.6433130713829347,6.244479215265491,6.135971855941584,2.347425148953367,1.3883934781783787,1.058098393409976,3.0315455655625723,0.2935431532403499,0.8404207593371741,3.431551399173535,2.3120939254513972,1.8954847396964838,3.280780394334074,8.021342300158981,5.252607934641714,0.8633590866146829,0.5332175669014786,1.4164677052044101,2.9420662595677,0.8493612669367769,1.5002781526959688,3.1585977843181587,2.682650705358643,6.985887312668034,5.507835671337222,2.0422150740240834,3.5986443384543643,1.81724550928306,3.7363276321549725,2.234773339654428,1.763014916692868,5.350242907263864,2.11260220998195,8.453854925051509,1.9701772840056069,1.1319618437891152,1.8189823948670472,2.7801915645138338,1.7920617152518787,1.2749988309994311,1.3086768017510937,3.8874259299344494,3.050200263411363,2.320698397896656,4.261145125110357,2.5251004905835113,1.3626104456767991,1.3643324256727003,3.0018148343099122,2.0634035083788334,2.2127381951690737,3.4135327537163267,1.091270843657559,0.5967906585626154,1.8897602671126048,16.488688423972157,0.9736394081914126,4.12014259260314,0.7532825269710048,1.4709383031762493,1.1341991040857196,3.6561540704927595,0.8086385517663033,1.541835158791767,0.5545963193926148,1.8585894120449915,1.4565038307168436,1.6952604425224964,2.9909645458658387,3.451174403280732,3.6808072554941043,0.5115330909684841,0.8646954060071257,1.0196666410218476,0.20332767571677193,8.897781804131162,1.6741468526913585,4.552930187724004,5.66351403873346,1.2570179860739956,4.793400853559544,0.4731314475689946,8.588677839659102,0.822034225717837,11.281517799993535,6.333041948173932,4.023510401104311,2.9709957348772535,3.22344684620626,8.764578504177813,3.7069564139716347,3.4814146293430555,4.10773779029637,0.6340040967716171,1.3877634698594568,4.562863642649077,1.1706027118708915,4.758115634361098,2.8296494980349034,2.312185667435356,1.1849078883866992,0.5840602888391587,0.744871644605647,2.493316116906895,3.8047619957934513,0.662719171367546,1.693813094435404,8.079061687643073,1.2507174993524717,0.5035855243609634,2.0933402666929823,1.9965569130912058,3.2563304169144884,1.7535750986454341,3.6817348849479092,1.126462438055569,2.1580075639525282,2.4997982959702174,5.0161154569250535,5.434866624696574,2.0490523781333776,8.471325203152688,1.3284295587057653,7.326823355817457,3.2763554425306802,4.8905646160060865,1.7198141208455857,0.7863865495668394,1.1231019546979253,1.5376999975844232,0.6062622137204251,0.8616355866230397,5.623660272469582,2.873239146571008,1.0808863901784318,1.9340327518639984,1.9596882109892042,1.9343550605553888,6.412174403060645,1.7222080402317854,1.2402887693671918,3.953368675385067,0.4604143582971945,2.1787282371102057,4.4294013512217125,0.7850198447832692,1.4124342796498242,0.6637009089848633,2.24167345098046,3.9655068330635768,0.8510499073502327,2.2417830685720035,2.845794844167028,3.5894204464537562,2.3840969580758644,1.657460540168145,0.7256891233167416,2.407732492968299,2.906042602754685,1.5777439581105355,1.8387176765388564,1.5676940764732594,1.8943925674779567,4.14117765050345,0.0541134321352984,8.823198932069312,4.214330469878684,1.4277256494792427,0.9666949946237041,1.7632589303739756,2.528574720135267,2.4930761706616087,1.6315626338925684,1.2614411281130586,4.959939646399464,3.2689136216647,0.3439448720907543,0.7909117555279361,3.55999166395406,2.4930087538174,3.392576266760912,1.3068590222513776,1.0879036563385236,4.488231229998921,3.459207111700284,2.6656720434624916,1.4741774337613642,3.5325682270387215,7.248534603980376,3.492112225398401,1.8967584225093346,0.6732733599290247,3.5332325486911924,3.091386068956042,1.5693927002644976,1.6565130997376076,2.936085114727882,2.0318723230066045,2.88388890790734,1.0372288853138665,4.6627981544081045,1.6476143666612983,1.8321008292514824,2.0576644518003384,0.60922359027456,5.688962223648296,7.624901754320514,0.8924915728535764,0.9508089087433302,2.2157763585450434,1.509430615375096,3.866511917414825,1.8391058033950458,1.7653110311978863,6.747458537328595,6.492222586905898,1.803046914262016,2.4716110225930596,0.39057640522101955,8.50068449404777,0.7957475960491331,0.6567196875606772,3.60755691869789,2.445541382804572,0.6059454886531578,0.38572605856629094,9.720203250371545,4.179168552467091,1.1241154758552256,2.2659715430314336,0.7006879455441355,0.6903375760638021,1.8236934794097475,1.396587230721916,0.6611930001653185,2.2204433777533277,0.9046249001324776,0.7756507067151303,4.779201276277555,1.061976954883521,4.048319668992919,1.8229819496863782,0.827026286130361,3.846375392273813,1.408274430655652,1.6241869763693202,0.2466006587444445,1.0445442850204536,5.661509146363428,1.6058554218967653,8.020845302924737,2.9918034887147535,5.09287835834665,3.384708464446338,8.985045733141554,1.3898131835568246,0.6400484492260586,2.4838621644008967,0.668280787830204,3.7330740417134387,4.270328631396272,1.8724506105039271,3.610955414176327,1.649977310568896,1.4366578747182621,1.960479137365762,2.1166797312580665,6.110600432585894,1.3396466304062549,1.5038165139455928,3.459989155265587,3.938216818784117,4.177513857106865,0.680578772788652,1.985675893268211,1.9210973740923032,2.853356292487324,1.5970571183982483,6.7770396102131105,8.558946289303586,0.36360535808071753,2.580916061251885,1.411069787768984,4.6221079049166205,2.981444514379298,2.8256235183291,0.48835240147372655,1.7274176394853558,2.0619309176182576,2.3541880462445297,2.182920039894571,0.7470090847953377,6.253474497286507,1.9532676411323882,1.1963946534710397,0.7224923532319761,1.808245430679164,4.925468413862188,5.239883484862538,6.180923550947329,11.100172785060478,0.9838135530263445,1.478284737271041,1.856538630205526,3.5328603619163728,2.113024110944922,1.7592156294642618,2.413048006216932,2.4089299055887787,6.918537775506013,2.4698948081219085,7.576078201211702,2.093886587902009,4.051045691693616,1.8811538354391193,2.4678466494370728,2.634659027788945,1.8036856317830239,2.571007651065609,4.241495190780531,1.1435109742905474,3.133792982359735,1.0236705639623156,2.0920270336440514,0.8542068335461248,9.084025901617776,0.6486003486678726,0.7707961936880047,1.180867302108735,5.510354135834929,1.4424127944830145,2.336142453581407,0.6325787070138665,6.686775382871237,0.9969683915734295,2.0351171519493096,0.8875591644405811,3.50275630018279,6.793726332502067,0.3523547091985052,1.8709379611667092,2.981443189436436,0.805950626371325,1.867851092842823,2.5255708415213576,1.5727423214014729,1.5967350991364468,5.808575377408252,0.9850113051261123,3.4833680595774084,1.5778375333768726,1.429437845742393,0.9581097223525934,2.5363146918454165,1.9159426086651066,5.488081407485726,4.468937341207797,0.6625652084645166,0.32708633419863414,3.2191639481941055,0.5445189971938144,2.1204826310495055,2.0569384304933918,1.685622794748998,0.8439630424080848,0.7673875792327285,0.9078823243641116,0.7495223681668302,1.4104074380228697,4.296444576709294,0.6124005692611834,3.0522199790206797,5.879322046133586,1.7996804142281266,0.8315612658287432,4.412882290483072,1.2475904038905181,1.5056393059390378,2.4450027956844473,2.37389774983546,4.891139727192227,2.8587975893441415,2.2706457147746386,2.941269718605694,0.9489261258014862,3.6965767645632264,3.361304051901782,1.2650676918493828,2.5798319173515236,1.701795566418564,1.1306018155346762,1.1246891625645528,3.5476211139297926,6.019687674114822,2.330590328691863,5.62910881760222,2.517249441296432,2.3270959704531538,0.7993558245920054,1.4418949432400134,6.013601978403361,1.0034288760855439,5.081624660553498,2.6290650286624984,5.700561323909156,15.527413867102554,6.408550901820178,1.1336981065805247,3.7662912986225963,1.0363115246436014,0.26983413198277917,0.9081569070657742,2.650377978881126,2.589163415030924,4.521794296650754,8.572571913494512,1.1353083153626002,2.64566212364999,2.6976733567280724,0.9495955049101431,0.31373945019704064,1.4875852033202368,3.987769123584673,2.54365283703632,1.1216112661804118,5.171019754071825,2.1559491616388584,3.018502594039443,2.242870415050352,5.184326050898116,4.635470543478556,1.7418714797420318,4.278987666287263,2.196862316001954,2.5731924292843007,3.7123556866648113,3.4943738579243226,2.4465204721746,5.730033586844125,1.6454517468484902,3.658363844649091,0.6173056014331793,2.1216608769882326,1.2157964141039246,3.6898077600461523,2.0169318823924325,1.4189825814380685,1.1588350679484936,2.1873878566156844,0.862396235041041,2.71675615801217,0.4346497708488959,0.6455555190887708,2.550179015485128,3.458164640370742,0.5734030212661896,3.0376201692988922,0.6521192867838645,1.0283909574521115,4.228973539390057,2.247843772850566,1.3443611804844229,4.880320348887632,0.3366550461326192,1.0779574687420133,5.415718475789938,2.1489446206346843,6.197604946267424,2.5431457270098243,0.9955427800612918,8.290122968071163,0.1703475851137144,2.0358011326341874,16.149026946207258,0.6674664216990908,1.3737415843538707,0.4537328748213374,2.760043078386614,0.37436733576428083,4.648997602877258,0.46333261191509223,2.7253915988378434,10.240914671627252,2.0907564474615934,4.481344890112538,1.5262070999847703,3.341277864809831,5.671340574014304,0.865936316160243,1.4572693799410845,5.77816937176463,4.605444868608677,1.8555039714717179,1.7237077249640858,3.6956645108590536,0.35683709009512965,2.893508661427498,3.8072498320233703,2.5195346375360335,2.498209078101846,4.913139404402113,0.4236208721039716,0.8595121810604912,0.4032605122975779,4.5967146522763995,1.5683328994278782,1.8779606078916764,0.43545432601318057,5.904119418929973,4.071410948631004,0.9258514168234477,3.219834416207016,3.319054640215232,6.207880185627614,0.857485073203178,0.884076280598197,0.3814030268239189,6.932990337264176,2.325480966506614,2.488662505465928,1.6341249138983116,4.579828577159053,2.3676392637810464,1.5761613218868404,3.1812798314709725,5.684467988273492,0.6733706487407096,1.2086522015097225,3.2034897238548488,2.7400233284535327,1.118894203516224,1.8806894270164094,1.5633170086962196,1.6967287564068982,0.7140563821988405,0.9862356955287775,2.2437765100428626,3.9105931094466717,2.063007821978888,1.5497846887403837,8.40851720671092,0.5956002717104842,4.405716948792368,0.903054254901938,5.005405796707322,2.6228848490039733,1.3478503577018122,4.613929162857262,3.67196468486227,3.3861234150029924,3.9961402956180647,2.5453318051622027,2.1727545123745164,1.3988510161538896,1.186036243742741,0.3981840321705493,2.8915670248382503,8.319348563444358,0.4743190455395496,3.8106186401558557,1.1221624760292883,0.658057643262169,2.274600850927293,1.7767662084054936,0.7058049885834786,3.319900192962501,1.5110561972766026,1.1983684270286397,2.9449614661128507,4.442556142476872,1.607201819999543,0.5601867414328923,5.575357804920743,3.933862065584528,0.7165015734007476,2.7082832254491773,1.039210655428368,1.1157423017291972,3.3955055047743388,0.5039394482643681,6.704898792783816,2.794183857091005,2.096422744066022,2.228603278259061,2.1744450413728598,1.1053534459036798,1.0250660252886896,0.7836763389954261,5.212426001663393,1.486645792072952,4.220378876390936,2.7053194707835164,1.2520154709398412,2.226541034287033,8.454903061955122,4.67550965258571,2.1588870478925357,3.1293627363426726,3.1384305612996943,3.967075404981485,0.9665102733858637,1.0116829867438557,7.207529242641275,2.151603276896516,1.9103198739408083,1.4689723570520357,1.8321621919441995,2.221179196152646,3.9348738911400347,3.0681534391709446,1.617408100444266,1.04116762873335,3.2304472664984183,5.383856218209544,3.132307038194034,2.120778517270793,0.9956574176430545,0.5764704826884864,1.1596701912956056,2.169374926715902,3.348238598747656,2.390655414008695,0.2774096532464063,5.850674646940445,2.5575881961266465,2.976196444789993,3.4610427732896993,7.3697655577587655,1.3655087307126947,2.029651005159482,2.126088203101622,4.648513944742991,1.7552253876498993,0.8926818216208043,2.575568152058054,1.0882857103562877,2.449214795809415,10.740175385075949,2.8601062364872236,1.1349092388301725,1.4506334007140704,2.074978379457889,3.2658374040986744,3.3190842863297823,2.2297472896000814,0.620520666386461,1.1191805951343186,0.8391346466380709,4.849457815975811,8.417025472572412,0.8865669216081097,1.0139322249578309,4.416215436952759,4.178972088476303,0.4529425210168156,3.194906236935872,1.3901936429693171,0.305703044904302,2.651313436995056,1.6678628854415805,4.130217931072361,2.0072181005728136,2.1593229826070464,2.4795410702121004,2.3138508180680906,2.5519121984920576,1.4936448660512616,0.5598038328075583,1.8129386867862989,3.6321692404087766,1.1112700338880865,1.200378323451298,0.18591158281919234,1.5260074524964058,2.6043704433639223,4.977807754507747,1.2952024974436802,5.329381499478273,3.292466720425208,1.7435158261943915,1.7819514638302048,1.2193010687159922,7.4765358756152605,2.2936952713208005,3.054240576851035,0.5686625991448714,9.05350814426235,1.1356439696991987,2.535091240876001,4.47383839484409,3.421887793440777,3.835353452075907,0.91374529065485,3.0561659595529735,1.406383876557138,0.9021742688211849,0.965777914185657,2.5456349686395234,0.7094855216029863,2.168051838833905,2.249100989859245,3.540188114261668,0.6399362271936364,0.4432707330592954,0.7768850545746251,2.8702051012659497,1.922420985393975,2.216973066812769,2.6647119768030927,0.7919388745386868,1.9159531865981856,1.537904136729562,0.840089934703356,3.3866961695918176,1.1849081936368795,6.090300157710158,6.185797518255969,4.854042865385394,1.137559553652304,5.838130132882647,2.0236934259857984,0.8729592509593398,3.538994786901492,2.9210896273805194,0.9650089283758905,0.7246084889787334,2.506691640136273,1.642751049838623,2.1800695975314426,8.553434371081927,1.6874036764468396,7.779656177295182,1.3354275823561128,4.102123662353492,1.8398583689617045,0.7867458150701223,6.492073928481689,1.794764547385816,0.31703430057022874,4.655687640501072,0.4574942698504721,2.550689827111233,0.24085675933014986,0.7286740229059714,0.5928359751334082,2.4265904874573407,0.8988701979049465,1.7690141931999868,2.574915749546574,2.24713574830968,0.667682275309323,1.7796952282995715,0.9300297695499538,4.2060742393217785,15.256489926809806,5.910393474035087,6.763445955596782,5.829051754612821,6.944141650170765,1.7853471918066202,2.6262128217362863,3.5929952470121362,1.3205143180154881,1.6624588788889585,1.8692206367256132,0.9168061742125346,0.6871994169257608,5.203812348657408,4.305798071856736,2.0113161422390022,3.983566504183083,3.8831588627088602,3.766763595799635,2.4446933880460033,2.459800983199378,0.9646388483510729,2.827570116646125,5.931933833416953,8.98594001046635,2.265250362883059,0.32967201323861606,1.2205438977213063,1.2797118975739148,3.543831830674482,0.4217390521497273,2.9760902309202812,4.884338283544008,4.2965079638626085,0.4598537574282018,4.751653412877767,3.0254496419483767,0.7057928861597392,2.105351275588898,2.486391961869763,5.1354043864497365,2.564941248064626,3.075899219813091,1.9869014050685392,4.975956854736603,3.4535669691805353,0.9609527183343745,0.7499833694318767,9.14234921373598,1.3676091144625138,1.3132893257996985,1.8330929082114722,3.8417910166132594,0.836891766163145,10.980254567481863,5.301993720779585,3.0025540695659316,0.19392290824903569,12.502775938730982,6.664222769740103,2.2160014355897517,1.7178999872859484,2.1230467520145733,8.190484246143415,7.480181684397802,0.6761038798834158,0.8757458284805758,3.049086099303418,5.157807973423965,1.7727371211840859,5.2037354001793865,2.790323257831975,4.729817206878854,1.331051887750827,0.15468412592144004,3.9675302181212837,3.0644820782832833,0.8503944360708189,3.8238897009449833,1.3252527903284232,4.51572284093847,1.3926021906617516,0.46486704028122244,2.310583279778989,4.773024069842737,1.5429191471867392,0.6384529214424834,4.379448302686626,0.8930638530437025,3.2007041528676416,1.2781680658122978,2.9332041690752577,3.3136390797725515,4.896282170305105,1.384673307065213,0.9020898629465525,1.7435631131889944,1.4472710181225779,4.337621907394436,3.475236912658881,5.948354896501686,2.568244916433094,13.569893164841536,1.018291385547403,3.33582580285127,1.8172079597052266,1.8964827227223382,0.8790850648952262,2.849914109534878,2.648213919544442,0.6380284966642051,3.5477818556848573,1.5118743433814053,4.023257068246302,6.7557304655985835,0.46084341222818365,2.113560174147847,5.900473229107468,1.1642266953976523,4.5707684293219035,4.511084758495888,0.5692241098650213,4.172764349515543,1.3224850226137732,1.1582029640174485,3.4643585454150325,3.0565850077273113,6.8582229510756845,4.217554134690384,1.524512907677684,0.9385491094880393,9.590400922299791,2.4431314854948365,0.8209560455690958,2.225434205669834,0.630035325602281,3.930959924182084,1.1834049286332218,1.7004125417915872,0.6078956820902124,2.717558178649447,5.54215772194673,4.401684614062382,0.8326305231688333,3.9490234352361924,0.9137204047593657,5.298887718398196,2.802264934340446,13.296809794714942,2.174647386818868,1.8560882292096017,7.557724424778442,0.8522695686650934,9.827522563689463,1.5556852000295296,1.365296051667943,0.7925414251721299,0.5279367028285658,1.4472368522659358,1.5783173829884511,3.98183629003463,1.2695819425948105,3.0335852484685817,3.794613378938287,2.091743592809353,2.182621154418205,1.3878561595066126,1.410548187801233,0.7115655861661198,3.36734518184717,3.677295170192756,2.152050567964967,1.213416085991483,4.7036730626708625,0.9268712504841321,2.6035037632994316,5.077580988547504,1.3241430164817594,1.4431687463574077,4.6299482097915545,0.5919034646620229,0.6859140083291263,4.164954239577307,2.1305572303233045,2.2030301122689635,1.9163598075009858,1.79352475833995,2.9523830949603505,1.232491495831356,0.6600911174917394,0.6050178013526211,3.824099035013063,15.498082235138844,1.0463883204088436,2.4214504607429093,2.6622910803377735,1.8186364889838558,11.541207824521482,3.1717678404881813,1.211091915303186,1.8518631367789402,2.9751616821248477,5.475860976128838,2.289392401756645,1.374217239702242,3.3456284294492784,7.638571942439604,8.311209924421412,1.4560105229358327,3.2699638182840935,0.97818942441608,4.638117908767472,1.7152788482067125,1.4382133293872759,5.650731070296699,3.0567173054158783,0.9766693406801019,1.0379042010701294,2.679050199743836,0.9530311283352142,1.8854374796356617,1.9722751032938195,2.721914475518249,2.689159021265016,2.2492001020642904,2.342129307158546,3.96674766983356,2.2834349572796993,6.1061154438494825,4.306369861351623,1.8335080968845885,1.0668911647058814,4.518396312009967,5.279934923085045,5.931277473712947,12.966372382991421,1.4733502023999936,3.5024721016002793,2.09047507182537,0.6729121005908509,1.6379787794908895,5.64323181552067,1.3318163536997227,2.7307938052925507,2.060196592850064,0.6035548055266693,1.6173816005793393,0.7093536338753638,0.9944357749124391,2.823986283531654,6.512765612274834,1.8917896861654797,1.2406629254054014,0.2590601080292929,1.02964379477858,1.9401165010765251,5.313342624328777,0.7060028326673389,6.781004607651905,2.666461945626243,8.077735453759903,1.090573288131126,1.0085839917007526,1.8730854759232902,2.4353539815956387,1.5607231776343018,2.0708880233422513,5.666922591881015,1.7863745436648586,1.74365331677323,5.070272295147786,1.3007628225739754,2.4167956773836172,2.2457104220951436,1.0587690136402848,1.2885917402894258,2.999422592227737,5.350270873973539,1.0200052710972578,0.37636509933127227,2.527264411368579,5.4687971684516485,0.811149702335655,7.8046398226735265,0.4072865275565211,1.0966095204184063,2.3351838179920437,1.7867306961315392,0.15896867701116366,7.279235632718799,5.248274522283585,3.5686231908612625,2.7463634378152406,3.439344738657507,5.254734191128219,1.2119222456045113,6.694568413282763,1.4391166168955618,5.07848423392761,0.8588436123274904,0.8686018482639967,4.1819460670505135,7.467970491700738,0.7278057996978529,0.8609882247462063,1.0697162171680878,4.656115837862205,0.6360018137107815,1.2077001919128314,0.2848732023537449,1.354813277177342,0.763988886997216,6.2449509113348505,0.4715083428172867,5.210450943196802,3.617592549283312,0.21790427817564406,3.175654971858523,0.763734539461983,1.4141361412811175,6.6056425746100045,2.222641433150103,7.045056298997331,2.030670270250657,2.0882939084442493,3.1545997959997396,3.978069844665235,1.2746699582041567,0.5684351474864393,0.9799616991054052,1.2109632858702277,4.8014082387821935,1.9895521261845874,1.1765271447731505,3.3839480311045618,1.1219740868553585,0.8555429616081073,1.8598409477280289,5.353531600327137,1.2112574864560715,1.4203989783315725,3.0202726426179516,4.822843412769786,8.195397208383795,7.060940180309732,3.4563954993059136,1.1968202073139353,4.733898298444166,0.34069652015212953,13.58796517343974,0.8101856618899235,5.507891227132833,1.5393483685044655,3.154390527491224,2.0332814386172924,1.1222620063538382,3.2234583192451813,4.1821247039929705,3.5610313277515737,2.713232337982729,6.62958705602786,0.9089842620900432,2.792419264047529,0.5391915827989002,6.415755635638017,3.0161461252656454,3.4521886257761043,4.130990031820179,1.6560533427539497,3.404770952449735,3.6587703904567253,1.5595329838043905,1.8469402336250722,1.3072459475042368,0.41830741476567374,8.003072665467727,7.09704465346276,2.964603831901863,5.930763252393977,0.7034680537187872,1.728922742856251,5.47459791586213,1.4901001345038456,0.40466187121415836,1.2586302277589483,5.683636807811206,1.875586704829989,0.8201743788656923,1.8324722436203478,0.6595972149411351,6.335183526002107,1.5511145111246591,1.5230995669373133,1.842913049218022,1.996406210893363,0.1055926146391169,1.6127106310141226,1.2352528129379223,5.2871277887965515,0.4415001319755209,0.9209224385817029,1.4058368426743157,11.442644278769013,8.126953666286274,2.0273634380072125,2.103394326673648,0.78768985794302,2.884701629337023,2.014715587243348,0.2746592748245527,4.585474823022023,2.861871780985732,0.262149132583568,0.5683633280790585,0.45203754951958586,1.2538669000359388,0.6862288600995206,8.008444151234082,1.3916554580295302,5.034545776463614,1.7340153225695751,6.063086393347695,6.53507379690062,0.7871116299242913,2.685127126646673,6.698168324975326,11.500308607743555,3.0311828839805464,3.837269530989178,0.7049486453297673,4.039545047082775,2.1426607339048913,1.4846768621008375,3.7578286865137738,2.718680242573434,10.35071489454476,1.9529649321426221,2.5861355269711215,4.141300288277604,0.830490364378453,3.410560412382281,5.174433716411341,1.073686383833169,3.5352759393562145,4.966329536452194,1.3217943730340762,0.6123736415034211,2.1255144163750437,0.9670150322986935,0.5342255769396795,1.9778517543056018,2.6171385266310545,6.357652620785259,2.820416175783706,1.6024586271637766,0.45555805861627846,0.4713163073453951,3.36975418773742,5.715039482452486,2.714448689645974,4.4568349665216624,0.2986363507486174,2.4209371697530457,0.8027374204688503,2.8541723170039197,4.379470495503249,2.3413621397294824,1.9312411381877705,3.48728038366957,1.361579417499342,1.0078374526996445,3.0697358197630797,1.6494046009372103,0.2869142538593923,6.3612876388521205,1.112548703556446,0.7558876418149002,1.8520145137540769,6.196649578074613,0.469188972242503,5.08382753715389,1.7064654076282602,3.3231025174693554,2.8216041839891557,9.974358313072408,1.5915480731931553,4.159771081904476,5.005673988706461,2.196276554592824,4.313130415353718,6.037473453367085,3.0638320732746585,1.392177395921495,2.0208950744673677,0.32688765785164203,0.29577161183040435,4.552266709641018,2.2034121453750832,1.2107479536542813,1.1443523701427256,4.764210917620097,1.4689111761474027,0.9076239010580001,1.6159063640387827,0.7677988865849066,0.8160244766051201,3.888911562215817,0.5141394176857145,2.057777722648804,1.9097559411918714,0.9256541614054651,3.061731965943809,1.956956716518828,5.006371591199519,3.026288357763513,4.093900537883144,4.407303182692288,4.833650624763855,1.83468360687967,0.5357544068926237,0.6006553713920091,3.298737158785979,2.4282757274380953,2.578287828360986,2.0268270733182185,0.97411953631994,1.0293334499113391,2.086140070291572,0.34857825916292673,1.340345564213161,2.7765094945874176,0.8614559503445204,1.9387729622395224,7.358503086193735,1.3654488181676105,2.212731603462326,1.6740584359085828,5.408888843874671,3.080222167701063,3.6719492719592806,3.6622694744386672,0.6518483204043495,1.8254133054513848,5.877908020190996,4.351874353982965,1.9892384512333448,2.1970225813867805,1.6347472423074862,3.335479542483345,1.4862299068296274,2.002698764714303,0.39965003305006075,0.5801901817010552,5.215892188883726,6.5822797033561615,0.6500045573811744,5.569288547333167,5.100703194261685,4.494844158786298,3.3134354395951378,1.530598516825875,4.452704166733157,1.074130587686621,3.0817283515582607,3.0897479937366916,3.1527043305635494,2.810764511230937,4.3305312539998475,1.393759147869719,2.1444742850147533,2.3091559957414476,1.6432035717181668,3.3284878972874927,1.916250634354177,5.985536593014065,2.4139244092569494,2.908921087387153,1.0988986772959162,5.327501581705253,5.0036743996694755,1.0735679063452643,3.1834973370521156,2.165280272497343,1.9152120657450924,2.1604389808920703,3.598935310028553,2.0159965204536223,0.9519962662602165,1.7522787476620116,1.8187154925203224,2.7608979790815793,14.11914730543986,4.020444419606794,4.162245088120568,0.5836092087467091,3.2581849085560757,2.006158178642691,2.4767870882654934,3.4238994205782833,1.6516047751136083,2.5252003064158495,2.719120731518931,0.34382545737404474,3.776411164165085,3.8877168685959536,0.4530488463461794,1.904835845716689,4.058737661435503,3.05931382785838,0.9147886589049365,0.9369982237789017,0.2339699110074154,1.506822099377949,1.9750742699264983,1.2639054654610877,1.3087190179480164,2.6362284545043435,1.606680755840136,1.125342412029818,1.3443820005122409,2.337340922310606,1.5204811042925102,4.777269708744612,1.4651793976991205,1.729403239626461,0.5478132307024848,3.9247764532211074,5.734785857222248,4.068972468447906,2.4427628640827592,9.09861931884258,0.6114963715213189,3.508282250011903,1.270442376745557,0.6432781036409858,5.516058979865349,2.594793368279748,3.444404861741806,3.1865452027842096,0.7829279076825493,7.778803715485194,1.6307730770084496,2.1694049692907345,2.8614067769545484,8.052404733462216,0.8538377144872598,4.230568974263182,0.36712363316329316,4.985924235121517,6.454091717607531,4.5189508596892125,2.0509370648061847,6.959920490234769,1.8603972005150304,7.404147396131399,3.6588350111482613,2.5378678623015936,3.1461548228568033,0.6131550409063975,1.7462891612595586,1.172351964449944,2.515351215400167,0.7701374383884086,6.28316238515199,1.5998278679308062,4.600499642784949,0.6650727355376506,1.1002830650694948,2.5302120412199227,4.4402744511286025,4.221121244167132,2.4085854794540187,0.9580970609791141,6.744805964757876,0.8915738315217142,9.274207596871479,6.953291106664683,2.2288873977187236,1.1987498947978326,4.578941129841464,1.7010476465882234,3.3454132433105137,1.4574293751874399,1.0103919526792593,4.126006382759834,0.3557272663149674,0.8019395991558966,3.1769420713560974,2.7822959352224403,0.5234826229432283,0.49566002323614355,0.6975245381863671,2.8223394497682595,0.44330110958242774,4.8954629820853155,2.3604606112123308,5.789900267882307,1.7564421779015942,1.218215183537861,0.5483590507391569,2.0516240640979557,4.155643392865936,1.8673397776559684,4.988963147400653,1.2007507941331341,2.0552571307658303,0.7589752964774974,14.011805894563706,1.6235150385376476,1.845579740531031,1.492529498435136,1.4042066791777652,9.006811682792677,3.6623292101891463,0.5039912185057119,2.2186764916097226,1.4506029892537007,1.9087236807414922,1.5213079415069664,5.567206721417126,0.7856726211645182,2.111813891636162,1.6269370863656216,9.92080353286768,4.8729341265275865,3.510409062696208,3.42389120353841,2.824931454596649,4.2970473938753155,1.4685517855219237,0.34053713051386175,1.0666947998259884,2.454033115198247,0.9583426927879957,3.2934686289356483,1.2201560876575663,1.469408128426378,1.549108220561162,2.8245610394174525,3.084300004189725,0.6991749202247306,1.5589500209113154,2.588087047688609,5.228542806229344,4.299951351485701,0.7666213254743413,0.6974638990754305,5.302778089204628,1.6096282549050793,0.8410762385077312,1.7165262556121919,6.353846836295691,1.3586672733911473,3.3715964555604003,2.810745988288608,2.0617853120414833,5.993260957123659,2.4208833921957154,7.427166262326591,1.75684824635473,0.8096678346229571,0.92653825847012,12.221381405280137,2.013923136450133,1.8192134215165836,2.052758940654803,2.7781202264475766,7.986138952964536,1.3236662459260609,3.0278159611038253,1.3779029834080052,6.5784693291576115,2.0491910685176062,1.5698711305711537,0.656095521395319,1.5903793979784593,3.1598911713777196,2.978960924841259,3.01613756009588,8.597612915806248,1.8687225898018565,2.6957114604447883,3.126226820831418,6.182395796178829,3.1068022527335897,1.8094997360412555,3.053354732833428,7.221890046912729,7.89537235393094,3.766640851055663,4.941045539227958,1.4515340020164758,0.5292774179616601,1.091148329593263,2.2289424199764913,1.026004451501962,2.110680365631625,1.1951011655849508,3.6304175435944277,4.9727833179040495,1.2359232183276272,0.09010000727550102,2.2440038169093346,1.1246534409212567,1.7715714331007388,2.0923817177858886,2.223049433827194,1.2832295537202072,3.3086190022148583,1.3106442805336886,0.15247837011283566,0.9781381155038733,2.198039926313388,2.329308021634274,4.436668890105825,0.6520697841946799,1.5112539640971825,10.34467162359127,0.7434008921045977,2.287389569277494,3.39298219026229,1.1407152865974917,2.7506169334848085,1.0045264085464762,4.063312551811139,3.584158633913392,3.4753654133329284,6.46314937781396,0.3731141193635204,2.1308066328559003,2.955925706480423,0.6399734742727299,0.3468924645703006,2.2185923916035155,0.8452701810448757,0.5835831707604027,4.358234642590404,1.0787873438606568,2.260163170685447,1.6482761650163862,0.28711968452793973,2.1168837499532933,0.5650239498477414,3.6412372296256943,3.701258027043833,5.521143667968923,3.9795771405894445,2.295166665311895,0.7899363438006419,0.39261086622250535,11.306242750292581,2.97850475506727,0.880126975976496,5.345869071564106,1.2158859708847456,7.011791874425796,0.7104751860900561,2.533995454565922,2.69035786874255,2.018759761027036,1.575986247158637,1.3390794751978163,3.888247906986854,1.183861209207027,5.58440494181949,0.9632358317625807,3.7663750895368397,0.7255319588490836,0.9803787185710799,1.8821565825888888,2.021736742743294,1.5872772135439623,2.066387012720274,2.659566382184172,1.2470486137546597,2.6515432616805095,1.4056106548573808,1.2456741277438472,3.0173469389600047,1.813358661305962,8.479028366749723,9.132306731518074,0.6382811739698411,0.5216186865207766,0.9729896538214425,1.0004366457165976,2.3737616891534667,4.47642592914311,4.709378502611946,3.1814865498704594,0.5171763140471594,2.073688134218048,7.546281372190624,2.7437818712134154,4.939602357888995,0.6400017674870241,1.3377936041161003,4.029011493682277,1.8679713086725962,2.768944203138521,1.3572602017990547,2.810298657576063,4.548971673478592,3.8168275183020617,2.9154792895913832,0.514165882534267,0.2374309306878576,1.0025522374080984,0.7758273156210305,2.9123089023849897,8.278004603643115,10.976966337416435,1.3041068653252192,3.206781773584504,3.9313557965896795,1.1899482202538019,3.701538927149328,4.612500611277172,2.3511433064379617,1.8760350194993238,8.38066180221503,1.1732023427701255,5.667249177255246,2.457075931395918,3.0036223280572023,7.7514870947929495,0.4040213357901581,2.097923830894743,3.2710899534060287,2.5219179497687443,3.1230104492938153,8.506459321861302,0.8770413640565895,0.591853378308255,3.177538120602177,2.3889869630516722,7.2014177183951915,2.4141688923323716,2.173899382220772,0.8757977903235757,2.6038344935628652,1.9967562241295342,1.4111605895848724,2.2034539545647758,9.562568053515742,1.3895075926228542,2.5955916829239896,1.011651600587624,2.8459639625834763,1.0764354724814347,1.1232360292547383,4.111014131914186,5.2095854574104,0.5139640283540381,2.6476060037112403,1.5015701502323864,1.6545455721502382,2.15464890919839,2.387800966940186,9.247092279307964,3.1030645238864887,0.7444999650811308,5.486392959881811,0.7663405417161087,1.7667133681998282,3.7364387711249423,2.8830574958904607,1.1437512671725705,1.6334466915112575,0.895579448981809,1.0213848043860496,1.072950472382186,1.4495329163728563,2.7289280395522675,1.853719797248619,8.866590485362462,1.9157345403075348,6.482898101732074,0.6170056053946279,3.3577754038824468,2.4219267941967026,5.478643922868777,0.6427140050127522,2.876639503985328,1.293826272602719,4.6684921575459155,0.570507693982003,3.3891054356939008,2.1937227392530034,5.304900071723855,0.4029785945410358,3.2126343708443006,12.085891048572162,2.673094052675881,7.94644035051271,5.864005671200159,8.999685388746592,0.7081433103053394,3.1380709572066308,0.779265820055905,0.4423069017980527,1.4774637114785927,3.350509071769307,7.662411235855873,13.166879934546168,0.7921680236469932,3.3751884880611707,2.83039290743164,0.22283786099548847,1.9797197858963118,1.531190873879537,10.876079371276633,2.241278552346372,1.8336926085398833,4.6727734357894475,4.557842209695046,0.5701461057825385,1.4535047146447417,6.54872977918462,1.809217382239573,4.112680430096323,1.5445468237521875,0.3396599705115112,2.007391826597825,2.532961626574671,4.1179542957989055,4.807677942695907,1.172892933992722,7.863912643448033,1.4995072654575006,1.2808620859526822,5.389746328388446,2.3405728077432846,3.3098818145880573,2.1179426454948915,0.8828428074271477,8.971592759471589,1.4077786936340004,0.1173261212324872,1.7951192899523125,0.9715469591801558,0.5547990375591505,1.0798510695672794,0.2633677935406351,0.3294582504006077,0.6274009406836064,0.845923458120492,1.3617602627640533,2.684485357863698,6.23438634118642,0.717645624217832,4.9783894703263085,1.9315487783691654,5.542409209632547,6.102962201566684,1.6866765223767288,0.7527826222308317,5.181218863836678,6.576768716241979,4.45674591176574,0.6577494702016704,9.759802852235534,2.5568464296249283,1.2310226981965653,1.0754103489372164,2.3268929730703807,2.4562237724626015,1.5879104629302268,2.288506858394946,2.1145552788445166,3.488957254300979,0.8687019303334735,2.56720048348717,4.997418367505592,8.23229641545536,1.2761091180568496,2.812558988706307,1.8157368546844017,5.037554553157589,3.728124185388428,5.175616981269099,2.7696003767041253,2.0124167603190113,7.2577303975438285,1.2300761313468704,5.578383709190743,1.0846821786095127,0.5268904131812502,0.23413923419294713,4.992264155437862,4.755479826504046,2.4482060777109687,0.9520431255377189,3.4381782649857198,1.4863398426432413,2.753549855657214,2.858531106292131,2.7312827593180407,6.82316057586449,1.1837213066506818,1.218115023642297,3.562536359526802,0.5848991294764969,0.8755384610579076,5.9816288067759364,2.116162758030179,2.164106396092375,0.6790621545742743,0.4227287758501683,3.6215490855323265,2.110730061581653,3.1072041799244405,2.4891609802113397,1.332559603196405,2.0450340864220626,0.40103518559291274,1.1944524015047284,1.882947230641232,2.337240283074465,4.650210283991518,4.548552922413468,2.650671390296534,4.767129369409659,2.0401433969424376,3.4939409568071533,0.654615290495969,1.4314694468349547,5.017359105292584,11.009050107723434,2.5239087177156816,2.9773200539417934,0.7551653405551695,0.772606741902492,6.821057352747791,2.430930462097665,7.756812563971015,2.4645158592068452,1.5841061086419994,7.2259158387919715,2.4828368557574527,1.0626997072087587,8.383349865611665,0.42654187110431335,0.20789767792799738,0.9842032749452643,2.6889454880376773,6.8488370857344165,3.767258332890208,3.9587797482847784,1.337313374072029,1.221670446067568,1.9658146294129115,5.539191709540604,2.620785011823306,3.532942097789313,3.2582132937167527,1.106209046460438,4.4537812883806325,4.045237221197662,2.297768192771689,2.376521852304747,0.3882898288503331,0.8649388936883746,4.900678867305027,11.393021109216734,2.4624858988724427,4.5481138583558804,1.119537599967012,1.4209915400421085,3.652403987940646,9.20295933731622,3.8503398522347196,6.101759283319738,2.006618489232189,0.9188690444696878,6.257638813690774,2.825659413574799,2.2651127666517086,1.1567951841166644,13.80899889689151,1.777969327396515,1.318004755764766,0.9315882617008779,2.3263324172684934,0.8137443531743874,2.689220976441669,2.2965779433578475,4.7584372213716115,2.372648852407985,1.8288283843344098,3.2128107591247574,1.2417748797221015,4.697065578705058,1.7561298256251128,3.5839391333131765,0.4081759612688103,0.8425873011151538,1.9624846583286526,0.9201871267245514,5.686864881293187,1.9451392445089355,9.702025881824197,0.5191027739912776,0.6550593097040625,1.035433616428323,2.2385577175249165,2.9314800056553363,2.7988838779824174,9.218082116778744,4.099463463913328,5.741411652911693,3.1474112844303423,10.404680566409175,0.6708571642917374,2.894503921944174,2.5130573596861425,2.1388942571547167,1.6911057405015724,2.1339441306667006,3.878448025252159,1.978380012091825,2.9565381719025705,3.062770296318374,3.0247009956573447,13.994170341486143,1.1637768699226099,0.8514776799808182,1.2662792244649026,1.7884893429570772,0.848873094905214,1.374165124052747,5.211874096864967,1.52743712655894,2.1527612283539352,2.381385307688745,12.305093540869082,4.904411326012534,0.27861009380733187,3.4690457564227244,3.018769077534029,4.527212661715815,1.6123702591085562,2.338302256878913,1.6464715395912852,3.95480059781866,0.5869968054277745,5.425714085967449,2.039139257510347,0.4743152471481056,1.357334045950608,0.6303373959796488,4.53027926904992,1.9067618470326593,2.7649125708137263,1.7850834068934365,3.1516588139633814,2.197519082447785,6.016744590974574,1.321059499750772,5.351960095117241,5.68748777178457,1.1959695221389248,0.723471679929171,0.5190206734000276,3.5919615622700056,0.5039047229289563,2.3839398211687532,0.4190600174726106,4.721221249678053,6.534459761033998,2.733777605022172,2.7418592687565337,1.422202261727996,4.597342730751234,0.5778373151640591,1.195761277686215,1.6547835761075635,2.3332087448709338,0.8829883889593176,1.7898215486460327,0.12600616084474792,1.611726148232688,0.2720960958008609,0.2886105065380479,2.4837918614673806,1.4607616025772372,5.538680563138716,3.7871580251039254,2.4707216379853665,1.5137182185450422,4.345435246382475,3.9514950952075774,4.722497354917458,1.8148473110865346,0.8347926390974365,3.0854460603696876,0.3728431112034869,5.4873180541857405,2.972279867616158,2.396497232281972,2.9704250604066007,0.947173371117599,4.264174504757942,4.009777604720392,1.774167836185694,4.545151315995974,1.8396138014288073,1.1445155308747879,2.7579871752399727,1.9109661647169802,1.4592706532979158,0.7283597772204067,2.314847641936245,6.113249200970609,1.2344783523770606,1.780879890094702,3.0692307164266333,3.919412790582661,5.160168962068437,1.2846873533312149,2.451141798614728,2.230416899124911,3.7736109475595665,3.5369443243139296,0.8691217153214662,3.2558915956111045,6.116322249568879,4.795769240101839,4.047805996474497,1.774534682032785,2.813799493184093,5.326972392115858,3.2823394129570795,0.6560388894388766,2.2341316889612077,0.39256224515374116,1.740768843638142,4.626746569014612,7.377301503728538,0.7618973184031086,1.7353499840199869,0.9455950780338788,5.167158556829454,1.9251120817442895,4.269410399219335,1.5792200204147309,6.086692817576446,1.928089366869853,3.6328526070490788,2.295817843986719,1.3787939481198497,7.001161709334717,1.6405076334076543,1.5671399651845066,1.7281019423928932,6.745038332774224,2.6273670331164265,6.345439595533129,3.1470898808374987,6.3763524677623264,1.753804139433736,3.7362959745424855,1.0139979681210807,3.1760671024351423,1.3846030229399364,3.995571773597078,0.9619619743593089,5.165529633493964,11.534934320757795,1.2145693463944864,3.349072979791444,2.3865638108234632,2.997633838684705,2.2990488984154016,1.4484916761800575,1.0414931264230312,2.6340858188780656,4.047388740718741,1.9598954675211016,2.6788418987546865,3.024540337175639,4.89247772870528,6.154683885347994,2.9720300851535177,0.5639084707557871,0.9003163716768317,1.072218359343809,0.9228848191690993,4.273407807192071,2.616215576798938,3.045144169919456,5.824162991970229,6.21269057863151,4.989782012582532,2.038866211578464,2.2453968152800936,6.33505959630296,2.5561733889822986,1.6406576839816496,1.9267386846085839,0.30370240238294377,0.6943515485049713,1.4501928732974043,6.283106801220571,1.3092204023702618,0.9314069953836022,0.9777609779989098,2.222865428755173,0.9927676463723321,3.1902793319659084,5.314634547968362,1.542804914148801,0.7079197467561626,4.2077528858021,2.0313134526127303,6.980795112570952,0.7913430067332823,4.098349405127379,1.382469828580974,2.5190747524024752,1.2780122544987984,0.965255272111653,1.8018685503035372,0.838125145923967,1.7456349875544175,2.2164712051005306,1.233385623863068,0.8832775424822072,1.0913840014172074,6.110717504489935,5.03075179906865,2.5972084041230663,1.4000935367828697,5.011050876086847,1.8989574897006616,1.6711530328408493,9.234944808260252,3.028615827784628,3.1420046081582775,0.9738234054301347,2.640204011336687,1.121919815232351,1.3035597617318986,2.1874586290713447,1.9650476871841314,1.2116237061364898,2.793669878958957,2.5750502672887623,0.9424620654525977,8.146918651965835,0.9322714374944745,3.2878792781407964,9.326474967254843,3.532993645101726,5.405310914685703,7.0990409865566075,2.823994436438847,2.1515071016673097,0.6245562309289387,3.0457595755129523,1.4146426816253141,2.386066824821786,2.215385979406926,1.0207494496053506,2.078845021024138,0.7707291483542384,3.5726740740020637,8.905961721406143,0.7909575255052406,1.8824572054574527,0.9621882905326372,8.00451360025093,0.6840902752209775,1.0714115421513397,1.8125012578197135,1.8289184990714156,3.362847547295976,1.437445138454645,1.357902001351248,2.982773519296911,11.006384011117087,4.665445898574922,6.2537465576224,5.797928326421798,2.9429981146960493,1.6578412863444123,1.0754839336943962,3.2914550493649655,3.1371709998535895,5.067035335517136,3.0995980059664365,1.3915420787863526,1.1462988863941441,1.7348269934831604,3.8215294544598852,0.9516085223462141,3.2005111872617222,2.6040280012421104,1.1067456393003006,3.6728803831489203,4.732416137807485,0.6287336601249125,9.973570099270871,1.4848275377547124,2.223390746547728,5.865027431668215,1.7132006221593499,0.6560463378134308,1.4612105199365013,5.812886387170917,1.2316685576014934,5.434529538122814,1.8978068860221216,1.0302820121601837,0.24779277780623224,12.52026000785308,10.316921877442615,3.5849988596422,4.234496266970138,0.9622189248849871,1.7780263714348514,6.299595007880129,5.937662125050567,2.558650058903212,8.291732071649463,4.118459188787421,3.1528374345753343,0.8388148027650568,2.1010734070766937,0.49545437073006315,1.3024231916737916,2.5215354556267924,1.328912482418411,1.948987869502541,0.36029490554781307,4.412599068624678,2.523429753302746,1.2219732040741917,2.4646963762089626,0.8819389218407099,12.952938876587414,0.8734068342970306,1.3230929018860684,1.9112697921258541,5.1193653732256665,11.526638475025763,1.9527940097750922,3.1296461807022,1.2026291148140609,1.5528835428132828,1.9291140151385935,1.0558670890941384,2.4967546668754146,1.482259165616573,17.47922402491402,2.4508711559450793,1.109908889349505,1.6344164191281394,2.4354308579467108,4.527552945822373,4.234263913005526,3.9614588256972882,2.7128771218878,2.554868061666397,2.025083903333704,0.9021397553462567,6.387824429340965,1.6898484031809817,3.952979148584087,11.96107146395146,0.7036715044048436,2.482188674791423,5.066147782613,3.4231761809982126,1.1432216217877478,0.4630213195193869,1.353430191123266,2.115908910983143,0.29525315273490343,1.3614194177585892,1.879397868512624,1.5218696121680908,5.567045399225751,0.6332591803968894,0.5812372910577581,3.0655349420663875,6.81345248126673,2.3232001108078553,3.686677565461708,0.37223429603830255,7.420821687833762,4.899197394042186,5.608179390707832,1.9841888223811852,1.0806402770516799,8.08107121266135,0.7247571273562783,5.439959294781501,2.6739789450414655,9.03267448398647,1.2318977237970563,0.6376768284821139,1.6770892179636399,1.3667225578466609,1.5147658315919923,5.5331165417729125,0.6546571768105955,1.5803220969577862,9.796299676610976,7.191159573697384,2.1368567645612906,1.9661161648787833,2.108659956796257,1.4374461336045876,3.024681447933034,5.9711932067628615,0.8945866286641991,3.148913980014299,1.6901499178433461,0.7920931744339058,3.9089178187943787,2.585346621767443,1.4608377486802446,0.29876735199262516,7.669256452157337,0.5331802971465183,5.625188267343681,1.6611024669976058,0.44729409810148996,1.4767449976104932,0.9029570197908205,1.2804824759245919,0.507797551006854,1.6473775208039705,1.770296620503836,1.3671566280294325,1.2377054686158848,1.055473798356618,1.4860455773004144,6.948213473528458,1.4338164746275446,2.2049077879714263,0.4821652644818663,3.332338448194207,1.604902067846363,0.4472083319881439,13.533348196891328,1.3537407567704292,1.2430694598277847,4.385447773913344,1.3211886858170547,1.633724047380282,1.3748323085791334,3.4229708021872494,4.933091801398762,4.102834853806281,1.4164056351534848,1.1970153801638959,8.74298713727245,3.8006898603641175,4.592980746660016,0.7172991856171719,8.052680055259062,0.7386562182973391,7.14909161240576,2.7399702140441025,6.600575101404175,1.993676859386682,7.017619555461149,1.767308473927009,5.645670086071575,3.3708626955071996,2.058882131293881,1.6955909025133986,1.108321694069661,4.69169069033565,2.4049436721213024,1.844269742321616,6.914793331195804,1.3898677151999204,4.950008598786774,1.0045272207353708,2.4688167160005445,1.4255865893502144,1.5444773441235489,8.767376018017396,4.9007626707252445,3.5628177847548606,1.1516447481055794,8.084141308089093,1.4111691670630264,1.7896214038443823,1.456974960488844,0.47761731102728167,3.981197494948222,1.0184453999206942,2.7509105570584222,1.121434806538846,0.9715097346590856,0.6140885360589803,5.453287354900763,2.0121706082606945,6.067769032168689,1.05098071836633,3.2173855098811655,2.2460621599217707,0.6976814484025943,2.5460179513090653,4.1715751948433635,7.246929872061856,4.471286161178533,4.459927798807363,5.136675243060899,0.677822151253598,1.8143102511952143,2.447605842534035,0.9492113146957508,0.8334503754121607,1.0005561846248066,2.3174161768428494,0.9307162305147394,0.6690093908427373,12.511829056663661,0.4733665764461855,1.2364558694885068,0.20915882045257853,1.5947211763760638,4.19890214593951,6.332126006602131,2.297926003965245,2.940504997828606,3.362316138359337,0.3581803579829175,6.120317645998113,3.1538863470037315,3.251060595039822,0.7065747004966294,1.4976420218545918,0.9854680872249213,0.4914632433513345,1.4897295510750033,2.0387969049579606,1.5981321223913885,5.179454478635095,5.866516037235553,3.2014740062195743,2.439704180495685,0.7485151867818619,1.8606758202554228,3.8920089804705182,1.942949212365645,3.2498699318288238,14.587794510359835,0.47702866862707743,0.9086978712552498,0.701591616113815,3.7643829440895793,5.702515188120607,0.26768518949012,0.7111332060170409,1.5241396610757207,5.144417165072398,9.297678574531172,0.9585419306680047,11.121314698497507,6.715177709181432,10.25109991516763,1.5691275614133484,1.1860405611691718,14.779689816976134,11.478122603197868,3.040516740859277,2.2900945906066865,12.062879415386142,0.23635801720492658,7.1065141987170755,2.8088872313069686,0.5218237928763101,1.3636198512885862,1.8823019720158825,1.1507495961718281,3.672100945855481,3.359749520381519,1.1261928805813595,0.32016056489502925,2.1505405707870913,1.0353159838212187,1.1277540966262611,0.38788253191629096,0.4777989560549175,3.8273621029041336,0.39355694382580897,1.8462257578041337,5.171158110106109,1.5790621660773922,0.08918255175477593,5.401739960275328,2.8478801838663506,1.5794310374967646,2.042327878457301,1.556188292332383,4.686414508673217,3.0429858980845226,4.450285585687328,4.085228149472498,5.7510696464702615,0.644991559640536,1.638506773968492,4.516958152213222,2.284708316102971,0.686127073881772,3.8720846563756335,4.303658577386229,4.23849202474183,0.6701675763704608,2.7370274751252768,1.9056635019784696,2.9056038752238558,2.2416005733366995,2.1911029384621625,1.7757861022036323,2.9700575979008637,0.9899747752933714,1.3563752519254393,1.783918239791116,2.2163989729440146,1.2007866814840862,2.159079224419983,2.2450957022470464,2.889303289529552,2.4628093462848404,2.1285783293905634,4.010122240721385,0.612084554606266,3.4969313270507683,4.471414335829116,9.435300687060293,1.9976444373273505,1.7731568799868356,1.8390503069103765,8.31463595818261,5.474116211922307,0.9214033213820485,11.007969708108742,5.33622072955373,8.04517609636646,1.7656646457876353,0.5213810861435284,0.8489001179836188,0.17925116710228373,2.6958058782155883,4.854279857553168,6.4664296513762665,2.8737078607589277,1.9222482154357285,0.7865378289919046,2.954472011540071,1.5834949650611176,2.50313045331443,1.364200723529666,10.820076223696898,2.9647530193051925,1.169469563388444,1.1319817044178186,3.1373998635777194,9.45402580825384,5.333292505262286,0.5005566228046925,4.540082045396619,1.5381680272635871,6.905229519365678,4.891889378803244,2.788510781254143,1.5335159411750963,0.6437017337420781,2.192760496720601,1.7782158305960483,2.2596236407919243,7.60956599291995,1.0267802672000497,1.2048626364888886,2.7564241255616144,6.324195003298618,7.1931532298897025,4.735495376312345,2.254656784113026,1.2780809666060078,4.486706627114635,0.9286909204691719,1.033697114199922,1.302415976135712,0.6180188355090075,1.6423390293622806,3.547293464725027,0.822771153158415,6.592739614006648,3.6429388326750787,2.211955899559119,4.25738911639344,3.3957338455340915,0.2709189550967384,16.867152835025806,2.684441702302491,0.362337008051822,1.5430505108236272,0.23105455637113245,0.6633624538480526,1.8596352445124285,5.928015254774354,2.0115244499613643,2.301809222851921,0.8838871547237889,8.594703394864016,1.6355086739324314,1.937255479171987,1.2977229841310436,3.3293141801575565,5.663165313845445,7.1202004850289615,1.7092003315194795,2.1522730400346877,1.0890135728896806,1.4583032541434335,1.849499633073799,2.7438479665575866,3.074907811298634,5.0085294356757935,3.832082656774466,1.1599198049332984,1.5469191263182596,3.637075244740619,7.337163536563086,2.6796371404540524,0.922089949340458,4.325782000395796,1.2694001246536142,2.13830043054884,1.7339109642667065,4.772683735559425,1.2227478220866261,4.848417848542416,1.7009903811277916,11.240191798254049,0.7834281080450942,1.7139943987914044,0.8311631692224749,0.4319441069095629,1.6780686848486017,1.062331049169429,0.6973818130949521,3.5716900637990507,1.8884628183014336,6.480789635562189,4.791732445479325,1.1942486783617186,2.721303412902719,7.0813129048726395,2.661233467882475,2.2566099382478937,2.8781215701560545,4.37886592616217,0.5754789787319157,2.5652731857329054,1.575239098565656,2.6102713241264492,1.705397843374958,0.5847539758347066,1.1484282041098663,5.8986636017654925,2.1030772044119437,3.6945251505779364,2.642258842701035,2.6820179562452764,6.818327860598171,4.857200808075848,4.080204116871888,1.5006682897524364,3.1707873794788672,2.4206912067892055,1.254622959765145,3.2421752180568437,5.710716819409304,1.7371910005910594,2.461104221530867,10.286417480906284,1.304875197482364,3.13739390761334,0.5175621618097882,3.280933381774883,3.173584122163277,2.5607170581634104,2.7171444262056217,0.8230789903027494,2.145655212098337,2.6703754158937665,1.6429878059998706,2.3297802111115735,0.5408359093270184,2.748396853649146,13.62467621658225,0.5097503321844212,2.119273738852894,4.648218316974263,1.6301909283394385,3.1562847542634622,4.804151753650113,3.2176033852012056,3.155609124212221,2.349530881529474,4.14688081379349,0.5485822378568233,1.0954645895200585,1.9040383315651837,1.1363733757826193,2.9225303979677064,1.099780075251608,3.8561185841377714,1.2127211726874614,6.261119278892388,0.8010762722637826,0.7218530117043491,1.5493053068078182,1.2155384267434788,1.7532257279520105,3.046807979076041,0.9939183856136377,2.0885855168037892,0.2762088400667281,1.7847762406506416,0.4810615263055416,4.943641449389275,0.8883403527664304,2.5225635187916513,6.091948232056779,0.9310711994907578,6.5295518590205806,1.0412370453292612,3.663666217613595,1.1800078868864474,8.123351347240513,3.6785235325934966,1.0510951300507954,1.2010074279584468,8.503474952207018,1.7718637846335163,1.4373003992449047,3.7238229925607356,1.0983917449098417,1.3681897885028675,2.972241222107101,3.162541254229591,1.8100505395971638,1.296987479118039,8.948164377859783,1.7035491251881905,1.2645233306360428,2.939205623417649,0.7337171353053188,6.514418460918926,0.7556036011880227,5.985416866618852,3.821911277492124,0.80455168528677,3.5248191904964448,0.4475336313244989,4.816377963233523,0.5899827625626444,1.1091374423705846,4.369075575234341,1.5411586385627287,1.9451529587647856,3.1797229025176463,0.7722680206546632,1.5450435774838307,0.21871396817329172,3.456826510020177,4.0213280946124,2.899567186518058,3.4651561105335693,7.161952977462335,5.039310183784433,9.037898005482466,0.3076124093479097,3.2895913075980676,11.751583447174232,1.0212284984250424,0.6571070866223123,0.541214504518137,3.4793701843141185,2.9327671939570616,4.5663700398582066,2.5694897804690484,2.2782000745731796,4.823952121383013,2.8951851026472673,1.381544292678805,3.9324617804013546,3.502666635100643,1.9224560494684537,1.4475058948197874,6.0365285252645835,2.3618994570212406,6.652896061267562,5.796611345217029,3.8917751521486945,3.205675670091397,4.836095933297603,5.311047954392471,3.2984367397369967,2.19969411681972,2.5190477198122863,6.533352383895794,2.809786297220911,2.602263243738342,1.5020626747591104,0.9708079238074612,2.6596267470898933,2.5763798926222994,0.6092836079672601,3.443026040763743,0.7760790561972188,2.181029846350112,5.657950439445109,2.5513284473353135,3.233486442440176,0.8652086809943894,9.290245039957297,0.8601298407970437,1.8033392719384813,0.6771974832554466,6.229963200198627,0.3558247509550654,2.100831735257791,2.7513071182132625,4.732755534877449,1.6633885148488377,2.672548760909444,3.431532867508515,2.3795608663038172,5.17605519511831,1.115336616755753,3.9278615599118014,4.1633339277039365,4.101835812411701,2.152487881962238,2.2857342483699257,5.660248656207807,5.130679806029518,3.34248031799122,3.3770093018612095,1.9161876941295928,0.8855035490515101,1.8778146734268986,1.5248069010419638,5.25962406250348,1.530113240026544,1.8914633177087607,1.2561789345239738,3.3355322402267276,4.671643644612412,4.123341478312533,1.9719114144014271,9.94745195480662,1.3053167877290588,0.853180407954221,2.7517344106834805,1.421457805256713,1.7452095880782361,4.6356530523027,4.638433811476895,0.9172494821413332,0.9532126084711223,1.8475995135738754,1.6215046817630845,4.2381769183413605,4.171898355635304,2.4316861778254406,4.642621258950985,4.258156180803467,2.1930303675201306,13.899102289735438,5.05753542887874,0.6501759517384775,2.2417459472108643,1.69285954523674,12.221930908699493,6.137721350882228,1.269493253045038,1.5322871258281645,4.322761912423627,1.5191644342093569,0.8400472073747258,0.7776187203779461,2.623488045567865,2.5821792807220536,0.4433802596287166,5.413352036494538,1.1021452468050206,1.4586375717021256,0.23901289025294098,2.1010943246821574,0.8341599117858813,0.37945021233279774,1.0698090905963165,0.9536002112109129,2.388739080335035,0.14569581013783794,2.8356242777382947,2.4036590396151696,8.43339026321178,2.018255714076031,1.5154501013608213,8.716728032455642,1.6511328548189306,6.733449506742095,6.7431320730892335,7.349859501934694,4.883081184831778,10.031262615423866,5.452686836178229,1.981755196974783,12.281307864713433,1.598474759431874,0.8625378500014976,0.8509660793688709,1.0394883192422761,1.4354264718698797,1.232985973352892,15.101619401171483,1.0482663989462846,1.4572928570015375,1.1733307921114269,3.914591064106781,4.663071448797215,3.5878163707226505,1.5364356997809139,3.170116997869541,0.17518123932158083,0.6013020895085788,1.4543031523243903,1.6508073090127953,1.840000136890485,1.9406469373822302,0.8052066023021067,1.970644654756925,1.012652458613141,2.4691668790350727,3.454006305187647,1.953271846985007,6.105766096838901,4.2668001261939175,2.126899957299514,2.9815373365289948,2.690792801823689,0.27833055709233556,5.433964901038691,2.6509880525497875,1.871386186627892,0.10147740860813959,0.7135179732965858,2.957649955825995,3.645962188765627,7.249307095342847,6.080975472309597,5.353441058902972,1.3538120094670911,4.313565955531605,1.1451399151418626,7.633544020210598,7.872012283971986,10.762644710809935,1.1916221622150922,2.2598953714898022,2.053577557498748,4.599588213380939,0.3616798982819766,2.2468097113172787,1.457567617621321,0.5063910417404236,1.191507723443776,3.079900178500808,10.181444059417307,6.753351919894466,0.9203014300638336,2.6129613517038415,4.292968433209248,1.6857183733752734,1.2106389971293987,1.2206837643742834,5.5200931067592665,7.672925607000183,6.185910187837465,0.7170006696010577,0.8480071738819648,2.792741936124133,2.1730257412454184,2.3141458490601323,1.0575367151579218,1.788435963973127,2.518928786298697,1.4927382861162668,3.0034022353574867,2.241878806694589,1.666219761737841,4.614907938744902,0.9212716607875289,5.25908031491418,1.9117798872340663,0.4086728045042002,2.945244116838468,1.910534231455414,1.1818149438554957,2.6648741294077833,2.3537443300412564,5.7778563278606425,0.8285092015880203,4.260680601957737,9.100916627278547,4.56458765500849,1.7508958758272521,5.477065594602826,1.8765408665842047,0.8796749973715883,7.133591826571173,1.3947571389040583,4.013229291902394,0.9049712819720693,4.855268505452779,2.16965442832815,4.249971334953165,1.858226988989966,7.464021212845377,4.363659451400635,0.34461958475001203,2.473227493427341,2.5344285640805855,6.022041937371728,4.766481188310486,0.9865625538967862,3.28985178214737,2.087789363664073,1.6469023659729605,1.9647151281374722,2.896825536559105,1.1784382558497444,3.1489846325763504,1.4213612430224032,0.13769698543915676,3.0621333350909916,8.242397563609476,3.0821221809327812,1.6501845185732273,3.070609825935575,1.2996094154059399,2.4413346530402986,0.7400673979427616,7.654271679647351,1.890794606999965,1.1536618082787287,2.9298574417612224,1.1678323888967745,0.2552155428563698,1.5795956216470852,0.9755941426801955,3.186212328969142,1.7668157925839933,0.6511590678706045,0.7483501941711078,0.1499047748259942,1.3886178372782816,0.5275847619919831,4.669840519700092,2.196039988983336,2.132579512307201,4.0451693962937485,0.2586568056613969,3.1557535700336414,3.8234912630144127,0.8954279111028748,0.7940562077988151,3.5057766177379057,1.909594307980838,2.527948249823096,7.785962618118179,0.5903665448878271,0.8098555833650485,0.25247853044979324,5.132976129672087,4.570416421561038,2.2230473274146627,1.6173535350068067,1.469455274250432,0.6269106730063263,0.8148860414048577,2.73799940656869,5.458201012962728,1.8423676885472346,6.197741658114211,7.032565007624758,1.892088604333584,1.7015046566614012,1.615694576934828,2.029713426735441,2.827940455802097,1.1930389055701225,1.8571990159787803,1.9630495584565757,7.377206348840194,1.1744940346067207,6.075805273236773,2.1970020969643693,8.041181066346795,2.6501582351524453,0.64072093926051,6.715853468136297,2.573940047117363,2.688923438753178,2.9042251970872637,2.7811348902558937,2.3338263982480183,2.145300901275881,3.2830844375425787,1.4825180684898982,0.8232092484296811,1.2908851480872188,3.2368743274010248,2.734030088881094,2.550091651624003,3.7454788952728504,4.668017336296367,1.635176559364148,2.778711982663711,1.8044689065462467,2.0563927421474424,4.1511831782096245,3.8132428422238367,1.4005677196280146,0.6009436781903297,9.339985791236568,0.8920349034911276,3.7493674596121105,2.286833247381427,4.346026858221825,1.2054373888225802,3.431188051643742,3.8664171448931164,6.951299633477467,3.4126645976439858,11.080138428277289,2.4708965172558455,0.4577371943853227,2.1397669211397745,0.8937666969153087,3.605431051622551,0.1789244518579367,0.8086508320191488,0.7256730482446297,2.5811749075962602,1.763962724942613,0.3878942239109219,0.9789981530339832,7.0485096486800565,0.4742966264484962,2.397080997538716,2.161535891251624,2.8155336545022913,1.4670839859363216,4.152080405677851,13.934589067041205,1.074648449176565,1.891925060368992,1.6642334979260183,0.9573353014095638,3.6134147203142954,2.902826957858066,2.670321309727473,6.406421382405357,4.3708557189242905,0.7561443004338494,0.4585830323498239,5.759818604786027,2.173105954297361,1.857006619753306,2.549286048017238,1.0317684757937304,0.5951697255493109,3.2219178211329127,1.0477214366743839,2.8395485758137218,3.872097281456453,2.8297739582067933,1.4605747863716023,1.474146730428807,3.6081004229968325,1.2711367424075972,4.42440943487112,4.129147262691821,1.1284007045360624,6.616960164810294,2.4001264499613146,5.06607868207259,1.3313629382501415,0.8549410044012694,4.57808626812601,5.103170855682125,2.358054945506485,2.386982659147643,1.2128794632475015,5.5968682006322386,6.4171979938770445,7.125039246854415,4.27868486085204,4.664749052984945,1.4303976676622239,1.3638350651133013,1.6581442676849716,1.8773318258265148,4.014163968696751,1.441766537216851,3.8375462447880784,4.86952284084545,5.182581963286574,2.411039355266682,1.4001480535282405,0.7794895677452782,2.9699006002149066,5.1030258848367245,10.720673930827942,1.0025238485413688,7.681743825149613,0.6086154239381312,0.6565108605421104,1.865449401923303,1.0100774108491242,5.6434914131897145,5.6845126491532305,1.237505931823015,1.8250729462112403,0.3190113720870206,1.7356544806059895,0.8216842805158213,7.421958127909459,0.3367095390394057,6.901048992341718,1.720121146540018,1.046839982329571,4.302936151067144,3.900894004463026,1.1393958254868286,0.47620120423002527,1.4003767024604332,0.6666106525375295,4.762611045106167,2.9248952977086,4.635842386004324,2.2071334021394584,2.456944612874419,2.7019880141938613,0.3604815354148211,0.6116454863345755,1.3004880028743504,0.8867655429043624,11.912792129925355,1.3521945499796606,1.5561694372778758,0.839768746925698,1.6139132479020788,0.6226164898127534,4.290787877771578,1.218987429023653,3.7693432899904873,0.6947495954287916,0.5747455339566045,1.0542220206388155,2.224172096496779,0.9831902428115297,1.4884535863654802,1.09650002189859,5.272693281333618,4.963757466887817,8.831792372861242,2.307818518675904,2.396988558665211,10.704057038827996,1.9029791858154677,1.8165825822513249,2.0767040199784783,7.9257540215903655,0.2227003797987231,4.379495453839796,7.654377915564146,1.6897170235139258,0.29512544098001836,1.4415491301866266,0.48344145734085486,0.9280030957551766,0.8731153722987745,0.8709241188282562,2.9031127337000315,0.9545036577697227,0.6470366302175269,3.244541497004536,0.7795672651848804,1.1169467658493684,1.4209644470907286,6.957695405188414,0.7291160539753225,2.407726359296799,8.852140638012571,1.511597077053344,3.4728030973244914,2.936365293729641,1.4368657924397508,10.803054588913252,4.071984960691825,3.7891514641684703,0.7672898150698099,2.443156847616269,4.712507978992256,0.9163352447547637,0.7718533764354545,6.6830636013394065,1.356658194215051,0.7476673985169483,0.8347443744236122,4.295793884428797,15.4425752483641,1.9859747550062776,4.287763505456383,2.9445880048907522,16.79550652531437,7.335026067710645,2.258526151112773,2.108855721674642,1.6810749799697895,4.059278815079956,1.1900139960715759,6.207241674905026,5.860884329561454,1.7686683625492297,3.924969068002208,2.569140730700721,1.1316421362890492,2.3240732739483,1.1700827707628352,1.4670095223672521,10.63536133318224,1.3187545221069554,1.7317895842678825,0.9351170926553473,4.498363159976656,4.805017847382195,0.6490897680974195,3.358807394633014,0.4321783289775133,2.786884495910655,2.365779778607502,1.907667753961333,1.0671179268667905,2.2952429296595933,0.7246894844026892,0.5865800230372783,4.037262276817266,1.9305743481500495,1.8422632263298389,2.3166326670135757,1.717091805471937,4.828655151476471,1.3681625949836258,2.263667890229769,3.0451681263084076,2.2843468555777635,4.5608750230482356,1.5916448942312431,6.858744917299496,1.0960958338124358,0.34063892673652474,2.2500153665447287,1.604665094255269,2.2976629375920776,1.429579548411879,2.4191155490511274,3.2860230636056804,0.6196250520099978,2.4184635446961007,6.3779870672027235,0.6638216139348012,1.098800170639267,2.502001327326356,4.478506862369156,3.6811892804172635,8.411699358654795,2.7399111131757343,4.490481429026171,3.210186670599645,3.5328471983298555,3.4518411746801516,0.40871043922783956,3.685681324665825,1.283446806852806,0.5647279662280607,2.289052403519828,0.31998265597612374,5.913355926489006,0.44266198640896426,4.06013063932302,0.7460179729071954,2.3946608516685393,2.0504615873904752,2.502188137032293,0.8345805029511376,2.1222279175597314,1.5110079250574635,6.046853671601411,0.5609644928916673,0.7237099964749276,0.33257983751452747,0.44139509192066073,3.302675006872038,0.9940081542690176,2.3249769585345796,3.797791483626108,3.246136173790006,3.3160244994506503,3.718396587921362,6.614928771727588,3.3934866644785524,5.202054341180382,1.1186068718540967,3.3156475304765545,0.5824983641852854,1.370951724037733,0.08535195184585387,0.7473125569705134,1.307438702580692,5.8970041574661405,1.9310777701885644,0.5342066415762876,0.9485901116842163,1.4733437674503296,5.752867978326391,0.5523162906444358,1.68136824146805,1.838822218965094,3.9528368776196574,9.334411535122202,4.159511962483967,3.558473721020852,0.1692693802034192,2.5152607677269256,1.071390927717767,1.896811211539339,0.733300731582971,1.5985773668041703,10.406238005868977,4.636191805921818,2.5295682231798797,0.723332896626199,0.3911538215877941,8.162034038141417,1.2920547695106932,0.7038799539050348,4.323769293407563,1.877484827635085,3.079420220757773,2.1251819402039804,2.7549597443710505,2.0972194693857587,8.046017618657412,1.9332015376296146,7.255261954732706,0.5284391289347733,2.4511661506184352,1.1978829470887278,0.5056702872398686,0.9101049282805082,1.8992392219867973,2.0404273683132605,1.3182796485477963,7.624476666110825,0.784234696914832,3.2845764065504057,2.573344935238392,2.2142621869480457,2.8565837653782875,1.695979750645296,2.2222318398072805,7.266997922370226,9.476795974679472,3.2906737141333475,1.1279201007211508,2.7344532112218727,3.1047424738140945,6.755546272157013,3.0817774930887722,2.1358397945745784,0.9655060364837016,1.7884438514868746,1.4367933437413116,1.8216399527357097,2.3410797762029683,4.518076001285049,0.3129004043844133,0.6960892505881076,3.289670581138179,0.7706249160276037,4.118325153046866,1.8969229659631335,1.8001782708509664,3.925584191826492,2.7416394773129915,0.7149215597745493,2.9914529818413405,5.088208808987018,1.0843003373145876,1.1530276109470585,1.2260496773153515,0.944700138057494,1.6006857420491223,0.5414078348135325,0.9327836421072885,1.7959914244694926,2.5069047510584164,3.633543784709258,3.066562185215771,0.8811169826943601,0.7740997515203961,2.2510472948763987,0.42137734479752786,3.2803051512803836,4.1131812166171215,3.52833225132008,6.169311475263513,4.567883731299658,0.5191080545453385,1.037355158245577,6.87814001768413,1.2540213066687458,0.6650579547357633,0.782280528706943,2.3232901049735664,1.5832244692320594,0.2800665650759283,0.6723734837046735,0.7475963617135859,1.773141340138784,3.3365436922449816,1.691684773720761,1.7341500217054882,1.0802727462640975,1.47296768254788,2.1262875983590654,1.161556110614793,0.46633629452057523,4.267012036867336,2.45882636342691,2.3553979017150857,1.301323970992707,3.6896139091288482,1.727684458483212,2.726927864648001,1.1513796221704642,1.4804863286837129,0.5132689059231345,3.5296932499529756,0.35470126696314785,6.838540413662911,3.832847013206849,1.3715917410763967,2.390221130783422,2.169522782538287,3.8323078100324475,5.017789703383393,1.9977278341027573,1.4569575662382692,2.0493061681150486,4.383892042087192,1.9494562861732914,3.585433227555377,6.243028991289377,2.6668076873141824,4.977669902706046,0.6000691362728431,5.480464141664465,1.2326426500309187,1.3114475539203256,2.6409054606222755,2.6902570540099657,0.24997162425896602,9.606318356071322,0.13479852506451723,0.749842356117264,3.898823849297933,0.24020608699551352,8.250600938963387,1.262424941960722,6.425772990376101,1.017641278129659,0.6751044468702757,3.0877382802367923,5.06433954499735,1.5509050494604968,3.1798622919100623,1.2070019003746872,1.8840716625091956,1.1848960877707875,6.734976104023008,0.7802451604358757,4.398342019587635,0.21195831961217762,0.5641367996529422,2.7274497299393854,0.8948473394141012,1.3621665154087284,5.249023676249195,2.13377230798148,1.5179602877774359,6.137856533287535,3.0843648383207096,1.9747152070118799,3.8778135488314835,0.5691864248648979,11.550565652254525,2.959088861198187,12.736342897295485,0.9902935517903886,3.859735515648333,2.9128057914142436,1.7104207016836988,13.100331255950172,2.203119705384715,8.888324948476276,2.740594021937723,0.7773515645458839,1.225447062227254,2.586915741412558,2.4685040980751607,0.17861381831966117,2.204134351077825,4.468712310140026,11.15506061225384,3.4697376409409024,0.14461974061264987,1.074826748949934,2.1892024992918477,2.6145161058397166,4.206276139400026,1.6914044895957192,0.8121999895241291,1.5025328262613238,0.8209028161641634,2.0366983068093623,2.0830395675981466,2.929954345810627,2.020470123146548,10.79314648732496,0.23744780318919614,0.6723399190792347,4.609496939059625,4.111160765796099,7.1961572282504465,0.7838214248790875,0.8740936180377631,7.7710697350704345,1.368960314644138,0.20108360918983315,4.944115458977899,6.013491535440721,0.5264233754491945,2.080125711823256,15.888826227384298,3.317241758760699,1.200538911440168,4.187813497719251,3.3930319530148942,3.292811857999881,3.7282744875978544,2.1646391922631127,0.6553489984495771,1.1444728742607806,0.9521748175374817,1.8749544736981405,4.210997028311452,2.38810385042076,3.52796383835856,3.3377956140753104,1.5730092240361284,2.783638398301031,3.0736049643384686,1.0133460802731846,2.193146543377311,9.285501587077391,0.5825856065809791,3.5395123201828143,1.2909404396337465,1.7851812048929014,1.6775092703125936,0.7823539207854432,1.1482828774847669,2.5748295436579696,3.9273248582126383,10.686378833998377,1.9396022664777588,9.93859898210517,3.010498048826394,2.6476124003697827,3.2324432939977443,2.7077932345459095,1.4088215879400188,2.7390163269405434,2.625989519580483,1.2165707702937554,1.6087778764193783,9.255127187233153,3.898036852296421,6.02631617093828,0.6025333614068427,1.264885689763764,2.376803184608128,3.4682220710401057,1.4659363645361272,3.4450288336800168,2.8436264828724105,1.3894096613204212,13.909648627709117,0.7461776364123229,3.7936009101992796,7.658437687773994,3.2902275959316176,1.7693428073507276,0.8590647417538271,0.20237210404402065,4.08391371713036,3.2711185550888224,1.6658716662488422,4.0447877976808995,4.043969064922373,3.231299883633329,2.925267396947153,0.7629327141641216,6.430923376214631,1.4835918143094615,3.8611170113961926,0.46802347479440415,4.99354166490961,3.65808003272353,0.7615861525256542,0.45361003908512126,2.780482112326146,2.7093786359542498,5.759161034518767,0.8146524816557742,1.3524608012344264,1.4894416601770033,1.175087522245147,1.8051609188246363,3.8979307917252908,6.444804080297729,2.1648108775075143,3.122308809912552,2.7174015041082584,0.6619124274536103,2.6132101764067825,2.613264223328013,2.977355044663624,0.6357381513275482,5.089439151297204,3.1522406673502505,6.63211262243706,3.312653636816139,2.0966248503061964,4.103413760283867,2.233969212995431,1.9866149396772712,0.5135258865198411,1.6004546265330633,15.749253895233664,1.7191272271147264,0.3840221024835221,4.137237277897299,4.807724777368059,1.4932828176163029,0.6206149350423358,1.9638097280909312,3.9383876391917645,5.58145877863721,3.7930540494191054,1.9452796576393068,2.2256512945638818,1.4234181508056,1.7867612245869025,2.516328082734252,2.3991302258758624,5.471748121117877,2.8854041821829974,1.8201038106229719,1.1621668906551506,2.490684521072962,2.1713537319980647,3.3518677027925796,1.4772610010263976,3.1723231654501878,5.033755382130216,1.973597686033425,1.9251920801191202,2.3655925848247223,2.6642150523455332,4.8853360453074774,2.229062997967034,3.236377313968866,6.857055970195375,2.313964011484038,3.7958411606419284,0.2428772173506495,3.244155827226246,3.5705830907072373,1.8220592278160817,3.761413870924472,5.8930403802304685,2.6339017242162757,1.4926785250077104,2.8417484491960616,1.3780848414626448,2.6930969944333434,1.539469584581714,3.852657425965236,2.586753357596456,2.5517762290172255,2.2104758954769577,6.167737678017649,1.5073556185240362,2.643868176765115,6.053096313469536,3.769822276146692,3.8130566585792915,2.440309085035539,1.4539564542414491,2.5720476910428953,5.062626357860789,7.439385556439805,1.522403559875121,1.037445698021376,2.978733428564787,2.2468775801325416,3.6740449148819816,2.2502807577266233,0.8292585709074834,6.407497326024371,3.3764054360883553,4.3014782210412275,3.4323956274064935,0.7240072895541261,10.361066300556917,1.0742201367500546,7.7330464956766605,1.6800111884082387,4.102417352026346,1.520236556133135,2.7155593553085886,4.029718559967572,1.7554733129061484,2.7240419713831896,1.4895340537208461,3.353035843048011,2.1942672345491214,2.7664319596524876,8.584651366880625,1.168605284137714,2.1239460942602784,1.0689690554807487,3.2758665172768486,0.34556895186588693,6.096245596867341,1.2784662348741764,3.325439245732005,2.0326734402408735,0.13548333313883593,2.886329245371459,6.2639478262749515,1.7493509285900912,2.074822621388683,1.6643920257515017,0.7826514880167954,1.8299018292553733,3.887882891855393,2.213683814299672,1.6326520648617595,3.333945503333792,2.800039888579089,1.0715219024169915,3.7978256967211053,6.685981253911094,1.0451652386923826,4.898949731031354,2.234629653121802,0.6667463717100701,0.7056906123074229,1.8877962398856902,1.0239891408192308,2.9062036879682096,10.213818165425959,5.216470670992225,2.7257893013165093,1.164156098697282,1.5483302480583427,2.675454280477453,3.485896910512152,2.5877147508688916,1.9373843220582658,9.950744402645935,0.3283132008522468,1.7562797371439842,6.7007912795147675,6.245523028028332,1.6223963015765872,2.784258155398062,7.381989913083226,2.614115310983106,6.300293878022061,2.795953616554666,0.9161199759320022,7.2103982942183915,0.9548641301010908,1.9047081024986816,0.8343291728101452,0.9008534317613905,3.494597945318379,7.9868516616872505,5.568369834108728,3.317451990539979,6.955176989406351,0.9947840767583581,1.2710586913776967,1.21702363593079,3.1342153374105854,1.0631161103507965,1.4780694580022873,3.260007847868079,4.746645640560062,5.885760829413825,1.4515589635110588,0.7979755235766502,1.1073540513080453,1.2404230647132135,1.1256405188916747,0.7607814013171763,2.4174169327334774,0.6551500499899183,5.446495300174946,1.9594668591089521,0.8525363422672414,6.850919795000319,5.250988531417192,5.042103084193829,2.7181869456579424,0.6954587065744553,1.836282943153748,3.6623233711154475,4.666990626387129,1.5274839886452578,2.3036676447616826,1.33399699890894,4.314666912444413,0.7950370627058089,3.247261814997504,2.01329675070058,1.1795915904435166,1.5368652829663936,7.723470380762115,2.9872011506146796,1.2596507972416031,3.7260893741742818,1.4643769863496747,1.5498107616244607,8.759543174005064,2.1630047217264603,0.5213255373205097,1.3650664542865063,3.8807898104170624,2.464265500483168,0.7627977517438402,1.7181797029817003,0.5790098295582826,2.597256660599114,1.6697602936441978,1.4593104406700903,1.8708014343393609,4.159074404992583,3.5152807397226677,1.7429466394731215,3.0475947891022397,2.2237643824317974,0.5687472917958082,2.1244924966043564,0.3737941436741693,9.944411948710407,3.013113496922661,1.2524117211839279,2.0899123710812315,1.3404168881807166,3.4819149571613606,0.6566903704847209,2.088075595134872,4.411756351643647,1.2826849041953148,0.43574866022500747,3.2321247039347236,2.3957683684501507,0.8896726370816277,1.6994692349982095,2.5142591222118376,1.8407193894376266,0.6866854975002334,0.11572754182248712,0.7341488295398477,0.9822425548563025,0.20322600258357387,1.034902445821076,3.0176944746959817,1.2685060053887138,5.67275540079469,3.7571699785267993,6.646249767924829,1.4520497661744596,1.1151784196610497,1.1814104208379568,7.202625546307216,2.710577795441558,1.0293669345257719,2.792902885020623,0.8643873282169814,2.431404690768279,1.4730190104600596,5.087605095040145,1.4040099244901396,5.315326586107741,0.8658189604855938,4.2513794133299285,3.6309786770098866,3.075693794604743,0.3036238686079823,3.814413779017986,0.208228001166888,8.664688809844483,2.949290764669438,2.5318614085264204,1.9174311408156741,2.2193356451666992,18.316798759417377,8.23354269386815,6.873409711472947,2.1151159568887508,4.675585320094048,1.2666766548106587,0.6306624257349558,2.180519768213487,8.38282942930945,1.526312054399944,0.768527662999168,3.0011428456613993,1.4166609614142311,2.723609417386474,2.0574950716852136,2.293335773273512,10.460968460065736,8.448627687616217,3.7406643008042204,6.412858733010246,3.392233205591928,1.0607927778516943,1.5591438544196716,9.87149727480946,1.1943301530357482,4.3589191277533414,1.3323125584130642,1.5485789952136897,1.862132986064419,9.706418281929311,3.741030337010476,8.40507017711472,8.2402856837572,0.70053187157741,2.0205709576690425,4.377310251361985,1.3901733124932298,3.2063008896198357,6.53921636245537,0.2197534035383128,0.5054333740061614,4.338121869922299,3.8572657626105697,7.900199051665724,4.547166134781109,1.0039192210147934,3.7835959555808536,5.666163724243974,3.4938826606151276,4.43061459943696,1.1738249180296365,0.5301488988867341,3.397265033369611,3.5118510026183722,3.418033255763738,0.327812933626435,2.967058205435342,6.757018663892261,9.384459705598706,2.5597601426785412,1.6246372399587572,2.507781953757156,4.773003670959466,2.5629294252996258,3.4819045524471672,1.4727557693877886,2.3507449480342233,1.5886045161671183,1.1592063676810946,1.878852084545938,6.843574622338991,4.702641930014617,2.0400161829698056,1.0761517663487874,1.6390231009604839,2.1101126936677597,1.165374527490141,1.3003819093264102,2.9605662314891332,4.543950591474025,2.278911605707617,0.8553822790127403,0.7743218766320222,1.2339440860404736,0.2179982138137987,2.4953954793866533,2.163537012330397,1.504715800653247,3.193993349434132,3.420935083389004,4.299147846249626,6.634550213963683,1.2089890539913437,1.902183557151935,2.0089759929511035,1.2716798983906545,3.89658743336855,4.303230237738035,1.5598941446412042,4.397108145955945,8.506776408803017,7.832228915503037,2.661675218908767,1.1233196015559463,5.177976544070499,1.4726527067067687,1.0535771617291243,2.229956595682953,2.4273739261605014,2.86464052750336,0.8384457297547191,1.2057868669946963,3.2797795466151145,4.116422898694668,4.148635143099732,0.5939928603126062,1.7524732046387441,1.1666353052757479,2.6650547033629683,7.821572878252153,0.4451663261345895,4.774801295741031,4.332337391853047,2.266323403394994,4.189309451738802,0.8111089587114373,2.1163005311818437,6.476398022510444,1.68328311268763,1.3522582341626421,1.7738035986185348,3.28159723824995,2.6609075234922117,0.5476593077351887,1.9773682883736947,3.665021697075432,0.6313490219991051,2.8028052549760307,0.42346666035096153,2.950965361238098,4.437186761319185,5.980255481041066,0.9162806482744122,0.9919038117590322,1.4377567548503025,0.9478598462445476,1.2364407195253517,0.9306411895800708,4.0559498851510645,0.8654419399297643,4.719440535950252,1.4174601346241351,3.8389810229966654,3.9106880590222675,3.45768218305264,0.5989435019269,5.655623276241347,0.45737428743070757,2.1073665362123952,3.6557643537322324,2.7272991941417355,0.8164002079016625,0.34176813173975235,1.7244715833483077,0.33080501248158006,9.722340081897773,1.3415559769523495,2.545047667349871,2.06395879916573,2.9446722102719516,5.684459803566748,4.17142891509451,7.389845975630402,1.0126465337309294,2.767364858828382,2.4698385612126357,4.263330277535271,1.2422847677115472,1.686129505014122,3.744253822190912,6.90322665484554,3.193659969837411,3.2692885710815798,2.377855215995624,6.250834165628304,7.767023821857394,0.15148953649015473,1.8595674479506454,3.4965706323110486,1.4659472092129053,2.0409833553958734,2.545965750552934,0.5616774787806114,2.513970138359496,1.3066487364905577,3.0903317129779535,1.6641372112956565,2.451962899908031,0.5423875859815854,1.6133491174723495,2.168284509190108,1.986082078731602,0.6262659483530016,3.3117872241189033,0.2956306971255892,0.1981848160613245,6.756968076080201,0.47939952176982664,2.787190410057115,1.0984127131238235,4.33007610792029,5.507485260843429,0.8052083494498974,4.109573587976178,2.5780051632188403,3.2360209640716837,4.535576309815756,8.556760171041923,2.2758554947236873,1.266329045788955,0.48862395958085736,1.090228412597807,3.3257321366120642,0.5581076747802204,1.3752201472777492,4.0189476887291,0.6664917054218257,1.775559895250914,2.9451281141328955,1.4838978346334815,1.2132333168748586,6.781831909603209,4.959119320110603,7.664727137239013,2.1486025567153284,1.064626961471742,1.9701710511184003,1.4833549252338483,5.302813865069379,4.319759649579811,1.509830367493929,1.1491594838593886,0.18400459469903785,0.3734156845860056,1.2159299714364666,0.5788746333444631,2.99464720908538,3.2789641973877397,3.6589199507118284,5.828399314678874,3.081809293457429,1.168443155686776,3.096289576750957,1.0196815027261281,5.608649567790636,1.3637206617341904,1.9844000188595523,4.754603500158229,4.08874247565629,5.4266911494539025,4.135173453018354,2.210418924732356,2.218601413953433,5.319523418202363,1.5000054366323083,1.1668128008893632,0.7708158579130093,1.0387391983064584,2.96123071087939,2.6777612105919197,2.8806796863866997,0.9673401213066066,3.960393262967224,1.2649184722990485,2.745489765889794,1.1220319166921775,0.9835292860299156,3.154401551445862,6.26945894578591,0.3412319581224307,1.2565912620804214,0.07161973401424838,3.529611457946132,1.2782553857912673,0.9208444469570258,1.1426707540731738,0.9361552373736509,4.715344667598238,3.476337527878597,2.792059815093444,1.113875013320181,2.865501308881111,9.367988718544293,1.2117335328788092,1.2126163870942073,8.956730709752984,7.410509472886787,4.663469817873779,0.4897492816143352,1.973805143056371,3.307350172800742,1.164722958851633,4.827849991080071,1.9020312279927973,2.1160222473978756,0.31638730995330033,0.690071422598878,6.076578656409077,3.9725413253521547,2.0119602056060155,0.6490793942503006,1.804695875345398,10.382370088645656,3.9724817728145965,4.034747138315411,2.247624010486986,5.7078458758747095,1.475017933967251,0.604020649007146,0.684167672663527,0.18294971684477981,2.9695813841939387,0.9626467556896184,3.827887005900911,1.4060689603749972,1.9814183164605788,6.556183640293817,5.950065437239381,0.8092204802792551,2.46142156875833,1.6888709352030074,6.172372101163905,3.7096748545283726,1.071326700905535,2.4104984147649176,3.4979337994028286,3.197314438833287,3.0888550570304676,1.7594908576576032,2.4929740400179976,1.8402622991015793,1.9355962241068738,0.932773932002527,2.267876788293913,2.328863613890846,2.9099389107726608,1.4974694546919545,0.8069451653509759,2.1311937486903814,1.835278865891036,1.0387172205110349,3.682669701988696,4.862227310707555,5.997327342475684,1.8455437734703417,0.2957435710069677,1.1506382112569544,2.620756314072292,6.848886198953884,0.6357383157763468,3.855535163384966,1.6261751624668122,13.52334569374208,1.5983296494410166,2.0821458190236313,5.136755064390055,2.5055083530643176,1.4774612680058143,2.150912302228305,0.9001404015049124,1.5287804081372594,1.0173850616946163,1.2276361873658928,4.497293869057191,0.6034518655898211,2.4161506168872746,4.8614270489316365,3.105072263904662,3.6779716085036043,3.6349453476949902,4.6318168724177236,4.407644395555061,1.638435513504096,19.816422647009368,7.43530759998317,2.6230326478199197,4.2569770787837085,0.1203367259884282,4.958912669520504,1.6846542766406465,1.2880327334278683,4.625703604007711,2.700985436082897,2.2870344876045947,4.008642317523359,3.0278606158311305,1.404021968137656,4.042614080341612,1.954707334892488,2.7778156120598494,0.7642241010253753,0.6964286471190564,5.944380791779096,0.07309485609240635,3.5513216081911216,2.6132228796323336,1.5278510647341408,1.793199694309187,1.4531121110815761,1.0147913318499384,1.9733277873236965,2.34534395608071,1.8788697997325434,8.561693190184831,0.613755174723067,2.8360473706381844,1.1976535699530122,3.682361201767649,1.180422415008923,3.708551773133418,0.7233217448208249,1.7096065550346742,2.1422828546314947,1.1622909015985519,0.9613676303699451,2.4511008384773922,1.9308774856946684,2.933803978197594,4.544692437481951,0.9408328594624916,1.4773058841737114,1.4401439487044763,2.4015023937276117,3.106062210334392,3.9585200055344973,1.0245547962349102,1.28738736806345,6.46830071117192,1.18318808958137,1.0503809471426695,4.939891544507686,2.9570976919840333,4.250438907669872,0.8020048089554959,1.3912496872176767,1.0638859999809676,3.768894035935214,3.6742771709609614,6.137857283602681,0.7286321106330064,3.4406646444473106,1.045099622791312,1.2922809826926582,2.1067752171693943,6.568079058805454,0.15568690554757403,5.451668087376405,1.8133236893511906,9.426529400534498,1.321075672381561,1.7091227422638697,2.9505540228178058,2.48249776760719,3.2542168758725882,8.841419846137075,1.577527839939299,4.533688566749443,2.4447591943824887,1.170276331187333,2.9513535263868333,0.9183553158713281,3.5368233825910718,7.1329191175499735,0.2737666264364298,1.3071950272224842,2.3756645830191228,0.10904936720615235,3.6896913495307473,12.33241298072751,4.795718659947492,1.8445250815406697,0.5088008473796576,11.552727519307064,1.3712761167354757,4.371024391311793,0.8347491406900536,0.34946343937920754,0.8045260018120145,1.45443498684586,2.4693919907580737,2.4477872515318166,1.945851981667469,4.44974249175079,0.38915586383081846,7.438217552578103,1.9662086013184767,1.4427954046811275,7.964390289604496,1.6811081976720497,6.944741078964379,0.37800514949635,0.4908775831409593,1.2538080359916397,3.1994752362950236,1.242133566240088,0.755208683093104,4.564331652655783,1.4948554677004697,1.0242888840393127,2.227211654213288,1.4822511672482113,4.316152990987842,4.179765946873648,0.8456287150129034,1.56274297674416,1.7797003119466315,3.779456328925744,2.5986808738681733,2.6753499550867716,11.319291978279862,7.416490776711573,0.8057353367204886,3.1030781013759596,2.4003630136994967,3.30846146437291,0.8683814999726438,3.524734955216255,3.69278296676098,1.7235339572116137,1.3453795451042974,1.1973428304915357,0.5796495144795939,1.4198435914471332,2.2243346348290185,0.35595017363459514,1.3739124224308918,4.010937761450618,10.222306410858376,1.6398805729118704,3.5238433150555477,2.675665586779408,5.098589847752999,9.768838095286108,1.9708673946332584,2.38027915867721,0.09165605393921175,4.6888514671896555,1.4129973937245137,2.4022154099038695,3.470240682403735,4.761604779904887,2.5653808578327677,2.57508090417275,4.547750231640431,0.8119722015660145,3.7981095860831107,1.838100928115372,6.715095295532359,5.828103193549123,1.2253869005812612,5.179415026211076,1.339067606324194,1.064926486935815,1.105116210333598,1.4208976063775411,0.8930769370658174,6.265913820464043,4.1147790218967835,3.3613898658277903,2.6501432222545294,1.599222501100212,1.08300988503357,2.9098325357484898,1.497272586552856,1.0998356458033711,1.0649956006060708,1.5036647354171364,1.1445207300257216,2.935261366562272,0.7152908230345013,3.417360498167597,4.18528423210596,0.929270470234196,3.1953356731369347,1.7366179830162352,2.9513177520748193,2.392600950062476,2.2772775652570996,0.7256735595669207,0.7497565954260997,0.9232712182914458,2.245324138866995,2.882283522099826,1.4351963693424103,0.8863491146061548,3.9047594511514054,0.3968012219548515,0.8740088555923494,1.6851334939689377,1.5270539171911768,0.8460038003417143,1.8332462381741774,3.0182323116748564,0.8727863188325518,0.9899001308191037,2.8078641007536085,0.4201937427113598,0.5880464500575027,0.9306650733445838,1.1097519428289957,5.271793357910791,0.9992173637874918,0.9155940425181194,2.1665506168874993,5.651422005066189,3.548177430493594,4.1555879725923015,0.8237056888051656,3.8413098026620127,2.4209699263086386,3.003640753089374,4.127697615627519,1.6549231342949564,5.5287804384591075,8.65296429698592,3.97800068037328,2.0174365548530164,4.746614336930599,0.6830529295377346,3.701708941013252,8.621959877440307,1.5491608333403644,1.1261723396051875,0.4320505857501425,0.7447613138602535,6.464692774835621,4.8524410849628286,0.6413361825102043,9.505218722873932,3.0851784957641906,0.38532935334981555,4.142008801989365,6.585263948559995,5.945547260444918,3.8636120624747337,4.225315594780874,2.50582168702713,0.6195303211653804,3.5034819635156156,2.158119832888188,1.4199402859487136,0.40281203037537056,1.9429552881359449,0.530524977077258,1.1889187297694603,1.6084917882740144,1.5686528781090938,2.2757246537036075,0.514272800405128,1.897999446438984,3.34873868492892,4.443634747854414,1.2432840678194157,3.6512923223529103,1.433756771964057,5.737294922544344,1.5529515382264443,7.308039789870831,1.6095354938311057,2.148143626590019,7.034052910707886,3.413503375460097,0.6486515130113332,1.1750499197949598,1.6318496633773214,3.1911074653169016,6.647686590559546,3.551382843570499,2.1561957723696468,1.1126129914768663,0.5770339514426737,2.1678889439184257,3.4222775350674173,0.7069885139357862,1.5291343764685192,5.420731069277523,0.6745896355956583,7.006907887644358,0.4176467094843277,0.5056850833748642,4.478662817908476,5.999153887769843,0.8557002599123598,1.5250892983387052,5.368724583282341,4.670618090911577,2.0636366387567224,0.8061491470119226,2.4566478895753416,0.5557212537183323,2.7420570752043907,1.2873656558396356,3.0049334628056203,1.7570493188985836,0.45890801886626253,1.1711541190568215,0.30984210180333915,0.9639335965991829,5.068159297963525,5.737227459230509,1.3041560101281369,5.202885846850273,4.296845370682499,2.06067893571761,0.8257969109846606,1.6753748443265288,0.8804304322978405,3.055324522207302,2.3101736444773855,2.7579237674103947,0.5501951805586792,1.287951758667718,0.9414906189848098,0.7756596315332308,1.6646402681956305,2.254014275555285,14.179678483412358,3.9103253076505844,4.121680998766676,3.0758067389823074,3.3654944486838083,0.3638475449036298,4.710549919508651,2.1802329063007915,9.31974246344526,3.5362399102443294,1.5531989818496292,1.1241379525421813,2.2011993624914354,6.831744332189144,1.6780344182168987,0.7934954541724728,4.362598218637502,2.656174832603019,1.152898778374626,0.6559889130742769,1.5990752388668024,0.7353646106766362,2.6202354694845953,1.0704653825765666,0.44835046035298043,1.971641056589137,1.656059323475569,1.4308692031193453,0.9356453197544837,0.7457140267977895,0.7528645864274279,2.643822239773119,9.937379941588711,3.04263584480861,2.1702951970318463,2.04200731875872,7.977904150415803,1.0922212537856386,2.142011180015261,3.3765464820961153,6.518070542303335,0.9923291626286155,2.1176663839151146,0.5182836190823895,1.077972205685283,8.260020631781728,3.8886776073471956,5.875831264314231,8.374677762106236,0.39140744755093126,0.6621640866243753,0.709942647455601,1.1321550636505697,1.1532142656922313,5.190198153222857,1.6842171847022098,2.070594207980503,2.0097911236678425,0.38697092283294454,2.6978310884240595,1.7203772401557393,0.8321832580752834,1.09443086379976,0.3283407326659768,2.70117423174401,0.49372081618180624,2.605686186361618,5.117760233016561,2.079474242479308,5.692098752177745,1.2841632696092022,3.1415022147210836,4.5952944329874,1.2753244674558744,1.400836653449392,5.910425372342611,1.1934572012877154,4.252949411327136,1.5614297936918538,6.788058082367075,0.7304429798437138,3.040552571348307,8.77475693633136,0.6053325032539506,8.039737887809329,1.7189925812512477,5.806672604502459,6.593574301339073,4.467255315615481,6.516284766835762,0.7094519484819425,9.516834912620252,2.943859717302618,2.14321412585977,5.5922928281135365,0.6156491723206762,1.9778650647577134,1.5050478507626326,2.828325818380133,3.3755618491390726,0.6712422523800528,1.8235111205760663,1.1873889791741923,1.7213755589752835,3.86490765134763,1.0875723522897578,2.7700861355732846,0.8160404954552782,0.7435033698611229,1.3055988125711384,0.6315262130603758,0.6554723012162709,2.9753383393078314,1.1694588522219531,1.659356560689059,1.9123370796416108,3.3137058550004794,0.8410549146823285,0.729916448995912,0.6921949684650159,1.3945055868851395,1.761086823683351,1.2474686204070724,7.182079364686448,0.9999659503361721,3.5275418161624104,3.111185026503515,1.0737257152972874,2.7876983808793154,0.7712511017027388,0.9527981202810769,1.441988912004641,2.536825329976663,5.706165564608248,3.2601897946885448,1.4133478903793861,16.26955963196806,7.225118646004028,2.6352040384476845,3.8458471371751806,4.403643524514939,6.785028500191966,1.6817516064424853,4.967905401511701,0.9399849815974738,0.7719196719992598,4.967307459460486,0.3927770550465213,3.9678246164193753,2.2394165635678487,4.34283622530316,1.660762828450328,6.406046608215793,2.694225341004317,1.1654616372010127,1.622492305475161,4.555226522355873,5.379065896802795,0.08807258221571912,2.1101721926147383,1.6490675213423827,1.6030198300882,1.7786454390416937,0.5440968756206682,0.9865441454605721,4.809210519764595,6.464322631060609,2.518029059409435,1.8877732317623346,1.6044020296048696,1.9452300886409981,1.082337313588607,7.591621728801007,0.9922886674787289,2.2539239918680907,1.490959404335818,2.8056866575809853,1.0736452702647006,5.436279086650266,6.092453576646008,3.1214600064582108,7.558494745529678,2.730724349999987,2.169957524977507,1.867048259006671,1.9587303142735264,0.4247446559278983,4.8239853813072715,1.8328063977997224,5.047296167939007,1.5536725965206282,1.0468823622638743,1.5173709122450842,1.8346433886203428,2.411430706677391,1.7175745776626554,0.8642973128158116,3.1179527678789962,1.1901669668817336,2.031016899705975,1.9524646050861523,3.0341787114175993,2.539495070287158,2.78943725441491,2.3324134501518405,6.8244009014194615,0.56367482365116,2.8790283631458387,5.360262593040521,0.8694060783439089,2.0659778179857917,0.5172842377126308,3.4849107980899428,3.348415440365082,4.330620708188951,1.122124674035227,1.8946519319709456,5.178031381971412,3.2738511714264606,3.69046405030048,4.033530177938926,9.280121698924233,2.2718591888696444,3.328957438790249,4.7749917327414515,2.7431587407602906,1.1419672042056856,1.7185573150277467,3.214287645770677,0.3852563549586911,3.096662082569242,2.0589262937933714,1.6749066821484744,1.0962024275977802,6.069225502628261,2.768378607447059,2.6810227140930216,0.5081111491066387,1.5026869654904111,2.672843606682146,5.3527375101928,0.9399165700857361,8.581426220566083,5.1217375054711445,0.9866099942630542,1.1207367200585645,3.047612642958599,8.00610485837213,1.5335975281698129,5.248011865657236,1.8247529731651577,8.26915189716055,5.979897296012113,0.46039915510746743,3.3222859952610504,2.1089685074491356,3.6781551201605374,0.6614423437521759,8.106705197467063,1.3593157773422222,4.068732840166398,7.000531557989681,1.0423753362777604,1.273403908000763,2.308798313851672,2.880674253062843,2.170591910743222,7.217092466581204,3.1618337460265598,0.6458636465680219,4.4905169473050215,1.40721851806257,1.0799529973159534,2.475560416388743,3.9865341716068032,0.7765093031245861,3.6087231525487318,1.8155591711539947,1.8844031733947277,6.0797732139527065,0.9155490259444128,1.4695530710651432,0.5608613265066815,0.5790662822203942,1.7336939019478443,1.2102117671093187,0.7115994650055566,3.3533415164331952,8.739522032508953,1.6662528602207178,0.9128508011068885,2.495866078090655,0.7160210267731861,3.260377523517401,4.094481800240915,5.862572146779085,3.412746085768373,1.702222632872422,4.213692195539265,3.024595082027753,2.969538060524907,6.8576476038043515,5.14285077540988,1.5522798298285625,1.4291669363933357,6.39645662053144,3.5326042966984312,6.466733432298196,4.686636909438876,4.4991890937303625,5.316923340930943,1.1461986932916812,3.15526715231957,1.0844455047627992,4.387573401141746,1.58663645880738,0.8357251284602651,2.343517999426821,2.7737713784113174,5.519651662537341,0.6584237840635065,0.5054116455024342,4.845620697889805,2.8882540964438665,1.202488059144793,9.625821762228352,1.6798786134126216,3.5505819474956803,1.3076601655545672,3.993124645511119,0.5070959598037913,0.8645279629161482,1.0242438358529455,0.8012020396130295,0.5175650691530683,4.961426289246707,2.9727494921050543,8.063940961180355,3.6948900917248015,1.7526341605137246,2.2389061095206606,2.975369140209703,2.625259914125188,0.5259946329177357,2.2938087779352903,2.2600776490244434,2.50218137543605,2.174302885528694,2.7605186400941277,3.781020220392099,5.135651377052047,3.748502648180226,9.604423398543249,0.9465494284076276,1.9535443869234663,0.3618275459668219,0.6561697260222642,1.6702525080152384,0.8556440555292084,1.9008162505821335,1.7550683273977505,1.4270870344928352,6.966454906992586,1.994020425832062,2.427088633456102,9.056075658105636,1.962362427427518,1.926737519649988,1.0950786263871284,6.2012130404423145,2.5831280267051224,3.8317199496452874,3.2286574567711224,1.762271817990636,0.806752570330947,1.9814016335946778,6.390978353443614,1.5850874733834637,2.4015023008470884,5.623147141719678,1.9330200072597226,5.185183378718643,6.428802283550332,3.3599446867176237,5.2193433946826495,1.3649303588993729,2.7717859982387285,3.6057024731564193,1.4533420923688016,2.7643162657160785,3.9882611601310822,2.984350123917695,2.2431457868906324,3.518801543195555,1.005525479382274,5.039821708444759,3.2297193615308397,0.3452392651578439,0.8196256979549401,5.956202402363407,3.0431930734670907,7.678777869332953,16.464135380648045,10.415601028028226,3.67640956211631,5.469810473424965,1.2527880784041572,1.7590311363674915,1.495855017932153,3.7375612280725434,2.861885554541848,3.32935428063464,0.6085936159133113,4.593938638874451,4.260313379969567,2.8664545059433495,0.6447815445866323,3.1153123036290875,2.1503590507068235,1.7140760341440338,2.5792491926975236,4.481079532841821,3.080745568788627,0.8460820574689694,6.391146956029008,6.971742044340503,1.9896812820994625,2.9253643711730635,1.0693617759821386,3.934869613987613,1.16045767126502,0.7198541061875087,3.5634458002482585,2.9117446355316603,0.9761467193655805,3.9933569344702113,4.5138743627592826,2.5492467401509242,1.1335611569078512,5.627432755323106,2.4570001796611165,3.144011600399247,2.3700908940877357,1.7431094551191628,0.860023054056023,3.3539227491066383,1.1213900636290484,15.22084315281026,4.0204162960903425,4.544982517952773,0.5324492795428268,1.1324857474806835,1.8732231605736474,10.50621369021502,1.7373021340516517,4.302260510595695,2.859595349717927,6.503959470451583,1.9758563505856477,2.823666603483048,3.919180992401327,9.209428246701474,0.3788735929135312,3.4483348923685533,1.6311089660135836,2.0602943101404634,0.39227918361854397,2.5588883231983823,4.1118447979695505,1.3749659370585572,2.9747883351968043,6.284512005814668,0.6279188992320871,0.8858932842447045,1.7262097444913356,2.4815942903846455,2.6169229040866266,3.3684649342299653,0.977914937989802,2.1842742552368457,4.979424477455033,4.354694935842106,1.993353427581941,1.9654990719892285,3.2491024213837583,3.2574867887311503,2.5515645075888256,5.064272530810284,1.084220469293943,2.381903110800501,2.6408103975317254,2.7707327460820883,1.8143041898791177,0.7248334648813763,2.240651557810572,4.362725535081605,2.4672267804930597,3.5720530686726786,2.196230775104798,8.017887703048327,1.2652335727455286,6.868568123662406,5.85691353932343,1.4955740226010044,2.8998634283760345,3.8028733527029046,0.2192494191143707,1.4722919644657035,0.5016090479941705,1.132935693846855,7.237349329886528,2.2743588730221536,3.430231763493738,2.9322424113900425,2.006342390844717,2.5109054979399077,1.4659520728741742,2.156717316022909,1.1832940181527754,11.066094700759031,0.2575087353292067,1.4804519571155548,2.2310459364067663,9.027798428123985,1.8438854338082784,4.178903162988047,0.602033402150521,0.6693471793516161,0.991049136393227,0.9408822618345807,2.05667401092356,3.1776677930698662,6.957403943388453,2.5762991575561114,2.438334101072942,1.5938427759547522,2.0037624306753434,2.082955883532266,0.9000309299007848,1.0914261240509053,5.850925671755612,8.006510179662707,0.6568917533365108,1.5710903102798879,1.3535354473860017,1.7995242915583618,5.7038730683682655,6.7311769460267215,2.792350344581054,7.04215579189071,1.7872039755827909,1.7139702834444173,1.3156881374800697,6.705935167575711,0.8743547001081747,1.9057351887658875,2.509199513463517,2.168361814260903,2.2434137648631878,4.014085989938313,1.2714418213512748,2.445010820475125,15.767748770809968,1.9799603522373077,4.388891624814708,1.3055427843054286,3.5441470988937844,9.249537110137297,0.5875063482432843,3.999847681805612,6.956213587517983,1.1332585281495862,2.183197448331786,8.49740940928307,6.184524733073955,1.9353727995223209,0.42266590609694094,1.4282801751597807,10.845974605849124,4.9877996122635295,1.3170488455141478,5.612811881230945,1.1825288621323735,8.975272027966334,2.62152664882646,2.9007133445471864,1.8030149527422712,2.9843008219190095,3.6750137136328194,5.050850303579788,2.2060289277980716,1.6222253347293216,1.2207336615920978,4.356123667608416,3.027879606073337,2.72540925400737,3.4877357320745377,1.393677872835292,1.5185264474174593,12.81959467720947,3.5171565237940006,2.0682916538294753,0.672675610247655,1.4515435807253236,3.113862778435099,2.630873868957197,3.2374240275371085,2.0810585020292134,4.833495345739222,0.29134119290697286,3.806507930154416,1.1509880972792466,5.199005137935786,0.554742519414285,5.547356603165774,2.0807002820049667,5.116295420959189,0.9000232311909196,10.485022436650382,0.7734717728916557,10.00730909479748,2.9515026690637205,3.490003205760492,14.4310249293057,6.376733101001379,10.257372534973236,1.718473324417356,1.616053142010468,1.4084314621748268,0.486888203844771,0.5753820356064707,6.057066932274493,2.037614714642231,3.9462808051645406,2.1523385744763375,10.775018214239546,4.897696994590162,2.933750855528637,2.8497684499032765,1.3785928190965602,3.4627288345616414,0.6933467127191486,0.6862672628463745,3.857151636984245,0.31188788787158117,2.8669397796595644,1.686707744696526,3.7112451328340725,3.9337056629852847,1.1433023071616009,0.3172933384591813,3.13964609441893,1.4400193776583918,5.145021958300007,3.214580181186142,3.832940753038169,0.7772728740820836,4.478976889390476,13.015720301229374,3.402258405455988,2.7043604355273687,3.911267914666489,0.9775548890223074,2.519544992057524,3.5564514452209117,1.7621145224774235,4.092753557086595,5.041993206425629,0.3651608774766786,0.6882010931879452,3.5605573416186367,2.866222170983764,7.02905401689901,3.0880328599585107,0.988169154038878,4.895226582070071,2.250305324197716,1.0030548060396838,4.764736903163211,1.4928602471123447,0.39835606240985133,0.6170066365915955,0.8359776635711345,0.6636359570075141,5.142421222819045,0.7016710960441119,1.1509875916407428,1.3477741742826959,10.5947476754525,1.091144682750888,1.4973425495815171,1.9177289804112403,2.1957081473145643,1.486889552095778,3.382362198860304,4.243644158212774,7.993037393148427,0.5962775171876822,3.2098807734737265,1.8847479119657318,1.5554701566629952,2.852950002930908,1.4385847083857297,3.089244246431756,6.268299174574962,0.826403621428399,1.5178957081702726,5.159648578602563,2.712682499204348,2.1409296752759315,1.6155695276471516,1.8899935222231101,1.2016464103998505,5.549077855919883,1.7320399398572468,2.1754338934325235,3.9930991001510434,2.1323447650994707,1.7004837530932266,0.6121137336821107,0.809505787582117,0.612137647104678,4.477393303031121,1.840965568734528,4.405812456915832,10.151064446910668,2.4033878455991013,8.015716915426736,1.2703268444137221,1.7579437281418873,6.885187313368318,1.6134644815537877,0.6453820250424972,3.560857767770585,3.123616811593842,3.7415155009209666,0.7465224988945869,2.5152250286389357,3.5825679632287666,5.707723171127883,5.481849453838341,6.633982349107933,16.801006444518816,2.722408363032915,4.436123400678545,1.0079600307506666,1.1203046376691241,2.715479434112871,2.9185966847841236,2.2581168169697854,4.268819221197064,4.802344247426481,0.611693834929957,7.415184844076566,1.122107704520105,1.082242036508824,1.5074001535502293,2.303720691022713,1.361188660864279,3.9509694295338935,1.837993232595752,4.409798536939802,5.238770557659579,2.626198632359229,2.1479163178036713,3.354379967906196,0.6790868018100812,6.419524800829872,1.6270395589302624,8.118541488575916,2.785278325408778,3.235911271854715,6.910539168538147,3.7199956044085982,8.780157155032299,3.5058691629117256,0.5188019787465152,0.13174685270554098,0.5423990181890703,2.097968897374126,10.698445182726092,1.4568510762344753,0.9389952450358514,3.0315023536421832,3.998890003596207,0.7916500166464214,3.8101661982780533,3.261646481099603,0.35733357520145326,4.530927427819529,5.10240740242256,2.439935171305063,2.8091819711771624,1.8056140690724445,0.8616915192899988,3.875891472505785,0.3732786823630099,4.548716730161278,3.7492597701745476,4.129066774305047,6.9950876987161905,1.0458987317754798,15.169758472671457,2.4253866204932453,8.05418154535648,0.6587108460538179,0.6215887449538541,1.1642744094506723,1.7402027835111036,3.9780369286632453,1.123610400465705,1.6126615941817979,0.5577695441378485,1.9376076874988897,9.158103670800834,6.990684998090665,0.7948165137973018,0.747098133897168,3.5983216770726822,0.4762844416033697,2.6598969257619816,5.007310391689099,3.2634906877196803,1.53846012205281,1.2059606348977776,1.5254109174929023,4.427794501349777,1.0654883125109198,2.2522384752736726,1.4100581226431106,4.026677806492799,2.469818075322003,2.762025082855863,4.276935752732011,2.936500005527141,2.523870661762048,4.220091850967636,3.8664355870645895,1.4427078613281898,0.6793068554206929,2.1802117473448437,1.015081063249593,0.8504156876396815,0.1245898054000862,3.253497036273127,0.4582742311080543,3.632468391917908,13.229405113642809,1.292972613777392,2.6155048598624306,1.3587650371932216,6.067166706481502,4.003601790908112,1.312291001065254,3.6644378733359373,0.48817392897877315,1.6344694581871428,2.4545686086310066,1.136450570977826,0.308070569989243,2.524597329010573,0.41603402231040804,1.7027890287076555,1.8078034138131815,4.49455303227565,3.6671046480657794,2.319652404167754,4.987051760375071,0.7164726019048118,3.98487895685668,1.496240789970658,11.241601569773675,1.7910481876891025,3.208210224617599,9.52099988933669,6.435883074862284,6.079372544525351,4.6000241458948645,1.9929687746271747,5.091259468873255,4.989494044878914,7.878598557930582,4.083528664408291,5.52993964715072,2.5959632570935613,2.590054131385002,1.2810424967896115,1.1407060620116103,2.01639636632609,3.9739508051709014,3.9261457411669833,4.881544969463716,1.803191547856069,0.7648822790668679,0.21645311840200734,5.840368832721487,1.9093679933340266,2.2388538428369698,9.674241674708963,9.429133339737376,0.8003658631204892,1.947576558413881,2.776632032825455,0.8153973052412475,4.013132204971877,0.3916385074929175,2.5336317726369493,3.035594864190653,2.818532292006541,4.085652374558061,1.189587839973738,1.6706634692793065,0.493358576753255,3.266159262545961,5.118005623486037,3.7349881930925255,3.931910695342232,0.4634920746415844,3.0088073272155924,5.101061852208705,6.215821298207168,1.1433969911897643,5.347293143329695,0.7131940973785876,5.088268537451461,1.1547968399149076,4.892983831204968,3.29372895138639,1.1316546569536365,5.487338100556979,0.6920866782560782,0.9827225201433749,4.096218631884284,5.042018746676077,1.091635748581187,1.99224301668438,4.268598453956801,5.04583144742352,1.6788022055571319,0.732390382021507,3.400459585727295,0.9174618684523463,3.217688991431486,0.6762418125435108,7.441499222607755,8.897174470287755,6.164307067240253,5.529909902528858,1.419969927994736,0.7875039601717222,7.056859717582729,0.6537195234304374,2.955198428988571,0.3177309091446684,1.3365998407278574,2.1634356608950336,4.231189012442128,3.4423711169112075,2.1781043514141616,2.4296914523780506,0.9021821524067558,4.099136877358798,23.537832104346176,2.3838479792961644,1.2286206701621043,3.4553664809585825,3.395249706678914,2.713587592681561,0.5505842404585678,1.2301983951371507,1.1689873999089553,2.0940385113305857,2.3107159470265515,5.55481150836736,5.859466480286684,2.1992926460184994,2.717525663186407,1.6151696308987797,4.235927918644607,1.0208819916862821,0.2726983358222458,1.8525078284946874,4.850900519267917,3.6195403887785376,2.8486937565401003,0.39117371365496306,2.1938775610352237,4.1143758908482795,1.79439403004153,4.465874625124563,1.3678203231559616,0.6841846842281931,1.4282084911289246,2.611611531692013,3.799880841889437,2.5983378363157836,10.9629946540998,0.8904255729226905,2.8047317712458337,1.6027104232569283,0.7075720741844356,4.4590565688432475,5.800987236726362,6.433355094679333,0.584086615121218,1.73445328711067,2.6244175225884976,1.1860902665782693,4.471503237947859,1.190788558350034,2.0659503511167565,8.709689862628478,4.785773208771636,1.3405757019026465,2.0231731936450363,0.5501964535228263,1.7882360568100328,1.5930531282634994,6.102726096378225,0.19234114873684321,3.496267029454145,1.9869285351568664,1.1601127442085293,0.6624858843039385,3.7590430157918506,2.07441129623401,5.47561985933985,0.9176660737441854,1.7265927924827789,7.2640302757006445,1.6889058636561727,1.3612339886446552,0.884079320865674,7.918380267952161,4.431447243338404,5.167273945994766,0.9721466534069131,6.837955434513486,1.8244440055389535,6.766554278879422,3.431156008922695,0.8300258803405213,7.4357005756673695,2.782705557563853,4.123052559151665,1.0313412059479439,4.539469832106233,2.1648455024298716,0.7606761639917038,2.9154535934550077,0.8787180238626631,2.8403851843946573,1.0151322451208342,3.385639398765273,2.2196014260123924,4.841008528881942,1.5311712998855522,4.640125317195963,2.882492262209096,3.8558063080131655,2.7456434260845186,3.4434242455228343,2.1230396694811673,6.782389835024085,1.7191235682132358,3.006581320156776,2.4337657950262983,0.8498689595490372,2.449151998826665,2.575385728608982,3.47024403215227,2.5829186830310737,2.9952667933339816,1.9830768430483998,3.267589028569732,6.780580130215633,1.0016357229203992,0.7276033599368946,4.980382522020453,0.7740214441865074,5.970733037767092,0.6440488214617788,7.094054264929091,1.108246331296254,4.647671803601982,2.8568066422956604,1.2799139874684051,5.535326029721354,2.006201826187154,4.8661258736479684,2.754210403479506,3.8885679681498457,4.098131193364702,2.5434243508597847,1.5200532618162792,0.44740958511358614,3.577791954982607,0.9337427726197876,11.636689221505941,1.5842023306378492,5.2802398419796575,1.9571203144981164,4.995476884378833,1.0849367876595806,5.421017978366822,6.972055582214981,2.281254007793288,1.4844225543123204,2.598983275336386,0.42090914554717185,11.318816343182592,0.651970066829082,1.5239439662281136,2.4530066338855474,5.427087271491275,3.919365020169531,1.7140607357293538,0.37017712148773263,1.0025300603385854,5.899183739901915,9.618287950764655,1.1789574365112652,1.377192406382616,4.872390696557921,0.6653677629580815,2.2731982213007673,0.6695607710366167,1.274035923495672,2.8895754881756637,0.8650308372571722,3.063518503511553,2.9725859039381857,0.7032632626635069,2.4389713089128335,1.182394522398979,4.367389389362179,5.096669265766775,5.876328302434007,2.8378941777274784,1.3525984006585698,0.5026091067781161,1.4282868525305714,1.3072273816446733,2.147859693355975,5.965698321022362,2.4575061294882525,2.116304182308871,0.7897200633068001,1.485908391694094,6.085328291177319,1.547627247443697,4.007723673763905,0.21394569742993788,6.374571748001443,7.444164726829439,0.5232547608122484,4.2875463209213756,6.481925019037574,2.1971602938031056,2.8779698953482713,2.0864297389963875,0.9414977833469041,1.652035696611392,1.2974688696836103,0.4350994741203341,1.345409853518101,1.3173847181854654,2.638757979350996,2.220079119416094,2.022319179452574,5.698919545045771,2.7815431298805073,1.8554462476612081,1.1127407228803736,0.61415220982437,1.4579646249090243,0.7145447775821674,1.9205493931832816,3.2235393677698836,4.100849589842065,4.635599304919088,5.922602068442033,1.2756827014485386,2.8432592563635777,3.06879961497597,2.357813800195828,10.863551222385526,1.3600597387101125,2.144163646893477,4.164915281048031,4.254733353197688,2.2006435117318413,3.51054059421217,6.0034068679891295,2.0425183420457,4.4341741649461,0.5825791301934111,1.346201213627742,0.546556520141189,1.3513449669042765,2.703400417404031,2.485650532979829,3.092910277121072,1.4753474044321324,0.5069182346931105,1.60681697845452,0.8485709020903321,0.879886105326113,4.470655528698311,2.8520050376929214,4.050397709710099,0.8539207247771875,2.4348554813981895,3.0786173599604596,0.21635167583301068,2.010307892739617,5.052021979760251,1.2388684712928468,5.208300443205381,1.1541868975371592,1.6387394943173441,1.370361463046721,1.0852620596634246,2.5587557344560246,2.6668536581398357,2.658117998911456,2.5028148802929167,1.4253895554172908,2.983190831473525,10.382617461903942,4.08445613076618,2.088965470897982,8.963397798495356,1.8959903466136325,4.538240733171668,0.9647580544337588,0.931385088191532,1.9838408880939034,0.7447620507048902,1.3373886900441503,2.491394635812842,4.641253907688564,1.1321024280351577,4.8787795977361395,2.0931573891529207,2.152653117986364,1.7613044739231856,1.929484872876342,1.1758938979917006,3.4539316402640687,1.4048425049620465,8.780927413823413,0.9225119976133889,1.3105219298666426,2.6489751947108937,3.076373134896913,0.825033247559112,2.5871683525515197,1.8534629081507836,0.6786117014203445,1.517276400633579,1.6954918987629708,1.2660343693905085,1.336361069769942,3.3015060240783036,0.33229168409027526,2.011842463537024,5.643980731641569,2.0400923426071236,0.4804262097222303,5.911494248422976,2.6588350175020534,2.913848525014265,3.6169021473980973,3.2595110245342385,2.0841082625409104,3.6299015358793145,3.032840882907817,0.739476736146643,10.305412613979646,3.5159153003053714,2.5506520267157677,3.4790385812660607,0.9636195344696143,3.541581484567937,1.6970290452596433,0.7583699257944034,1.508354044077569,1.718120766151077,3.0916655386109935,10.059924985921011,2.2653097937550832,6.549982672999352,1.3125195802835177,2.722777399767082,3.3342551449297106,1.0212819846241228,1.7513765806390198,1.7513323526767275,2.094371725572656,2.1167305180983305,3.3257306029862694,1.375224401303246,1.5827145719797029,4.960850801208306,4.8524458634616625,6.091324478382545,4.69046223216501,5.426577454676178,5.487331784684089,5.245342817418832,5.635117257628051,4.457638348381532,2.2463288351532578,2.538245029992834,0.7548785808569896,1.7521434293756504,9.762983178189549,12.240212335765582,1.832008083832143,1.072323315553184,2.148141764985832,1.0499098019040272,1.817873624359358,2.4517657418728285,1.393025507384745,1.4250034198574681,1.3637845864059857,1.6491557428554624,3.2641291870142184,0.6058561049794603,3.8220696658218967,2.3465474679295784,0.7856891109965244,3.510977594649454,0.730596420621906,0.24619044182175298,3.6253164039832853,5.079080224645878,1.0335768900116835,3.323338506013416,5.273026265480873,5.486006220973073,1.2146632981352754,1.9712881969860003,2.012035667270749,4.698143749041277,6.0085539445775265,1.7113670637304164,1.2355304564677956,1.4245304137938755,1.2147854323800917,0.7432621780465836,1.9208455224503644,0.8696777973258014,2.6919526485033725,1.2878805304995034,0.8971009602765885,2.823385121490645,5.148463473924381,6.276253087339815,0.7777915792109905,1.011695569638432,10.521985915264269,6.243087580194396,9.742368519614727,2.9033565861104855,6.651706665516059,3.8270283397229172,3.868304224884257,2.363582037259349,6.783468805552753,1.789983307324343,2.3079906456379016,1.7830673812134765,3.3229621111391165,5.706062381821355,2.435193776369308,0.5925420481894466,3.417539853159816,1.4355497426277197,2.4087047886081128,4.263934687339886,10.667970442218888,1.0937586687161,1.8359132023139124,2.684562089092805,0.6215085438063473,1.7735631481115604,1.8819826915170323,0.614933354506266,2.6481949739190487,2.573968790908803,3.8456491322548865,1.9583223565535772,3.449046472482663,3.5766505646224798,7.11391232779232,0.782952052118493,5.083149956460981,5.703956957926342,1.903217141819401,10.308014896106812,2.7150382847008636,0.7278280328917238,4.113306135357399,4.163276859166627,10.833025084600003,3.438791557823639,1.2992117251988784,1.3526293838976713,2.280311226311548,1.2005757127640913,1.6860207703155428,2.26092112697448,3.628943626455471,3.078225820790543,4.476339403137299,8.609404364001994,0.6704962798699206,1.5268359839594203,1.7282645201465288,9.746305733676966,4.054757905535656,2.241112978595403,2.831633590855703,3.907738345640775,1.7892131787590013,1.3936361432552375,0.11725152458728619,3.945057944131529,0.646694774700182,1.0552525448597463,4.002373694605051,2.3012754649734837,1.8300879052627843,1.1516322710454086,4.503585530622167,2.0253926117850085,2.20551726760901,2.206273626327874,3.153043051768654,5.281337689717727,1.7946339538866252,4.1390454475366205,2.4628949378853253,6.568525595033866,1.6161078137278464,0.6113784510592296,2.640794468276913,0.598186460915866,4.555764407913105,1.4782714988849976,2.661868648240877,1.5083816862582125,2.9874476113596824,3.4248297973427504,2.3399519904711594,1.8098565563745328,1.8933955128037308,1.666059566360112,1.777878734810272,1.1090416136236423,1.0390245640406586,0.6624817136811567,6.654193510435064,1.6618291287460474,7.332144332292548,4.862861108999302,1.3144298287266516,1.2952673542947615,1.220808212695529,3.642452130417286,2.126297909759398,4.964789034771462,10.221251257111534,6.085077667574355,1.0580116355049198,4.343521760194023,0.8892290231203055,1.2010588593303115,1.0331472459573923,0.888003194401263,0.38065733716016065,4.631783790676214,1.5490324817885763,2.4245316792627323,1.0181603436483335,4.976082063465584,4.397218761057948,1.9486496458671363,2.0590899613425635,2.503914212719965,2.400139696905032,5.2577659909088155,0.533384021829633,2.067768894956462,9.124708671167214,5.166311007221633,4.406032632258576,3.893447104538042,1.8021876539252435,6.764368350860132,1.777141391097435,1.023684656375246,1.1933731175207187,5.864408073300656,5.18961488230861,0.7779651183271995,1.409265811388019,6.777231738441336,2.300433162389702,2.313600004333792,1.1890206114567852,0.4163286944519349,6.947137598457585,2.1219579237993225,0.8203077356701216,0.5879764170821618,3.0131606499176673,2.1753060939957525,1.8141507590780108,1.7964124170332174,12.976453588388027,5.377345743714908,3.4217108770239526,5.00753675038722,6.910932956913756,2.482835033760736,0.5605254954250884,2.7577101576471437,1.1150735498462352,0.167274785706311,2.6253657348826067,1.7969970751940079,3.9040490100588783,2.7302503163960226,0.868982488933336,1.756081152401377,1.2575913184878387,1.5006632305281806,2.088879208848004,1.2595379268559435,0.6284419471048104,2.6349023553029185,2.064862599485803,4.30949936700211,0.88964355372626,6.257288309515142,7.58610574969469,1.4699854192796364,3.4850805640658424,1.0840821300142838,6.925300849842305,6.287135441092294,3.349674655400475,5.28694657280995,1.5031626483757097,7.882840292588255,1.7717676957441952,6.409451959321629,3.633091169289539,1.6280034561941705,0.45426757082298264,4.516723079911506,2.085503812136495,1.5987116108605346,4.081633225459793,2.3002817040201284,6.638736848447476,1.4706181485874055,0.5013091788224346,2.7707436340664042,3.5528682722922285,4.829767512924973,1.4908782109595675,12.128994755146529,7.863078190023773,3.6540675678349297,3.7094547543287684,2.028752130503645,0.8104939480274451,1.4410638363012445,5.140458267043773,4.652944145272337,0.27682458743656535,4.811145168995858,0.8335738201920417,3.8274321091034937,4.942006595960516,1.0542310963875603,14.021499503349606,2.6913685834860486,1.8434159568306727,1.9497870335262704,4.68676572313658,1.228498260466929,1.0809598829710652,10.387253482312422,1.8445948670810384,1.62822831102492,2.7394786776268503,0.8177456293737055,0.8437119675290017,0.46679057988511863,2.2428967651312623,2.4373171204210085,2.3167973783591016,0.3926995306880929,1.1643164482584591,2.5773188245411296,3.566778800363026,3.3355554764857,2.07866938259008,0.6111569656042526,2.357972122760986,2.4704043964906313,3.948953136558001,0.24196914879693804,2.182484416207824,4.8952290242160945,1.3637643795707404,0.8130402385266924,1.0888005653269477,1.400126737974675,0.5463909863069913,2.2208702530000157,2.0182701753492465,1.366704834713295,1.6669294164687265,1.3514303778326098,2.0143940812313814,1.2827674738969288,5.504992713586636,2.8573271522838137,2.3125291823203025,3.734092523448476,0.8529005019964564,1.8353422647825894,1.1709127299753117,5.639104220427772,1.3230286136319587,1.2441453108684695,0.5944577553639084,2.325455593700299,6.548303689407009,2.342317639775675,3.642286834977268,1.3012431457245082,2.2994385800797974,2.034212794270745,2.488797058829873,8.605976700160138,4.8068430261207205,8.596528804893348,3.5066073002356317,1.128934479447409,0.5286903415483932,11.135917138467597,5.6311985452738,4.802413637423442,1.233739105591718,0.8077779651606145,5.044895035665191,2.578647242031446,1.637077014518487,3.4243731901564964,16.04233813038495,1.2880537331481043,0.32842721285644993,1.970845062360588,1.9258536220983367,3.0484409978689375,1.467952937756441,2.1084906755447523,2.604518677024693,2.913395243751633,1.8041895069922786,4.288449084386821,1.8924434047958925,1.5755392898959395,5.171074356921965,2.6131132843937133,5.176448294222454,7.365810795434285,1.2726918914154473,4.07686016536715,9.518566403770793,2.2012117424656052,1.126716521788393,2.0431516661049156,4.795895212253754,1.0778924104967327,0.4166334448086779,0.44984073065061037,1.1162352146241648,1.1564132805379304,0.7496243556015263,1.5337210648145336,1.5298606197126103,1.130521052027788,0.6722541098152879,12.543997390584545,5.7634945122836,1.2740803052488916,2.399421869623742,0.8235120871426145,0.38357325821701554,2.385285431515651,7.487605626198114,4.37510077127882,1.340641038854999,2.1301288614361784,9.537075665206567,6.4298289725971385,1.271079845412927,9.38801644194344,0.5305689939781816,3.0875092324750475,0.6873698973810916,1.8386042588763347,2.8583505348289338,4.526363131873836,2.814998260111239,2.6621815814525904,8.9688442040262,0.9029751189450868,0.9176400027348439,0.8706390955125831,1.3060164807745667,2.4630695436594596,1.2675486787058183,2.4060339761053036,3.7781602532598355,4.630661784819326,4.5513335221279645,3.1076409963842533,5.992762166431414,0.31165235493984256,0.6068910098496894,8.523111858311717,3.033866144271332,9.163830642656833,3.9154221845495107,8.31018804849151,8.59495025573884,0.7694289426415069,3.9385363780645575,1.216479098401439,3.2941093747076517,4.905089680560076,3.4985462718712115,2.1795943786606875,2.599956492040085,1.5696445815470206,0.3516873312499138,3.145581082680423,9.791044480957153,7.4512069455776935,1.47053042581184,1.716102950678918,1.840480040308359,0.38201502612508664,4.522974211964492,1.3903010395842708,2.2897203821792544,1.4962532510763167,1.5306354607858983,2.224279897870489,0.8887330150813237,3.863247608184221,3.7510401357085894,2.0530630716818554,4.1024489944544245,0.3561718366710007,12.207031604174373,1.0998089845246724,3.4532972469045777,1.5393301604901601,6.67508394405007,0.48684814632162343,1.9071188515719562,2.4834473524326035,3.4779564321763723,1.4735510622744226,1.4450121485050313,1.8433516821850766,5.051441075739559,1.5332685695908626,3.52332673568212,0.4511854861163195,1.3647512896037677,3.190388384811635,3.7546739613258002,10.399466361088804,2.611084444491098,0.8429298642714831,5.702196763817701,3.7795386532979913,3.3866893932012894,1.4344119542728857,4.093667308514848,1.2525777159964253,3.2639573945163862,9.173346416639356,2.244370876482302,6.615538224801465,1.0176390348201931,0.7210511343773174,4.5060401822477765,2.436982250393861,3.0247580356603865,3.4841159610120496,1.8793595609554936,8.056184459603234,0.5135842162455345,2.074366293216828,2.318183488476697,6.9661525643466735,2.8137466842893506,4.848063572970928,1.5888208034225908,1.599154205868515,1.636290793961092,0.7165541014440815,1.9707849913174322,4.962979906530838,2.197206966121181,1.3307941302268456,1.5687552909505622,0.09578263934027531,2.1918287447990297,2.8175531893445456,2.749548854855906,1.376443120938611,8.854127518450492,5.650595124814116,3.2074398247136506,6.863371856326968,1.8341827326471776,2.7740831854735366,0.5753185733228027,1.092998128208748,1.4414094682121248,0.7799558772227941,4.755592654872608,2.3135612474779705,3.138837783282125,1.5622736446574428,1.1115105932709413,1.5815372177787124,3.080248073568213,2.7320563673427514,4.29646482515888,1.9754859083079352,3.939416215795133,2.680687378387716,4.169436938605687,1.6524018443533355,1.5842364921531844,4.758662500732374,1.4543838423082045,1.9439907281035216,1.0730498309121135,4.170398521667002,4.404871464717964,1.4432671487085333,2.1413168790446955,6.164612715281329,2.3877482321044283,4.067523544116939,0.5770118050791226,5.5319243601086665,7.5247495612458914,1.4586770375359537,1.0703081791048845,0.9009286413681883,2.7332039211419428,1.5793210458438969,1.460157655197729,0.07985105620159078,3.8163591819825564,1.7367428776424951,1.6750800512676167,3.7067762025021183,2.5023658020250834,2.0310589517794497,1.8868805099669441,1.9153482871582364,2.4560195839306598,3.359305025397418,2.5390928825970493,3.4268399709359487,3.476524279396057,2.1999374211053344,2.2843651909025744,0.7608617245806995,1.0208209457361062,2.6670937181683145,1.4513265392248127,1.5808853148489292,0.7420107222232877,1.4362820133442464,2.821144111725998,1.9676202056803804,0.3224009413484277,4.712134282692865,1.7150190555188196,1.7464300814852791,0.34766698868342333,2.527873522055695,8.076624036479412,3.932537805522758,2.511700842148955,1.4786909005295472,3.0941574057629855,3.757076588579439,4.6134426264632165,5.772728657392434,0.6249471901417869,4.122113872667308,2.703202186746397,2.6995077215689642,1.061915144179637,3.184025614329685,1.2671168630500258,2.852669687510029,0.08193865590538896,1.8071652071927988,0.1960588169854968,11.767433244658667,2.812753726613078,0.7064420715254252,4.41919982993967,2.037843073233808,3.1194655983200037,8.363210891644849,5.0722670272332895,3.2881041602052252,2.0023204079986647,1.9182581305943194,1.862056616278246,1.7375256140933724,2.7269813985795666,1.385659239356037,0.9474163055427938,0.5037793848446703,2.8826956016129444,2.3019645513778757,1.7446554438639983,3.274886958582241,1.9986886509828303,0.8599097255692847,0.5793982363990393,5.3376003060652835,4.821739515699258,3.0706646344002646,3.8260319617003065,6.5227115613445195,3.404554311230214,1.1059907136704203,1.5310252558218846,3.1878342200289254,3.6224973387684116,1.1563109475511713,3.4538276126954903,6.607232609151495,0.44712779161078403,4.355840413223707,3.253377353239174,9.458088289523053,2.0593797480522817,0.48950205508110856,4.117675967154524,2.3805713869695873,4.764015604757857,3.5819248814331353,0.361450952339884,0.7928176941118835,0.8036048631528149,3.211488908651888,10.034593009128688,3.3763709146472753,1.0914626373234975,0.42203911634685093,2.439630565799727,5.729141836809076,5.307669335247949,4.580518145766021,4.235798677697303,5.846998090271804,0.5798277123440307,2.0209763240787018,3.311624173254255,7.089063975211666,9.395144231950937,3.972344127998423,4.947442754387166,3.098597050121707,2.7524047710103545,1.6900405236343115,2.718954386039089,1.5380281449835702,1.5199965386063279,3.1368573695616333,8.397681976702996,1.9635464788953647,2.280084045111386,0.11311700872503022,0.33263639142864826,1.2515367710106928,1.2138534596144057,6.222131590922433,1.932060971606232,6.376778918134006,1.3543181989078765,1.7752127145409955,0.2967570073584042,1.9832309655161564,2.418418130753557,3.1588251349720267,2.9704102605232445,1.5612503191559628,0.6859942201077238,4.591139098662158,0.344221420337003,1.8804885710987265,1.0925894803815246,4.314599483739083,1.0251362181796515,3.711168922675007,0.5030962609571235,10.160626552691888,2.8092123441098176,0.6331911371879125,0.7843221045884907,1.847355881381643,1.23395860719565,1.924910816098501,1.4871048257091994,4.965291489688603,7.035884411261536,0.7508090913283398,0.7543083216675057,0.3418431507203706,15.145623483983014,1.1720194187411475,3.1033881457442636,3.6727532030180954,5.0620185518320335,3.859428458515668,3.3274318307323716,1.7842286860228143,0.9001967015816049,1.4535103372275253,1.336086052731774,4.275388435777536,6.709959859453646,0.7982571549482971,0.7781443843757829,2.555142579645565,1.2231627902646935,4.375576837482583,2.145412644903699,1.210505097087824,6.1591371970761415,4.354664581003767,1.4759056639082497,3.061487933948058,3.3801689189363398,2.9474230016841214,2.057466583889109,2.004255455608289,3.2180727701253375,0.20450669613419534,3.8547532402917395,0.6872890374522151,5.357445139670614,1.8721514815280158,1.3575450994067868,2.8703351996836655,1.571422019820188,0.9074792382334129,3.96265170575509,1.6704070546683538,0.9054696038641378,0.9094479286064941,3.795527434145351,0.08673091345770112,1.4617513465030947,2.2239428781376587,2.892256220755868,1.9650174545240884,3.9951989239971843,6.123932023562605,2.7593979335447942,1.6295531078704688,2.534930855446929,16.664610413057147,8.922372307861,1.4438276123954699,2.3095577077378175,2.9539362943001137,0.8278275639545694,1.1440032917409713,6.884454342768864,3.1635331719575803,2.661552979694461,1.543348577901287,1.844017720076514,5.230991372759357,1.5505514526241553,1.6485446371469308,1.5392133050094885,0.6718694154338545,2.8481703244216234,3.925291409855094,3.358471186078683,7.756411293383492,5.6545148072701465,0.7887718218651484,2.9198362331540504,2.508534302188647,1.5692354448702974,3.979842224321967,1.6232184914784522,1.60237190588732,0.7310968740624201,1.4634814432296785,0.7261403301243217,12.901287456550545,2.726382972204676,5.798970191048421,2.3148970408494915,1.6363123714069474,6.307403946652296,2.8562614534863617,5.949143301035643,1.5016039260812415,2.1898178111108004,2.1794432391190433,6.56447630969814,9.666802679488246,3.9590284808435205,0.6072591413371933,3.917106785732907,2.097585505340386,1.7020342049173267,2.571203966906124,1.1653185872143315,0.9790375476672051,0.6666153656481923,1.0412360457466396,1.0147770085321073,0.3452227008297155,0.9789607509189947,4.238363037679385,2.7272495808198913,5.101255492004963,2.9695685253489135,3.4813084915534085,0.9190477635603505,2.025829640885746,2.9839890474309896,1.7667760288392302,5.006532106210703,4.902135444699017,4.246842532446544,1.6895220372981739,6.620453491913845,3.6090583556788234,8.279848927514339,0.3177201068137777,2.8759948354262024,4.22181028524201,8.659794732372443,3.6305236012442625,5.776901079741342,1.1966917625393172,5.5229344838458445,2.118704204003056,2.276263645783098,2.0280134220706008,2.698406474635658,5.1584105152206945,5.010690547130137,1.1294145935713453,6.3417198193887225,1.6898831131772853,4.881112468190854,8.955735784953086,1.350882038373846,7.7345317022550075,2.3590218919818717,0.9966212951674611,2.713976106014618,1.8878498642332273,1.8328693563383118,2.7383168483956446,5.3980889595709325,5.864582570802578,2.246075779331739,4.6295033784752535,3.67410783876913,2.050761039227474,2.708875619202749,6.634548175413944,1.1352357619169946,0.4510342662008773,6.3259524030798335,0.6875575539539301,2.308772725870605,1.4197140392057324,1.9779586307709711,1.2540279151571323,1.367792463017319,1.2732584519711123,8.002830828545491,5.645303939201989,0.9599058573939988,1.685275839793303,1.5797389316185446,1.1171830788310937,2.2680122337400803,5.825666801509281,9.333164188574491,0.9870671722724624,3.410470395194133,7.638661690173261,1.0356606563237671,5.6245971973167945,3.8296120526405137,1.5988220065764145,2.5899075696667664,2.4859931881858293,3.203696956331304,4.186397666897556,2.903129139294746,0.12021590897503512,4.521318415005056,12.140665892522676,0.6041639521807713,1.590674647380873,0.892367740292677,0.895776681314324,3.30039604121467,0.7523993762126484,0.35545911854580076,2.4385736853985986,4.50357329132271,1.5082670967892127,1.0103429800200807,0.5183392288079052,1.7928737227333964,2.621428530122814,6.718114212484235,4.250682859909807,6.675451387765955,1.669416112359972,2.6229090250026017,2.407206940643674,1.1998619191997946,6.025746328785224,0.9667686893705978,4.46084932896318,5.651147165968763,1.940144589029745,2.5253739820648784,2.9518246330314732,1.6947303957264053,0.12007285155077152,3.980022811946021,4.54459404960902,1.296953869261357,1.0396069603721632,0.8411519712787846,1.8411748058118986,0.49694655968474505,5.176791392389114,0.7837874004280735,3.3967210610144267,5.994325902334795,2.9264467073204274,2.1441920561391545,1.4711998763190903,1.7758355532785208,7.836098082962547,1.408854982531817,1.1414402359703726,2.2032580187745383,1.0618137860387056,3.955810289699076,5.144179624486438,1.123339784477553,5.907245916578112,3.327259848411551,1.1274912174860137,4.123088522111181,1.3714054994610385,1.3465493887873572,3.4707123831058215,2.1649950689851427,0.5033265798377125,2.6663812709170385,2.1110427153069495,3.960516436218047,11.234850546270696,9.752849014218842,6.342578876883499,2.0260008607078404,4.1388821387851324,4.373985297281463,7.917005038244042,3.31147792653432,2.254800926438647,0.6861714833981392,0.698022394527592,1.5435710406944791,4.690381350857689,6.34142935450919,7.229430240583735,6.693091632429535,1.0100044806301793,4.809395998694903,4.880191573290007,1.339666763610478,1.7764694385765778,1.5489924770555203
"((4, 0), (0, 1))",0.17648517790365337,0.5847494059441432,0.37346412146350705,0.20689947958597066,0.2831289622264821,1.3152115775207278,1.4826671457182545,3.2423476230202994,0.4843634591425663,9.198554109075214,7.04990867012805,1.523201973580267,1.9633795859640415,0.12009256352868936,3.555826741303948,1.6937357488924434,0.6583842843418262,1.0956016661868757,1.8798000362342657,1.0593327440715647,0.22738059709434966,3.914104430434562,0.5039900826423973,0.49785078551302786,0.17889661389274458,2.937821041693944,0.506624434297823,3.654471455939664,3.2805389090143757,0.28192111272253806,0.8428199652822199,1.0170779657900777,1.096062003614524,0.8637933573479084,2.731612816073874,2.1489100952632993,7.403997504522877,0.3781356634483368,0.08037590266018485,0.274152880537867,0.33444553926040044,1.5823146199050373,0.29464002543689216,0.7005436955886502,0.5281736513275099,0.10061772568144756,0.19680931266496682,0.12502516914093187,0.26108659748995944,0.27666029745156884,0.09708923861521956,0.04072513111712239,1.9769155536611687,0.1010212822719525,1.2342035975286536,0.24643043771751239,0.19800319700915647,2.8816700119468366,0.3651732272978747,6.988516797217892,2.3155155164920256,3.695844109165329,0.1771109625170859,0.3628721010345144,2.6600720132352693,0.34120571657155896,0.2705021247117074,0.8631458404969846,0.9686036364090285,0.7380831986005156,2.9971405716867965,3.2780179957078417,3.0140954280221424,3.256567607706279,1.2261047022657108,0.18350173442525453,2.3436204761929313,0.13779918017562376,0.44281848465146645,0.6163277771511337,1.8792155308691525,0.9374286256354466,1.615705462905525,0.26476176767853143,0.4196001307560149,3.10953350596914,0.9684730072450964,1.959305362701936,0.04584393207745929,1.8684113532178372,2.2322958782708375,5.4773570050357465,0.709829929343018,0.06292991579502605,4.258399582647801,1.4337187950886623,2.6309842847142715,0.3666287179587586,0.5598984788277788,1.4048913582709024,1.5643440979505612,1.8987337763811039,0.6061292555130424,0.07573025506695341,6.422890697428009,1.2813386803492253,0.6177267657031873,2.7150488212773083,0.7203567797690686,1.9197516438912632,3.4977211741234444,0.06876255859503155,0.23163334343680697,0.3174151780737,1.438540350557494,0.8732696124264847,0.08001046217741692,4.911032613465734,1.9503524405884753,3.260427098070008,6.477303070993037,5.443553994075547,0.6929815052238666,0.23356176827617658,2.5661161775207253,0.23344022085668237,0.01849955864687347,0.3350515486385879,0.42630579583637995,2.6533813200045833,4.36356357661546,2.575302165171169,0.28660405217891416,0.0428657534049659,0.7394362156270349,1.4083766452944257,0.3577043447209878,0.35000334926373,0.7374452862219083,1.3844790325155025,0.8211338028493784,2.571825590091837,0.06352669403182054,0.40705296100688027,2.982989248781605,0.5472991194075407,2.820674218573929,3.4293365703507854,0.2529098842330013,1.1004615025787834,1.2971665660955138,1.619265548169068,0.13372590114261418,1.3246916664459578,4.683882114786584,4.6448262244974865,0.3321301278848612,1.0961441721083784,0.4258722239114616,0.04921503250582282,0.7426355738659773,0.015879217745327523,0.09876433418416863,0.3274814187074311,2.44334090820787,1.2379861198834403,1.0786434015734883,0.4687699445132719,2.3358476683901284,1.355658167520511,0.20065509955144556,4.494317517965941,1.0536837724598946,0.0534482199235935,1.3462634105140237,1.2498564813831479,0.37613519351784297,0.14555725621788174,0.5480376499993294,4.646873088172227,1.1324625868238036,9.873477067024707,0.45766400008104635,1.5533156155357224,5.820478923300264,2.0189201957447445,0.004090861945404534,2.2671475002727983,1.5660824423434758,0.48544206813307333,7.101721011283745,6.762339032240448,3.072661541183955,0.5248384832495162,1.9758465613048122,2.5485738744681528,0.2541755030084816,1.0059141536469576,1.8730240232457325,4.17200414531333,1.2949011641587667,0.10501655662063802,4.758745039752313,0.39565870237913536,0.13009943302898397,0.3400737193646335,0.9799058934997193,0.08710803389040755,1.0124562221037663,1.3329180431425405,2.1754497508893653,2.6759727915287432,4.821024772599819,5.416378107359916,0.08089268703916153,1.1840904337569391,0.4406662387721201,0.15283280512726005,0.015416956867767562,3.4484827723722282,3.7268738860184345,0.8459792573584064,1.6610089221373538,3.074739372485274,0.9297265452465453,0.9834712361674962,3.95403447155034,3.1786694741102117,0.36438288953349507,0.4415692654134875,0.38173339609836565,2.8211665847892844,2.651783853536897,0.6306937132469579,0.4276918888018124,2.8987576625714797,0.09425045483548011,0.7979118209102598,0.0332197446613649,0.5263362630286226,7.104976955687001,3.399628672980712,1.1990760747045701,0.14008649489967384,0.269011265447916,2.6222335740168807,0.584330327410419,4.100453591456567,4.417671674223957,11.807382965839006,0.5391272571520638,0.5195839133670663,4.095705855798283,1.005155611422992,12.95676146138985,0.24156885620838375,0.09371056211323125,2.019182925030737,1.0592488917069007,1.6581104871298429,7.615985498368686,0.25042372172629257,1.2765909046069215,3.436351950236826,0.6109688741518915,0.9285083444607807,1.3628365780678755,0.2751151746599907,0.3215556551978387,0.25494260779674743,6.013805719588412,4.380388540907952,2.1178905000677495,0.6013922316608094,0.214015210479368,3.716426817040103,2.439542221084843,0.7808430322202975,0.08695374827532643,0.26736478436271227,0.3439513691880114,0.2317205043055699,2.360461383970388,0.5328574027092046,1.4421010196002273,4.561068236426388,2.0326138183373725,0.21977273032114963,0.46454478699200397,0.3596061323379516,1.239912070512863,0.1100640375599724,7.913664550821821,0.01037125504229297,1.3540160337812472,1.3263516312676895,3.704285134530906,2.030628260673128,0.15060205301487772,2.4972830134228667,2.7479567946117145,1.9254000478963098,5.140830407080738,2.05632607619745,5.998683160080276,4.414469874819382,1.497872824735523,9.406084873465469,2.9040102486864443,4.189984486326557,0.12404848241975475,0.3156517113623727,0.5292536630255715,0.5140007550802226,0.45035915202065113,0.09214924912192846,0.6435097520668887,0.08117171544494695,0.36436844714306704,3.412066721004347,3.839453691569689,5.240094044176474,4.223465232906971,2.3229887174082138,4.916318643227824,1.0648973229078482,5.011569426384619,0.3390228740099195,0.08057728167547895,2.229397299579067,2.7983701191375268,2.1776827564530934,1.1408923478468944,6.103792489115536,0.3210988720485265,0.11757697090340391,2.007975252563501,1.2255504967180684,2.2033746048160516,0.41078023376486106,0.05115783638590654,0.03617440922322751,0.006700262118362277,1.548686696161063,0.19889624770523606,1.9833878788363908,6.150834474686339,1.0242850223439774,1.2291995595115455,0.07960782721122506,1.2654921342646461,5.508995125219551,1.748245914081045,1.071699142663612,0.052435799687534645,0.472067574918697,3.478242595941714,0.46343426234265905,2.58291694513117,3.0278140986512723,1.7849221014675798,0.13430675724925356,0.08319859979735034,0.3048402618017999,4.306385500886485,0.160196516219127,0.05829312828195832,0.3531017080509051,0.1538318831080152,0.08295346919092328,1.0535387041993718,0.3177404342806831,3.126382661680332,0.36853741007429763,4.243548742031331,6.4280456841912414,1.861214612505069,2.1441415287253855,1.893814951855558,1.3931354825379385,0.8730298811086477,14.732787564416519,3.005374107910331,3.9753546314141293,1.2236528383905982,2.28073142559163,0.07454764056345864,1.560866491648052,0.43342849023719543,3.639578312911305,0.0038657060468287874,0.7328483270853214,2.3984301892277546,0.4011081501271567,5.922366414031277,1.0952991636766165,0.42089345175832904,0.05880802710341981,8.462190711747743,2.3964002159851483,0.20245360198376616,1.0785208553844412,0.3863135531267954,0.6592635623642391,0.9522619723566385,6.148156365816997,0.5219949050381683,3.1786613656787903,0.8258355723346875,4.339507899467044,0.9791374257751637,4.029617656518763,4.680608040115771,1.685660074764603,0.1169436706069028,5.221814851250128,1.5441554755851312,1.919153808320377,5.006505553338042,0.5668303390379497,0.07484971966727161,2.621358047908328,1.087719703330484,0.9733243906572526,2.0969956600008652,0.08943219380689826,0.5111974176092131,0.11579133988156398,0.8001153249802175,3.7959484602353295,2.7614990039570824,3.333742270556537,1.5439896989220645,0.07425315798837095,7.1132956428630765,0.6708660505450776,0.6179235355680828,1.051993049271228,1.3684255967433034,0.6065335904939393,0.7467255852749768,0.3445345608871448,6.83842653293357,5.542500990234379,4.4544507330965875,0.13194444972625963,0.5859269390344052,0.28675715229658616,8.596811220208949,0.09089547046407764,0.8149469442111772,0.44255589319676236,4.042629542795781,2.0351929467374044,4.506308571953443,0.746152083103766,0.746789145134956,3.2544789551880813,0.11353026302356994,2.146382087435428,1.1725196941945848,4.7588070672722145,4.605657909736598,0.4224346799586849,3.304929435389437,3.2618551547983454,8.546670621933286,1.5564449126570685,7.999954741064556,0.31425443352058524,0.9922666602463974,2.7441769825601448,0.9368490789205175,3.6740872974111562,0.3364181086710061,7.059274696702927,3.9309434874727236,3.183653237028775,3.297168989892873,0.4016254787811325,5.038148426661638,2.2394367576915006,3.3034534982508115,0.4529318681483696,0.9125311335130699,1.3414597574732428,5.675535332138315,4.944646460826206,0.244692528589741,0.21765472874410374,2.8830519643320227,0.11155503695384539,0.9584170956254798,0.021004659376421042,7.710109923012448,4.106449064185534,3.198836183383267,2.145996375975315,2.582785577162839,1.4087405797979105,4.220489536063563,2.6434947596697755,1.159129947128301,8.698957838262249,0.02713281465065398,0.23666119219888948,2.702944426911367,1.04087672966884,2.9157900122838565,0.3366232809933063,0.14673145088895456,1.04700941000955,2.0379886306936745,0.32570933550702597,0.3480023134062016,1.4701189761665345,1.7360057447359067,6.492176400421543,0.30711770154280726,7.871411315664407,1.0036375568610534,0.43358588056546865,0.010833469378089267,1.842638057669666,1.2822258058152725,0.7538494107338747,0.1294198571117824,2.17557129517201,0.28435021585077935,3.0811340895228945,9.399718914515631e-05,0.32047085550398346,0.17228447753459364,4.954520173691087,0.7920710845484082,2.9087057762756614,0.0891756508648549,1.4554102238551243,0.5399412097066891,0.029494583462119528,1.3624619426712317,1.1918756148256548,5.080416986893923,0.15981866817917267,0.5292036873224251,6.841145885392481,0.3996665437289737,1.0577341877215725,1.1034103932006882,0.1769733271256988,0.7465017027398486,1.554513673913792,0.8125117638603405,0.2568306118008479,0.18206843921593086,0.9607007863540997,1.0300568153002518,0.43409218213564693,2.266336305955357,5.792540361803576,2.3015200253839683,0.35163174130958286,0.17372069670558932,0.35358899354241924,0.15503464065904837,0.3778124658730928,1.530703968582543,4.453797835839272,0.22784582303454992,3.389610074332597,0.7849861024784639,0.2759570491215073,0.09597077814894017,0.06512799619713083,1.8514774686113695,6.705124905081096,1.205128913852199,2.3332902412991006,0.30500017515733724,4.171902001857643,0.27403324160884224,2.1638950645696475,6.741352983432717,0.7184519415028701,0.2942245185352128,2.337109467198415,0.8055124832120639,1.7363817797002485,3.193955606028344,0.7286362336839938,3.0569275771161144,0.4691970932420464,0.42998547319546265,3.2524500604380733,1.7642517536484332,16.01774332254181,1.5997363921722103,0.208915254230563,1.3806199866382727,0.40193180190197997,5.521483601945473,1.789103238535799,5.651714904167948,0.7394023617771285,0.6338544671849777,2.368008705789692,1.18239291784703,1.7628769837718825,0.07869315285788181,0.6714621251054589,0.4604671655002397,0.7080395034688014,2.202772554027323,1.1818003063028648,0.08447361140326048,3.4130266668884004,0.02826249038990203,3.8673023952639856,0.5302368661727139,2.5025221248173604,3.1654131176856035,1.2111977847254725,0.19276846494447808,0.914564252357815,0.17566578559513712,1.7670279841172984,0.3444344617437274,3.717866916245558,1.4996913505124023,2.5793486766779794,0.1110801978467193,1.1560837833256459,0.831618827901732,0.20159598130494993,1.2883613812710495,0.3931176091205,0.6373167961497659,0.15149076996674005,0.8578239002251578,0.5325232351708693,0.17556923141105085,2.3316373430011383,2.3485271741911404,0.33439439208056365,0.6225714943741667,0.9940380762468592,0.7693737466844681,0.9979759251432165,5.763722377709437,5.171565699746918,0.7415169045499512,0.09622387654281894,0.08509422611916162,1.7998444631736668,0.2598137055144254,0.2925979048462637,0.14388216091936412,0.10981649444613861,3.7165046290315606,3.6406918773013026,0.8419007141768854,0.22937662171329098,1.8510850116328257,0.1392831578138527,0.5480429847037267,4.818757163064722,7.541129094198608,0.29389462765001717,1.2933814165895032,0.5168876900983654,1.7575966047706455,7.003629088467946,6.095928312351758,0.7173483036505544,0.6736895892535761,1.4559877282943656,4.861231193564079,4.505294414371571,0.6558969129832968,1.2790359719836952,1.0342359551217681,1.1273340499707953,0.5051379118261992,0.8860170319730769,0.11797036023301377,2.325860054363298,0.3365539080971609,0.8391991534280481,4.448409810125165,0.5148482034080173,0.6122608473275704,0.02556561105603583,0.1873310421412171,6.3111928665606225,0.6885997891435436,0.2977433800302206,0.7067127988130226,1.536353071989637,1.4484252549487173,0.17609324501475632,0.3875484567090619,0.006929163023267737,1.6894597744812718,0.8671365808741744,12.018576926221538,3.237347737622792,1.2966247240892037,0.22363195268452007,1.1103134321529629,2.146550285671987,0.2228488112126783,0.5315278006352058,0.6800060871968685,2.218205061798658,0.5171565027245997,0.529662116421709,3.4876913399139116,0.39061031755678066,0.522215548657206,0.6060685721742471,4.443576077577899,0.0912270883032309,1.9036648303840862,0.020560360500371022,0.9806932746765264,1.810422464202001,0.19048179974367208,0.7499393880823266,0.07283128563362595,0.4714109876875785,2.1041899946650195,6.158350387660445,0.40429941797689994,3.1113548233847115,0.1728767394966546,0.75935863131703,0.7862646472142386,0.7840861612797445,0.7209714904335014,2.5560382573077813,2.8672565467130706,1.499330054268445,1.872406884987741,0.48374478039784874,0.921611979029046,1.3616498568167739,0.9353271177327045,6.820819899011603,0.42351010782457044,3.709679280567959,0.3847997333898965,0.25269507891630916,1.5603492617593298,4.3094133836268265,0.7464404747352624,0.22401352769124117,2.7456491381474533,0.0045351130624644576,1.9639111318498883,0.05244425677551856,0.9872795047368488,0.0847498083084357,1.0809231489797548,2.6851929617210653,0.3415109645622314,0.2355900000870479,1.122064393778364,1.1070746973575183,0.37116685510878256,3.1369851962494724,3.2986774514869444,0.8070832980889855,0.28503746962455967,0.5648050315833038,1.5158772935405302,2.057105124212905,0.42845885221182844,0.3400070427506575,5.018601934207381,1.056783388427231,3.9529495265163606,0.21921749433117643,1.0890033692749341,1.2532939278783815,1.4125281699754548,6.021144914940788,2.3198163895977713,0.19307908515611905,1.0752322595051285,0.3061882324467591,7.369381783326996,0.15722665376660516,4.9935470547046465,0.1655848108432334,1.0015803727513468,4.989521829334617,3.0578892551156267,0.23771128416516718,0.0040304071446357614,2.2739851106620783,0.2559908422363444,1.041167630568234,0.8817245838399055,0.7959841605567071,1.8885977462575854,0.2204749202170544,1.1904561191686662,1.829405924540623,0.6991635445164031,0.4624849549942853,1.2629071963936842,1.1134546551726638,0.43976693864601746,1.940537308044826,0.03872781660732194,7.460085375324507,0.6293549251327065,1.2697852710871054,4.338078488154641,3.1990848505271714,0.31646325452306434,0.4185227841246624,0.44083762476654886,0.05599832745672639,3.63573978668974,0.7304598798825199,2.4003683984798028,1.3368949699527075,4.619241825298315,0.4961834746473339,1.3182029045776915,3.2437757626408663,0.060578123545397045,0.37349557493387975,4.018714982803983,0.1793431486166126,1.3656326818348674,0.6646363612492254,0.20877519727494775,5.13239272515177,7.645257880031343,3.7182560516315672,1.6246356446939956,1.1444753137758226,1.0089795086836728,0.1768858789312464,0.7678709027775268,0.3733241470287645,0.1447828704194256,2.2448252023002406,0.37271765219292785,1.9591843439377525,4.203790549113307,0.0032655427609298293,2.7428556693012665,0.5193792320270645,0.41714737169543836,0.7336225826462823,1.68644506098066,0.4797570940668049,0.8422635888524912,0.18154061278966394,0.8020270813676962,3.8519392961404337,2.031805201446841,1.738705978670923,0.5516588010342951,0.4218097496679549,0.8098752452164759,2.479198324082531,1.078258183350144,0.14426666612205707,0.7209832974208739,1.7953336697218543,2.0756267131454047,0.7174702362025864,0.11985151314155473,0.209682921885179,3.872817204028756,0.7153455773801998,9.649618191228338,0.8273363145787465,2.362882150517507,3.4805937092616643,3.6771222804937365,1.1460509085780437,0.35707681261825686,2.2929160410356713,0.6636232844843513,0.6436100058122756,1.3787405741670167,0.19764501061070616,0.3646612516507841,2.397291541404729,0.6218402339531326,0.9170800566564025,1.5252731340118766,0.3045903291376175,1.4496710323463686,5.595967233901387,0.16031047039763813,0.2043846273028307,0.3753397151908717,0.9594151747871368,0.24140632008497942,3.2253785648523037,3.0876646808939157,0.29478037103806276,1.0172354796935559,0.8500761683765523,2.1916238862249537,0.22547986391093788,0.09475514802697749,0.0316062645580073,2.6512210383472072,4.328754325213948,3.019928400756113,1.1468588504754527,0.38024550592446893,1.6587517127275488,6.194961309632653,6.073311358664491,0.008753061074544544,0.46014333419174974,0.10220667973271613,0.17894848912105443,1.064230881180618,0.11293359498976585,1.4856262437761245,3.3872525749356805,0.009076695781350175,0.009659922848284097,1.4046147394306123,0.9012491638193634,3.178666135640389,0.013604957316008193,0.41241245267877513,2.7480873504677823,0.5540807133908385,0.40632308596609923,0.6115772391284731,2.17125935717047,2.9268005452925867,2.321060964971537,0.16243014230650132,2.9970438810871003,2.4254282804527167,8.060005788277923,0.4513898617196219,1.0702674483383805,0.27131837730832387,2.4175173985384095,1.5357365023016263,0.1882163796216425,5.824425789117602,5.541857675172476,7.966638547897507,0.6911885692124478,1.069624637062636,1.3123472766350566,0.12145972579351727,0.9745865715420922,2.478514865161784,0.3377523625293217,1.9798716730363064,2.498210751189765,0.191795323635505,12.800611846243385,2.1929171198486044,0.3146034990580131,0.27718855407488874,0.22555173012727425,3.052964907190058,0.22860009169750461,0.45231441536488015,0.4939764045281583,0.009955096721055545,5.84983817808914,5.912168967038568,2.276876355390545,0.45653220856246834,2.2643536064821186,3.0115919637240296,0.30870218630949975,3.618342860309951,0.6370570614076776,1.0264158843535642,5.470864420770653,0.9415796362274034,0.14060235429622148,0.11983473683010915,0.7175029641173674,1.1241461498380403,1.0698118420092877,0.21756942330439566,0.4512575635779963,0.24460875003222826,1.2110474057279825,11.056787379730581,2.3351761485892544,3.10873774879095,1.9773995593357947,1.7402756463032178,3.4687599855424196,0.6093918524564685,4.990572818236492,0.22653516578703525,0.4700261469128062,1.7670753943181197,0.8843214842627454,1.796692720773342,0.7992932054136515,4.454899505968493,0.8857060489513953,0.007321750592510945,0.17204847852790905,1.3751306712356808,12.515897945033798,0.2423698800962515,1.2832451826968625,2.6497265173321445,0.07581522350133096,0.07711644984766153,6.00765641122505,0.6765010218299077,2.0964356229072214,0.8469711398972462,2.0332522180872576,0.15919704096451515,7.470302615655897,0.14861934010273958,0.3288137842487826,0.24374016042988256,0.3268307395173292,1.129029484625475,2.8787414316608437,0.32863359723716457,4.371267656241539,1.0750273041586023,2.591178865033979,4.882788782380599,0.05440449434164063,0.38564702619168434,0.14499650351294524,1.79759499300763,0.1426201715788329,0.07135500103960601,1.7982709069837561,3.111383983220716,3.030675095344627,0.055153193328858485,2.88583552444823,3.557465817350709,1.0654473583135116,0.7454971275182863,0.0219346743858595,0.5501723544016395,0.7180555487043704,0.025439466379000297,2.943416831323212,6.723721185840779,2.911578036390286,5.903921275133703,2.4767647843328695,4.278962284544495,2.92916288041699,0.36875607303020086,1.3858554082660461,1.9465746982239918,4.283658905991492,2.174630982122105,1.007628937501774,1.1695662052241347,3.056655731086435,4.091068166255136,0.2495871858193106,4.606176578007419,0.14567625379881677,3.0189377119792815,5.389749426107688,0.1735929355392205,0.2475926600789311,10.37910712286867,6.275596382936782,3.010093896405078,0.5627912747700674,3.982305904101322,0.043545402076772044,3.391541623264567,4.125945773533538,1.1830956748132957,2.193017219587534,1.6749276223428193,0.1620522327186129,0.14243855116662552,1.035953355934491,4.0179907141280315,4.223158351064622,0.1693130759438216,0.6210037810958409,0.5660625267735379,1.2125013303263852,0.0464701420542708,0.19283723986605983,1.4180223015855002,0.023100660763052616,0.5625689003555081,0.0847370115535675,4.618791174487405,2.9754961297968947,0.09670422397710965,4.213235181809231,4.939256119336592,2.367924762671424,0.43811835828370493,1.986796970183792,3.835777263347312,5.9060132549587925,0.11242400121815788,2.617731778813173,0.6068908235612289,0.046000710326973504,0.022276489296511714,0.018690888192097077,0.06814254557511301,1.5710440146286957,3.354856612223612,3.243262045797452,0.2823385293908538,0.027685427839077015,3.0207548350247664,3.6521461064560397,1.5016165621367716,1.272780288193938,6.2326925267612285,3.8040461485133057,1.7534670796451248,0.1036626775396039,0.5247508106826058,2.1702371713677424,0.8181548783109027,2.497416581255547,2.144340485727008,0.14950540658650446,1.3388163305739678,1.1485200789978864,0.6177780008638953,2.411128523629619,2.2496089907654944,1.7401181827857277,1.6225758559224888,0.41813238996136604,1.8642181242170306,10.811092102435007,1.6806549591543134,0.9095027883745124,3.6993947211322706,0.9862493217957509,1.2914274190284827,0.017167930356773775,1.50378712732537,0.42050921592908397,0.1557531470650657,1.5766531438699372,1.553344007367365,0.9269909666025122,0.10217496427969275,0.42958723667886956,6.9033524475742345,0.31831772876395553,1.56202621783267,6.034878772738046,0.10088290400145816,4.021500735804196,0.4194876924409199,1.3485754885094186,4.0415857014696694,0.3775745797054513,0.6082130545676243,0.4288921113172991,0.569653721686684,3.3681945496427117,0.01833137228597881,5.7564614542604495,0.4351335782909991,0.644144105681691,2.7504788142403185,2.291150026992521,1.1511804762472098,1.005709730015266,0.8081188703381865,0.306437157416827,6.743103212484601,0.5472633587722244,2.4838743335990934,2.2626837708751495,1.1223092413665428,0.0490890103882653,0.6598676427347596,0.5736824961360014,0.27959575098767486,0.8149893729936346,7.8423069259548015,0.1597881818312108,0.6126617608382516,0.06545287896364749,0.10167663768611535,1.5254153791939955,2.1148423559276064,3.704737167789872,2.416375158981248,1.9466195015435073,1.7539229220399593,11.472792470807821,1.7355497751322746,1.3739190800047698,5.291968284421734,1.0075470035258172,3.393858858447617,0.23262814166754087,1.8783314336865156,0.926747491284037,5.6305812035111735,4.072048470464505,0.3154884769158688,4.415221930661773,1.3840064841169841,0.029657433102523445,0.20615073996492028,0.33421055134762967,5.563764520862654,1.1822464497211955,2.7675302027032056,2.316574349791555,0.3500250175589015,0.07882264080450563,0.5940609060077833,0.3972826808665384,2.64457051461989,0.19103351490632559,0.18650883009730856,8.618212044892696,4.5969917137130265,4.504925049536508,0.1850416049599296,0.07932235204277349,1.3822455416102117,0.37611174932538416,0.5868092939638059,3.5920700301843675,0.21664018045832245,2.149203736967193,0.14146161394415224,0.8106644717339428,5.6878572445228395,0.7139606131389638,6.029295995052012,0.1845201394306486,3.4374811242701835,1.966621636255022,0.5464124332929221,0.08662310781540672,0.2797123280980891,1.1957829265169262,1.5188776410229539,5.862823517500946,13.543609988710633,0.30410332440284904,3.3768620191044914,0.46078367300627177,0.4551628822722899,0.16151676012729732,6.986034551335683,5.9305504137755936,0.0285769035283161,1.5916620865006692,0.7918588501602113,0.6761369367374166,0.29203518091126024,0.2482972690250036,0.3599746744139338,6.77717323903067,0.20321595478339294,4.043723120397348,0.4280181065519102,0.03840800241994624,1.451417372539531,0.20741464577411817,3.5980934416495387,6.809422788597667,0.12181610128157261,0.6864083813307955,1.9631405412172054,8.68205384366151,1.0170353856216345,0.27048389386774785,0.017458240835198424,6.2752258401674545,3.4768020267504034,4.222397417640069,1.9271780366775957,1.2098583645707468,1.8181510607094105,6.911568981734668,0.1236704980683625,0.02353013647821678,1.3892607234304721,2.4623079664197176,0.2591486959703492,4.020708834928682,3.6332893454798856,0.9518017724036705,0.05337547223832417,0.9751206250753821,0.06283413282278483,5.837758708098346,0.12467081318395623,0.8480099646012293,1.787362689538739,6.777206811748733,0.6655679383803552,3.1881454313646636,5.454594561983527,5.397337306630814,4.453241604938089,0.015337223135423184,5.136733227833062,1.5190849456587037,1.3802337754634184,0.6365430509856456,0.5468734791747756,0.3043686547163169,0.34886792816542944,0.5352068635950245,1.3696723628555498,0.08977276358849196,0.2996863748515548,0.0499322002472824,5.8013331166466156,0.2569957487365032,1.297644921016617,3.322848833839224,1.483870112123082,2.3243733058023803,2.3671661154153316,2.1506836875325632,1.8576571714473111,0.6663794978405875,1.9845943491835272,2.6255662580960797,4.4075270385798095,0.1326376638168374,0.8764570591601348,2.88584878787095,1.2125395599291435,0.1224202231368905,2.954954224276549,13.393329110778636,0.003873633479984484,1.0891797200243065,0.9141322254125153,5.0760171698888445,1.5374537341082535,1.5004139375919694,3.8392373565722253,4.3912629971247785,0.01748584941212128,4.795202036931789,1.9050167109424787,0.3263617596197763,0.8392711761426295,1.3693007261350345,12.82799415882145,0.5574032447213173,4.0378349519296695,10.670078550537365,0.25116455519850667,2.828359736026014,0.24202733413877858,0.0831266073831336,0.21071293324715878,3.7133778196008795,0.28083430666954645,4.065027532696936,0.5260779658236001,1.1504031056976807,1.6048754749065246,3.8701666587526686,2.0682968471168155,2.4371633931530416,0.036528252976677944,4.018365401907264,3.351738520744035,0.889382957243742,0.9476215637921339,0.018052641313774043,0.09496373783773016,3.9265366451100503,1.4064756062809873,2.1670095344893827,0.31877093200702755,0.084699739896549,0.4793208800483937,0.43519562201463524,3.5480344430391457,0.23747406623022327,0.4028744533087556,3.232852041999575,1.1760096713628068,0.046166281205903936,3.1951502607011877,3.664254893407963,3.5341830020691285,0.4759921551575188,2.3314315885699575,5.334693882202958,0.3989287749851025,1.2368769913222337,1.5910654248847411,0.46520863049755534,1.0881450881467245,0.02354431042965821,1.9694874869860284,3.6348963603726823,2.7317408480856393,1.0559215921798293,0.06817617617268801,0.4986308248284025,1.1033194398269703,8.258084238030149,2.176708887510906,0.020340261529405934,0.2539842479725003,1.0646574640325344,1.6643450221957985,2.6811271539787467,0.12155591425769408,0.10020717618893937,0.8097105917295906,5.099487261541352,3.7118840834200943,1.208848519476864,0.41716065653150025,0.6851280574292875,2.9482370487972522,1.6191448467280751,0.8527343922618731,3.9327989920126587,2.124506542824718,1.4092193011493173,0.15047414214676547,0.04390316949712236,0.25444534602751334,0.14188842149224112,0.04221466185752987,0.5195015248312894,0.483712919642167,1.5835417982236681,1.911343632268268,0.04970612978853839,8.811534644454508,2.416097354455126,0.7004742779123531,0.4088730898759687,6.794355839495642,8.136287964122412,1.976976752892654,0.41467381884477383,3.6064536240224196,0.5124413408897504,0.010061978060734722,4.96526063933182,3.1535017576525455,1.3612623280882556,0.8053273545785844,0.5741616029932658,6.442700994059943,3.3000108011056186,0.4770597650696864,0.34973540301104533,1.0521702232055217,2.802225847397526,0.18300254155388052,3.7724505728943267,7.25520560631511,1.511216993001009,3.2684744188983097,1.542976191008112,3.7386501257367546,0.7546378802303693,0.7136110861166851,0.22803671759815147,2.7867663392747124,1.0320800403053658,0.007195215722326509,7.348083661846378,1.9512359067267147,1.703435667769842,0.46941749539006294,0.5546396493333938,12.34048993367671,1.644009054208437,0.05202146455792089,3.7613363085228326,3.5153761564336903,0.9473922993170221,0.9960726402415596,1.1584679203388557,10.17753334577495,4.561426030323934,0.04223421663841975,0.24855804264295212,0.05093093320558495,0.3487117077660382,0.6605890295731607,1.746890996763788,6.779167977901006,0.936402927170958,0.6124850194724456,1.4552438516835213,0.056465919757341054,4.953719617547041,0.19638394043014912,0.15193345861883634,0.1441084102848066,3.387037494758199,4.971011096196268,0.09507768846324849,0.01759679440915196,0.20354850022809967,6.709311498250531,2.2617604512694136,0.541545389623032,0.053660459302946495,0.15888919000038415,1.030087532166093,6.015307548567459,12.898129323418631,0.22707665816354639,1.0978585563069627,1.6214064927202887,0.09886922091417727,1.7081897884438129,4.602277902609069,0.15332503036771605,3.626045572740497,5.714613520005791,1.5344944090010495,4.624564777730482,2.519975591987628,4.240766131716155,2.753429883670684,1.2448278588700132,0.22221695085781046,0.03051029261904059,2.10277155339824,0.6854993016948567,7.931998469939136,0.2264941035901129,0.08788894335687303,3.245420603873426,0.16224261670167095,1.27664058368972,0.23324990204860807,3.3303824917854605,2.357804904706899,0.5951097141917492,2.9400764373675083,0.18898247478353403,14.500769008941418,3.19903745499886,1.9290641291619237,2.016960947293728,1.4703523615383176,0.8355639169146865,1.3468574150892647,0.29336833833537,0.26301696501335314,10.01103623401307,2.9584502828907535,1.7509707935757808,3.2385899950397654,8.738083655487412,11.083833261567,1.197982459917232,10.464190528938458,3.1801569665325844,2.1574288951413396,0.087313617878711,2.626006954103707,0.003374527709451236,1.821938310923625,0.1313309331732917,4.705585451002835,0.10721771428310412,4.681712071657312,0.6401440945382308,1.9124092214101949,0.6822844253747637,1.8988177153729766,1.5407714338999225,1.3002139016524663,0.19314667596341106,0.4166670223332529,0.1196929263718931,2.7393386988780053,0.7562073970186081,4.238621594180054,0.15096720865580648,9.853554505183737,1.186567264669908,5.723782878532769,2.645785257663124,9.762934312485973,0.5428622014923454,1.3706233262305858,3.7805911614859085,0.6016588555061428,3.251211376562668,1.0942824209917204,1.0240935869306607,0.8700027131892396,4.663995146600801,1.4126775987339184,2.7235223336336754,3.9731552158312677,0.07383120510500762,0.5706134827929725,15.684821534129117,2.2746092184188313,2.031615387826138,5.23295044891343,0.6092709044752054,0.09966587821241935,3.997493733567422,4.8178753706931765,0.23112696434016256,0.5555373571381361,0.889746273654715,0.21556381912332134,7.219003209986745,0.017321989476861255,2.727582096836745,0.5323040826369376,4.625670441965494,0.05688575707591337,5.5379415140568184,0.009194101309947023,2.605163412153286,0.9312229758959631,0.310333817725585,1.1864491342422383,0.3445827620841473,0.04526889803970113,1.2063535765780866,2.500388101295709,1.5336057104962473,0.5869021704900641,1.313133106055829,0.22725943612245447,0.013615553744658726,4.739618277601661,0.5306369781945393,2.8306363866787523,0.6971920670552397,1.574467758565408,0.3207155592892237,1.272240743180756,0.8988935255121449,0.877229388338395,15.02334545491379,0.7981870746489876,2.1570113381573033,1.1661242369623985,0.1277132793414122,0.11506349237387736,4.511397690700959,4.472229825581634,1.6432123427979741,5.087059460576852,0.6596555370117385,3.6514169697372125,0.44832957181505373,4.3864372525479,0.06493914115269839,1.5500972539681621,1.917137310793975,2.5157212852122335,1.017044297672817,0.8755175411250877,0.3595747366900657,8.811068506038044,10.556906704552517,1.972250305050727,0.6380822588973922,1.5503314354654851,0.7709157442259857,2.571572126501799,2.493466619284073,1.6664724326972091,0.7850096311165584,0.02932069531696868,1.019311997277402,0.17118711546155785,0.779619955508748,1.3988962965402603,3.5720274430387695,4.579669238126744,1.5942559323469139,2.739040853316676,0.1568347642645198,2.5524576510226966,1.3581047876524186,2.8202496749312598,4.477842225134004,2.448651302588046,0.15396100994068163,4.886535515010392,0.6255052872434006,3.900458114805774,2.3867581896363435,0.5397144667826113,6.2940147438133005,1.611945126538847,0.27638928947448527,0.05612244882734996,10.314427427447775,4.064716778086623,1.5046363361315755,0.23315799548086047,0.29122191644755535,1.61744356434841,0.1560665713599132,1.566602288240205,7.803367405987019,1.4967041757319652,0.40330581495276374,6.3381722484114835,0.1698869963766647,2.307549517447125,9.475232231006837,9.241777741279144,0.44923883741420934,0.8146473261782057,0.08583466601901435,2.135119990815614,1.196455808054317,3.8593862184097154,1.2815482754918497,0.0014118204962625391,5.425068316472831,9.84260993377814,0.053223859970319864,1.8359017489228076,0.31113993351056557,4.765240996317706,0.1875358737363051,0.7922361882706142,2.2403577112296826,1.6208649481507278,5.470684499788711,0.48835713586314045,0.43015287256054346,3.5019794465050795,0.07848213320136,0.3791634695869903,1.5263744974554854,0.07182299932132086,3.8893770218073014,0.5280337217813791,1.0657454859695144,0.56549205359156,0.2354669009430227,0.8861198965031654,0.3002299967542248,1.746953925850991,0.284538580541577,1.1085801902302195,5.950255915703672,2.698061020184163,0.48235524623142245,2.4223599603671255,2.183623654727316,0.8105975829412548,0.08173803466705598,1.4714309933467824,1.333465885318599,0.13383097984009673,0.21017118982790528,2.2608572463158243,1.2724434729880523,1.0096907681136613,0.584681316972488,5.6630044991519854,3.5316131779869346,1.0836070813464975,5.929030309617481,0.47785372888763655,0.26463104705785456,0.005625175349327272,0.4119602304998389,1.2071379658157562,0.7017895436268122,0.06558643818923393,2.4639226200587605,0.4077248584744988,1.0014765859029726,7.1844201382158,7.738716526947386,2.007247394440097,0.8349600606020867,0.024894323799462548,1.191358685273912,1.980193693048911,1.9905633905506512,10.643620940273344,0.6205964816744882,0.1316620100574839,1.858274543104558,0.48360259670842276,3.100418581570864,8.680799301963425,0.46634896910285417,0.21954209983292583,0.8843450643890745,0.35342450156543137,0.12400737035263365,1.5588440004217476,0.10920274579019718,0.01913787344032869,0.9244069335146776,3.3467849943885257,0.7553941575451741,1.5010169957076291,1.5182766123914728,0.6120429624967196,1.038857047000362,0.10668987377334993,4.158251245824288,0.9333743393998502,0.6930416455004892,1.2262244071170734,2.874481574115093,2.934839190559781,0.1979006089918265,0.4383361634155203,2.313185655369142,6.51553438463446,7.047442937171414,1.5810241351386165,0.025809484694390372,4.799008825201778,4.889516124027051,0.5846926060693871,0.13767969557300952,5.603989065468175,0.7710070836849447,0.011976034271632852,0.8024005225981772,4.765462129869346,0.4902992597039135,0.956635668281173,0.12381998199271371,0.1837763887815247,7.2620162403511435,1.0309438695001052,1.0335047222437892,8.059175428148714,0.57391198635217,7.29877744639507,0.07148119685040655,0.3196528683810296,5.5599665509009775,0.48112416696516136,0.08017515297150024,0.09958476055298804,0.03276268338516797,0.661899912553759,1.0846317528816498,7.019603110545438,0.3705921686366418,6.937156480814562,0.4007491037560367,1.9104425750730292,0.06434582151021584,0.27548442209617297,3.213969666942234,3.5508357390886918,0.13038448073198627,3.138051666708444,0.056706956289343635,5.788750924968556,0.3613358366214263,0.026279528052484125,0.2977776894272681,0.1228924064386474,0.22626687890820296,1.5821286010692557,0.32224281629251794,0.7754399243397145,0.25308692043707237,0.043156552115178215,0.38743036062737013,1.3974625633214173,1.2251923248917223,5.95177933559601,1.7876759665031225,1.5594228606143947,1.8239524700331229,0.1696454253914662,0.020248546472608098,0.2601025584904808,7.887972816921337,3.191852786953748,1.418421422794625,3.0188859897866553,0.2962647902686957,1.8335798045903746,0.18587451739487992,0.9143605855994537,0.011788827886046072,0.36537726333393494,0.00537827027409965,2.764295673700565,4.3918735819656,0.565217040579482,0.46735830310907267,0.17255440177465164,0.4166346118097777,7.027025466559692,1.9503221035957803,0.4629332057129636,2.8462029941764415,0.5513725484837471,2.6972155282374084,2.5802904159529443,0.2206972685086479,0.04344470743217865,0.029659590184836215,2.7487680646699593,0.08295398522478692,4.961302484523825,0.3179284348210554,0.6066737309052377,1.3718481881741909,6.993344493768374,2.5374610571951233,0.24420187846849895,1.028951919989343,0.0956363675928057,0.722938353939619,1.8818290730442226,2.073314837724887,0.3564074084841735,0.09521354311400154,0.653561390407809,0.11491156292649685,6.6924090225202,2.5486802233993493,1.7139239345892303,5.762466562420836,0.7964516302052784,1.5083962095582426,1.7511948876426195,0.3898367887527727,2.6803594857165405,1.2784268714341984,2.8514577118085147,5.750298151572039,0.41332133050665565,1.174947110724189,0.3597916346190293,0.5002984975827738,0.43232075855974605,0.4006326834135536,0.014062717049625473,2.445419014101534,0.5611959443541581,1.169048326636958,0.09375945011390319,2.041948615710399,1.269349022992189,2.7918445536520067,0.8143354463171955,3.1483295766728805,11.079057547540687,0.5574681984290292,1.7823204550583618,8.947922519181322,5.170120823480193,1.1225778587248598,1.917104235680028,2.404003618541438,0.3370410763026763,2.5950438444956423,0.8557387213230594,0.3071962222827551,0.1275095033480269,5.545284493588969,0.07797691383477146,11.887860802780327,1.1516944147392443,2.612680797193258,0.006068353581615282,0.1434321072724858,0.010505104264013632,1.5053095485062236,4.477497650762511,0.2864589359313712,0.8302923863134437,0.45117247732427346,1.9482491577545584,0.03106771813751097,0.5633305372013098,7.1882982717826085,0.06282842223241625,3.2494120094404586,1.118948299568967,4.725120346502425,0.34348807893129285,3.482447392491439,3.555361398725422,2.9366462605299395,1.3619530172176635,2.3683563149625932,2.7747888232996374,1.6674826216559766,2.9380054025097335,2.9680093587876484,0.3535959062030978,0.3707259218456962,0.7044673595271571,0.214656163942482,0.3181286015507352,1.5383427168106674,0.1580824243988519,0.9944125905034391,4.698654793237882,0.19712141873449074,0.196230291768559,1.9262461954389796,0.43950592582082004,0.4613231244765754,0.3002109360458274,0.03187723738658654,0.48639504987443116,2.519773439139709,1.3146307829794166,0.907776248753235,2.6610964006930296,0.6767396091058759,0.49164576384536796,1.4583568502217628,1.670420660461775,3.160086900450417,0.8536092077944533,1.691608583323947,0.603040279187466,1.6592273860867275,2.196066155887911,2.818669160638164,2.6449506535786016,1.264423686308,2.5307081981311077,0.21409813777085063,1.2814882582169065,0.5089529106377952,0.1977799728572025,5.413927426746305,0.10369963054892306,0.6776552794611372,1.296017284691277,2.3618962978612843,0.041758312098961525,1.078243294831336,1.516104649762878,0.6450732598928588,7.34085464995456,1.0302803856850695,2.0164619362884073,0.5682350625109811,0.27295188980590734,1.0690384194326068,3.4612698249876774,3.3925448644768563,3.193065199416196,0.015414063575916792,0.7346851979495299,4.08877576220865,0.46454949592823613,0.013628777130190617,2.769680903258868,8.819906698007912,0.20276485392428967,1.7217328708372097,4.062957045338781,0.4763014883065706,0.064840906219648,0.5460491092473445,0.1516487197461287,4.083379625306163,1.3877446459803073,2.7807087079785267,3.631819997134845,0.3007540255041159,3.40115636948261,1.2175329462585704,2.8899300269726433,2.1822140347862367,0.3285903004361721,0.022825280214553434,0.7164206238591921,2.1901688479091073,1.4312612188603344,8.051093668002212,0.45529775967167363,0.6305586117991653,1.2340688238238864,1.1119350534574006,0.0031616675984939002,0.11357136177924287,3.0530057143688873,2.299236376111099,0.5822491067568636,4.8312670640315805,0.545109707455028,0.08533548918770695,0.08434903456418241,0.9524076203896275,2.0965315414835253,0.9918263138292871,2.249586568527163,2.074706942092601,1.8359337509270683,0.21814964847846596,8.754626321369658,7.26469499671483,2.5226509371005212,1.3692348568315071,0.5164105915827142,2.73126737609694,2.4546868130534154,1.231741810807931,2.0599886382227925,3.7162413824330223,2.167102149444181,0.04207558698046476,0.012109735980649461,0.12538836654070917,0.7880905425203132,0.9555077154885634,4.918490420654106,6.242715107608287,0.11443849441027931,0.21199738639706123,9.04266044433792,0.5568740421737011,4.137671559850171,7.20622527097809,0.1264459320645699,0.7362028316922129,3.473483063204555,0.303435956846025,0.5100642890842484,0.1189780832441798,5.03831442068731,1.250529522859668,1.5992872095137414,1.9235096850124176,0.28746361512267526,0.6385235080490128,0.09177510665896871,2.0507906634583986,2.2961016393998253,3.5999720166965803,1.183212728507654,3.043273812180317,0.46400842488864846,0.03991749302967751,0.9467042788058853,0.111102911855252,0.03178938481728233,1.5684500671347261,0.5313345956288384,1.659349458646757,5.9835935635727235,0.21006900626009806,0.3266529647963121,0.9029783941629703,4.985133297562527,0.7583052368784595,0.09378759189509722,0.04928199882419659,6.068560854245145,1.226385466156803,3.3085091417391927,6.77056758839834,0.2647768282056071,2.545856808167279,0.8444577056139062,0.4785713955767228,0.09690985519440076,1.149838311402048,2.1100501373555898,0.21578868113748007,1.8431262949516793,0.19841386765321456,2.7859583760015916,0.39504428660872737,3.8318828046426168,0.7204336063815253,1.525402088442645,0.4491304933090007,2.8903702941082314,0.3173910864240308,0.22038671480587513,2.139320966662065,1.523813905530485,0.2072849626359614,0.22230829540624808,3.942389357677711,0.10778834424965522,7.253171878140822,1.2740523847226326,7.624874593699053,3.0964549766977703,0.13684124428603317,2.2981316525444435,0.48992804036984827,4.140348627934223,1.4511330813509096,1.3772506616668316,3.7157849243204213,0.1846146134251172,0.3185199810163619,4.8961037551863535,1.5782285612019078,0.09753110461413073,0.017716762818138054,4.214570723629371,0.9229365142611816,1.3710060589193052,0.9236015772752071,2.757153060942239,0.9108285855632197,0.15371909858437593,0.3959953926905093,3.0634725772160145,0.20758794713967177,8.65721885854677,0.763737195391097,0.3649450621913186,0.2410726718388414,1.177458239735551,1.320804627681384,6.068871951480046,4.998547808363424,2.354646527550429,2.5482927716496415,0.9983893147957372,0.35803713311081653,1.1872091432795324,0.32058706403749504,1.4621498639748542,0.39368531175007115,0.2183440574331741,7.752257454103566,0.8314222328421654,0.9186484496807203,0.06431064513103513,0.2927349284390619,1.0333001565732927,0.07432907644184206,2.7484255524817645,2.043947116864263,0.056032352288881704,1.069244659593493,0.2723063691721175,0.026618813275226305,2.069627094786896,3.359184933809225,3.9364905280400135,1.1580430418381427,3.5480395586529996,0.7791158227413156,2.9686109464967965,0.4884513473171399,0.3100320016129525,2.346950360447607,6.871203848140437,0.3264589401862712,2.268955596951792,9.255205240793673,0.029065696204751745,0.6422042752420324,0.4207194990768972,0.1922518070706163,0.8690136548403622,0.01097312735000533,0.18055448270326124,5.017995538650334,2.9880149614374796,1.1641736679121484,6.56961204599813,0.21757537654852155,1.2288596902424724,0.49470007240479497,0.0216067895452694,0.7589693418385495,3.169253743109553,0.05403004734966066,3.5283977118317162,1.601973022724237,1.842431316978079,1.7409301412062317,0.081770920843526,1.475026143773007,1.0055112746752588,2.2887059458054972,7.8692652511866275,0.3328870748817734,1.309830647426336,3.0655554279776114,0.5869993863253067,3.4368331196470536,0.5994443905847469,1.1672189038356473,2.1190311969517546,2.7532215539871046,2.1192004486798135,0.37446791931194534,0.055676495743434806,1.2126919249371326,0.5046204303286723,0.134810642275073,1.5529932706758909,1.6313455827925036,2.2030479195386086,0.3460122999852402,1.0284962938435465,4.234905093016893,1.9120298984079929,5.067458013500366,1.7786237076352287,3.192595859124473,0.9124353588376262,0.052900445519936445,0.10469570757562596,0.10625490188196984,1.8779447908697273,0.2993567847592633,1.35947423997628,0.37828789988935885,0.0035233105464389514,2.1381296836796877,3.622548960570813,0.040023065414677816,4.262116912387302,0.39229484873682363,0.26387910104120094,0.17753693722560193,3.530461217751701,1.8979632746164201,0.715354735772477,0.8336291344362108,0.02565833504706383,0.8438813210628355,1.0708990535622238,1.4934914213047161,0.40706325777925145,0.26598691399847696,0.6813138082805188,0.20538769848572924,9.075985299874361,2.1432634853421693,0.22915148888599646,1.5604787903878996,1.9022921125975811,0.024087182857455258,1.0387592527072427,1.4887618247843202,0.561683318515334,0.0925475871225383,0.307409736966213,0.3011250535464671,0.19192574651593497,5.032753421005857,6.203116146742973,0.41512431668545424,1.0170581197133983,0.40430399793447835,3.4829084234181513,1.909641406063178,5.054792630204316,0.13567117043657184,0.5472550267453931,3.5625963314723914,4.0163719198495595,2.3099854120047643,0.5838952964240707,0.003713892064018731,5.738392942083371,2.8838200941690313,9.183470990599526,0.1374044232261188,0.7736922551701033,1.1557369777259325,0.6862431801424447,2.3477055124892834,1.6019255831364165,0.21868024484686743,0.4176441546138462,0.16236481063168307,1.439497319428054,0.9961213829633642,0.08744674121912,4.766267320227484,0.0014231269218986098,0.12229056309218889,1.7989370134469544,3.137792427013297,6.150055613235759,0.8332360331860691,1.4865451504687663,0.03611974141576457,0.19531879856287393,2.3173724604359545,1.562693118483073,3.5530480155405475,0.0520418412772603,0.13006490027788886,0.9881572013805198,3.0115159331556076,4.133513515221244,0.29543796018775237,0.6196839693667648,0.6770551542605212,1.3834939617330488,3.1479673304534774,0.2446541888574434,0.9527119629098673,0.7369413719517892,1.032321707204802,0.4197873848104159,0.41024585252748746,0.32415499175818496,0.024697274716142026,0.7981334871491446,0.037387082038136565,2.071299989594205,0.04235861860876944,4.385831916440605,0.4039206244200457,1.4534514173325355,1.2797133155297913,0.11672045519265029,1.2207608701707549,0.1968830732726694,0.5025715322738398,0.810649829974825,1.3822887655144673,6.7985135536943115,1.1392171364130483,0.5900178359409427,5.245200574313915,1.4940541709212074,0.6320977161157506,0.5157579928858642,0.19887438437898064,2.906986059143464,0.38104072842167414,0.31022113253089234,0.012566101995543866,0.12472637504651862,2.515461848248523,6.840797939708804,4.199425519249853,5.934983913119988,0.23041794161882967,6.102517634586116,0.3167891241368799,6.729866905650377,2.398047013486246,0.5104896681378429,0.09920667968377384,1.6219245925420354,0.36662283014922536,0.2984399238972576,0.2164093210446414,5.349670040448007,3.7283545004323715,0.6469821176106718,6.088651369358768,3.806406700455515,0.0478354884402199,3.308591372240173,2.147832191964749,0.44713131357643876,0.41800040635237146,0.5876171281473717,2.1938754883887177,0.22651183416166176,7.834195769167385,1.272149458773168,0.07120391967949091,0.8104527967675565,0.7239905933046538,1.7885603437189812,1.879402851032093,0.5575811802525843,0.3914359475120177,0.3308529319705662,0.22184114048906478,0.18345257414820848,2.3694933866439416,0.17437947385563568,4.589558485725449,3.261024843650441,5.3947840494064705,0.6066284070713661,1.5254694893849972,0.8667745307468566,1.0165214922872767,0.9037071934466376,1.421017714212402,2.876834467789485,0.3363564691263221,9.14260407448495,0.39368106424747396,1.037973504282748,2.1426084023951883,0.04710726822903544,2.3918715158481945,0.4017436581745022,0.4854298496464987,0.016413659949409354,0.46438548270353974,4.17497506832934,2.705727420854654,0.02565296561591346,4.976536395223078,3.191394119770515,0.19267748674833274,0.7809010018339744,0.9265378788796385,12.378677497223473,3.610505220134583,1.222880670856254,1.6830374878930896,0.35240782279870864,2.2129568708529446,4.835648922720767,1.5701386947769973,0.050100469418645766,2.21184451383952,2.258989118315735,2.6458338360542104,1.0164836591895248,0.4679432931610332,0.17155139757949556,0.7653229194882234,1.0213441095669702,2.0088567249654856,1.156190537650173,5.970112189443116,0.28041140284797317,0.22682322315156345,1.6854599913975736,3.3941204568157284,0.13712885379655393,0.8203592319108948,0.17932797330011918,0.2547274324077409,0.2967249921749464,0.7778705163101218,10.309707247478606,0.03138250894454919,0.015928688347709663,0.15884942027740823,0.15898539546135737,0.3164211579831777,0.35330014561757794,5.236446037063566,1.940858584270976,0.5325721985432903,0.22440823315054015,4.726372744520852,1.1812028923616458,3.3500735265256063,0.3794641150579148,11.00104084251442,1.5195087188556406,0.1757341957090457,0.6098843455305905,3.0161670356155055,1.3436666530790395,6.668872203272175,4.62553850002536,0.41952281688980686,0.07020985334000662,4.152847711029734,1.977572493786724,4.287549601261848,0.4636218768279452,0.05180788132024694,10.424348928116872,2.6018335006276523,3.82804563743273,0.08508833565147311,2.4211092314294733,3.038118827164472,0.0005695227005597658,3.401227482037726,0.3239304507522477,0.1356184900374906,5.3657029311465285,0.008850155546873073,8.81834618873308,0.4994281637305238,7.873117790580174,8.581121379111956,0.3628225501138851,0.8059653515874219,1.0844869609110546,2.6087359419779568,0.8411413684383025,2.540134160633764,0.4421251591720754,0.7960328423565396,9.92231890900766,0.8562197265016271,2.3548049600848877,4.50854039090342,4.719027115845764,1.7663285133962712,0.8886740962798134,1.997156215120295,2.8168721446475846,0.009000886233158756,4.511719437388924,0.11389644603354654,0.507239653493953,4.71982297648357,0.02781174456269131,0.2738818076657772,1.7832462435008827,0.2439758846020288,0.20505852811335035,0.3726363201103964,0.9461654538276778,3.3405357466079373,3.714301157802262,0.6465434207527513,1.0418599490762062,0.35854957185136094,0.022324338064526827,0.19488257598322267,1.3080893349552147,1.0099469294565386,0.2686288010524418,6.28631116387479,0.34572130032426296,1.265962640596257,0.02277042571309984,1.9046758553568983,1.2233443519425529,2.05201471978011,4.117459359546861,7.438122774100592,9.930794728893463,1.4951193541173593,0.5308171620548707,0.4784445583782859,4.142451436605552,0.011836977471803678,2.437664552129105,0.0072100512416879425,0.10098071911155149,1.5697098183617837,8.76507682015005,0.9289284574614798,3.6649123675866973,1.022965219734823,1.3978973025314154,0.1374255364214716,2.266300710342432,0.045424682622353885,0.09745230141419903,0.10198648520519127,0.18710339417336375,4.432478485940534,14.675114471412499,3.0430699499527187,3.2329830662506964,0.8704289534685066,5.196255804629548,0.2157997741395974,0.33354220654515077,0.32631341489278465,0.1138838278519616,1.9303301956067345,1.1853206873586895,1.2995001724279374,0.6516756770731708,0.9949355685709815,11.334914414870196,0.9521304854514816,0.5056430046122102,0.2616554014504153,0.5353698767688269,2.9817539420586705,1.0601291636603847,0.4448688083951722,0.371609984071398,3.5499451905001904,0.3654853122865198,0.7258144773796849,2.5129886337771437,0.4076516547611231,2.27515662040654,0.7139413570526294,0.5317225674529125,0.06571787567672371,1.6991713543832194,0.2020693041846533,0.3112884420111439,2.8602153170795104,4.3562371231917805,2.366178883371707,1.290170977162511,0.24889095464569477,7.032784811017344,0.32763752241182154,1.021159321050706,0.21817702966273922,1.421235678360453,1.7207665373095336,0.00658977520967674,0.8289749841218708,0.7267323170231674,0.02456551254135908,3.5252729186765386,3.3697946481489476,0.09630185610845154,0.09850112299113611,2.608807863619642,0.21059164462310775,1.1787172263920844,4.324151037337131,3.317583252460285,7.124134085882115,0.6437311648325013,0.6531920053649056,1.3294249255108008,0.33566468426488516,1.0024233606150599,8.948132492337455,0.12942979508998187,1.0291380682643714,0.18516673571471037,0.05418554088220562,3.0416846944009244,0.20671387437980338,2.1876387481934714,0.8468334795347663,0.8009448040229046,0.8989321381025515,7.200652773004037,0.3600058407265585,0.384068477029043,5.604385956969849,0.6340883327376234,0.265727932739209,0.048018070847507754,0.0351052191666934,0.4774834548618141,3.689328532644348,7.4571387037394015,0.11039927903617919,6.331246513359488,1.443203518621666,2.437378364490068,5.426348240373881,0.3978771809003697,2.7036246519969915,0.08404673499626547,0.7002668467615218,1.269283470774835,2.040701585354113,5.648381360401533,1.0289020078757574,0.1148372823396091,3.2621323302378933,0.37470394923602934,0.18091960694664788,4.8326689896533885,1.485034643219604,3.8126889570003946,0.29093788765335926,0.3828625610102394,1.337449099485742,2.3574672582519094,0.04608249795601971,0.5214290482973998,0.23191244092786967,0.05997224204225593,0.4979366424328664,10.442068606794493,0.787177321628665,0.7195463171426404,0.5494964128646115,0.04807425931790987,2.3130620662074217,2.4485565283207884,0.6805784729545126,2.496293053272863,1.6414802912178232,0.37141792017101016,1.3008500313598323,0.881564062972161,0.10322864982280111,0.8077875951483464,3.5733666527775325,3.4170026522108596,1.5528908363564584,1.49519565394771,1.969597388059479,0.08477233221458436,2.7921819515201776,0.061638793567910355,0.6437384720796178,0.10164798273915987,2.7936604738628583,1.9267645409652348,2.1120338529134752,9.324324916316915,2.449912034542807,1.2098081975760706,2.387521411913432,0.28286896070092293,3.9687065811592004,0.6652442896283821,3.2513912886772234,1.4228981473302456,2.7648374621463843,4.563196607213115,0.11278764863053503,8.856007091677744,7.987843675804717,0.21552165957879676,0.06446639086676553,3.034539296272942,2.827328762904516,3.055925417556444,2.30120545358797,3.858018490633835,2.3190377347477913,5.222556174900483,0.6576555546183519,2.913658922526889,0.13323517218382008,7.0570850860232355,2.128781543604189,0.19099087082609856,1.0620125978089106,0.009320641838356458,1.5168646885566495,0.3796129495538736,0.2158203988144931,0.7985855678932134,4.218628151382227,4.440249825524878,4.125988478385529,2.968447142032582,1.6232355190464403,9.092798220119791,5.527841153653039,0.8821173488997238,1.2151954606945545,0.05851393064603827,1.1972821460086969,1.1287737517842775,1.0237566825698856,0.216193901221706,2.0489670620113083,3.038160557104945,0.9869392061827509,0.04528823497960499,0.3350357058560398,0.16042466006261646,3.356153226644577,0.48640618674591884,2.0124386903664844,0.6249239526597403,3.2523502513847555,1.6210991364721163,0.38561933816249416,5.894579389173292,0.6605136820206742,0.20055510636946816,1.9198876484356295,1.322521562483493,0.3418708166688562,1.1925294770049701,3.4794607937149156,0.17856617714549117,1.3450717244631338,2.163184695177703,0.38537828106314853,4.8882717513493885,1.8317546945298062,2.740134542250148,0.23575097538990342,8.682323904670845,0.6317897473089557,0.16743098027382586,0.07383120456436787,2.5005094806999377,2.9008106476093114,7.914577503833783,0.20339055472242662,3.0721234619970663,3.270727653140831,0.3744911308184091,0.12515112489185887,0.09324248795100609,0.7732243378476054,1.799659133288452,3.469387538485085,0.7075739369618497,2.5988581659700225,0.15863468044176665,0.5449084958106853,3.9615267727801156,0.9005272955061666,1.1998540454307363,0.3722151232190498,0.8091054117386731,4.1005423805448284,3.079435285954465,0.04085208401689133,1.1412235010802676,0.9941858428814199,0.8908332007335888,0.8267306995557782,7.030334780495696,0.11372300767315213,4.620298414881944,0.07942479483791276,4.4934424174022585,0.6327906701491273,0.2368723339009422,0.7410389576732515,0.38213020798486586,2.5363922016620553,0.2961902720739631,0.11853044781508393,2.5344670862229925,0.7067359786385401,0.31067279022782956,0.7507663182631683,0.6141078714890562,1.3391925449627282,3.53220713358843,0.38838331095757017,1.0984684095008568,2.0795380124533964,3.0229141981969128,0.6897294633918993,4.3631137996592635,5.698681710163936,0.49872678918799185,2.829049258303778,2.9674695157503983,1.9274516346198993,0.6913647601605915,2.5443171578950894,1.7162580041098017,0.6740977533741681,4.099170765354673,1.3787241939190187,0.2670354673196522,8.794107687137561,0.12685742215411988,0.30507213615107576,2.3122431715777814,2.6925706404841017,0.10275390914604321,3.0368664838638075,1.7417370003252135,0.3360982063728155,2.319376098777889,0.33854412569755366,1.7898863983328248,1.432420343076033,0.9238813416056089,3.4527987586936457,3.6739857028605054,0.2967933057938592,8.882604874441041,3.9277661948309124,2.8136606003483027,0.5154358792175597,1.509444523281551,0.6339462578262305,0.17923785501767409,0.312408179842933,7.178309299223567,2.984303983389647,0.3479295411663481,0.29686242296681353,11.444264470651872,0.5793331941068587,3.4142698141943355,8.519029199240801,5.030702348517462,3.858139941244974,0.5096548369917775,1.4309442492437152,8.0791642239209,0.9011912467034306,3.5518758830904065,0.018446008346052367,2.2335877568110165,3.5472414106817896,5.543361033938234,7.167196944895991,1.4449061873609867,0.17008595496630852,1.0598449947902742,5.574710864816837,6.241262823998675,0.8583556572964648,0.15846117221370837,2.1509658875269926,0.033602541981922585,0.5175841797966791,0.0712330173625566,0.06502901560926566,1.0447880550135582,0.41188682594171766,0.8497220326481156,0.46457284076660876,0.30893855804094117,0.5610462943423257,1.8693271583466493,9.711936898739623,4.055908682397615,4.969962755754051,0.12493485632656953,0.7382045018255755,6.1780798339866845,1.8657113786880433,1.3174739565922902,3.676517451646912,0.10366883141736016,0.2929497266137042,1.0062299715233922,0.08679260664452726,0.8638771888175429,1.5993351564509313,2.3939389911647146,0.2752415765815972,2.3339976995234055,2.244044265814506,0.14201250618198835,1.106469313945039,0.0231823404149345,0.8043320127760474,1.1291013213364147,0.30565048717713483,1.2778018132981102,0.48573087493963607,1.1092315393048708,2.4646412326199734,0.08205996653699077,1.0357847152670034,0.5969660388087823,4.530315128635268,4.563403807693085,0.32344354922508156,0.1781511737658601,0.9110149025092862,1.4629583054699742,0.49160906681512584,4.794702411065812,1.4673640931970633,0.33123543734668437,0.010429153153176607,2.6502051808144493,0.028951178341732553,0.2113929722292358,0.1769277793648092,3.1295241322319867,1.7033723712889577,2.395288436192252,0.5624553232401839,0.3747029663966561,0.5934865074780253,7.567258513994354,1.704658383663138,0.09215781299580561,0.36806200604053974,0.9313412136239454,5.253815203386369,0.06794431595861788,1.2396056294010958,0.2924671131249772,4.329447633365474,5.174981955463513,7.388074059563817,0.17860652197010563,1.5597109721351785,5.876684880305509,1.2118077790285446,0.7458230200788127,0.5451011794458351,2.256676837921577,0.22804595020388696,1.0312337871067139,0.6380644802903992,0.07205251694595471,0.4703313007251334,0.9609758054456354,8.189264400543264,0.3250235350590365,0.13565093474439027,0.1279814072276123,0.397931074389811,0.7084280397764822,1.824447688137579,11.98042327470645,3.8054204798467612,2.2444123157726774,1.5467507926062405,4.485637991645454,0.4270916827139768,2.351334268420222,3.066115226532585,0.02286972128367326,0.31003071048654984,1.3605150324733335,2.5465377940960643,0.20011561907987696,0.13283764483047733,0.82565627820963,2.296725216784268,3.635382597831151,0.2433506320759271,2.4370216329592753,0.3277044770929054,0.9656268312355432,1.323187480081497,1.8203400681717117,5.7066332686599885,3.042373159372357,0.1598193445123952,0.7905192771713614,0.08980473654049259,6.203025118023977,1.0751705393775541,0.01759970261210464,0.43124751972292885,4.768345077113846,4.437961169536843,0.7854196000100782,8.305927199396349,0.058746166551639334,3.425920524963321,0.44973388619504795,0.835049980910548,1.5956010241053293,2.381136666368096,0.37821883980990245,2.2379972247751927,3.4534100632557028,4.322336873119252,5.739086482626163,1.7472726141743706,1.2369580786129615,10.72777751867481,2.141230001054103,3.0030231941125507,2.0009663435036558,1.9264570386290858,4.151429523420229,6.306931469390295,1.8609554426931894,1.454623790531874,0.599693310842768,0.2931916444395699,4.260486591413264,2.9232105879891486,1.5038429648413647,4.291612016121004,0.4543135973715806,5.8224886495376715,1.5419977450862055,1.5247717273936785,1.7722004132613995,2.4565502312908185,7.355757177608902,0.21213340818414705,1.2307089396183608,0.1664826098666401,1.4073614746445133,4.198458409071089,0.1861392187711015,0.6005092482623473,0.6069337295598984,2.155448596140093,0.06563938747677689,1.993342376322357,3.6410805823821564,0.24938203224831113,1.3665061322744116,1.195884973143012,0.46619127889850076,0.7301739143485131,4.570429121266092,3.4540247059306735,0.8124385385115699,0.2845147783699242,1.0112596190719796,4.626004107906848,0.5952317083064371,0.02106394166265524,1.063978845909167,3.095294445144491,0.04268316839716846,2.2501077960596465,0.27166952331599337,0.39653074231468644,0.24482539857907004,2.1079200214454303,0.5876844759721029,0.0015173388388429743
"((0, 0), (2, 1))",0.0,0.0,0.0,0.0,0.0,0.0,0.0,0.0,0.0,0.0,0.0,0.0,0.0,0.0,0.0,0.0,0.0,0.0,0.0,0.0,0.0,0.0,0.0,0.0,0.0,0.0,0.0,0.0,0.0,0.0,0.0,0.0,0.0,0.0,0.0,0.0,0.0,0.0,0.0,0.0,0.0,0.0,0.0,0.0,0.0,0.0,0.0,0.0,0.0,0.0,0.0,0.0,0.0,0.0,0.0,0.0,0.0,0.0,0.0,0.0,0.0,0.0,0.0,0.0,0.0,0.0,0.0,0.0,0.0,0.0,0.0,0.0,0.0,0.0,0.0,0.0,0.0,0.0,0.0,0.0,0.0,0.0,0.0,0.0,0.0,0.0,0.0,0.0,0.0,0.0,0.0,0.0,0.0,0.0,0.0,0.0,0.0,0.0,0.0,0.0,0.0,0.0,0.0,0.0,0.0,0.0,0.0,0.0,0.0,0.0,0.0,0.0,0.0,0.0,0.0,0.0,0.0,0.0,0.0,0.0,0.0,0.0,0.0,0.0,0.0,0.0,0.0,0.0,0.0,0.0,0.0,0.0,0.0,0.0,0.0,0.0,0.0,0.0,0.0,0.0,0.0,0.0,0.0,0.0,0.0,0.0,0.0,0.0,0.0,0.0,0.0,0.0,0.0,0.0,0.0,0.0,0.0,0.0,0.0,0.0,0.0,0.0,0.0,0.0,0.0,0.0,0.0,0.0,0.0,0.0,0.0,0.0,0.0,0.0,0.0,0.0,0.0,0.0,0.0,0.0,0.0,0.0,0.0,0.0,0.0,0.0,0.0,0.0,0.0,0.0,0.0,0.0,0.0,0.0,0.0,0.0,0.0,0.0,0.0,0.0,0.0,0.0,0.0,0.0,0.0,0.0,0.0,0.0,0.0,0.0,0.0,0.0,0.0,0.0,0.0,0.0,0.0,0.0,0.0,0.0,0.0,0.0,0.0,0.0,0.0,0.0,0.0,0.0,0.0,0.0,0.0,0.0,0.0,0.0,0.0,0.0,0.0,0.0,0.0,0.0,0.0,0.0,0.0,0.0,0.0,0.0,0.0,0.0,0.0,0.0,0.0,0.0,0.0,0.0,0.0,0.0,0.0,0.0,0.0,0.0,0.0,0.0,0.0,0.0,0.0,0.0,0.0,0.0,0.0,0.0,0.0,0.0,0.0,0.0,0.0,0.0,0.0,0.0,0.0,0.0,0.0,0.0,0.0,0.0,0.0,0.0,0.0,0.0,0.0,0.0,0.0,0.0,0.0,0.0,0.0,0.0,0.0,0.0,0.0,0.0,0.0,0.0,0.0,0.0,0.0,0.0,0.0,0.0,0.0,0.0,0.0,0.0,0.0,0.0,0.0,0.0,0.0,0.0,0.0,0.0,0.0,0.0,0.0,0.0,0.0,0.0,0.0,0.0,0.0,0.0,0.0,0.0,0.0,0.0,0.0,0.0,0.0,0.0,0.0,0.0,0.0,0.0,0.0,0.0,0.0,0.0,0.0,0.0,0.0,0.0,0.0,0.0,0.0,0.0,0.0,0.0,0.0,0.0,0.0,0.0,0.0,0.0,0.0,0.0,0.0,0.0,0.0,0.0,0.0,0.0,0.0,0.0,0.0,0.0,0.0,0.0,0.0,0.0,0.0,0.0,0.0,0.0,0.0,0.0,0.0,0.0,0.0,0.0,0.0,0.0,0.0,0.0,0.0,0.0,0.0,0.0,0.0,0.0,0.0,0.0,0.0,0.0,0.0,0.0,0.0,0.0,0.0,0.0,0.0,0.0,0.0,0.0,0.0,0.0,0.0,0.0,0.0,0.0,0.0,0.0,0.0,0.0,0.0,0.0,0.0,0.0,0.0,0.0,0.0,0.0,0.0,0.0,0.0,0.0,0.0,0.0,0.0,0.0,0.0,0.0,0.0,0.0,0.0,0.0,0.0,0.0,0.0,0.0,0.0,0.0,0.0,0.0,0.0,0.0,0.0,0.0,0.0,0.0,0.0,0.0,0.0,0.0,0.0,0.0,0.0,0.0,0.0,0.0,0.0,0.0,0.0,0.0,0.0,0.0,0.0,0.0,0.0,0.0,0.0,0.0,0.0,0.0,0.0,0.0,0.0,0.0,0.0,0.0,0.0,0.0,0.0,0.0,0.0,0.0,0.0,0.0,0.0,0.0,0.0,0.0,0.0,0.0,0.0,0.0,0.0,0.0,0.0,0.0,0.0,0.0,0.0,0.0,0.0,0.0,0.0,0.0,0.0,0.0,0.0,0.0,0.0,0.0,0.0,0.0,0.0,0.0,0.0,0.0,0.0,0.0,0.0,0.0,0.0,0.0,0.0,0.0,0.0,0.0,0.0,0.0,0.0,0.0,0.0,0.0,0.0,0.0,0.0,0.0,0.0,0.0,0.0,0.0,0.0,0.0,0.0,0.0,0.0,0.0,0.0,0.0,0.0,0.0,0.0,0.0,0.0,0.0,0.0,0.0,0.0,0.0,0.0,0.0,0.0,0.0,0.0,0.0,0.0,0.0,0.0,0.0,0.0,0.0,0.0,0.0,0.0,0.0,0.0,0.0,0.0,0.0,0.0,0.0,0.0,0.0,0.0,0.0,0.0,0.0,0.0,0.0,0.0,0.0,0.0,0.0,0.0,0.0,0.0,0.0,0.0,0.0,0.0,0.0,0.0,0.0,0.0,0.0,0.0,0.0,0.0,0.0,0.0,0.0,0.0,0.0,0.0,0.0,0.0,0.0,0.0,0.0,0.0,0.0,0.0,0.0,0.0,0.0,0.0,0.0,0.0,0.0,0.0,0.0,0.0,0.0,0.0,0.0,0.0,0.0,0.0,0.0,0.0,0.0,0.0,0.0,0.0,0.0,0.0,0.0,0.0,0.0,0.0,0.0,0.0,0.0,0.0,0.0,0.0,0.0,0.0,0.0,0.0,0.0,0.0,0.0,0.0,0.0,0.0,0.0,0.0,0.0,0.0,0.0,0.0,0.0,0.0,0.0,0.0,0.0,0.0,0.0,0.0,0.0,0.0,0.0,0.0,0.0,0.0,0.0,0.0,0.0,0.0,0.0,0.0,0.0,0.0,0.0,0.0,0.0,0.0,0.0,0.0,0.0,0.0,0.0,0.0,0.0,0.0,0.0,0.0,0.0,0.0,0.0,0.0,0.0,0.0,0.0,0.0,0.0,0.0,0.0,0.0,0.0,0.0,0.0,0.0,0.0,0.0,0.0,0.0,0.0,0.0,0.0,0.0,0.0,0.0,0.0,0.0,0.0,0.0,0.0,0.0,0.0,0.0,0.0,0.0,0.0,0.0,0.0,0.0,0.0,0.0,0.0,0.0,0.0,0.0,0.0,0.0,0.0,0.0,0.0,0.0,0.0,0.0,0.0,0.0,0.0,0.0,0.0,0.0,0.0,0.0,0.0,0.0,0.0,0.0,0.0,0.0,0.0,0.0,0.0,0.0,0.0,0.0,0.0,0.0,0.0,0.0,0.0,0.0,0.0,0.0,0.0,0.0,0.0,0.0,0.0,0.0,0.0,0.0,0.0,0.0,0.0,0.0,0.0,0.0,0.0,0.0,0.0,0.0,0.0,0.0,0.0,0.0,0.0,0.0,0.0,0.0,0.0,0.0,0.0,0.0,0.0,0.0,0.0,0.0,0.0,0.0,0.0,0.0,0.0,0.0,0.0,0.0,0.0,0.0,0.0,0.0,0.0,0.0,0.0,0.0,0.0,0.0,0.0,0.0,0.0,0.0,0.0,0.0,0.0,0.0,0.0,0.0,0.0,0.0,0.0,0.0,0.0,0.0,0.0,0.0,0.0,0.0,0.0,0.0,0.0,0.0,0.0,0.0,0.0,0.0,0.0,0.0,0.0,0.0,0.0,0.0,0.0,0.0,0.0,0.0,0.0,0.0,0.0,0.0,0.0,0.0,0.0,0.0,0.0,0.0,0.0,0.0,0.0,0.0,0.0,0.0,0.0,0.0,0.0,0.0,0.0,0.0,0.0,0.0,0.0,0.0,0.0,0.0,0.0,0.0,0.0,0.0,0.0,0.0,0.0,0.0,0.0,0.0,0.0,0.0,0.0,0.0,0.0,0.0,0.0,0.0,0.0,0.0,0.0,0.0,0.0,0.0,0.0,0.0,0.0,0.0,0.0,0.0,0.0,0.0,0.0,0.0,0.0,0.0,0.0,0.0,0.0,0.0,0.0,0.0,0.0,0.0,0.0,0.0,0.0,0.0,0.0,0.0,0.0,0.0,0.0,0.0,0.0,0.0,0.0,0.0,0.0,0.0,0.0,0.0,0.0,0.0,0.0,0.0,0.0,0.0,0.0,0.0,0.0,0.0,0.0,0.0,0.0,0.0,0.0,0.0,0.0,0.0,0.0,0.0,0.0,0.0,0.0,0.0,0.0,0.0,0.0,0.0,0.0,0.0,0.0,0.0,0.0,0.0,0.0,0.0,0.0,0.0,0.0,0.0,0.0,0.0,0.0,0.0,0.0,0.0,0.0,0.0,0.0,0.0,0.0,0.0,0.0,0.0,0.0,0.0,0.0,0.0,0.0,0.0,0.0,0.0,0.0,0.0,0.0,0.0,0.0,0.0,0.0,0.0,0.0,0.0,0.0,0.0,0.0,0.0,0.0,0.0,0.0,0.0,0.0
"((2, 0), (3, 0))",2.2434159549076385,5.877233447493703,0.44695157251545536,0.1825007344936771,0.1991820066788612,0.4893502474217786,0.9094744205046049,2.9385309662482553,1.9517619692707868,3.4408121030188257,0.23144682731500538,1.3199154639692572,3.7535916610250637,4.278729424310814,1.3927214108920116,3.8022579764764126,0.3746890886699381,2.303819015866287,0.14315315898854297,5.857888986739541,2.599914355551631,0.26140753109006243,5.331441229901254,2.642741054328037,0.16477563642993576,3.074944497322319,4.423031674096413,0.9978111286596418,0.18014851242711316,0.7143689993879332,0.781080380124922,1.262812271735704,2.643235131485228,0.6600511384604764,1.6290136490192113,1.0375921733194484,5.304162582800986,1.1014775919257376,3.337640300186878,0.642686078148649,0.14803175698268545,0.7242696256518237,1.021018411941032,4.03763850573751,0.06801038869722276,2.974249330351726,0.35321726133945347,4.830091279583899,0.24464272686566346,0.1262239598392637,0.20999779378777395,6.662261898231227,0.683979845894879,1.441469526409445,1.0259606799139886,1.7779557021184738,2.643412233147422,0.1337358115191951,1.928635572874841,0.921996338399525,1.4750245420555972,1.1626703320179699,8.053574585999627,0.036343361539362906,6.174110068149869,2.327948502655649,3.9747055605039603,1.5883118152866538,2.9046991386696477,2.3940764355216566,0.3249129821911021,0.3627322677384919,1.139182460953518,0.9394338232862294,1.9461945234596678,1.321072890132243,0.6704937358255301,1.8742643309823146,0.5458654800496012,1.4214336691977438,0.030243081156881013,2.1365705693906634,2.723535271551012,2.3107675800580347,0.15126073010859997,0.8999711402438939,1.6323849060305706,3.327857151848016,8.14110292614686,1.2380985695109223,0.9746870380495851,0.4373180417228689,0.40369590925115695,0.980052294110102,3.312409596836864,0.30959608422946605,0.4588680267945682,0.8422336391603222,2.1303984470968844,0.12193429233396391,1.420969750945003,1.1862732217416818,0.6214868579339197,2.553205392709277,1.3937652785358896,1.3530702266036416,0.5929775297408302,0.012772879821972283,0.12251637978184027,0.770332731047704,2.5464528171988463,2.9956895656303875,0.36960401382980246,1.2291873842975134,0.3708380642853313,0.2534641198624814,2.104344478948035,4.6792597215064635,0.009667228224198299,0.7396384902709561,0.3720563866896527,0.25208900032300163,0.2259526900926082,0.758944933964862,2.280540800998023,0.29180668457295855,0.009925102425162535,0.7359170018944792,3.282000518395632,0.6773470074692757,1.2468345877194413,2.0235657949214874,2.9328623630216906,2.2794402775023537,0.528432880018622,0.42318018562711646,0.1877026796272756,7.362005398466567,1.6616821321680693,2.865275127524176,6.821506145740652,0.4594132795901933,2.228957840723328,1.364100596585073,0.0827688968247593,0.110012732943356,1.1596357545344191,1.2335412880419252,0.26787459723848683,1.3631987946031434,0.0077973868003685665,2.1141120549582886,1.322878803479274,0.4995841065776143,1.1051712407672794,5.135732748509219,0.42671745507568926,0.01308332283091218,0.2840933867809494,1.0417357007408383,0.24107725256296764,1.5081764536981281,3.7781149752592382,2.7296849231931355,4.48406639755969,4.644564238514958,1.0707684404683502,0.08720019298641835,0.14320685617284923,2.876944890789596,0.9516608259988808,9.599158518152908,0.3537971996103084,2.496532457234684,0.5447166020617433,0.1450637000449193,0.6516949401560499,0.435418447887276,0.4076542325415142,1.7900506680929653,1.9606060324751244,2.0588154008646566,0.7412532001147085,0.2567835228611396,0.4211411098306228,0.32382396555794585,2.3582257879086628,0.9723191374568847,3.7881230320054846,4.852631596594367,0.0005466514524070654,0.579405261122641,2.231007301179865,0.19059056684622466,2.2180767178385445,1.0275078008630074,0.4605161244627832,2.4434503862691956,0.38342476507073986,0.6367172472470441,0.2150793039682437,0.1298219820920835,3.8390166127154237,0.9945616454531487,2.246498540017755,0.16768519834834028,0.43265970248070973,6.113729412500541,0.9741170268082511,1.8404089559332006,5.865297299641524,0.6065981728603829,1.9386798516936345,0.5557815642241568,2.98514466465131,1.601044917677719,2.9550676227461343,0.05573167700146897,3.455358975246322,0.171636225659888,1.6795527381412794,2.5115226696632362,3.4829407489692334,0.8897940095755528,2.394284541880592,0.7974150206651331,0.315264684909641,0.8919766147345993,2.004512044078826,8.9349694497368,1.0748490682073486,1.5573164983558878,5.647869885677658,4.532476965559953,0.35918794290795475,1.2845365971260818,2.186736998207006,5.254754578151321,0.971015129340756,1.1918266244676228,1.0702873473530738,0.4045861514212996,4.258052904664124,1.1951376851667543,0.3025912140847682,0.8364532896329808,2.70468108250045,0.6203712450955554,1.9754066384586522,2.3082921763929702,5.117836474288973,1.1753689147083646,1.2468388357394362,5.9574779768360955,3.121053038122376,3.248827318432163,1.964725525282617,5.8500419643751815,0.8900450250847332,4.307785840486057,0.8264678751880878,0.08050962838908204,0.09485366761442982,0.062172126618366796,3.6220170624720707,0.9337602785539234,0.2816708493592951,1.692527357730283,1.585681281441739,0.6838670963579276,0.22453565612739934,1.3518792848558858,4.146648995690576,1.4303358517684357,0.21706069095385055,8.03789018046765,5.5887025556049394,0.3793329549725126,3.114138918988153,1.2278003548537995,1.6478592840614361,1.28693695000925,0.3488036546878486,1.154463946604623,0.09362817755878361,8.105646177405061,0.09693895013956932,0.630135831981602,6.718685737829128,0.6404051749248231,0.9979980667683012,1.0009580723814095,1.5893009643095761,0.3603607906414017,0.6576475813894405,1.0283866627281046,1.7350777195365645,0.3446799938942544,4.605663167556647,0.5315968740759971,1.880431158816508,1.3422417354856429,0.4065154026268918,1.1944035789660155,5.874071009977584,0.2495989304717683,5.682285662004214,0.13593406946681236,0.4804993175012051,0.7202361014895646,3.149517466498147,0.010769994079313339,1.3492217224333496,2.5326438104953475,0.2552152025144421,0.6682084854281254,4.7251962134525325,2.2605402135126065,0.26643362565688244,0.4364918084692606,0.9743672950426174,0.8604399557597953,0.7491279057560263,0.16874894787092598,0.1838155427004371,1.659253338609145,0.546611709835088,0.6680197613822764,1.4065215474323418,0.9620847746408825,2.5725799488284204,0.11554432289598615,0.9314957209218627,0.05528851531829293,0.5535423329212459,1.935118239332388,1.0277288376249674,2.2674396124898317,0.39076139951481914,0.08679294285258843,0.4189175029426673,1.0062551240707773,4.62215567318858,2.44824987326849,4.798795162101468,0.8962553459290401,5.428413362626134,0.13669061381821068,1.6469186017345587,1.2791514252666984,1.0087919593969685,0.9329100808617873,1.3659546513914471,0.2782067092175098,2.595129681101942,1.881958787538792,0.5110609320321281,0.22079410972542135,3.3081622206565298,0.684036441429225,3.4572865088656557,1.5149334433362194,0.2714208265460727,2.148446509039859,1.3147950187869673,2.047666716854614,0.3598225432054927,0.5158727237533884,0.5883664252856939,0.8602926919052083,2.0262050629044936,2.9035590609080923,1.423755745977536,0.8095184401874245,0.31952742649967014,0.45424976482751445,1.904971039804686,2.5315579463726463,0.8706330996659783,7.384077863110852,2.443272663301026,1.052267086809492,0.22352381549018396,2.702268356887321,1.5344076536646782,0.7726798693923012,2.42216522785823,0.17617217622336923,1.514138185917432,1.6089797789274773,4.32272837391423,0.6878967362240811,0.3920025345018381,5.181686543126552,2.6063576634889465,0.025683820678777947,1.6323263985556435,0.12139387705268812,1.1563120854433073,0.33336896729170196,0.9215431909524443,3.062749492844449,2.697420852223477,1.4236824538448207,5.453477201715033,0.9485862165718251,0.6189922206705276,1.1459653811805395,2.8392079664067635,0.6847983021260324,0.688771705915429,1.3568748736413059,1.4859205781383298,0.6011196430494878,1.5848073718384574,2.657393257095493,4.6985312734842415,1.0020014252235243,1.9296146524123765,1.053639314319657,0.23002256450138914,3.1941270379359112,0.1807534263760946,3.6294963319586953,0.5123507114748946,0.05270568062025072,2.4508499518036784,4.658104316575534,0.2742523022969051,7.489926075768621,2.6323075502686986,0.3341376751592469,4.632240507279919,1.8397908486238213,6.84268738510654,4.7455393328183035,5.395892840262048,0.053289436994643946,2.0192546285254735,0.3432024747541278,2.424556919182676,3.275067882880359,1.6736647600476486,1.1969696540627188,0.4016673361775003,2.096314558799142,1.7249034609462672,8.131071019492104,1.9083929654668088,0.5479325388532343,0.7642260835837873,1.2369091860385373,0.6527087597437875,0.0776764021618237,0.5683496639467365,0.029450358594825088,5.30976928362754,0.28739752789856077,3.4248144967288043,0.2090734564007204,1.4580005802057099,0.549185228229868,0.601377438813886,2.278169191389779,0.3128714543177309,0.5509044544170475,1.229500740722499,0.7040109637627832,1.4122495053555537,0.6759419367113289,1.1900101898899678,0.11452392132799005,2.603584541045222,4.1240514620485955,0.6513317240340226,1.1354843743908423,6.007669523863896,0.2621171975380061,5.303501055339124,0.23978270552110215,1.897646471788788,1.4576774770306242,2.7099304006501046,5.752573422054468,2.3113388769535175,4.563445412371305,1.9095145027841818,2.485387286714008,2.4635939448113833,4.100753086011342,3.633119152523009,0.5497515284572687,0.7680444689431992,0.10693394465410577,2.176418974059514,4.434489783812969,1.9397676397194359,3.3644722987498827,1.0548775383042939,0.17257091795262447,0.19382032850286945,1.0540135572426912,0.4793785767285761,1.9932578575492617,1.0567739535435736,0.5720455535353237,3.7009296902165807,3.9975936465732658,0.4159978872827809,0.18856001933553523,1.2554163194160917,1.7802073778263696,0.6281068434217489,4.234206270644099,0.15037827131757142,0.3786944334802787,0.9332497100764221,2.2444781186495377,0.28593678553346935,0.2587375510096984,0.9589748378135017,2.1096641637952755,2.0968982512843226,2.524242893992287,0.5948081616689125,0.3413367652264503,2.9172502914965808,4.536881649555954,0.1092134166315688,0.5825477773240242,1.1245328120860227,1.6341982442070448,0.34989278161502346,0.26403069848977845,0.3700431034253412,0.535460481947077,2.2548548587994244,0.8854058338026379,6.700234669116178,0.7137511119453435,4.3880973489398585,4.862307621511324,0.31158479394186933,5.5570492525591995,0.6078211160959877,0.1663979011887382,0.9819386853390912,0.3145448305258798,2.6329007642813664,1.2127757942972683,1.4033117855293629,1.6698416911217118,1.4859577476202759,0.142192634964468,3.7321898892373495,3.708545605083453,0.7073671249719697,0.09454343832407286,1.1340766140784613,0.33128748104420325,0.49034471687797954,6.334590960159743,2.610050541617683,0.6345049303007324,0.6449925858702996,1.0100867642784546,1.0230629972469374,6.000270960295609,5.480488339980841,9.190063737173732,0.16728204378895262,0.1879251356647209,1.2323799744862516,16.758628922062403,5.868876487094797,2.7175956323418,1.7524086532898229,0.5342528589087743,3.7120705791840862,0.26531849557837783,0.5223948688537399,5.9278474533387495,1.0385272884296421,5.608333041014037,0.5465269008357381,1.0215497213036198,0.9688154162336955,3.3257172343507833,0.21984124568612962,0.32743717181242404,0.10257771445208874,3.561282773494889,2.317473887118311,0.37246982952572427,6.717203567656778,2.7507673904025998,0.1580858768390802,0.6564471437697298,1.059978059941326,2.3678703134678125,1.4771966677429773,1.3033127569488219,0.4044187327048404,0.2715207181702861,0.9073298284119572,1.7452759335201629,4.265008121004215,0.5773103716124702,0.6876479785055838,0.5945032184551156,4.309142657063993,0.4279069164659206,5.300045728569616,0.8837361890692496,0.1668564813156781,3.926695988672662,0.21196893588388926,2.1518983926769546,1.039756629953314,0.06630676054994722,0.9623473382241425,0.6227193595199156,0.929359481443178,10.147599709747638,0.22360631310142937,0.3765677611919349,0.10282489959392405,1.1276107930203647,1.9609802217486259,1.9984056755106971,0.40150703834151047,0.008748155242935818,5.198628831100682,4.508278284984314,0.7684256504167468,2.470334892620527,6.514714077136573,0.063344144617272,0.3042805751278639,0.31504486286399325,1.7974931132662237,1.1999359032821988,0.64991823339976,4.57723783343939,4.059243262866978,2.6913624984434765,0.8884137577940048,2.3878318672846888,1.0339118507246665,1.1056898556323151,0.2976584498591257,0.534509016198496,0.5751193532174348,0.20499729374471087,4.0453374484481825,2.6248234771315033,0.3826680799421172,0.9458384193918523,5.959699461887059,0.0005393031733678111,1.4253840448512896,0.4612525747243099,0.7123758379527354,2.9474030145724335,0.09718672228267189,2.257782057285964,0.9430050274401665,0.9966274716537633,3.3863542790934305,0.8242594974541135,0.6099512386511521,0.5103134891779806,1.6620097332985881,5.187523628321301,1.132161300466552,1.1621559452421406,0.18080459746945765,2.599788947437372,2.8237397937671487,4.769923508472166,2.179448917322302,13.237320723233053,0.030119872284219085,0.13704719204760196,0.8829457506530812,0.1471591907608465,4.885072382165639,3.8383565330031915,1.8952852193049492,3.4281306710205106,0.17146839736182257,1.4551976573605665,0.7346273908186811,1.0755286947584928,3.176013064430384,10.428411114157841,4.390981931871258,6.775968467675817,1.2215183185139313,4.285207543159383,2.049480498036451,1.3255315472110452,0.4456679471482641,1.4456709076623133,0.20880518066416975,0.006953080155434499,0.4294362595620826,0.2968455011146667,3.9697380006617244,0.719325265283679,1.6786193726626255,0.4316790661643122,0.20165220204730616,4.891262196414143,4.300432392772462,5.080440354348363,4.773750211209436,0.45099801934234823,0.47364470938958547,3.7701660486121416,0.15762809150188067,0.2947154054150034,5.436062941476482,0.19937259670453011,0.8664059309594334,0.6037212194048407,0.3499456644351189,2.7861112942972146,2.568264992513697,6.190554778706748,1.1194554713881544,3.2372482501540625,0.6757102884872874,1.1673606514247235,0.2637605014978217,0.5078612971258858,0.002649750228145731,0.2567466564497092,0.7356832479527111,1.380449325241844,2.9937355284588025,3.913200350196689,0.8803670478281527,1.5280707865942482,0.27559152605891146,1.5129448759580046,1.5626324878038496,0.285976609036809,1.935593248772288,0.17506916902137415,0.40676770115031124,5.145931478981691,0.014049337463394984,4.33786662215532,0.8074589546982813,0.4979173704485935,5.628061114543478,0.6796901442809156,3.916128346681742,3.933724870042262,0.72202700111841,3.0961742708409714,1.8117246766151154,0.8965204918347487,0.6322753778255445,0.3129972967261332,5.382823015139815,1.4157324692591597,1.9208634310154196,1.891326178313481,0.29236691404428816,0.22412397674996298,0.4474015409369745,0.6236053824627343,6.133059027349416,1.9789757727510906,2.6726403191660664,3.14562766330257,1.0859426699547736,5.171430128132066,0.858111567663417,1.8121321802530475,2.7610717310549804,0.30538441113124415,2.127310596233766,0.4779037644123145,1.2958351257043763,0.32948809620297737,0.37783206640352507,0.7691873189008956,8.356896179914528,0.2329270564101975,0.9165652210187369,1.2870323454006845,1.6292237829281047,0.2998779483402594,0.27671552573496494,0.7883713624387283,4.842500166240213,0.008382391269943446,0.7102764995914677,1.8327711102703357,4.2218255905281294,0.5084064403832369,2.7693152863448542,2.4909723756176168,0.7087928825923018,1.9288524605100754,0.356399748076923,2.5432777818530123,3.5502317617358616,1.2615407972079171,3.340195783641073,1.634397382648836,7.930370475915572,3.2065829771537375,2.064330089917288,2.0689768820212997,0.9961716175297852,0.453359866715362,0.02576885104968829,0.7721189517500229,0.20734783923418076,0.7339798143816205,5.309073414744876,1.0013563699673882,3.1226903827715278,1.597814562058713,1.0407788965269038,1.6568458079291934,2.0446929305710864,1.087305286628439,3.6610737441108805,1.1948845201954112,0.41345913037911086,0.3343789652106386,4.145327402155906,0.12298088869894336,2.0010398584841194,7.344869167129634,0.30554452393570064,6.86129058694259,0.7321331736233974,2.5460175358941304,5.05142932479319,0.3424275923112431,0.049094596714700955,0.9595503327527957,0.28091509328625053,2.689538360321787,1.9486512272753997,0.23144110134681917,13.39632655421328,1.2567247913820094,1.5437536490731316,3.970178523246392,2.9657945099292515,1.14545349331188,5.037265258876083,0.09995863392396442,1.7787078828409308,0.6502192520831281,1.3919517993233272,1.8032979882515834,1.5182662575963173,4.7946109292000205,5.927923021008803,0.39878691567026814,3.300026527004828,0.035961295445671726,0.4233859771541095,1.9882299628985445,0.13695084333057927,1.2949682701043606,1.0113904833596337,0.04809473262846642,3.519459346213945,0.3778785414895651,1.8185406598772735,1.1502686283964192,2.0603506726694354,7.205614518763557,1.5436672321741136,1.7737664646856683,1.402182750733552,0.29100141686289893,0.5679298882610744,2.803064172186175,3.433640412897736,0.7773777036786307,1.6518476098960924,0.375211797318888,0.39946001535816467,0.04727420983388164,3.3438364183280713,0.9936085664648576,2.4237434114409058,8.6591685823656,0.6646287852261168,1.91176231694817,4.958166364390716,0.10113732065544889,0.1815144508814347,2.3059749920754666,0.7647620761556164,1.315124124876172,0.09492366202624791,6.505486289692722,0.9132327285718249,1.41711810294076,7.0814996945559,5.142957368486474,1.7795987449316168,0.6825170009052135,0.8169025628615609,4.623322977126024,0.6063850114310049,0.27573257553530217,10.84480159259545,3.250005819041493,1.7906879701866822,0.9559576337945197,0.8330167572898386,0.0361031844067925,0.7999656923776857,4.664799870097822,0.5664222009885331,0.5932815724463156,5.635795475378476,0.0009499731735242989,0.45020186259242534,0.6238398876464439,7.027721503678979,1.1148726756564726,0.15391906017626278,0.03966501044482207,6.223886052239095,1.9861991697736407,0.1796611377796351,1.3950028958166676,0.19454942686240173,2.742090551017397,1.3475160538730075,1.1849338129757718,0.164381754817029,0.6930617598303296,3.732450443560245,0.9059715530792619,0.6484627179942541,0.5455952500021832,0.6455567579203825,3.126487320145706,0.22815764556461327,1.274814877913848,0.7419065764628847,0.12391280153832973,0.7260383436698621,1.7296108492981368,4.600915799395076,0.036678904971885085,1.3879475314996048,3.5121918431179746,0.3733551371691024,1.4166538051812623,8.03471475567991,0.12587059994461103,5.291089474409144,0.7850695269965995,0.26467786486735934,0.4112228366653432,0.2329998611809745,1.059382415585403,0.4931776950262847,0.7075345087563789,1.0064048573073703,0.21224259470162976,2.6542824385887833,0.11866967367717007,0.30411053230094787,0.8477883585200437,4.803253057091385,0.49266257502275934,0.35872393662676105,0.946592429575112,0.06897983992685619,0.47112873560578983,0.32144458568720746,7.0920527130152395,5.959162547405933,5.225770759631821,1.6909056847586774,2.544594131169626,2.7426188280075134,1.2148329601982346,0.7405978208906641,0.26100843034616517,9.463175791710686,3.432217661357313,0.5831321243997873,1.046439318712552,3.8380446771386163,0.3869804650686328,1.3175825827075196,1.543983600251738,1.9255965086843037,4.62878112256509,0.4128091518386925,0.08298408120444134,0.8214332477110629,0.12849995528967728,2.824933124762686,0.1949678049057446,0.442149015343487,2.4957979098212357,1.8631256122423738,0.05021985635462811,2.9855337850802353,2.229384109140992,1.8959540024591752,0.800561943267331,1.3081348533988653,3.180111178221903,5.142063690836011,5.593634975953789,8.478460332931792,0.5119017927104901,1.678180267449778,7.228783119749731,1.3572012230830666,1.2164984768307345,0.6309048816263605,0.34282466951806034,0.14491187321477628,6.546783209205554,4.764849194189664,0.050807068572601644,3.8896983419265374,6.0976525161615855,8.251636174524538,0.9071773688408948,1.0012033422420241,1.3298817275735333,4.663878966734921,1.2104770914926863,1.6202859985844298,3.4339937422337563,11.951625864876839,0.035890431938844,1.9338524093743559,0.4266258720892624,4.551468141420202,8.263969478773141,5.510328731701952,0.8800971847038022,0.04751537498120895,5.38252460908592,3.5176295682585006,0.7271996321038521,0.6351025520055267,0.5044093586799231,1.7615872908338297,1.4605765600357927,9.32342907541884,5.994778094552373,0.6946857286470032,6.438152667840768,2.436516411642798,0.44020435888453147,0.08313532874629992,0.3099930012459129,0.0019294854639135828,3.181463060936131,0.5684543616975635,0.3200637702759508,10.10459186796582,1.0330556127753119,1.5574398495345907,5.033671479822935,1.184849201297821,0.6336715531935226,3.0469205009333074,0.026415571713069408,2.2330492748161817,0.16481929008119484,0.02169156413764939,0.5782193944259492,3.077930709437573,2.334480768281461,0.6065629041826446,1.0947774020473162,1.1937024565300152,1.4947554866367325,8.896789875042971,1.1537805806518842,0.4852923481439517,0.7042843864916377,0.37018151875966865,2.598594050305411,2.9958626802127695,2.93780356555716,0.6409238727042277,0.04186813558338942,0.33090194971372067,0.059284709246691936,7.589470287857534,4.822536792886058,0.03180817962897464,7.304123587552155,7.931686475037606,1.3325310229580516,0.7837989560451308,1.9411618524656045,0.8578516412000652,3.396872788755765,1.7253523207962989,4.485365847976069,2.244388908545851,0.7612123936138646,8.528528794833155,3.5418696351692773,0.5240227403725637,0.23646759114184152,3.020243792601347,1.67125568082534,0.331746038035873,0.3889088472574662,1.403045644104856,1.9495331917500653,4.5946188435184006,6.7425538057739445,1.336834181251707,0.6571705812722699,2.8822163712275417,0.7294183694916101,1.7813514648707636,0.31627935502356186,1.601709597780213,1.4463489373578557,1.4731926409571106,2.098118875601944,1.3086297528995385,2.1521984377312227,1.9348091419801392,3.227172393389751,7.165363146739009,3.369025943119679,1.6611183238888345,8.213245278110572,0.722780841622983,1.7903634138291546,0.5839454837530804,0.11790737629794035,1.7657772512945082,0.90233350811439,2.5994232052131827,0.17171058491090108,3.5190045767195643,2.249432829191982,1.7678343862769035,1.2717711897057389,0.9943063865320414,3.4656847216326914,2.110976865288985,0.8612668338039828,0.533630410057417,0.4950013435607943,2.459101923888432,2.883122905314793,0.1545826930016645,0.6537119694728422,1.1773404474486742,1.214374298864505,1.1738199361331545,3.1107425697776767,2.9774516760135494,1.8004826162208107,1.183996447465818,0.6005320244897692,1.8886932906708367,1.9962201777877415,0.9802079006573482,0.9063190583438091,0.9711867699270457,5.1230506617552445,0.10861168550217465,4.666099035174152,1.6342062788559217,2.755497941757289,1.4491395372590201,0.31260518249777713,3.5656611099334166,7.789616287361876,0.03959127651016736,1.7565546624940356,1.8576877340331048,0.8542282779227159,3.90833007424658,1.9943767130726715,1.690731635462216,4.85532867118037,1.4339763842998767,1.5294953129744435,12.42326173040038,5.465105827382741,0.18443295623961475,0.6352963717886428,5.330604170497039,0.3283569789093359,0.19275001665432434,0.1756939917798448,1.923350575903359,1.1353330735102996,0.1744088119405558,1.9694016330256676,0.1712232387606667,0.3662078432040613,1.8960503158806596,3.4795462290902206,0.4304508952298487,0.6425300753961167,0.7006617052623256,1.7663358969376526,0.9737262965949813,0.0063996579259706365,2.1199105179769635,10.609985484023415,1.7413158067294168,6.473365091923811,0.2181733422429063,7.538205606362317,0.9103597210452588,0.6465709749070143,0.5814673542619317,0.975059478398784,0.8432540296257862,1.257274879516846,0.6689552343825991,4.427447081264146,0.14436956525718392,3.6975275648059194,0.07957027061211963,2.3761172477335903,1.1337141640426824,1.8417902223065319,0.7272246594876963,1.0767086152987284,4.267539215317129,1.0840148718609408,1.2859104163933626,0.855789759811594,3.022528845211987,0.09000704581724728,2.0472156076746,8.197462483102992,1.0252476871455038,3.32820820850198,1.7483640845573696,0.5366337264797807,1.2326385144663625,4.280298089448124,1.9829538190446963,0.40557866367600237,6.908663642917107,1.2243253960332277,2.0996792082677613,1.246364193019202,4.047716154174582,0.586436653708575,0.7717738947892028,0.14665711878032317,0.772659013757844,5.607912631194651,4.0214288728022956,0.6612252621976651,0.836676104001617,0.05302400885399239,0.09981456850201464,0.24530627322166,1.6304570228377564,1.145593470793163,7.1021094721151545,3.2111815010863487,0.23588462380220254,2.5254875175196276,0.20579772424861398,2.8047666152943274,0.7239648856998016,1.6159199277338638,0.4989455792451718,4.85373160617675,0.6546817010354324,4.801480457061897,1.2474858786613807,0.007510313443699013,0.8723905486227924,5.225615867160353,0.6932533457167,2.289448245807419,1.9402298214243525,2.492520977279078,3.849912656089088,1.286096761003212,4.246998752665911,0.7870419732413858,0.43146823648815413,0.09818121825680659,0.05298679741617529,0.17105170318132434,0.057535579339923815,1.663069437918422,5.633022535646679,0.7906054065338396,2.59242455142026,11.499784449389104,2.559864400102522,9.16937988845243,0.38219086647358935,1.1329669070917872,1.2851069354368791,8.362604914447719,0.7444447310408919,0.2777952664818244,5.554251530992779,2.144773506850394,4.542878418426916,1.3915333261064573,1.1925990126176367,2.158373795481986,0.971553684193084,0.06629404311960863,5.867683247026427,0.3935708075297957,0.04211568925146825,6.966733616989378,1.7888149727953893,5.635917788869996,0.16520683771842926,0.576993269734067,0.10004966997963027,2.3652976631976412,4.398029414849571,0.4873147103472266,5.86775191541089,2.1511061511805347,3.9882626450182324,1.3369356890880235,0.23963061052181445,1.2560250655219545,1.814351625552277,1.584636911560287,8.388967937232154,1.0152627751941998,2.844906112726866,0.28955301768171837,1.6879023185508104,0.7666708372628641,2.038566295698453,3.5167394203046385,0.829804546076991,3.848166826942822,0.897009010295811,0.00012628181300100572,4.002336296441937,3.5132901914183305,9.063713407312044,0.32118194322361093,0.4524446947598316,1.602523457262454,0.1215288814336587,0.951176178895311,0.8636274233405459,0.4388196069938668,0.22594167617663463,0.24387035730277407,0.04028675085954436,1.2215636172882613,0.9117510593561444,0.18217510493245737,4.8173632907980375,0.06609236657467499,0.3427792790007792,2.9342775058982027,1.9060424777469716,3.1074544000479953,0.3809852854543482,0.5173622557666728,4.665441108196632,0.2371126850846479,0.8499239449820839,4.321567651605727,0.6217943935178477,0.245379419670666,3.1688644399063053,0.9866332955626542,0.057858460491292396,3.22943506829069,0.871816144646278,3.8181864630144786,0.27808433419970324,1.9510281899521482,2.5524403659363206,1.8237212641326224,1.8213585911381376,0.2719388401186095,0.31405016341288583,9.519304038333942,1.4380168923179664,0.08954386964117012,0.508827143955672,0.06014604283396516,0.3944596602046855,1.3943419936456762,0.5082263997993465,0.24245551106367424,0.21969092826585446,1.2087722361362014,2.176850065884393,6.244038407285341,12.097360202354936,2.8658967878324684,3.212010259020791,4.2538757369071645,1.516907812433985,0.39447300573297794,1.7993291174168355,2.0587061169920284,1.4889275058077296,0.6731208601451812,3.1320022040190625,0.22976624100507426,5.082800782120662,1.4288463369313724,0.3035628925124476,0.2687621552981212,1.2932351798526691,2.325184620953523,3.865105686126825,4.08625967058629,0.4166671005519019,0.5572037578174176,2.5356595159949755,1.2005886076755743,0.399711321597382,1.4681744550224691,1.5738313284810923,0.3760080422683807,0.6854076428217768,5.536934946018765,0.2911095438898825,5.070411661689478,0.8868829256390733,0.5799524229841833,0.008101293753847272,1.606924041109624,0.05894880874766306,0.1712332872465746,0.23667057155869708,2.26955819039598,2.3360030258887527,5.421236543757126,7.04785528609603,5.820832254236217,0.7257750886697066,0.6383696670380838,2.8957905970914575,0.7401573526894774,1.7468486308493019,0.10077539746987885,8.39515802570304,1.7599269372866893,2.7782540129100477,0.8945334558874825,1.470114305388082,0.41748233898250064,1.755992379588383,2.5222008223016794,0.33685097833179967,0.6137699784540845,2.7513180234606653,1.7183729323342527,1.7474905774299168,0.3616131215873517,1.0360199723686527,7.00352449286151,4.029824482162285,0.5106616294963686,0.09738666696333642,0.23549073801077958,0.7169012468524683,0.425183972275188,0.6482390046553084,4.633859671536985,0.5385529120927384,3.1074607929600213,0.03268505644265218,3.1179091339886793,0.9959264172072422,0.8765208298276288,4.887716870312953,0.3688920391964505,2.6294053329473117,0.39389997908364305,1.4140840702074948,1.8025790167336997,0.8277855639416984,5.516836801016009,2.5532412525911727,1.2487763115166373,1.355772668064606,3.6412778068043665,1.3734221555663215,0.5755717717493194,0.49845897629444114,1.2680247357809649,1.56048378315662,1.4031335527192303,0.43098436769791637,4.017522430607981,2.099906427856096,15.97533026141342,0.7986230699613461,0.8258104421144083,0.7580840270673979,0.00033967086260133783,2.265255787260979,2.180649952647342,2.638192720638537,0.32994590486093134,8.08845300127031,0.5415333138232521,3.900121283101705,3.576087028594782,4.115109129612986,0.29166824216313864,5.479790889767935,10.900838732201704,5.943708330057209,2.1556019059994407,1.1323177239285334,7.341666305029823,1.4581198104685935,5.038895087919759,0.8320292338421729,2.134863710566318,2.3888906876264637,3.974532599171909,1.4532334250134422,0.24967751012548056,2.1613741423820243,1.7746766399439178,1.3197274137449395,0.5762021145452545,0.36771579274197985,1.5816199922971892,0.5571090904771516,0.07750790368592764,1.9081443054576357,4.127029830035028,2.5720513025513205,0.4072290833844949,7.748883712864484,3.231494955720625,1.1945448839148614,4.087327177957347,0.2875745648630613,0.6727564869138702,0.2279430551471855,2.334523019327423,2.0730057064399814,0.44586416525708383,0.43954432573324564,0.5728703582021335,4.192195155428388,0.35209831387747803,1.0502197715883161,3.201740111242934,1.4868101926226305,1.613034439804142,1.7096671569022868,0.553420387759038,1.8486774777062722,0.1390221816305559,0.47917843732983934,0.11368290232287226,0.9177403942824327,0.11520767635016205,2.1120046931389975,0.4638138750025633,1.1853402968741613,1.0541934039276502,0.06918136809466624,1.2257061243458423,0.31064157494220734,3.335051201618038,7.062077226520877,0.27744388286300903,1.3408018259877132,0.7711924195363986,1.3618643905895522,0.426997734598491,0.7248532502044532,3.023711197660454,1.1306784216589376,2.7195156702449337,0.15609220965793513,1.447898681627914,2.0324007872335916,2.017697206736877,0.3221742140153703,0.6565671619031146,1.7748900729321901,0.8539708717492531,1.900305321885578,2.5046645558424796,1.6083554802693225,0.24949939530179943,1.959377212502171,0.510982907851145,0.29153818352519845,0.3129680233351888,2.3225750638309988,0.09843669728344828,2.157985468371319,0.8555569198132542,0.2346245332923791,0.015788018160076245,4.390632257972603,8.067694848050376,0.8560251785908977,1.1827551555673361,1.6378622298522423,5.001004817159963,3.931336939949096,1.0875697904136619,0.7219115432361772,7.642613675283749,1.4535211253290972,0.4268288510607867,8.694807768627998,2.01573393256597,0.4365952410967344,0.3062787050696967,0.33608794154173793,1.82141869654075,0.23552410618446062,0.21624376703830928,3.0138244460121264,0.1719157983777133,0.29704932063452993,1.4870746233163112,0.383153632803215,0.040529751784485424,5.362217461394477,5.312516439295764,1.7967762929940219,4.310838860998043,2.90321115313527,0.5198145040903128,0.6431347221395488,0.4600575023652395,3.3901595454541247,1.4445258551334548,1.107210353004655,0.5964211470208975,0.35702857781568276,0.78048685663697,1.23245684185087,0.6683553119679422,0.6668201267486102,0.39545300820005513,0.9675989986134841,1.6674675532679122,2.7842724361196023,0.26334690841029795,1.6173347610525777,5.152116770785988,2.231776133432839,0.8673476423546362,0.6293838396844293,0.008711427412294803,0.5762998456255701,1.6234128453406331,0.04401776970787541,5.636171470968163,1.7600242231498313,0.7096462314590901,0.09971265099621984,3.7632411851133423,4.2775669850627835,5.486915366288546,9.989426606205802,2.1998421600996663,1.623267763488065,1.9583431858721783,0.8339615399290794,3.6103521030602193,2.0804366734593924,2.278851568702267,6.625156793703765,3.5013831431748494,0.09309343483950361,1.8033619693531935,0.24197206805462068,1.465914870746043,3.3080006655706136,0.44713179321570795,0.17445571237657642,0.8260963000774217,0.21447384838016914,0.11563090900487527,7.202416662403038,0.5097036858359366,0.23038263504113843,0.3959463228173936,5.145169344997945,0.8135029604980784,1.840773020913882,0.38600268911471725,6.449877664027699,3.699977440655302,0.22347627301303907,0.40288348208349944,1.262289245660955,0.29521297550821135,5.5682588364583765,2.3430636752364613,0.7205225962113726,0.05544488565525088,0.5706197268781622,0.8822720438713438,4.173704394393437,1.1447248752496009,0.06709294990179199,0.27502074937212084,1.7930692721900492,1.192523221599658,0.3636628718765218,0.08658034862501118,3.268844539328907,0.41690409926472194,3.1588518451251666,0.38864274537811405,3.098011320904827,0.216659371340431,0.9297359835180414,4.067632727140762,2.2642634446766934,1.8361971997193058,2.7522623501580834,0.02552225501538108,2.0097419790877096,0.2748626594345227,1.7290801170092582,1.325429382126031,0.9379916873319789,0.17748167846310103,0.4991020818443954,0.9157577043125134,1.7019093451686307,3.9480084653169336,1.8524936451292047,0.34888628872132965,0.9019010606233183,1.7846622983882767,5.401444011292887,1.6797042788768546,3.815508054225832,9.443594715975127,5.927143187506275,3.1798349788792892,0.254680610563082,1.394916949059985,0.6659711844668277,3.1963597396226526,3.8695687382165866,2.8709998567721486,0.10094293040192812,0.5991816256436121,5.324435221465139,0.7515455239959303,0.7065830167496567,2.841914180715892,0.40224729050584684,3.4847543455951495,0.27136642477203776,4.463706811446354,4.237457304018696,1.9814026009881958,1.4473158036216218,0.9175936011923511,2.6903779472727365,1.8626606985796454,4.694633316273221,1.1785386342598814,0.9965200568972215,0.37151133306013373,0.3676205520433251,0.544192148521371,1.6445628002573183,0.5383376489309117,0.12448234025982408,0.15892246691820722,0.8356969257617441,0.2556903893788475,1.1851537090319573,2.680947969649146,2.4653159040949655,0.3976151188087038,2.5666118896827728,1.1267579611183385,4.668611215104798,3.384932954459189,1.0766258769862989,0.704982527997143,7.482572161450387,1.3928132749719806,15.225453182398438,0.5210467974085518,0.03618262718085996,0.7099341986495564,2.6240663672875564,0.25387233526954556,6.423080429064469,0.8446930683492146,0.5342962146672976,0.6175575314741952,2.0947850897437448,3.858103919424897,2.8277973112595234,3.9508900279476484,1.30630909557128,3.212370569006565,0.44613076156314957,2.5545825910255333,1.4892322343010524,0.8775459937027899,0.10797375543247834,0.04206096587780617,4.067871254732976,1.7582605441067543,0.2833090287341711,1.1318007857453702,2.2849128269810257,5.216043755023361,0.5621744799292576,1.2609193752780241,4.377504113429371,0.3095877789335063,1.7883307793102556,3.8069692399312953,0.8261917962317166,1.0744028388638664,5.239029526318862,0.3504351928983035,0.08774287152039784,1.5292171834604091,0.5010126206924397,0.9463357051989785,0.29424000987714893,0.7786507199461168,0.6942469463133276,1.5167362599350938,1.2407337062296728,0.27575030526395183,4.615010121012095,2.2971339181774866,0.38159410267698757,4.706226058592362,0.6627115060017053,0.5748740546088458,3.902723988258522,2.555564310631415,1.0392895151184391,0.39567643754575954,0.7316759903590349,0.6039750168270133,0.11677772152794652,1.520709884331737,7.534709333829563,0.223127654163769,1.039852663408425,1.8872493326541646,0.13641513518317172,0.5401678623862098,1.4314351979303814,5.192477450899017,0.5059534613463885,0.6508250775710409,0.43020892599464966,0.39851961970549354,1.240155167710069,2.3707038752174006,1.6451675608557546,0.9439291700473253,0.007960465592251165,0.5675463230340746,3.62060503483755,3.0793262877410545,1.5115589417664712,0.5744416321190466,7.625544118659128,4.438455818153249,1.8974497469339886,2.1579208438123594,1.7575230267156696,7.5158682122947775,0.18809161654514694,0.9513716530740113,0.3154914663653112,1.465577336932336,2.4003938987939626,1.6794870592914122,0.0017986762393369382,0.0538649484970104,2.0395877285655093,1.0034450355655506,1.3192459279822817,0.18287648834806963,0.3375605819271829,5.00725777541753,0.15847998980061462,0.4888309217573581,5.406858471409716,0.8820130373553735,0.6072743026575813,2.0309725350369243,0.677618587613783,0.2785396965127309,3.40237017734827,1.1906700862082915,10.441094904646366,1.2986036426243115,1.6678591452403133,2.808973789774676,2.4619251870609995,0.5658610546362719,0.33894181774827337,3.489561489810019,0.7657700866332873,4.371439194239012,0.2723922061675379,0.4604014846305753,0.5183514626423142,3.5767468470704284,1.1166440273171983,0.045111833721307115,2.8932519121456477,0.023424562438817742,1.9553933205245624,0.7123447178669677,2.076430800469815,0.32472270309633355,1.1769350070023905,1.6357499339695398,1.6305670502554714,0.041809764181962916,0.5426781402088432,1.2624821370470825,0.5450498116696102,1.0010216390849798,1.5718499508517834,3.609327760538653,0.7961406360630465,2.9750552067222897,0.14034651056752656,0.8630391976966183,0.7803612953021777,5.737793842796425,0.26575000523128756,3.443591055481214,0.7221651516243024,1.3207120432435726,1.6618336549710957,3.3934967873808572,1.7813198638805825,0.4005278675044417,0.18323866021397173,2.2035274509970315,1.983515451708417,0.19873253991380083,1.0558170148839063,2.0015505340663466,0.10189892263828282,0.15020551677328076,0.712764205265437,0.09855808940819566,0.9133540444111836,1.2252653848579977,1.5768541183486326,0.4400928693535169,2.134639137423104,3.7267339194079625,2.132060676059804,0.7100974585253113,3.598263270206983,0.49928105073926465,0.34717250191615634,0.021076733856692537,4.529758782365539,0.30600277578899027,0.18906782285487678,0.25687703176522203,0.012748198711699743,7.155755578213817,0.48990336644284427,5.140731525069155,0.10498525995133035,0.6711590629312987,1.2718062044789633,6.1425283439552025,0.1143580586476447,0.20307871922424647,1.371183242452736,0.806695346608358,0.1378226287326707,1.0475302155787676,1.300642885373803,1.0585278133545573,14.191831074080238,4.596026618530795,2.2787122777614712,3.5139704189170704,5.680753348187407,1.1557772870222256,2.2158088067147643,0.6167768754653742,0.312174370164668,0.46329350153103677,3.832794938821143,2.3388660865772626,0.7614065651782542,1.7720528093530912,2.3120702562888766,0.0038345285166556664,1.52460595645327,0.3151294017218409,3.8765944675296686,3.4214362921753336,0.7461404992241005,2.5019238994151802,2.316969550263371,3.258864373588759,2.5795177010235593,0.1182628674984032,0.9899427449977765,0.24106630415924646,1.707341483672978,2.4449286250698448,1.434902167295867,2.5251011323756014,0.25907729739554064,0.6801491870742433,0.4841680344452108,3.9711695033201417,0.6450261210817552,0.826459710254408,0.5339181835969429,1.125338533851248,9.587750010501546,4.336893429623397,2.8230221906254678,8.037480513368209,2.069763333414037,0.1405536178189617,1.230955512497122,6.998796951597852,4.699984913960691,1.3545725865856937,0.2569777446385615,0.15610902159522255,4.530762100438187,0.2775512274272405,4.615837878447913,0.07778750230465459,3.225593260322716,1.5760916366900024,0.41426178422768944,1.1576760211078772,3.073047480745314,0.005711586678969871,0.4641567242442637,0.5927688803597453,0.24773192453255444,0.5119825740094208,5.538399702159706,0.2442983650827948,0.43668314919414275,0.9456691227145227,7.110330776352981,2.5335353018377065,4.52906479909527,5.7709699580093154,1.3363893162917964,1.1544331644123944,0.774767333976556,2.0524298127193337,0.3274040872886637,0.012646325471675546,3.2563417500056318,5.09837699101167,0.3155207691124224,1.6580151091599853,0.674298534395799,1.1671832242722746,0.41977728757362964,0.062402827734148625,0.8530518764201702,0.39571336142684843,1.5613710553897575,1.8535130410615726,6.597896732242809,3.4959265363824708,0.34604261410188464,0.4860168476768574,8.724085879495732,3.4769698444507413,0.879552476422229,1.1172205078300994,0.6104745149833888,0.5826213832349563,3.728013828428587,0.34397148952013323,0.09789488815868574,0.16575044541127681,0.6825656039662042,3.7329039976631897,1.0567492541718746,8.529752493148493,1.2755742666922076,5.751581949043555,0.33900074267253055,8.142989846689147,1.2106322600286168,0.8214691117762852,0.3809245522927316,3.282106086771878,0.29018404752985827,0.28220128816211576,0.5612607351551437,2.3527590141114354,3.1788320606768745,0.8787876145437687,2.3574634712555644,2.0725656229168297,2.5790467237073784,0.02880819924099498,2.3105819995155104,1.8948875325562164,4.454660187339599,2.083303329203326,3.7757026390756105,0.4187493300555414,0.20994506276265956,0.6418033706714379,0.9167395587591975,0.3699361423468106,1.9580331787768745,0.2820456268992684,0.24247569187522233,2.2966368064510254,13.944052068169892,0.637492485921456,0.009794912366233532,1.3089043284124586,0.4317604185306041,10.073307379604094,1.4942479790018006,0.3371448678046267,1.964311004546735,3.822129028470097,1.434042343187424,1.209081939900259,3.213712080999648,5.561009011113715,0.1646573871040311,0.2743336836053243,0.3106573234126131,2.322424529828384,0.7235965338785879,0.8191829448662802,4.395177166572845,0.34004706449750666,0.7233408765021436,1.34374103543597,1.5627914634605051,2.0789902159848634,3.9019089322035345,1.5362416951133477,3.3786433697491383,2.4371713381783326,0.6178996323779328,3.9950954743327323,4.251441380314235,4.708210231280014,11.565393141747405,1.3384253496587188,0.2471609402947319,1.1352569470490763,0.9979058034094394,4.688213047287027,0.7478567442804154,0.5293950619167016,0.2808048358220747,0.7705508639926515,0.09355054723591638,3.231087651655874,0.3760173050630118,0.9890536726639061,0.5215392068830687,1.2844498177787769,0.2703056924751863,4.725317071829346,0.9503159873044167,6.3939409403495056,0.009684809633317304,0.7204252775724711,0.46219972257608277,1.3197577250135306,3.3442498477921965,0.868768125470333,0.19725247650946875,2.9010310145543636,0.8504696863874588,0.38800024013060885,0.6788471615511792,1.2222390372405316,1.2484057849515917,0.5023805530132244,1.4467153045295538,4.2093030665671645,4.475142659851341,1.6397537351266434,0.4840240810303933,0.046495760828337174,5.946844343564599,3.8822971998515294,2.423745717451598,0.292396214536744,1.2445285469593284,0.8754480420266768,5.421837694738277,0.4294083506538455,1.0883783616700615,0.5871941696339632,6.486457418418777,0.05190558535346579,0.9740736693816533,0.4566634581903892,3.989999141965899,3.623732320709751,2.531124148835208,2.408848250271008,1.1130202320150797,2.700244381211396,1.734325796518244,5.9990067480218725,1.4168542539313091,1.2456291338290082,2.45673847380266,3.2285530134303544,0.15999650991870817,0.015535625958584487,2.6221382643754065,1.7145907596378938,2.3349333657556,0.7806092622331983,0.10295199353376439,0.0759693589902688,5.108521525887591,0.34472368386679597,0.5434775170025503,0.047173913702132975,1.9053362100032816,3.602218541833164,4.507996024540944,4.99735641203518,0.19625741567897936,2.8626341542973686,0.16117615221906334,11.45785827828216,0.05819752305890247,4.672100760249817,1.4689760024641947,0.49509989576660685,0.521939645806925,6.316425411798971,0.4703619149848206,4.874529191028508,1.315491459876423,0.04675649235141366,3.3364131606652503,1.6765045391783318,0.7898074937399078,5.0525734562873605,4.577934716161208,4.397613386441645,1.4382182393605627,0.221647167402361,5.229948937869615,1.4907305533549602,0.5688865714861517,0.2045781818474669,1.1381343367066492,4.288659506419679,1.3932103006212833,4.245689734359695,0.8837056418839166,8.990094541500751,6.13409301423994,0.7547633657322352,3.1217734166532316,0.11165634032500593,0.1843705402512767,3.158664666624286,2.2884133540593012,0.8835599346679962,6.646586624604951,4.2980276462714,3.6490464317651146,1.558897951780545,0.22525598372671574,2.715883062947757,10.104528883643463,1.9950332390345586,0.8077348692732005,0.6713185212243542,0.39258467251792295,2.2548609844431606,4.968245547984649,8.467223615848873,0.49334538936084793,2.889400988374147,2.0217404680008717,3.052547670782717,0.31765003435298667,3.840105554184941,0.7906020519974095,0.6313682001934764,0.2580234229832008,0.22300023600634988,1.6561129795280727,0.517866499187412,5.027232880216841,0.06819443772680489,0.8807496759791014,3.212921340230283,0.5579596064190717,0.2143021536914591,3.2663522961072866,0.22061270707711067,0.341362434612551,3.6402984588291853,2.961226884076126,0.5837523322201401,0.6561713104326281,2.718623434921419,1.004888672726811,5.137774883524727,0.5362269958624921,0.2818635173877295,0.5549031793082055,5.795113342740229,0.1495097771437266,4.151804440113303,2.5403658201003263,0.7059838632029569,8.323036749764771,2.5370699143702238,2.39874186778273,0.09492318445884207,2.5525806150057084,3.70656684987332,0.5593732589875469,0.7200714515073654,1.3609304024577855,1.4954838502953016,3.5514263942953432,0.7575532398502587,0.7309889964922524,2.8055845487444975,2.01179347655943,0.9202252224130367,0.6628219266162764,0.7262054062924355,0.18204705956070688,0.2442460087128855,0.6326061020803058,1.3045366349451535,1.6715251173437822,2.1733995653429288,2.7559883121757647,0.16253792952588575,0.23229603075645466,0.3855998762829964,0.8497038375152428,0.5429803294527429,0.4659662197923674,0.20551999599143844,1.1200934475185673,0.02042822584555959,0.23694942693211285,1.6920290679650858,0.47672649857634,3.0427962340006793,0.08395228917612174,0.7323370338121391,4.273735347409616,2.3267879022149285,3.160753753441427,3.4781524602372347,0.042297297350548546,5.302699643580988,1.9320581671676296,1.1445158335034624,0.6371377324959246,0.4438890189375557,2.3342175748077727,1.3949335844884336,4.8804391792103825,2.122744053877505,0.25230452928600416,1.3583335950978208,3.9243244473279195,4.228713624693552,0.9629115577010294,0.7202297881487669,0.6671875644090273,1.9691434604177414,3.3482569242570333,0.5039321048353367,0.6778945302891672,0.5152314726866414,2.1810421299691405,1.033275986563173,0.016101836311055884,5.405171043261296,1.7798848505212135,0.08403118031666068,2.425975164652601,0.2772060024503187,1.962034533581475,1.6083550100301467,1.9232993480602036,0.28767015851248323,0.32168845943445246,0.01206651400538944,1.9467270233184666,10.294195889514627,3.0557791579748015,2.8133678580132297,1.12677188814381,0.5620164876016904,4.194691275215876,0.3601868897071894,2.317875079461377,0.24865704562219415,1.9884250393504799,0.6807877873160952,0.579726165211842,0.013021723430117982,0.14610320109050645,0.35581442513859285,1.1696255366387336,0.43399438058186846,3.2633527443470185,0.9272955345970734,1.2275124749160136,0.29677003825260106,1.3361035327424573,1.113483020457999,0.833557823697876,2.6048016840413553,4.552198721644446,0.46707638647019933,3.492116866993861,0.8196909141177469,8.633620593584824,0.28623634455230373,0.7407202272531198,0.20529512445178089,1.1258962692835213,2.1509967668837375,1.04851105445842,1.502408414768083,0.08987626747580624,0.31334533051659497,7.58275743986912,0.2057117777061681,1.4716661067288017,0.16934310744986023,0.05055718789071051,4.792129308388321,3.055586535109864,1.4381887786230454,2.576736831936917,0.01817877617460928,5.991101832391774,2.9596615997892988,0.34486057380016,0.21033268253523474,0.29288502236987646,0.41974602757476065,0.5233066749108071,0.3204212831786053,2.8339212939143055,0.7375248537671852,4.305885517185559,0.023268144053490758,1.2170168153412098,0.4700381828276545,3.728414658994766,3.530368249706232,8.935715728662354,3.205696125847296,0.2647779171308082,3.462325623882524,1.084349391879675,0.5864203850291116,0.5001306069786822,0.1322813197077411,5.058322156526719,1.3117111056550432,0.1024164946873789,0.9563500643244873,0.8222515115471092,4.867070651455489,0.2410402414792916,6.793847456319901,0.025099635266602638,0.00944857330935267,0.47433377366235785,7.411905966098062,2.6236445943820232,2.0299762818300673,0.013913684847322694,1.045071007136202,1.0200071405466122,0.5506414401028192,3.256969741082326,2.8153602639998936,0.5411881364679791,2.1894455543175604,0.5266228597325697,2.0300036556055083,0.8025371404735903,0.39006090627585066,1.2942777239875936,1.0347605793788976,2.121231168665176,0.2344453138177689,1.7577038026718887,0.3394894099091843,0.4870371751560496,2.244833317643516,3.8098492790283998,0.5212034877814218,2.7711653722267626,4.735578763505161,1.0006305749275324,1.7124549060439156,4.494609346628788,0.43879219899726474,0.729512374660414,11.171835607795137,1.2379964957849663,0.9896752695511244,6.39849801400322,0.7087477413750167,0.6515761733522556,0.03569068378491269,3.50545661481477,0.6466709877056189,1.2253629925875522,1.1105249778302029,7.061905778643581,0.613772681857188,1.0143099253511214,4.286427774761492,2.3798423817348464,0.27506113757453354,5.486038102961761,0.18719056732128425,5.458316837075878,3.5140332208013394,2.0245597714572616,0.3606752121687817,0.7260162239548329,0.41337757795478014,0.48390494056880096,1.3010384710469924,1.4465597823668093,0.8612967718073099,0.6855693160731464,0.546780407007157,0.22988456436412052,1.3935319464142277,0.5420858741716317,0.24251967468369318,0.41288799760658135,0.7189327910809831,2.7741874659246277,3.300077411206901,8.811342343724466,2.0190811603678434,2.5360730894098498,0.7644089312971483,1.810059328268975,6.21344314094813,0.6539741408902935,0.10964154077861421,0.2631097510066249,0.14399992549643637,1.2642682330863575,1.6645229314801253,2.3972915770809,4.587204458411189,0.1654222462066295,2.5682293163277494,0.7162034709623959,0.5360975916710244,7.304934347036847,0.31516011748724626,0.9572109490125011,5.350034852272838,4.750167004929397,0.135821887943268,6.753183007163424,0.3303372183506079,0.8117981705686368,1.6161482204488917,0.8665588497029229,1.7234275841582374,0.05858129597705952,2.91655117396908,0.8529701077761183,1.0987974888077043,0.34904260546199195,0.060873251631078595,0.40018803232640443,0.9314015484767859,5.385834277488539,4.578642856388761,0.4091929641633697,0.33779519601924546,4.921693203590873,2.3632501260069074,1.9916140599994256,1.5791768567572484,7.197452380244724,1.7959613645601211,2.5566524995958497,0.5805018720941892,0.6899557349626235,2.5890443883656675,1.0222771940797337,2.5767550775278734,1.3423163335187545,0.5578526571549486,0.9727444606500244,2.856789369237031,8.520423385319358,1.0588231108377555,2.520060696103738,0.10340724626315811,0.0022982811106317946,3.1455679185633194,4.179395732649662,1.9291718511478084,6.048136760879336,0.9266428448459214,4.086646509602941,6.390557990162163,0.16915345504833956,1.4714173439742222,1.2013765660362759,0.22236803757816137,7.372962487668006,0.19907084838275269,2.6450437785714236,1.2928176727302028,6.412517129490715,1.7163863591507218,1.960330626522747,0.17411150063658498,0.6569501622524757,0.9387444302717806,1.3081442228533282,0.13058632795643255,1.7456494738213322,1.6141031725589245,1.448146601897511,1.0997492614976845,1.4676484564906862,8.028563615163046,1.8750337133089996,4.956826692439905,1.3548075987617398,0.07641171000381952,2.463084071509503,0.2897220731574204,1.0942379021030895,0.14490326623432315,0.08783014018579693,0.09681803684499524,0.5185108717640071,0.3039827193699445,0.2363417709738831,7.399211308686656,1.1762870768064042,2.174616184336156,4.628389606927392,2.1621092187431756,0.8134139402230459,4.495204832418485,0.3509493446548131,0.1485563629149267,0.2405221243525721,1.6662777207780508,7.410733343529547,0.9087239725052871,6.826827780110943,4.656155337929713,8.554079867296798,1.2818263823216232,1.5864613416748787,0.12376708540499681,0.3860145280855496,0.0732280289354974,5.6434653584267975,0.08792998405131791,1.5841106631531043,11.69216945879631,1.496117851404253,0.6509647419223956,2.7053175058387913,1.8913007038240697,0.41409112112884916,4.463916333422557,2.6478466149475457,1.144994038395431,1.7702721290471302,3.3420276902105703,0.38457180139421343,0.8303522707070345,5.113208587562335,0.27629252136194316,0.5641572943281785,1.597862661758593,2.3770071468373075,0.08093857971535678,6.405769167247513,0.5838763825038951,4.987199686699114,2.655446701924629,0.4522408166456586,0.2716757984562491,2.89723452019362,5.143341332176286,4.026426968935819,5.022910063094062,1.9514199035703719,6.663808539559373,1.1592986052334806,0.45657153630761194,0.1185534223010909,0.7547931501160743,4.2172463827221724,9.268505197649578,0.6625477691078534,0.6677869449829328,3.4018914627165318,2.978569746402381,1.6533164215246967,2.988627535520778,5.232805939539136,0.3011784390691655,3.8562512262966977,0.4370929442645113,0.5143522442114085,1.9865807026790856,1.2978448191627907,0.12401824998300759,0.15689939348637783,5.263567517124363,0.2366307106247052,1.8261903083376654,4.201530832472539,0.5125216365149248,0.5532024826235833,0.5604509249870655,3.1398990842122143,0.06302738836542998,1.8297841072637144,1.4165342972779524,0.8436086309652784,0.09210865018918679,0.8427393748889083,1.7438969966782056,5.098439227564615,2.414826202772039,1.1751789489786282,2.7944442110445467,1.100714520032191,1.2602091455497713,0.49296541399435456,3.0617458634477406,0.06894354481842413,4.966232797163216,1.4677801958701047,3.6955565714824146,2.1719681354994407,0.21176071761930915,2.84201268374537,0.1615635563327671,1.2313140479379223,2.821658098652745,0.3861881778129872,0.14885433114271662,0.9943744784918855,2.895601670803709,1.0391787519216797,2.0877303456793483,5.257249283483864,3.172481327742485,0.9629210526883565,0.24506558441698323,4.631582646253065,8.027542676094415,0.3727686467536806,0.9583843144688282,2.218173119402041,3.295504714406677,0.9868343493875402,5.183322995145159,0.49690939195079653,0.11527395972546994,0.3016743083384532,3.2505359126083304,10.001017836227483,0.7648837477061559,1.2197811868820678,0.2482191770068154,0.7859149127613465,0.587486304367498,0.3163762533864114,0.07083032428669522,0.15273787878684697,2.547096379206533,0.34176901258436176,1.4808782638996667,1.6924724490677938,0.2513601673128606,0.4750041323243357,4.99194285349113,1.1994188164908532,9.419371463123289,0.310247606300664,0.7498003345075444,1.353618082046072,1.3725591459562838,1.3801910181855281,7.9044257564366145,4.006034922307077,0.5674299563332008,9.739165478416703,2.301552115101247,0.22779574817110948,0.5014546806632467,0.9242039267031932,0.40048111693446764,0.5645259186087812,2.08748234603092,0.2871755167020522,2.5570908085019184,13.12728080731888,0.5906497619822091,0.595084952812567,0.6882891688846806,3.523826708024165,0.8017628201298725,0.6604450227907273,11.66185200875554,0.33408840911909365,2.436931927346717,2.259419482721687,4.103595235212607,1.299842477490331,0.5407442623438405,2.624595662192266,2.302893280156982,0.41421035114046845,0.05214886339592473,3.329143283395912,1.7233114293884517,0.5829544449740123,1.685631696319066,2.1535168096234827,1.017457129031271,1.8614452053803308,2.3436424062297236,0.4438407749008434,2.1187015768594413,1.3938248393740045,0.48203775051269826,0.7591706999771846,3.6278606055536775,4.968434800283736,2.4252466584544323,0.6735202317922857,0.29276366589697944,0.2924525082489131,1.3799019736075455,0.12034369663733924,0.7003916632941412,0.9290132888006579,0.3457405788719803,1.2873277948854644,0.0569286743651192,0.01620715463457406,0.7482080841307681,0.5582183080415277,4.705030839894746,1.8797130925243135,1.5564486388368832,3.347587986243921,1.9407277059142745,2.045869835750886,1.1865016153527574,0.2504565484518684,0.6925014303198522,4.701006803798641,0.7006160561249275,3.577322138031363,0.8414345952981446,0.1464846123784057,1.441495896299151,3.5248864374337794,0.7187773837223995,0.3352174571707921,1.270520537727072,1.181540463450716,4.986282866334593,1.535288719050568,0.3443521860909815,3.634866946294704,1.4302327346087074,0.8194511619016704,1.6220971910078155,1.8848890897609214,1.6764037180113807,0.18842811995594744,3.3932881136240507,1.9019590006379197,1.490459534724559,0.4645408630738992,0.7434175736840198,3.951177674602599,3.1224368693488675,0.5556521746289604,0.4443327753039963,1.3883058062489688,0.3805354996028214,6.066767241765795,0.10975904846469109,0.5760576002771545,2.8051595367805575,0.366975066894043,0.854714208618123,2.4923741049036816,5.2481427945894685,0.2660843793576593,0.12655414901688733,0.24534924690780402,5.315940955926694,0.46910959150137255,1.0035919080141715,4.910927463427864,0.4609344754222433,4.176431942835322,1.2594173791325565,0.7310500410800707,3.3155822774589803,1.8739729683302977,0.7712714805255908,1.4783966878480674,3.2451287958742028,0.6108661289578634,5.721859892260448,2.5309641996308296,1.563790710166622,1.0163270768439858,1.5083185800264622,0.8291390399560816,0.6097169367572208,2.0167458179633035,0.9183086245793379,0.36842747463643866,1.917361038967902,3.1683863475497467,3.3018183171093054,2.589713732791315,0.060496250794611295,0.45176178139662393,1.4891786166468517,1.0715684259013991,5.466260326828381,4.519036754749148,1.6030943600220122,0.4470532419248494,3.246057310714225,0.6617591519731305,0.2810448137532844,0.2887048381560504,0.4658068551147841,0.09177418981623409,0.623404405675108,1.1362981942839165,0.797573551663797,1.8995445325686269,2.815025003957189,2.875824928341332,5.785610097342367,1.7102613423301456,0.798418483856774,0.7956156806800823,0.48205605357905823,0.161125507214938,0.5969011792528558,0.6659560051820077,0.002406828654116344,3.7948236449160744,3.755456097992826,2.2217525441661956,1.2822212164384603,3.1860791330807148,0.3224938729435318,6.039451687978656,2.5524603751558073,0.29692005612322925,0.38347690665304635,0.5173392582547414,0.35337792250014277,1.0739336282197058,0.23398614501660764,6.960650734999051,1.4755737595325744,8.69204349697403,4.192370372094148,1.905896159830097,1.0540361666212665,1.6576903231847087,0.3396741386391695,0.5707516727074328,1.5482354803158156,0.39754145622053483,0.43618788609196846,1.3967014018804613,0.8492986770960917,8.445332032561696,0.1169212169350824,0.3180590110105592,0.10963291388602558,0.6602027566319533,1.5870451720950407,1.0100378875713514,1.2099964293236987,0.14666892923003672,2.535477878462671,10.487414370787132,0.8910524657880523,2.5138829436163372,2.9718930292091343,0.2578957278794589,1.3481387372841969,2.335722361148009,0.8006149626575647,6.22890837849251,2.0697799400103687,1.1729600780398097,0.22824040649943145,0.42840810600957635,2.8373996570581457,0.6931153898516578,1.9047044660874675,2.6352084934115685,2.2459139684047713,0.25521651134895373,6.9149187979404365,0.11415140611703811,5.343667191885969,0.712528624814986,0.03903199578553851,1.9619336893513095,0.21471113154248123,1.6282317495439727,0.14745268571508996,2.754580962544519,9.239538837127183,9.595755215955883,2.8076064777353604,3.5460949735638856,1.070368039266394,4.562206660168222,4.796019565489592,2.1025088156155745,4.345088032917657,3.8206471858530677,0.5085244310364797,1.6521896237171105,0.3256484845552107,0.8565517385257495,0.6403382784695499,0.5814213238672687,0.3830666389613224,0.32395249461909303,0.30720835804493607,10.401192844877274,0.05198794587687505,1.3653482219002009,2.1388824443513688,10.086740698217291,1.800295208140736,0.24393080876843642,3.3051038706996967,0.32679500280906837,1.7448801249902646,13.320484375852441,1.8239865955969636,0.12974733077802725,1.8794394699790962,2.354757843181726,3.8419101129854933,2.053247764018561,2.130695018873749,1.3353739236295323,2.7029707867653148,5.210905981326695,10.9483058692994,0.46222274249862183,0.21978770566852623,1.6992225524342837,3.513639127205483,0.8793633804596075,0.16450589016923822,1.4325275874493049,0.8668812732241793,0.9526496383451716,1.375915465676682,0.26564625163706646,0.44688765987746093,1.0112836731546533,2.4271309938137655,0.0532299384292475,0.4829051474834043,0.7004548293483168,6.383089026173177,3.2562459580037144,1.4164727937331427,6.133683497002972,3.318651511752985,1.4446405664033204,5.9854975439164,0.4183661036999338,0.2689946632269091,0.7245876574921495,6.465260622139141,4.843697118110758,1.1062007014588002,0.7171560324332718,0.143064875040263,0.6364001870970466,1.6555895371257,4.292136348573136,1.161287210569279,0.6081761050681684,0.42643463441039264,3.6315556637452,1.6799468187094357,0.8096708274189768,0.010987791191283347,4.46225592518008,4.523818317650542,0.9001167556600287,0.12418923374821683,0.9320115405775967,0.013444763031235651,1.2566815460152863,1.1052015056102709,0.6686461484179982,0.03173555741122547,0.43339176274811153,0.203251877129347,3.5548409236286287,0.8768145102294536,0.6603747111845908,6.985691984072243,0.30629909104735,0.4855240963883696,0.3333526783633003,0.5264585586610129,0.6179421744355369,0.2236230817009477,3.8451650611020294,2.444007814099016,3.563545205331291,0.5960316102930157,6.977001179527724,2.66904143720176,4.111411581294812,0.20258524288336455,7.327991256625857,2.709351425080186,0.31676370406831955,3.9926206834691818,5.973267963386039,0.7049212976253243,4.713645800989619,5.852694408356106,0.8065865003442074,1.971511639322496,3.3533727471641646,0.6452749674229095,0.9606920187191885,2.0622419604596467,0.41209991769447984,2.1120480978385086,0.7915853506258936,6.8630136972562745,1.935938185376373,6.269074673255421,0.2937964625200341,0.8598487150336074,0.6034488210714606,1.7290128119315107,5.144906797710253,0.43003795766334596,0.9231817330079033,0.6191329182339071,0.5376941235093957,0.007046971041228645,0.7024945497664778,0.34069498381346897,6.172098064186853,1.6281531257467021,2.5641921107783103,4.698816119006968,2.2681254571553766,1.7803853676145045,0.7095304487479569,0.2456616125311042,1.8058710749277194,0.7603556503041826,0.0379993538675758,13.247325858165897,0.9100449650077705,0.2533773810320783,5.988266390024885,1.525548271928509,2.437202100508978,0.0031872077611707628,0.8564351146773848,1.0289214652870005,0.14064177568535974,0.708844739890441,1.4697877322943722,4.572414562844075,0.3360185585597444,0.15294408212347532,1.4274095409484442,2.9249779029827874,1.6950656808977485,9.816846545475816,0.003587766568956985,3.5308516387511464,1.8921211458032268,0.9240145402342073,0.2354495469150999,0.39441396255163674,7.80362376871199,1.6467265196651826,1.2879785958143013,9.06735000703453,0.37243280277217483,8.001548061435397,0.15616402185868816,0.42392251731528596,13.576539288895754,10.146934097729705,2.357379534609774,9.53010282023771,0.15404106516996968,4.180037541546673,0.38550771688950713,1.4948844822406393,1.3786954799951578,0.041434900859307344,0.4997577981771344,0.2878265432071031,2.8579927814799095,0.2107119464097531,2.0174958307709248,0.990486460612855,2.834371014403066,0.6428828961090232,0.8802037399722873,1.424232187030975,0.31176478655588014,1.969537764126358,0.8909423947831723,4.762000078019128,0.3673749154452075,2.9996266143030907,1.1536958804554303,3.442112895719889,1.4150258764527706,0.03671986173969222,1.2557887327646564,1.1617703411639755,0.6011757160341975,1.8389956495873279,0.1858626733020975,0.22552950372401392,0.7517485721400271,0.5247690043412003,1.2888480430699354,0.275445180892958,0.384189789245136,0.4968846104456559,1.0125445536326105,1.8523573767874888,0.2550358600494544,2.6525086307631054,2.4865384643848842,4.8036873902094195,7.235850513359248,3.3450739711776842,0.5301992517457795,8.322171114103764,2.2104679267286262,6.208017328979683,1.2281162427800048,0.0607352882366623,0.4503315745190637,1.5704723828081582,1.9784623623373,3.817370935378557,2.893836734946415,0.23166546098603646,1.6322182353770227,0.2593920737899482,0.4539773739847731,0.9282048800265837,7.838009549081001,0.47027873432360456,1.1416634943475552,1.6999993180669604,0.31671266528949893,1.684703858734823,2.3438389530363235,6.4076185590016435,3.767610835568415,0.04537142463693922,0.530862474529427,0.02065667546098493,1.6150331046759745,0.2960850394211061,1.9682951207060184,6.390298763718852,0.3457581061745548,2.3273000094994947,0.16389741560884108,3.393100890802216,3.667352626036444,0.8405261429719664,4.2240499814302925,0.3338458288047277,0.9177392455948085,1.0289955453524284,2.0654780137153583,6.466080160916487,2.1396187304329364,0.8395861305581216,2.482999434588817,2.7946275341092615,16.179066896031593,2.5689852145081638,0.46353805733003095,0.8985199488466138,1.3597474988865184,3.3553402522989964,0.9094145713665751,1.4998486190641718,0.5825097213543089,7.785273216464979,0.714907414546047,4.5815633022015305,6.234973568568619,1.3637991336777582,0.1991934026957195,0.8953342986019295,1.6481932140087723,1.0800537727549555,3.607371121430557,0.6225431513020423,6.603287264177455,4.677471190883408,2.511312356633509,0.4551188225024579,0.9194488562255705,0.2779278660094404,0.516305770363845,3.1830329515773306,2.2190271873623004,0.8602262869446269,6.7107739508145645,0.3882173061669969,0.5217062189330153,0.022718036490218863,0.29001821489323487,3.2409691034223362,0.5989506738011532,2.5720463191998713,1.4044502788585742,6.9342117062375666,3.329233770237911,2.1845761070844048,2.3432090415713094,0.16357066631414519,0.6446506432036516,2.703876177826523,0.6314529858681253,0.6803935365802856,0.5480111299477295,1.947975599438455,2.5299557701649675,0.8501768019309812,3.3820540901672445,3.4867995078878096,0.35854252804120323,3.8271587944447134,2.071853680609391,2.436366706093714,0.7535930431993663,1.240320493670013,1.2285829650005125,1.684746126586565,8.641507704329786,0.7268471915156232,0.5408765491181944,0.25942054705879697,0.6281402703528736,0.34881257919337894,2.2406462334236945,0.6037291933556825,1.520238647873501,1.947498533733595,1.6444791696191938,2.8966840481603455,0.8830781446850953,0.07880484745895144,2.403428611229855,12.20053873741705,0.3076005848378629,1.265157355821175,2.674702409760336,0.4725684715419014,0.1865581874104778,0.20506402970117765,2.4404277520938367,2.305909144616842,0.754365380143291,3.5825509940511013,0.14424346284316014,1.3870043717431089,0.011973147197894107,1.9891947500305047,4.272790473239418,0.35844468733516566,0.07834981109455996,1.3448721531666865,0.44426696685844824,0.2247556025577473,1.0387653076885381,0.06313497575411797,5.6711250627345295,0.2816201889493436,0.7366685162633955,4.449419288716912,2.455958636428119,0.4855111698185799,7.3788250559555655,1.386535323494937,0.5690109994849515,0.15562768834101703,0.8644215747409079,0.4295829502375128,0.8843585511107923,0.9410001888510531,0.5698184139307225,6.306566583337387,0.08161913019944222,0.06631925589021703,4.31190087385723,3.929838616115691,1.4696841676222885,0.5693399926340246,4.4997327295950305,0.17315803627521442,4.049497750973811,0.9963987513054332,1.5868383706246285,1.3045719533539826,0.26748022501099367,1.1462538649413498,5.162938499939851,0.24285346511672978,1.9798248636120954,0.2546696978320222,5.524395555636011,4.208385098519653,6.653984857903004,2.3923707465650175,11.03124171489294,0.3497084149233947,0.01327422343135054,2.7492268343091593,1.3338387706078498,0.1971620422874345,2.1860203871378086,0.8970954300891014,1.6008789610740264,5.10788190073752,3.8368607610102865,3.584924542570838,4.029706561728505,3.758626310629131,4.8142735166638655,0.6805092454188526,0.17190745371705862,0.26255157414983943,1.4457647774136533,2.1819656667162213,0.002145778084045369,2.281710036137497,1.586446827485081,0.3123619167816244,1.8428175666863362,6.890751994121251,0.39797768196270555,0.8957592266487988,5.1353175956277735,0.1703822158294232,1.8441577179447937,4.251842049225701,0.7913447390277313,3.9844957038243347,1.5495075423194429,4.213951964517753,1.5682646210315312,0.47332670633461715,1.6604085211599848,0.09588926684288301,3.8922084348932335,4.741657186533918,2.493696404456713,1.5672588475173392,0.4141410215652005,0.36889071989591393,0.7672766938720309,3.440673462526983,0.13774605414090413,1.1835138653870048,0.9685255454432287,0.34064127668086686,0.08591451681940665,1.1587971419544658,2.867597484141009,3.062250281434716,1.5823997889926362,0.724718411190304,1.4024897215560426,2.508949616683159,3.2572675541600074,0.30662216913890816,0.49883068479354786,3.518339601662328,2.3717759955597875,3.751235076480102,1.1070301820284865,10.349650129170152,0.6209707248867993,0.6349928545908377,0.5361957310839914,11.687726978012682,4.341264631371363,0.9892176473315817,1.995545192453525,1.7094116103111285,5.08219424863953,0.6190448676955237,0.18386972400211654,0.09077012625397785,0.6313193761695204,1.9394603426965173,0.03731205255295722,1.4780613734470636,1.2003183482065822,6.917360398596053,0.08994409708245499,0.6680746525947407,3.008398052287287,6.503349068138686,5.11309850963288,4.775159373505831,3.9499443781543095,9.097396132984947,3.1900092887862463,10.499718566386846,0.13525794562420979,0.38377614625055,13.515453044319676,0.06949795203652243,3.6498753792293526,2.721664973993033,2.401924600978486,0.5265216855473094,0.09231114823891262,0.9395942848152737,1.1358969900767435,0.26204100015381404,0.2605057695437254,0.656078472432083,0.5111210106742903,2.4260875402283433,0.28170358045742727,0.35186512824668426,4.643476200016525,3.6728998199945,0.8286357335641361,0.2736640548403594,5.422827617714342,0.37740037182204356,4.845039780447346,5.6509544287409135,2.402901132055074,2.8464592231782664,2.3455874546361226,5.114004597028764,6.124140239782854,3.5722558281728,0.21116036735514188,0.2519238890859852,0.4070582109978018,1.9486020595715126,0.6289781923405071,0.7379699840964027,0.032620808827568126,2.359833208447582,8.915911498315044,4.208437050662915,2.2392612764811717,1.6049201845484835,0.5348871945436866,0.3196750989390409,2.2623328707480455,7.306029212979364,4.473933018439288,0.5558950551999264,1.4241027864936802,1.3814929949677814,2.8062841983911473,0.16456599071657774,1.5802022853374678,2.5391397992125495,2.296852220861831,4.008216029483439,0.3437217266453265,1.5050826719401247,0.19199518964736417,1.6389548073010032,2.2517569029696967,0.6325023692997473,5.291801080949397,1.7409421151572162,7.742082881304769,3.7996323517898545,0.5435835624168324,4.22292235058908,1.2464878678629354,4.659093734621893,0.23243867806568586,1.1805459437744235,1.9960810577504597,3.9122090805018104,0.3435153837946958,3.7409016253249554,1.0723009078862524,3.9775566292614966,3.665966429102972,0.28541167998457484,1.544958932939214,1.0142310048135665,6.303135773952951,2.3262333580748575,2.4522407717755477,0.09894809612034705,1.009395406251782,2.3339280607557993,0.08754259779234053,1.3197693646528716,0.1266029137564928,4.808518024110368,1.4314724632247522,0.2662296131899986,2.8630316126344906,1.9426575137170712,3.6050971436218067,0.9402451387953488,0.06685996245074466,0.2362036581294742,0.105058451073058,2.1238301893359006,0.5308928583334669,0.3973621267522958,0.10802140128990145,0.442687047885563,0.8282740114038099,1.7494077995591666,0.6414858665817345,1.7496149369719483,0.03784912787630945,2.293700260007822,3.328214560735957,0.13253075918302293,2.1601074557561697,1.8821317089867402,7.459847421987771,0.6585294229155153,0.0432888680308271,3.4977986360672926,2.9740886781237217,1.2044341121896955,0.12369470987910725,0.039906909568563353,0.3072826782158442,5.300072681047042,6.756923679952445,3.271466981135136,0.028184841081091205,1.0714855339702818,0.0566854791424205,1.3495839890941312,4.58186558989967,0.011533321785252904,0.5738656935694477,0.3672399158242805,1.2833923133239225,3.3004535826959165,1.973803117220753,5.779875110669925,1.7715515612226915,1.1515834091517692,0.3786831835257414,2.455363461407925,1.3129038387485095,1.9498469200576667,1.2245540083964679,0.8178357240067545,0.10867338340239374,2.4913009436668654,0.9136929214670153,1.9135334484951905,0.5089828518521533,3.230795473761131,2.416565034700898,0.38048750750794147,0.8110886087278009,6.989075670819275,1.9685378283276151,0.1191848163387712,0.007139736020971288,8.08487322799844,1.691061650885334,0.7188711173991186,0.30098751518739864,3.9243017330956538,1.1570793699892357,7.058868116027313,0.11087391239767569,0.05783853967178132,1.6651658775233904,1.5383550023196255,1.0051007855821121,0.764721292805205,0.09089910047975436,0.35146011106963626,4.037163029167765,1.523830776077029,1.9209095112780417,1.064078234725548,2.695700987439464,9.265746330058555,0.3132662269530493,1.4092108223100652,0.1782951396343604,1.2756697025169546,1.0381624925390618,5.4029619669520725,2.432637445438689,1.597684084340699,5.140110905276283,1.6952612162781435,2.43815383418717,1.13464097875839,0.4405518374718874,2.468556126813375,0.21318016742133206,1.983290133089472,0.8339243029556873,3.0075981621224654,0.0559460450186573,2.3509089577025533,0.591272350308429,0.7135305085237515,0.32941800368186447,0.9454553621753641,4.469592085354806,1.9155296009312446,1.4793751526657823,1.0916011768507305,0.813826294650726,1.9318908541398399,5.354382674552637,4.408160051821971,3.76969504429568,0.08650778717584551,0.3974740518559796,0.9771482089025044,1.5062324770088342,1.7075247199413055,0.5505015387539771,4.168669352428698,1.51305750038237,4.075366154258514,2.033422262524483,0.09998028151969196,0.6150802848832928,7.21341476825191,1.5431285814856084,2.4611658959200016,0.608713051340471,0.5672652210484352,3.085320311947294,5.005790325867669,0.9880850055337637,0.45511623461560635,0.31224026567126095,3.609348136709772,4.4040847286015055,1.654616664691577,2.4841571442885106,0.31986071100937025,4.188017943119651,1.5521552417481037,4.428102375294587,1.5926749867646195,0.6157498876400318,4.1523669178153995,0.8126767081181784,8.591196342437334,0.07147504310221708,0.9696576308670595,0.5684781790026772,1.3688043460300752,0.5410826691980032,0.36029003773648105,0.43756923659368024,0.47581265348504975,0.7845984854770778,0.26873375432396096,3.0079593199712065,0.2620310278064659,7.52102424615994,0.47338688419141717,1.7301301375531053,10.143749521321228,0.15031692496597526,0.32565158354078505,0.1534916136100663,6.9115203832945165,2.1604965223682733,4.080108177868671,4.87910423205462,0.16957420969551418,0.7496574613633427,0.4191380657604269,2.108681622665765,0.46317971466671026,0.012313223990205957,1.8176405414006085,7.297894590192076,0.5684075092476635,2.7235429661938553,2.2741041200105974,10.453526750068304,2.852490037359101,2.6269913516396053,0.9439911948317525,0.7421284741547844,5.147610861555723,0.15197579411912254,14.797802989805879,1.7300234623512913,3.2493201080940137,2.682533895246899,5.217335029141428,11.8558402846481,5.787647988372862,0.05778100172061701,1.773748756850455,0.5121334108972704,1.580023650314201,0.42742990007734705,2.3145202941508964,4.30431935432782,0.6943694435026184,0.3156400821630192,2.879115582558586,0.629438115526844,0.5923776555120281,0.10314850561825462,9.858627315554559,0.7307039312541255,0.32492627091233306,1.2307161002139,3.7698180529902414,2.732764155429449,0.8531065324590863,0.47219188486891783,4.726802623755477,0.8558054089568914,0.5323714769087151,0.931184606701985,3.2310700843618747,0.45895390760589216,2.6344030964922602,0.14247924596902894,5.416792868613806,0.4961891357493039,0.246320365174721,1.8766803587012835,0.6207889563474447,1.8845165215299777,1.843565787607223,1.866879756805312,3.7713500820002084,0.4750070329294347,0.3126394399153405,0.43033798449231875,3.33962116918084,0.6697785772926843,5.648243361666173,0.6275138028867131,3.494110983171776,0.6984227448763392,2.5823060176780066,3.0446801805252455,0.11898990134206083,2.528405895691285,0.15708114192648792,0.5153912210645306,0.5704653476984136,3.7529252078394335,0.7199653315620707,0.01579209407602944,1.1937491049308169,1.002783542385467,0.31770382150644016,0.5067629211394498,3.7104479776306665,0.1081173929219773,0.1201186296487089,2.771835501730989,1.007882306881004,1.4986160775194985,0.18034717814494705,3.413139902263023,1.533825492374878,3.7496565560802466,0.0015858192952074024,2.884995768685757,4.017763401574862,1.5584066994560708,0.45821050538718344,4.312630802428902,0.38976304703589115,0.4908645483810099,0.6038198749872872,0.03599796658881349,3.7820697653562325,7.754239472937131,2.6136383204508222,0.2980640273593568,1.493799685955803,0.06666604037628565,8.01737169210102,2.034979006580765,0.04355943757436709,6.610860279800965,0.29425731391442167,0.6455705601632031,3.5435813603043,0.0808038198076666,1.1137312034840625,2.2757706014519496,7.515846143848403,0.5947845252152792,6.520466574327642,0.9922637319370753,0.0037875604579743483,0.21107497909454453,1.8326565904412009,0.1387364578338861,3.315271273784269,0.639762744749251,0.623193990895329,1.3842972383388739,1.2929233355344647,0.809051186269131,0.3159844467240793,0.9541444820301477,6.654757030758721,8.790403107200326,2.7635261155191486,0.3422822810433558,0.2322301496894279,4.589873779347851,0.8786901735996522,1.5623160299640706,0.12383688696777084,0.2976790320461462,1.1733203708299296,0.366285192938654,1.1118290654978413,4.840775447910892,0.41359154328924336,2.182610267079671,0.20274075150649817,3.14483308671261,1.2893770687640602,3.5591792112386886,1.6803894966735018,1.603780623320354,6.134948587365951,0.6462625110013491,0.824715154805273,0.39205469911227775,1.6133021849110982,1.7861277079638933,4.862642004809774,1.9221387322545511,2.332142415826368,0.45290016992958204,5.781557996966022,0.8009397657982,0.2570958125778906,0.34411693570453616,5.590011714670795,0.09978785056950401,1.3772505248833775,1.1913798113266378,0.26593710576418017,1.1958530472993734,0.10626470728240078,0.2767112530373761,0.11549935136358946,1.659095071516083,2.1635550619240997,0.4475808295844308,0.15669101425207388,2.097650504617123,0.964173579340767,1.9639719340508068,1.3322947736212352,2.109451939049234,5.030974899266456,2.057440547187717,0.7191816562175926,2.6741164882897825,2.545922485058126,4.905597208407249,2.362961161292628,0.4876099164492005,2.73692658811162,4.631669637706789,3.5584929066532105,0.22661848305633636,3.712789248666427,0.7038566274189754,2.310470508251785,0.880065414094275,1.186642784208502,7.393402847665675,1.5470264973275099,0.3876518338547239,2.30691716472007,0.503637971264796,0.8269874813934633,2.0655299993213867,4.65504448744454,1.3296797193372143,0.7345189463440773,0.10230180700870428,0.5805164866035741,0.6396221575225765,4.24275214258937,3.109158525502261,0.9912880042291996,0.06254000564505091,4.616906266322904,4.623299183490464,1.207324047932434,3.0732491105892423,0.2001186678671869,9.234698029672867,1.2371048593084069,6.557395072531291,0.35277152424807046,1.9049471830208218,1.1805927164710917,10.229044416604083,10.412704107770521,2.10652014414505,0.4969517969247399,0.4507248743347958,2.1815932730705647,1.7199003690717585,2.3602988994716463,7.6938572660482825,0.6911849313377205,3.6425888328344005,0.5289379065522217,0.23482889129416007,1.8274078740546016,0.0939577606005384,0.3834623293451571,1.163712185952286,0.9079278821486327,10.445120867241013,0.13370744710266602,1.6196889626661464,0.7349893754419892,5.844275132116354,5.357266079624479,4.663189071531653,5.635936897432774,0.7733944629241845,14.166312860572628,1.0218313962487269,0.9699315064081675,2.7326720592119074,0.3026051340083473,2.583413508786358,1.2121112193961774,4.145034909512944,0.02723098223129139,1.1919108950176813,0.13952119141607833,2.108022444306987,2.707460047298251,4.287355611860767,1.086279504478675,8.037502555350233,0.7074017087320881,0.8210244677964751,0.11988950343668248,0.18978372491478668,2.038607701534757,0.6822879148574863,9.69007869286916,1.1360263355988773,5.074088520667465,2.3560694783989704,0.08077932159671297,1.3562166492463938,0.3738162070815605,0.4081067036605832,0.8232349457183836,1.9264732848784445,0.263437519695513,7.735360352069209,0.7946839079558072,0.2630994352067417,0.01740010584875895,0.675837134467203,0.20374712267841,0.3891965390682106,0.27270664162944813,12.240166463862202,0.2840077101038355,2.4764445316294514,6.7470310378672185,2.3219964247913847,1.943413146336787,1.30604712159022,3.0953897359340297,0.20054216959026094,1.9294651048394433,1.5894311167289028,0.23682544826637786,4.324989231167461,1.7680376227051346,1.0323457248103072,2.568613335582364,1.949381666551158,0.33734369745402715,0.2501659880957483,1.018826052288082,2.956620716103847,5.749118297892561,0.6397053698229063,1.964498396923375,0.22771258394969118,0.9873259013242114,1.6715897922274643,2.3722970812197763,4.732445564258189,0.7755491085861346,1.790356415794412,2.1784060056267394,0.06933214969163093,0.2650208918278043,8.712279759409363,1.0608407774250588,0.02222378075640391,2.5220140139648533,0.7687191031869425,3.322212719021842,3.2840638205794153,2.3318794644365157,0.5403445274116792,1.7370994374985873,0.500967171240343,1.657205965335407,1.6561713965875502,1.982041430929895,3.417733544430346,0.4968944942473392,1.3337113615863663,0.6712159204606405,1.6404773715886247,0.8045907564408912,1.9229535391828267,0.608638906003784,0.7670782912784961,0.4395312010457868,1.7208758826703652,0.6145641897657503,2.3829175449158004,3.796306921016224,3.2453564572677127,1.4541629962196914,5.34281633635095,0.1762338153351184,0.5823939505332605,2.3182710752791653,2.1767170959391233,1.1090708612850344,2.059957018640829,2.2546352239073144,0.23791435908185465,3.9469719270250523,1.3196288302155805,2.4587092430640194,3.148046553334023,1.168296449843523,0.3104423533585614,0.586430885535667,1.2268355255611079,5.1556062822353255,0.12821470959237224,0.09895013894386029,1.6163526544057898,1.8074674670484936,1.5708498424432793,0.7677692802571513,0.22044051036323253,1.7701728293472185,2.1285021955595216,9.734905894487001,0.17361702943800683,5.252187883561246,3.6410448009737775,0.831888134293705,0.3289395549535352,2.4603433197195645,0.2946690540039878,3.128783396628509,2.6218749771338565,8.166740266592992,0.36089920567957234,0.5937067583942246,1.665636114117703,5.295226166676549,1.979326505693167,1.1697547247747107,5.168336660999393,1.2903082931645338,1.3190123242683482,0.17496013152888445,0.4161254614816497,1.6506818849945804,1.0887606909538254,0.4532019532656846,0.3755167692195136,0.6744161702435885,0.6307815931510157,0.14092449870986853,0.011507894458416379,2.480565310669796,5.262132556314091,3.5281418187460396,1.4650271079202777,0.10083572823421605,1.4592328042888567,0.1827967144724979,0.7561874097600769,2.1517538348475833,9.379473168610978,4.500416927884788,0.5094607309955086,0.64654657009047,1.6045029000773718,2.3770913740332067,6.808232806055846,0.6210183643905296,0.10669517490773772,0.20701822578661466,5.567645952118322,6.433116391785313,2.302957768689148,0.46437458196263615,1.900818199319569,1.594684137960547,0.0035971399551022465,0.7748732140014303,6.257470881458866,4.6543735254725505,0.042540166875173924,0.43093088409921165,0.8004678648256952,0.4796363007104949,0.41377205969499053,1.0398129212836733,1.339306328584688,1.245436950101659,5.147231498322624,0.01201664993889806,0.4569329151797998,0.6475630162274182,0.09247002485565226,0.4195447416523903,0.01486741724542684,0.4746367830578524,1.1191436518387543,0.13071719274484617,0.29862720863644243,3.5219306459261377,0.17053895416453713,3.4147585347732763,0.8189325915060133,3.2582649005347046,1.3694560838920942,0.5052137995101484,1.6328409041058345,0.30672859742581315,3.654543330169476,1.5257805783005367,0.001258588417169193,4.9595374818172,2.228351945407079,3.5120293395334463,0.2034327371578435,0.4420432423843623,0.4472623406057741,0.1646104240817836,1.0487727800685838,1.2053082645405928,0.29832494332165505,2.3657601985552024,0.2827730206168,0.16806700732912816,0.4820221390129378,0.21026647924055641,9.246002826673479,2.709573875984989,0.0682219912288915,0.7797355931598218,0.4475889112561948,1.6285529167317558,0.7246936190380631,0.821315268835277,1.857548793578264,0.9808566798363794,0.5341889442865093,1.1278516332120112,0.017260614958663822,0.5886029048590706,4.291846087506418,1.6259371349462457,6.239648535178945,0.09103838010986975,4.973218056618788,4.481308819288035,1.4024537780377384,0.11048449604897748,2.1557396645713047,1.2055457521472461,4.092674851541663,2.637943913883478,2.658702901013897,1.2596422286128959,3.0939626079528146,0.03945888314047141,0.39026641407791374,1.5908997848967268,1.6598252172371954,0.3270853207305573,17.529573426019184,6.723711031667855,5.4778103872184865,0.9071468967664915,0.15711247705505027,4.092185480042951,2.1087949820780816,0.4661601374596825,1.237674904649536,5.135844110492819,3.362546075232703,0.4067617766449958,1.5107525817205159,1.730229634792313,3.490554335973321,0.5881001940935131,4.546970260788888,1.7714647129401913,5.056475530842943,0.5038518002640706,0.5528316531109965,8.580259398763687,0.5439169355940274,1.1680449842085867,1.3809807296233019,8.935595114589956,2.1335608348236605,3.7258256314377682,3.310618195875577,1.2905306265249687,2.848259973024005,9.256027246260734,1.4220072524551584,5.043096274942829,5.876828180220004,1.1849686791985943,0.3193658260363146,0.06783601118631877,5.071425988703577,0.9078601743326851,3.2721072683151755,1.6387546621130158,0.29974529735268973,1.6885344322572247,0.3575106866142601,4.572024391530322,7.126040449974085,0.39347109617248943,0.2568396905118402,1.0957969508922691,1.3024193821408805,0.849272279673954,1.8609632847816244,0.3275076851306955,3.9683032534499345,0.49341822539059543,0.3842115334263798,0.03849350187386924,1.0872516379167618,4.1899080043555585,0.9067117966386873,0.20253207185898503,2.7442589090994867,4.5321864126460785,2.4053378862974437,1.9773166672497544,1.675109560989758,0.4949659195569271,1.6283952140235631,5.685584018984281,0.12040964371464868,1.200348647577119,1.0023616797049264,1.0021503634830455,2.148206298778239,4.7450979057906135,0.06103311071012785,3.762667716264025,6.539438815498589,5.449925117666467,1.672610426300344,3.8830303165946507,0.2777175502764828,0.3531221324873557,2.2917734887722907,2.152889734383591,0.6450092094221263,3.7283855442011635,1.0326841208939195,0.13043232043089725,2.076410193575951,7.102618029750618,0.20637020710150045,4.644652851288709,1.5747105454097277,0.39332472870801016,2.7657254422102353,0.6868714085010192,0.6065422177049344,3.8612534087687287,0.4499297535470088,0.6664411106968214,2.3387364944385105,1.4249054367238772,0.08646767471055761,1.177691000931849,2.78223337477726,0.505903514893228,0.4071981661899057,0.8495794941585384,0.04871520182646505,4.1168824903370185,5.26586314496101,0.5939917078566698,0.597504367759302,0.2978698202639678,2.030279046708735,0.49592615369933024,4.311042833134104,0.8330189455556851,2.6554447991141137,1.9443195080395046,4.713537814961684,3.271022719431784,0.304935873231734,0.9466467146813278,8.64735734640033,0.27436917567639774,2.056531551062855,1.5984979812534634,5.216977829003065,3.1731412172808815,0.8021811124929578,0.6475153278802823,0.3697698752386287,2.169270033282367,5.551101397094307,2.5667183708377053,2.157570784723451,5.275148547708239,4.89108748160333,2.8242447979131193,1.795522023368115,0.7417850798840381,0.7224673025493247,1.5072306903248416,2.1040821374559586,0.08464781927234011,2.454778081141427,0.06763689138726892,2.8935258243304878,0.4163008353306803,0.2934611548761894,1.1381090053489538,0.6044052394025381,3.9577172366585813,4.043737750849643,3.3580109907091655,0.5671463817839377,0.9221766906102569,2.063408022734232,1.9227867711279971,2.3689650065427665,10.284962238557508,0.9752678127794836,0.20365321484413618,0.9584999700389643,3.1553614554859455,0.10061462039249161,1.0331689998474851,0.02633022268034102,1.2435031862768398,2.42864506792633,1.6000580900616392,0.49926928992135555,0.041387756824339705,3.6322741560600793,3.187555568197753,2.024982921687122,0.025348379103538488,1.6837732095720546,0.9685706722128655,3.7990212901068245,4.217574421274194,0.08051599100327889,0.20563437066607815,1.065335783169334,0.7213110706366687,0.19960872023158754,2.0026765254173746,0.8829670074741007,1.4121222530657804,6.855246393916309,2.3154148519605835,2.251649197945434,0.04407144189641499,1.4322236162566142,1.6445387061487677,3.7849924126222225,1.1608875717405187,5.079685669236939,0.21558504863614214,0.247579135962253,0.5900497399772944,1.665847014302468,0.966383193750443,0.06892170440455225,1.4650120375777997,2.526000143902,0.3961261178115647,0.14962557906232576,0.7731241789293715,2.638574317839137,1.7588239715776404,0.8799577226947197,0.29043976244193137,0.7084095832966365,0.2535473094143066,3.5553444553306246,2.268674213978139,0.5761347891583726,0.2780556610369289,2.46445486873034,8.603475526234057,5.29649445441565,2.485707529493792,1.7509546617573715,0.1249611538872768,0.06595331550916139,1.149901569953471,1.4456746859939802,0.10042807073855009,3.9077029452083583,3.282744612559059,0.049048279066773226,0.4494558556581829,5.011936531842192,0.17994391468589976,1.9690599853177906,1.1658642600628402,4.306921192256552,4.7100730111858535,0.06826593498675493,0.26333864890421843,0.9959449454537523,0.21329589873948684,0.5047645029204637,1.3246251691231041,0.3285879431556662,1.5544842997629862,2.703224816287196,0.5986268793896246,0.8965221382798997,0.6027031813281574,1.5733008073815697,0.5195476667646939,0.3362187395089684,2.862288926363526,2.28516998135318,0.6013765683395578,0.17211200264843218,0.39949974778901975,0.30500570560192397,0.7899548648335977,0.28786995789818004,2.878839629341036,0.2408516768963027,0.39969591556161044,0.059629003231997935,1.4692725319270377,1.1868856814836306,0.7711204966310197,0.9890900428001854,11.838809475123384,0.0005024268956460576,0.4016595476226219,0.23786711162343344,3.9231776668163287,0.5996521051503425,1.4923545920007197,0.39679787415116086,0.8359972839602618,0.14229467947428776,1.5871495165635108,2.5405424658685822,1.2756740111958158,3.2669926201719823,1.0508716064171786,3.0082770858339005,2.912292244934114,0.2862673217712124,18.93997472760845,6.897925700498019,4.461397198849726,3.337183374171479,0.9151638555473465,0.17751823276162648,1.9882636682757866,1.942987803072558,0.589486596539179,0.4421170309819039,4.585135593419708,1.6518201208558736,0.36481125463550246,0.8656550117756886,1.27035768959652,1.1968147008132646,0.40608267850550495,8.207325515726113,0.7873850801915863,1.5351300356332918,2.4710734917090935,0.29685367688334485,0.7122902705970351,1.3728217186853713,0.8982371438576654,0.2518109868499958,0.4863403213021502,1.7031220615184752,0.17961741361934347,0.37062689704014495,0.9950786363519688,0.45525492672194967,0.45966243576902566,0.6039638076543294,0.3744515904932164,0.28169370739620225,2.2300708492340515,0.01295882883979349,0.11658704309960533,0.13137729402669573,0.5010117869737367,5.833487223640324,0.8722637827317504,2.8479929761987597,0.9805532284236673,0.6116846871808637,0.20201941190256778,0.9670354680854096,2.7469727844797305,0.4153320966417442,3.5548184149244575,0.1461009140405175,0.1475111592377345,0.10941136070488078,6.1031348798407885,3.1715160317068536,0.10569889026138823,0.6559867263947321,1.2628572205536637,6.616155291983599,1.005164805305058,0.1159386861470364,0.6474201990459632,1.523738135947673,1.519204097648599,1.4439222675756085,0.285173540421613,6.640714115737264,0.4463903501329396,2.1550245350319415,0.8626563473506432,0.8552137216333842,0.5511187402424119,0.39666161721783366,5.920526367684734,0.4934639737283527,0.7039792342457101,3.218271854434546,11.234934120436066,3.7742103215963416,1.3320319296805883,10.462129560225266,2.2284565596395742,0.6800022799003931,0.6546211272083974,0.5044209448848429,3.7423333152511757,6.331246964103057,3.4604676053862162,0.05635290612962218,1.49687904420618,4.193425307548695,0.9119659598700065,5.367575242584731,0.5155124732488916,0.5498136357605192,0.3524060433081373,5.831235746122523,0.4499680358448862,0.003933811319636771,3.05585344576497,1.8730169231228722,1.3574001528567052,10.610388917882736,8.815886223931459,0.023290159010103784,0.41162733138037044,0.6661782681138027,1.0955402130309544,3.3041495774074634,0.8902742023956023,1.428988300215895,0.1880658394198207,2.512247429564197,9.36901098394389,1.2330393071603418,1.4448719940744632,1.6628375074487636,1.5562937833674555,5.805136136544013,0.5802582586815994,0.05316777373379544,0.04078172705422295,3.1042806198041273,1.1602000216909116,2.036041800335725,4.243112552709943,0.9523790190740149,0.9389250663353672,1.3458825534608225,4.476770842884569,4.064103829425164,1.0107269945182775,0.4505050264380175,0.031101122435881923,0.38244945136834296,0.866497536460618,1.520608400642307,5.003777115089745,1.4100381681135268,1.7722726905692556,0.1650254645491489,0.8458995005450118,0.8269056749507326,0.37015710506286337,0.714111968832693,1.986372146945211,0.40298163995687863,3.9092549896665227,1.1001658329417543,2.014682915530339,2.5847324512190726,0.32021296792899867,1.4141943880181163,3.5607385905930737,0.20290048054141147,0.43931105043206964,0.038627678170587654,0.23424816488322175,4.499812645899439,0.07735354260300109,0.5177209853961666,4.593817351373225,0.010724397367159355,1.8875773613059053,0.8966690573414624,1.004337332327104,0.9047704716702651,0.8334015627378519,2.471320488094706,2.494879126147845,2.543150521588807,0.9804348194069732,1.2496225540148878,0.897564221457344,7.67543245196981,2.828357409375244,1.5179719965436067,3.981247062220581,0.13054886230348106,0.4088282738850788,6.2487051793881,0.6007948297738168,5.493539981004286,1.2858995167304368,8.26289436074644,2.4563338204577834,4.010847449167466,1.0352808026070335,0.38383991678684015,4.183780841234624,3.3397299729525503,0.029843998432538488,2.807979064345656,0.08176431213126056,0.3231077170383161,0.04123653237313696,0.21299252614951086,0.7338005954293558,1.945910269976986,0.011666293305124587,4.057252086976537,0.9789554374227185,1.61023386388465,0.828313757675442,0.707321161014633,1.7555401093565495,0.43553312688287926,1.9315685965466787,1.2099638002019049,4.693072685934267,1.0636702320046805,6.089238432711601,1.6990412402680763,0.657492785804644,1.970244975602895,0.27574112504258996,0.9137866550630172,5.8909669707999965,0.8469696416116224,1.5851534220311756,1.3507311907619624,0.03279959764242579,0.8928574026512824,4.410448070705083,5.528057803904883,3.0566110415550716,2.762374566700227,0.40034434880058534,3.0834968748556677,3.4804481412570727,1.960294422634364,2.0953155876949725,0.029078599137670746,0.9479615302209945,0.20151377164086393,2.7820059601232283,1.1405229502820724,0.09829987049241096,0.7776872271860555,0.4464800215587975,4.898275578218878,3.0869571782528378,4.096875143644337,2.272932271161689,2.388111895999163,1.632176496321752,0.649107406430711,3.545467798774566,1.7018562173397673,0.25688485050908083,0.5555674632604599,2.1541927098110505,0.5445461633241142,9.16522760569164,0.3997096913816205,0.5849956016325739,2.0611898060707428,2.4110253732306113,1.1449233975391522,4.034501365803596,1.187967248379283,7.69184091749273,1.1375041930669405,0.7335294707708611,0.2356685559716285,1.3071244454195,4.483535317959353,1.2313852752543708,2.0675523844178145,1.0153897288901705,0.8063598154504789,1.1878379502247451,0.2502859427495825,1.9758093847001938,0.3595372618517385,0.06011147944001194,0.13319961061055186,0.5892759081031385,1.3793466180077194,0.36870049872734867,0.9843658829887207,4.6233258619549185,2.263644766555231,0.7514216089121375,0.21501178681524014,3.26542657870717,0.30024781292704117,1.4002588155931417,0.30954382364117894,1.40547712526958,0.6166999637501906,0.2314934465810352,5.6436222881455445,3.5037937281600766,7.03210086069952,0.2688013502160899,0.3820759987728294,0.5039482246786222,0.19998841371271436,4.2270505716272115,1.061542477761721,1.4753598650473987,1.7997976834661111,2.0055620321108245,0.16275248734158376,0.061748946042602726,0.10221216465074012,0.06696933236025548,1.9601310836738346,4.128293220217356,0.18892759716811636,2.2306763841558572,4.6458191793496475,3.434214611969254,0.1910050111476298,4.601669332859023,0.043791666088697,3.43208076056784,0.6000419181324543,4.19744505395431,0.9481707322149315,0.14874273937025217,2.217445160978154,0.8382024580615237,4.102916524796483,4.0085108964651095,6.252777917530811,3.6292002190103307,4.888994028455528,0.25086403928183143,5.889122527997856,0.5623377827215341,4.803347857383335,0.7715943633675936,0.06996967008577548,0.3354261689739644,0.14404861757952658,0.2955733310213349,1.4645860596602405,1.2922813044106651,0.6577282634990608,3.1589455741380994,2.0593483514717352,1.3275844834612918,2.1023110396739813,0.5564789626821856,0.34309240751387615,0.46156619505315666,1.5534489600814272,0.3075476872362507,1.1237504731741161,0.4656027640618534,0.6150067397703831,0.30464063991955737,2.330050586857092,0.4657958534773645,0.007295107092382791,0.8805567163537058,8.467163836394056,0.014158691762210518,0.9967692641380319,1.9873622939999724,2.3877658175807,0.4949870686974629,1.747312783652153,0.10812769981699333,0.1711059498223525,0.534947752582601,0.48928593560287237,5.204068082204771,1.956443139255642,8.602095559740038,6.363542480454876,0.43056599830319753,2.41742340520694,1.2619059144381048,2.07909495240645,1.5035448303383583,1.3098441039360407,1.6354920113917717,3.6566845933873005,0.6066660535291399,5.936121683321316,1.2805278510881513,2.6669912021730418,4.862766356334362,0.5398340922036122,0.30181842327242414,0.18283326980699977,0.9351645955223702,0.08984995951405927,0.6171248851875779,4.717909050797402,2.37502822957153,0.9943998432584481,1.0797491060077218,0.6145040069820126,8.517940010056787,0.7976323138368469,0.7470621864084053,0.19957239747522348,0.5660638074232107,3.5599393564054425,4.480167631392943,2.6404846254140817,1.543254418300661,2.215237240083212,0.611652978174865,0.3462799607297835,1.5401764168586034,0.07403673878143013,1.546611983572716,2.3706348663948362,0.5540785700604638,0.47767740572003525,1.3786099857226957,0.03517418329970723,0.41549637811523743,1.4827502123266563,0.20477233699617048,0.5466169601354457,1.6746743885304631,1.939111036012487,3.346700905703012,0.6600543603454487,4.914666411880589,0.4378800286790696,1.0747569927933944,2.535604506041311,0.3056510624307145,2.730846883733715,2.8076782191317706,2.151923839660847,0.7025189661766144,1.286684708560023,1.476418437737057,3.0038683222287905,3.1206482218904688,0.820775553658434,0.889150891683105,2.680137673040984,4.958746619035356,0.25045371012261564,0.12287284624050776,2.21454960617164,0.026661833411970814,0.00014882953350769945,1.2205305921643292,0.007625453800224946,0.23706991107483022,0.6429869253431036,1.9912996440096056,3.9760083103986887,5.905298627061031,0.32989298391408606,0.26146657503996007,7.179960035431207,0.7739875020231846,2.951924216121871,1.1376857707533858,0.30541050674492887,1.8225403564353702,0.9964132108537935,2.086536261515455,0.254732984984521,7.472677658766634,0.4553329639443575,4.894847127647215,0.7605599335804756,0.7470143607660384,0.632806821963507,7.044525778158668,0.2583638834859765,1.4067128470288308,0.6136073340784227,1.050704861682005,0.14853427785201556,1.934378944770704,3.176198550726542,1.685969444922629,3.9572590551518743,0.3773193235117242,0.7254129237320144,0.28284405763549003,0.3136114083603708,7.656574140812089,1.0005004866654323,2.148768838517152,0.1207221726075356,2.458543292940198,2.0958281063928728,1.7554333021777735,0.8673212246363629,4.7404781591616105,6.47624610595527,4.417873215938794,0.8396400229312373,5.670733848695561,4.5778963028817685,2.5913584925307154,3.6896109115934945,0.5065421726985689,2.3433207732394385,0.9408510085913423,2.8279582213949963,1.9884183548118983,4.134501553023246,0.14212427646640236,0.2567094360437364,1.9604498318225487,2.329146413906294,8.803047798212864,1.0313703965454928,2.636162738264172,0.3835966984461059,2.96608205463337,0.3952546362586795,0.4626112383804152,0.27483953151938023,4.154532775286825,2.1968858379637446,5.566045825928175,0.7291319182830189,1.3701912696799678,0.7546735669598825,1.231009317823806,0.18798403281259995,2.0566403116729166,0.6684897110707846,0.6138942002625292,0.45345128228952936,4.2519563413408665,1.5282502390360113,0.710443353907199,9.28510440600595,0.7665854850780212,0.11027296076351767,0.8003851831184503,0.47051477026617583,0.40339353293612074,5.5068579489666645,0.6525646951775521,8.31769203378259,0.23514067464264743,2.950951614955296,4.668261195264523,1.8263132720177782,3.2024949389272535,0.8921130561588138,0.7620831395307726,0.529049449470568,5.562210680891861,0.03171824963186198,1.1466063703412122,4.756154882849513,0.32519556502856195,1.5731783461278643,1.0484657687217904,4.46324610218738,2.2794637303097027,3.7570300462400725,0.4761230575899187,2.0143250717499193,0.8481124092891892,1.1542145395294685,1.6157976633446758,0.9734854477419117,2.3158370879973,1.9372564625623951,0.5331101959217885,1.959426349165783,0.15513685497057822,0.4920512856721888,4.3649931934252315,3.304101288284821,14.732832959113136,9.41125847285879,4.129949094327785,0.6562932006342427,0.6105659975132371,0.38600200826661446,2.415894629888469,2.7256879663167117,5.332555820586799,0.7446827007093607,0.5680697021345535,4.74556875780177,0.19578656884472911,0.3689114363397925,1.420994171110003,5.536421495261547,3.9275612385201,1.5240587875096463,1.6757664146084368,1.7291707308273283,1.7472578573416992,0.47062959189980624,0.49136280637868157,1.8498911801891706,4.229486735030932,0.8496499350720428,2.159540167140258,1.1386080771196756,0.9682259306778178,0.35659657669134137,0.367762214332632,0.5639037018547608,11.281341114770154,2.8990555576820123,4.422013463512903,0.17407874842853838,0.6223512554798414,0.522550911940362,5.181782825540951,0.7796718626502148,0.28714018270678443,2.951604762202791,5.343576345925852,0.003765342405645633,2.6311232310972024,2.662950417830565,7.0049000595040605,0.36883316064067806,0.25982506733074984,1.7650263836581839,3.5406347328232934,2.6758923841342694,0.01478133146943561,0.6326228124500806,2.7221864131410345,0.016117412358580552,0.34619823075015854,0.33653285473595274,3.333323714107898,1.1161084541999031,1.0508364404158472,4.0678629441972625,0.4965132793259246,1.5047812963310196,1.1731030995517404,4.294441393661659,0.4479542671439355,0.4101446113770839,3.191294050223567,0.2942769362995914,3.0583579298787598,0.1121144622515815,6.264484648951489,1.0096313028819937,0.1000919467110597,1.5522550787400773,0.9172640378890602,2.25517962175879,2.378826020857175,0.4397608962914179,0.5040743151678733,5.6794753046254804,0.5702596930226353,0.5275818828437329,0.39313741029984595,0.00600746167935684,0.48578525103497394,9.496572039446042,0.15694947456369945,6.885816957498451,0.21595846829423904,3.6441180607008294,0.19686850959525126,0.7192525537631754,1.0952226187012257,0.1258444695198948,1.6991101738361012,1.1228452552197064,1.6690620153571407,1.271213633403625,0.6087858112945777,4.122166813825418,6.420777861428302,0.7179631123478007,0.9887646843903188,2.8210864879732838,4.698602868154985,5.8841448394371945,0.31872676770722363,0.8306502530059983,1.1823395293252374,0.32785539587147217,1.314581790626459,1.6189597057009322,1.1266252821039253,2.038092609801577,1.9498551556830162,0.7698298585431649,9.756502236917127,0.8064099305412329,0.12361238144881082,0.1611091072731783,0.9342608129913113,3.530508269059265,0.4427657626580475,0.0056411411443644255,7.6162062499044,5.316709579142645,1.2176706922114953,5.64553515289431,2.8449943332914622,0.8735221520901234,0.4714623707783403,1.6483762234997295,7.024410058805296,5.050565637511499,2.683884567354257,0.2625739403766969,1.408293087228897,0.3232432321090086,4.363675459240711,0.22363056254466662,1.125473756648275,2.350141408036029,0.8182036981557685,2.283000256216633,0.7620269114327027,3.120552683559609,13.246929112637803,1.3862390297507035,4.077758674789301,0.01675669180595507,0.6683543741548603,1.0138155652260168,0.25774652451588453,1.1040425580295503,2.3445010648109674,1.4211732477929129,1.6627492223232574,3.9861116491747595,1.7037465385127892,3.313215370004909,5.583906540778607,6.144772793082894,1.953020124538149,1.2110097970224736,11.90530599392542,0.2792623902516064,4.8945852480114524,10.10965354001275,0.662073491654136,0.39532986040873896,5.645182991575106,0.9303116273241323,0.4530472148943647,2.2697959635541576,9.613946057400808,2.8243313251671225,1.3956191569040222,0.03879992574462099,0.6588011863155592,0.11565644022213983,0.32440345317691355,0.11160972182649065,0.5299290908948535,1.7872405950551915,0.0840312085107,2.1661137438252847,0.42181805236111636,0.5089634003507064,0.6027129647411944,0.1507374709796505,4.138321582237659,7.700381374240948,1.4996075849994162,0.5823083938604956,0.16608986790112512,2.270017522147989,0.5263807647422754,2.389238654882491,4.934673337229246,0.9616487048181455,5.596123815112771,0.597351760789679,3.0741345931489295,2.711600328024708,0.36813403639109366,3.0279264801920682,0.699668932051695,0.24392469846583065,3.6903242048275633,0.018401417279684917,4.425892753075144,0.2960945813514946,2.0107796970402685,1.4199815087636565,6.479120175441627,0.23748769264675662,1.1211964125055554,0.5788769608678044,0.5807406002924538,1.7571902419450534,0.5817400836011095,4.438808488632526,1.3742632304600404,1.0774540930171193,3.4618054491797645,1.475623112189931,0.2533889246172525,3.828497763374464,1.0539017233014838,1.244686702215139,0.9532552039921551,1.8562705894990084,0.09091667524159797,0.036247485887038855,2.5464486663989625,0.10688432327404085,3.913162335431739,8.577878889427973,0.07513629877576555,1.098704661439068,5.4598398070915595,1.324674430950434,5.844330534386758,0.06838502842256267,0.34760030195583047,1.6983656354450034,2.4675247706417958,0.4286756523561044,1.3462055416510208,1.6592129169041345,4.972730582486738,5.098790663762831,7.613362405587098,10.352668658428492,0.11827542070835717,2.9159744072808826,0.8205768677183726,0.4108308511063663,1.693105809882925,0.30067521036746614,1.7406206445745198,3.0647613387085393,3.95206115641538,5.868250495788086,0.49517363070620846,0.45091498527528184,1.1491729653321372,2.5537154589898954,0.14033794919817222,0.4883661824174865,1.1497768233693633,0.1685638125936424,0.03339369643328993,0.11488177489892681,5.812656021899209,0.8044783843905445,0.16573829006552032,8.689520989610566,1.3999909166087896,7.935048361593536,2.3803266352642503,8.312494747025495,3.075925247312161,0.32681877974233814,2.871496974210314,7.587593786936201,1.3160264113522877,1.8287946201181584,0.47833388355109685,0.5890880548627475,2.777449464978439,2.6896339223065597,0.22370042092700815,1.7753659776250816,0.7591169557259296,2.137586349871287,2.176914752996067,1.4223625782662883,3.341747713755016,5.113765000943715,5.532538982958094,11.235681157890816,0.5415321261342276,6.16426363430881,0.867716685113175,0.48092813795275136,3.678786061511018,1.631190121307355,0.056871472373886345,0.8868785867827373,1.5334254064230517,6.084746318897966,5.0869454526435485,2.314996669250595,4.560151047918294,1.4719616291799071,0.48410039828520746,2.8187087578114594,0.6400500617211276,2.1443565602683394,0.495896742995235,0.611684796521988,0.6627396042739493,0.5006312859729087,2.417593805934554,1.736302063890672,5.304805755483159,3.5424011961207054,0.8776361895075417,2.070409428791536,1.754866073276247,0.44130372156039366,0.8217651906913357,0.19580705515090902,11.638869822636758,0.9989751224681809,1.269502728754227,0.00011009582582430233,0.8258533400818585,2.357400263181945,2.3035648882607775,0.7696723421727927,0.48808164887565336,0.17257847143805827,0.5938495466359739,0.45256415691369334,1.4899889415916547,0.15101993521833718,0.7652062021441796,3.6805766399674154,2.8848719811594625,4.659487046844346,0.2399577869595092,0.8266774566807706,0.7627950635248858,9.483763006165791,4.009058863420483,4.917881986534091,3.0705057298365612,4.071842236178461,0.2452710286612243,4.622152575664585,4.609169690549258,1.8285542006721922,2.8048048258324907,4.48762733223171,0.6364701987106987,0.47917996483010583,0.3354780613889152,1.4153179074134261,3.817156241081072,5.48693067590216,1.6294323543381717,7.521714996330401,3.989341402431389,0.4366239690346889,1.7137823025732295,0.2610695523247438,2.6858926421935303,0.4399651599517562,0.18574916866211844,1.0828036716763623,2.1290258061838716,1.8513420658665423,3.15933855779309,1.314380357247055,0.5742016131400856,0.9841322060863985,4.442653778876604,1.5550782856588274,4.3103176240716445,3.2609693631591834,0.10249798706042235,4.453512990996821,3.0365841742356703,0.33624335763210145,2.9897550642973396,1.2217331815046646,0.6072804040023906,4.9407003120536634,0.1748282803205412,0.03566468788447774,3.1972663760414743,0.7723273644159385,3.061778509069141,4.075825676904442,0.09046206443460414,0.3757213684619445,0.057961524623244554,0.9950135144857987,1.8570106546745289,6.910967790264348,0.4901166368167058,7.310467163506752,5.205620079695264,4.379848423008596,0.4788677418641526,6.473020294123048,0.1524371906997518,1.760643282832464,0.7955746779015824,1.0453853373622568,2.7642446889869987,0.19877727078834706,1.507326749653346,1.7631974186775734,4.299297043055644,21.705721769559165,0.29765875918345586,0.7827388992437434,1.277288537712979,2.464900144648371,1.1151593782211215,0.45300567153883464,0.6885868143458012,1.8247880297874297,2.7398550371492743,4.630052156011457,0.07059622990399905,1.554875844515038,0.9596420236842822,0.4188229099578017,0.16141121364473077,1.2333247801342329,0.23789047552474418,2.8228758546297446,2.2296287834718314,0.9620246861575912,0.35199379645600093,2.0933201903086944,3.1564096879945946,0.6294857763329385,0.44426350346363574,0.016581807240732882,3.4254404204807445,1.0722303115134841,10.44453537335839,0.04973548654294602,0.026280559605895926,6.187132298657813,0.09762559796552317,0.5506001415908877,0.9016778245234431,4.342696261428683,0.7571016070212868,0.9754824721439443,6.27468400534806,0.10998211611335063,0.3596455882604763,1.8845893196339207,0.544375024905378,0.18963882254109654,1.8534868964358981,2.8560082252370527,0.49417185857714574,0.5003367520326565,1.728728033299678,5.471689710840987,0.3431222575636368,0.4431265375438225,7.035716143906558,3.6234922592125463,0.389254744575776,4.607378987801873,0.11275880945456551,0.2705922038628421,2.6349109635577372,0.1302554629506626,0.2722520116036913,0.2061871232809036,0.3139153010985605,3.279326726670794,0.1362837428342788,2.081724377177415,0.09503189264759193,0.8096191306433012,1.5452601854191064,3.005825952129464,0.9129692787228348,3.6744128139971464,2.1627811475688,1.8269883624480967,4.722646453031255,2.6480366703994718,0.338201182521618,5.713409665253783,0.8365335858462737,1.7305140347481296,0.8344005309705826,0.09422777146954497,2.499691021337168,0.6551953779118627,0.019389424663228183,2.7191375070232824,1.4791325785928306,2.5869089702684627,5.774376808160781,0.18841776830652834,4.6555520426270895,1.433326288914669,4.130625343534824,3.4685154269782155,0.8606586573385788,3.526634190438166,0.36025063598080775,0.7216159797429116,4.878260288470102,1.2158744451174632,1.5526948166753565,0.20712864363781858,2.9151334264072544,3.663972291319282,2.251279324198393,0.5579116522451992,0.729279396066584,0.26538730684174594,9.922933469674103,3.444605582252567,1.4784469621577645,4.558477243773368,2.4125707608843765,1.0418258757475927,1.3753190134093662,0.7933646820435594,10.625272065525989,3.601031633860934,1.2236283269174322,2.8497362890536984,1.665529337114572,0.668812457798452,2.410834520347912,0.231425467248922,0.5313402646261918,4.052231802919171,0.2032339349031641,0.18105344882100827,0.4372183718591319,0.23751770375701597,1.6595326695560786,1.9974355398372186,1.828484182157663,0.476878284523789,0.8270804442472612,0.3757078831824501,0.7033724080146833,3.8031217122837893,4.676317902371712,1.1409440355470593,0.4862298334847137,0.02581143240344863,0.9839132456867333,0.832603533315849,0.6818517559479718,0.7619436006953935,1.2392741364444315,5.514077096832111,0.7100918183038729,1.7559060571643417,0.009314861293001186,3.924068826442721,5.150627747860602,3.706623375760619,7.320091332327709,0.2383257446604501,0.4868008300197203,0.6571557658701104,0.17037784156605373,0.31062305232273024,1.1818444570824953,6.5545490826361625,0.7689009512188263,0.15470480637658146,0.5145137197963686,0.8690447507342108,1.1680861439512054,0.061540340131994165,0.6738678263629059,1.1720255382355664,2.614583813361148,4.192846508520319,4.005539105115176,2.3152274020166868,1.777547262745968,1.6527379354330183,8.840536889439608,0.2712081725380311,0.31632052020221835,3.154964239006808,0.38229139473331264,1.281477752146929,2.854855401913076,4.629006231060546,0.4288217582989604,2.1832226843476,0.9012428484663129,1.1785651171155056,1.1880770098023765,1.8350842996299308,0.6926503693853989,2.3311990110153307,0.36868246713306485,0.9330981029769649,0.5079164775060225,0.3280281951344619,1.075278921174765,1.1910712346151497,1.4861960772274574,1.127640990819888,0.3526599139907669,4.688070273159353,0.9509973437040871,0.05467476117745296,1.3490475769928518,2.18673674894641,2.2202629724383653,0.9938598363472969,0.0718702378494484,1.3599945680802525,9.214945660895363,0.49593839354454916,0.9871207471041683,5.860146052078534,2.535823869779986,0.6774588096731666,0.4351349002959136,0.2441073734557655,1.7264544643978987,0.05618581700622349,4.502733741419986,0.14463778503086067,0.2965804607001863,1.6981664229182396,0.05533218937713236,0.9703540163526074,1.7827337633670814,0.2069817119280999,8.311934048272045,0.1520145657599702,0.0745662257339541,2.2166397282440133,0.048311188040521924,1.639647352906083,0.17214581927962835,0.2625877032459045,0.7520050671379528,1.0288145784539358,0.32043346635040226,0.4398103497401318,0.16047642637255866,0.189717160607354,0.4227921958568821,1.515309347492073,0.721740697654516,1.3556732442490271,0.28464304809262586,1.170801590533145,4.192895714577373,2.9002117641744096,1.4154094505943604,1.7092742896622573,0.04792138079711927,1.1529961634664352,1.329777448553058,0.08933291333932303,9.527819743888312,1.89022577539133,6.054953787502225,0.0532979508007696,0.5014626453763129,0.11231858195601507,0.7638192736202356,0.3636203352347538,2.738424258794418,1.3140874090650225,3.231766068820783,1.0111698513894938,2.1215209278591507,4.732175446083163,3.311739552130285,3.693409569939506,2.219924354227282,0.8331099381954314,2.066971495604464,0.505440516487658,0.1478340919792851,9.249931611544644,7.528814579109785,1.9802168932782962,0.41132544410631433,1.395964105177398,1.529613615946395,3.649251624138425,0.7571468061971042,0.05062974754582594,2.0246538272350527,0.07207054911936006,3.1357846216343903,1.9276148104074693,2.5513426762561573,2.521000818664651,0.5920255038331732,0.6507714837703442,3.581633744791756,2.132377818909081,2.527015152042918,0.28175060181893374,1.37489313284332,0.45525939405891513,5.797985133418945,1.1553066569705233,0.27775506028002406,0.6754770055247376,0.5728164642631536,0.4628165051661579,0.09115261941531272,0.22982749538768932,2.4771905469112783,5.281600395391408,2.5068980301506283,5.789060757482579,8.657917371044741,1.096948650025447,0.48757568311072674,2.2227835198558705,6.242416412390065,0.9866529106622678,0.3948240430437102,0.6798382877013895,1.3609691206855592,7.50175143444781,2.043597496458707,0.21111147363084548,1.2098029659824503,1.0737144859275636,1.6611821066998378,2.63277576786657,8.593672185918225,1.0710039747133213,2.5555759960454445,2.142149199740366,0.3756810281385745,0.7218417355108606,1.6365129911304566,0.6868091046132352,3.2189119692484924,3.7715935952869373,1.9260885408519763,2.9948930285036117,1.9885830175573007,4.956107718032181,3.3541033959648767,3.517660789585239,3.2591884030777534,9.387348702433515,1.9797843231054018,1.721906116175774,2.5814186498082607,2.6625337235309674,0.27766149052139966,8.065271753445112,0.43214936330192044,1.395122696281278,2.8018745738591466,7.821693700337521,3.6088025725829267,1.222964859942685,1.0831496249212667,3.3002604861353726,0.4288489133432465,0.8131141716382495,0.96119812132278,0.48247923870986664,0.6107883679828281,0.7017827767669251,0.25226001155560773,4.274364064399553,0.4102815453801787,0.33461746551399574,3.8582551034139616,0.04950126952411904,1.7675644198801796,1.1547862218551137,0.6047852545009802,0.652922936457486,5.9849958555782825,0.09811249067393346,1.3921648277205065,4.1458054650508185,2.1755294559128857,1.274911547352883,0.2604918390293727,1.0132018473886162,0.8569695981220982,3.3293762233518254,0.9412911379979149,0.9228664643008244,3.9033722957065597,1.2007511117705127,2.3453569296464503,1.7368704006600193,1.6513478378765671,3.742886328309268,2.615850586370375,0.12802323643464852,0.5008386877207598,0.49439265502275154,0.23028518430324063,0.057989131036288555,2.220203097660699,1.0077438252117221,0.16257600504841574,0.6199573614252438,1.8697251593418018,1.886671519388854,1.8401655456103287,1.0174709304884013,0.12416982615781436,0.4926628478688988,2.9863238845105666,0.8282318353347096,7.689279697613827,3.0873897275116855,2.8396389963200646,1.1776171114153242,0.4907615120070947,5.121935978279628,0.42203397213636185,0.05774505526195983,5.306401134652344,3.413762603024961,1.218946111134716,0.2719406493886636,0.3762413496474808,5.558724326576332,0.08028490252023746,0.39352933486123964,0.017460495939688903,1.7993405133249123,0.05899142346785413,1.6297590823474473,0.20257670525583338,0.9013977169900096,13.986961777104108,4.1840619521329145,4.666749008437318,4.83486500830908,0.481989795705438,0.7250014753244192,2.172092240263906,0.027773857085573894,1.1984793658348685,1.1604180666409722,0.5167478019824869,0.4885098983552669,1.8225004096965092,0.5702111151248914,0.1447547463148552,1.5672115177450396,3.7109880808558002,2.1242049034046397,3.7843834235713047,0.09120634551382323,1.693474785388898,0.17298744496702845,4.314136058444932,4.084413624548769,2.642280194032864,4.033836455276521,6.974295113624824,0.6169147014916017,5.216580534758586,2.0227456499403953,0.9007470037304746,0.07919005514802335,3.0326069028875464,1.2967896101660634,3.4102789197773786,0.18640908642055942,5.877489937639313,1.752427323343079,1.615561440343519,3.0675402609602322,0.6871304778333489,10.814786862938156,4.671921006155765,0.7591112889902116,1.4356940709329606,4.379794023623664,0.06043609794700722,3.1718940454896747,3.8297106750911882,0.03007538348473715,12.143826559261695,1.7682203678581756,0.3040846239835542,0.5707521158256086,2.7807227497377984,9.602271552442094,0.6820079917378996,0.034496194673542036,0.612458150983973,1.601730487229683,0.5841138380078705,0.014797766975032545,0.6551679542991304,0.265845926912859,1.4444125183101466,0.56736489811375,0.2034129649081688,2.4488941545952945,1.0478157899731244,0.20142239821605834,0.4249750967637316,1.3545293848718765,1.6229094239260093,0.14308127729917464,1.9380567926989318,0.4320067132891312,1.0806947766766544,0.14276097041328706,0.5281242139291908,0.32085718100013993,0.15396623340158966,1.4146236660215665,0.8788749318678731,5.283678895851266,2.4299232018464383,0.4005638869532807,0.7514822014063167,0.15132653382529426,4.709135276026442,0.4632778895857932,5.097544534121054,0.6859628221478795,2.924273290690187,0.496679648282902,1.6642703759343016,1.956012274473836,7.664139085301578,7.6573131700860735,3.2258547016502974,0.4109150393694754,7.931402525969091,2.42523461582606,0.7019356616698855,0.47709179899182286,2.2302920804979554,0.8027162493289786,0.6567368400703377,2.366076213890212,5.132350471406326,1.5217148241952625,1.1446279765384009,1.0741370394617242,0.7740420905197536,0.9314817050287025,1.3113621648960248,2.8541900156087743,0.9652838893917179,1.6500273414134605,3.889424611680137,0.6778378226764143,4.969191876875136,3.1726119806234956,7.264615882704747,0.7274183596913589,0.4647057066118363,0.6767354446464722,3.735139914699781,0.17438788132141192,0.4362421476883893,0.4145560425598367,4.253240646681329,4.242588488713406,1.1925377043032834,1.1701721576024946,0.04309318741944823,9.172022167257763,4.47961481441933,1.1178907004799021,4.667868805384391,0.009012977451970272,0.34333460740244004,0.2974352105738636,2.3145879877808,3.775094215980644,1.007181483962131,8.236571902102565,0.14895227118758309,0.5624318753588942,0.26859536304747555,0.3257194283751197,0.3333073999221233,2.782804196740833,3.60458012427363,4.007750976000258,1.549813609655156,5.785788342805409,1.9700011379014144,2.978291494675195,5.304083000829753,5.948703991762119,2.8000542623492217,0.9779636306129658,0.5784012491505113,2.2380523284707845,0.6719691559885321,2.0375632117738522,1.1684165155949962,0.0958938628142545,8.789446609381537,3.6140930220827596,1.0648811679856907,0.5088893067794735,0.20764805157375893,2.2046268210065785,1.1671900658231549,0.6570462045421154,1.2598791995278122,2.7876747853261383,1.0602372418524104,0.061952637502447505,11.101259966074258,1.826728608594447,1.5164050408682472,1.1052553311875122,0.3044390483074366,0.9366984238334122,0.36975294103054623,0.6134090020262108,1.4043697284188297,0.005235122669476566,0.5508318070734164,1.1288113326428766,0.970732023158277,8.75995913049602,0.7825875070911974,4.7460885530113925,2.7725871299811415,0.03293815485873308,1.104960192757558,1.0541535571036507,2.8956141536437245,1.8270037871846463,3.4927868771191575,1.1312915891722337,3.955543525325956,1.350214487594832,2.4509648765879604,0.3147038343095825,1.7999308863226415,10.936404666583645,0.3482722928028326,2.8419371256121924,6.4466562872581274,0.05212262057266459,0.005575058947809852,0.6211457790353266,0.23960020429455842,1.0581075199866716,2.034838720900767,0.3351976158760781,0.9075976491078542,5.768684424312916,1.5056393100087881,1.9875532764398012,0.39541526942955385,7.087661345867179,2.5396414680160495,6.517888974641021,1.0372408711311496,0.36515171208726604,1.1078427860621987,1.5322139076342696,1.920240073880052,0.7658885576450539,0.10966686715588869,2.2630763759906487,0.9238625322592804,0.9606275528145438,0.43372630435398096,2.7993346849410585,0.41249559247716183,1.1506145871567055,0.9245180795962843,0.6423135766736126,0.667074830885287,1.2343916862666369,3.9302815086421132,0.6138477624452552,0.7994553202716019,0.7276351223887323,0.7561628969191396,4.802273683323091,5.548058742474875,0.9658071056977979,3.8627123471615565,2.246510372586056,0.35567485656676046,2.3053238944566554,0.4781571575741306,1.2097328671272911,3.458426577302164,1.7700847671944124,0.3215756664490428,1.0591133710565643,0.5697404429474131,1.558216425803359,1.6676268958832485,0.7177856946446615,3.54848879389087,2.6949628416032034,1.6004284487550242,2.053993513756352,0.6362462722776954,0.6900348192797423,1.378892569973725,0.42038891373130816,2.734295446915299,1.4395377218579002,0.9268656503286874,0.1152704154289248,6.80114251649494,1.2529394740475013,0.984574995115771,0.36091481784981494,0.9959571619531604,2.8654041904071192,0.08646937543945121,0.7229554147211372,0.10739119761159888,1.0288277976017022,0.13891853875263105,0.4439228464816414,0.04236617303556242,7.3518981595249535,0.7097162876379466,0.4120076005809006,1.06639327297599,0.6839816831239274,0.35952181838261743,0.7959653419919062,7.775215415910201,1.7278181183342194,0.32158780201598924,1.5107627591413508,1.0476512698896185,0.24156743475101106,2.547370912477323,1.8203535869005978,0.7031333533808266,2.9155273644344097,1.0511048422560945,0.4933963447234976,4.515151995802776,0.7249385634508183,2.4330317154894754,4.630573799224787,0.7446791179341337,0.7467196860742954,2.938397573561886,0.8767533859036517,5.77033096355852,3.1369528297063587,2.7069619337378397,0.277519317771981,7.7527664923035475,0.22117001738727116,2.8716449116188327,2.689563597760049,3.942667123474866,2.1468890712722875,3.455743930777757,0.0447222373508398,0.27101483270880855,0.4023463204455162,1.4892753346650105,9.24414546518678,3.3346520459051696,0.4655378706150801,4.443105026311971,1.0722164397017653,3.7847158065277355,2.0723546046563492,0.0728993643381659,0.7196681292147071,5.352641593983289,5.605123286243106,7.868261777652989,3.402241326092264,4.013559500472337,0.26359471133570667,1.9872270933094456,0.46035786292365977,1.5343157469644995,0.21252082970029562,0.5254495933072192,4.327412072691901,1.3096810519883666,0.35829438377915546,3.849441792277115,0.532863659110409,4.906097345947723,1.231297083444015,1.9477567615316422,0.6720999161009003,1.3135719237538648,0.4644513161949786,2.05891107008061,0.2500172324281973,1.6056904247041106,0.11219101858272984,0.8378535968524994,2.2436328695110865,2.9432888806417536,8.729803182230079,1.5448941536190732,0.2977413347853354,0.017555632285383704,1.5366940416377457,0.991453506304687,3.1358079613794123,4.581908765712181,0.17900807895664803,14.039339319913037,0.5526351686709442,2.9185762119923915,2.91819528957202,4.364752202564565,1.7170787017280538,2.8982741080498515,4.03599411890937,0.15240491630704123,0.5329992083257458,2.9900898692297826,2.7501989965038285,2.3476531935737963,0.5599467562198652,0.9798790464796729,1.0726649830815187,0.37258607922838105,0.664644326257652,3.373490215164077,0.34409384038470425,2.469698527212565,0.7636706124574437,1.6941956772000948,0.2840271816809881,1.228895893570266,0.21154577867719038,2.0927633756711477,0.3054047923952873,1.1819546861514452,0.04026481356380085,0.8977133626645277,1.405787485527239,0.39968949698930434,3.545112330969808,1.134369617315952,0.4709371567364735,4.524351846249355,0.18533664197042232,1.1645271425999635,0.4450814355467414,1.2093481336358116,3.5085380312497527,1.6794774750205521,1.0660919203272277,12.57053571529245,9.670076197664542,0.42473426243813384,0.5953893706070912,2.6694104276790336,0.3907704807837291,1.5283341253047975,0.4000400291082564,0.45784704353265737,0.3436454836102458,1.140537041096188,2.8591862748390064,1.2570951266763575,2.2726740650539243,1.6113245425678289,0.19291306014904697,2.5027921856150614,6.256197328831216,5.007578281902088,0.11976251314069208,2.76269495286401,0.9751548457683394,0.5396916252597381,11.02875098165215,0.7313791498394449,3.3729641407697195,0.4869854619225591,1.2189015027959338,0.996473203147218,0.4803813761690767,1.840170492236136,0.8656789187834439,0.7496861321398658,0.08395460182540115,0.8655615646625026,0.915834351303783,1.813587577840905,3.5534959423614385,3.5171453220789477,1.1362268022764366,1.112493621387097,0.13952032250840718,0.2917486739484978,0.6091178760733993,0.22021974464441174,0.06305269385369372,0.8082850591744033,0.2447794471605541,0.7221491140829057,2.3429696616178313,3.113117097931032,2.76092446737698,2.329830657329743,0.611198683870275,0.6844962120186973,3.948756071848166,1.1591399652835077,6.045256632176223,7.978680773685406,0.1713513873612591,0.4436138782626964,2.674417968325319,10.124434411712748,1.4900197652033143,5.305957681036947,4.700703259936451,0.6250298070327232,1.3575384011141833,1.0604373999158492,1.8543152026795047,4.3543385048587515,1.271997081512796,1.6365974385471356,6.1120117523550705,2.768503516134945,7.689516114607661,0.3643272304777312,5.508139734216289,1.8733585965182409,0.8808103934821052,1.3136364490091266,0.6151156540345761,4.07254630396139,0.9127110691999942,5.074970512091327,1.867887509209517,0.9431130427892129,0.29342468591574233,5.394951616699735,0.522926315910449,3.4235334911198243,2.4231368163865783,0.5526264715553424,1.0445602553312114,1.1352045204760401,0.6137374486519447,6.040838428319574,1.963445435392797,0.4275031474429555,1.6465732098082742,0.7071612627243673,1.8777886813333033,4.430797369799086,5.225690825302115,0.8337346901402789,5.143557332723804,1.9773890749800018,0.5263597323354539,1.1713771744147483,0.8253315033261197,2.582061745236707,2.513809921237586,11.585021162136883,0.4426709205187507,2.928591903101184,0.2606143730266566,4.043518182946524,0.04702743585309621,0.5919359802676136,1.2616322831595577,2.2514711831356085,4.606696333868975,1.340105398853548,0.7410699984824897,0.1714590469545454,2.4516259558183147,3.2446157212426154,1.6391684228626184,0.4356988614289181,3.4737791959674285,1.7554347336127805,0.5905959003238345,0.42948416908254883,0.5080028720807386,2.5820627602553503,1.985862752518538,4.062114311247376,2.4022606861879985,1.5505210053594334,0.7763494361106837,1.387305495864895,0.8535140408476687,2.8761904304286334,0.5182610767187525,0.705377003108685,0.38871492694162857,2.368311601951624,5.059931014636057,1.1502651337609833,1.9380701438922712,0.8575960668000917,0.27333389593878743,0.3264816723606627,0.3033772927407661,0.5866941967797965,0.08121934094627592,4.862315976574996,0.010289983726420981,0.5452380848635858,9.752369996188714,9.64636194743711,4.781578483133742,0.7253522218448243,3.3293368929785707,2.8120546842136225,1.5430839325764332,1.7193025505912425,1.9145834419159025,0.3547773675774072,0.6503870003221373,0.35167839797886535,0.3159001438160811,2.868099331800262,5.392632464512795,5.5904271722576855,2.7779023131295135,0.15490667443545014,3.214410904151719,0.45368041232259104
"((3, 1), (2, 0))",0.0,0.0,0.0,0.0,0.0,0.0,0.0,0.0,0.0,0.0,0.0,0.0,0.0,0.0,0.0,0.0,0.0,0.0,0.0,0.0,0.0,0.0,0.0,0.0,0.0,0.0,0.0,0.0,0.0,0.0,0.0,0.0,0.0,0.0,0.0,0.0,0.0,0.0,0.0,0.0,0.0,0.0,0.0,0.0,0.0,0.0,0.0,0.0,0.0,0.0,0.0,0.0,0.0,0.0,0.0,0.0,0.0,0.0,0.0,0.0,0.0,0.0,0.0,0.0,0.0,0.0,0.0,0.0,0.0,0.0,0.0,0.0,0.0,0.0,0.0,0.0,0.0,0.0,0.0,0.0,0.0,0.0,0.0,0.0,0.0,0.0,0.0,0.0,0.0,0.0,0.0,0.0,0.0,0.0,0.0,0.0,0.0,0.0,0.0,0.0,0.0,0.0,0.0,0.0,0.0,0.0,0.0,0.0,0.0,0.0,0.0,0.0,0.0,0.0,0.0,0.0,0.0,0.0,0.0,0.0,0.0,0.0,0.0,0.0,0.0,0.0,0.0,0.0,0.0,0.0,0.0,0.0,0.0,0.0,0.0,0.0,0.0,0.0,0.0,0.0,0.0,0.0,0.0,0.0,0.0,0.0,0.0,0.0,0.0,0.0,0.0,0.0,0.0,0.0,0.0,0.0,0.0,0.0,0.0,0.0,0.0,0.0,0.0,0.0,0.0,0.0,0.0,0.0,0.0,0.0,0.0,0.0,0.0,0.0,0.0,0.0,0.0,0.0,0.0,0.0,0.0,0.0,0.0,0.0,0.0,0.0,0.0,0.0,0.0,0.0,0.0,0.0,0.0,0.0,0.0,0.0,0.0,0.0,0.0,0.0,0.0,0.0,0.0,0.0,0.0,0.0,0.0,0.0,0.0,0.0,0.0,0.0,0.0,0.0,0.0,0.0,0.0,0.0,0.0,0.0,0.0,0.0,0.0,0.0,0.0,0.0,0.0,0.0,0.0,0.0,0.0,0.0,0.0,0.0,0.0,0.0,0.0,0.0,0.0,0.0,0.0,0.0,0.0,0.0,0.0,0.0,0.0,0.0,0.0,0.0,0.0,0.0,0.0,0.0,0.0,0.0,0.0,0.0,0.0,0.0,0.0,0.0,0.0,0.0,0.0,0.0,0.0,0.0,0.0,0.0,0.0,0.0,0.0,0.0,0.0,0.0,0.0,0.0,0.0,0.0,0.0,0.0,0.0,0.0,0.0,0.0,0.0,0.0,0.0,0.0,0.0,0.0,0.0,0.0,0.0,0.0,0.0,0.0,0.0,0.0,0.0,0.0,0.0,0.0,0.0,0.0,0.0,0.0,0.0,0.0,0.0,0.0,0.0,0.0,0.0,0.0,0.0,0.0,0.0,0.0,0.0,0.0,0.0,0.0,0.0,0.0,0.0,0.0,0.0,0.0,0.0,0.0,0.0,0.0,0.0,0.0,0.0,0.0,0.0,0.0,0.0,0.0,0.0,0.0,0.0,0.0,0.0,0.0,0.0,0.0,0.0,0.0,0.0,0.0,0.0,0.0,0.0,0.0,0.0,0.0,0.0,0.0,0.0,0.0,0.0,0.0,0.0,0.0,0.0,0.0,0.0,0.0,0.0,0.0,0.0,0.0,0.0,0.0,0.0,0.0,0.0,0.0,0.0,0.0,0.0,0.0,0.0,0.0,0.0,0.0,0.0,0.0,0.0,0.0,0.0,0.0,0.0,0.0,0.0,0.0,0.0,0.0,0.0,0.0,0.0,0.0,0.0,0.0,0.0,0.0,0.0,0.0,0.0,0.0,0.0,0.0,0.0,0.0,0.0,0.0,0.0,0.0,0.0,0.0,0.0,0.0,0.0,0.0,0.0,0.0,0.0,0.0,0.0,0.0,0.0,0.0,0.0,0.0,0.0,0.0,0.0,0.0,0.0,0.0,0.0,0.0,0.0,0.0,0.0,0.0,0.0,0.0,0.0,0.0,0.0,0.0,0.0,0.0,0.0,0.0,0.0,0.0,0.0,0.0,0.0,0.0,0.0,0.0,0.0,0.0,0.0,0.0,0.0,0.0,0.0,0.0,0.0,0.0,0.0,0.0,0.0,0.0,0.0,0.0,0.0,0.0,0.0,0.0,0.0,0.0,0.0,0.0,0.0,0.0,0.0,0.0,0.0,0.0,0.0,0.0,0.0,0.0,0.0,0.0,0.0,0.0,0.0,0.0,0.0,0.0,0.0,0.0,0.0,0.0,0.0,0.0,0.0,0.0,0.0,0.0,0.0,0.0,0.0,0.0,0.0,0.0,0.0,0.0,0.0,0.0,0.0,0.0,0.0,0.0,0.0,0.0,0.0,0.0,0.0,0.0,0.0,0.0,0.0,0.0,0.0,0.0,0.0,0.0,0.0,0.0,0.0,0.0,0.0,0.0,0.0,0.0,0.0,0.0,0.0,0.0,0.0,0.0,0.0,0.0,0.0,0.0,0.0,0.0,0.0,0.0,0.0,0.0,0.0,0.0,0.0,0.0,0.0,0.0,0.0,0.0,0.0,0.0,0.0,0.0,0.0,0.0,0.0,0.0,0.0,0.0,0.0,0.0,0.0,0.0,0.0,0.0,0.0,0.0,0.0,0.0,0.0,0.0,0.0,0.0,0.0,0.0,0.0,0.0,0.0,0.0,0.0,0.0,0.0,0.0,0.0,0.0,0.0,0.0,0.0,0.0,0.0,0.0,0.0,0.0,0.0,0.0,0.0,0.0,0.0,0.0,0.0,0.0,0.0,0.0,0.0,0.0,0.0,0.0,0.0,0.0,0.0,0.0,0.0,0.0,0.0,0.0,0.0,0.0,0.0,0.0,0.0,0.0,0.0,0.0,0.0,0.0,0.0,0.0,0.0,0.0,0.0,0.0,0.0,0.0,0.0,0.0,0.0,0.0,0.0,0.0,0.0,0.0,0.0,0.0,0.0,0.0,0.0,0.0,0.0,0.0,0.0,0.0,0.0,0.0,0.0,0.0,0.0,0.0,0.0,0.0,0.0,0.0,0.0,0.0,0.0,0.0,0.0,0.0,0.0,0.0,0.0,0.0,0.0,0.0,0.0,0.0,0.0,0.0,0.0,0.0,0.0,0.0,0.0,0.0,0.0,0.0,0.0,0.0,0.0,0.0,0.0,0.0,0.0,0.0,0.0,0.0,0.0,0.0,0.0,0.0,0.0,0.0,0.0,0.0
"((0, 1), (2, 1))",0.0,0.0,0.0,0.0,0.0,0.0,0.0,0.0,0.0,0.0,0.0,0.0,0.0,0.0,0.0,0.0,0.0,0.0,0.0,0.0,0.0,0.0,0.0,0.0,0.0,0.0,0.0,0.0,0.0,0.0,0.0,0.0,0.0,0.0,0.0,0.0,0.0,0.0,0.0,0.0,0.0,0.0,0.0,0.0,0.0,0.0,0.0,0.0,0.0,0.0,0.0,0.0,0.0,0.0,0.0,0.0,0.0,0.0,0.0,0.0,0.0,0.0,0.0,0.0,0.0,0.0,0.0,0.0,0.0,0.0,0.0,0.0,0.0,0.0,0.0,0.0,0.0,0.0,0.0,0.0,0.0,0.0,0.0,0.0,0.0,0.0,0.0,0.0,0.0,0.0,0.0,0.0,0.0,0.0,0.0,0.0,0.0,0.0,0.0,0.0,0.0,0.0,0.0,0.0,0.0,0.0,0.0,0.0,0.0,0.0,0.0,0.0,0.0,0.0,0.0,0.0,0.0,0.0,0.0,0.0,0.0,0.0,0.0,0.0,0.0,0.0,0.0,0.0,0.0,0.0,0.0,0.0,0.0,0.0,0.0,0.0,0.0,0.0,0.0,0.0,0.0,0.0,0.0,0.0,0.0,0.0,0.0,0.0,0.0,0.0,0.0,0.0,0.0,0.0,0.0,0.0,0.0,0.0,0.0,0.0,0.0,0.0,0.0,0.0,0.0
"((4, 0), (2, 1))",0.3694158130582206,0.2192713654990217,0.033199074807012785,1.6822705088206336,0.24169019583955276,6.716120349590619,3.23413462194292,0.059520075867302014,0.017615649555096535,1.6804662428430541,0.11531326396128438,0.33859163227748024,1.0355344110612403,1.8650818521969827,0.061724468688655776,0.15941164279825903,0.34851286476837573,1.9291152879718334,1.6241514019702628,0.07002343335444361,0.04322330565023913,0.05311191985629515,0.0,0.017085242956522695,0.0010309203717171478,3.0206129512530384,0.8396326484466865,1.139449156138045,0.035720553350630624,0.2669015417996512,6.302427556465785,5.905283390290268,0.14618743382444777,0.004749662057268456,0.4328224477887197,1.603342014365794,0.9763298492830774,0.011871555665583955,0.9974762100423489,0.1027535246799085,0.0,0.03898115756970366,0.320129829334995,0.1292411706038945,0.4385144184099449,2.7339656326083803,0.845935931560573,0.12738616986341267,0.03185509806843578,4.301916762265357,0.17155704775698744,0.19195620737125085,0.04435562469451315,0.0366612458920863,0.11140677800309962,0.023913046600407162,3.640975911774491,0.6745789970829379,0.04895040018294727,0.07452681014483042,0.004006452032953911,0.05879861634621797,0.9246919789439598,0.496043552848378,0.2787736738948965,0.31747389050433084,1.3145485063448643,0.14805663983557382,0.021145312870947564,0.11922051638249043,0.5172188056787221,0.7705432279557431,0.4860349911507802,0.04169420807945201,3.158605690976329,3.0283854821414087,0.46490094358364953,8.304347249454937,0.47998486734610735,0.41701964927447444,0.9487308762261062,2.6398134017368236,1.1086089155949415,1.3719912478708076,0.05784593037262731,0.11324969753197855,0.0932940371453479,0.7333547774993887,0.15726073888721093,1.3858035693648456,0.013003320556461917,5.11416811159834,0.03237901137256527,0.09799362866482797,0.04379294707480774,1.3059911539341993,0.20475478918968104,0.0,0.2428125992021748,0.16110128233176824,0.013183816190159625,0.3497964365357862,3.650212880250892,9.60206695163624,0.0,0.29210780728569397,0.30489170585546543,0.025370666279978416,0.7550177557621904,0.1139478648227894,0.012181253099865064,0.532410224696269,0.24368051373566235,1.1669479271645922,1.7773438332175564,1.7061204167677098,0.30683649527027224,0.01726367140319307,2.762493425696059,0.051864002657957986,1.5233345049887737,0.5624293894635892,0.03221331129716498,0.20971242988071492,0.03570274104778148,0.04673690750874138,0.16111610754214034,3.1979059503217266,0.12834587364544747,0.037365922058022694,1.3771945873341944,0.0013303838687530045,0.14507840439615083,0.2663170012673586,0.233493869460196,0.06408943304181691,1.0946461613429688,0.021727809906956885,0.0,0.013436628248157056,0.0,0.4296195857314812,1.11608155482925,3.013970394954397,0.5946287987355059,4.698657115442381,0.18505220243343468,0.4499271723444722,0.26967785274878264,0.5124177688530485,1.1065193232549457,0.7124684215927948,0.29473669670054514,0.08157665227152111,0.0,0.13627306728846422,1.3664104625003521,1.473332852685946,4.043514996530814,0.20970020071714757,0.09229288600053875,0.0,0.24000144882218777,0.03522505533141074,2.463207502672139,0.669778336101422,0.009302286323431996,0.1367582343666145,0.0,0.4601557709468873,0.1429500135951134,0.21177402565317882,0.19293319358657168,0.005367047551980697,0.2321022271903872,0.8526493094629282,0.012970234601577424,0.03677712400079125,0.04596586410097103,0.07864081083805186,0.8644252929811944,0.3994489064386657,0.3168621922366437,0.012664731338608348,0.16827268316776856,0.8424715141177515,0.722696743238842,0.04020336093870602,7.379356365985,0.0,0.10787475323351359,1.6998599780786714,0.3486633032760449,0.011025772451891847,0.3929701308013247,3.480933133270891,0.014875564186259904,0.23270352980265097,2.877534432669925,6.969068969395899,4.437995298547163,0.8836863005173754,0.33318453802295256,0.02040632468842052,0.4042456752136445,0.020354812035014547,1.9005959468904474,0.7060178468821565,0.9158098342525496,1.5524059062381195,0.14849308403638783,0.21650910630794318,0.009395112090449409,0.1729853906394081,2.7884072595536735,1.5469156289657455,0.3824139417982768,0.4452026207385189,0.08571184942670218,0.06489550870188365,0.03393916394215202,0.12675085064006653,0.3113252141342817,1.6902698559226765,0.10472401277243493,0.5336051540741493,2.3416501617730825,6.587709948068152,0.0,0.2256430392152744,3.394255512871099,4.043985241417422,3.5699834104538044,0.7035926477236156,0.04532942114057126,0.0,0.12719232365568223,0.08169327075371857,1.2819422608261526,0.0,2.615922034415126,0.05509288758661368,0.27669108935475095,0.02400600097119887,0.359633573204444,0.1283382768214647,0.9904110904954422,0.19458284272749404,0.936125008052481,0.14157949184327911,0.03215268933202964,0.0,5.996258281383737,0.10186921792167869,1.8115859929987934,0.0,0.7693632204511802,0.04634168528727933,1.6034282284755381,0.3998556416802448,0.06457958380678419,0.15004880617998229,0.2014465322722696,10.662676121303669,0.1320333259527784,0.11198759504660738,0.45073914445637975,16.641268697113347,5.265387463467315,0.31559554849004035,3.6235544220284535,0.5479446258678093,4.058872715311607,10.089346205209539,0.37038526752436507,0.5239205480162878,0.41490384638071653,0.017837998774068442,1.5217250828960536,0.11688014302744532,0.0390904529924514,0.5611485341853957,0.7485935120819434,0.6444464043828715,0.013887458638109917,0.03613466945931387,0.3327863368446957,2.6783343188301716,0.1885406222985686,0.11875268769719705,0.3771817953747384,2.896342313819245,0.06011082584070948,0.008556358756838911,0.36204317001578934,0.08643828597104997,2.3004967527294387,0.07101410798304719,0.0,5.541807912798654,0.0060513270456845625,2.9402821214384263,0.2795772650656869,0.10554358050324963,0.1886556702915554,0.14104412638830222,0.08861225753462953,0.004955863413258488,0.7510260626765657,0.16389783235388045,0.016901117274461974,0.09357758880228673,0.11628441063569372,0.07565222245060177,0.029265611318189055,0.014611636024086216,7.506448578859837,1.210066213525792,0.0884770759355673,0.10545464435620433,2.4709554594424823,0.7014860221478461,0.6462228488814021,0.0,0.03970078312372749,0.0470646819715983,2.154460032930376,0.5198341053816797,0.4909116401735354,0.22023164252390792,4.899465659770376,0.05507502743270032,9.751606680020398,4.1686681259530385,0.325451012133152,0.12900603606492234,0.005824019408668946,0.30674000224525333,1.109487756292298,0.03240750649641089,2.987739021147073,0.0,4.130789745589281,0.1061512683518977,0.0,0.29156829330274214,0.7056547609205444,0.1975706776975681,1.9811226570805576,1.0224073097211432,5.393142763984908,0.0,3.556498285767372,0.42782034471108465,0.5152366812966034,0.12377158411906564,1.3275615317188207,0.537630759016487,0.3386368542207776,0.0693613944968785,0.5315922442512216,0.013393552662231523,0.2199166940609265,0.6709286911841232,2.512834035031817,1.8294227009560653,0.0,1.241162097367893,0.2225489813825191,1.7522528327715667,0.0,0.0,0.07145604794003901,0.9847606117949521,0.03789290754645913,6.907790017974819,0.019743843181476706,1.2688085880003568,0.41821116196692454,0.27119880691221376,3.5807290508900116,0.8990300222250254,0.7260764548055159,0.013084603682150475,0.5503367130155694,2.8452265134555095,3.829870829910177,0.0,2.252206603724233,0.2561812451551764,0.7441073276078032,0.45813174196563256,0.23314957452017981,3.7688956459869707,1.0158567709353838,1.7050628801194656,0.0,2.2897642325724834,4.999247474573062,0.9764639219282427,0.6664015982786637,13.962919992157449,1.0424235858604431,0.15325834688926931,0.3027493160318153,0.06623931810556716,5.300172858702577,0.9907083887751491,0.11520514855896735,0.06888057104831136,2.2039843587636088,0.0,0.02982522214387373,0.8643995047335908,0.0793255335656955,0.04907303780668659,0.008371203107734537,2.011210200347765,0.01799463751077468,0.47198155014320964,2.169728057341239,2.071143019740484,0.5553948064849337,0.457657938897192,0.3453936807287352,2.1808237686832372,0.04028869522152245,0.0,0.13540389195747426,0.16153423941013667,4.841168335766947,0.27548157460055567,6.012795180188254,0.1289563409739627,3.297467286700836,0.29679457386744446,0.2611932571363891,0.19266382722652953,0.8585828695910651,0.15331043292313684,0.1502667227281469,0.0008245137551847748,0.020458415147027065,0.004625976410666199,0.6081705407108022,0.1599715704000777,0.006186558368814765,0.13189249002024805,5.29651773267367,4.605537719979205,0.041516973737627305,0.15209056735757276,0.7757642148033268,1.6279067056330545,9.878548137285604,0.10435031151414265,0.2531970447494929,1.196654977338647,0.016112890517494982,1.0633142418722628,0.2969688672226354,0.09999173442426912,0.14822242098339977,0.2704736868186344,1.757436806624091,0.3316145189390043,0.5591604689609504,0.5787301162691403,0.06509793587795532,0.4806336244681666,0.39454386048191004,0.7139759512135653,0.0,0.07165974352793647,0.2729683625658419,0.12335971446026583,0.048673772247822766,3.1681799526825305,8.475230664074644,0.0,0.0,0.0,0.030931029459072334,0.12919035257073874,2.1511448137882443,0.4753330177188029,8.73661011011876,0.03915836168638798,0.2707746560057549,3.127993810498335,0.4957157390840017,0.22035124446520005,0.041169046689243705,0.6556025583423897,0.2565058132953393,0.12200863221177505,0.09628512986468252,1.430424599993877,0.2548871890505664,0.13181788951187468,0.4691815873824954,1.5825974714438804,0.006080400509521855,0.19511546963650828,4.856256099215312,6.818900407354263,0.05923328061675015,0.5717748312719735,2.6590545364855775,1.7899627122157495,0.7774507406344284,1.133428375224533,8.599598956585334,0.9782328468992056,0.049126779718684066,0.01831571070937077,0.029215553208662204,0.1076862036384707,0.0,0.1436540160887072,1.3192294499804198,0.0,0.006224931123585131,0.03508185658837082,0.4391245885818895,2.983080777807889,0.7645701414032684,7.842792530561961,0.5762170459995486,0.509026734422571,0.006973937045932965,1.2750133745655416,0.17288666077469372,0.06945480592733677,3.7179604836304736,0.39926033145298645,0.11899672411813711,0.0,0.5401429342161461,0.09230984906089335,1.0043353492728557,0.06178570391635496,0.5067428553721718,0.6544996352963309,0.08682241656259748,0.5707675137127763,1.134680505470543,0.0056097211597976315,3.9582789676492967,0.0,2.3990293613216576,0.04855387245198228,5.047437769273127,0.032898867918328634,1.1738748236850718,0.05828048291375154,0.005693302044942339,1.6648563977330006,0.154861582283484,0.014771762769661745,1.1735742804121279,0.34930586069296743,0.5461645055670625,2.309888392357748,0.4791972548455323,0.0,0.4234533265100149,0.13700955521080083,0.580804736124189,3.2177302646588544,3.1552054720654312,4.562127884125824,0.03553713703996586,2.98438026446335,0.45139716678259667,3.286618063483764,0.3203884052685686,0.7685372053088937,0.158077957347448,0.01927916321140688,0.2544323598687499,2.2791753495325837,0.34426109168005425,0.03913617820270776,0.028322398203606713,0.2581347082974075,4.174791658343814,0.045346309433753174,0.17180223786013205,2.1507371335485947,0.18447596630542074,1.5757804096679937,0.10559842477068226,0.14145993154548764,0.36593979093294227,1.3815488391287531,0.06932816783394946,0.33473551004592483,3.234747179323484,0.22108037151707105,2.9068118050407206,0.10761024189519208,0.1389760088708376,0.2566723470604728,11.132638341278847,0.0010797745363184674,0.8293637202818276,0.10896502456375856,2.82045684322396,1.2571497471862303,2.445250061208574,5.612429069663059,0.40717200701643375,0.04334625175865314,0.9501492241411942,0.4495219269395445,1.3962867512823403,0.13257041909049105,3.8299608635599123,0.0,0.013112997781110192,0.09951564219583142,0.11259960792429347,0.019240615999140953,2.604831304472963,0.1689828444869843,0.5275914461269051,0.5897017414012997,2.9220354068163834,0.008580866947860422,0.0,1.2095605845041228,1.360718881521734,0.010027425663170053,0.16767141258092932,0.801113250642224,0.19788117917274217,2.191021329113876,0.013743778381590133,1.6192593234961699,0.26466131101142,0.0704088717168947,0.8741778557285282,0.1614172667335746,0.26787073138604356,0.12029918382314175,0.0032900222156611036,3.708672209006924,1.2895937753017455,0.4442058423230695,0.18837491068479828,0.040370094833179326,0.14238927209553864,2.115083188770888,0.0,1.1830098144123042,0.05965716871348681,0.23829001015359852,6.7872154375261005,1.381254914033815,6.391961714789247,0.4276133610052445,0.05781460522185089,0.9048139060706744,0.019096769586359974,1.2517277486219316,0.9583174270889133,3.3017106325048076,1.0745052660831735,0.4406512549307984,0.25053994279251723,0.31864132573647996,0.23694743239541438,1.0223448598143605,5.154945634303333,8.142110148750398,0.0,0.41200583594010975,0.6273201214053117,6.790517587510045,0.001697195402893037,0.14674863558771767,1.0311717195737193,1.9104527845163224,0.7409368567095811,0.9583081934772502,0.3706420171226643,0.0986809352159943,0.06294218199712609,0.05341789215065362,0.03152723967809212,0.46355838026251517,0.15336056846881307,3.5266825085845572,0.0,0.10921035788458378,0.30513291895725825,0.41856004709653094,0.09198136708247473,4.14002979634585,0.010109739538101348,0.10417194156339282,0.5415001513732012,0.2813788384827096,3.9549995238340188,0.7991514366902642,0.14136899003286496,0.0,2.214997987921888,0.4627449632606848,0.4200253802213454,0.0,0.030818969051222833,0.6799562217718667,0.4230737821991156,0.07738729003843692,0.34825933982663004,3.8283240725518835,0.06203742582430605,0.13632967108504213,0.13125240180262487,0.00673027119890568,0.3260332869336944,0.41191116930522265,0.07885337994591701,0.15351169699430955,0.10902555787980628,0.07387878726557284,0.05636955647790742,0.4448167557175572,0.0,0.00936747497699919,0.2830211990649283,1.1385527099602286,0.38974237577579096,2.8549903058692268,0.6897869118176021,0.9962151955125402,1.1217186898726395,0.927299214338013,0.0,1.9308428525130692,0.0,0.040583665574914995,1.0009915511851322,0.059099921492350216,0.04802690567706147,0.047726754925997206,0.07203500490015236,1.7233730624483534,1.7236030217601201,0.18441446372887604,0.1694313598816457,0.3786762111526809,1.178070997013056,0.7903200007813982,1.3208338054334907,0.15339922669696437,0.0552199999331342,1.158803691712163,0.9123740647638565,0.1594617651772261,2.3231836339273704,0.2777932699034058,0.015448466804634187,0.949446621651949,0.202560177608349,0.3396666288677159,4.932283336774688,0.4679995566581949,1.8973915612910903,1.6350004717687945,0.2564301692746138,1.6799258928256575,0.0,1.847885464784241,0.290076587325486,0.02848406639489376,0.8190012392953454,0.8022634457004731,0.2839742722933709,2.2864469085440717,1.5774344362646682,1.4176890770437494,0.5388747871259674,0.2809051575717776,0.0704196498269396,0.007191659503491099,5.435186146431618,0.9854214180543512,2.6584383844581128,5.099449173966713,0.11055042342424848,0.06121392964413985,1.115731285221241,0.4361139404446721,0.1333257258685201,0.10769029899120097,1.616153125777007,6.370266426073895,1.927083731420295,0.0,0.1655575181234692,8.286105876973068,0.007875113284520174,0.4121734170829434,0.3746662219898096,0.45141332474709994,0.026030077732293044,0.0,0.10391239915231698,0.17657570667316191,0.15441087408038356,0.22701247809512237,0.8271319159850774,0.24682978779217624,0.0,2.877433833593982,0.10092744568480416,0.8186205051636257,0.0,1.4362735238313973,0.0,1.1646206629754947,0.10140669862159402,3.581722821483873,1.246963522836575,0.2921253320088226,0.4441935378583537,0.29850323862076067,0.4970500971929366,1.5377665047613693,0.41361767409710204,0.26256286443157695,4.879900886626561,0.39565168958128893,0.0755141096792169,1.3134131039781185,0.07863107922727419,0.05878481830957827,4.377537788529949,2.4885999894474757,1.6510910383671353,0.13617323343470078,12.350556541009396,0.2949999149428866,0.12997814793776996,0.39885917637476576,3.3754494254882483,0.14117912863822357,0.21721333429109446,2.000996996889233,0.6430427691738627,0.2244192308350632,0.06529516779220312,0.030060899910473893,4.0159000234606035,3.3701288704261776,0.1001208961308544,0.32944906472662305,0.17462212077456374,0.5430900162402581,3.599662513660455,0.8441287129009307,0.31328903751124915,2.813390396240296,0.10600360959306077,0.8775355887259808,0.33964184448789636,4.711683614171462,0.21284065550883557,0.10323409936844286,2.692218297853133,0.5355417375111453,1.1952238020583499,3.7410251521373965,0.47763493506981725,4.3142626237770605,0.453760400299855,3.6318667543486294,0.22712827737297125,0.3194774212547524,0.031336252847315116,0.025982310072401926,0.1637862147894822,0.18085319259218857,0.7116415801752849,0.13460454396844357,0.03142117225314589,0.16144055722374784,0.03838791737871983,0.04966790854692338,0.6013776092484107,0.04189606630242526,0.7599832311763912,0.022256354610944773,0.3045919089596567,1.210086247629175,0.011533408221909403,0.0010830025709429592,0.03757024969759426,6.1793267573588775,2.416586755762273,0.15486883196847812,0.23133137006266757,0.28386879802440435,0.910572906851151,0.10977072721615455,0.06379738016648329,0.0,0.11123445242015872,0.4640804658947002,0.0,0.08754566827609533,2.7230201155978033,0.06494635631822954,1.686655875449528,2.1720181669038117,0.14901450140515649,1.1675070000987462,2.946018939098142,0.10812995833553263,0.5992106691441392,0.24665348797801956,0.88386875923198,0.06475936864342013,0.5276847692802134,0.48099932333050965,0.24794825848993352,0.3997086235697429,0.24708503511283797,1.2730354277848384,0.43106245242036634,0.05608533549006456,0.0,0.07016773359526063,0.09038409641710388,0.007605665089679636,7.994431810128798,0.19532920879345317,2.150187358554139,0.06532610641207248,5.558360296783769,0.19493367303208675,0.009317877693925336,4.602430647058709,0.007832895521849292,0.005446479892466272,0.17952516483206882,4.448798959023439,0.5610179469054648,0.480370877985536,0.3073439767582329,0.06590013913761084,5.164274218768897,2.931658368910994,0.0,6.9703469294529805,1.6010866478286414,0.061002896141953755,0.0,0.09735684968067648,0.022998982888619013,0.2882329350610018,0.01624532750609342,4.687297024410544,0.0,2.7417161312544174,0.057659726347496054,0.729043103731017,1.5553303495333668,0.27057614861380297,5.961109413160987,0.5943789614884261,0.3525173271708031,0.009085224545996473,3.339962813792102,0.008330978735175076,1.480259252985825,1.9886732225106607,0.1921824325475774,0.17903928796674684,0.6793703589436009,0.15160125866245133,0.9049057941408392,0.13203190108542273,0.7711109372283294,1.132887736763898,3.8033320211644037,0.3255797052588516,2.030659873553658,0.08917027820080214,0.15011348110921663,1.339927794909534,0.321502654488768,4.6440805945337855,0.12842566707607395,0.39394565083639543,0.0,0.031561606916762575,0.31006212107763886,0.6011555258844252,0.2141838475128397,0.043967524591936424,3.2048016443028535,0.10156859096677451,0.06585315235385014,0.01806788206586374,0.8596599236149449,2.8491360579485216,0.16606918058418363,3.8319813076970974,0.1374300653522138,1.8763048112784655,0.3065043851063445,1.7659049248488397,0.1223354915980992,0.11840597140091735,1.1227175180134812,0.011835191313865678,0.832524401950919,0.44509252436690194,0.08855121300566182,0.07676581030047203,0.5006352281785356,0.573377799541201,0.04355352445977556,0.2954369983313674,5.291594378305437,1.69790602115508,0.03329092223799579,2.568387798081141,0.1415249190508785,3.164815128741013,5.7961922525706076,0.029037996533698873,1.922292201485432,0.033852732606248104,0.2799873808801294,1.6467227418665047,0.564941964832351,9.63063748018756,0.026786162522545398,2.7272166367582766,0.29097237264563647,0.062105626974093386,0.15130410407803474,4.12111687409789,0.0076519763205087354,0.23069126528004424,3.863030207423666,0.2984090177811991,3.9962697146141357,0.13443021226281138,0.30128270010965985,1.1839103492757967,0.3532379160248702,0.9097852500427073,1.7599519605477227,0.3489158968492181,0.07330318584538276,0.1067657048895767,0.008510383244854758,0.0999663000066282,0.08613645565287253,0.05061603047243102,2.0296751940246764,0.6273582029855498,0.024004753437474324,0.4342172771441062,0.09308818863775592,4.600730966189446,3.174132561856567,0.024497503644107965,0.0,0.1579835376629366,0.32202706187784,0.10729550279192779,0.2873966231135927,1.8216728536967084,1.3933549529247715,0.21645491127876992,0.02621757156698923,0.02310254184003724,0.02268896004091836,1.5190655529348684,0.006210153728933632,0.1659184465623169,0.0023435860395861763,0.056054612730370046,1.5796375893411296,3.5122239623388403,3.1046305738363325,5.123157103511837,0.06203168229006517,0.46388949003746105,0.7444711820250045,0.14275045816298615,0.016416503544473215,0.0020959758248323412,0.24488890469333136,1.0294941122992998,0.04499229342263833,1.1127786784317788,0.0026591289717865507,2.2407623719641094,0.5361516455472273,0.07551698129526585,2.174267213302329,1.5700053156737677,0.04586446142276879,3.566462137953068,1.4258656112280526,0.15996840325123496,0.46092601744902895,0.03342355196745794,0.15113073460072757,0.02076261161180959,0.5829670612565738,0.22230264237176378,0.21057386413002321,0.24519815940835954,0.02750046809860618,0.7536207336724434,0.08525607563399995,0.09829988075804286,0.22173585801505924,0.11683172801964758,0.07990595624567676,0.01629581871596031,0.15845995463636342,4.393713420722298,2.854883866255302,0.23193592667190366,0.0883448593587377,2.4632288892120573,1.060417331227399,0.23523506574127184,0.3243577430626905,3.1749099140489525,0.007570998592827394,0.12482570035263274,2.413324450333837,0.0,0.3948309003992412,0.04913064496325026,0.012846183706795689,0.1607315299576504,0.4450274734403268,1.6982163100746739,0.0,0.07557547178106017,2.5468220548703613,3.7659251564552365,1.7270837282410927,0.0,1.6918918920527233,0.055238275245524715,0.04903610348252396,0.0368425182793356,0.2492887988704413,2.9882997182337094,0.001967320977438014,0.09402475990942971,0.5543782617538495,0.3120332289178247,0.4118253248148651,0.2184474499817033,5.179868369611388,2.234602007117239,11.982301748221502,0.09863430222637437,1.3592077701848728,0.02943367539018582,1.3859492636717388,2.3027502591292524,4.878075516713627,2.1367473346040526,0.959644884647421,0.41428532447860844,0.24059814870104956,0.05153769353856141,0.42580325791935847,0.05450394792268387,0.2336165311117968,0.05591557230598143,1.3062289479860043,0.02266841612486048,1.9044144918112516,0.27428409683227084,0.26474199428454925,0.03440649490618375,6.061081400145359,1.332678871599592,5.004164190311796,2.0642482303478795,0.3912602294975711,0.0217131976446302,1.9474427132217071,0.36972431750397305,0.26297517248428814,3.323664616587637,4.322083723478602,0.008622176095505418,0.2686408225361623,0.0,5.6041386226076035,1.8108988169654796,0.0783237565935363,1.1895086829980515,0.02405305097052235,0.23006827474207547,0.0,2.583109866457643,12.667207798435857,1.405322358211794,3.913522946010371,0.3966518456204611,0.1559312209868402,2.855324978489185,0.2668091003002777,0.35905151409274444,1.230858152290868,0.027669973731857755,3.7833108194815503,0.27415188696672965,6.238008773754617,1.2445149914553397,0.2856468600714437,0.3310674131793685,0.12793878834979178,0.0,0.05826384883733082,0.06182338061563275,0.0,0.22850648518308758,0.15325850414820463,0.16658446834578688,0.4745491513054544,0.025459031943092403,0.06743640627183511,7.011990355719966,0.085107150607314,0.2422595996530994,0.28289089355743613,0.1263130727691646,0.3326638887369815,3.4841225341389315,0.8297246540451209,0.6693358246227832,0.03483926530505155,7.013737923393142,1.1737319011248033,0.0065136516023927005,0.0,0.2333833084697735,0.12874505136474168,0.704237325754391,0.5432389258136906,0.35520540076768214,0.019229226159390933,0.28724617794231977,1.0990063170222364,0.09517205726286826,0.5868513158463333,0.0,0.6062999865295815,1.7507736240273797,0.032159961251625235,0.27483918200934565,0.6590182543075573,0.21046297288960902,1.332846086634402,0.14282416576869528,0.2933083176771616,0.42076453062367225,0.19249914492326603,0.18123272078363728,0.08943370796382899,0.7137154947473876,0.007768090476033995,0.27118106696244904,0.24865673630692253,0.49560005150516595,1.0451859751567047,0.45563400521198183,0.7322712498145307,1.4081615835505683,0.3883196622399665,2.1146324729171715,1.2772754140982492,2.5036547624886785,0.0,0.5500034481668798,0.08958150474783277,1.4098462499894968,4.876478706153409,0.539457639061653,0.021025241954550467,0.13565925182495508,5.079532927340859,3.7877863282376842,0.07462381105848315,0.21751626015057113,0.16106613138004588,0.08455907410198993,0.9937600831785696,1.575384767136463,0.030989741614528832,0.24843893511442472,9.148702253982584,0.193164592554266,0.09869058645855056,0.22731530393724952,0.1727111396048251,0.2789988432576349,0.09590811102155161,0.0,0.1293525427425256,0.370307992481441,0.21402751357275496,0.15804341107113906,0.03624026142422698,0.0,3.5599831431029005,0.41852510916856966,0.1260032542952092,0.0710213122523391,2.354304902783511,0.015750838023007585,0.06856602155401781,0.9689674135031148,0.06615212039162766,0.09415894524350277,0.9812300416508477,0.5403974323985026,1.0230430476766355,0.8102506811901122,0.000595744216742855,0.17950299340863474,0.04822384271692837,0.10668136827162167,0.00033880828295718146,0.9766828717360929,0.26404416952796195,0.1899391445333234,0.09676835017392271,0.6095989052261575,0.031135137713860672,0.8877596248977384,3.088482926158352,3.5317117570704273,3.373041675952095,0.39231172801806813,0.9680129238822373,1.291690500362365,5.050876424834797,0.153411194431042,0.0,0.7540064405501121,2.235072162973927,0.0014023562025775593,1.1436911123569935,0.15446788390327093,4.560344072975243,0.08463163749923419,0.04190781622717232,3.188438016983845,1.6804265118443729,0.6502502836421544,0.1526830844704845,0.9609013209008335,0.016510188548853666,0.3759119142202352,0.18577981395190513,4.30546178171648,1.339757600875175,0.35786149203102124,0.4689659992983355,0.6612140310010945,0.8030218668420767,0.3592113400711743,0.26756054695979925,0.14584929491252052,0.6711243965660778,1.6124027708959925,1.9674996671644434,3.619804312107439,0.0,0.0,2.8770689857302427,0.16356832219952988,2.2986809629390943,0.23177887007666076,0.0241068941449345,0.6753970320482718,0.029074095770415198,3.921576741815109,0.09982948754015109,0.9156938161795669,0.174652738650944,0.0523811295332921,0.021853716941514167,3.0621466676299045,0.00468738944860736,0.21958084238204179,0.29666345024065,10.183826541022313,1.3577836226540456,0.2878142486791231,4.725984979541744,2.688266573734871,2.304619967528278,1.4336151346683055,1.0775537125643824,0.04580795419287931,0.08122652665005603,3.7326721570432433,2.123578331381154,0.17331889875691342,0.15432993854740906,1.4700726633687502,0.12633436669919185,0.1443782433397407,0.0,1.2805396960972903,0.6366601983643596,0.17574544301306338,0.09835949791564369,0.10585739196731125,0.7657111277422366,1.1750593624903116,8.88230549845537,1.0529302460158483,0.7712537136587545,0.06760183411100429,0.7088670362775407,0.02018836921273115,1.5207588232150684,0.17158866149437468,0.32715984163872847,0.23583490532244777,0.3317784037662084,0.007806453135351776,1.0835772282312628,0.3935861096298512,0.5334338772034624,0.050035927367256816,0.7113013661744265,0.6209321452159628,0.03157208905273734,0.5368391940169912,0.8546862440269032,0.05564870995673288,0.02744918250072992,3.4389084636911367,0.03407000492790713,0.16762016462524487,1.5868384529316768,0.07364482878356893,0.1774065674891343,0.14704064978346665,13.059807306220975,0.1307097406721831,0.41593151982234666,0.3071969821413354,0.974401483848796,1.2750138514189742,2.335278246021456,0.017863940170573578,6.060469336165614,0.6176198742908499,5.158184586972953,0.0,2.0411372136068335,0.19079486474358853,1.1172123363345388,0.8164634976385119,0.0,0.650243737376822,0.6532161227192079,0.14308435644058193,1.4889702736263388,0.2041040392466964,0.14381644085039325,0.9874452303641965,1.0910115862637473,1.162441310243897,4.950018588693753,2.3827148829482665,2.426643654807707,0.03955663204736348,0.04874216784049912,0.019684918912596272,0.4385611097792821,0.196122735408635,5.628571351069446,0.035741781049684285,3.4727929153289323,0.4896981726793017,0.02817670163758179,0.09566787818507239,0.510323335699316,0.11678474688901996,0.38713628679496637,0.010467324973622016,1.1891321662738394,0.06439630802334584,1.491509489652981,0.17577679747980834,1.5596582044532445,2.28235412725717,4.309300999011855,0.0,3.097823225755988,1.7109995312008026,0.19191304720394808,0.10863868183296299,0.11015271470089827,2.442329222677342,0.3809048708922482,0.12216581076090183,0.36110642065825704,0.015141884199056044,0.4248718502249451,3.449360014340922,1.574441731855853,0.13703412760400724,0.007871322252758328,0.154942438498908,0.02362315424290884,0.9436871398263891,0.4728480982452625,9.5206148405856,1.5236613532118932,0.6679754147877435,0.10079499627415345,4.171174412521726,2.5214282337600156,6.05902612970846,0.09812731127751562,0.33868732860514417,0.2403647454511333,0.3948414683272199,4.321134351240271,0.13385730054595069,0.0015984239900950215,0.31507065088240527,15.897563441984198,0.8612361010449914,0.0100021463429254,0.0,0.8256285025980801,2.8024910845523348,0.034609084409182866,0.49841456903059633,0.01127437839241785,0.08340643077802579,0.06645834087788649,5.691052959724768,4.257182868428293,0.472322156978529,0.037481710945819646,0.12483530675973586,0.05551048058722996,1.3710743083853512,0.562255809149105,2.432017711717309,1.1284493250352814,0.042613336532609125,0.22772246412287345,1.708008300997875,0.05522004678069159,0.44913438178762277,1.5240873119597396,0.8725608484904652,0.009072733322754267,0.3575711703107052,0.16201937399846322,0.2932933327273841,0.3773102351178421,0.10116564599379396,0.443341732368951,2.545329607610274,0.5665172714570568,0.37885219452870933,0.4422202985813932,10.270520021240202,2.556873003626852,1.1112718402278094,1.0538922295491628,0.014563685529484616,0.0,0.20174010909405649,0.45431079926382445,0.5315742614230596,0.3413865189618033,0.0040241481800691314,0.6173658319716111,0.3717111363917036,0.15522258525269272,0.048503384457401655,0.14659909906590718,0.0,2.169588866875784,0.0,0.19609782178366775,3.7700066086288375,0.20142661108474424,0.3465590734853303,0.2896005735935163,0.003974378261796474,0.05724107789191457,0.027355260404110293,1.0105338773951278,0.04648074487540543,0.19175330741855,3.1194032751582523,0.13852585214302593,0.03737534312420365,2.283687938311142,4.455768839010599,0.8481020752086756,0.2396771298024436,0.12563726110397244,2.941144781839035,2.276630272026599,2.515900890121552,0.6885299044109594,0.46842703714236933,2.4749894820605327,2.5613163454954657,3.800324973914276,2.8132762937049343,0.2142526796015667,0.1397537507134734,0.048797068844835145,0.007410577938248508,0.04408584644070945,2.636913313802531,0.3323331660482127,3.5572524679759887,0.42586533452322484,0.092751675387726,0.07569048429848113,0.9770456453744085,0.4090535213525479,0.0956087247582238,0.09959308889653351,6.588991071666506,0.14320513023131443,0.0,0.0,0.01750170500449011,0.042557153409241266,3.5635605216209876,0.3299113801921614,0.1820822713444219,0.2738289476217295,0.07155775074830562,0.5006812228738315,1.0570223512447665,1.7049590922649442,2.0140011823846944,0.03798972623629315,0.8824820687938413,6.150492805751131,0.654742642945914,2.3510371069861096,0.38284331481764977,0.3381262437887713,0.5177382309037228,0.0,7.648143682186204,4.378987620856381,0.16784225049941748,0.23196633282049461,0.24020335326577968,1.0830285435544411,3.01141772724214,0.8162135709262985,0.5757816026024063,0.0,7.754347225154237,0.20446074553191007,0.0,0.8119973143765242,0.9363136063368158,0.12881737662781534,5.934407266715608,3.180990066764559,0.05336818633748508,0.09013091799113027,0.13622228434186556,1.3783081497402587,0.03194698385783168,0.14516385502519102,0.8277757557591572,2.883235056330027,3.1220506219348074,1.0691040011222281,0.7810140870634534,0.04135146192323913,1.1829107776463599,3.1521217077564723,5.8536264968727485,5.11761156370116,0.039850882153445344,0.23153621312341377,0.0029193997393011095,0.7243541304410739,0.3368577575455354,5.933015419614282,6.3619349344565865,0.12434368120332095,0.8923050266974297,0.4533230210629007,0.17397189832697757,3.3625628963606253,0.8142600842823999,1.9858536979868697,0.07242545245513132,0.343602935392215,0.09099532642870045,0.14136205266606372,0.07513408496802065,0.3111174902057052,0.42056685281956385,0.6019717421462389,1.8368306447680673,0.06297678382225502,0.2752643921107474,0.39777217539594634,0.9794527011280421,2.7272657481722176,0.5367795474892165,0.0,4.4359937896843835,3.1828143547382552,0.07946824249352735,0.4637573625273541,0.8612309210079805,0.07232595542245002,0.37371413332066017,3.5374924622961244,0.10940480524388985,1.2561452084250608,0.05623499899305173,0.6992171865617571,0.34767634947011317,0.3503255463032009,0.07052328823172882,4.708798225227872,0.3244533780863281,0.03248680645586277,1.0913076662843872,0.04415144867125598,2.2891272754727963,2.8350979779157477,5.310179067392353,0.01368663485999333,0.597599587952049,0.3543782991147135,0.05862749359291719,2.8691547637938433,0.0,4.665415336887449,0.2659245785509836,0.6226003877001238,4.752375939367045,0.01748314867452261,13.548602735299685,0.16947485685033525,3.407464989245947,0.04116908801051178,0.0,0.877945649116592,3.1214922283432296,0.10681216155593165,0.18035233526929917,0.3941244925004572,0.1420261129822631,0.2865566256187124,0.8376058366318075,0.6234573368921708,5.546612432765455,0.32190029656097296,1.7459390956429959,4.3127693861954075,0.029275517977164656,0.2265913351881289,3.3520754192991946,2.0116221400908265,0.4530582835029038,0.26526953525036356,0.13574903193700116,0.055976587190871285,0.2953505230849234,4.425803484054368,0.008756257952687974,0.2760361727760321,0.4045257514309468,0.09508060088108783,2.764580453597908,0.32761830797267777,0.0018578516045314464,0.6723903689958273,0.46727481497919543,0.5328665648040314,5.082899926180456,2.973380854442773,0.24863213083744773,1.3992334810450608,0.22425855868849887,0.15575537187584843,0.1360112715178059,0.7429510469258962,0.1792735114492494,0.7273067592201593,1.508180907402398,1.1862365345638646,2.1862489213921554,0.16975879702785185,0.04687594218997582,0.01727505752279379,2.5253866225406174,1.3640986669735238,0.3083464998442431,0.3646441036505075,1.6589196529820356,0.017937026098525655,0.0,0.093494348539646,0.8303242256252817,0.2718632127416394,0.047584773489011134,1.4833567378585186,0.12058017843837932,0.5386632038565264,1.1849742693221763,4.254396408006399,0.4671013208050949,0.8927652219803388,0.6305106630645303,0.2244926791270565,3.647562488186519,0.0,0.1299307787988071,4.170252558398946,0.0,0.04033962493719723,0.34476655060992206,0.03780350583177183,0.2561510358175255,0.1585215035844314,2.5145476991490487,0.0,0.8044973474755643,0.07288902399234631,0.04846827618818228,0.1695658077788995,2.5464403192261003,10.544737951324972,11.788307877294212,4.796335518569314,0.0,0.004322416173390575,4.4758706831263035,0.08133130561257473,0.4753122254847568,0.0,0.17325929111470195,3.565269864866546,5.661809421234213,0.0,0.0,1.3961771446766345,0.3707380966251457,0.0,0.18610636215080967,0.6582203291806927,0.27312661858621023,1.21517348193224,0.019799825805663307,0.24740877735445732,0.04109542623983842,0.057632301797144514,0.3168423101334037,0.06764229923568132,4.374758819512641,0.9256393829257608,0.7222879288302924,0.32969802518044844,0.021559175972301503,0.013842903945125773,0.0013068892921728192,2.750825819323658,0.1278719702334925,0.014801072269221116,0.22320930722044086,0.24572507271239274,0.8875045339652705,0.4777861717456482,0.1509898429469193,0.7718218181274143,0.37070985753702534,0.48659976620298995,0.04321196847711528,0.37725232177554524,0.10222431118125686,13.603403684954106,0.02785440747871415,0.10097706938719975,3.2764858403534767,0.2591762061192868,0.23401267085076816,0.1392796311869322,0.03596408752220226,3.111469111969941,0.7141416708648258,0.014233021049243177,4.266694224565365,0.16516792436871075,0.25774974423024233,0.048513026586238794,2.2877453860112045,0.19364691978599535,0.983420885561433,0.02049585574800261,0.019742664277425437,0.6648760237888012,0.9267851856304556,0.3861504831711655,0.07922710602671779,1.8979208866547328,0.0057025505756120864,0.6156930624580688,1.034861958575806,6.760906214591738,0.13972954408967597,0.8584039159318124,0.0,0.11204794975891907,0.12938646859898872,1.6294415007571212,0.06087063443159613,2.94292615379673,4.912531872022668,2.8900659641952955,0.030365633874265274,0.18764192452944162,0.0188605761729419,0.0,0.008592958054012279,0.4169936813272246,1.0539422491601607,0.007591338264053005,1.4246313782797828,6.51189337687743,0.6002389074323187,0.1967376214015557,4.446452276299536,0.011725463573463601,0.8663591511454902,0.03921823257150725,0.15316761525684308,0.006528962234831681,0.08810341155551527,0.0859640151831429,2.1459185842235975,0.0694936130308812,0.767314153991624,0.0,0.5091352996531984,0.03229136235497698,0.0,0.0,0.09022849839694924,0.47640531912156825,3.502437437779264,0.012755360445654729,0.19029952086952262,0.6612818546891801,0.04971870013823043,0.680769397730794,0.3564279478179695,0.0,1.9390882327829049,0.048470895650696066,0.3180152346935591,4.119739201966137,1.2381899591240333,0.0,0.3001994942877735,1.325306675715879,0.047676632266837604,10.466550821741661,0.23696612635004333,0.0,1.3897452662352263,0.37021320394386414,0.4446429213482008,0.00771729211703398,1.1260895627588385,1.2430527932346873,2.460528614612061,3.987475626970061,2.521352715835235,8.863169301024094,0.7700196310035574,0.013192540403934139,0.2762408736541144,0.08553930362870066,3.9871615733904404,10.788101447566024,0.8471804709209848,0.5105185559619643,0.0,0.13825630918611864,0.02490965318509275,0.1436867079201507,3.4685036125891084,0.06058414098394138,0.5213573052676643,0.4546217173089231,0.3503806854552969,0.12179047662624054,3.425733688701934,6.468658478720986,3.649903833266266,0.06680542384442895,0.0,0.15602794897535377,0.18531123739466615,1.5378523523346699,0.6812067133982249,0.2538669389233996,0.4585664346612792,2.2788170624437463,0.6939284167373021,2.083531645274697,0.1891110368532316,0.5704576410620477,0.16372581248236773,0.13493886096245356,0.001365352642984874,0.16228390012475846,1.2457081081171264,0.06402067535615519,0.7428477862659704,0.5645233681312285,5.07969296021505,2.1583480962169137,0.8432038834528024,5.328944869397188,0.041242136589022316,4.272627260869993,0.45718553835474074,0.0011988600417405237,0.5262343963675993,0.047782102638558976,0.44802868916544036,0.19906102520724334,0.12271507414526628,0.2660037913857234,0.09676934402701987,0.014086204928847601,0.10968896509860393,2.134038425180359,0.2974653289810838,0.007682701329841279,5.505335188476987,3.1730227437634806,1.6024557812737261,0.0020468106959485866,0.16647056331451227,0.11973419941429819,0.09611940763646043,1.0224666810644822,0.810500051534131,1.2906544516632206,1.2076957033982816,0.28008612131807387,0.13238998668922808,0.01656604048377397,0.6274479215160803,0.2643129536086857,3.208491316608681,0.007424087844821958,1.2704022759246296,0.16894811216304007,0.2228605465677136,0.0,5.441741913751564,0.040383203573147064,4.378658963608295,0.0,4.179683062325938,0.23175848028244772,2.173710991222781,0.3072115898014107,0.7284866171600939,0.07153346878039368,0.36790475432417824,3.28435387242851,0.028823571164211748,0.04148440553015842,3.0308812210133027,0.2020016381809091,0.27814188162403797,0.02691341980380546,0.1648345452945037,1.21983314511282,0.4773901175079267,0.42192969608199826,0.21913393736655618,11.772428407446121,0.5580479849476745,0.7479261228282361,0.5898956906473569,0.8145101262917303,0.1971984287701658,3.9223996344223724,0.7874121326856907,5.717480783323256,2.2801185082176403,1.9848501459043628,0.10350607560792335,0.7894186793513871,0.001791102159995006,0.1616341846680136,2.588445827905798,0.954700736947339,0.3418466901229529,0.662449961580478,0.14492159478087974,2.75587300816985,0.5142440238162926,0.6013149337347539,1.9028833754090764,0.3580708783352051,3.2135856085584473,0.12375999798363846,0.3041860370164118,3.4058132399708,1.3008147769541405,0.19294665210386264,0.12725526666486697,2.104609115026653,0.5257584804614632,0.19247135132889276,4.965804195157709,0.033634616477339896,5.559617955249228,0.8783295944512783,0.04336690777900798,0.8313232714097598,1.6994521471199389,0.5936257092396056,0.16331461630276678,5.191554448991825,0.8780129657408771,1.4830712358234137,1.6221427186035422,2.023161758104626,0.7109920694897394,2.7442990917027603,0.13578564795380466,3.3649645024153516,0.7719735410941375,1.4209714202464685,0.44740106273062397,3.929770881423191,0.001095044955040425,0.20812095599959735,1.9465760781337664,0.01656920984209842,0.1013241514429466,0.02598896547619134,0.11075588011176851,0.07583240886757459,0.004928217229655196,0.5269507801360862,0.6087623634992179,0.0929215187362058,1.8788666933082023,2.66360525209328,2.0370545381887153,0.09918237231362692,4.887797221618571,0.18493466465475716,2.828955387167084,0.8022099584298572,0.5933298434145787,3.1004824841238037,0.2735144803632561,1.0668812055857035,1.2954017203341839,0.0736229175789801,0.10502224511990477,0.11331238903013247,0.29939489234903105,4.211015251785985,0.0954243893352924,0.18580986177093217,0.0,1.6773923800597537,0.7202585044851775,2.1610610024646837,0.06808616300889714,0.16348371844392062,1.0347854804939929,0.8543186066548568,0.12868675025180498,1.8664610735393192,2.3061342265817104,11.70543299889811,1.844077846995238,0.046200074719699114,0.05997737677563775,0.1074064020051444,0.01213822271925813,0.8373203481368421,0.6562397791921316,1.1365642521084371,0.5556838902566095,0.04926317733411434,0.011287645747844022,0.02575805646659335,0.507374790518409,4.415154480632276,0.04591908230306685,0.08912250506391922,0.0005676060369760316,0.12558049376014413,0.031109149698044902,0.11818325197803725,1.3647568542150363,0.6349935531330644,1.1020534061604572,0.042891020389552725,0.07056719557284208,0.16654369254032653,1.0075811252967766,3.6479318375446494,2.958805585803466,0.39579768534463766,1.5489564496738757,0.2963126504156266,2.852940328175441,0.33085594530609175,0.06059160659742169,0.2735939173796974,0.7626743850894884,0.0,1.5397469018307803,0.004326758397982466,0.010148732745097755,0.4929432758476975,0.21570164875793063,2.663968017119025,0.16526518454071315,0.30992543520312177,0.05180924842451029,1.9564348617630056,2.3324235802817443,1.9760351157430716,0.02158334911077242,0.0,0.14095386573445623,2.8826023604183724,3.9371719328116392,0.49318990157900444,2.0671312916554365,0.13581065724227281,1.017593006474152,4.393347836428561,1.0017413987288932,0.29936364170528584,0.28566855056527163,1.9309570483044993,0.8434315371794205,0.05457949002937745,0.009030550965066109,0.08242659466825897,0.0,0.3680506101591736,0.16827563902498044,0.2852669283738756,0.056550923992118696,0.0,0.35387008021392585,1.876307753662842,4.772255850787084,0.043874225127106925,0.45887206270888226,0.024970047860743527,0.030695825072675653,0.7746104412279993,3.349223475186502,0.08161041864078178,0.18546530166024766,4.592767570747261,0.0019575958977746666,0.3759662711839922,6.249580777018819,0.05563922630647866,0.10036469370832712,0.14244121985829894,0.06335680529444732,0.72232669226474,0.3594447325429835,0.00474152988919796,1.3948061419067879,0.7091885645052685,1.1366211255987135,0.025358138709040245,0.182443829995786,0.11713015705586072,0.14142695545753647,1.7767077479122109,0.57871020013464,4.736483303466877,0.025700410837655507,0.5705595201574409,2.36449244854429,0.39677028263268665,0.13688292935352475,0.009463210307146142,0.524322265514864,0.0,0.7202694122141435,0.3330879905978006,0.009051636484189274,0.6841318495837037,0.3322735063195119,0.0,0.4530245061064804,7.55565027501184,2.2979486607758526,0.661985091580163,0.07925610982500064,0.2192748501925803,0.0,0.5857985337476594,0.20676007962200926,0.21475895055827188,0.4134077962289222,3.1149438369627225,0.3413062695130802,0.001080986128694228,0.021136950492521844,2.6725702997394767,0.5216688441683708,0.7411660585813697,1.8306745455586486,0.3887279992207078,1.7512718382451617,0.2797768162533716,4.454837072381882,7.765033279110214,0.0007467300287222756,4.411660485414425,0.3052419931725485,0.010765871751896139,0.006084448808067577,0.06869016584035548,0.13574485791985147,0.0014524464937781811,0.022606186508717485,0.002619560121088327,0.017816568484904205,0.3717394829475913,0.27810343710948815,2.6252418333636776,0.07792846218763905,0.6014517532481465,0.1599625462317098,0.11481493695628209,1.1400986080332451,2.1829292889756995,0.02845930801412422,0.2521970930416999,1.3190249696465273,7.998376432299736,0.09569467699380696,0.17742721529276295,0.1367666022628211,0.07562503838436685,1.2318264012226123,1.4032241993036907,3.047514308473267,0.11028869183939571,0.9050825750788993,0.10279552643142553,0.006052291400704624,0.6429396104505356,0.31646119312539867,3.2835478223369305,1.264095361616997,0.19591093641958146,0.8676924761246005,0.0,0.051413819502641456,8.21812201187528,6.841620658817767,0.13709379424574664,0.509300852983102,0.3001673865074792,5.151947029001126,2.657307031328534,0.2749358478770543,1.360570103221975,2.946705604685275,0.7504422285640673,2.120981801388874,0.6015227406484183,0.11501870490293786,2.794420206788633,0.5031625441551388,0.0902454156165522,0.7098498528313604,4.893933961209815,0.3523877102738986,0.1658690909289975,5.337795915668639,1.2161465987899178,2.2278721920787063,2.068435269635458,0.28197901866509767,3.742711657421568,2.582608016856471,0.02623871265185329,2.6365915408744955,0.14342151971375205,4.124019267056792,2.363052401325083,3.7048247084962282,0.9560921839967822,10.694519310362885,0.008689198676382626,0.35221228109905445,0.1183605335834308,0.10389964667325913,1.7143109897720508,0.9976212938468978,2.114004140436817,1.7538138891056763,0.042861747206045964,0.04168461458666117,0.2355129909337501,7.258574021711819,0.0,0.18418230414168768,1.0073934457545537,3.1678545382149776,0.7071985111234307,0.06902098535455914,4.313248007964969,6.928329388830636,1.6428475642790334,3.756819795240091,0.03580605261236125,0.2242109181142884,3.925165436078582,0.29865251279338456,1.03260383462414,0.09469532312780338,0.07080320919145588,0.08429689012355102,1.7359424228794047,0.0,0.9674202893544352,0.21015598513345024,5.114979535414624,2.269858235108388,1.0629631561255586,0.03016566860948,1.758300707286229,10.063934288759311,0.35458687417311374,0.042266457027229976,0.515103832854422,2.7699693840059965,5.5127928360662555,0.2667855630213434,0.1639546700680916,0.28750781145629767,0.16440638768515603,0.27809571475543304,0.49635933360342954,3.9567732154918724,0.032382879968428036,0.0550313526500954,7.375142482742601,1.8082727794878708,0.06938313416359687,0.03257896583929076,0.21602900422759141,4.800222274834069,0.17536083333865093,0.15958497044886366,0.586245594880066,0.3995475851948185,0.048518167676681045,0.7489656084818037,0.19394182753098477,2.303331843996953,0.23828476641278584,0.02858641043955279,1.1039770513967788,0.4169041718823392,0.0,0.48974299756301853,2.4066253048762425,11.99913905388783,0.501547253011636,0.24225787595265436,2.2830758886085745,0.20545810807156495,0.2519966195245702,0.0,0.49234406269357556,0.07609515238525777,1.1115873814724984,0.25623669632187696,0.5946935594237721,0.34439711477493473,0.22399020255178037,0.5657381004823248,0.05901343202005993,0.0,0.3011983161332745,1.3486070322365933,2.4426227208241347,0.35787623020019255,0.013540008626762745,1.106841562255076,1.864759886091448,0.5576539358462744,0.7763854089260187,4.073030774334457,4.048535640052919,0.4243505674349497,0.0,0.3645799980293105,0.47446380333269056,3.978481296924036,0.2983219535231445,0.01740123690173867,0.3221423459396622,0.7244924347764496,4.73540061213841,8.62785356677122,0.5046802944415218,0.17531066609461243,0.09827907741557462,4.7428053012984694,0.7498736857852248,1.5640166689273198,4.362465794728595,1.2431815907662023,0.12835682165510587,0.1811388000694656,0.05371471282257989,1.7564506871473133,0.0029556137800321736,0.5158722191836549,0.011806579455213573,0.5551389366988966,1.2796449998947184,0.17242453963825843,0.2272030696807128,0.33440280453321236,2.7284849093709242,0.0,0.03611672408442668,0.12694155886596015,0.5792062706925181,1.0834551845062834,4.114183204815742,5.441993972629106,0.10163734372725886,0.006552694129863923,0.04896956293400656,0.12051447110989899,2.4829843432228462,3.861159291368327,0.7189160160474791,0.0756121990999068,0.17607254642649117,0.2518965087149534,0.28390207775784226,0.1516545210372744,0.06127138835194623,0.04839123501989562,3.719645991750305,0.1245376596088188,0.6429186790913528,7.0717650466185775,0.18306822431251368,0.20739400609059366,3.0707722881038766,0.8263396833747536,0.04642576763476569,0.11566547607292765,0.8556394011141943,2.3010696268415574,0.13543717181729065,0.29184485174536534,2.450136129172369,5.35646477592521,0.2779500932757082,0.2408990810420999,0.0198777550433068,4.467937167931698,3.6864139875289346,4.719176854594361,0.04140174669534602,0.4075578873512543,0.049219814534549045,0.061629110779952034,1.8321399225918746,2.716821797335158,1.7004475835311066,0.7230006283475421,0.8032934997708105,0.5657668268034013,1.4108534278456797,0.8038797118510805,0.06613730292397646,0.0,0.013680637213438374,0.048474857570740326,0.013635201079292614,0.0039653165675177515,0.07879611131829889,4.445198755324407,0.05008070779657814,0.394462857381227,1.2331475357025685,0.6107684015285559,1.6705862495731232,1.3355533778656494,0.36571480320741023,0.43345921454293856,0.004198702036583901,0.02538608337474324,0.009267664625242311,0.13138521992032404,0.08242300490656596,0.0,1.6878060283546354,0.03349940529916573,0.2186419525439125,6.882615852159416,0.09310682600938924,0.0038537442407249323,0.270439034542305,0.29897168471128865,0.001998432596727495,0.1915126884894196,0.002194348544366509,2.5834110194782007,0.2507435474120061,0.12449133518965527,0.25568300073251926,0.21986552227123024,1.6662024323984763,1.8091039681850427,3.3417171030452595,3.9123137529073135,0.5714269331861974,3.067963512439327,0.2826928586200501,0.03335195380556666,0.17747438813737704,2.072565181560355,2.2344929929794457,0.1723930979087358,3.321843035995893,0.1285542004737581,0.0,0.10384776506859617,0.18701283227946375,0.009266477386999927,0.37641471221325595,3.2433265356940746,0.1629240499832445,2.4120063407864585,0.12212228050822516,0.032890487900474774,0.49391533266302967,1.4696801256948584,2.2976344337873513,0.0,8.338105064340288,0.7388790037779187,0.06759261315234077,0.0,2.6087312378839065,0.7187092943036832,0.10686501628403189,0.4208286030515338,0.03756443227756279,0.16929302441853356,0.11147866958102703,0.003810250299985718,0.15956803467061342,0.28996412115085723,3.7229442334070395,7.807183887465532,0.06597140913888988,0.10323070929555556,1.0906626018599823,0.11709735179888403,0.6017121798176729,0.18309801645840196,0.13528726481787956,0.06788342490491317,0.7057596164787401,2.463693997895621,0.5041279086808683,2.2529648766909993,0.9604518230004508,0.04262916111049364,0.29381480998244847,0.026330561590068413,0.008852057504426969,0.4945221851329764,0.9805139758105632,1.9761192121545736,0.09100897413755771,0.294129695202451,0.04571119534454393,0.4248974194580031,0.0,0.6672792807861929,2.0194761685167384,0.024735916693378268,6.934765997346355,2.9147645282797736,0.1665041482208438,0.025283496136044636,0.3565957861866931,0.420754933908436,4.988133243931034,0.04383794438749167,0.4079172758493921,0.11501635687967693,9.685202567523646,0.0,4.60052856994334,0.11869960583308714,0.3333354348757277,0.35239775023470665,0.06476371650306734,0.013788752656764047,0.04322677388163765,1.0750789782880001,0.009227951337156703,1.0265748037375833,0.8136098086150421,4.48810715789532,0.5033784742139087,0.05732412810509002,3.1352964333096836,5.653767523330087,0.08493317333838357,0.665399267207524,0.036916147417754175,0.9576505064819898,0.38306961839757925,0.2650230480800406,0.02123110461966604,0.0012593917454303272,0.30700633778515973,0.10152444487416723,1.0801247206306441,0.03923609746332746,0.3295814748992063,0.630440373730998,0.05753009808874299,2.331097815884859,0.0,3.857412960925248,2.282214070150685,0.09440121953535119,0.1347754739780891,0.25539667039870717,0.9025883948931019,0.4131110836040903,0.06868946221755756,0.46804819053682944,2.4910245079267828,0.5828073292244076,0.5791325613528704,0.43508299071354006,3.5598667915741014,0.018945416185591313,11.208547164639707,0.12853609098477292,7.594062504947004,2.9118097894107238,0.35965071099797385,0.7100992479259698,0.052763315519730014,0.20297243891558514,0.005018156331257018,1.8326072250088243,7.376912901344616,0.25457339917841304,0.4086537469194145,0.14735661228416674,0.30296184377045865,3.2656079446132074,6.2039975302099775,0.7144215625084094,2.4418683983797482,0.563006290489533,0.13990283042648533,0.0797751087360361,0.8711982403253304,0.0,0.17548592450585176,0.07344921279782746,0.19881952866782804,0.30988214080068266,0.7827110391662716,3.8016164841476963,0.47943968249010416,3.2185081398724726,0.6471674548892192,0.03449369166906946,0.71479387537447,0.41631771054874855,1.1909789585815238,0.0,0.21312070654722515,5.230236858376916,0.0,6.7270272508568105,0.007257047951960249,0.24435707565898723,0.24702902849824238,0.32136642451653064,2.4926652037245223,0.0655012586307816,2.654774945729245,0.24940503975688,0.7643134533013201,0.9331903239292623,0.08463563271342683,0.19226456199376285,0.43318913741359166,0.0788771779869819,0.08237103361708176,0.0,0.25668358567866734,0.28954279950064854,2.4351830174529425,0.23758659149024464,0.4252883436275714,0.0595730085855557,1.0865794601808059,0.056171062031106445,0.16244883114047415,4.240132107672849,0.34246606818359115,0.08239486232896898,0.22921211419647625,0.024284390074287288,1.3571814506585567,0.09756534930076155,0.03588722516460452,0.01732382944414368,0.00526748138133204,1.2259685365544213,0.18486252491699684,0.833528996368964,0.07812040423412436,1.076094089296074,0.185243310572619,0.8888128515499725,0.10247314265225071,0.1377475251314504,0.0,2.3545095390077537,1.9011220745389101,3.0025907179927547,0.3626871642218126,0.002844730849908439,1.6137267786676206,0.7266914157099782,5.036805625759095,0.025861293071412383,0.08298311939531633,0.11085767869639263,0.25508378700398415,0.1440677663544867,3.4105531669672295,0.0,0.0,0.45815846342288724,0.0,0.050049556570593734,0.5528073069988291,8.017686403984749,0.2514162975835359,0.18372392996088638,2.649452759061089,4.056361319845044,5.523347589057353,3.326899285135729,0.7603420545905748,4.13260611817553,0.07654523743903008,0.31856717965256154,2.0799795346035737,3.6764712397707595,0.9273837226379373,0.6027392333009729,0.04939690641562233,2.05174678619874,0.0,0.005700602108036246,0.3089270903295329,1.3083140624600027,0.1409549410064006,0.47797820230321086,2.3832703715795756,0.05474342890105177,0.7876789769709505,0.09197103085826175,0.0,0.0,1.4190353361985215,1.0210458513644327,2.6919581842221842,6.149908641207039,0.8476887440175342,4.841403537692671,0.2478677814796315,0.947050094708862,0.0,0.5379462280226175,8.269408750782082,0.3968527403260955,0.12157364902951562,0.2468422378889148,0.6063756410421339,0.0,0.013319569575768408,0.03997663158053122,1.5662695095133343,0.23987041868592396,1.9510532440990005,0.5620174926312305,0.8849977651543037,0.1544040682679273,0.4134419986231479,4.6812720538482715,7.471013520648035,0.1539186725175803,1.1058410313121367,0.1314414072355179,3.3142190348908014,0.04837681364850788,0.8493659836169409,0.3230858405157111,0.08378870233010649,0.24025445332754725,0.3432111695175881,0.3509200103554908,0.016908075706038694,0.8305709176094289,2.2239650444114565,0.07553371995483005,1.6830171951237656,0.025424488992487504,0.059667455847410844,1.3962604447045965,0.0,1.0675827044339308,0.05863565370149271,0.34969405008344356,0.506745734605321,0.04459031525043855,0.5512325910399487,3.3453657418909244,0.05657326566621279,1.2001531194578403,0.07487968021855851,4.269107577167958,0.05145675379538339,2.7766612605864918,0.2095798070834256,0.16267405717324923,1.0540323627130914,0.04002855474199141,0.05263845412953283,9.347865740626892,0.45437675144546663,0.6892490440883834,0.6203226989366319,0.207490272569129,0.10094365558866003,0.0939752225409598,0.002613693033258535,1.0384071834433222,0.342547623342637,0.05508081264661513,0.10814876677714524
"((4, 0), (2, 0))",0.47726529654700034,0.2916134233924619,5.607586774993287,0.04823543384487827,0.01640843327087782,2.121627449441861,3.585270521918007,0.17459881868035387,3.3870177224270885,1.36940834360474,0.5500248935038216,2.242552968824268,9.310253473771912,0.10639984897252708,6.557101309337251,0.454581064825732,3.3814979737966544,0.01996304028904783,0.1967468784172124,1.7969328940699385,4.149626389681908,0.31187331164627563,0.19859981565243245,0.9101747585384992,1.142318991664127,1.863007020873078,0.16656841158894098,0.3833323367575816,0.5506766605380994,4.807893501725548,0.9604170904233699,3.055352533921552,1.1924991903721107,0.3716186877848733,1.154787416765509,2.107247180850189,2.8861644778212283,0.7168108254064649,4.308092046545918,0.11637505051950026,0.07588204986259561,5.652455740805291,1.3538804433653389,0.6395194133105244,0.2807544191689768,3.1383009916354725,1.0063571405431495,1.3777029851646532,0.8622440551776556,1.3831951354088692,0.33349034528492005,6.791655782267423,6.113153371110894,0.6528150784416464,0.0889324646581473,1.183152965463731,0.5698568419351187,1.5423603469952138,0.5502407300700729,0.9152261546712492,1.051966511791232,1.8545565965072817,1.48360478562146,1.5626614821528064,0.832109327457533,1.5920431115757663,0.026374130865988388,1.1405609996171122,1.6159262904076863,7.588624715977314,0.18095944264036135,1.1214270776289603,0.5514651294576298,4.06759750784518,0.38450986225200134,0.24371413856203827,0.18856128545417228,0.10726325133585668,0.21673389765098705,0.0746301294534999,0.46223598180487024,0.20648176413213193,0.4175425583000014,0.16976674009708992,0.4349210972310439,2.9042589128574967,1.069516818398237,0.17142168340603225,0.3073838471863408,0.020632024961971807,0.378120342633954,1.1459698674655043,0.05413615060791799,0.2938270470529978,0.27376190717116033,0.12079965465614423,0.40425862861150375,2.224675564807698,5.0579358601934405,0.10626774602668787,0.15313382333068604,0.033564344570186644,0.4662789018129514,0.1923518887494735,1.7020373833932525,0.20619507386881453,0.23005606277015334,3.7594930542024096,0.9808148357201587,0.5276197937611227,0.22426995686816076,0.2750579091447558,7.710547552912467,0.8870712302033938,0.5567068347009645,2.4076613361451775,0.8537957432892829,0.24968398227513822,0.23922983373324325,0.3227253793379856,1.3892100151356894,0.3590085111381891,2.075035231064997,1.2841331579527444,0.16510700557217994,0.19406809171098405,0.04590453953164597,1.0329226304747499,4.265199387438218,0.12509821641747965,0.1413649035145328,0.5220225994827659,0.21055438709537722,3.2103123494300307,3.663734051141515,0.5394692674215217,2.7609866783343393,4.622791327605119,1.0054675882802686,1.5880897821032274,0.7944791704578781,8.193914792661825,2.2515103434368076,2.481348600465023,0.30351169188869287,0.19753686483043742,2.0858206843875897,2.070672188912,0.6136894549208585,0.20800529326891937,1.7393061924993816,0.18067947993499822,0.8179200844566872,1.5230395334643059,0.4238169893175997,1.0017363738072618,0.6190208333891569,2.6105935124634523,0.3922398387425763,1.049077116908467,0.08029116428387217,2.8653306876850224,1.341087395450618,0.5800204517802681,0.0859436395641433,2.055568912936442,0.7742559091823118,0.43390743545462396,0.6762847828548937,0.6867264386089627,1.3614697745941644,0.20150286696383768,2.320612894722573,0.5163725557041436,4.90898661207147,0.10738452923161113,4.657860936025891,1.0616166403539156,0.10411003575798644,0.0641318132106723,1.5767251772542648,0.14679969889167044,3.6160901268688055,1.1741656757486694,1.5161327900176875,0.35991486716712373,0.2043375800775511,0.3485431494017721,0.23103501165592633,2.686610171489941,0.449960596640405,0.519256721582981,3.545268960750257,9.673654449031584,0.20069724389476273,0.2721186682084791,5.810534825769397,3.098925729648378,0.11380805088167589,0.9587811149110774,1.086122411680841,2.9786422362674383,0.7829656631959805,0.2661014191754605,4.716601948559051,0.5264528956579422,0.7778122835263914,1.9453820340848913,0.26299067670924225,1.1388657129422393,2.167519040250416,2.456011146106647,5.019853665841401,1.53942415608121,0.29863242813548063,0.31743906314713155,3.691484696918822,3.0300400185261234,0.6580173064372132,3.5153453013536184,1.9156599644280574,5.545428610897613,4.619143657580327,0.45136002139010456,0.23184543006336078,0.38322941419512424,0.027049992855796456,2.8486613200413107,2.5749845058398693,1.2679805937270647,1.4564067971290564,0.15714180406276745,0.3429081079450743,2.429345211104048,4.134183578011898,1.5158465482194066,0.7600699718786971,7.318538416354496,0.15965534396676095,4.2796375252344285,0.12715546590820948,1.9871604070809834,1.5069409732760168,0.11304625994948125,0.4840640823554827,0.8319406549408848,0.026003728351174593,3.432793276809516,0.3979890535383855,6.480791868091838,0.5774158877546882,0.8396262292380137,0.4111930383634079,0.776454507034944,1.1274775907969883,0.7867772722533267,0.7714879826134589,0.4819886760428742,0.035108309104662894,0.05911112007473207,0.35275880681873306,0.4084577359680215,1.326548818740903,1.5674798658783076,0.6186912097967425,9.900805882584166,0.7605217298216653,6.061258763509953,0.07343229209499169,2.9942065121290726,0.29985878686282774,2.0223305879103477,3.992852027804827,0.34418730530577335,4.995036743109591,2.445878911954722,1.2842502180536075,0.5968486708719343,1.063813799035636,1.6471025923084395,0.06781694363912516,0.5778146578131589,0.9266086064011376,0.8519610828029762,0.40892606790180575,0.10063896830748109,1.175082995267772,0.5716899381524494,2.491862774194993,0.48033132585892147,0.16609929118432842,2.0418051172074003,1.3926326923718975,1.650623175636822,0.19125802264431901,1.7065962602774103,0.06759968941367278,1.5156461216321084,4.461738269250594,2.432748176295425,4.064191459978713,1.2247294548396916,1.833464699383038,1.3127055527397387,0.16596603760893702,1.2689237806046276,0.5084575482948025,1.172999442196842,0.5993628768423727,2.483770541412106,0.40295867452407297,0.09570042320762928,0.1599534020733404,3.181122028945086,0.10090901447682965,1.2387598187210647,2.792156490784656,0.04283845810476494,2.0305335152317614,0.21852342654611445,0.5297681419412754,0.023221263232261258,1.7475830778544421,0.1283166573823541,0.038149075861594994,0.3857901899614189,2.152694260004038,1.4601080449758466,1.4992091611267977,7.1857310875190565,0.676043151546514,0.9665970963886887,0.29079826914526574,1.8579719135516672,0.6891581625382561,0.5243491136820886,0.823568611348442,1.3108220222977995,1.1245055699779245,0.4667689353331612,0.4261400733759123,0.1464398532126503,0.8206395748797697,0.07815167934913747,0.009214676819057743,3.242076549208857,3.1501487298415265,0.41210277630742764,0.34934364482033864,0.7918623555684641,0.8750694799764291,0.24924522655438053,2.5755631152962346,2.7157406221403066,1.4696162958563943,7.461422617909231,0.07657873662148962,0.19404554649252614,0.652350106440571,1.93724839499567,0.9737810757357974,0.41449352192649114,1.1401403751989037,0.8520721128125106,0.5382527166641423,5.4771745093686715,7.025605092198989,0.9513229251020241,0.03171758099171784,0.5791598029614257,0.001627592511121545,2.967169103097679,6.906989910747946,0.23608044354002078,2.3568842069696894,4.3599506859949875,0.2631113757422261,7.2161840776445985,0.4841277244111222,4.671193075844304,0.4976482048005484,0.08301522086405655,0.04966369853311936,0.09061259426518209,1.8084265418781102,4.5596813277316075,2.77204586511037,0.7799540537540959,0.7936604630945836,1.6414550611814467,0.18031821588958952,0.0677648485690201,0.6539334823113079,0.4466709584698567,1.3756867729503603,0.04693967254964804,2.813708696052179,1.1194288050438796,1.688902371201145,0.76208167277015,0.9150122183616356,0.5421897674802831,0.3232256185177762,0.35960409002772575,0.24674960619149955,0.3801913760978941,1.2832884630496135,0.05165352116266808,0.8058979763332261,0.12167950110360137,1.8040724158707024,0.2361587178422253,0.8412099404836895,0.6336425463210367,2.224496625417276,0.13504105815684675,0.07955540180094678,0.3164726003549996,0.34688467319329286,2.467882892432786,0.003939702795628719,1.1471243069061838,0.18191253835803955,6.892307899774919,5.434938544928983,0.18537756974075537,0.33804870030946965,2.012571235037849,0.8211916522586034,6.37042666881513,0.031172995703766748,3.4301650833969295,4.136462182507392,0.29903894391872354,0.47821694914271795,1.667625141147096,3.6236519100094613,1.9834595003518904,0.778636031783345,0.01569095281609334,4.013111387632557,0.9084845351094986,0.38270214503183464,0.16406348304624307,0.955278386339752,0.9029475503311608,0.27956071683884365,0.07740909262378026,0.2865970318569002,0.3645664493479339,1.8204319927867947,0.47061780434014167,0.8901513206188834,0.28466367099655987,1.2447903894971502,0.7157875402280853,2.6604663172858842,0.25036320110701804,0.08826087574344277,0.13539996828214407,0.32897139889714466,1.4735251616495368,1.403265266687339,2.579108605312838,1.2601013914356531,0.5862726910202729,2.751907419115236,0.32708845297611466,0.3411189736124627,1.096379040330179,0.4510036223664411,0.23381494487551757,0.14201542784821752,0.1427917926434613,3.513439599517476,1.6543637636476074,0.09920886026135112,7.35726338648232,0.17525800733313046,0.1748243119079511,1.8515389235203177,1.0833293325362954,1.3347442882611358,0.3255908813743478,1.7190209734541,3.1812621598116824,0.39815576590401336,0.07035101061288285,0.43575904395745013,0.25818932790114335,4.696173328077087,10.672864179424199,0.29481015161888613,1.8471539225093927,0.235218050607793,0.9713790941857019,0.07646078188681193,3.35567251492656,3.659933097984157,9.147130996359147,0.7298890018770577,1.6462000454163217,16.579920589355826,5.4885073829776285,1.8199762619926116,1.6092880311894757,0.9436875382886787,1.1805096528422543,3.6168867900664776,0.11072945153214775,0.5833397739266832,4.146448418230772,0.23433206782707794,10.785407697545356,0.6988363854457991,3.4627404436501066,0.4485397033706743,0.1857857331322159,1.8382745117999266,0.29591325496934484,1.407065355097759,5.298422630929593,0.0989049197268167,0.7321492789171001,0.7200468976188662,0.15342917237737375,1.4720706669659593,0.8769355492461053,1.0826247562612474,0.25219632951301696,0.20611682199043413,0.004484229110638616,1.6491770637618353,3.0221416315967806,0.23823601503213188,0.08768976066169937,0.29553299800229615,0.07314528000591092,0.5245380081440371,0.5360530141157311,0.06337107477895332,5.645288665242323,5.334864418501079,0.05219827058972282,0.11848982462980007,0.07012620619401577,0.2864726383252014,0.35102486201137173,0.1943137097827332,0.021417271164184015,1.6036939484875365,2.3813954576645884,0.3110964714412654,0.6237344913364842,0.18453708889000758,0.025241930448445804,4.063258030450111,5.421052727068488,0.19188722364974198,2.9329044097245776,0.22976399938680192,5.453147689560648,0.6693093033394688,0.2623901607592245,6.318602279860527,0.500437727394792,0.10046590430126479,0.18971082482429358,0.36087988264412885,4.469726493780907,5.503824130602606,1.4321260890732839,0.31353703207470174,0.11150074749123651,1.4753835292798891,0.5627209364994232,0.48177267515638245,0.03870755423415284,1.3728926051399495,0.024077750114724683,0.23495898204578425,7.510845183649394,1.1871378259088283,0.27971850589777514,0.24168432862464817,2.6447805303807272,1.5350400732033818,1.8563383911832754,0.6431490859453648,0.28887109862297233,1.8718116126390165,0.8437545907462233,0.5549299124886418,0.1123185990928866,0.5260341113142908,0.1448139963227828,5.118598826564865,0.3768973534095643,0.0449977060710669,2.6738058484961766,0.6146575390068305,4.960379150126619,2.078298119278543,11.697577634311841,1.035110874887215,5.096957031408202,1.2200798696395818,5.740759432871218,0.6848778068093992,0.19085274574314726,2.2360604025345667,9.843916358739198,3.06654769000286,4.062996295749151,0.4004550968949925,2.719553311137072,0.4038981120895002,0.365271911593799,0.5931076611171155,0.13364897616165017,0.028486990142301716,0.10370369213585307,0.19258332096334363,0.176231198097764,0.32308303172185227,2.427274109032435,3.356292248658918,0.026860156039544947,3.880325659114739,0.07658830956899676,5.182629464280761,0.07114515204363003,4.08955215968141,1.5013653374368539,3.9500134712861374,0.2512777994578306,0.4204048810683143,1.8910154967767054,0.7390737588336238,0.38433606407497356,0.22161466841313615,0.24593148345900673,1.9166393393416943,0.9471243176192989,5.4547673777610495,0.07959533584888123,3.5619364950462327,0.47108013908944324,0.43660029594279015,0.3862052726297662,0.6147437798894533,0.031024180135507784,4.237788125990536,3.107148989303884,0.40640191248364066,1.4655219591947346,0.2142486708144804,0.3049753564502571,1.5224554561706078,0.19366900065922832,0.34064865192966676,0.38996570899274974,0.48442957718918045,2.3633066378389893,6.446222336067102,0.7065619576216432,0.37294423426612267,0.3826899634741021,0.5189276341782048,0.1661467799451517,0.8496382292858131,2.657397805726828,2.003918886421174,1.834852571999276,0.01188791059677552,0.019742968466316624,1.6004661753606733,2.043943676355746,0.11880695410799513,0.13529415813164747,0.15382437961647688,0.13482711593209162,3.4252615068147487,1.0545400223779846,0.07806172155786983,2.602342558496247,0.14784467901801168,0.4531667249118492,0.5186144879888597,2.4640768561465176,0.03460443268047908,0.9645386186013045,0.09366065159941084,0.1431321949494211,0.917928356418132,8.339491338766216,0.07117914556547511,0.028249299068666023,0.37816512323994766,1.5228391162737414,0.4635865700483256,0.21076511776474405,1.0026087026221426,0.1920021068969361,3.5793210618549285,0.9758295540209034,0.7995689220556672,0.5442662259029609,0.04097528093820241,2.6817001773596694,2.7702313498096687,3.9511237587946257,0.12935034991679029,2.2258790214318704,0.2829967994441469,0.760884500411457,0.19279567583822654,7.210459403410922,1.294033164013658,0.5622774945290203,1.6940503873532249,0.7895009910033157,0.6798297532241503,0.9618242943986683,0.49261747483092844,5.654110697822154,0.7858776459509561,1.9723008989847237,5.801527263911522,1.0690572662466296,2.003683572895904,0.4744923872439495,0.9929891934349475,0.9187029391055406,0.24531449590590526,0.3197407687913074,2.5436949981122634,6.874733371233702,6.600578127099208,0.8975811648220537,2.382773830365517,2.4774419663899927,0.23042604491787033,1.8297342696409513,0.0852629918047163,14.363657391315037,1.1093461986081905,1.5693568074557906,3.3895997713058685,0.41977166729360976,0.19470146222910767,5.482921164995441,2.162976364104458,1.221985946744708,0.26660009350348046,1.2264886872952252,0.7484340753546599,4.631647631162713,0.3421471004611636,0.178772575498789,2.148654111164733,0.08648031847525095,0.7263700486912756,0.5883286193732584,3.1781881282506896,0.7608354882382282,0.835433903804059,1.2023162419672302,0.3374251976782807,0.15005399307779443,2.2476143121218985,1.2701302878431635,4.942689415120232,1.976827642233395,1.6218067034657562,0.3323191760253834,0.16323083286192208,0.9569281827095839,2.711653884221872,0.05315529465694446,0.16603560936892192,0.2696513383797843,3.0267304888540267,0.37158089221789115,2.024838872894981,8.012441794921743,0.08626990494951436,0.5945039259546434,0.9310798973976655,4.135240225329721,0.9094751427176853,2.131357608486145,0.01760975727925107,0.6398078485205398,0.6020201240370373,0.21676332010552035,5.450371714799967,1.4172774787380662,0.4654215521860472,0.4216434512603702,5.733355964880469,1.1171852916296263,0.8825739887320225,0.057002497971739285,0.6691571960928071,1.9784541810001324,0.34547213142965627,0.7532024222032838,8.664592911654182,0.24914418391152182,5.146923709565712,1.1941647945984533,0.28388251240828577,1.457725284290198,0.47465013214905116,2.8369484762892663,6.8151298980020165,7.8304631517026095,0.13336955569657322,1.2529636591760203,0.751619318060087,0.16380708338160832,0.8081408469328693,3.1964170902355606,0.14747250200192397,4.045076995998656,0.3641458505016739,0.7935897527717607,0.24328010303756864,0.4518455342836294,1.8793686823230586,3.385703140674518,0.02016461605452724,0.577421131725993,7.359240521081168,0.26427335996424595,5.237879363520071,0.4265735637220026,0.1732664507742286,0.26732982512541326,0.8521358321435633,0.495893876530225,0.19023651003687703,0.27910837055673254,0.024761278758872907,0.07454539369970159,0.7490126584101596,2.2090269843895474,0.07297334642054265,0.6643883888232249,0.506130263278876,1.5661864035867046,0.2199118609619657,0.02371871379064494,0.2537079546816544,1.0039288654638256,0.3549424731859796,0.019039830088892762,0.39128325671883424,0.2867299289313079,6.780287662771383,5.264272780616681,4.885771705088417,0.20116879452976666,0.2526723328788245,1.267987023845253,0.031152355799581644,1.8925866086407943,0.5063475529111495,0.10713911752263838,0.03259432435613996,9.916138147007514,0.6810962096900819,1.1919212854069936,3.8736202470160253,0.7491255507457797,1.2754697991246706,0.332869513933181,0.27496635075390796,0.31416070295368026,1.4073561496002949,0.5399792484222025,0.061379588976168464,5.467274986546926,0.09988765504003716,0.45655231440616717,0.21989633674878917,0.4388445608043803,3.050760634267314,1.832037609519098,0.13495094790892836,0.4938862714150918,3.0386108820266595,5.1668094908998325,0.5370559361171777,8.573024094450256,0.19625835636308198,0.3766953684628387,0.4643779496872451,0.15234037832411884,0.39989930273971286,4.359659042321878,0.09953049661320579,0.5477383665510176,0.0524991855704251,3.91452370824858,8.43449173596505,0.9374646669752779,4.457764487607558,1.1045933074070102,1.70920007576547,3.3055525293302077,11.141971125138312,2.105061061614139,0.2215308289497092,8.211641930177105,0.03252118144779503,1.155868844377773,1.9174826998375964,1.28543715274396,0.009716072896896799,1.3155161084255438,2.103803741895174,3.105201838251667,1.7095760372787052,0.5384995377823873,0.03691257636574763,9.15681281547664,3.823801999622911,0.5067437816426249,6.841654223638697,0.5050341762474306,0.5427351789452219,0.8317748481685725,2.2142572715365074,0.15854731522373688,3.11550966514546,3.4126160154855456,0.54157339687006,0.0696441325289886,5.19298582346105,2.192542634278038,0.7437699613836224,0.2971806531118063,2.858221070362799,1.4200768897599527,0.946576141537621,0.8590365668231039,0.3913301327132719,1.5355766623535665,0.3115328639471242,5.780571541162795,5.1713590897604105,0.5576595732454068,1.6391079877739363,0.6800561576604438,0.6224838811565274,8.12388087816151,6.245931719468384,0.041447433274373724,3.2934050867231033,6.806599085386726,7.431524904418475,1.027398582607808,0.5021795301822112,2.6196437576826233,0.749844600175666,2.576044725028626,1.5241288548911216,1.747465655285298,0.0855697065253308,2.4004629205165027,1.1267862992136068,8.622949245806845,3.0104205531188977,1.0669941249674273,0.7677183192117902,1.4881104942886625,0.16870744905744361,0.36329046617633964,3.896578963534087,5.43475467814867,2.198942262570178,0.1109111947610475,3.0463435307484774,0.7936970960771976,0.19822607497993594,0.13863806589907535,0.15625560675712802,1.472149532670756,1.7673265782209093,0.22810136654442004,0.6111156251214522,0.13457214729518086,0.22856201265608744,1.5832832087060045,1.877708982184333,1.8015595336235943,0.6306104938646788,6.649147145639384,2.9760224761946708,0.8937292544363711,7.684580755593758,0.8861911528447151,0.43366302695591474,2.516251557789823,1.9688489229553756,0.1011871516301519,0.13987847820995447,2.520208856622632,1.4139710776887955,0.231915157296398,6.330419635937735,1.6300868031814488,3.861402932594794,0.9132665343715574,0.2683133987296742,0.004227340622431797,0.2629445467454037,2.534376978134029,0.0616340152925976,1.4562217045656047,0.2311691832157372,1.0726595030496493,0.5120557783138651,1.7604891794733561,1.4977756361021515,0.7038649025038013,0.08952140675488396,0.3431954527838821,1.6394013329848174,0.02224625200580732,0.8088168816720593,1.054939506925657,0.05175828449331388,0.10298604970468905,1.1875033342720365,4.777734766630023,0.901453873004908,3.960211528551138,0.6472383467969447,2.381524772626156,0.15854956391286468,2.0265463979853453,0.1831982360350216,0.29124565948249925,5.12437452076944,0.6596240729413738,1.2831208921569999,1.476943382530145,0.16167005864209472,1.2544135663850855,1.4046976562053055,4.9259151061007405,0.07876642468628559,1.2117237165495789,2.421812548960281,5.157854263346058,0.21163074840978657,5.385771777839371,0.4822884301755672,1.0242511889501686,0.09800919795793472,0.6756328941879017,0.3274907455834981,1.4698635658503831,0.558518805822596,0.8766525245301584,2.557456327432832,0.34082842009768244,1.1921711495335945,0.43123534124261864,7.438525069141786,0.5265934944899342,0.14481411989596626,0.9610991854109103,0.39679906888007743,1.5306069607513078,1.038393693561055,0.30130540513730064,3.3113995936893446,3.9973635108602776,0.07011416927795255,1.5917143008739232,4.6510318684171486,0.38934183018338264,0.10200304601096777,2.8822557595330704,0.8490302002849948,0.8496009483339582,0.48091847242895436,0.25327951603748966,5.60462191951704,0.1370221934628244,0.9732705455405626,1.6237833257312495,0.10424424692939949,0.7854548405202695,0.4587938407719059,0.6987255921765579,7.374963233319541,2.5425439517559454,3.1641971995422953,0.24677013232048006,2.5570833476246957,2.6205843377617652,1.4205282485884556,1.2996523308189967,2.0450455467348028,0.5011701347166762,0.4862171754406843,0.4776641980420515,0.42381739895884385,5.690034411371684,1.7620946533083912,1.0792330656992133,0.010359976113916591,1.064097708583693,0.11712269257620955,4.649225008429802,0.20293359562667868,1.137434611323811,1.3217714741257711,0.16938689658404726,1.8516108806331661,0.46641269608172653,0.3652519080501453,0.10921588206625243,1.5078517225223704,4.397073022592718,0.40296810383776216,2.6829102621803758,0.3219804952118568,0.7344291953586213,4.627139757935293,1.9727470587647211,2.744879280634772,0.8948305960247609,0.1662220293903287,0.4469705629219187,3.8016104239963684,0.28485335464698425,0.07897809843546377,0.2466191245309195,0.058313071050762666,5.690884526235044,0.7133598667330363,0.06655717049139986,0.11977904069267709,15.970038190830397,3.9092397840011057,0.03550872017405027,0.5510283786558654,0.07213939345092735,0.23394589996172743,8.10777179065138,1.3095923813158357,8.577731834191066,1.5557316004789676,4.664524927033049,2.4963152134802984,5.604908066181651,1.7072569512348847,0.3414022339779572,0.3469423739912043,2.2811484267331625,0.4982807984353437,1.0703557842302296,0.2274322342922046,0.619388075659028,9.920593797564363,0.3120640459789876,2.8517890069143426,0.24163164519733793,4.275490022675822,1.4234307523935157,6.302583362350123,0.933341168229904,4.573655876748608,0.48746831780670274,1.230231204520758,0.18599034653397983,1.407222607361641,0.5902173673541942,0.17482491149448887,2.7397515405271355,0.7741057315640452,1.5075756534398834,0.8355873216456713,0.7598758292877035,3.881259842404663,4.3032687123229,0.061235483847152494,8.164170222923477,0.21529225929304108,0.3098711582351217,1.8303177429915742,0.1339863692862353,1.240587211507946,1.3245372115420735,0.059790867093761024,0.5431052244035077,1.2813076772986849,0.7635827603052281,0.23170765115618064,2.284239903612344,0.03902196215338283,0.21727318559999453,1.7058747509836314,0.5185215264111354,0.22111015009041646,0.29727861280158707,0.5946867877242021,1.472652189760138,0.8294478270029195,2.1256516861366634,0.09856499924335171,0.5450020596300953,1.09570248044548,1.1764546313842572,3.4454162309460377,1.091888749841609,1.0473942770301932,0.539943016412014,1.7964847802295076,1.577328779732424,0.06969019097321627,0.1660985853502257,0.08832203220515744,8.957564737789882,2.4716261672694726,2.106973068501761,0.0467221302574401,1.3801286625507416,0.5854420803848123,0.2587736859886647,2.037765141856715,6.98184104464114,1.0159379088595961,1.4696255211740747,6.505293835280553,3.9630966676731116,0.529225659204706,3.8130842292797253,1.4214201993026587,0.18654394913473116,1.6594661188896203,0.03633293089400702,1.630372940984933,0.6751808031988755,1.329533534233704,1.243311306420964,0.4919451377867856,3.50560318691445,0.13317252884230024,1.775455330428585,1.1490336153858782,1.0763946948320628,0.10529878921842939,0.07906236869819949,0.031219743720353632,0.7976304037185248,2.212330880039602,3.849130600018716,3.4434483396123126,0.33235513841548636,0.20097617053210004,2.718356434811133,0.14432092106402772,0.3866486200587127,0.025186173954394153,0.3155400700514339,1.1985594518292855,0.6708961319266507,0.19743980032552422,1.1101717142075305,5.264752055435911,0.6066918464405999,8.232924268447745,0.7646811338978308,1.559469950876541,0.35930616017468564,0.18654563300001226,2.0288466694448375,2.317899583082809,0.1106382882284489,8.076501141931171,1.3840214415766017,1.2569954969402775,1.6944180014283643,0.6229936859371406,0.02334383211460178,8.254928699988575,4.16312553774952,0.04379738367182995,0.9835067102195508,1.657775517882083,0.18354476862955327,0.2662924143119372,2.3981688851602705,0.08065891648812307,0.5528598769151496,1.5612253719454663,0.9811663765353966,1.013694638372268,0.3252478424510592,3.6337021102248794,0.090298586473742,0.04025492520453944,0.9953489692414508,0.23531822743947872,0.04431438047144898,0.5146560428557385,1.01174687512261,1.8373661504215513,0.6063774454699866,1.5976572671127207,0.15846103875842132,5.570929955312878,0.29745459267286467,2.036134244346886,0.13283289382295305,2.586305494586672,0.48223091115546657,1.6527171151203217,0.4704505969848398,4.079787287909154,0.906353417378106,2.0341128800571195,1.5887830756710248,1.2262712696222178,0.811629264834759,0.16399973984319183,4.181509130759812,1.8219987604259833,0.029260632740565007,0.2821459918432909,11.93658714629263,3.53781328135925,0.11082072515417662,1.179682005925668,0.025224941495826103,0.6515526848340261,0.8112271559715255,1.0344742938544906,2.1825688806673256,2.437249231181568,1.2639333624441536,0.11564993904522236,0.3405871768947958,0.22642435540537198,3.1097213242759993,0.1368192702829465,0.07330336118597747,3.588734871874131,0.42538254925822105,2.3967753525049798,0.07109365625732456,6.973542848497453,5.518840047154095,2.991833887080028,0.6042030802183045,0.07581870810375202,6.0170379795712545,0.43152689042055536,2.4307610505275656,0.10827726101712631,0.5753333970165588,1.3113424622061614,0.32020166611172607,0.278858160535905,1.6199492224120056,1.1089805262866625,0.38777807633567085,0.46072663378051804,0.19187865809425375,1.375980474664505,0.23685368328356726,0.6619087729112947,3.997311533905767,3.6388413209269377,0.016240062043841874,7.048007590207891,3.187761485558955,1.8530212095120866,1.861571420846082,1.639957209496808,1.1537679515820374,0.145776989919982,1.13579906145529,2.2362359721417135,1.7021156743730135,0.027688661993750197,0.5384693193292598,0.054709601043077205,0.13465797144060576,1.5787103186605713,0.8730381560584677,0.12104611404981513,0.4181976829777503,1.667922785702022,0.9951958407825487,0.5068906001291436,1.1071629755942158,1.7103406518146531,0.1663976266018431,2.3606268489969366,1.1457316858325717,0.16895994180918494,1.985607305035662,1.294045423144893,0.21824810875120493,0.13218757747571663,2.6840331338528083,1.3201605575334026,1.2844665468106509,0.5482807921190311,0.43978981980740584,1.5019402743424983,1.7887683566501749,2.7994252341953145,0.4255331268734679,1.858533841606922,1.2969622890092247,1.2715190334717579,0.4519525760219236,0.8573476615623694,6.776443774687643,0.017504985496180847,1.0414507614563073,3.836096996867757,0.011741789279315684,1.015957403561101,0.08203646911132223,0.9251944203227003,1.6297900647781027,0.42637994114798894,0.10068774894334687,1.7838538808071798,8.560736581484582,0.41629511113958073,0.1366975843290661,0.3223705681229174,4.924295550656028,3.1827723449074896,1.807655605152223,0.6187398261004677,1.6017263970752609,6.459142371569949,2.2052006878155406,0.01264959002555921,1.526815936416435,0.49902084710342787,0.08269337784946773,2.7490392649683484,0.4534683985768886,0.14547398648399068,0.14879024950920616,2.2824287975001027,4.041966002309941,2.4541734571694294,0.49493035177122735,0.3262086249644376,0.0009192259041066464,0.3669575416605211,0.950018969855678,0.976856715001977,0.9015355604565171,0.75039801874792,1.7285404651929173,3.381860902095979,0.24825785353162022,0.7992421307345368,1.155489089466203,3.4097908010629543,0.9901494010566108,0.21176787892425908,0.38396618372491487,0.34214259475647424,1.6990467630015296,3.127103144949497,0.4609368987306244,0.9855525436052743,0.5971648421033126,2.1058476935443027,0.2175014289117001,0.5565194812757113,0.03498983059382743,5.508312553124431,0.4255238132919479,1.3623615611961992,3.736644308991316,4.796758116887366,10.239660330548093,0.14186764488047698,0.9452394141512066,1.3389824213052077,0.14882126954594632,0.19660963687898914,1.9027372610106297,0.4482077038995249,1.8845846770193653,1.8761686838161364,1.6679821045616405,6.439899905507197,0.16274314966147907,2.11181838221507,0.16756825615183546,0.27207280130231215,0.16061320894582964,0.8639823141264245,0.5704869597340978,8.47982112453775,0.21734857280292164,3.3948500607771166,0.019114797059040844,0.43297533108514075,4.91332369383872,1.131589656778356,0.4342729849831688,0.5989548944468497,0.1209468564970062,0.15720884537740099,0.13550715385298107,5.32936982432085,0.3519563706578104,2.599383707855489,0.22048893695366414,0.6277901351040995,0.3314468196999032,3.7616784421966623,1.74137432373645,1.2939139069226906,1.7351648988059303,0.7055812050934309,1.1102327580170455,0.6282564544313182,0.34302550878132776,0.6781431319403244,3.301267277529959,0.062245487656385046,2.9394308115718824,0.022211080614215284,0.031648184530761236,1.414321836364757,0.3433555903302845,3.9634883475703955,0.7836132321801954,0.579210674023088,0.07421983338605687,0.5267726769639971,1.0639408988354515,2.172397228299132,0.9003345914388872,0.08575035759960237,0.23352516179429494,0.606967484137123,0.8106704634887998,3.7925036416339246,0.21495883715186148,1.3029937826096583,1.4113547899900372,4.994164287995799,14.263347804677228,1.7049907932509,2.9549607180199606,1.8263971792640834,1.1610840461115797,0.2090213298488771,0.9941119539762258,3.400581631572914,2.46062975513113,0.058939442182448065,4.949159213359838,0.31659128941723624,0.6751865241426125,0.31341609314836294,1.5373155786570158,0.7198799482781219,3.2070322357051433,0.07999225587046732,0.7014646604499797,0.6100096502307437,0.23640009678496732,0.5919424272039968,1.8385239230196837,1.7302903527896933,1.2586501292715953,1.9483662748129305,0.09255231793845287,0.20781670266807373,4.948291874123824,0.4932285310909932,0.06421697900552492,0.45448672083804853,3.148593989698041,0.7058492494425055,1.3609423233908307,1.3515451033132684,1.165674569348461,1.277511793979509,0.07736817751099068,0.35715205583919163,2.942755186784039,0.7872876331358343,0.36428412822025225,4.441979896499725,4.440072768776953,4.878949458296632,0.4449143318464506,0.23985791824890734,6.5494352215604135,1.563720728163429,12.652947390345616,0.28392107850564074,0.5486531393588581,0.042229269568119454,3.8481346751814955,0.7593279893021041,1.3240386941956905,0.9225191689018729,0.6159831522054162,3.2241733072347505,0.37072018868493706,0.48941847198340405,2.3705243817283237,0.24964757779611624,0.9800637528788552,0.6563329964755962,3.066860117300735,0.08198575288286536,2.0266532214741364,0.6123573640399027,1.110389345331524,0.05496724397840591,1.7600644892695314,0.39577706863600093,4.296871533250849,1.0541762445108303,1.6044391244178655,3.4725262569995774,0.9566708140995396,0.468530090839411,5.141051823999574,0.0025129587166738965,1.5466196081705008,0.42426080560629253,0.06676580058493053,0.7634338584614724,0.5271924092752522,0.42329558305932946,0.6519648465352663,5.907424994477905,2.1909631156614937,0.2683713440272414,2.4387323542745882,2.876335794526441,2.258132863275139,0.7292501615268423,2.2980410869575696,0.19329256341504752,1.2732283759182206,0.11525162437577707,0.7739757953356612,0.18115538801579933,2.669626282400642,0.05702177392214969,1.8615241645368883,5.00396000374515,1.5121470487062854,0.25575289713101146,3.7747146187357803,1.7126298520692131,0.6877656081951709,0.15947800881362728,1.2658123890412796,0.07393055026781936,4.0266815051696,1.1752004013492248,9.728171139514073,4.337054613458465,0.6303430322391068,2.165479726726263,2.5363779292188533,6.381240515553387,0.5727413277362392,0.5010609781030639,0.3566486163888587,0.032971062803311746,0.29450432936168647,0.2735994657099161,1.559415917762136,0.608322672273963,0.49486556413884397,1.1041999463139074,0.9628837422748995,1.59947304512083,1.458503874409638,0.662605632910912,0.30837780907115797,1.3558130441854706,2.1289053791791153,3.391302938348266,1.2479995094441596,0.6386023230546576,0.5007475460780291,2.3478545393881873,0.11622478531436098,0.18643482214069418,2.1136933408334295,5.904728514969287,0.19508294240071034,0.4152093607420786,0.3569128684092222,2.989748296789385,0.7160695606201966,0.2557730701281691,0.11867583441062424,0.5296242381195444,1.4250725298995577,1.3347300136048734,1.340725973679525,0.28623323031457737,1.4811054620377173,0.18290833785871197,1.0362783951398282,0.46387990581226446,0.02252882381171073,0.10295193297797844,0.2411228667645675,0.5704776101614573,0.20029693881790323,0.026277484734666068,6.28203595923534,0.5940291576015422,2.7560117490075866,0.24485709284836066,1.2542040623597406,0.39959841560935727,0.3152218853508537,1.6887546545186567,0.7711010957868896,0.11002986750680877,0.2875118169610933,0.5868420107684438,1.0204631412602438,2.9022832239204828,0.30706291458686996,1.4781006260307192,0.16271003284272822,0.9526632435338238,0.2885147610503904,0.6083342223458313,0.31073962608773276,2.474747558894866,4.229935637137001,1.7163472038973762,0.317927911630434,2.7413771501601323,0.0005938453812426303,0.2524902817211131,1.747387747721778,2.2328983209083635,0.41396772990414166,2.1175321621047063,0.848730094394619,3.031992522696994,4.512505793656342,0.02615632180476979,0.5344186286963895,0.024583947182697297,0.12021089071384727,1.666177246277436,0.5389054939408662,1.1668674320855188,0.2283609249555626,0.6817848492162732,0.5510446381498968,0.7110830143493527,15.03811076520263,4.773134949726756,0.1983383826301015,0.04891444516284227,2.0390753787783464,0.5007738978753351,3.900097130422348,1.2237845590766692,0.16945044034149426,0.4449925922225866,0.1781176876440198,3.1215098177436635,8.287562988888645,0.9322771941560841,0.745955849951042,2.66182746591996,3.0440003986033064,1.691089296175896,0.2269596906356739,3.106218558521072,0.17325056825832874,0.25687140496100236,0.43510541167783867,8.179782196579447,1.2357875658724844,10.339215555652387,2.5589572518307815,10.136960709346031,5.571560332538344,0.3232102378339674,0.2339025342844705,4.743558612898754,4.806835561735758,0.1519422744065747,1.0978811602443526,0.8206665748918929,3.784187778243725,0.2339295077722663,4.003713853765923,0.007645816409344697,1.5694681486388666,0.28721782960793607,1.6657675052297733,0.3946761272671466,0.8092444574052964,2.951730617254165,0.5512648704675193,2.0922168065101987,2.5274477612973802,5.417551670072055,3.028983904673935,0.18917482064836455,0.11725716742917536,6.486329340443234,2.364171032790469,1.3121754175174072,12.950055891271287,1.5192395696519858,0.8185680567097129,0.47541456298756124,1.9208175655770607,1.078625269896638,0.0073257756330343815,0.09983916554582739,0.09421256828484026,0.13882068613342247,0.34372187228010187,0.5634574854410941,0.20242996445540618,0.7572831171199055,0.23380082572637528,0.04267985177836353,1.655425907130636,5.972124138878121,0.42654368905626505,0.5307737699146198,2.6482511175750174,0.043981200272220855,2.9435517297216895,0.6808883772246764,0.16184288093509713,0.7212052584567088,1.6092636925395736,0.24783208637074028,3.8150109394651004,0.39701576659919535,9.34180088969065,0.9317916295660338,6.573425141404382,7.2494830031106865,1.128096931597822,0.6288744273316326,0.06115067553521403,0.7119225989069249,3.3063148597445755,1.6272070312065305,0.2172142359351792,0.4637525053509646,1.4952169010687344,0.061165905119378694,2.0704437400012434,0.2538126004742618,3.563697572191563,3.1652809962849524,0.1796830278054396,1.3853704711491583,0.2915802814954658,0.8446726974166314,0.19621022028051005,0.19573539004547813,2.2452734844728504,13.315465885957416,0.5512663254806811,0.85047574977715,10.339106412898735,2.459377812346179,0.32258759729519904,3.735252968850587,1.5079311284599966,1.0701497168032317,2.032314896506449,6.410916260210332,5.893346799184446,0.025781219101712605,1.9919003350688071,0.3940490357365032,4.726077125163096,0.5563404106539256,0.6694397794660932,0.8406564523105555,0.8829733731115326,1.0916742112054452,3.8158885862113694,0.5494358983956102,0.09999111760178359,0.2684405172004576,0.04170971429036374,2.997234303906469,4.842757990096822,12.437046612563154,1.2143759567771293,2.125797235206332,0.12244648840330541,0.019794470543857745,0.8590241042649411,2.996213877468632,0.15077409464839375,0.5554240015858063,3.96642140516946,0.31851774905605823,0.7415051818063022,1.8624955145081294,1.7529817514659962,0.24185701573428509,1.5085751605480544,0.7971097261328448,0.45103560001577225,0.13094653037104154,1.7922787342382058,0.5767872276945121,0.032737496733269866,0.6132004620842383,0.58911526323873,1.341661136525822,0.10500642349066092,1.3638750437035183,3.7926113155294336,0.33787748109908344,4.4190295104625905,0.7053306038837035,0.6038536273392832,4.611130478379294,1.1055172936780213,2.4683451900458313,0.9674839887752777,0.8267300789370342,0.8092598369771862,3.2431838846175225,0.6581523291480993,0.3048949038694627,0.5517443395895257,2.130951638290085,5.31233201713923,1.5102765309375887,0.9451195405002223,0.2919223430038469,0.05631988288679074,3.2270800066616263,4.492884831491137,2.620224486252871,0.15447429554266257,3.2870576372580356,5.55051581715051,0.618133323450782,2.48491522777081,1.930034173092571,0.5271959384224153,0.0043836819240459235,1.979290265002115,0.04264088919967124,5.050563322464602,0.7384837445720072,6.672734659564645,4.380922786999973,0.8361074593456124,0.0786160855346485,11.108022181140225,0.45253513168334686,2.1421074430273306,0.12520441851133723,2.8182119755085866,0.4763829897446401,0.07214653530572956,0.9645471678567441,0.4155793495117508,4.997937909869262,0.6540964979371466,2.3192998478601146,0.8248516507657908,1.0968581650916593,0.8607264456136259,0.3815837876583126,6.72544368656458,3.9354072386627106,0.3853351038246777,4.2918911408358955,0.42256325704723985,0.13759008547861584,0.31875351394715645,4.932067852700724,0.8474840924198412,0.06207071749790716,1.6575561721442862,5.5616069701646325,1.4177168023196498,0.08953594689312716,4.362971148850282,0.06579812752732361,0.2455262721988558,9.893504724664645,2.4885269079393524,1.2213262962243785,1.7185747605820956,1.4269894730467947,2.671812324983472,1.7889665624507387,0.19547506324666664,0.2389803339601826,6.501954804041694,2.4477065377704497,0.14390913144532513,2.0758924156877487,0.08348408813240082,2.502132160781085,10.215333018424698,0.35793625652541333,0.26434934766388807,0.03536874075776053,0.1891686946359057,4.16715334006707,8.650855297263655,1.2359785487745114,0.6813396340785272,3.3206835864564064,1.3617678256995007,2.9086719096537488,0.3253791956545693,0.683308180850891,1.8228510478659197,1.240148684225054,0.2750083609167635,0.14663598703143155,1.8719013375625453,3.354803744924739,0.9235129758194307,0.1728244347212109,3.0785039118982436,0.1574152920638614,0.12541586626788348,0.40698306115037486,0.2644852649353746,0.5557411828936605,1.595806161668428,0.44915811853488363,4.713616034436739,2.5718456849678244,0.22682991091463367,0.04314495949716268,3.865247544744303,0.046090254714922674,4.436214529055907,0.223390523168848,5.558713615622872,0.39387441585204197,2.3440774794199446,3.961506403123405,0.34971486280473796,0.9132395072978703,2.051427723777145,1.753787378199791,1.3710759618995114,0.2654936042647673,0.020448523128393736,0.37290380674489987,0.5274084841175224,0.31657535464359876,0.09434648492241582,0.40411603139115715,1.757665164080576,2.0179648176672615,0.44136398589207904,0.7078710656654947,0.09157021804911047,0.4355029672679598,0.27429394396977846,0.0060443424906231336,0.2913639972923556,0.5680005924145788,1.935205306597128,4.179670732389296,0.07559166234009629,2.976489944620599,1.0961576830798112,1.7337999060396587,3.3686217770632796,1.0943284162395361,0.42166420997014264,0.2851509686429672,0.32347667679241665,0.09247052028543967,3.942404845952302,5.746850492888403,0.10571376015961265,1.1373356881310803,4.032918495746148,0.08923861182900428,0.4374787229245132,2.38770980404354,0.6248110894733218,0.8497261703865275,0.29724651151539394,2.0723541123815434,0.14728042313193423,3.137932998392829,2.070828613771159,0.9611750981961233,0.8090988691238348,1.4715770615233166,5.3615457710506655,1.466550662340204,0.33435840766742997,2.9952233156259713,2.3795322178376495,1.7188755223418553,0.7569655992599951,0.5469975201523773,0.003616854492105581,1.068255232146318,0.1925634650616912,1.5945649699322482,10.68387948027316,2.1431304871830443,0.13816366472571673,0.3386294653559392,3.956170224502012,1.475655441307651,0.05985438709850266,0.2912934568269674,0.15807431144387607,0.3064000171501977,0.21325927568082004,0.52466866581185,1.4337113227023872,0.17177416584617777,0.5241139288079747,0.33215658058000663,0.42506600677252226,1.0272219615451799,0.10806018756368063,0.4438533114423664,0.3951253148099505,0.0231168654780175,0.8501214148267722,0.3440822037232727,1.43405745373673,8.267370016216137,0.17041008757993092,4.638468934514869,2.032999291078612,1.583219395967861,6.116019446025737,0.32918842294674855,0.6081817020151536,5.887337317465001,0.42467044118421704,0.10836884026138005,0.057056439962616834,1.0532634987415763,1.0940383042891266,0.4084328153984069,0.09084516510985097,2.704953460732998,4.620560357905266,2.8427923622741025,1.2124145665590387,0.32298740639620616,0.24445843463080408,0.07581006511836363,2.7381749153528903,4.116712556314887,0.0887517072530346,0.418386528150946,2.0628992504741355,0.6382473510277911,0.5448520496962947,0.734141757680903,4.947588695649633,8.817407966939754,0.8828390838888236,0.00372503789571077,3.333607502293799,1.2302761011217778,2.4884015880335437,0.18995185994294372,0.2538607268237847,5.217401013507146,0.8270769578603288,1.8037984798330937,1.1387662085057788,0.015092959599720568,0.9402542682341601,5.038981216766748,3.8588059560630175,0.07403712126309858,6.248190382778413,0.3296703436901376,2.0900676399197646,0.1703986678195828,0.21160702247673102,0.38313496325090846,0.19658170718508305,0.3638874931200027,1.1238411898810212,6.6090506936809295,0.05022417049328798,0.41730441559446696,0.03574867376577151,0.5851729407556245,0.014365762450508912,0.43780233631156973,0.11088667177073275,0.17312174514374257,1.333191081915393,1.9719103983377682,0.3128574113635425,0.16450880943213053,0.24056940201264765,0.17019549619579566,0.7293146713848122,3.497198014769275,3.653289124038663,1.4508397909288326,0.24641643143066494,5.341516432192345,0.3724636861429478,2.221925858409188,0.23408496423718006,0.35160989369511153,12.032183199973934,0.7857836820249058,0.1891204603222052,2.073532921100079,0.26138729663605154,0.5431598126630388,4.27897213884348,0.15058013312190965,0.005339572889306199,0.5039847209597128,0.6871038624971559,0.30925088435958825,1.5339503906358298,3.787113664012166,0.049994160811083876,0.4236606309408648,0.3307531938834498,0.3871704046946238,1.7715053633698596,0.5780992586187625,2.4456860166846175,4.8756461294121936,4.724325750954044,0.9727364478078568,1.0845926067763934,0.625333111806732,0.10125503659840795,0.059888698869746904,0.7613441322591126,1.7214950639883981,0.2607097353753858,0.45441689279175534,0.16986956109674356,0.0011122983855775814,1.3345350747949762,0.7629128639377397,0.389168682329473,3.1405509522570285,1.0449308589332404,0.16687055016760755,5.626414783908544,0.0006244591867536897,1.9304211070836574,0.47092176540780384,0.1299589628137392,2.834234007573081,2.641386475920448,6.094372553698804,0.3289193842227962,0.06226999418529933,3.044062525761065,0.139337281376696,0.14303033612021832,1.1954146758150168,0.4375541917950494,4.860199934392379,2.7419179152567823,7.278318829539007,1.2354727144363813,5.192899116910081,3.815955952233021,0.4414826743115765,4.167787187468494,0.28993113664304415,1.4416150345046734,0.20376870181195872,3.7484740834039743,3.3291018307745763,0.07257184569259234,0.1363287620583371,0.5257499976803912,0.9082909634909149,0.8005510869000301,1.8621828894146866,0.6396334798465965,0.6125692644568539,0.41057755043844546,3.4269844845293775,4.409866132742802,0.07493933710645373,0.48453158822850817,0.08922227971646901,0.7511618649462011,7.099500342461051,1.7178538398732788,0.020972512705950908,1.4488697301339526,0.2616110049494287,0.8436617073410084,2.2300967399529146,0.7401962896053949,0.40137199779905686,1.278060787504737,1.1168270889656537,6.744313334100257,13.038849719047164,0.38243049047620037,2.6334947223935483,0.13092273436783053,2.9179186430669657,4.059417014463473,0.3105567862058356,0.42270485697901883,2.9299385773757196,4.038299590799858,0.33889282648336483,0.3571988994703077,1.2951712065498233,0.28272675495452004,7.2450667752220745,0.350518267788118,1.6146502065393384,6.273462498103098,0.30466645264169046,0.1937091047504409,0.31889926796050505,1.8814175783835507,1.4365313958710502,0.859959610091223,0.46341058198593865,0.21059516110249588,0.3627847862963117,0.22872589674356592,4.173336872556988,0.11677758521468862,0.7492850707106161,0.12064462730550995,0.32382517331777416,0.1679589498012639,2.4742635046194175,0.5008445481956147,0.6315168768341866,0.4755084683799615,0.19498062006633154,0.7706082789879994,0.32372241866827245,0.5106104180586752,0.22675891231969647,0.4788920361635408,7.052699044710068,0.40942420932616996,0.40835734667044254,1.8134498871122857,2.0861922902035843,0.36404041618560345,2.431722475201627,0.22685439909978278,2.014452684329585,1.3268718175032035,0.037795268865397524,3.515816619585988,7.006441055159951,1.189785559770937,2.2969744905566793,8.102553726848807,1.1474587337742528,0.5630179252865273,0.6550624547780446,3.785687964048524,9.952490450906067,0.27642231534507644,0.33920116120022303,11.6184454727668,1.7899805612803061,1.0012731923853,4.2277917725239105,0.20165990483734264,4.885827091018493,0.7454944542914514,0.6192959221190131,2.2647440777355166,2.007879537389824,0.5408305035297314,0.656390666287349,6.707896676022283,0.42221632265716336,1.4531940958126652,2.037838959740819,0.7195394830930892,5.74505347077176,0.5005921606627561,0.006671934154157233,0.40390083174534874,1.0018353322669173,0.08641443038222352,0.01060614381548719,1.0126436891697632,3.9342909659359364,0.21693924450716628,3.920954150756283,1.352036276991142,3.994045078680414,4.979616246888826,3.683437158540051,2.085110371950393,0.1911151454197093,5.486024838715161,0.051300898216209756,0.3382855965387297,0.82912056234411,0.3222974496257547,0.06772740820565692,2.855065936313076,0.1045845526114415,1.6512912421423513,6.700345521514991,0.29264047314521835,0.09807932641371542,0.11830208460593372,2.9733643375928898,0.4527639772413685,0.4771632748481256,0.4586731212296775,4.578674238131973,0.15624413928664005,0.4428353664479374,2.9490061122017575,0.029453252083447623,4.0052936465799105,0.42840603645534725,0.09092915095644005,0.23498011414803077,0.11007138888628676,0.5261217082353955,1.7731225649114482,0.32087513653042876,0.5786549944440365,1.3162502495486283,0.7879490605589852,3.47590145189915,0.4379617916690992,1.2923254806583548,0.2519886243451781,2.068967138673921,2.6555097949899737,5.640846453184781,1.366286816433177,0.6603295828319284,0.050064119916158,2.207202383237525,2.0784723810360033,4.606692121001953,1.9474881621989466,3.903161816451378,0.5816984162702403,0.2005425615377746,2.7651910902776207,0.026321928351578094,0.48880522028334195,2.9788918089161016,0.2268536514775834,0.08769230808546591,2.0129770547058916,1.0239354744169746,2.6899538923118467,2.2875231939768224,5.2161202481210776,3.341695554912387,0.45784667685718805,9.181485685625372,0.8064863258575774,3.6489110548191617,0.1940021600456645,5.207019387038231,0.09887365640090595,0.06439270437087963,4.133501863634396,4.973177389746713,0.5914681614655032,0.1485608130752878,0.19861687377975135,3.3210255721385735,0.3464411110207961,0.8864236165372477,0.3532270924697438,1.6385381228534999,0.014982577311261736,3.133722117251536,1.3788453211718839,8.078740018663998,0.06307585535168692,0.634825729758285,0.02842452046363375,1.7955649920577492,1.838405340077513,6.2257770789573135,0.869235260840453,2.8046990468551174,0.3727250624956584,9.62632982617696,1.8006088250744405,0.031010185345624386,0.3924343708055962,0.217725190982347,0.17449095550373883,0.6261097298803335,1.6914046924457442,0.04477006819407725,0.2106765527644443,12.681570195839447,0.14928757682521732,0.24303510772609638,0.21866953125407895,0.32105377999659424,0.3291501970363573,1.6266563647931944,0.3856954100865322,0.4878264008212698,11.402526049283502,3.724570962401065,0.09772435233028287,0.10252192201844412,0.11965355787178966,4.075470390831942,0.08719638117285611,1.474034106982161,0.7031500433738537,2.963838365739021,0.24297453227928933,0.06992638700869924,2.994080678369973,0.2476405248179827,0.0300084097696951,0.42714051060616254,0.07035789724577057,4.056876501314866,0.48940112473687936,0.2219188308831983,0.170656975133462,1.2413421916553913,0.2958944448141089,2.352266721529901,0.32608357980160196,3.2610536378826103,1.1877605165363565,0.1070083082612312,0.10723173835863364,0.06721501456548062,0.418895447666886,0.21011540918135752,0.7046034976758855,1.9967577270537973,1.6240261913644285,1.366417241544315,0.4715430929964297,0.8877508137880296,1.7527970244716555,3.063673637474176,2.460091646637231,0.4465671447988284,0.0049516588399246,4.670714382480457,0.30494891982854444,0.07298840221281067,4.196588207166858,1.2645646051113268,1.1187716051382406,3.3721897548548196,0.47754115502762584,0.012377384471981223,1.1590531530199484,4.923215931145647,0.24923111800065545,1.3910287697574792,0.12334887447326714,1.6349463618950035,0.6637675648926973,0.7953931336785693,2.2010852622968784,1.045338580728485,0.17688710984773515,2.9174331602698595,3.6045791071679365,3.287424134879495,0.2729531015472686,0.04108788238609051,1.0126425672430708,0.12173735654345874,1.3258496208062254,5.1557752241482415,0.12295953226042533,0.2607587950042364,1.159970415772328,0.8104834434147181,2.4277984539273927,0.3698748357603061,0.8061857744322252,0.20292712100874843,1.4631511375134143,0.9852230297762541,4.51851604929361,0.14141400342031396,4.4690625351687014,2.8110813168331292,0.513521120568907,1.4354969503414923,3.1490400840591537,1.242621808637514,7.729698952137738,2.350563894058177,0.6391931328214238,0.886934781343931,0.7131876249239952,1.1309629298301884,0.9413328194699695,0.4748991786217651,0.2792065761126545,0.48005915943686617,1.0337207982085816,1.1206925265845817,4.452046415162147,4.340617944657854,1.3724223057054998,1.353734677061241,0.23805983870709024,0.6023210774985,0.5562995933825157,0.42779305989593763,1.0510806786304387,2.8801110833504153,0.4070554607356326,0.5711961044170246,0.22629672442461812,0.5848696099547053,1.9299434289740882,1.4497980411164981,1.9217727629238883,0.9740880265955951,6.017973209542512,0.15052066175805656,1.2064918308618107,0.29275776329706393,0.44255234313888403,0.0694193893763444,0.07220126334356847,0.1427679090566789,1.1479908245283514,2.939507197343217,0.3072078822090951,2.172651017328037,0.1960604496274838,2.838780121563886,0.25427405712039897,8.453840017941097,2.506922534517095,0.07109024840850742,0.12868767748210397,0.22715749615527026,0.5007747359345736,1.1027684717808026,1.5739514865979236,7.564499286991491,0.03811837597562873,4.503808266479181,3.126710447920691,0.9787182017387333,0.1439408571933527,1.062521681389741,0.22316563320588623,5.388192700696203,0.19057140225366997,3.5359483064355706,1.2569158796881248,0.8964817459003248,1.4575416301756134,0.3916792136082381,1.8596336541740168,10.203558969905062,1.3255771600238706,0.5146984830277068,0.65090051763862,0.22404868279957668,0.29493760484000964,0.3945313385137914,6.436837730701417,0.3335633601561727,1.1140172330491842,0.2961796106334489,1.523358212642088,0.1946606448072825,0.2715025270982183,1.9585460666383072,4.859826413596709,3.1214663255138797,8.580088148810956,0.009726652491353294,5.2030629314203285,0.432754895722691,2.493238487987307,0.0754644005080296,2.0865728021616095,1.1885670774275365,0.12337121933767148,0.6356020138283371,7.303436441323156,3.6111788630777717,2.483920499820065,3.784424041166369,0.2598692046410682,4.313370205381769,4.86032193621138,0.17794116494224665,5.512341422421805,1.729272455562163,0.5385138990544026,0.19671869433686873,1.44345621834309,0.08098572451386188,0.6116339192336739,0.15418954207163127,3.3885749780246037,0.08384687435982063,0.07528302514013419,6.391246683367957,0.5470502123678025,1.2588693481957351,9.114496087279022,1.0190709870289374,1.870101823569049,13.185704187479097,1.5213161530839039,1.1394557089272153,3.3869530480734458,1.9257687523635871,1.4489498785900423,0.559505673151325,2.234805510773854,1.8186164858605816,2.486558301141135,0.11064906610749681,5.842413825387318,1.4206399301764703,0.129501222534123,11.28647990123696,0.19482006124566453,2.669560598271446,0.40500024975938453,0.5636731035115168,1.084407935131126,0.1217078631538043,0.9535953496515697,0.7765824922346309,0.6292255557020461,0.0644562002186857,1.3266837476903213,5.886040045514501,1.5780624459257488,6.546779729296887,3.3058433467121286,0.2329840208350782,7.564619089206786,0.37948677873278797,0.11044645664962549,4.858595160702783,0.9168716590360919,3.935072079071116,0.08337714235062788,0.5390080463875719,0.1090095744825419,5.253158349632732,0.8764647411438546,0.039550677058138195,1.1214767411276365,0.34860936279023,0.6236715888449043,0.7505019866628526,0.38008193642569843,6.802485299401538,0.7458360599362122,0.7954870486185299,0.23273348806466054,0.2675012088288019,1.8573055022152194,0.7996087336564952,0.37952258947114204,0.07021452843783793,6.173364649715056,0.12460232661695869,13.321151052988329,0.44210680395402646,0.44335455842636406,0.44363126912189743,0.23119608403123948,0.9996615244518243,0.3736143432040381,1.5374052548362236,2.730592183834484,4.308588257053544,0.5698564298559421,3.9185615533104445,0.12343814505379547,6.5199387578314845,0.08497061676131201,2.7765173219440635,1.2097142601198914,3.5393487935496815,0.6712536682055139,5.311237644092133,2.2864931577289678,0.11327652465849969,0.267105998516175,2.3236182424178544,0.3490559958015276,2.1491355384371076,0.9184147890222414,1.3024296058726532,3.071755378913799,0.22542468389765968,0.8041884075302432,0.47151625791698626,3.50514366552356,0.46076573611116656,6.300384080258101,0.6090265670110044,0.7002477755252077,0.7816094600587662,1.509380041442386,1.5741254257984907,0.24406274790462734,0.2200146169680064,1.201703395757012,0.33842627980819007,0.03465823302264881,1.1643702991000162,0.07208881455843918,1.048256891084829,2.7488345924791435,0.3294187701524429,5.04698773850739,2.0678359982900942,2.5284496455518113,3.8788820417393115,2.3588806420719575,0.09410222111202193,1.8710502033634466,0.08608366326408434,0.6658861928061608,0.3114211452080618,0.07054244128141873,14.609604835097143,0.10403125141708358,5.332277026895001,1.3273433851305227,0.06320939468827502,2.542414973339783,0.5322478199566243,1.0191728632034205,0.993847000718821,0.1490822995862927,0.06279154240932971,0.000968447336756606,0.6350604600746637,0.6908001698162289,0.46005596175868213,0.9129766566159052,13.123319466687855,3.492572493666225,1.9975927947503505,8.33669153737475,0.2016752986665873,1.8258178092234765,4.073920749535951,4.447726169311556,7.963984823840927,9.468165120680482,10.971708054553087,1.7939355600584588,0.0015224457820495196,5.928558116033585,0.05839928465826327,0.24039459477408043,0.6117108625956318,2.3391501125680723,0.03827350159171683,0.23494434558892618,2.5067286013461896,0.23642691297179708,2.39004450011646,1.1282271526213252,1.5454050034860956,0.522194438737372,0.2580203573486375,0.6830750899986162,4.1382306294659195,0.10923696761765456,3.7282023466229894,0.3128110472488914,2.720223543484774,0.9555652202665019,0.12518153802230314,1.7662578998107674,0.9573109258264585,1.1895068284548511,1.7692667204594819,1.390280255536713,0.1828005453509931,0.7080598040690497,0.023693046168379306,1.3048358863101581,1.2697730553409143,2.6431778161542168,2.6945419401182473,0.9119650580383865,4.153478711419304,1.027801069605815,0.3478696938080579,7.13985877302978,0.5320881867122873,9.292226165030291,1.951411189670773,6.265134514943689,0.6277418669899368,0.8110758602452006,0.1990537806593089,4.049436042066717,2.6137985272752395,0.09907172817011523,2.038392928634627,0.5429696017633032,0.007112997628885731,9.82997124044489,0.5274196028045435,0.742456454949624,1.9095692616583086,3.7115692375999814,0.030374415980571556,1.7326296463881157,0.14942184705425188,6.426959777405937,1.9702114811179188,1.5177745970537648,0.2694351275537721,1.0756948137486089,0.23465765482645917,1.1152656752063295,6.224134013237855,0.47943961367011867,0.2614800359113918,1.1432320887659326,4.269394523157129,0.1635582071471946,0.7764461048141778,0.03915594891672236,0.9745394330581783,0.15827040356743094,0.6497926551764481,0.7377950973705132,3.324876364990213,2.2536817881612747,1.5030787421911405,2.59205642072013,16.010582828262336,2.369565115636338,0.19814629589516708,0.0685737851333571,0.06265418320103988,0.9446632586135133,2.9708725090903876,0.6042526497110157,0.22176841658447954,2.7183448646511152,4.525016808483412,3.8985296139589383,1.16388378375371,1.2430550469814836,0.31963849771311814,1.5342535141875144,2.6582766990735394,0.025534450849443724,5.903039736443229,4.50466731728584,2.1327092907527168,0.5396286520656951,3.6165961144745453,0.3467943600454677,0.4144971805445592,0.9270922777697068,0.6468251816892412,0.44907069830420854,0.17425315636260486,3.077718838089543,4.862200085625271,0.5346748205427452,6.431927284377984,2.097047846547121,1.6497528249631053,0.8907024660351217,1.5676713873490193,0.22482366382664942,0.27467786659686233,0.8105329245535198,1.1284737711758583,1.7533171531814296,1.3580894061777284,0.7412617270207549,2.815337926576718,2.214246962131636,0.4001234319717948,1.4878278329536592,1.4699264896840585,0.3452775389910494,0.36455604192922086,0.46375330694294625,0.2526623460844293,2.028019601490863,0.43631016160527025,1.8352345882804715,1.4558906198479389,1.8691501091263887,0.5572189127502845,2.6731949614130364,0.09471978743745946,0.09185587903086279,1.2093912992544442,0.5177407367542582,12.088633925196035,1.503012631444852,1.3717609283696381,2.480432297019439,1.3430595431676902,0.9361130766873953,2.94756926927595,0.06700101223897614,0.5340996399364935,4.701716439054129,0.8291836284697529,0.10117792212040833,1.5307442008742236,5.578376324302593,0.12067828870646802,4.141472640250553,0.37180610518412927,0.3724095243786515,4.338904853876402,0.5804265155143598,0.11767683388929817,3.772288738026141,2.470825234857747,0.5175144989790006,0.008429180813022352,0.6410246961288504,0.025074555093494322,1.7792201407019093,2.2777888974384046,0.22028061895510342,0.7078194806507461,0.225129626173191,0.06912717125633205,0.49596711212357825,0.7952057796879473,1.595357741934679,0.3139831621514335,5.300697111197865,0.0637393742898078,2.315128860924286,0.23850342342263842,0.43095998187746076,0.21845158213673788,8.589383313041974,11.170859047831314,1.4025365453097902,1.1523649658636657,0.18759505094240048,0.004412316597514732,0.46241945309877064,2.451433363236066,0.3109652440159083,4.981656462751833,0.5277199038463602,3.8431352007022945,0.07319332738526896,0.2534311903239477,0.4816097733893159,2.570638303399335,0.13902426679330349,0.040906487258702384,0.13589870054641873,0.12712040918348189,0.1463750191875779,1.2305127451154516,0.3338771691943405,1.2626388854672737,0.0023885157617491437,0.38695764065608684,3.72694603787021,0.9638125728927056,0.010310507082529008,6.678789738113588,0.5650383794202183,0.015068876220983407,0.07407422681850218,3.1999079384075864,0.5725373421992719,4.68815393706423,0.8112598789579162,0.9998617445303202,0.44349475659729,0.16942915632471678,4.190697968946594,4.527971120199643,2.354523566437107,2.8204699783556606,0.23824104087022446,0.9647383506942576,0.609067614643668,3.30323616368238,0.033789603210918395,0.2648395076440875,0.2645294704626957,0.11375694492844746,1.135341398136759,2.8527938589322117,4.466759350433648,0.1697639006017324,1.3380639110946375,0.9047099786799908,0.882547336272816,2.9680787668649535,1.0724883453910101,0.08510938982776572,2.733631973790483,5.872031470503172,2.2036010932692043,0.14827669952958766,0.4250275933327483,11.545089859188787,2.440514509277898,0.803717204354462,1.6462414422313985,0.3043179744913891,0.12123563604702609,0.28854839903684937,0.2863744836359112,0.1270952435382905,2.8254009681214347,1.7769095849202903,0.12616164592736168,1.2520439751974624,7.110037293373563,0.5152471762010515,0.3958768225549001,0.17397874113373502,6.436491939332729,0.22236221181791116,4.668932278548505,1.6582025678865149,9.532240610148609,3.068373150286388,0.7821034098555089,0.3967991837535869,0.3524271600390874,0.26487306833593227,0.4522832982852185,6.775982453431963,0.5173952161623243,3.4176093873695716,0.040611874194143915,0.3156815603367611,0.8755644222498795,0.30884655598280597,0.5016352286236696,0.18530329295409997,0.06939585881207133,0.17371833995573738,0.061997315172286904,2.1513413337452842,2.693517660458168,4.280443261143208,1.8006042200118082,4.118040099957623,3.6811858679059792,0.6463502971324946,4.994514870634976,2.226926875773807,9.734094274316925,0.72967256763184,0.46463312440170346,0.31613759368607663,0.2614312276021131,0.14028782442395737,0.08009978506131232,2.439231331958136,7.684566905968168,6.061458684051116,2.1226039018560714,2.0075777119895566,0.37505969928099625,2.2116705996221118,6.500295912912978,1.0548514090735122,1.0868740103581012,2.4363951979209824,0.2205339462653848,1.4322289684775293,2.538207165517166,0.03518413746906335,0.15667548858072244,0.04965622552632132,1.7744452383055225,2.310420240512973,0.04811932860513002,0.2139742676446389,3.2499110451799975,7.681067526874426,3.4431565460658913,4.4524486916766435,0.23856846971409107,0.30648379679973203,0.016891010285274177,0.7345475677333588,0.4058038420547576,3.5356077854070582,3.2049693144660187,0.7102758946678116,1.5161992798395572,3.4051720398253975,1.4192264373634347,0.11992336161078176,7.843683116075733,0.3624976167449976,2.421553483770193,1.3850975957795244,2.22709618775806,0.00930347255563968,0.9273085223570527,0.030643403663149105,0.830430127832437,0.1366077880501555,7.159798996368598,1.5872094694809789,0.40566050102266926,3.2634495006070288,0.09012490374432813,0.46126730394093524,5.703855012422109,0.7115113503021049,0.5222676414105423,1.1144689124158784,0.1477464579554728,0.23033906132979332,0.18763301146185352,0.3439542662611844,1.658261104835556,1.6238337736463349,1.4600836647865794,0.3642101840743412,0.3021914558689933,1.6004683541310276,2.974459611800123,0.05966382494823508,3.1959213573429173,1.0430691239737406,4.8471377676067355,1.596669703031921,1.2583260381926547,0.7084832728992687,0.9573127659267027,0.4205297281260887,0.13597412570344813,1.744582626162689,5.341950548829061,3.980838612104986,0.5197273890541019,0.16662843776164715,5.774607632021076,0.11165776912347658,5.579145832373485,1.2893983682150463,0.33025956842061976,0.562680813816808,1.241005178470189,1.7608894609972623,0.09442230775281724,1.744670658135372,0.6263843826172306,1.1172469037977024,0.4289541750609738,0.6700140839285011,0.6002640726199742,0.9597511433278072,1.673167159781578,7.316509658401213,0.0345878543446021,8.020446651834263,0.14927621859705376,0.6048326629181828,1.1386051843423117,1.137564468208864,0.9973472818614542,4.019393597769218,10.51233297371162,0.043118038840045114,0.5700140720986102,1.2590410067765245,0.3905099729400272,0.535567250275516,0.25362877871705525,3.5823994939131456,0.4457367682954656,1.4652077556063885,0.07966475557361896,0.7069998950556937,2.2796915997472054,8.751010959323324,0.7010486285218847,0.40448301033378553,0.8589477662731877,1.478585883928673,0.8868780320228111,0.6878288041134715,2.36222214754889,0.15821161158673147,0.02223001945570524,2.9842059357864015,4.25740250230789,1.1613702445243943,1.194623165373812,2.625605010449823,2.234229042513907,1.0261027449512177,0.17063082522050932,2.624021934534849,0.49325357521786806,1.6123918892054019,0.04913879346764016,2.4472070271204904,0.11761166681942425,0.3688055349750723,0.1270099949414829,0.3264137676852852,0.3157782599185053,1.4083570959614882,0.4275186375677822,0.17982284834783613,4.5944350795501006,3.546925421114899,0.4501471272298936,0.7196493984027583,0.21801226452464584,0.5494266583355644,1.0938407064326072,1.5317777547078295,3.4858530210040133,0.9348959330326378,2.3240726388402524,0.31967129096690017,7.8406819498854965,7.162397880481205,0.21758910058871983,0.1401169377515643,3.7428035792095744,0.7258889967256277,0.7696007772649783,0.15526761766524944,1.0081872088773727,3.5842526855920136,4.651527572303685,1.5426766003307009,2.4289238651292107,0.3383137203154357,3.4097282479198454,0.7975853850598478,2.5607094273556443,0.7223057060476885,1.0257602110865276,3.5240791311965527,0.008155295288090114,8.234695670553545,0.40308285056748594,0.6451738923204617,0.7554998657104359,1.0882975302998998,0.0007226137501092911,1.0511880104327993,0.2925561700157828,0.061996806659822434,0.5712131319464606,0.2606991515273558,0.07961265126583461,0.01930553744521557,3.6666577560768494,4.73170320943303,0.8094922850746404,9.850105681426774,0.9588943256851847,0.47285553428935234,7.197240378444771,2.051351545102262,5.133530097945596,0.15492563757316802,0.024195759328559774,0.14601401456174368,0.08672401572958144,1.368978702629502,0.366529677570248,0.26076204762486777,0.5960579545102922,0.8720864817757619,0.16483806765842912,0.7219419527276392,2.983750462493296,2.8510921059014356,0.2790168823622703,0.5373617831753509,6.268693756137734,2.8561845266105728,0.09927314161226963,2.169572649403297,0.1747022385938657,1.7700020888264099,4.506354533246123,0.15514291929485502,0.08135931133440077,5.560412516617624,13.594926953415332,0.01334239198277265,3.3622437686459943,4.546034172824778,5.337895630722995,0.007729752155825942,0.042807073167497656,0.4117362209001858,2.1775474765491736,0.3876855042108811,2.244413950785895,3.449361549898001,0.035583528651630836,0.18903464676720164,1.4934109358536087,0.2526835009933597,7.729236733614973,0.9812343312476832,1.9871997603467846,0.15179167433649443,0.0845524233757814,0.0578325222115722,0.028922612348789567,1.0686499938331009,3.214942688104648,0.8012964466383896,0.4290217474019394,0.15921816849869597,0.7991966631552287,0.5281453638740985,0.7167116947548571,0.31244178364055086,1.0929835520651423,2.5743073648502386,0.8725401230682468,1.0237962244807344,5.640891732021334,0.29571212376873046,0.05543916238466018,0.012428165769129862,1.8061024900474323,0.508066528969521,0.31132407638884896,2.0707387453711377,4.553642728686034,0.5556151063727977,2.305026916222559,0.9892185338382509,3.3790677780270175,0.19399509277737126,1.468545946732343,0.8478029464187742,2.653594691765373,0.001506540847244553,0.2260572092148021,3.7341155416977,2.0718410829662637,0.8079751514439397,0.5740052236486259,0.2502433608051885,2.1290374496409425,0.366501894772325,1.7575088579332077,0.2052228947232534,3.537296982083446,0.029927212805773706,0.1823983479196576,1.7555529787496864,0.1232771456652646,0.14840961304554556,0.05627098225659366,4.422560713328607,0.0032409136086783974,4.460494264442267,0.027798888736078275,0.13551345184893093,0.2445490769419063,6.973544887872872,2.7856743293152038,2.2431801371108673,0.33033964201258526,0.10816009262491422,0.12309562142937769,7.8114815693539335,3.5708889313115444,0.32238954188166336,3.040436098913874,0.20185437326011368,0.3479665519468035,2.6914279870428155,0.03533181657930029,0.23754314571019913,1.2177565685484393,0.9882661310223706,0.6152826132641802,7.591077473690287,6.093225163978016,1.3558620233471823,1.4425438215480293,3.0860845122393536,0.5379219745814228,0.11138019887159611,1.2774288895753125,0.7070149569076447,0.6538204360542175,6.217645052835636,7.100880155259929,0.5025399941405264,0.18951420820202713,4.501481139729011,0.7323896203253928,0.06733936588410816,0.14725139248500785,0.8397824236179453,0.39612932027242004,0.32216785898790645,0.43883905802228407,0.0732002572832936,2.2480139064288207,0.008006452895477079,1.3350116961759857,1.9580832492512883,1.329154526248728,0.7875481250530729,2.7526675811085175,0.033180439083089874,0.16245880257000667,0.2339063652960588,0.19948223274163102,0.23952009294022414,3.849879582132392,0.01058752156793008,1.9073206844668151,0.2625014460195001,1.6882769237296888,0.34882486705447313,0.4038537902907091,1.9346750195408289,1.6097315299627395,0.19615324559226854,0.20336048676557272,5.642372011784779,0.2953529903962018,1.241011084193045,0.39276833741579115,0.11581291684409323,0.3285156144149681,0.9094097820397172,0.5681163408401473,0.34101785491440895,1.528286980233549,1.5526868118641572,1.984245341104228,0.0052369046300133615,0.5214859363168229,0.923224866347271,1.1195498616151824,1.051020567938235,2.199010682190965,4.823306512389338,2.6207863646340237,0.8001204211736284,0.6699783561569983,0.5286357085227293,0.4309310761135734,1.640512360640316,0.09188698707662768,4.695093423493266,3.6733773615908425,0.19362771778863164,2.398869866385147,4.081598293567659,0.08373942078819385,0.17978208209886948,3.53763808573032,0.19580711725936506,0.39590117126685886,0.08445050678727739,0.23899914127274413,7.69168053764986,0.18328264879828704,1.9779723712233563,2.63514335848698,2.37635512519012,0.06351778309688427,0.8015878890752353,2.004435393832261,0.3601591649076872,2.2979723310020144,4.590086834075765,0.3928651462105061,2.8735221389134025,0.2045954793344622,0.3704139844049601,0.002667360607963465,4.485716622808287,1.0796419648216675,0.2371136951202404,2.425687763567179,0.8542675058679472,0.6643157422431876,0.8843104313451726,10.778796273907195,0.2594467602088417,0.9995793726988116,10.698754023297019,0.2618958775146294,11.801827370142359,5.031762397756445,0.009022530943902485,0.26099616536896253,1.6174304289379018,6.831556508010847,0.5823992864094922,2.7261820060431488,0.49885598944532883,1.4189901490371075,0.20675009124239985,0.43163715424611926,0.09471713660893788,0.5821244877889704,6.465426091899293,1.5610023054202111,3.536055348254015,0.7844017344829339,0.28295144625569135,5.658197207878539,4.431617776124847,4.123470996709564,13.680208560940772,0.7787219496626778,0.09669004087494493,0.04826099582440957,0.01447216494248904,1.0873767827027003,2.4754246315483095,0.6471911303577329,0.43094279486677123,0.12749681938574875,0.020550831818979987,0.17157598757129477,0.20118130352518765,1.0932193977904374,1.694852010709696,1.3197718934472389,4.386361177847595,1.254578728754353,7.0907047428752215,0.21043489154038264,0.7486585474113292,0.351142110338277,0.5308423939622191,1.0042701877637454,10.534702855985604,2.5198878890452594,1.7922193590148336,0.5084996910020343,0.3252087748287138,0.3815111944316394,0.4139861032505845,7.9150840315547315,1.3785802619082723,0.29714396063079906,12.467497771098559,1.1952222263925876,3.659405458202026,0.92099684504625,0.03648163325343212,2.604527038503134,0.16533265505857253,1.6293113379492588,1.8279381641487464,2.8703522596764843,0.10021281355853873,0.41490935614912994,0.13721510152346883,4.29796236526087,0.17548812201689512,0.42759067195730704,1.510276467149469,2.825733208931709,0.2523912320841468,0.23004657977403276,0.46378885462310226,2.8537499248138865,5.621308018199928,0.10940189310429282,0.46920247884985766,1.8488626885955686,0.8698218730076274,0.7231310869610903,0.20914590717452908,0.023834067001232473,1.7286134904214316,0.2259803392537718,0.48406504747325596,4.403116993464884,0.7054838299119801,0.31655801386659155,1.1433087595262261,0.8168679206713891,0.014695333171588554,14.163699053109449,1.1828591714528702,0.4037925965501119,3.401349847862183,0.34483456533791945,0.04035207449429601,2.1690107762249577,3.155200923634837,2.6576820414961166,0.39532186248226053,1.8170593642850414,1.7254391874994401,1.207601904742905,0.4685496917059173,2.7907592102405028,0.9295711983557542,0.24210702617856228,0.19814305327503323,0.7186699844284555,1.8553344023736713,3.0053611452155,0.18390904572933753,0.5713971074743402,0.5317627158260514,0.14334342375352271,0.6424672984700841,5.017252627673689,0.46086737995826876,0.9354651103337144,1.1517298378851568,2.4081164157598964,0.28262774280521574,2.4018328950359895,1.9973398116018173,0.24371892150239272,2.21568354637101,0.011320772371568477,0.1961631071551162,1.9433100775447598,2.5333104456480937,3.600780443021799,1.7432408253173888,1.1114247049047008,0.9514557207969305,0.7782510310813109,1.880551816873046,0.9040653861882775,0.2869581851647114,2.4126198326602077,1.1388431712344844,1.8788957253418046,0.1024719638472954,1.8919634491940833,0.6255644787888386,0.031051271756418863,0.2625582789341234,0.16228989401979899,0.4317067825044245,0.42544363478239733,0.76515968584641,0.9639072373867406,0.9431491408509343,0.2952034075495358,7.698918456325572,0.7931237505246569,0.7008209701052297,1.3472660106561385,3.7234422730142827,0.10113563037769957,1.6439230580468427,5.706142112223635,0.01976146004810153,0.9685237088816447,0.345846740037574,1.5078698394111332,0.24048561312251993,0.14152329491167515,1.9729501441536432,0.30924767864272784,0.014633592428859754,3.1305920416036477,5.140679127200675,4.496880174560001,1.5352565205929416,0.4070508405448734,0.13181184883879493,0.547689781205488,9.125421576636937,1.887779487088272,1.6919394446526055,2.661750089444136,1.9304793424308877,0.07350582985459586,4.318468273794041,0.34838983205482627,0.13665127486216921,2.375220323404883,0.39187665562832397,5.762385075325679,0.14640457952142416,0.23049983479585734,6.200683106774655,1.2697990026644104,0.12402025412047213,0.06024208956586552,1.4576462649814421,6.9840923520238105,0.7496478512288274,0.6494348251826477,0.3015857888048523,1.46354089400229,1.1238704262485166,4.837982255756396,0.20901880095293834,0.8944326886252869,1.1637968123376488,0.4529871163774105,3.2218236244192826,3.385594748966358,0.006254403555907118,0.09087119820514289,0.3031864655886527,0.5208639021282515,2.2660300589331808,1.0144600424407593,3.4431722789247834,0.05156500905464445,1.335474870011758,2.839085512691385,0.7296178975715177,3.3524475159375537,0.020612976779961878,0.1537017653693793,0.280668367622402,0.5342538087561453,0.16191994981169033,0.9699376894165777,0.6229160677176211,1.6770255082383807,0.5839680725128846,0.5364612904086958,1.3350602535971043,8.804947856272822,0.9801178530876276,0.6228516455726522,1.064173719104367,0.7341617628348193,0.40701734570004744,1.6980229983133568,0.6918059492543541,0.05332018592456067,0.6699672785447124,0.407776554970829,0.24454232731534942,0.4776333549403029,2.6823409877750635,1.9067356494631529,0.36812151024419415,0.4736871523302548,0.05515150641349148,5.70061589271122,0.15221836293663316,0.8428780353899028,1.5242559272728207,1.1338422785830218,0.3898280994621439,3.8021736824215617,0.26302665820137994,0.5645112558549092,1.5066038657388885,0.16283239633556357,0.3361896361065071,0.35792422895990583,1.2761939353479117,0.8286095274377965,0.6976120375189119,10.50530866900972,3.042804187079593,5.412425950086416,0.2542900569345672,0.910586911822221,0.1166254844705511,0.2114539160213531,1.506294372134757,1.4119665152950995,3.09429552495366,0.11692594017027291,0.05277766641898879,1.0204796845656352,1.2917295487328588,0.5031242882160571,8.445677593048467,0.9515329753053656,2.5213469142607963,4.054937101655228,0.7449776489545155,0.3333328320495923,1.355797824856776,0.36411953207780656,9.313607961740804,0.7660063413273805,6.04835993573387,3.472075368250599,0.0839331431419702,3.108788656287879,0.29930218734040936,8.752683394285004,0.19714459156361208,4.939861480988888,6.9589622985932325,0.8460714764463613,0.5028862163660617,0.5657864174831344,2.224524353133782,0.3490063450115666,0.42225086268555145,0.6645718959588391,4.121113045827025,10.75058781910094,0.09174555320535749,0.7144292720670103,0.6133562611759862,0.5226273158565657,0.23136829332183528,0.27565385589226654,4.001579987985973,0.08505294213683268,0.3392825249639597,0.33938932498884045,3.777157765838626,3.2967745351297832,0.242723322440888,4.247641693414937,1.4006959190205641,0.9762213164980336,0.497570866529655,2.5496994842286496,0.13065477854034613,1.9219638569854625,5.527577900856231,0.2162983858102021,0.7602126203624839,0.21525893263352724,2.8667919172293437,5.0392402041542095,0.6722251093799674,3.310897936383585,6.520205409157439,6.709972309245344,0.41073683764618574,3.7138758155478993,0.112562898897617,0.09725231378183596,0.1870577997365248,2.144866550893216,0.553137458519291,0.6021745951093831,0.763950583134358,0.8277483650642428,1.9302317989453108,6.442012775086459,0.9283266312097798,0.29999045621967824,1.7465083182303474,0.32309635085786814,0.16614696323014244,0.5430247141681384,0.06082730842612449,1.3641944460068025,2.4101192150875828,0.6434514085738283,2.50572381104271,5.344017021233565,0.16890620751639251,0.37328433603732347,0.38039042463060513,0.37581894644519065,3.8243824359331002,0.5657283633773867,2.044959562685073,0.4186661695385494,2.348382920168644,0.4915360665802675,1.577788379781822,0.12901161182484322,0.886964431614077,1.4278477900096083,4.903336906414028,2.2366774632577027,1.1703273002756833,0.17928645204318805,5.142360356104813,0.20780172172269218,0.8589219710861062,0.2252816256057475,4.233301449548303,2.3715031201700283,4.426515515242823,0.5875243324534989,0.197280013784217,2.073586728458659,2.162621276482146,0.03692002999471722,1.0149480865936533,1.7960046643077674,0.23423551959320815,3.633845511497627,0.18893608222317626,1.1504130098007,0.2392515845026959,2.295104212624231,7.502496190992181,0.23169359746041274,0.0444381766593982,0.8441854061624633,0.9925181326061701,2.1244672177272377,0.335898966435872,0.10890896361565883,0.6571463101848196,5.582987208510332,2.249668274869713,3.344631457154297,0.1177616915379387,0.7566997924688218,2.1394209309078036,3.852584809291939,1.254605795564375,0.30290605880676424,0.5211774735851966,0.6136737014469555,0.16779134536454166,1.728931661017028,1.6250076080844957,1.9055296378017594,0.9448282559944099,1.0908284371219874,3.9864428482497303,3.0595347026508644,3.923936548232639,0.16325866961568902,0.002043776829824928,2.6804158825583224,0.15345872842592279,0.670180724485663,0.031056206490252425,1.5417801741696542,0.04867296376112251,2.8798629109801768,0.27577692337258286,0.48054224826278036,1.6354119346885474,0.21219362734996805,1.6345138427015258,0.017887278813120577,0.7752626796079712,0.5475650771330548,3.4313124914171187,0.14563189003856492,2.522766385738382,5.158639990422961,0.5339458643914439,0.1442296717427407,5.337718231034877,0.3240652267892612,0.46962156783136577,0.012982830372061827,0.19967808101256823,0.6229647702223091,0.4916318931379472,0.3674383167960542,0.888023809108185,0.04754768223066996,8.051898420602859,4.7335967533977215,0.40478610368462187,1.4957232489939183,0.2908615994037502,1.2364036995399452,4.552939832453607,0.19364308616936543,0.08944564040941927,0.6827932322181276,0.9474579224754134,0.41799144488549356,2.374122216592919,1.002364361839404,0.7346876137242153,0.7715785095910017,1.489735146836737,0.32403112393807665,0.4367164403353111,0.11835393711973374,0.2581274254497976,0.2839387247330366,1.0245421390241827,0.36036788720437074,0.6601576527573922,1.694941245044252,3.36522948213872,4.777248462930361,0.10312905011318474,0.29886949157567244,0.25908195862439887,9.821869079588476,0.025812640728439584,0.27934104150041916,0.8226560426585197,0.4369342690358282,0.07934249315433117,0.3170556009623655,1.9152153526757074,1.388605732098286,2.0356848840404025,0.8826002047042478,2.808322199815728,1.0272278050144257,0.19364531475703584,18.337312357266512,4.7973110872535205,0.2336401697809909,2.636865317379541,0.9178703983435155,1.2651589681249873,1.014628621372685,0.9762039741867219,1.0930171836201752,0.012293551714724238,0.03615888861864258,4.606061040762014,1.2370320723651147,0.03600997510442672,1.45618304244846,0.5575806031800259,0.0247009503022122,8.238634001160813,0.04069358249139299,2.2909844821588,1.9944252145414707,0.244087973840738,1.909454058709127,0.08706876090445004,0.41832701590925225,0.08004743763145727,0.9458470375955881,1.8119930389477732,0.43050981782111375,0.349926164445719,0.9655730181372331,0.24774680196122012,2.682171771034954,1.4711235286397142,0.3490904436528608,2.9155222193419887,0.301799665595611,0.886644605297132,0.9317631766489067,0.21581930774186375,0.07861825241828391,0.5789453164236615,1.110064591086886,0.10852630830059407,2.786797738225866,3.4164337196514176,0.8283272863981614,0.38165672598107925,4.319085409385233,3.2626811262856132,0.3581856389574366,0.21144578350036758,4.176926246140419,0.15128130039201726,1.415040198742594,0.09290258597577816,0.9193607119501643,0.6337421086798436,5.354504052847683,0.37547628559156987,2.469479157329358,0.4597374111634389,0.5586398718325143,0.3191056038095552,2.082892737642238,5.76659441067018,0.396361356208214,0.3574719131327393,1.7501861556869134,2.988995534456977,9.330496574672251,0.03654932240595832,7.3176561268867335,0.7154402113964546,0.1874048823776151,3.7166132893240706,0.1426310719054255,4.888135667262977,0.0031768745010438693,0.3103812435086862,1.2061861321092646,5.748302451965465,0.855405868237888,0.6242888824448373,0.4748279223383369,0.9021051406192501,0.25391390117606183,1.3193776222835396,1.784303856168249,1.9053736522081788,0.25935857319193456,3.3453343426181794,0.28608789275810587,1.2191822295402805,5.334237400468259,0.04327375818380064,1.2197405864780655,1.6761762324484923,0.043901827181423214,2.454927274223677,1.9370913939917327,0.23940143927242796,0.1614810836793641,1.1433762135693137,0.06071826889798615,2.6506894630689266,0.04054927490930871,4.920012994677109,2.8607745193358642,1.1083558792007324,1.4632519623763898,8.102296353171038,3.030103065143418,0.27766931144405654,0.10552024288470463,1.487923827053388,0.9241163696864603,4.587095964156877,0.7960422328067318,1.1105689811855726,0.4852567771651626,3.998107354188261,0.7166302818637424,0.5219568746991405,0.3107368505036492,4.7634657837853585,1.968907370578668,0.01638154528440472,0.060788608139513034,0.08828909455199074,0.53040730295649,0.8810837501712349,0.2899148725808429,0.5641788275099813,0.12896307586811706,0.8163168019221838,0.09280924601437035,0.40887618343675114,1.1997415264168199,0.08839143254354753,0.021395473841108625,0.163746482025795,4.325188863357892,3.3023600925468797,0.6764421093137716,1.0824351193704658,0.9142714229569102,0.7972346486893498,1.8196552877780223,2.8614278508219027,0.9185074499625849,0.7721389902733629,0.39410333125743424,0.13264094534474302,0.980369765388154,4.092667803178537,3.5116759207509,0.11287096433321364,3.933675379289816,5.107963969433181,1.6286857457656039,3.4251687902499577,2.3254363108055975,0.1594925631420233,5.079483340480464,0.4028491680367048,3.2149228888845673,0.1913213254050663,1.2055883890412078,0.9314263932731878,0.07726346869912115,0.19700372062083682,3.1824934480441285,3.5761458178020344,2.019498408910719,0.574508743344752,1.4978124417162224,0.3181919932532262,0.21265961166347758,0.10297864014403868,0.7910725117168786,6.695995757168342,1.779639904007956,0.11701941679578665,0.2835799131365977,0.8634598682021464,0.18003813878596664,0.3980315930130205,4.099636599636273,0.9997461248307635,0.0878224558586842,0.976204542145283,1.6723081024662978,1.5821786393994905,0.12359154098273872,3.379544627463005,3.6087998554110343,0.4157755031963506,1.7391469473377743,3.33562046295381,0.8165357232568506,1.0648479736234422,0.2894886258521536,2.4259973393252205,0.6685631320982237,0.8528791080925759,2.9730795066836317,0.6895573245207585,3.7673461462482987,0.2454579049828305,1.096558550433202,0.20931190671508215,1.5767504640350576,0.9281015775725805,2.185883501257599,1.152164924049425,0.8400434759474894,0.01175974588834916,2.4935712991913004,0.5878529586683814,11.778540067795005,0.8851904453356525,1.9790176225677785,0.27375606861175816,0.03454667647463461,1.335890486197218,3.693952554064296,0.0638710724865259,0.3485634982981767,0.4339823415647581,0.0175585246036003,5.034145978492173,1.155036120316425,1.5173955663240557,0.064300142274484,0.23769934527334846,1.1198583316041422,2.1522243168905666,0.4295896089491541,0.025483434097173685,0.11528155937574192,0.5630944665699356,1.1612100176663733,2.2112487411263,2.232135043203378,0.22495059093656522,0.22474671857317396,0.7613777539077375,1.29072542324705,1.0763459064478829,0.5092900652301438,0.15811175914751274,0.14901645971595423,4.526813504896541,0.5568025838029931,3.3914507214471543,4.279712445684279,0.12974679095768138,5.55967367522242,0.044036802586056745,0.15489805413859437,0.15785822093699742,0.20676201355765933,1.1025154462804447,1.4662410955256195,0.5337465953988767,0.021110906982939937,1.2205760633201335,2.3509346544682903,0.21715248208365062,4.238346448005757,0.20158812003152926,4.15473683918295,3.6911939368131055,3.0740414265899854,0.41777088817286945,1.5451374453639497,0.6843217282680958,2.529885710555258,5.160055331789289,1.411672403174081,4.025438281532441,5.7466556560800965,3.076031399506299,0.3759532857473432,7.774005248461143,0.19800275826392744,0.12362181562629848,4.2076893167269525,0.6089236972010128,2.8184354923020845,1.6019083273898858,0.3110007547874457,1.1806418174267048,0.9896086690893884,3.0918367663826505,2.485639822276077,0.20301458676716533,2.876443530538303,1.9467252106576236,1.819903976347279,0.11286234535766249,0.0476368199811108,0.5332339704155786,1.124035670614811,0.12983104745532303,0.9644505667150653,1.6541749929889924,0.23744501240417615,0.742777327316098,0.699389412498873,9.147799212538363,2.158000315972941,0.8748074638638828,0.29508873670153113,1.6588986579296339,0.49543372643160644,0.46060646261081883,0.6144027993686011,4.787374764295908,8.74034475888814,4.386420882488188,2.373603363530281,1.343137960436572,1.9056905668236057,1.5596738971738988,1.3724108507890702,0.9459869296051617,0.37594715936481116,4.8423874600032795,1.4263230125981428,1.1345432706464265,2.840621160844716,3.8666107424956753,0.44714424069596403,0.009843396023287987,0.10390809226442987,0.4036691499930569,2.1942912698337347,0.3967894375171901,1.661019491149967,0.33391068068395313,0.3468030279488874,8.400933912311821,0.6858001387274191,0.27167247853237986,0.24051716996960826,0.43004447111316546,2.9069185672724727,0.06989585454049596,0.982778800167112,0.7320108991470282,1.9938190558471902,1.5948665319349247,0.3748700346624992,0.5620960517271083,0.709950816080787,2.8022394207355523,2.143388125663547,0.9276770879856933,0.08214123133356876,0.012349233207869625,0.00029045968079666196,0.1311138350964347,0.19204737088809143,0.33051969791278557,0.19563474629867894,0.10053263929724787,1.5073850400356008,0.6756739681258801,4.687971756644746,1.4897212829689128,2.7208694668844355,1.2749587953096202,0.04064491648056556,1.1516685615444495,0.8728264611225653,2.858459423377284,6.897970658450415,1.0408420243464112,1.9408200412402405,0.11717175037172023,5.174123361582362,0.8881905140039015,0.40604735429923355,1.2894362387331717,4.819359209541613,0.06810819904340604,0.46601124263694427,0.20997381534455428,0.02814716449032728,0.8344696263312383,3.5174029018900663,5.5727800326442924,0.0027124716544051353,1.5227122886241045,0.3773733820861336,4.706416954297985,0.8231951473818746,8.985078854977116,2.2269846407191847,0.4581098851503942,0.0181442084692911,6.326900704868216,0.3020816361744161,0.37392816647998295,2.7836308876049527,0.1156401950243211,1.6234807653522,0.5109715010634153,7.954461185227083,0.6530049096768553,0.3578955375185444,0.556994135885789,1.1597637734621937,0.31362713437047,0.7401725973776507,0.9226309754622413,0.7698471165159066,0.06297226118611454,0.23346617319814345,0.060687295615031944,0.16219254339252664,6.1604690451548185,0.3102479293541631,0.01815512975002953,1.7264365315885795,2.4199467029318518,4.983657071179291,1.2325658229781924,0.9385197035213562,0.5356447568872458,2.5804381714486357,0.05165778341903149,3.9960824653273335,0.5637593670370653,2.976431765867997,1.1703274759271185,1.946682517075042,0.08448539062473559,0.9705767571290274,0.22014639984883755,1.7810811699712334,1.312276631001396,2.926587733982927,1.251615270841408,3.955241891679401,0.15297887720115533,2.2298555142593965,3.7233556623389488,0.482333650084247,0.30731516863736896,0.045569965948477176,0.12513504923054614,4.133014653534977,0.4401188180934361,7.519687268152208,2.636054239077213,0.009694267477274643,1.287191704351435,0.11341171420093588,0.6147709057401185,1.6917313482939784,0.2539533423334639,1.3741135110661398,0.130013792228453,0.12479409808149322,0.1719022531973442,0.8695693452178661,0.2832663130297626,0.618546288002104,0.34253759568370845,0.12365096417285293,5.279039333559854,0.5863542972918383,7.545691880252569,1.344084045197841,0.8043105430091755,0.9468242748204991,0.24503419433467366,0.8392361612438761,0.11887045392442075,2.133198135594035,4.528893093306351,0.7329348370667281,0.18676233423734967,5.337845319749578,0.5860741482949114,0.7920387009954517,2.036568605779351,0.9501052236161739,1.0048217497864378,2.07109272246143,0.9376063451425076,0.17677106473347903,1.6151760729485254,1.768685633322972,0.5118878091508992,4.760631336647214,1.136938298286566,8.061736633698148,0.09553751312218228,4.43838187254114,0.9448502065831159,0.11368543257948027,0.9143004961008675,0.8572073756407428,1.8352543723306125,1.0241036607571101,0.11630471279383325,2.1164286075684107,0.6530402314812136,0.3379739596366603,0.6104506010530569,0.06486961813237435,1.6607569804986912,0.2607200504374598,2.5277459700027274,3.715318601992768,0.7334374516078959,0.09801249805563195,0.10653075221994479,0.1859714551337257,0.12291121278712636,0.3204765576298866,3.2772782247495,2.667532124323656,1.2460439208939897,0.7367940860330324,0.7675348178709527,0.20488900105319496,0.6761542521858864,9.228704981872195,4.371928518122803,0.09438044297529258,0.7700295872370486,6.798298754371222,0.5002580284180169,2.7088108834765072,2.7832468057290174,0.11648381502325877,2.2605002685466498,8.06736347182139,0.2982172244255423,0.18980329590431144,0.6047267194180952,2.830361356001495,0.2923436659061336,2.3354078977761015,0.11638932927157741,0.002051097071717134,0.795005486740151,2.3191168341936823,1.4680314968504005,0.2790994762635033,4.585228153974688,1.292457004639441,1.102774880636763,1.5918489322475138,3.0852084858146442,0.2953536937613015,0.07311484662524492,0.8671527118810931,6.01458201140588,0.8265383922061904,5.09371646212618,0.30407282206169217,3.2267255462721782,0.24082913891303614,0.01738549318007765,4.0779365563658025,0.25981526404633115,0.7444979971444261,1.4906323422162775,0.42600398544039075,0.03503030775151439,0.29731650489675054,9.632489649323793,0.06415090606257601,6.877977923227443,0.042063674945995944,3.7328826263235992,0.35797062282240466,0.5113978771226728,1.1951338442664823,1.4678762511712593,1.2816881456994367,1.5810227901487104,1.0013851092712938,0.5946750267691125,5.275581148895434,3.478128921308101,0.168621697658618,0.23471610154092115,1.7400012406415275,4.480012576003017,5.512281810827599,1.3246361497712902,0.04619314792831841,0.2342387164294759,3.334761101869624,0.34559689848298003,1.457079883690331,1.3761780091742806,1.9015436831015253,1.0647243672564632,10.824459421855448,0.29281975731998555,1.7558177073363157,0.3217082250278902,0.500616041560717,0.20422293727050278,0.09721121235890573,2.9273315402316804,0.4898611420657304,5.742984918608476,5.2298061160978735,1.6775525884962885,5.43581862206954,0.44385256773971893,0.221001255962344,1.5697420515158966,5.327431718934516,0.29568824917295444,1.1660917298541673,0.10257537266095174,4.2358376743056025,0.1158042650102844,1.3675142591205027,2.310516984625285,2.1978712090475874,0.05856743989444657,0.5818529365487912,3.001911750849384,11.577494361417308,0.28075299213579097,4.280577143128053,0.4066530806338591,0.792513510457479,0.4866034593324873,2.658425539407488,1.071673217875513,2.4662615577183353,0.2648101721204157,2.5018883184715164,0.039847392748671995,4.523227562058203,1.4918176024729481,3.223162512407275,5.401912978443776,3.601660117361793,1.2974610732109042,12.041003468081154,0.060314713773959916,3.774591837797002,3.444794357901828,0.17961443968952717,0.09646995647791368,0.003936243264694217,0.6904505492146589,1.7209830229280103,0.9861272607622675,2.201683796453544,5.4939012143579,2.279992543053732,1.342440050049917,3.1275361505313777,1.268568770046852,0.14276198762966152,0.35072315462856807,2.8457427169098537,0.9336810977877006,0.3530679040202811,0.24061353962928855,10.42698186630604,0.4885867078774684,0.4125333606748054,0.31418718862850836,0.13309791932342607,2.9836608681722243,1.9008098996121485,0.44527556316099925,4.972964924689681,1.035753837617107,1.9792164646015484,3.0991903688933435,0.3398791413318971,2.828554419129355,0.8130474098193012,0.5377698071125667,0.18141891394904774,4.241976717328324,7.25161454782328,0.03148946981071088,0.2794752469169799,1.9203968855747233,0.16026368970183125,1.1247418173265635,3.785076092556423,0.22480152415494026,1.3372755751796206,0.37274473030697575,1.6210559859016098,0.8374519399065212,4.118958074204896,1.027165370011609,0.7420698446406327,3.7756994074671884,1.0980873328070684,0.48510537618939464,0.2581320106869671,0.13018145371314427,2.8257129423529292,1.6535838602396162,1.3316991002428233,3.8565184923873663,6.513977255077759,1.3974724886677592,4.921990965593784,2.3109125398285872,1.4527747310482884,1.676095852176418,0.07129708733504159,1.2388808333993666,1.8382425318478801,1.8514621020681465,4.24911687428011,10.138736459127916,2.4102180936761073,0.6364150527177477,2.510111423935141,0.10297192600255656,5.622415916104946,0.1069984327975182,0.5442242186630815,2.7074277616586784,0.6788536307461985,3.2492503168495626,1.0094701386551006,2.978244491421264,0.4012555758203118,3.2752954949305604,0.5877555981410258,0.40061882596950726,8.654689875139931,1.2533136870966755,0.20336904754781138,8.552722596858377,1.7280883467085264,3.5299769826555485,1.497177383693871,3.2887036063600887,7.509597177032674,0.7065005575467679,0.08736735666803774,0.44610853809774076,0.13630633276941584,0.2946555988830819,2.524848542820899,0.2659061577728483,1.5975005781684257,0.5889167295412392,1.437346203584523,2.343595662515882,2.267299619795418,3.1291987687989105,5.033106930350233,5.641834059555472,3.4995637461212716,0.5256906426834442,0.03814214970454288,0.009454575013019717,0.32666397656828017,3.435035451672918,3.1438198254567067,1.1258647670002189,0.21050005852238396,0.990540528947101,5.002734633051624,0.7629237631059747,2.403585805168458,0.17761990816166207,2.9291743159922676,2.1323946854797624,0.3929563406252796,0.4426843693840372,0.7886282571780638,0.3080513521090782,0.40874135453260774,1.8545881244928346,5.425650843908839,1.7052210337387903,0.555187165029998,1.5636195983338963,0.20820803318813086,0.30847651686112965,2.6005355614974253,0.08660100186650455,0.5580995524276422,12.697250433893224,1.7934571768711265,0.5943942921948558,2.2828587678786043,2.177152557989571,0.12387846975617278,0.01957598705354613,0.05838996913861971,0.05372512160730514,0.4130851163217163,0.6569444377703806,1.1694321414523319,3.4554400610671028,0.6317862947676507,0.2739436076494841,4.478644697691463,0.02047466905787887,2.3252066904983097,0.4867811948318057,0.6453493337627947,1.9709825905187603,5.870036007728908,4.190432429498256,0.12281974324081002,2.287368893051423,4.058060114232086,1.7957026057730419,4.53847375338695,0.5308237751536384,0.7828251432069531,0.3077563405539747,0.037319147333912284,1.6727009894323421,0.14696879971505705,0.6311874345595063,0.15965034910827214,2.402942651983217,1.5753671727221654,5.427005529086113,6.1089380938385744,0.12333137869315247,0.7738653217527898,0.21963548372603947,0.08004585211684923,0.0946857793794223,1.1316022883187662,1.476800228782505,1.2759243750561295,2.1753882481342384,0.45768944506424414,0.5359531317361053,1.0105855244502937,0.7855088541422903,3.89762362500783,4.2147963599013245,0.519681821837862,3.6845309275947944,0.21467856553031095,2.9492657116570298,0.7524458889401441,3.103308221318874,0.5777199201832159,0.5445289172594979,0.2679543812314613,0.10793659492747221,0.6663753091552179,0.5889527142130587,0.23049466568526444,3.161460125620767,0.08870753007829801,0.6838454913236056,0.4014885117849305,6.852703975463974,3.8711755329459443,3.1572359402808687,7.350425507942692,0.9789686015155579,0.1710130399428067,1.4220510601889838,0.5013675999852631,1.0453356905669828,0.07042411518746539,3.3806380647215537,0.6009304661039763,0.46786937162602227,1.0178427038579365,4.777314739069963,10.389939740030835,1.6151818261611206,0.5318167929934652,0.473185426801352,0.4228048841617429,0.4592876961745356,0.4993498788620623,2.813448454923053,4.853645006207441,0.1257750438730838,4.258507098182325,0.19645920750339352,0.08981189330649286,0.11526094434287915,1.8287555868229217,0.6965798005608188,1.6831163338033295,1.691760858244446,0.4897599311804397,1.0918875886892812,0.05026338164023736,9.246363148712517,1.34418079765888,0.1549016853904268,0.26337342735603997,1.127572770504866,0.7932849850336874,0.4306254424752317,1.7328172838949412,6.387287808173386,0.013438243299253472,1.604713796062415,0.6311942955073033,0.14819751533930625,0.7065192599842418,1.567400150263956,0.00927499088749717,0.2754911749720086,1.1258038785622007,3.0209108742129676,0.36098678262376205,5.458291224541227,7.2033147214373185,0.29694852687923223,5.11136158329896,1.2515287769725854,2.26621134055173,0.18909533536858414,5.417513378552883,1.5143902645274567,3.4917152153506974,0.021025593013610067,0.29435041959958763,0.2599580239107131,0.5576957450740974,0.4031828522615657,0.7982268730898614,0.16146500479620252,1.3182692920126626,3.087021326195673,3.988564175315661,1.4728886206109006,2.242383761471869,4.119569461725885,0.20617252117956752,0.37937669517286654,5.530207671936884,0.37340484644096794,0.5386384358862824,1.4458090043013296,0.2513714313830633,1.244850375680731,0.42668839297558936,6.025625698108837,0.17860965418650443,2.8190598517545786,4.06599288282934,3.0533590426707145,0.6839548804471435,3.299953694573686,3.147283631243126,0.23146143895071747,2.0127126630196353,1.8618333821267559,0.061636988842640905,0.2659194351063543,0.25704281431632314,5.614938871779922,0.17869639461372344,0.723748269197575,4.506879254681363,2.625683584423924,0.20441925729564714,0.6790346829912455,0.1288432734452032,7.295056520667572,1.0283244983225908,0.2776769705001376,0.29342666496939085,3.422326153007576,2.609166203235808,0.23317192749219262,1.011968892535803,0.024545613233095565,0.6427520973156169,0.03448159953568153,2.0414538860054674,2.186662958212061,0.6336296038869764,0.370603597736651,0.8154039374033335,2.5869829446502806,0.1375196330623909,0.5796853542839394,0.8340407011225417,5.423208629703403,0.042519932107749625,0.6046729096536672,4.532467030290158,0.025613613096099552,3.2504376649738624,3.785147455003327,4.732295021046846,1.5786019254601378,0.7049881968081659,0.4792722505919427,3.0452182186041807,0.4415795963760186,0.04895687601648491,0.14129255789735634,0.43731250486355044,0.0033469233932699183,6.289408074772396,0.807659843477615,0.02744815113977417,0.22755181251257306,0.045386120913784245,0.04220312283872585,2.662323761006111,2.8010372514691673,4.200842326475072,0.1352336992716643,0.8975877361764213,1.4960154341605778,1.5756270666067698,8.863113745794752,3.668156445248213,2.7393481779608604,4.022581914903517,0.3831520110991411,2.0668982651944616,0.030238638644109805,0.9053472107829486,0.37054350500663524,0.47243164624844236,0.016764056103333203,2.2103546084452588,0.04276545974453527,0.4156536788967813,0.128332904421828,0.9218472351743308,3.3120169974712006,1.53178969605485,1.2697497966300602,0.7302225923069638,2.610369159662294,0.23888948750914873,3.748093991532474,0.8783470479832955,0.017638164447952853,1.6117019624379563,0.7194425180052271,1.474349957742208,5.753624763950114,0.8242469785243056,0.6639486434858242,0.01716168658849071,0.4074446570900116,0.21416057525978083,2.8981481976823584,4.428893494795456,0.06515132091817533,0.1392003906500161,0.7802383052485784,1.601835436482818,0.6507221086011152,0.018368006456273234,2.26220576695587,2.2691338488662844,3.320419316733405,0.36401598101997723,0.4791480441123537,0.17163499881360234,2.422392864573207,0.9358425927151828,0.005033251794584803,0.28722355856951975,1.8249568085382895,0.47302661570597326,0.5996307233562099,0.2090375189002711,7.566090722654498,0.23257327937358774,0.20630395940831858,0.9544632744052715,0.35473523960095343,0.14907765930268724,0.34240847199712676,6.063730432661233,0.3989454619116417,0.6174284932658343,0.598221862855874,0.5016178518123662,2.529648224611891,0.41640692774880905,0.6404392406950308,0.37925756778818887,0.27924334432432296,4.209158749810152,2.0746264767745406,4.541677459654793,3.416271538924556,3.658685868831828,3.8201329472482595,0.0035319771319253235,1.8772915968732562,1.750994439993984,9.039872967643126,2.9422226097959747,0.04221397448449604,1.3495507488013707,0.3832096349398917,2.8638256944914278,0.8366940773602117,0.03609361874968631,2.3615009251883317,1.1243864013649623,2.138678601031046,0.039439978407798115,2.1376778760065864,0.8895649881935275,0.7043415636668375,2.3730015053273696,2.5597389605576737,0.0357144357073651,0.1324978256948408,0.7296821375564773,3.44536523661606,0.9007497846209029,0.39040411903162187,0.13126254646630386,0.18295266475400007,0.6825306927421062,0.03239805217756897,0.21641326263395477,0.615169550851296,0.06389156970450083,4.227933621100861,1.5732136604319926,6.647046462372385,2.0713152591156065,0.2300143561244994,0.9163503754771849,0.3909727796556628,0.45759098830785216,0.5671985804362409,0.4673495391638287,1.4413234325594195,6.910128454185751,1.7235746864812735,2.5602529774315124,0.02980683441621168,0.07695851514058738,8.393326374699969,0.5968409337509826,1.2413170991456508,1.7832283396088058,2.042484781836482,1.6371647802484905,0.277694072714875,0.3087399417449357,3.155575139465131,0.6927852244098522,1.4333443283831988,0.336189819010424,2.868988949430514,0.6600321277578542,4.88827150258381,2.3547875838554595,1.9291898786983985,0.6898825147632177,0.10707080095350141,1.0649267066349708,3.4215458791580886,9.00912743797464,0.054262733945075414,0.25054787369515163,0.19775702941962292,0.2637405807024469,2.5183232225178616,3.7018424025424617,0.0176691968190561,8.038491867100646,0.07296144270478278,2.876726542926803,1.0057530980461067,0.8473052506033163,2.019230507424946,3.0987528515897034,0.7672433504844944,0.19906518994870193,0.30944479075978926,0.21202227132019402,4.124648592332527,2.910629671215381,0.9213452558758357,3.4124200228067894,0.6247306928681604,2.025528797694786,1.0562795468749084,1.4020826137688447,0.028382361185138594,0.12212954501758733,0.7569027600513234,5.913315253811801,3.235521004009679,1.0318848464798123,0.013339516836689214,0.2874431562199611,0.05101050212296632,0.022193036042849834,2.6925686382423653,0.576593293862534,0.6321708098612326,2.3437264978592247,2.0983113567673612,0.670824359129333,1.051098103060303,4.2007860679963756,0.3547034669030098,0.7287973106131957,0.4779589499091558,0.2657335567181299,1.7285135733044448,0.43774111929256243,0.7741734417998476,0.41164429933968627,0.011094084771730905,0.21493794308092684,0.7809489934097974,1.1479782710149045,0.9489764558497873,0.02853129124421061,2.118214790764509,0.18300432956221702,6.91285603353181,2.94522428921072,1.2198050418464614,4.829473995661289,0.45481308273046994,0.14641042965639395,4.753491644631344,2.1237401870931167,0.01599868890441769,0.49010333563754727,5.337777644504211,1.5043906036926293,2.8365487840505583,0.8728292849376103,0.027990877533892622,0.27306453711617507,0.6495845225680215,0.13670629324398442,9.726403553918537,3.228242971948511,4.600114704998235,0.1854091708210528,0.0744328889955237,0.2943545736271109,0.4893192985774677,2.2750611539997267,0.6798429080725487,0.1631874140118258,0.16961064922199331,0.7283723830459918,1.6878903123920497,1.451160813226618,3.6394137641741793,0.09883904736993143,0.08863680301383425,0.009569461945531543,0.027755328955238134,5.2466555311069545,3.584522077976366,2.559872361882002,2.6502089439376957,7.141575344819908,0.725560867367607,5.424695803617886,2.2905163870396565,1.0024700157749438,2.497099861270736,0.7995083438374531,3.1040222811651104,5.808498493870902,0.6971011935727195,0.36567869567178857,2.5757031715993257,1.4613352299343365,2.9900413848642113,7.438514907569552,2.4120761018269383,0.36306652420256924,1.7976433281916104,0.022840067213856896,3.488752629339345,0.05377746088208146,3.727635707661257,11.806583658043607,1.6676192294212577,0.30770035468927937,4.481430788896976,0.47602293606532653,0.5786618539818438,1.985275975148101,0.5829114442366969,2.153547748853292,0.2776852084905639,0.11945738969654052,2.1453739642715552,0.05298064283045256,0.7619337949688534,0.35653189639321603,0.8313417988773627,1.7079690391721287,0.20078419900691924,0.7645369165974263,4.902468451028971,0.12237542114862432,2.472145884582088,0.5848591635690084,3.8398434236737726,1.0713782031345964,4.6265046366262474,0.008374764049780214,0.29899835698269905,0.5261775070832171,7.525370186348253,0.09696536021254243,0.6395566295615094,0.7026356418614769,0.05597760658046547,3.7766252377401957,0.20379356015285488,0.6009774256043372,0.388731118361054,0.8815502714111316,0.5950772149734118,1.2524866495271416,0.019417720703941654,0.4943971443146309,0.8658687558705849,0.485429344240065,0.2251530148476859,0.8244896715773331,1.285405645871839,0.6096143011769315,2.652338835769936,1.1869033213466575,0.3663398180530104,0.4621299505842922,1.0496786541022538,0.6120925445372674,4.430507811070948,0.6946835757301302,1.080775721681941,1.8115352248071126,1.308397660268263,0.4042992128123134,0.39395645481322505,3.1982451900872,0.7875097735193575,0.16288111595750948,0.006430732668789574,0.31581117373495315,0.07823033174699534,11.166658026949126,2.7141499684746853,0.23112634688984868,0.1402853183153881,0.08609849926938029,8.452233473252834,4.378760333703739,3.9921190765554035,0.7948212075790995,2.4280950423814236,3.2476720590539756,0.38125299637730814,8.37095096271219,0.4254117968051956,1.3258609741143226,0.7599059899332606,0.11615666599782637,2.099621197304108,3.3200701773414147,4.191427072049667,4.694894268790534,0.02245923144158324,3.4722122804623545,6.802123681753654,7.635610676169999,0.32608473016392114,3.4219469992643625,0.3541727471771847,1.7307031378691895,0.7144127026724212,0.4376632389414392,8.730618828787296,5.833149313218814,1.0860170855003688,0.2998563482755572,0.7477632645249792,0.634375990631969,1.6595942870112337,0.059066162347234163,0.2909910256360524,0.5472877654012489,2.3506669966308325,0.732263410448301,8.11243639792626,0.04781816903079106,0.2525180709021435,0.6084286854099514,0.1596178235409349,1.4809939055435206,0.20579427620076252,0.023120289987046516,1.3131436891563695,0.5055803677121464,1.1422986182894719,2.4266027575853704,0.357246018594374,0.1969789780695934,1.2562122384795789,0.4772719787529951,1.734129673406052,0.6947483921573756,0.2669330113619317,1.8728401553892846,0.1846312369715526,0.8402771237085827,3.5174416400851505,1.2586459069234688,2.0885570053421136,1.319677038158423,10.921040586243501,0.6975695688072435,0.5661164266045011,0.21026165452077983,5.394385649798367,1.2932288129489486,0.9358089891029904,1.3161152925485036,0.3579503085666276,0.2932296222448816,5.529363014447445,0.16456223034366646,6.741979381164959,1.1383171175249247,2.1099532355619566,0.7172722478985105,0.2520137942738345,0.16347916450288413,0.20209212294704648,0.03919775120424651,0.09817055630625615,3.757535453198816,0.0064734596170925585,0.7087121177441605,0.009420970710091181,2.404529560823317,0.6528274954957953,0.1998377347065481,1.282472735912458,0.9620202051456653,0.8024502864294255,0.7955032231902104,0.5061301644018208,0.04609067392732391,0.03897994097806712,2.4200276976055357,2.20403487228533,0.08206986495952284,0.06628627949199428,2.5794130032277365,0.20169114012143863,3.2288117487712986,6.29638885938885,2.2333542914162328,0.3526454352273931,0.3048944526149122,1.184230670315132,0.24960157332525745,0.2710494332095772,0.8025396745330564,0.9700126487804872,2.0301618561128354,0.6897852005402836,0.42233607324282185,1.0216751169954283,0.3988848055242027,0.33614221861120797,1.0150949818854724,0.15363124385274718,0.30804793371518313,0.17340465649265546,0.5679107416103388,0.3715729242964154,2.41822079116478,0.3207967193005634,0.08114165011064889,1.1486344758400548,0.11458706293712151,0.6335489830742078,0.5137032465228244,2.0455197518406987,4.7379542369900784,0.7444866272508559,0.47325617048058044,0.7236093142600235,0.21664007326656654,0.8789440426365536,1.5731342315983756,0.7998459223487331,0.02541650096806425,4.792051724002037,0.19829428185747044,1.2423245679561257,5.713088878762463,1.548326691365339,0.23246876431175512,0.4726470679762258,1.5713427977152512,0.010836357930768648,0.05031920267111156,2.5883476405412162,1.135819473142122,0.19324033364509496,3.0595905189554484,0.4078990719684461,3.9206301608517657,1.4994664217691094,0.6290471841807039,2.6657356564550385,0.2553760545798722,1.4389620167187946,0.875910001539484,0.18358317581262174,3.065468539643536,0.18869198482522975,0.6675816092969487,0.9956715763299302,3.007658047126131,0.16989698322169922,1.120904354746738,8.157423453664286,0.09924968945854706,0.0110238308363666,1.5228092920030663,4.449217092072285,1.8465309684881688,3.087108923879331,0.2009918487185105,0.18050243665179933,0.48952659728060643,1.7028952638105979,1.0264372568691438,0.14824213889920657,4.407415291607945,0.15834764767712617,0.462632307482425,4.980106820524143,0.3090194872701826,5.435293605433454,4.8370266623727,3.3920578290441843,0.008708307951956762,1.8715427826125213,0.2760571510538594,0.29714499425644125,5.169257162963496,1.5999636503814627,0.29445669554432286,0.44200565821904847,3.292939230279714,0.0016053147578067861,0.2308687715543849,2.5279134478422702,5.027383222353813,0.28838829894697815,0.12299236465016383,0.6313283216731786,1.2955357481064995,1.2440859966398423,0.2441542206538747,0.6551660012398479,2.529006257394335,8.877074645533181,1.2729605932164296,0.8946400270127317,0.37528259391900576,0.3133670622656104,3.093383119432451,3.9776294809003248,0.07448931144060156,13.641714759081248,0.6696664586126442,4.755538539754936,1.4008736246653628,1.3765051795740675,5.190570300599777,0.5815608098533871,0.4577904993795747,2.1293946572805273,3.893841067206565,0.04887494339295062,0.16607445355042438,0.20614292231661802,0.4795453453282311,2.4476376882371764,1.434715655557517,0.3507028758581774,0.3603727909069878,1.7608663281334476,0.9736219962434693,2.414354944395869,3.793075243244317,0.13890402657123446,2.1673917340462934,0.19081519164830207,0.1491174534894235,4.389977402289531,1.6521792087044123,0.07754004351036192,1.623143968648248,2.068900272307655,0.20779036559490205,0.051580594009397185,0.8198281953279531,2.397741264798901,9.632673728560446,0.1180314371305986,1.0295673606835236,0.2112111569409887,1.4781103049837538,0.17902470713690866,0.17838928509297713,3.313343751163377,0.49133740595477016,0.9734018279098495,0.3755740984008642,2.753721614964478,6.006424011476971,0.31756777867752106,2.7167296395673737,0.9064120569840255,2.338576458430319,0.15703311643630946,11.01040635040799,1.9739606179245515,0.8151799847311632,0.9689383445679605,5.004317788317449,0.1557858133120571,0.9846307991856893,0.21459184870903858,5.372698144393251,8.024920221152732,3.429908813327699,3.479378488958418,0.01705463699617571,0.20582249663629115,0.20622178585195794,0.03196517753656403,1.3267625521782702,2.3770633319998704,0.01936849174668276,2.5977683230031263,0.13967884804220354,2.683498309396113,2.5805486508391686,1.346150992200683,0.46360034340784395,0.16521504507845464,6.174671380117267,1.3865617565016752,3.6541023238867525,1.057646818813466,7.432485077320969,4.982912148636391,1.0054036963257134,0.9002926626636327,0.5282772941106118,0.10319090418653953,0.9572838456951773,0.2913929392827401,4.45915067593748,2.0144177755427055,1.8043475435070282,4.824158044867957,3.633486833172749,7.203065194529215,5.686068596163791,1.1430856311713111,0.008444856608810003,0.07893758906194481,3.9234492005498076,3.487937921976692,0.5777483009069369,6.335809078752753,0.9105160572205211,1.6547383218618614,5.383882790396,0.21863464013540834,0.77408368401509,0.3078569374968345,0.5082480011568633,0.5952947971320174,0.9310698991610478,0.7978260786024449,6.920596243482642,1.3265096835766608,0.2581385732226812,1.596287989380456,0.30649438293040243,1.6820415766004344,2.177484792848116,4.300234048070055,4.83828849756202,0.23789947588122806,1.2306896750752996,0.3050087065249656,0.24686143024544416,0.65565127712613,0.10325122534584619,0.2759859868661456,1.387328975858079,11.286042370894759,0.070944790162344,2.8563472898151967,0.17650743397225793,0.8396615700170695,0.10166933012643842,0.2815304382408059,1.1051109473022258,0.30748396455743343,1.4784977454288244,0.5735202073501107,0.14745499120130456,0.6964978278822711,0.9644025758469896,2.3071041890998325,3.36407398838822,1.0942324773315073,0.09168296229843031,0.23236369772225351,3.421445448461648,0.8775628386072465,0.5371375873005844,1.4675999075901176,0.046008924321810696,4.315303793682914,2.435352770818981,1.253171782108971,0.47611758909038815,0.40909614317355336,2.6387577352252123,0.3082026089270564,0.6428655720316171,0.15457236106235928,0.8799372259966709,0.03944207167664704,2.367838436797902,0.02172296135291507,5.014091133491388,1.2647484127732898,0.410359663551886,0.19605104016891794,0.2672483562490462,0.003967482803977962,0.36367281188562695,9.299541020603161,0.5902631953946129,3.1654345239607506,0.720407487509604,3.495091489451676,2.9495445773825417,0.44280963820670527,0.48906228725877465,0.536873473522536,0.02353779685589963,3.4956968620402797,0.5659070101854617,1.144132316855476,2.841184878458587,0.10383248771916609,0.2940298765543181
"((1, 0), (3, 0))",0.2649865058044827,0.12369034839034032,0.038980418707132536,5.935063152728036,0.6708462495341792,0.1941604688858758,0.9413856201121775,3.468902959224958,1.7664153315633802,3.1707928526375273,0.3934030647102621,1.304090574463133,2.852928797846239,0.06943651401609768,0.1453682183278271,4.204435255825208,1.0791345084122126,1.92228653147927,3.1199768172226126,2.706283752100895,6.08628744882301,0.1189540785293044,2.512730311394372,2.376315690392367,5.86664233976388,2.4895488321850956,0.6475279423754019,2.7362500603266895,3.1005830876335603,1.0816110314235372,0.7963318313267637,0.22312600323970688,0.778824117867587,1.5197760840396317,1.5410156568673636,0.176693846583299,2.5908058030894177,0.35639884961750906,0.6737179991880646,1.6191160882707343,1.1312255280348256,3.749869087742948,1.159650525205209,3.3949525610850273,0.804329819612252,0.6841198122413306,2.5780986083902055,5.1279152338590235,0.11227896129818052,3.2021937553548345,0.1753784099288424,12.709460779315338,1.997283196746261,0.4760157896092563,0.17516876969902884,6.586188169555035,0.6700368775247587,1.0359381430743366,2.1880855294654893,0.4548995198118715,2.571855117296783,0.44421573879378046,0.39680297070010795,2.4314811993285144,1.1862459515468229,1.745457647001737,1.2786386282744426,3.3997264321757834,2.1666290642279815,1.0801840632912396,6.229536572735522,1.3268293407976022,3.163899905764625,4.514944210142489,1.9633245497750504,3.0306511873958124,2.409659499379571,2.6463603458748457,0.008029700889857605,0.9268669242256642,2.4329621930505287,3.557835227150564,1.4810632803728667,1.0740739034275217,3.6456916428265256,0.332136120442416,3.834859447127816,0.19768041377435286,0.0610963076621015,1.9660555609939507,3.361288496240613,2.989851366830525,0.2725791702260959,0.033935462487233004,0.41220689606882366,1.7537785252345037,3.2218924471405894,0.06468496181351979,8.632157566072413,1.719503363032262,1.872680393570929,3.8565258114310494,2.9799223698285147,0.7833865059965315,0.1705896457065541,0.8073046040231255,1.342367888070278,3.2860983390213314,2.0021708921383783,2.349712571705573,2.416305042837058,1.195326438490072,2.1243116818225367,0.48762187446166116,0.743168261078758,1.8198653597669532,0.07908391360767508,0.6468307951387384,0.9381602534631168,2.5160312437738312,1.5622109645650726,1.310596393781797,0.6663148733686064,0.17248000786072537,0.3225715702528147,0.7738039264418081,2.4606016493150733,3.1294192601297737,0.8450765592551379,1.4980157420745772,0.3426796768685676,1.672327587496272,2.741145858105525,5.171975842833888,0.22870645542173285,0.8288356038227955,0.5281731347467316,1.536850870370885,2.2158539491059823,1.41132586922335,0.7283223589763028,0.8084575570728438,3.270248747056684,1.0578627920112722,0.042060144162756385,1.3660361008073818,3.772237475817859,4.317862194968796,0.6642108542193434,2.1730048122144914,0.4356767514782778,4.38586740922171,0.46836619564797877,2.3423656746842685,0.6263699106301717,7.357858778340978,2.966893581110261,3.2035690352145765,6.962683612934166,0.14068645546211744,0.7119673508738673,0.20614205816983988,1.5463026015607764,1.5567888559048915,0.05026336016578581,0.6802991222970767,0.19205839226516763,1.0131388994287616,1.0981136788958277,0.23477403406106284,1.3924936760001736,0.4909371530725517,5.352948595574206,1.389290686719097,0.9791055249575777,1.1243945991214228,0.19198954022752845,6.317241955066828,0.4407854834814665,0.6478708677454675,3.0066504276854786,1.2555942841690126,0.2864980749481405,1.1752103548489707,4.544988456166819,4.338742228843209,4.515850826890857,3.715833052340351,1.101416665356959,2.404941719298514,0.29502164518035556,2.2239785886096435,3.705732180823394,0.985189562890146,9.56780059533822,2.53173959887712,2.197069384793031,0.582655513116997,0.32502464324640157,0.053130192846158275,4.786833747406435,2.5861157884080006,2.0131146207888087,0.2910201922834743,0.48860233156797905,2.0278147433459615,1.1730595507737336,0.9405161700839431,0.12168074888943425,1.4350635883681304,3.8502620232532827,1.7847535859713706,3.7054932616335314,0.17591727014554048,0.6855563289665911,1.0759361532956038,1.7529275808900722,0.025652908085636195,0.25066302812193664,3.9971552596548108,1.7155461532552505,3.353225764214397,1.0349570556210714,2.5658764967880003,4.111463992935398,0.8161502856694706,0.4065943513899499,0.22392377753377612,0.49827092551704344,2.872595659152217,2.9445911544641077,2.2065420679383623,0.3300953667891473,2.3779763424989317,0.16934994679119153,6.146025436302246,1.091772597061857,1.8678249832190557,5.865978589635015,4.354094647859523,2.97188412868518,1.9095657936199737,0.5667209759277196,3.2210465453896755,3.848036430767309,1.0063174376728083,5.1164432281750445,0.33486135948169715,3.4395522726699697,0.029419489628890183,2.0546955808371727,2.653957008871603,3.4950670519565783,0.9712047206882106,0.8304871462889327,1.5534983998281264,1.1838097033132313,0.14024566145734818,0.9992795058522427,1.5115773281602802,11.080554082627481,1.0704846128401695,1.8937856365886248,1.6763624958760615,5.1864152948001765,4.601071677975901,2.489568774220998,4.8803116755333225,1.0263449598338998,1.2715128960533288,1.0293723827404224,5.675173331409921,1.1595219789304387,3.380073956981289,2.8466350746965894,0.8475458990324385,1.5808614211269678,1.7949654155796606,4.946338069564855,5.119280145212213,0.028537372387551496,1.1140493088977181,1.4903887652268066,5.950120047534742,4.183527170913343,1.3505577088002698,4.617972884694269,2.2636925794019103,6.092161343772853,0.9014599072610098,4.016284952632675,0.9044518725432512,0.25476054472349086,0.728217027718551,4.3251516514764745,3.0350184183849405,0.2787922737067747,1.1652083392401178,0.23189009358864543,4.140872182065286,5.4775061095759625,1.3824629190539943,0.11363226889004563,8.015969168628217,6.76967669589561,0.4829162300189194,3.0624683387554366,1.6443793132484696,0.2864973161477079,1.5735277930831635,1.3246068092791583,1.1201465916472473,0.21716715942008702,9.62807082817912,2.0490632038503276,6.8404506388532536,0.7874967476887965,0.8164011996949534,1.2984824287258074,1.6443716278685072,1.3618682492319252,2.1933631241538754,2.0087964586645897,0.5699257305504883,5.565436816431957,2.594168056515672,1.32927366709255,1.2506976491561381,0.40531441269342416,1.3353450641656648,9.531405902475948,5.672965273467834,0.14365470681445736,0.4436854192443843,3.314361573090065,0.250152690229972,2.3736254339143863,3.8337380973832222,0.3758509470854068,0.7315122929253732,7.683373338044776,3.0699976329296144,1.1330340586395504,0.7568879469002274,0.9903095183923664,0.07434512751141642,1.7088711833366685,0.5847879859236063,0.6715521845162807,1.3845427671210224,2.7145627288565923,1.4033465527821838,0.4475707694413791,0.6613093848626683,2.2132084867197674,0.9489358782531063,2.4210125751916105,1.869231432914156,0.09973671238898552,2.5972577643653496,0.3379069937994865,0.40477730398651335,5.8503444206783355,2.896817817239003,1.6789000369640936,1.4486065224667244,5.746099406209397,0.15168657798700247,1.708905875653137,1.205125818950415,0.5486175779542042,1.8653991355793402,0.6847292021016784,0.8814225530999176,1.4963878748164308,2.691686714099548,0.867099015832531,2.116482127490177,0.5334524568628655,3.7158574494449397,0.4650664114276677,1.6754508987073824,3.867080920637503,0.894351952187862,2.1511188999768303,2.1445422403328074,1.4086288646380742,0.012128388709834681,0.2512127466484737,0.7012777049180035,0.6859999486574851,1.8705865134094188,1.823654216644972,3.334270035196223,0.5780126516327888,0.6256890478196511,0.7768354752593025,0.13583946907350963,0.6767243616630221,3.718122273438443,0.7230682961087453,2.365854974125261,0.5894547593138855,4.957738115062497,7.471784063669745,2.5912412451508375,2.9899105962305077,0.4232978691432836,0.4924342710480637,2.941683189199879,0.01032983504766083,2.525920582645925,3.9703545287766517,1.6152722810990625,4.282955429610492,0.8008690191589394,1.1423473341201984,3.8339052926956136,5.138199767904176,0.21290298529601548,1.6460252762848129,1.1748828357431707,0.6035523610298806,2.8803504274040286,0.05959494322298764,2.7298550415555773,5.628578553048574,3.910407659368913,0.29570458277085976,3.082913780902237,5.430307527776264,0.04680469255513353,0.9752107122498428,0.6098240051104333,1.155778757734377,2.7967115771329727,1.3586631006324414,1.5878272684205559,0.15850635435059535,0.70886188276059,0.2752738713939178,5.220500522128258,3.938763940440336,3.8150056547250277,1.989500267688932,2.6692582444405923,1.8687598434848667,1.07139468719282,0.16687117146155117,3.5397211690373656,3.7655156474765694,6.446599863909697,0.7811164761370951,4.945321781103576,4.701038127555648,0.24073651819253317,10.66914822385975,1.952261227227428,0.43680346038149587,0.29350622240490554,0.005435831333168828,4.623091518341378,3.408919704661885,5.4700693794408,4.7478265340056875,0.08475922489484566,0.08114260772772608,5.456132494880849,0.30854495217748124,0.7798167931531457,2.0528510027747635,0.33419444666553044,2.4898478563915147,3.4343926165845846,0.05545395247882734,0.5483408499755617,1.721018572869427,1.1925519847191095,0.4410623504739575,2.0060124002068025,4.385976808137684,11.80736886468388,2.8966704487569377,0.16480029318674383,1.2360500152330363,0.7423095351506839,1.2129802605957507,0.01471364905947331,4.946405468882611,3.6753895858629915,0.23873688148443817,3.434791582168878,0.02700749242935041,0.9177587956801566,1.5591634547859177,0.5594794546203928,0.9869182486864692,2.2744183092685546,0.30327611727466186,0.4478391774095356,0.5695612675465043,1.3089568044010695,2.367874874172709,1.0263575733380823,3.5420142147067892,2.6708315774765015,2.694096268445965,0.022421897130258328,4.0805942934284225,0.6631762974004249,1.8695083754108297,1.6963511428891902,0.2830761820015157,5.289389124437112,0.07362865564218168,0.32605234413802053,0.5429715342684713,0.9085876049685733,1.3324461321688001,1.5792587125611974,2.887377550585082,5.790799186397417,0.24987252946142072,2.4874252060211557,1.0424036269247219,4.926854860685841,0.22393181091104775,1.106737872775203,2.7038331703216576,0.4408112793416583,4.07953800919474,4.518215217163798,1.1541753908618788,1.1189056441124778,0.2967066136218469,0.7045166523143325,3.507992324048835,2.2030061702498402,5.775670598381929,1.9299609009488623,2.3626505082747054,1.1484554651621557,0.5948830303562467,1.4963923194115518,2.656361981397403,1.8170359902069118,3.527184575751293,0.8329970578208641,0.360718378738778,3.5395930304815315,4.5162771955514645,0.36544045585440565,0.9620893337556509,0.04035050608805524,1.3021041641189637,0.1627823859594426,1.0478490891000969,0.5701790258041282,0.4769437660899991,4.359454449046141,0.5192084225519389,2.2302016691271076,0.7805778017149947,1.0065742522182095,3.082562107779,2.690741382609764,3.2481582645781932,1.7615463866040815,0.2676428476435633,1.1786035723682522,4.577451134345155,3.1173156502609043,0.7610651405240013,0.021540075955659876,1.1335500116010975,1.6355194670154964,0.022801638778793265,1.7987034461291909,0.5017371272681841,0.4308829365750293,2.248893543638342,0.908105140401412,6.75261964443595,1.760015040395083,3.7869429308626867,4.673335893626489,8.353505411558627,5.43199993137954,0.5578775002641507,0.4658484454238599,0.2368302888665953,2.3699011255463875,0.17379065824270612,3.6130686501394393,2.273340358122596,1.6810383014742696,0.30169810471360414,3.75971585352713,3.8085446545593764,0.1126674862249819,1.346922325521367,1.7153069369535405,4.2910574480201396,3.1974466948074816,11.20190023610354,1.1324662951981657,2.597832979571289,1.203254513104434,0.5648140422155268,2.2991777792496197,1.4645759843026271,1.0729993164214835,6.0128727083224955,5.484068565277731,5.103217096095506,0.3849531031640221,0.1942535184722598,1.5371852726375155,1.2846428008326347,16.838820963899124,5.894965820818452,2.7329347980512004,1.7444228364007284,0.5553749865309685,0.18188160022961508,0.3847027988564138,1.49333979560824,4.464452679719949,3.0896468208433627,0.33239273344899223,8.950106606257469,0.9980676350394995,1.0613517944525845,3.9221200272387757,0.645399300605658,1.6371560204618198,0.1500319383448957,0.3645255347224565,4.552048298495712,0.952694936868706,2.4225007933120066,2.8484819903115755,6.804085058211333,2.9385639431336763,0.2106650991860302,1.083927460219111,2.420765748478029,1.7063830057288878,1.1617875425442756,0.3606810108241061,1.4837730113038434,1.105330110299487,1.8628748990949375,4.439769146245599,0.20087310362220478,0.6028981325058529,1.3800125720283418,6.576335208786382,1.6826362182917212,5.506445943683876,0.9057879156464141,5.127960152398213,1.2875614814172742,0.26476005296790833,2.8433037393523333,1.0775833854969927,0.9422876975660404,0.5624783833396976,0.8069998062378257,10.89939047387961,0.2833772819801276,2.0092111074271295,0.0968839653514817,2.3869770122114513,0.6088345985893613,0.44127960591159054,4.405948705330522,5.781669239705423,2.052439865702638,0.4215554219427533,0.3951259788610748,5.417257780241918,0.03655186150849277,4.367002242107015,3.9471808651409344,6.537597878086246,4.950203739415026,1.1043440384852872,0.6553801542667501,4.679720847932841,10.520643929304352,2.8186592451453376,0.9402482693459988,2.6997787563398985,0.13990091200765775,1.080359543474398,0.29751942342796656,1.592661634102902,0.11563346701631716,0.10222803440756767,2.064170955116238,0.13437897912653285,4.089148854907294,2.829021171989246,0.5714484909267153,0.847986546272331,8.499283609734027,0.12553430586915937,1.561354878888121,2.0630649273479222,1.6648473373047303,3.2230100917130104,2.0504649066942884,2.34083583008004,2.379969749041031,3.149477955803838,1.171372478198621,0.7886219178122769,1.42845537865476,0.7581242938399033,2.4572034744283084,5.189686578253142,4.003426059590732,1.0191653720200506,1.8189167156632988,3.221953896408646,5.87411457050258,4.030252784731546,14.611862537464582,1.8451165513566554,1.2417275794821814,0.7933277376059449,2.2542319924935033,0.023881440368347828,3.1393932982945607,0.03251095188021008,4.617776504640026,0.06637325243986025,1.9870842691681543,5.2201951488108875,0.19940475946820796,0.2545427288035502,1.5108844498053144,1.0394068065058548,1.4991269408633179,0.1788129694586722,8.681668822727472,4.3746181890774425,1.2910431143861811,7.254004118897751,1.2055450977869366,4.805636908933278,1.1739781226639945,0.7634100710187293,1.2143322478438818,1.3687388399271532,0.036078834410774085,0.6238553481455646,0.08124001707584888,0.7245741124717767,0.49305374867404755,3.9504599212547564,1.3702073324366495,1.9779774767690645,0.22634480053420072,0.36022915756400964,6.597467736322721,2.9345113520479917,4.567087560483111,6.254979909932899,4.422416247243538,0.6371719022844908,1.1133116538242227,0.08221907671585457,2.801222552503992,0.577440341021145,5.857497202119807,0.4099862685699831,0.3121047634767268,3.254618257912898,0.6520317944933371,0.051814473833163927,1.2466494452412036,3.80406015623259,2.5689851218696687,0.5615881959565134,6.213099243126061,0.17265486880704572,1.3744186124865982,3.203366227114198,0.8392505738275122,0.8230275697880397,1.2254124060246117,1.0641316950929538,2.7055038676045737,0.2793909020049372,1.120433210388149,1.4797188633092255,3.724865596703994,4.669611557065315,0.742090715013894,1.5960483980849836,0.09054075445849907,0.16691918840530917,1.6766790465392387,0.07869653990982983,1.4960919214337445,5.845717002677613,0.8171726692999385,1.1987150404288451,8.108167035685216,0.006268149549823576,6.5169003588557155,0.6544023587694854,6.015814505915787,0.5344563345809912,1.7601377948692933,3.888958037501907,1.6011039230945734,0.70006815759568,2.9751615425200453,1.7609974801829962,5.264801947663255,0.21563651510922477,6.102408009655113,1.8100470775929884,1.8149697861185532,1.0692819065581078,1.908551882839206,0.23689464573094265,0.3822956257555118,0.8836046379522555,6.084694020820708,1.9404191986712966,0.6076503305897512,2.426191842729268,0.2935872394273398,0.9962222025206828,1.4219229534064008,5.2568452389026135,0.9855551224854082,1.7662690676580333,2.7404457270428524,3.1193690625666726,0.4773057812452458,1.4222754224682874,0.4787471633211058,1.007539411914208,0.7322235248796625,0.6836594192483523,2.8336024073156025,0.6283800594094981,0.9550638248849432,0.4522680491461255,0.16853527733229323,0.0007406243938714585,1.1101690497567227,1.426724515153837,0.7616137261902292,0.9542415044351005,2.024623587604981,1.024673324728339,0.8609893215667062,4.577454895809176,0.5769424788779964,0.5855752167302324,1.4914357394098565,1.7770265725478034,4.291647115542944,2.1654967915110603,0.9743640361055728,0.8922676111783092,0.8827391497377497,4.270508661620153,0.44727129498788953,2.547516618298563,0.9126332591476682,3.6713011040966705,1.183818264549798,3.633372287678107,1.792315804226475,8.055986919091385,3.662757652633556,0.03176433057599359,4.160934022140853,1.101570647534223,0.2085729362687001,0.7840946319645541,1.6565667780777746,3.2764778254971825,1.0145188502121862,6.306107080023477,0.48689731845471806,3.658275873644476,5.674133316034045,1.4564151745895542,2.0765198100558333,1.0857947873214173,3.7392959659993172,1.2496111758051198,1.66279501735919,0.4442985713726373,4.080309932003641,4.179492859861211,1.3934521958182278,3.2675604820748534,7.541623545621099,0.21384429267626426,6.998422982223664,2.6606994371648574,6.066491430927398,0.6043847164200589,0.07962054016334774,1.4742278469077634,0.9412365895441752,2.1603301559473316,2.0258174054756526,0.2971409776732208,12.7503892561217,1.3085639277075611,1.8543928466885584,3.9737979174390863,0.531841688563529,4.997675517318037,1.2200360032689408,4.117365503744487,1.3655383987260794,1.3934780908894653,0.7620989278767288,0.21012636345021696,0.7307244424889754,1.503087649529987,4.9276586220142695,6.591262703835686,0.6308943136698155,0.3566259699240395,3.5079008320283656,0.13275693443782755,2.9284904491814734,1.8251281680204974,0.028092925008559533,1.6087219160988202,1.1166081326402937,0.171822177024743,3.572038147506941,0.4265906511187747,1.8120330093442298,1.1163759891775649,2.0918471542079926,7.723188556572142,1.5148564476491055,1.446944829077389,1.4308773131105044,0.550760010014554,0.10729753062259795,0.1853517635220827,3.1389490430571576,0.6069230255468805,0.4825768957633816,2.526269427863534,0.069593742352272,0.17683541169157513,3.5322172779755245,0.17617904954536745,0.021905935109713948,2.4982152935720174,8.659493353537647,0.14120996443365447,0.3730000946390162,3.4471267125655016,4.54454467356103,1.8730833137184537,1.6334205996565498,0.38492157322850745,3.794251858787293,0.6205890432837018,1.2741155645823128,0.0792772258398069,6.417673083388683,0.8903094056947578,1.3231512530818357,8.97951805196729,5.121610999294711,2.5420605072433253,0.6796710713425933,0.09710944040284586,4.844697037890958,0.6858298232985842,11.77327185850283,3.2214302854650896,6.281976120833589,0.9223793274786927,2.9979525729783054,0.34602850866500723,4.733041915261062,0.5811312512389206,5.933192906258358,2.4957011132627556,2.557115141333109,0.07058672318984405,7.1473570906156585,0.19393705733822042,1.1134041758164617,0.7987609344708791,8.68167740996487,1.6724792004159936,0.2899281533223652,1.8221278845369393,2.513443840126037,1.4360869187865166,1.447184635853116,3.9672094776619633,1.4904730071169792,1.3500983908053406,1.257338745984209,1.7225810882935046,0.17864222153742937,0.8859266756559321,0.6638708082855991,0.2066831176777122,3.7370621431827473,0.9869264977815113,1.2101587312618598,0.9770046036346911,2.0435541133922377,1.5318535249678176,0.4953079513556982,3.97770057605132,1.0729997622159102,0.14907085528116548,1.5304282085263927,1.7467606756435299,4.681087270353299,1.5135269046580209,3.1890791134309406,3.588554357454794,1.2452657659130097,8.122251711088598,0.5990238434613019,1.247070664945992,4.746343619680035,0.8013607967127596,0.5094350258083955,0.42626126042569334,2.4107125174183883,1.2594929950790972,2.234343850556023,0.8971788687528442,0.656759216974349,1.5064438974731762,0.23161741532262026,5.157721404545805,0.7568239847305233,0.021683117412523156,1.0130479965817416,4.789073398245165,0.91185729585114,1.5941476479335193,0.14990100456720246,0.2748070079308325,0.9270221701944441,0.9366345200844184,1.212652629597029,7.284954675436491,6.587925688844355,5.622040555250443,2.440025271791419,0.2874579629881,2.859708575639143,3.016442086072353,1.1303317554086738,1.0241420548877136,0.5021466223403237,0.2562868457534331,6.303188069551842,1.288156544222879,3.4787467228802886,0.5522695200935323,5.304724663464098,5.454933691872094,1.168168575254481,1.5650286774837827,1.958048469262849,4.662094635798622,1.1392074712613258,1.2764582268477733,0.7161206745468522,1.666837841537819,0.5405411664326255,4.0035028285794,4.47209711394107,2.860822587213941,2.3036861547933345,0.925372231632063,4.419039753919712,0.8871324048686522,4.056299866500402,4.085122490061843,5.1302914475813814,5.56768356453992,0.3626562588605551,0.19357220945124487,9.021003999023293,1.4234013715718585,4.584720899269862,8.427531413043637,1.5843205808883916,0.9286194391870035,1.3586822529728528,0.7917175475883642,1.1547378729471545,0.42219695802784574,8.318056526841188,5.19376276531259,0.9597601279884513,4.023144491221144,6.9921939742778845,5.705690732296555,0.6292654856618218,1.117926883827137,4.691245521731716,1.9148989327099746,1.5215108585430892,3.4372220900961503,11.969775159553333,0.1958762447007657,3.0470416786910155,0.8018184740683676,4.896376507505179,1.139766104289543,8.277195960612886,5.519019340931307,0.850794241597179,5.649200520302543,3.4754287420751186,3.225392080916756,1.0073508751348794,0.799365853824637,1.7908626636265474,1.67329967518196,8.469292895754268,6.056690122115471,0.7373544534627716,3.4841330450336736,2.345348022547949,0.31559582211184756,0.27658362184474417,3.1559872135645755,1.2839006767429482,0.24051602562465424,10.14732054516343,1.0164285295019122,5.010474088889854,1.1814386851226972,0.7214764017820308,4.476476382085737,0.8882184368715367,1.2511911161460167,2.158323792783092,0.14617338414445175,0.02323902030788083,1.434470935579685,2.432789396502473,3.0831308407184674,1.1769499603847235,2.371103516769689,0.05219313924284341,8.787953165546956,5.296746405489394,2.177346244508646,0.568933002444103,4.148392527637299,2.807447623230047,3.1457283375219944,1.5380463144589114,0.6054905071209575,0.03247881375068462,0.4899937926162812,7.502051634638425,0.2954225593212183,9.254849693792513,1.1174054650259642,2.9196723185863362,7.305067394580505,8.865536302358922,2.7794768147855202,0.7019621088508721,1.8457145973287385,3.3983860581864693,2.242841533381889,4.491160015151628,2.1861516337078504,0.6741118372017947,1.8130538179056503,0.8625887785958382,4.046203965310538,3.844196328021598,0.5424418771088833,0.281244530546225,2.0987426855822156,1.4356213114107694,0.776555025237101,0.28951555015272845,2.2319577287734775,0.07381507005828447,1.351412350213645,1.8917520390052867,4.526835316184426,7.061980175410323,1.506229476046939,3.021887879435752,0.6974096104100567,2.837656668919687,0.02971734542636273,1.1124754237553722,0.34669811830265107,1.1261662824540013,0.34314890229919315,1.652894155952862,1.373526589639261,1.5868158278882873,2.9236098079179156,2.0391392433433047,2.163465263487449,0.7725093623388339,2.5438982120682567,3.6130372464149754,4.92755865885837,0.6394438093308866,5.504157371063817,1.950361172397633,8.287127176634344,2.2044408814736816,0.08043979256260436,1.8886681954016133,0.6048687115152018,3.4089491594478947,0.848699306927747,2.666245107954195,0.17729964568847434,3.6493642659813625,4.7177331089816725,4.041836353574178,2.2869136121347777,3.6171542305034334,3.397725167578488,2.0949820252315328,0.8910695932756497,0.32631771621505257,0.4776642187810385,2.4577929991023866,3.1653541433916486,0.5274337634183041,0.6894867133041526,2.8916182005286997,0.13990706780670492,1.7881555866367198,1.4663420898049488,2.371277283064331,0.7605240290028368,1.0818644457867217,0.2612163460427359,0.19346267663714567,0.027083321052971954,0.37887757811610134,0.8603380342346996,1.9084851334003838,0.5823656209258381,1.0043155112613131,0.8526849125381049,5.144299076399444,2.5689473175510895,4.743807354923285,1.7385255655232772,2.7384246804415198,1.4839710787138254,5.23559502039509,3.6096918836721814,0.010432865197673696,7.7843929954682185,0.09242241986984112,2.027807409096379,0.273112197792577,1.822900615728302,3.881891628195925,2.0742485529174197,2.1045082352240394,4.798231755771403,1.9678630167927393,2.695177515686237,0.27429075872425646,12.857654125608256,0.16616226293509695,5.5291739520457615,2.01704416657721,0.2445549799622735,0.49044063384271275,0.9118593750620789,5.303241589467494,1.1495813727811282,0.2511845656790572,2.1037681331296825,0.012060388682717194,1.883681641078593,1.9934510817391762,3.500339142370282,0.4102583421381272,0.599644770634955,2.8456286799099306,0.9862051326995622,1.9074304943159068,4.920770714629318,10.999423849123893,3.2464355490531975,6.481882076500505,0.6052330286437451,5.3693508104177115,2.818773663441021,1.0330610912740843,3.8746796869237623,2.990055699972087,1.9153148210523212,0.1721213386938395,1.288826301299338,0.21514343419270188,5.443072225669379,4.994979013083815,0.25300724471964975,1.2459452165167666,3.401855372301088,0.6095903102034989,0.11090243075754569,0.007229538873911534,1.9748581011240565,2.2971305530289277,1.9046913371708603,1.0063669770408352,0.32071349657638737,7.238326262706056,0.0060308448001826775,1.2575409968265983,0.6217227024937311,3.196107351537589,1.963441377689639,8.181057544273449,3.0444757549108226,2.3125900778799466,3.1998531510141035,0.5747075930690719,1.2307968687770798,5.6113943645459905,3.6827525701178496,0.5797297734314588,8.477630608454088,0.2836913727459871,1.8561776417242843,4.102008816296667,0.15673894201342087,0.07659413882540889,0.3913815429212899,1.1808731726673394,8.221125358176083,4.191406677041004,0.6332478807500752,0.8222696305280882,0.08187821004888929,1.4059497565856056,0.2078406415399724,2.172608278891724,1.1860528402734452,7.3801161858993005,4.7449819590088405,0.2892549650267555,2.7714045145911586,1.567307470564566,1.238544085750224,0.9600108956132309,0.0012693327111248376,4.804972876215087,4.8554936844775565,0.6585091959585161,4.9879008147665065,2.341163773066758,0.1747674818525753,0.9146027905131452,0.05086924684093108,3.324036752877716,1.0243817934488488,0.1582363807197099,0.7464160383281283,3.216027317614844,3.3093162878731284,2.530917576066092,0.6081453720856924,5.819078118300026,4.564738131998613,0.8757096980313568,1.5500540448845774,1.1823473515251477,0.19478609401855485,0.28551262227435814,0.22275791263834965,5.13270718691424,4.151125293261638,0.43533961278429756,2.6792104540027006,0.02187734174754502,17.18262053622121,2.0834579433722,9.238434672589523,1.3753060747398147,2.181478516469456,8.75437862564424,0.10171627741036349,6.879672736116425,3.2425191638072066,4.518957157715776,2.79314951203376,0.45987800057349304,0.6032388558750885,2.2120412501089435,0.9337560061660871,0.557807732166148,0.040326093041861966,7.20382386028416,0.34049785576189184,0.34692162589311937,0.03145811910844776,6.996479892182519,2.0033214747457686,1.144440819383872,12.822425113936397,1.8038687453089333,3.953452403234569,0.05583090111572808,2.6303918400538917,3.438699780971242,5.593169576435571,2.2471579006936886,4.220574063024603,0.8675291069771057,1.7172867344809148,0.017710969379514552,0.6726520725395475,0.3652640000282641,1.858608872190933,4.828101886244182,2.2813567955083816,1.4834101346813036,2.0608017362495166,0.8319846618538261,0.24948451060959198,2.0902575412015496,4.124834171402162,0.8088294484451276,3.8462782007800644,1.3983486432237617,1.0590574998260824,0.008370071746395036,4.1975856231205615,3.40286304740332,0.3438076018146816,9.980347275064686,0.32529903231149815,1.4693052487078178,0.12745499693090367,0.8247802376625417,0.8342625715174339,1.8825424945226679,0.10684742530757052,0.10271632675158782,0.32385090014564955,0.3465974079370848,2.5199645999151623,0.22076626305630187,4.9537537197544195,0.3409131331717443,0.4109889008162282,0.37491064510567595,4.837066603694641,0.13915146038554393,1.9001894624637414,3.0875089039893666,1.7946245281563225,0.4112939993899138,0.4383463529412148,4.634878407337519,0.009973525508454983,0.6444284717736266,1.6436247140313163,1.5601529283495457,2.3042352931211023,1.0444588423464882,3.197830247523018,1.0211930791557957,0.35369717198613726,3.843556385925906,0.8572379083709252,3.8396085231266337,0.8308370065178632,1.986665222496459,0.1619321226945334,0.0842247404322185,1.9370285230151083,0.6366375747727662,0.48220437628757606,2.910052247738489,9.791815194537065,5.714163285206158,0.14173375879241712,1.4428262947055148,0.02476201215603857,1.3354917876270433,0.042265976070540334,0.7643410782721459,0.6732546513046822,0.23944486331983195,0.42755398946787926,5.795570877399927,4.42478347223342,0.04721087030213422,0.09976359138346602,4.905323200669482,12.122803099361832,0.6983134585370022,1.292032236420937,3.21174292606624,4.129077517147256,0.6207890580573019,1.9480973723614352,0.5769216331185691,0.27009221233983405,2.0582033478598056,1.5078260969775812,1.8788248501564655,0.9226130360041156,2.9268786921102823,0.29344879705616633,1.6321838107457625,5.562198976496053,1.8685898279479158,1.7525672798601577,1.463524762020657,1.3160762973222162,0.9868356290632064,1.873710880092859,2.5536653166708554,4.142593311403163,0.6465973213822059,1.120981447315931,0.5933449258587264,3.4071214037730373,1.5002175463821896,2.2951734520733873,1.679199547950332,2.161213790131457,0.6754874958912911,6.767618347248927,0.14672810851201468,5.372092800788654,1.531088043646371,0.02876186202377984,0.3738304117349016,0.0684841319892624,0.49062332863405184,2.441474324943439,1.8883124402093194,5.496635088438003,6.1055200038841235,5.48422160696891,0.0273506167272915,0.7284107315831754,1.430862810417567,5.164270108930868,0.5702364487506275,2.45377728774427,4.070942068104237,2.6106342392068096,2.9255129741981483,0.012879798910548357,1.0532770580983735,4.960991739357546,3.940963660387817,0.8366887775512568,0.6532767311199652,2.8284450043552,0.39217652706028217,1.9232032026036534,2.1902419124312518,1.1435160238585502,2.8826836494271175,3.465779175950976,4.02940232905555,2.3141168576097346,3.075422605236443,0.054972012872491316,5.166099035624191,4.641735329969399,0.5793669261538681,3.4298431178064015,0.13272080466346559,3.1684671295641387,1.3445016141119466,0.9126265993969259,4.6379010212092675,1.1196164096096932,8.069035230563461,0.11867672140390151,0.35787479932569033,1.425471996387003,1.8981538149085713,0.6730467408659673,5.599078980407816,2.7371689582024086,0.8046064770935235,1.3327962797395996,3.088363170641564,1.386889427216858,0.6017793350515326,1.9486568029126992,1.4411764643866194,3.6571167949968055,2.6747484015395617,16.225833750538218,2.204650146560846,0.07476230450221943,2.0513070291481004,2.172069231757333,3.26034223585469,0.2793848843598681,0.32067598474930936,8.202944357111026,0.636573116860012,3.772756837517388,0.21587070027816768,4.3595001879675195,0.3510684550403723,7.363104533533692,1.4109934753788764,11.00038043630089,5.398725085817291,2.320418191327436,1.4996422248863763,0.9369376523308,7.401446666894098,2.412098664258699,5.100830329944285,3.9231917000761665,2.82564715435854,4.07059325304222,2.354212985133374,1.4575521583118154,0.12606063620441843,1.1183076893046096,2.490348774885091,1.0075199859683774,0.01560928935391992,0.008307354020947955,1.38402892744533,1.8317652076446898,0.8833438909551372,0.6699702962772327,1.6125175814694894,2.35676711929951,3.709756898125046,3.720538999705065,0.4287195052974617,7.705845058773935,1.0639954132865577,6.217392684409091,1.2673333967260652,3.3031170432508725,0.3772950976112357,0.13377349860384014,0.30132181532182195,2.6643891205289174,1.8073448668842893,0.7249776275530873,0.40514103838533666,1.5550641688178386,1.8847449722280576,0.42109047724560034,1.1219960837202705,3.5739133652228037,0.2652508301949437,1.7116520910602353,1.710997351259578,0.42319371310581877,1.2780731332881197,0.017910380248870705,4.402885104094591,0.5372205969026641,0.7507359851366306,1.2234644653372717,3.2391753107716417,0.9905339144179846,0.27653545460983886,2.137233468145261,3.226463765249373,1.0735016211958883,1.209837995590708,0.4786960416992434,3.3378586452720294,7.364377674355793,2.6958412290618368,0.6714897013984229,0.13245057863780785,1.4904876361654198,1.9472227642334996,1.434992690029702,3.224860797047904,2.8260640756671043,0.6647299631683299,1.8923281082294434,0.43268559126610895,1.8869270732702228,0.6478549013748439,2.2230900659636545,1.3176852365219385,1.2254571503782863,2.1004423391704083,1.2015664098581944,0.5198848205814484,1.9188298395812813,0.229270499355394,0.8892440078116515,2.047347231535877,1.1573844598599554,3.8526575164336805,1.478745257810565,0.2590858187151459,0.4605899774879343,5.426798331157908,6.578978735932872,0.64072922877326,1.4727066129383548,1.4788011230431424,1.5966403734258883,2.8793274622110934,4.2961220764482855,8.241843619874892,0.55237115715969,1.3712813472579413,1.3851246707146156,0.281785068950717,8.93856321804726,2.313412418338419,0.2916981059889897,1.9273321673848012,0.4282907064363929,1.58219174569253,1.904678881047112,3.217295848124907,0.8839368381607933,3.0337432065493544,0.2791600391544735,1.3668481484064285,1.3957411504772217,0.038225312944602186,0.17003826252556006,0.07316227453650792,5.368192303619314,0.4371671228574323,5.306829016527865,2.731328898483703,4.364785608557273,3.0018307609245065,8.65452964227294,0.665987168671856,1.6163582159678063,0.3881999817721912,3.25572233369234,1.1526137857184757,1.2505286254778567,0.5448066278914083,0.21663007567713688,1.8712161216534788,1.6990237986137968,1.0200890741429811,2.1360892032428938,0.5140525556899012,2.1979134470428656,1.0667811737247193,1.6715393375373144,5.142165651401271,8.007278447397542,2.409176467986426,3.4928672625085895,0.6618536063198606,0.3458768608295131,0.5748697300145911,0.33314758408048467,0.45911565419223566,2.135626214780232,5.660163836053989,1.7603892201293196,0.5730903727381219,0.04668202276068101,2.5197996152813222,4.914396282033225,4.6036601410349425,9.851847321048362,2.8062690956068046,1.473385956742143,1.9308830861187274,1.730999744971986,2.0922325237123873,0.7760027458344259,6.421456482242336,0.993754309138873,2.3109136272790067,6.827904325570987,0.9527210466356086,1.5732298880066304,3.357011202379262,0.33662125365135576,0.7842976925617322,0.1512342903387318,0.19233083152981623,7.123297913602229,4.744169018310657,0.3956299529493432,0.13819755238347364,0.04029557577363163,5.580621068746892,0.8545415618055976,1.349174468279344,2.8594351580344752,2.158842132836127,3.8624878097539925,3.5783689344469067,0.3622946681646335,1.6483376686561588,2.0327921772821314,0.6357828950675265,0.7500658068106748,4.561666307662252,0.7425053889229587,2.3119214919242923,0.535663942462228,0.5341102045537561,2.1926865235034034,1.7964486747402186,4.0187707077938555,3.789021117676515,0.06645150832291036,1.3469557038855082,0.01640741752975683,1.8296150527576553,1.5654924167448254,0.08999456314561272,3.383750435896286,4.986357350254393,0.9332432856368458,3.1376815537543914,0.9844571103795591,0.5748771290912145,3.060546304260834,2.3590364621910527,2.067534192633169,2.8177827948289824,0.4761505269591785,1.355255470529964,2.0322764849067094,0.3306460400447224,1.5975933023185072,1.476233153546296,0.9592298572378206,0.8853697819703771,2.327324256407299,5.241310769522651,1.9242785906807267,3.833399565596194,2.2388384337483336,1.357090649031845,0.3958665561956005,1.2860553682533882,1.3972817274612481,5.729520723883365,0.8022995895294667,1.8781928505806333,3.959120056503077,13.263896708446294,6.005325125196546,0.7665561418645392,3.233540703602608,0.12330802194032398,0.021974236196713015,0.06854116550744349,1.4239500086961394,0.6806052712019179,3.1498761901656227,3.2142926262415443,2.2581733479594996,0.13067049319314747,0.7050599058888734,5.469385405732085,1.0559761122385107,0.06348606713349547,0.7146090752017605,1.5283575601795727,1.9686356766050905,3.488138494263536,1.1196948000117573,0.4546247195440736,4.9745086392046645,4.272144610290665,0.6540336108699865,4.025885522242277,1.638399478773469,2.582107551298061,1.8783384425426135,3.6292473754622483,0.8104574788743131,1.1593472746774038,0.2979575898791799,1.0263863835248925,0.6918538631024108,0.5182665626830001,1.2980551325974856,1.5382858419210976,0.1628235304874499,0.6600710199987461,0.22494752893446157,1.846099859986671,0.4920264621451952,2.750674434323097,1.8382242667387234,0.4065849636658697,3.959186653092907,1.158410110617379,1.1461854419263933,2.8315274392508027,0.33027891116591246,4.585044016177153,0.3683890139824668,3.368147840885131,2.1610696201741715,0.7123275025105561,7.8803343044303755,1.38439668201283,14.84609975419539,1.0438999218752172,0.8598646206315865,2.7950440060058366,0.2959799497448868,6.483042096106628,0.8091820493668322,1.7048506368641587,0.5034514863398705,2.4995657936884514,5.269330262120052,2.7234190644688385,3.7644806786012497,3.550394493702674,1.274064799845774,1.3040668873054277,1.2706386984477658,0.11479701938680975,1.83762453974978,2.158920468059553,1.0497471056155137,1.4053384202200214,1.937637696346636,0.056908510439637516,0.21088757541961745,0.043963989557126104,4.956837244489896,1.776148002725582,2.24194546907945,1.6182875072346263,3.4134410315230994,4.620193268965052,0.779390142763311,0.44067397226631533,4.308312250104036,0.34296262673344585,2.032087266092331,2.160262910262895,0.8044934923339827,1.026534256594835,5.371623415646692,0.3728931254600835,0.38418067181484516,2.559276120382063,1.1689755781203262,1.2678155929310082,1.0777424355004503,0.02067322336426214,0.40078322861749033,0.5326533812060898,1.421657535553965,0.9958676621676613,1.4130919139383789,1.3651101099539296,5.958123061449636,4.148553011165395,0.7832896648566068,1.7645478782388149,0.662690698169333,0.7216004713097102,3.964370160848012,2.53640675947989,2.0417316631248466,2.742696260653686,0.321712454758027,0.6888142778768747,0.2712222107579303,2.6471367378600315,5.64154131195674,0.3810280511656363,2.2482957650770614,0.45016213864157373,0.3367486077628171,2.058962590336221,0.029539600438246882,1.405495278667785,1.6238705707041592,4.113118080940879,0.4937884661669365,0.0018734691181919727,5.221574177226814,0.8093145295843232,0.4703565124926772,0.36611838435335864,0.710244966122592,0.07636368152421547,1.2717950630468127,4.534933324116521,1.7401491266160756,3.6848991409112664,3.54205566962215,2.0889968065435296,0.7351204731357734,8.202866630164646,4.545087655312031,1.2026476555737236,1.892472180630954,2.3404145809983437,7.606303184068086,1.9402601886854622,0.10534162388180632,0.9447430024446775,0.6582232494764706,1.4598948514497874,3.0925897440049512,0.5643623531221862,1.9018687109630354,0.25604945731978423,2.063316292495328,1.309286207358178,1.0755253315071223,0.20159876935876847,0.4038666103165074,5.981932440825814,0.03035593446415774,0.43118309775860153,3.1152361844296403,6.252666973792323,0.561555159178041,0.8266481431894153,4.078216679475181,0.18634665780589832,0.24906378738498725,0.3090366132834945,0.09492602554695506,2.723578561786902,0.9259457539922988,8.980980624873336,1.2238593951338186,1.852283835680337,2.811719385502629,2.551019751375825,1.0746970804664566,0.6115354096168031,0.5059572075812424,3.7346510007232387,0.8134807596246796,7.502441237843854,0.5156691743041433,0.6020109703579382,2.146053924224742,3.6176047138882947,1.095078283379542,0.35861699882480724,2.3981622495528807,1.803798680555787,0.7016083716897108,3.449359105420642,0.7466814983871419,1.9459277470280032,1.4321573592027586,1.3242621844724478,0.0422595824864862,0.4974692306946009,1.1988734677922768,0.11529243442119008,0.5896099103476422,0.9313852511264871,2.4629153842648295,3.9017953917425228,0.8911418348152943,3.830157865384657,1.6588688578829003,0.5883720784640902,0.751307094225695,5.651784458118357,0.05185813876773171,1.6038102684600741,3.4275505563443707,0.7315079604057187,1.2079902334155181,1.5673189383068586,1.5192610037232543,3.7734277446352653,2.3065715439945875,2.02916082616597,0.1633384123985568,2.1638599068462616,2.092828361993675,0.07690792316931527,0.7161447494262831,1.6746969260403142,1.3849619574571506,0.7145997023403674,0.8621701919827649,1.893026671484343,0.7839827129763507,1.767445367223681,0.8514889224563943,4.417017315947158,3.6956062027959327,2.2240723461305514,0.40581087151691686,5.182454000042018,0.8479122984809744,0.4152047094845075,0.028796099817876508,4.505868325094677,1.860682074544748,0.3260666892207923,0.004006402934002784,1.2546635942419122,7.704000149321376,0.36873220726969747,6.567435776937263,0.7650356485218703,1.4729601704868434,1.7149139994438554,6.052197533702339,1.3007347689171498,0.12583172153927602,1.3338978785507316,0.7561011487090583,1.7994974333470355,0.24033132673790147,1.0804666702626506,1.9353046310505304,14.177775710738048,5.618799543961748,6.472475496431345,0.291434155625268,6.419506760665539,0.7711846079180666,0.8053286071609658,1.0341126728979932,0.19871010845294945,0.08488221194826995,3.7847641633066536,2.308512980775346,1.111476055979252,3.5900113019244713,0.308157262110218,1.4119292603042246,2.0512033467601007,0.3050299673307193,4.813581262897045,8.773971661745671,0.013618229221976141,1.3887091950127868,1.7747664530739096,2.4128485875101053,0.7222190860811808,4.280713137524566,4.101781508518599,0.156332801408695,3.916054798808735,1.231299229235016,0.042934742378838764,1.8966396540268236,4.258326059149822,1.4332395748902003,1.8237880094769994,3.248259576590141,1.7709549479071582,0.07087312106071875,0.5184740786136889,4.196434858982848,0.872353928875028,0.9551690826870755,0.5985322940654156,1.1201148602533508,9.607859738379378,3.85637640714729,2.8704471252632158,8.038258999641215,3.67387507351019,1.7259048228350948,0.07634932109969372,1.3576218870096843,6.8616114479285,6.759466362568531,0.021896533877726193,1.4516248344444942,4.054133086534788,0.22451465737226273,4.482740762683311,0.3179752591328162,4.627843807774303,0.2834674084259583,4.197181099305872,0.2273869206989826,3.5108663180747,0.5500953247124775,3.529789522618092,1.217680437199406,1.521521594840868,4.2791805416037825,0.1365426190545851,0.34218848676945446,2.090646976780876,2.202415731688906,0.44775856037397865,6.202733169085101,4.133815154654132,1.2167369119595508,1.3590067102060357,0.9099500947115028,7.254173092205311,1.150811673948974,4.77019793598204,1.6781529188297883,10.841894128514282,1.2472395354837889,1.3806150055915107,2.6139612896629116,0.6714205303469329,0.09868318417176503,0.1565897953876383,3.550925488330535,5.262110974064876,0.561509684921307,0.3531710396073925,1.6614630304800717,3.2044034596694844,4.467841149917792,0.4155415298268883,0.8546494648062517,0.4249779891586165,3.344973610664278,1.4995660509908477,6.719233881366326,3.705392961335173,0.2675347537106758,0.2579666122720814,8.539304009982644,3.54783446226284,1.1062666545091597,0.5610171282586047,3.2715146880385135,3.914172034791108,0.2110542294676374,0.15262833521821229,2.2255886298083447,0.4862058494837509,3.091454173352373,0.8607597329343948,10.622436843265215,6.705743829703979,0.0502104415744431,8.298074605526999,1.2381203743558342,0.8290010888670475,0.5769074969809683,0.1983692410254374,0.7688253724264582,0.3983113459488754,0.4004151273965009,1.3745629466704248,2.792950880390687,2.898381486634582,1.1909681526774147,0.9227270050856122,2.747187433513793,3.321016419274238,3.190265203134525,1.825151289864718,4.453278911928422,4.297620108722043,0.5132208752443329,0.1714308445007483,3.918453271432813,0.5104523951328385,0.34092286400072314,2.8881307604715536,0.5127120922860267,1.8775376491515132,2.3135263634622425,13.721299997145028,0.3041620010568187,2.2238592138870494,0.43897215399300427,10.071652748744171,1.4703179900411478,1.7610111885685722,2.2500229477187883,1.07757477450928,1.3763067792901698,0.5929998299698793,3.2379209974319036,5.6091133806475195,6.81621977003576,1.3927903876913026,1.628083793847921,4.372561933950898,1.3789746936463054,0.45150717357986014,0.2008266014747383,0.4636952397375542,1.0782835750510906,1.616114628279206,1.5859921118527345,2.4226072371964333,0.8359979433580826,1.9128007203620607,1.055633502642233,1.7369938887466896,3.879734548396882,2.4152123920677155,4.055297528338283,4.253489099769794,4.526135339200465,12.07346453520735,1.4858510032608923,0.2825175695173727,2.479208499124301,1.4799569411569942,4.777091978791098,0.88173755803169,0.6363300901105338,0.3798072217567302,0.6310810951234186,4.298682044411289,0.581886331658229,0.8689575019678408,0.06804217186967965,0.5238467216759337,3.2347083605480016,2.2545392273039626,0.30845998213999204,5.902829610875555,1.0502248648843762,7.581567625980446,0.8414403586791448,0.28666957386503245,1.3661061210551928,3.1597341149496154,1.449232058323493,0.48430487506983266,4.173929087517511,0.8514131460159163,0.5419620045890903,0.38901583764402514,2.301545023918429,5.020575394065483,0.011085376256986024,0.07407145362291512,1.4373145853725737,4.288663955650098,0.5449574392193609,6.9266535673836,0.9754840928578177,1.604141556776413,0.8522623362053614,6.059152263572335,3.7708511635389788,2.352968576065067,2.3892397486648274,1.0975878850971696,0.8568023212513056,0.07756689244183068,5.845408630060924,0.35329409316315785,1.9160996773824763,0.7016353119457651,6.546098331930515,0.27233634670545137,1.0627343867142431,0.5519300408324965,0.412759695422692,4.093302438700887,3.847794297411057,4.147416031196349,2.392493473719325,1.1204562570691452,3.514043426232066,1.305618168065393,6.026710781183565,1.3776591719811164,1.1472320457193237,2.428461415956013,3.3718573239653944,0.3496931589719916,2.5198840536552125,1.8378889339427171,1.0122887882218432,0.7953866391858352,0.21390848415842711,1.660799159150002,4.667553967494133,0.4340480050774833,2.17377477004959,1.8711306939926855,6.353062064825297,6.362704079393549,4.132090397974512,2.9446679368267326,0.338064611469576,11.48157002360022,4.767026619363512,0.852041228423009,1.6816618033585813,1.968677066356927,1.8696647148757592,3.2841209786041063,2.9924314295454537,6.3763802451607825,0.6777543177579992,4.874440007537,1.6519084520088834,2.4430689137781147,3.321192417035838,2.6268353969690263,1.3371253128213945,1.93362190378505,0.7727925075036208,0.07082090437582372,3.4973647524553515,5.142065709983472,3.4059764541407693,0.05858161729131317,0.6138243718864898,1.3404248686014952,3.474946128832648,0.9154559256274681,0.14435542705052018,2.606366221097786,0.49316860431247367,1.6025177189222322,1.4821719449395026,5.692860935266881,0.6890062525583607,0.8715807114281466,1.9134162273410034,0.041863009908409354,5.187460473244104,0.40687335900821975,4.803082908793271,1.365241266097441,8.86907649772422,7.439461226516367,1.4664933708562709,3.1374360394253644,2.4700005999539654,0.1947937701337427,4.075427050351625,3.530954961417849,0.517385012135307,0.0694222511562903,0.8463377853408959,0.4948659793386172,6.6619284983245395,0.9150034643843636,4.180019456722023,3.636913520568803,1.4934183951335118,0.17708033413377366,3.5237382518445917,10.646515266821122,1.9721682254451622,0.8102318710827601,3.363190214456022,1.2091854690465815,2.1055303510658576,5.864798985281922,8.42857583832657,1.165977934340214,1.2099215295661065,2.649173345124286,2.1586893931915836,2.586323282771765,3.2333270720411065,3.6301443033703418,0.9689278971426785,0.7950969861000143,0.16566189320423197,0.22206013982050476,1.6514814224553287,0.8670489689243954,5.251906999776905,2.652336075503804,0.025745647447537268,3.162515640690086,5.438236929336967,0.5369486015433007,0.14622803079883662,3.2468854354068424,2.0353373349767265,3.434369672729419,3.0391145188886046,2.599409160617542,0.5463394209776085,0.6525282420170396,2.714025835652876,0.8801761781104707,2.0929796164165477,0.7993437803298642,0.3961106740682714,0.9062978236865242,5.765179177808678,0.1983039246657593,1.4466182112703363,0.8788685941530129,1.591399750209363,2.3102087449625337,9.080182083903626,0.7708819652323774,3.981106621244191,2.979719297164255,1.9078433665732084,2.8296515203807653,4.419836675416901,0.4463049850832057,0.8231267847940738,1.3340915633421782,0.038399500123587116,1.349604113037772,3.48457897043908,0.7576762157834578,0.6306165577405309,2.890056780933488,2.086778678859626,0.9247231915674228,0.6798568032702049,0.855516734812805,1.4143674076551909,0.6713592669483582,0.7323541359657031,1.3978235078702912,4.916844518423394,2.413968236101754,3.0852456308095255,2.779741762198978,0.2382024326678111,0.047961121577831056,3.2014832095884804,0.9865453018047838,1.907902448288391,0.17198870398840627,1.7455059758633797,0.16582952948502783,0.08408243019512174,2.0747783883308335,7.190128346571844,0.6306167825767326,0.8715035069807439,4.53977369292174,2.2122263354638774,3.234146942199692,3.4952322342363926,0.2530176710833275,5.520647990519294,1.926457854201158,0.9425312713027933,0.6893078559674786,1.4387158765335255,0.5004326908321349,4.964089632050246,2.190229007812132,0.27392043718710907,5.0989345870027565,4.248420456944303,4.362985517125113,0.8639057515975554,2.8264369773879237,2.4002937614936135,0.7687073391372778,0.0388825461605351,1.7055228606384314,4.074610115238832,0.7781838201721982,1.5534142948770886,0.6132999412720666,0.7605045537903434,2.1834436818024905,1.636531921343016,5.786725148619764,1.7138633736941224,0.800633522291724,0.3428317927749934,1.178158847322491,2.48132069390542,0.32527855293007235,0.2615382542114375,1.8716971893476846,1.4493469558727043,3.0903062413224136,1.06272619355715,0.04371939524149471,0.16794528964159117,12.40783394022066,3.102275968716786,2.835948942788523,0.525304064052946,1.6182034161937546,1.181169719262114,0.8472163064910272,4.610540685657176,1.7279566288717205,0.06540046838741409,2.3125709791233025,2.402866487533667,0.12223411763886283,0.5658592972605831,0.14307646873424298,1.328650054026143,0.1479880268126561,0.5870655497267729,1.157923036302376,1.444718356007403,3.5383119811273005,1.0238916596904344,1.2819512901854866,0.451786234966939,4.545432389798882,1.1344905362713062,0.9511713270201575,3.374121053345884,4.403945636387987,0.8325728675342061,3.690946566749925,1.9308901701377117,8.803590989247738,0.3277847251928615,1.2547019242338986,0.5967694468366475,1.1102197199098236,0.4872379401117124,2.2958834880175383,1.986289846537967,2.0504176726865175,0.05810682044718113,3.338469874304142,1.3515342375821038,7.551607892646794,0.32002006013947937,1.5271950668727783,4.655431618405723,4.772206207552465,2.544900657886221,1.3099981277727077,3.579436417715348,5.867419329325566,2.9672140725753886,2.1530118936581077,2.033853980705359,0.1209620376041145,0.7116567930019627,0.5668300002418456,0.3859342171966007,3.993878265649074,1.2404743359167099,3.3246156958051465,0.20651280257789273,1.0045903134496097,3.58908653191312,3.590863657149897,1.5270658901219532,2.308659119232254,0.7044934646964419,8.865451419552246,3.082500017069755,1.8546104831743881,0.6447397755167055,3.3696294594228906,1.4223033707214383,1.7142073455367497,0.9616763681050307,0.15294773627302594,0.2096440224416971,0.3435039156102466,0.1830866776930744,0.4141654151337721,0.003104864327211798,1.0470314599735984,0.22702434527284385,4.999430918858365,1.738995374595697,4.525309776330218,0.438702963377253,0.11616776635862802,1.225844761862958,5.236784079944149,1.1344513403052803,0.30433121494521176,1.7654871544382564,0.03505437097121,9.095645864019374,0.7856123649181225,0.5021596259659968,7.433324624042072,2.7830963464713148,0.04823610913273191,1.1077184831174405,0.043807994662200755,0.972087255622305,2.6707287989335606,0.8508481730224156,4.41525968930692,0.5873310701315728,2.4630146001957254,0.9891936254295075,2.752628794722204,0.9888736490024674,1.3795357468308311,1.1442820550519859,0.32214051440839486,2.4077729040691063,1.0348481041771864,1.7365144813110727,0.45299301844983964,1.7547510945319347,2.9688967334635166,0.45008231263262266,0.7428284855912994,4.735313852417619,3.37585953333663,0.12679716328059065,0.5920927049216396,4.141557706906848,0.05276725012221095,1.3843900010144758,2.700848774007971,0.6596281767692901,2.7621509576973784,0.8266596619165436,5.025473394865051,0.6339232574316396,4.54863224562657,0.7004263926605847,0.7165840758695543,0.35994288450143386,12.091616836401593,1.498170148943836,0.9528043473956989,1.5950750665463138,1.595432523503221,6.563017797012799,1.0901361786815698,0.625795475813895,0.6422085111388631,6.173493625842912,1.1512846778755008,1.1524582897723292,1.0451024577911148,1.2636276761939054,7.173436268873503,0.7871757555326528,2.6140896429461864,2.4508391592023617,4.65918097436814,2.279733207662361,1.593536968631549,6.221065754848563,5.5816753027568975,4.484991745785589,4.623064406930073,0.45797419965574093,0.62409983281598,1.8684957838197214,0.6983702686641984,1.8882492740159489,0.6096444645175031,0.9500549171168147,1.0542781206474652,0.8549041210117383,0.3301324180098615,0.37252277472510364,1.1036590073456642,0.31963398814402977,2.313260914996304,0.020185433717371304,0.16770008606999443,0.3851835035311253,0.7302506227455372,2.63558054228008,10.06472067553704,0.2583976347193163,1.7955244275833773,2.0795427196311547,0.6093302378362808,2.3441752403161304,3.199130337285772,1.8475066611691526,6.254935468757387,0.07161164704178824,1.4667978804583282,0.8843454776915955,0.29334232683917105,2.7401452203209917,0.10512935220062913,1.0719812593098468,1.7664175651714025,0.04144704233024932,1.6939140177423084,2.7317214967944508,4.479646243527757,0.08770780878665008,2.5025502998694327,1.8166533568824805,0.6207947535239184,0.17393062462349418,8.88935944409206,0.3014258647299549,0.8509190386856309,5.5070963551472705,1.8057091789056754,4.719317227735517,6.884969432171155,0.4562670741027137,0.34406300087674824,0.2397568159741521,0.16556110499810828,0.8705357831686017,1.7107730514438386,0.1404256175882337,2.998922979544879,0.5831450676936263,1.0369285520490465,0.05962153418490557,0.18026749287406307,2.057145646024109,0.4990433994967274,6.968198934527477,7.8716898666610815,0.39256375446690006,1.9124510619271171,4.859045872629801,3.7978623137841163,0.30813772602858436,1.5942407283525324,0.7181978221155125,1.787443869818149,3.2494782771876656,0.5502259643632403,1.1732054235709959,0.3457783343876124,0.280436096635154,2.5999950372375356,0.8225951000973768,2.1263049311811155,3.448428007679608,0.4984406230833942,0.3263925839166579,0.888952388619566,2.619975214809905,6.901844634290226,14.562380796623154,1.1187009085538007,2.836311291405902,1.7475675405636246,3.1763506805718666,0.5951919085503983,1.83548636580313,1.2460425397781343,5.997338137103081,2.80975717588524,4.190571366269531,1.268797517110263,7.429869564857985,0.14310869929349274,0.13708307485428828,1.5098343760029505,0.5556157179253827,2.105659248635797,2.77406123216739,7.523797974962078,0.3953203249870476,0.2964997826733099,2.78158662824607,2.021250379403212,6.310707625973047,1.4744676792211528,2.1660388704033,0.9046911490466554,1.7826203044196098,0.6071782955389587,1.5490659550090604,5.036274960205183,1.1204503752453445,0.6985932170048903,0.571673367240755,0.026827613167398123,1.485102692599463,1.6292269837482483,0.09332405605298694,1.3610316126066373,0.4568980198756811,1.177873797150633,1.8708915289953167,4.982363739620527,2.713527968745171,4.813028663798282,0.7708039941493618,1.0971620692292636,0.2081509189715104,0.39613969123348325,0.5558035976020305,0.7778056007497677,1.279527737416287,0.40095074878997994,0.943329665168845,7.154349174613798,0.8420229821871918,1.9891085563987874,0.5364381893762337,1.8006886361479417,2.2410886355547217,4.469845575231555,0.2606316857636937,1.7994526379381883,0.345283309515775,4.245586904753263,1.7424432856115106,2.0125335093819667,0.5111876236924194,3.9254850986767362,0.12570562538915658,1.7113729682494383,8.06072030525475,0.7498150781196209,6.834167027691924,4.710653499277047,8.756039584736955,0.39039186002484044,1.2799964140919413,1.9614250420393786,0.15158286361244044,1.2253840837100265,0.9029120943517297,4.997976153602474,12.485450955226804,0.09245042274994875,1.4788000141651683,1.7840750456985033,0.8967944718695018,11.746596179306398,1.7610009601776768,2.839827453569079,1.9212332709828115,1.265956646839229,0.46949952633565906,0.543375138556975,2.9174812307743814,0.6217961420210423,2.708924863190041,1.1523121488009245,0.5211633110774518,1.7951218667751374,3.0316065665762455,2.2228097013519266,0.9701551370594828,5.203426764094036,3.1850637473970695,0.11754648321332262,2.3454250967661148,0.5274675979361616,0.16624194972369577,6.378825354191276,0.022463932468718972,0.29724605464977455,1.3738810504144083,0.17556942393515684,0.589068748969636,5.64742507070754,4.758342729916879,1.4586420524361599,2.8867569897214223,4.61907371022149,1.479103882249305,4.4153829262029864,5.075080091478063,2.325611270948249,9.548186715742457,0.17647025169465946,0.9045812235436153,2.1296283306937744,1.0593810391024499,3.336069598011738,0.5657901636230243,4.300262829088675,9.378918701667995,0.8362324258680731,1.3430708193799819,1.7520732565970696,3.662112009367796,1.5207582541896145,4.377000491582644,1.2070169159220854,2.998220180800348,0.8521757209471144,5.263698927563251,0.3518049503202381,0.06246307154089209,3.067370771621922,4.466587066132922,0.534005556949221,0.22515266335618533,0.5205840589265012,3.2524736001422205,1.3362511626158806,0.1551170421842638,0.026306102812003296,3.426905235211594,0.3579998333965637,3.265029577944169,0.4165197505944331,3.5212662108604476,0.24434907104931947,0.08075671409042007,0.14056017618511346,3.217974506163274,1.786343793564042,2.0144506660306716,2.2646558974007567,0.8432029224161988,0.1602235111840553,0.753892657469986,0.8106173958113259,3.866402006206302,3.741452136880105,2.1858097336333673,5.121747001437927,0.6819439541017354,0.14402178355920214,1.3823909695357637,3.681021852886796,8.752811467946856,0.1900520340071843,3.303429509074241,1.788297229812117,3.835120040891033,0.962202577162768,5.071980724260145,2.263309799998881,0.5033656541937511,8.03451242128691,1.3053575932885266,1.7291650960311615,4.46325055796175,2.7975514350861657,0.6574235739525665,0.5180414442736787,0.6221257828876949,4.589417541439695,2.5299013591825594,3.2404352272104693,2.991086439170003,0.12617361802279925,2.909178768335795,2.273578536328195,3.161071739820146,0.8646711278230599,0.2848446241412064,5.638691544778258,8.050678324422814,1.5717582854155008,3.306358037672671,0.9050060312043499,2.089340056068969,2.084123823334803,1.3531424401510188,4.388597964935776,0.7795427182180581,0.4718789322145591,5.479481380064248,0.5726463323799287,3.014547649768059,9.909146569147858,0.7876054504125692,1.5392769239674824,0.8112494337703553,0.8460867684031412,1.0677800049915587,4.446602034240477,0.2942867601284944,0.36383708261571446,2.8052461619094053,0.7440405681816938,5.057101918137859,1.2413905661526474,9.459218797684423,0.24329392481940604,0.40049809126752767,1.2812519511454796,1.3882738750941899,8.090626803147309,4.06317179093891,0.2967406198409215,1.757570502486353,9.870373213184571,2.3461659751120765,0.5578176763074445,1.9225878844619468,1.4261064663227558,0.38119563852674676,1.450167788202787,0.386468839269253,2.706570836355731,13.14016432868348,0.8900478970844552,0.6151902552005598,0.7379984960456791,0.9869034625406301,0.322211524246633,2.2303455400603847,2.2402872434958203,0.8299360105573592,0.6123455153427657,1.8677483795765495,10.490154061032877,4.170908087901177,0.4614132307756751,0.07608048739608922,3.1722784721942983,2.439123820897218,4.231938265227096,0.6004854731438325,0.9962369223740939,1.406756764106715,3.212500044009002,0.3427147180277891,4.379829671695767,0.6463866317903917,0.0885299117048376,3.7617808732530458,2.1250122521599417,0.7191039234018217,0.993638754433499,2.819323406696989,1.068494771093367,4.37876255679811,4.156289339065158,0.9655321146828235,2.4109437623514465,0.9046421587505757,1.4839147724003596,2.0872494139423448,0.018078160112266373,3.833561119848206,5.949086842664755,2.409503191972545,1.6949446594650153,1.1601998513283651,1.4957072502593136,0.7159956731254902,1.120380822665622,0.6088703649348647,1.3494570093893863,1.3842427662904653,0.015461300213483908,1.611976727875554,0.5431658308271137,4.708182057368591,3.3161318218969287,0.35337531003875533,2.0558555146685693,1.0997424086684824,4.208572193557387,0.6282573335372912,2.032048355941621,1.230369396616018,2.343560107134732,0.5473299089347519,2.6283061657300975,3.5424075904474055,2.5414724754997806,0.8285183447960249,1.9521368112959565,1.9227453725311094,0.1294915413896005,0.7098694189985484,2.2324926224003887,1.2693425583865328,2.422354648679989,0.2981576425029777,1.9191303340422101,0.8149316186608786,2.033950816601051,0.8120628794994125,1.5773132315205294,1.1530701759180388,1.9060165159411755,2.699709476048051,2.2259793171343407,0.5102530515914356,1.987764941916308,1.6940129591312136,0.2689955785962377,3.959498717126053,3.0863005518886206,0.012850127087097762,1.494683152237744,0.5926809837659117,1.4019416552691428,4.610009195736616,6.654036948760188,5.508543235643932,0.40306845869572383,0.9981098491007288,4.841864759252324,1.1319176541379419,5.197442389815569,0.3767033205701531,0.2819653369846762,0.348763923899829,5.257264881454609,1.082831277031555,3.510628966603484,0.4712551926861144,4.0889440065860985,1.14518436525884,6.1250391919355085,1.288971666738356,3.0767082339506198,0.25444772509024016,1.796295711779515,0.8177389989968087,3.3871279781546106,2.7128175294851986,0.6885292921301641,4.910138933037963,10.889481400679863,0.09009450242439376,2.999327459323979,1.5765340289731278,1.324285727618367,1.6821264973123522,0.5664453474315398,3.5436350132387444,0.3688402600310732,1.5209993665425432,3.829261686466961,4.181045360693391,2.3273882622602065,0.8336617187725502,3.137892364081733,2.7052173088039386,5.569073484242511,1.1557736045317002,1.8833358944640608,0.5535081001357793,3.8868069551535243,1.7704648868221249,0.16903930006332168,0.39832253125586137,5.093316532941976,1.3205118308706245,0.5201743633605377,1.0621663969960125,0.5977593046316017,0.04147892896952454,1.8390727409654841,2.782425506375359,0.5465141704031897,0.6161310131388049,3.633343327444679,5.346634902048049,3.893853168710884,1.2076520358052345,0.47827445767671284,0.3937057752694666,1.296642995001593,0.4278009332121202,0.17316388575954123,0.046601457213075514,3.7538057728970236,1.3250222810788566,3.7502001936611142,2.2274996670408322,1.290321596278324,4.386341567390957,0.32766148977285603,6.001369743185272,2.7028846987793913,0.5807023721638691,0.3855026828622159,0.4154561536518493,0.6239223554543671,1.4390891481487293,0.9644268353511625,0.3026508942775996,8.062444977236014,1.4049205103964058,7.2277367380295345,2.547184996378432,2.322391264001175,6.682094550814776,1.2020852589034694,1.923081251025723,0.3169494907540514,0.3871722955039565,1.5543649664401986,1.0153177012073902,0.7527575336052695,0.5277697868270779,0.7007099993992604,0.6332255616236386,8.366263395548026,0.3933067841147559,0.8387853425862815,2.3095142533882473,0.31568651057963026,0.12078480593576735,0.7231061365992326,1.0265831507266583,2.91659077872095,0.1990777520621838,10.552126363449728,2.2355821572287953,5.705446679625149,4.815131033718262,2.2817928686497426,1.3558245969579084,2.3135503921672473,2.8671256819323587,5.311122824538876,2.0957794369093907,0.8749349495926155,0.2383174743663269,3.164555687497959,2.3460657040763246,1.8153934306818942,2.6040834804045168,3.3718722121126277,0.04324446761566958,8.138571295908989,0.6862369039410703,0.7277882305648871,0.15239188397139602,2.31961891253346,0.705029203747038,5.173462592239154,3.796561486671795,1.6089821306523586,0.31323400430792137,1.999423106419548,0.03769187321921197,12.093294989986452,9.88656287958104,2.76688002151489,3.625292899467514,1.0335106236807434,6.1205566930058595,4.73645067535234,2.2525096423193345,4.426423082107888,3.8272601610760018,0.6211779285730532,0.663406421043454,1.568819034602904,1.204641731752108,0.8953028089973716,1.504635055205246,1.4961124853570562,1.0013260002612117,0.5398325669574172,12.524543513199959,0.29135379243587,0.0580121157643696,1.3306620374056455,1.5963212427794213,3.497590619370888,10.033169965041505,0.8450063600026678,1.8097015713229105,0.19510297461080262,3.462145029501796,0.9027705234839974,1.7384961398103673,13.659366347619187,2.346505953669239,0.3267957274569875,1.808987663736107,2.450906047363955,1.7247434242524942,2.176283292983981,2.009874906872052,1.3141146299357171,0.29337185698758406,3.7816900599545487,1.1211557267651955,1.9835521932317923,1.2720743562596897,10.66652581347755,0.631203905500008,0.6241653762240426,2.1387101453447626,3.5076842555025243,1.1074702929682654,1.593992963793255,0.22156654731431502,0.36324444947709567,0.19382853191580418,0.642781590437965,1.0102529452194324,2.946818937372903,0.3486319602275805,0.2963142834897819,1.6189315282818129,0.9986507089883933,2.617730742798053,0.0861638171044053,7.181008174826214,2.6909686175138976,3.859357481671718,1.424194458645464,5.976791072870632,0.41134906713227604,3.9624355632744637,1.6805053606627713,8.70698027637216,0.5403400959257946,0.31564602481784276,1.3266132224709604,6.579037587005901,1.3740865491080707,8.377372094305912,0.40855538265598845,1.3528599810486068,0.676070457421927,0.7096853059460014,1.600811796158566,4.319714902883495,1.0498475490715151,1.3197286407843447,0.7158447777347958,0.5469510329701279,3.702941666931817,1.716007403975441,7.144877989603248,4.173762250241666,0.9277299770289426,0.8800431259048633,0.7430672426543989,0.10891257730476211,0.2648752348912057,2.151406517264726,1.5886214761733792,1.3763299317463684,0.7892716513189929,0.4218250895726585,0.752208334736602,1.1283939080798742,6.621649743587739,0.5159710135855666,1.3927995012908272,0.3103536777327748,0.4666679819887727,7.843876709185724,1.0148163613491135,3.5966624908109304,1.0767993054629044,1.0925080158913327,1.2983809257032801,2.4497183661304724,4.263260640151925,2.29574466801285,3.5731100092544383,7.313041609227606,0.6151730423289428,2.729605946285786,4.1777060959459895,7.241426562567827,2.999185594486054,2.326861046183555,2.6424934400657856,2.2152834914456143,1.1098924079982033,5.2091695876601385,5.722749306120833,0.7544309205388797,3.7842414166573497,5.118594926355992,0.06890996031355323,2.1147200680679483,0.4561220468894497,2.309156370864059,0.18015211942971865,6.789570945248132,4.23697909700865,1.8900726969244772,6.695949643689658,0.2787182185867359,3.7232344957249626,0.7815012922301428,2.4630959141600495,0.1338519467530357,5.060031939838643,1.8540082154055026,2.0272980458617456,2.5396058187941244,2.5603187287704325,0.4941100180094481,6.312732328695053,2.4846155523210225,2.589342843266401,5.013408001589479,3.985353778764413,0.47201429939677175,0.7395579358030175,0.28560825566413073,0.759096316473336,0.6439856043104528,1.8926047518416411,0.8315863494552679,0.4993741539510303,10.151669375531998,0.2520993772755898,0.11606747952765395,0.16109646157778046,5.984134038252168,2.197126907159969,2.2261976520127877,0.45172833390699085,0.7060185247843788,1.0896164997137547,0.6294162594978632,1.621765745995404,2.740093398186514,1.2031148036456496,0.17764641255411018,1.0130311240338006,1.4851966743813978,4.592470058254434,3.854591146322891,0.02365657200955329,2.6679288570681283,1.9250723209580558,0.44500064069250667,1.3551589875225398,1.7115175658631174,0.39649895886900666,1.7717237889881279,14.350374810020934,3.708454814561042,5.134271520256243,1.422941614571503,0.24070245170634375,0.38677526488550695,0.7280880643934173,8.999466049603473,2.0737199836710642,2.2527449062190854,9.049044548321328,3.519864082470721,8.465795923231722,0.17417803486360395,0.44146706635449506,13.819319338232345,10.033281168221546,2.4406397220362424,2.210685420175443,9.521089655728563,4.8594661507709045,0.8859483090161859,0.6291201811875013,1.4968242350820016,0.40440370289061267,0.12982199115135312,0.647861387641509,0.2945163514089104,0.06044241747003298,2.8306386501916574,0.10024177007548163,3.2779441003907293,0.966043870156645,0.01014286862339786,3.6164889488841454,2.09428933050609,1.082675609410525,1.0294371433654448,0.6865725076719227,1.9916605473605578,0.17686728232240068,2.441802277166649,3.4169913652701247,4.809274370320904,0.11620065346853936,1.3721895470677463,1.0028032591987295,0.24176641993627923,6.12155910929578,3.5758739606645094,3.9741801588058623,1.2937522907926635,1.2151921129553327,1.3630413138306043,0.6546221187972461,1.7580294326542076,0.40044871093267725,2.2912884837807734,0.8080945532809812,1.3551885258992349,0.7246931301304782,1.8151755254959663,0.9542245932512947,0.5790175167183302,3.3181778292513533,0.27951852821189166,2.4793833957621283,0.3319098015184023,7.002032758461105,6.487531267541785,3.2465808701493786,0.5755507065282802,10.75953334793399,2.291308608333881,7.512877920563368,1.541918583735907,0.5101256641576162,2.3306330057627918,2.004000417336113,3.8595541525550043,2.190382279872047,3.0249075174096034,1.461838750581259,0.226132589564362,0.3849527629574929,0.9187377960689933,8.228947976517208,0.02049601413346691,0.5086484478741152,1.443614047660192,1.6568890504679086,2.317349008562189,3.1813289557260305,3.1171605518773116,6.3721007581704985,3.782838697035435,0.531237762163856,1.6274302207553077,0.8557365576174161,1.959163484743355,6.522286903243625,0.690484351933188,2.3316053742864913,2.6350021804941792,5.365228649392021,3.9497904016549876,2.9097902210720124,4.3018354040129125,0.013865719265121257,1.1201471519664927,2.0512783762907043,5.068030271725313,2.0426097887794628,1.4571417439349381,2.5733812705582144,2.3465664447667214,0.23049986322379007,15.299065817893965,0.9012206087393657,1.3656081274788043,4.372321838566653,0.38915308011612604,0.9256680792674652,0.762533529262819,8.145220533190194,2.7388776142625204,0.8234765525051858,0.9780089373029668,4.805208442602368,6.383893510102625,1.3002310793405574,2.0095698827115314,0.5766888475106607,0.06557893507371437,0.8669854150328717,0.9144408531980259,3.610576540125032,0.6317700506642773,4.863511513308448,3.4509549793549112,2.3843393168501823,0.1629105605721649,0.9241047079141951,0.7520183828503901,1.289829646602484,0.5171003068228568,3.231300462488395,0.646507289978369,2.2124583379419005,1.366248576816943,10.66999656367309,0.4065379484078041,0.8237302983715062,0.3828181412285183,0.37893533438682847,0.11495738591094717,0.6851906976141862,4.374146455675978,2.4711617717073984,0.15547258853235402,6.970209781398531,3.545058561765768,2.442414328082775,3.1076323493018334,0.10574790816048418,2.262370765218083,1.314942132532091,1.7775493676578582,3.169963858121218,0.38337893394126654,0.6303447714905107,1.263543547000805,2.8341868825955445,0.6948519168943603,2.5079158716288212,1.0525101421831293,6.0741503526778535,4.735151339410266,0.33054996615862364,3.6442129526633407,2.290098465192499,2.5135624821269196,0.5411995281880266,2.3102189847982357,5.578381826169059,1.4488412989942294,1.0757271933833463,7.710084723224082,0.6798595672722623,2.966305880095165,0.7630266729641701,0.8880576123193904,0.6921684517362716,2.063748450199275,1.8942530766013146,0.4714263346705317,1.511739257921082,1.9168923972667078,1.9585822486667013,2.8941694138041503,1.0753318616073446,0.741693517336282,0.30585566580578943,2.3278953951503087,9.981125277632213,0.011695448228543515,0.935931850933033,3.3495242745583704,0.5197426972405708,0.2359913702751817,0.5527346071418613,2.6101020139779587,2.4760299943127517,1.6485041397263136,3.635305225478116,0.9432670896358071,1.4462472450771242,0.02049800377283706,2.218545160544587,0.3469740786700879,4.234289358199321,0.1433968601616794,0.3897714625544031,0.05977192640282891,1.5763231307648753,1.7873636589077808,0.2129075764423587,1.6669676523050763,2.801197063936534,0.13132387804455814,0.35752454866675887,5.468131843063387,0.6216296072260927,2.591386489798324,0.21208478578858947,5.8372125129311385,2.5482092213003353,0.1723246588316223,8.080724690351134,1.6548299705050686,0.6340430072907648,3.2853136142925923,0.9590752191716607,0.4667863695538883,2.591998688530431,1.3125875405134828,0.9421846547043642,0.2326455098755591,0.6390320858816132,6.293015108175848,0.021509686385056348,1.1137829204719865,0.4835035945816792,4.652586746765818,3.975620904007228,1.2558920511424265,0.34686461438838356,0.9925273762941464,4.534655275251843,0.4331213273032658,0.11220237179854653,2.109698332417534,1.003377363097373,1.4801477244871155,1.9111356085885765,0.6090845789093468,1.3050619982534097,5.145226086441429,1.1657740380759603,1.965267003533917,5.528949108395987,4.154685170213854,5.862042577097041,2.414316514199471,9.107090295811659,0.38023369160310305,0.15872285434263889,2.7519104051994816,1.4777289567571141,4.303853297285854,0.34471244194751094,2.209068118813372,3.223211283349458,3.0938399122503903,1.8046325488080155,0.3299371293614102,3.0991170854874097,5.851955898274767,4.035272490217594,3.446735214419429,3.810148728614882,4.632548791291462,5.138518497377156,2.2673860962002435,4.801147937223588,0.27727270288918815,1.8363105971236722,0.8608581368167156,0.20936869020665616,2.449726801246406,1.6308274653350274,2.0078132947823817,0.44636224963756455,7.87979425951964,1.0918355008348397,5.277715360112319,1.8343157729283406,4.324751708539855,1.0308872690004958,3.7330532969940267,2.111113233747261,1.729500265147482,4.173570839091966,1.6994834230081053,1.919802544520167,1.768045186449772,0.12222269580305589,3.8760276940582616,3.842947782066177,2.4993339493149658,2.2987618749027874,0.5328019710995529,0.8608404846180223,5.205730271822917,0.8822891803530561,1.2117883417198254,0.9287432596860636,2.2527872084012843,1.4958229302145725,3.2703589206157204,8.801744288712406,0.32820971143700994,3.0794760146195745,1.233140102348248,1.4510303566763292,2.877055902832778,3.3367639376423135,0.48980983601168604,0.8100095102674828,1.5315522586996133,3.549159498670939,2.177049849733154,3.6541003622280943,0.091057148975136,1.3708067420748091,1.0362693503300018,10.539464918727102,1.53856860538998,0.7851812362910463,6.6864704211515695,5.871723719733937,0.2915009218865332,0.49670533836691844,3.896191809597414,0.05925081843849944,0.38635172566090326,1.9862452527394387,0.27907150770743977,4.87270009583515,1.0471022969928099,0.5452209054348724,0.40067520446630034,0.28099092612850274,0.7353916824238667,1.9741937526799813,0.052770699455084946,1.8168129452758235,2.1051609989665696,6.877723887516646,0.6236239018426422,0.6768090126869367,5.169946935824278,0.7623513368608852,6.515656099927551,4.560695357260329,5.584734964970213,3.3660081919086506,8.347429288876825,3.7646341805547783,2.687565515109733,11.183320242262244,0.7401609433249929,0.7051470087798826,0.4070035549373008,11.934899970331664,0.9169818660012642,0.9245621859061471,3.7337454930328122,2.6545316724082335,2.482280522147928,0.153284102828097,0.5223148650979259,0.5431563331293157,0.7310291047026731,1.135894161438452,1.8670695757458708,0.3082328091069093,0.7245417081832599,3.028630648756513,3.000395325320618,3.339100915370026,3.5114129682124045,4.7189714787213894,3.707546581333251,0.6473200799075127,1.3096727676352566,0.43390986815071597,5.430665937844673,0.39786570393807397,4.68852741765143,5.783551443610702,4.6261034721848615,0.06503736504322388,3.5063810900367702,2.382824103824521,5.457710541454718,6.148155683480467,2.7025605465248717,0.23404396874728828,0.14846936204534988,0.4732808877267487,1.1816684824511454,0.5467870422522735,0.637918314018334,0.23692735414168675,2.3294417717657803,9.329845265089759,4.25848368706524,0.42326025533984957,2.63532173004047,1.2514585489907089,0.3236730018089641,5.11518346114872,7.567728201084659,4.398384538270525,0.7705977084628592,1.599341975793231,1.5302450380401773,1.5882847528903157,0.669378615321535,1.49141330964781,1.9257037395470564,2.6013964298574965,3.926262844203608,0.5007994984999027,0.2013364534057054,1.4395514179247715,0.229096879450289,1.145214014948116,2.214557659378572,1.3503668405551432,5.31439443074811,2.808912338352859,6.7469931395657365,4.194533764071393,0.5654958314379304,4.8645258125080995,1.372417154631108,4.759882992946569,1.2372922053696391,3.2989552659129386,2.7662652148827815,0.4069735125334386,3.7964470692978227,5.4449130285175205,3.1205881661501675,0.29677599709511904,1.0293535588791884,1.1147418611549744,6.468557735506704,2.464146492961212,0.29026318153494857,1.223889050433928,2.3745137063810278,1.517271565800805,0.4091809208487813,1.0245482718272978,0.11618367623960313,2.2236711938667995,7.014421249368759,1.1790344233090004,0.19824132044906073,4.405227781951998,2.084009534252126,0.1984610449928934,5.05640263663817,0.9451313305837571,0.9186264859788003,0.11017270019094469,0.5684741764112036,0.07588335995903672,2.102562292043129,1.0908114839212943,0.7082574513398178,2.9006710872498997,0.9606693018646342,0.6979508318261352,0.10616965039114551,2.2175818994071634,3.315208444813483,2.1848738252972546,1.651572071709606,7.64713062212938,0.7371885192446379,1.3817531533676952,3.130074168340787,0.8207992788345821,0.8647930320624371,0.05248443064175101,0.22706032613893246,2.125650178694353,5.271353030025618,0.8752573706758378,6.664569730634922,3.7059116732689055,0.043056486319911436,0.6649429997804917,1.1234927175872382,1.327910723107057,1.5330677003422126,0.842908127861695,1.1396769122802606,7.219853835312778,0.4541793551319425,4.301183109580961,1.9733936186450916,7.318240988506911,1.355243872441302,4.4588886847841485,2.397119943908561,0.9913472460675805,1.7609997702951266,1.5199831315075416,1.0310242376787657,1.3353437891331095,0.072740663258555,0.2581151875997616,2.4142736137824343,0.9966439023165832,1.7898791067400972,0.5120577476175452,3.7197363807160215,2.4280145892646314,0.3063316382138328,0.9061656405275953,8.399606923777789,1.9752168002295458,0.2484729876889329,8.403274902647622,0.16979798789789624,1.5913170082833554,1.195820973656671,0.6060323405869612,3.6051349089554057,3.5757330249394297,1.6792202903920233,3.781600976799929,1.3433138472139212,0.017562410833125264,1.6798379785431843,0.020593336247847427,2.762204062116767,0.8528060515280376,0.5127338071993603,1.2472414584026388,0.048032506802521024,0.7524434443507413,6.6385212713929445,0.9347308911562369,2.6676305699878315,1.2586080098730301,3.760565049922814,11.535505614938124,1.6327112122422371,2.4525078527062623,1.2809885893472939,2.0163197388800413,5.349868610172534,0.6312334436424072,5.165932741583649,5.209138715412482,1.8924068585212364,0.0024831387994690424,0.26441977004249606,3.0130837321077633,1.1313565505625212,0.5434657536742883,1.7657815263314982,0.40884692241769205,0.6881891949849537,1.0242597706201289,1.4981000638873008,3.6788686823783756,3.5913113851738165,1.4229982559967305,1.936466246179283,0.34011501126513455,0.9492244727203318,4.472870411530674,4.189009714151029,1.4955189277356031,1.0427978501804451,0.7177691442203655,1.942494653846857,0.2822207037293535,5.319107122344302,2.6300496845408157,3.8985430590436634,2.1362501761294843,0.2717739190308659,0.9766458361581867,0.3671026220114453,1.7438124404665025,0.1536025968309387,0.7561470461733037,4.294497895830564,4.313748027529077,3.946377604323896,1.3369043287976745,0.30604904341392347,0.9024056999525256,1.2771092880099144,10.269639231761856,0.7153348572014211,7.4813354003236405,1.608602180741162,3.329891952731197,5.423458271175897,1.067597618293874,2.1880857323239327,0.3544856311653146,6.250285812902469,6.490108039716047,1.6666701241970823,2.094145317508315,1.8769641734829312,0.4031850896083846,0.18051943343828958,0.3266780559105845,2.001775770336577,1.857304135420514,4.436684548861545,1.6124248410463946,1.5798690636148358,4.231705344808521,0.04344342838972404,1.0750526059578769,8.57942211658343,1.249109476973802,1.0610386504729685,0.1792112403025906,0.9909050356121021,0.1011236102764439,3.3285736016611045,0.4794341774488472,2.691583137471766,0.5353988496849451,0.6231021608525729,1.5399902072736982,0.6285248503179072,0.26439573637486524,3.1076532087211075,4.2646238477108405,6.046006794993469,0.4046162912599467,0.09923525731542604,1.912259364685512,10.232403501668275,0.21664434016306444,0.37590477967820113,0.903010119994065,6.732403161153959,2.425060934703217,3.5323781125312887,5.035308900862481,0.12337599335082808,1.3293364074785368,0.2511325011877137,0.4313491248608319,2.131400812873605,0.36458671457359576,0.26735748408723936,5.566050713341557,0.6411691751541209,1.7586135791340909,8.134759239791865,1.011284345183317,2.3643767666680713,10.402604404911504,3.0440020414301405,3.1551495740550215,0.6877801247360511,3.3998911777464773,0.6877244204742033,5.7177725321570305,2.2020510466484025,14.872311104819545,1.7167171885577392,3.1998687160297035,2.613450973358476,5.82293508992236,16.63644846528804,5.882046651608096,0.18435599847925072,0.06778010508625332,1.8279609657529612,0.5333719165446738,3.7958946966433067,6.0640588684555325,5.1921676087443975,0.5532137566497821,3.489219508866289,2.8070711853782733,0.40195512055589466,0.683728830547244,0.7806127083859157,1.479300166262385,0.0004857928838859493,10.255976052620033,0.64563392850128,0.8905089856571031,0.4843903027089964,1.2440857293417482,0.9972433995844607,2.078270439026687,0.41998992443644134,0.412940101701456,0.806414994331885,1.1657938251373994,0.6156270125226043,0.42040638291929533,3.453538455044876,0.9515475196506017,0.7870114515020652,0.770034302976414,4.620752897316793,0.9834919848088148,0.6878498584557242,2.6755703381556284,1.9696768316105813,1.2241321793981328,5.414322925731819,0.025359654191602687,0.6506629856461386,1.913427979493767,0.7412376446508482,1.821647557889802,1.8292784518094125,0.5081251594292633,1.8856212388035503,2.886388070439814,0.5207052721335451,0.7143633324786152,3.489045182077164,1.3035056374289606,7.45815077878919,0.5817819991836775,4.111856342022583,1.1713027509683456,2.671764767242828,3.073569654370621,0.24953906646765373,3.1270525849631134,0.14138378306273397,1.1274011911325352,2.0168526427647633,4.011383804712735,0.6874673480073967,0.5979679549487258,1.2910762687332933,1.0009304724171044,1.8612553474854399,0.5516089954627259,5.723752135847909,0.17727994422577342,0.14635401061118847,0.16598652246161133,2.7356105051483466,1.9677809923940448,2.2565509531190466,3.725300986301533,0.7022836469954314,0.5224775014933176,5.663787885924865,3.230359794741144,3.360857880116676,0.016156982457417035,3.044063790605584,0.0875886576545768,1.180938239871319,0.01594268839051982,0.3113743269386047,3.9269458125438925,1.391314577736166,0.28376888796265476,0.4098824533161929,5.65963941125595,0.2882090501240427,0.5638754749475463,3.7119321510762826,7.639991730179002,1.079306566714151,2.1054538847573623,0.9590332204017014,1.5818841471792862,0.6518738217768318,8.076601088980848,4.28075484747652,1.5063324009759165,7.805692809850439,0.592438059134003,0.7267011767432165,3.5813200275967345,1.1641152942462107,2.0300897725446583,8.002426135107996,1.0973577615400107,6.528069488438979,0.1081312963937352,0.019095519012920503,0.21725548527737382,0.7383826110865164,1.896650996268544,0.36339581736782556,0.5656704050103158,1.7485006224997666,0.27042883355916775,1.3544107898964768,2.284075924333532,0.5953712456185356,1.1633394192904918,6.683477079116825,8.887613440150654,3.7094118869332853,0.26929543181666193,6.241011933597985,0.8816916636732444,1.6205299659123054,0.2989900879230203,0.2577021757639286,0.27809916150679914,1.1768261466497614,0.9327436326170853,4.936916048178655,0.5376258983064629,2.113158565390419,3.1010290285142172,1.0222527583075096,3.8168930119383426,2.3905834781484305,2.143215724018678,6.121131449920957,0.872583556657846,0.6182174273668833,0.19029298012115303,0.6475868730761671,0.77876883394239,0.5411037807870955,2.0043673558162722,1.630659832501045,1.4755502942299508,1.9339635662784866,5.326805240474697,1.412126330198563,0.10445012336059917,0.9214812332299713,3.257522477896914,2.1205542708786753,5.754749743296631,4.374536700790002,0.31326998373453674,5.5118412491826545,0.04879826739298093,0.849462680982803,0.9152466708610958,0.44268324348171206,1.6757385036949803,0.0010543512539835653,1.0930419861228147,0.13452332249513604,0.385963513436835,1.8115974988789305,2.261219382109667,0.02836984404432541,1.184385643685844,0.1048931928311464,0.5258510000791553,2.5225247572695646,1.0045980235301752,1.6294240706026453,1.448794013307,0.21171456834850344,3.031179614336532,5.067531508207509,2.0646462128712235,1.8734582938283417,1.0112975900582688,1.315306027152565,2.395617707367612,2.451559194998591,0.11025385698028645,5.41852976355668,4.063661660197594,2.723369515816972,4.911508544580032,1.842750973271727,3.561888860330865,0.2700541539799767,4.765924904654059,0.033455043462090606,0.7786261171683819,2.228083284689624,1.098172573820632,1.2132243741642652,0.08877979123203045,7.375000233181877,0.07664028964070585,1.128331622641068,0.47505696651353,0.042692608754023476,5.39797730487483,0.7611049640558532,4.161771896641197,0.8942497249306995,0.5170765325778264,2.9468387682982287,4.8879074406996965,1.3573367015540407,2.4016828876072833,0.5675002311089978,1.4534584253797531,0.6785633924166332,5.159426293556659,3.134461707666647,1.1084720980491776,0.5486586322836233,0.39024778480884903,4.190202791284613,1.2839860625534358,5.2784932407163145,1.9315509857002837,1.2428299799461986,2.684024872840891,7.754339378047854,1.5558957397442261,0.6855577349480364,6.777174159550116,0.7848069940497822,1.6674097524130782,1.2232779229354116,0.9089697999578564,9.78747041193764,10.336291565110926,2.144185106566839,0.4498592673113829,0.11377580038915347,0.41223059736366974,2.1802786853981604,0.029939380240967817,1.6102949849223878,1.3329228464087959,7.779730285616138,1.3603706242029707,0.02077969445150879,3.6280880636134865,0.24880346527408648,1.5799325984722992,0.1907335194274875,3.387520271064682,0.017241625554604845,1.1088190339424728,0.5640120539803786,0.38912530975874215,1.0829412362427735,0.26323079609371725,0.25790792543436614,10.397081844735311,0.4650377954104104,2.266158947049698,2.467543543913517,5.87778012803902,5.33744938620516,4.77016123546762,5.624072608299914,1.1582435697575177,0.5579379025987556,14.096718954631204,2.281746077746856,0.7443248300020366,2.445111855529281,3.0366550688236997,4.132929083314989,0.7202554235324895,1.2190706829688591,1.4142690007166117,0.30713386935825016,2.0474100382245854,2.669064709951862,4.003601101701274,0.9999003934494664,8.40644117542436,0.05051091933352081,1.8114201698241426,0.8478707968151903,0.009638536425584543,0.17365030076411747,2.041602564315391,0.7287778752922862,9.64011895184832,1.2305003907842238,9.56165274536623,2.223487481456816,0.6010548452432762,1.481257919639177,0.3713440078027541,0.3238695268121625,2.4553148205540327,0.5392054690514956,0.24191077025502694,8.35036431591084,0.8245783893104384,3.786880890446895,4.952299292142573,0.17769680572332514,0.6748776381314037,0.7465378108927461,1.5341207646293662,1.2207930438122347,2.9117804431656493,12.098081342511069,0.30110714034947617,2.2613708429372124,7.5291772166654685,2.613807175678812,1.9802097985282066,1.3419844668004497,3.6088488186976724,1.0472420513938467,0.15994156232157408,0.5284775100150294,3.4179613872464283,1.7532646795387983,3.0400272851289465,5.423598625833938,2.312805871010327,0.15917153299738002,0.2890322241608482,4.740331081433559,3.5906734733903436,0.1154312961960906,0.16813168523157196,1.9325784710294704,0.7034528124422406,5.182247676920536,0.6241358954796982,0.2701748596749607,2.390767751554586,0.37675680252768995,2.972802658855474,4.155731953950768,1.157338773879464,0.011988260736893519,2.3611261388132854,0.36017026782174505,0.9709889834724698,2.5336816834586235,2.112535435973765,3.800314973135393,2.4660793847564895,2.969188964568798,0.7937013713752208,1.8259573248181793,3.767821831206595,0.9642005997655734,0.9581959688862657,14.828412856883157,1.4065625749104087,0.19982109007788693,2.5141037248094693,2.052849380175365,0.8872106520162566,0.21542768762538012,0.4076398038597091,3.0854928582916186,2.480494862621825,2.3107567302425296,1.696770159041575,0.5047802320939012,1.632656460806104,0.6569107794785318,1.9867136406711499,2.0178090060774956,3.84745709941533,2.1773943222692385,0.33448965935876207,0.9091735784887769,1.3694390713733093,0.2223821959362846,0.3019258846960273,1.965447775874429,2.053283707346901,1.3814781076520224,0.7954023619457853,2.3690902626045047,0.6935186488733995,2.9700734004471774,2.015839429619943,4.142915824621159,1.6267507120127487,2.9891562589709513,5.554508383242895,2.333629769805312,2.1725982447502057,1.333484244987647,1.479659831022353,2.9316463368254486,1.0055394809379914,4.098247170064679,1.3683321245579254,2.5506030990429984,3.3842485188898834,1.6188039031896153,1.0010117543594361,2.215789816664134,1.2491917543733817,6.875336497768647,0.0651831761069197,2.671420435573498,1.7675675785246727,2.8503886250568256,0.5319773562007745,1.5824463946826466,0.7711114012943739,5.857767323182809,2.9535714893435534,3.4746452853181786,2.556955964548828,9.520441678598244,0.12284130355673972,8.04614072373379,0.9985863062182814,3.56735190431715,0.8476415185623976,0.93130691972683,0.07415527125786658,3.1565074333871554,8.132241496554016,1.275299239374561,0.5106818009694846,1.8200805704843837,5.692784466733708,2.0193732509377345,0.7755369560304777,4.822180024387428,1.23625686336641,1.3466378739937788,1.014961498489643,2.6160388045249032,1.7120558034522677,2.4035624124069987,0.8580172297021633,0.6252524378795636,2.446813214490092,7.7319631370928015,3.5861700535479653,2.1293208791174187,0.120306520715739,1.3422102459297207,0.17538926648700054,1.5709195195254786,0.4790269479941244,1.2373628786520652,8.654515321679947,4.498013607216355,0.7844594746406797,0.8636938797790609,1.88243414384057,2.4140978362704413,1.6638104263599243,9.839231053006484,0.23315971086503273,5.603968754926649,3.9997580251764866,0.4756395550373096,3.8159255334251205,6.558083180085517,1.3317430722081125,4.291085794718827,0.4515306802975334,4.20814545397436,0.7714604703062836,1.5889634543369844,1.9330507513937216,2.8544892696606645,4.592637061426477,2.2015971705831916,3.929467068980856,0.8622828971016903,1.5787991288664942,1.266199363158531,1.3002003683228356,4.324174435224548,5.402050669073283,1.1841747449423536,0.36282381382508666,1.0433515840177114,0.46507451182627,0.11747580788587397,3.6698889450562726,0.9855110424872453,6.489318019191978,0.21684696285025507,2.999947412477162,3.4590464363542583,0.4355855543713705,3.231213226928147,0.7007340811953107,1.1076479016198961,1.6896752881349697,0.21783979591597746,3.7018774966936645,0.04029315194354244,1.685553655599933,0.034328150364487886,0.8014983907606694,6.619785159115342,3.634736254230211,5.53669509349298,0.41745506335451854,3.6479496760082233,1.3451526872001232,0.37540142722656666,1.366516167654177,0.18782505097115187,0.1218161596560372,1.0099941802737051,3.686592805505198,0.2426667658385031,1.513153191724608,2.091267589263124,0.22458855138335787,9.449902936658757,2.53904086599326,0.8346693110218464,2.608713030401909,0.5536790212978892,0.11482494793041065,4.213558101076656,0.9609118215929111,0.403430259620145,2.6594165811155683,1.874115430731815,1.0374642242779166,1.413647273965345,0.17780335340516584,0.4976327033288862,4.157690128766857,1.901917168896932,6.241041820122101,0.44574185747336315,0.82388124091643,0.28403504313072914,6.635236547182195,4.549980346107415,1.1324349547953283,0.13048766083077723,1.3974679951565971,2.2960533409658743,1.1426735246506254,4.1701324604143695,1.925208477660766,0.250807694497972,2.923002426256689,2.977659509276106,0.0712755599996645,8.369610980836157,2.3981834032383733,1.3555939708616158,0.784744431157941,18.08247842756331,6.724271400147465,5.2610095723986365,0.8794903097220068,1.6867934704317307,4.245004410236036,2.3512436492855384,0.42896715729957513,5.489979947488299,0.39271275733765787,1.7475302508545312,2.0211492800660245,3.6965475416476488,0.6132329297618833,10.057825843157065,5.577134837222824,0.23519253837493181,4.5157365223138335,0.5750514972419527,2.223396586296203,8.577449216090736,3.3572504685280045,1.1976641469358484,1.4196859010156895,8.817616641909153,2.039238097446443,3.7256355266128907,4.274427750793393,3.236779009472551,2.3237372662371705,10.206312612669384,0.2677266971573511,1.4961815870485649,5.568584840142787,6.224634825476215,4.030752585347716,0.061295314869250994,1.5598903966602102,5.136849468803666,1.2064818081007056,0.5817661871766497,2.0913753266104207,0.343189308838023,0.7763070743447251,1.7313143388515502,0.27671968577972206,0.9454559976260661,4.9322869824840385,7.04580392538486,1.761975989341173,2.543990598510092,1.0102149044285704,1.663288220258999,0.9470633158475481,1.9724715943374476,0.34091920443632784,6.479005600099494,4.524509572526883,0.5022521997981151,0.8493642116238905,0.3809444881607261,2.5088823669420295,4.138401581976479,0.11142669718767273,0.18484539149794765,4.656911380729181,2.3368634803364414,1.9732576112309452,2.037025238332184,1.3874486129683987,1.5520735272625754,5.849830177924759,0.4717075224733781,0.7078788127221208,0.9957462591527299,1.8407646877805548,0.5436197494910779,2.480466218009626,2.4492450841060682,0.6003402106345912,1.9692175805952639,5.481611690255918,1.7745079830665822,4.039644711126945,0.3060282668127443,0.4102842940341489,2.3087107513919767,2.495430722115886,0.24987865356948114,0.9967604971456903,3.734962198307289,5.080078196197774,0.11315186386801213,0.02957862492310559,2.012567182052342,7.073751839379531,4.735130148216289,1.5833548665393136,1.9417321915456798,3.7185144824450314,0.6806873231273799,0.43337385121006466,6.023097533334042,1.4972421524515576,2.263628751495908,2.4525706326916423,0.9740311638094898,2.8178930518118115,0.6454326515188666,0.25510047277197656,1.2532099142162312,4.080665282885136,4.3489815977641255,1.3327955349735023,0.5607213607726217,0.30962036112888625,2.0224087700728828,4.651736459430865,2.5696634815043433,2.503370802533526,2.019725019111247,4.9168372049857,3.506804019784938,0.43798882303537584,0.10569772215684642,1.0983115628571727,0.0026846719918192097,8.641734818932086,2.1127114035719767,4.237694968080122,3.533366972354825,2.883623942098536,0.061699850612466856,0.2512120266165616,2.116244193779793,0.31903824801063596,0.6314123435333008,0.7787478916707349,4.164207458091151,6.555778259164445,2.882969446169794,2.2161964727111823,5.03266756112002,7.247565211117294,2.952097145069084,3.7883623894549094,1.2373042884915526,1.1646729920372736,1.6357868432598401,0.20106747120895552,2.4636048738191514,0.24162843677607793,2.592180300189709,1.230688012202592,0.12104493655933135,1.0270683556781213,0.9943554250927662,0.8343472943590573,3.9338511466425325,2.4967598906626347,4.118249218712886,3.3175408783819664,0.581494187204067,2.2979739053462804,2.0911864134359464,2.4310760309121178,2.63511740171402,10.648295903094063,2.1418017292133333,1.005670144406651,3.159989165666427,0.361522644946618,0.12910770211177636,1.3832867910512952,1.4607459715025315,3.1994167697940803,0.6157722923544691,5.819450955395457,3.7969458082998844,6.797349597599579,0.1490215279290954,1.66798754871124,1.0179119293004142,3.777988939205099,4.227348898861439,1.164010035222454,0.631111442423611,0.041043497663928896,0.966584090103046,2.1911040334753324,0.7145146991811226,3.1156469009257357,7.522788710710705,2.1938595243076513,2.3533248148916113,0.22347931285232447,7.918852099959275,0.32838648757078004,0.4001630260029143,4.506834214546789,1.3398961153651436,4.78629374835833,1.3960801560672729,0.23241575705422202,0.8267074134686259,3.892233966927159,0.9049057483025138,0.814664106540842,0.3218913902336338,0.28238402680592145,1.6334962093861924,2.722006457132807,3.042655012491365,0.16457086478533112,0.30888150443016826,1.9440614227971251,2.6483798423376537,0.19519024954579245,3.2320732312398515,0.8499681125590361,0.8824590050932897,0.2758673198115862,3.535155317455157,2.2421356840804276,1.1021805278050478,0.627783977053177,2.4548114917194694,8.924980080678704,0.11861331033037348,2.034911684147784,4.851117219247759,2.6920489959179883,1.5658050780525758,0.4276514891446733,2.090719345108169,2.696937834913548,1.4569090759489525,10.132558557162504,3.2942204828143824,2.550090484731909,5.011613772570695,0.6383267549457351,1.7565452087019413,3.625280269018315,0.5806127035902682,0.10844448990317002,5.9424259931439085,4.735890586780129,1.6267251561156084,1.3598090291091198,3.9857825946242453,3.3485608579605715,0.2330760066002685,0.9333507161016135,1.3748101711569505,1.5003716070559996,2.7378364117977667,2.5890358557076243,0.3806962491997268,3.2570784107757795,1.2190831573547065,0.520097321539913,0.4123825246783488,2.8670244268684444,2.2239899329359787,2.0579577763001002,0.04838502898318087,0.1426335474890299,0.3190770749741172,0.8234523257998525,0.18683865530383148,2.5416646136467587,5.957174692445543,0.2694757856719636,0.18954874593572507,0.3227100049249354,1.7106583113998377,1.2438364813919431,0.7844156800058721,1.5161001737258446,1.3467178026534605,11.975958248774251,0.18526329285914167,1.0069091529206209,3.894634615065346,1.6966530801331794,0.7104086471401047,0.013310581298892732,0.04720600612040826,3.8832955274380865,0.03803937637692678,3.3590523012424205,2.270915658697998,3.3951883610019125,3.1564067427286906,4.530386574342726,4.213767351795158,17.870299624591723,7.154853667923876,1.3995077906828237,0.6296645762032735,0.03477246055844396,4.710391151016827,0.034243022064786244,0.46760808012630384,2.828890317435115,0.8240499606027996,3.2248207728013787,2.5748296951133645,1.8563846275849625,0.8585237092266969,5.8619218999387135,0.010892923211475503,2.2761103316176063,0.6614700062314607,1.204267056789019,1.233399299132137,0.5054495407322579,1.77950712794402,0.4873699782387815,8.151342391750877,0.08263595322888784,0.7894077063416409,1.5240344726852784,3.4595100224245114,0.32984563918927634,1.1390043615841063,2.4732759091947845,0.9854076648226977,3.135722351959366,0.6108240257733071,1.1306149712739575,0.6251219135360339,0.31955371003686883,1.090530512926413,1.0960562811329253,0.8840777780798941,0.443265189994968,1.0491735884672075,1.3724830290685197,0.46370706121764727,0.2982816073634247,6.308954022938738,0.9311997499166377,0.3369973084942375,3.444257697567846,1.9844336881280786,0.5913208696074319,0.342675619801295,0.8770221459053018,0.7636350518159691,2.63431208909406,0.05031011221444914,0.511456209985729,2.4753206265069534,4.590589514666905,2.8598058581454806,0.0001387083382242693,0.16289742121939899,1.4761422392745374,6.24964160102942,3.1351327721805915,0.6412953190881241,1.3029825320492223,6.880865061761417,0.88680371173425,0.7976837220550862,0.9727178064661961,1.5321325539574853,2.0650936029716385,1.4597528457822757,0.7797329604978085,0.7758271929077796,6.611056801166917,0.3069724597711403,2.0827584407517925,0.8695458287568465,2.0809801929763907,2.9687873471876665,4.385737849940991,1.0377679632383612,0.06467489177715788,0.815103534957741,2.077879637724068,3.3210791878493473,11.241521399721927,3.81584314841058,1.2798303492668555,0.3378455294072076,10.735149458597625,3.52898695907014,0.0014600289635532948,1.0504743159928371,0.5073597325892276,3.0980687642955056,6.955440113327003,4.227311623386601,0.7808051720264565,1.5996979596403458,3.73701904282344,0.17581224553031705,6.168915633940392,0.2265125001522169,0.04479297179913233,0.026378375560356382,0.5383909699854792,2.1524620264522167,0.7534114677035949,5.98509644232836,2.0604165400157477,1.1672173002577664,3.833762680209195,0.8623780644244332,1.599347603799191,0.02003589405482753,1.3036677013011,10.577698085534854,8.665750864181298,2.675243764559007,0.47742541851528353,0.11695588968450421,3.3117803768633105,0.6767822981905809,1.2340831803194279,0.270906469870987,1.5938855060351216,0.577400946429071,3.0234484773202475,9.292496890562814,1.2264485322446332,0.37467424129006677,0.6333495604461543,9.62095136240385,0.9150987705831395,0.04520327129708118,3.0759268369696566,1.1615612349801694,2.0358279562512127,3.3646399436018553,4.235930609505766,0.9538443528630896,0.2619123864594264,2.479236328929605,0.47078295202762255,0.8054583710324059,4.7919508509615,5.373348192282014,5.9548211720955,0.9375679001159818,0.42895918209410233,0.9649390275710779,5.220205718591212,5.095631156348111,2.6803413915007943,1.7827604533451353,1.8110098211602201,2.506627979492041,1.9127320131392387,0.8556238659254889,2.0473890392857212,0.11766874045362419,3.341368027963193,3.916139748850264,1.794014701133703,1.6083189575733678,0.3071640560180035,0.897018700144145,0.3963993504049994,1.6107521676125645,3.6971806285327204,0.2578972217811646,0.7938477230640334,0.7285191728835556,1.0362907812594266,0.02114727074863454,0.4195835796663161,0.05697019205148335,0.16942191119784877,0.6159848211672607,0.051230416773055565,0.27920400403255474,0.5088252077492039,4.615256755689175,0.5127721132209158,1.8969644611340715,0.2549742016187784,0.425750539031146,0.7434593322560481,3.4869408651076994,2.35338464694823,1.7673484329249116,2.6494016266469815,3.8881891412619045,0.2405101522967945,5.222107532888623,7.672715677504373,0.080189828826561,4.528775480048456,0.34046503366713843,2.3317624452279113,6.192567152393627,1.2475803649728707,0.12102426752198236,0.09846353300659338,0.3977619052865714,5.553563313218744,1.5146958689617382,0.18252623773320842,9.275667099289377,2.911417760334484,3.201705678557219,5.016914020578367,0.26021325395934536,5.51829941567246,3.6578134868435654,3.5365790456129926,3.0096239554044733,0.5270189837108264,3.2505998983411235,0.16759814232285475,0.9559878272462674,0.25224563357966867,1.303704579404182,0.8948796482650869,2.0727816554905103,0.020840699617183045,3.830182045924487,0.973044835816812,0.019565009107676,0.9779572368770855,0.8681049076430218,1.6256395322972002,4.148567436163621,1.1758379059170179,4.880394673861652,1.302981804290271,5.998722040707851,2.719142485667566,2.307243131972072,5.806994605590891,0.7866944408716379,0.5634659588216668,0.0760323496531119,1.3478380636806286,4.8207324190183725,5.653252411399764,3.095885054106522,4.688527029679559,2.770413467017879,0.35480088713312696,3.100080154344822,3.524373734694205,1.994334319908516,2.188864288044097,0.17825874467970682,1.8304031225606585,0.4854972188510651,2.800605863591882,2.7353717270014046,0.4081190432505749,0.7765297066889638,0.7195868762746769,4.8613631714784775,3.9611363771203103,3.5695895151791763,0.9497364824821195,2.704817034218008,3.417413530851184,1.6579493847967894,3.5458461769216636,1.71903456901017,0.5758124184453681,0.14432136998754475,0.5397923786958208,0.3563749163115535,2.112721205290401,12.948288584403157,0.43941383698466785,1.2320863111401306,2.0662554754358355,2.4399369763363916,0.43913363495434643,4.289758530103721,3.0145877235229706,7.676582791687219,3.3777532175140785,1.083022785757367,0.34548289570883306,1.6145558262733581,5.774598217242756,1.2760464216431662,0.07347356893561985,3.4613079601149046,1.0012835008015477,1.1985634559320173,0.14345612027508836,1.5226103025438755,0.31529523485012034,0.14266948491179154,1.2504703969768691,0.7946873752470558,1.3835432506978915,0.9735714280436709,8.96458818349445,2.268026341187067,1.0084030722183075,6.916167346850173,0.29493253325376323,1.7681917601006252,3.6054579711018864,5.739906792748049,0.01071732248048729,7.559285946238226,2.2271591259500076,3.5356879942807637,3.421222485165864,7.292743113783693,0.32209121252151734,0.4503291855905448,0.5363007676489933,0.23791713467213382,4.596909836231905,1.1220464055398662,1.8418389220191527,0.21488427032362067,2.0141601343966054,0.26814417292078696,0.3395785271025581,0.2536135943615043,2.128942348284267,0.14396660508616055,3.835330321685832,0.9699785896127178,4.885125703534906,4.610065180550023,3.372495823803732,0.6944289388942329,0.15069942537728864,5.805520812815167,0.15879373224018956,3.5277141793693096,0.6616348554497702,4.2905164800267475,2.127788298406705,4.815041722509519,0.33841416059886353,7.432512042716404,1.3106301819724124,3.74549242418802,6.084271141325758,3.63788405885337,5.054852321145085,6.9871577194770325,4.750185506199125,0.7618214693718557,0.11929840463689745,1.3692580419812541,0.16862115895025642,1.5373814064836158,2.200633909943238,2.2686142457898115,1.495154345297311,0.5599720963457046,3.2604946780385564,2.0460339910939593,0.7796418383607533,1.7464638379414885,0.9387113031002019,0.643332468058098,0.10319502377302592,1.5462088396545504,0.7996793907072566,1.199207161317142,0.8668883051754591,0.37024469765716006,0.6734765325025973,0.10430358387866812,2.759058809458055,0.602897631739599,0.31044662627847175,0.30365768169422735,0.9389340635133592,0.6146187280924581,8.335742092488328,2.418128617152921,0.6042397270195183,2.3183581979980357,0.5796925602433838,1.992795501713506,0.22733854799572606,0.6882679158753344,0.7909209203003198,0.3604959510490322,5.373593583827744,2.911156572776137,1.0408580472276039,15.411646416833825,6.448078119767239,1.6644964727056242,0.7416994616001121,2.487811015191694,2.93559108544636,2.857638011612634,0.35041687037997127,1.413358452800951,4.327815941387652,2.35696663505507,3.672931998259088,3.2291101804422233,5.994744415243247,2.5924091703344017,2.6480944047614066,4.8633356056139,0.8091954016682419,0.09103047936805853,0.36119448864200265,1.2365510972288323,0.7777688511470062,5.79677204593541,2.2999492502632766,1.7526424391749202,0.6056861742889801,0.16645500720864392,5.815853249428141,0.8133560257006214,1.1395612692329191,1.173166371356137,2.596360310253061,4.063831906892331,2.6231533191148406,2.620109929424906,2.582211053575632,2.584307856756557,1.4544211862288479,1.603184828130457,0.037375266770566296,2.9822048657354387,1.6687291234280996,2.601327710635801,1.3925599607129961,1.661474789894042,1.5220886443120274,1.0571653201727302,0.060524345868548046,2.824314438956845,0.960368738450061,0.051187292191815725,1.3018997218327288,1.7979372362593264,2.2531529753408415,3.1312051759940474,2.3267672373408796,2.059811996579623,6.6284208366627855,0.47778112274422463,1.562454039633839,1.4271685753019003,2.5577735324441018,0.015267434361533994,1.2234318848922845,2.734337184281421,2.839307737160759,0.29727720161480464,2.1321871067700426,0.7664891740136227,1.1705750926933824,2.4568255385396034,3.0760145877162115,3.170318700228431,7.519333612791218,0.5105438107311135,0.8647266331452363,2.6826456462982087,3.821986177077453,4.105431104316553,0.13440898265799328,1.988946588839036,0.08506333775871067,0.43389854034695874,1.0573490113254755,5.598338455358265,1.18678805861156,1.5555940485068964,0.3467318919181688,1.0545287025424899,1.881295607542564,5.106360102087634,6.030576687400547,3.9271675462962827,0.4889318044884652,0.531276952904768,7.1897393768091735,0.9468711195577815,4.939958392307816,0.5651398946750219,8.610322734858618,5.016401214375829,1.2298485220986,1.3771066126056186,7.715260995145481,0.5393563282729199,2.7985714573905067,4.953821887808861,0.08962716190213493,0.647677457328647,0.8180671026948843,1.2346508527457338,7.850777638121638,2.9098832894455757,3.007223442020173,0.6561823042382785,1.094444723691021,0.13327470987756906,2.2727869031519976,3.1674136726994417,1.4690512778960714,5.408328517402829,0.1396503700495192,0.3892735737311135,0.9889258760206607,8.343595536024216,1.2256952857227912,3.8722160715963327,1.7453047475454668,2.535086725919287,5.225561767823143,1.0524749779639517,0.7641209133271627,1.1525131291463286,1.2492384597244799,0.5525104028533634,6.764389607916669,4.90222277199953,0.8390767050360735,0.42119277113723785,5.797245563255772,0.9198181235249683,6.247522226618869,3.1424474493650223,4.259568792248528,0.6582045716767082,0.6528621990603132,2.4497479853969613,2.215214351290792,1.8928298388294014,2.801788864251904,0.407880517468879,3.8271729530320027,2.7640069971650174,9.216830632347905,1.1616732795467968,5.196353068397702,4.867432814872991,0.7576422942109517,0.4133152472875995,4.237507391407411,2.8345751183393997,6.14672696739438,1.9430724226737102,1.370632889146144,1.0080190833010518,1.8133331855205896,2.3127339832517793,0.1994762392107402,2.1288355771946206,0.6900802860977007,1.6968826860506134,0.9353435888655981,4.263153019721384,0.031194341752195154,0.6484296293415273,9.10619372906787,1.040157905796737,0.42103200917006633,0.8362200877554371,1.3911159551409262,0.5025526073133642,0.5281041548141121,2.551083901086602,1.0709933155547318,7.105860743961618,2.809956836925098,0.10224304561304143,4.74733739526548,1.674545048764762,3.188160003909721,1.6371102931896604,0.1680306906458362,0.6450030713621171,1.4856955176457536,5.581819480769958,0.023001624952041055,2.0576381732118074,4.736870068011473,0.31223145497673976,1.5919607310457207,3.7603572024100624,1.990889933369747,3.158474304780479,3.8037711947752415,0.18398394586863165,2.0623997323832004,2.125398597987605,0.6251577598023008,2.2924508967796213,1.975787212885703,2.1248855933319875,2.7220200869550095,0.1700462368020284,0.28203589113367433,4.904320506911407,7.553146830938934,14.751534737248406,9.363265652087202,3.1918580116069952,5.198145980915866,0.15326580931821376,0.39239706317830203,2.414841421095392,2.324893424994984,2.151968545250611,0.261831643908999,1.1645088731142508,5.242708726042832,0.8700545082241852,0.7529821739033395,0.5532400415956568,5.009479697108134,0.8304860436039041,0.22125083236924725,2.4488293997058084,1.4270372977974413,0.9351232652975812,5.756587253456393,6.531541303330317,1.600436437265264,2.6580995365752935,0.44569227535670275,1.9708896501232096,2.2296296150130934,1.8787149409233668,0.2700598168395685,0.6230162049973202,0.6109103528923596,1.8331181139766954,0.21316942161771113,4.299970743565911,2.2939677768841453,1.918933251894063,0.5483964356224034,0.3744432641701084,2.613765670858835,12.821472567784099,2.857926810290249,4.476630183407007,0.17582127958045557,0.5656971254744565,1.6479520961862582,9.13530244560811,2.068960883323153,0.2951750174425094,3.0024078764396753,2.4958211221675235,5.780290135721458,0.6144037392315007,2.6349904996267295,0.7681234380111848,7.09169356541866,0.10674778384756911,1.715358760043272,0.5127781744927737,1.005574736734701,3.0469629292191915,3.275021655568104,0.06837666629584493,1.0955847486795949,1.611385405249072,4.248872231892218,0.04527273162454348,1.0013744865652217,0.44090654502134985,3.338199170862073,1.5251883239800017,1.9694138658061782,4.09634443278076,0.32868749214623283,0.7174424057424471,1.851716800192646,1.4414989917611833,1.1604095359960134,4.401314559405105,0.5696497684707379,3.3807501131437174,0.09088726080062681,0.15180589942704706,3.696851558336141,1.9574275370310494,2.804698868544648,1.5830964084916406,3.9426249727380087,1.1099483176051077,0.9243886304945738,5.924316237307473,5.437470509710864,0.29394177770077246,2.2390043987628516,3.520689580443735,0.13473737071162717,0.5232073473248002,0.507989618233736,5.744853891210107,2.1126886547267123,0.4782818021790267,1.3698376589855215,1.434546616701478,0.9087404011616452,0.1598043060876042,10.68646114955626,0.2610052928455393,7.868981766435101,0.24224171789042015,2.3179644670801416,0.08898409946939934,0.8367936571912207,0.7071989633968976,0.9135141478340822,2.3156375308201067,1.1675001788613166,0.9294483032947782,1.8129194864167593,1.9371729132061417,0.9082232248012181,5.580049543877685,6.675136361399003,1.2569751140785095,1.0090674733632894,0.3014884074201998,3.4377815494548982,5.630104532221979,2.661538819004051,5.884320174162376,0.9079103280574816,1.200570717685721,2.506383726214322,0.3483643370065145,1.6020374056275828,2.152606039485103,1.6538728029354832,1.1201311127643359,2.0516366277245592,3.555438590485427,1.098011470343192,13.910972347947581,0.7756855271977412,1.2848256592871623,0.014055319579320713,2.886660335812085,7.243293155312367,0.4887603071231145,5.307533451768368,1.0138840758555956,8.248986635929121,5.338452736538478,1.2142061964656383,0.15260762710363618,8.384070690422966,3.094290777379606,0.5468084372377155,5.084672237136428,6.109678409060541,5.2429392818417755,2.64319426000576,0.8199395345682856,1.5889748213745132,1.7537791411649377,4.605782532868999,0.5590297190772318,0.8520335616569841,1.8131712658153938,2.3749858063739175,1.3613798766600316,2.985687402536519,0.42385404722000497,3.2148792391692997,13.825465834373006,1.0931481821931661,0.06114029888144579,0.14973521706977388,0.6700924163868638,2.898156877958995,1.1133039778111262,1.9212791311138786,0.31262696622015973,1.1657683407314783,1.1000232331187458,1.6031710044697087,0.07574629458994764,1.2163201399254029,0.5754367869701641,3.5314322118133674,5.204722432884392,1.877776011689629,2.3653289014589625,0.17606979154181246,10.035850829250778,6.120718593727244,1.925473817164664,9.150761540285938,0.2989243493955148,5.728812628883691,9.895648731061804,1.454177235629357,0.8737920014728326,0.01579816319025107,5.845570924535017,0.9260843591802366,2.5852145372855087,1.6287602848538012,9.907983193860193,2.5279950114248195,1.4231532450135616,0.9029684434140042,0.7686570170196997,0.3737235303654618,0.12037458317242855,0.3152111451257531,3.6841532728577695,0.20228282678390325,0.7094591490563786,0.8989676313093669,0.9013801786557398,3.029358373700479,0.006477178533367711,4.225379069865738,0.7063446438091834,1.2389500025641214,0.42876649946881207,4.2654400313415595,12.933456675121542,2.499474517019821,1.2238190592498528,0.5388600444484357,0.19672881750384796,3.2224819084995757,0.5710405102058707,3.348341085401035,0.46137746675228486,4.249574173865368,4.352278685041631,2.124413386017139,0.20166179600875234,3.590023328732469,1.3333562176233613,2.4874014130438096,0.6395516713671372,4.101488590546005,1.2144589031254112,0.12498192080257664,0.3126179763440723,0.47837629810784404,3.351935053557762,0.4372796935236286,0.01391812055600461,7.685397187357228,0.34891060924621375,0.7595491345968028,0.9686007718425911,2.10781146529674,6.407526757226589,1.6817065248452865,0.6124863818700905,0.5661702205078643,0.15803609037058974,1.9598876676033126,0.7401672587429462,4.826686965680487,5.036957277100886,0.026821411574324605,1.2379712158136318,0.9751409055207443,1.57076689547393,0.5518858478731727,0.839777160060235,3.8193254077248944,1.14392404109191,1.2815381101554917,3.5659960254397434,1.861567357783835,0.12960446851304863,0.07028623308107196,3.8458550511976175,0.3986990273913653,4.1136206188570545,8.586028738060586,0.09252818927894657,7.789787985973824,1.5325309071453308,5.833951632635643,0.6524041570724477,2.463436848065691,2.0131860755606747,1.696133547551087,4.84862518981403,5.102875196900436,7.56064057844382,15.410443970791464,0.41901706108476855,3.2357257851379986,0.8390183997584229,0.09647997762072968,0.2570672376311369,1.8954125096561125,0.36921087247747764,1.7737985547741864,3.6303630462290974,3.9245484223304175,0.4131163277958839,7.193113753752074,0.44390251178620077,0.9393635370915276,1.091838598099152,3.4442473689993296,0.20539235570415304,4.4611912026566065,2.667866624672394,5.775220858768673,0.9983280127995907,0.17162321569099037,3.449857381526619,1.2955609211892471,8.106749906662854,2.7392186680024264,8.497401599680238,3.1788450578095975,2.8276427529785817,10.198833553143155,1.2170808333818601,2.2692653438423886,3.058131958663775,3.245324574433459,1.002273794678922,2.8121131124629484,0.5435886332860077,2.4816890319847147,2.0218809568324905,2.153438143035559,0.049868284039534694,0.06748830261374739,0.6133387437789958,1.8716067196433617,0.28680582174203817,1.9138489990145717,3.374836233749172,5.1726106390893785,6.715830772966942,0.09885384229936478,11.19744200401025,0.5492484357508278,6.1199755729897065,0.36077246044465333,0.10612775111256967,1.0411139391416717,5.332743828226761,1.6233603479322642,0.07551296851448885,0.8679386084046843,0.057781689237458744,2.2069250590066183,6.047223557149616,5.961912749441574,0.040759412100990766,2.6782590168160443,0.05915370040558221,4.797380696358364,1.3847095701481122,1.0783492058492623,1.3891925606156126,2.670399469163944,0.8159434405351483,2.229373806228885,0.6119921308168632,0.654089046059448,0.6964755700878533,0.07658393084998494,2.687552029071365,2.137497322913401,6.227150753748285,3.6467301131354537,0.9143941188402498,2.0555942964150273,1.7487430509955693,0.5993494039715532,0.013175029861984891,1.6814707244919032,1.5406722106789692,13.046544672206462,1.2192802474481315,1.3480174155769094,2.4921860983923407,2.514129817404764,0.8118195991249368,3.097044731283929,0.9285101415873598,0.16366918450935397,1.6039804919039056,2.878567808148902,1.5139386475647847,1.4404776725676407,4.297848135093095,2.7964324727802943,4.830775264557018,0.3547764017236257,1.4287784627321547,0.29759699577224863,9.52010196507854,5.81654819926873,4.952373210394077,3.3560900138370373,3.7367624117414455,0.2837273811754555,4.755673012276062,4.590144470115212,7.240137721298083,0.24779272313839823,3.6034960750786427,5.278174689486203,0.5773598947715457,2.2124583289213473,1.948429521685413,3.75874165299618,0.7826367504988507,5.662629761161018,2.854843869110316,7.419604302291922,7.081392534083601,0.41638424072523794,2.1616233669329543,0.7146381507683093,2.723247581296512,0.8468784382395654,1.8183110225657009,2.1154176028616054,1.9801025473168907,3.1494881519138445,2.689060530902641,2.3019674386655797,3.8969419154499896,2.0339026904311934,2.9824888941691867,3.2669756275000537,2.754443339641241,4.578220321261554,0.4471802344129596,2.9875049552830286,1.2538499471318385,0.6829620215274399,4.6830067296567215,0.30817592108880343,3.3259177830763758,0.8495561241494114,2.978275371197857,4.166499393694997,0.09969182674526311,0.29545682315798816,0.2557366096033472,1.0425163820722942,1.7737005015731628,6.942430265413481,0.37646083833659705,8.127075735040851,5.228712952093033,5.178919546895635,0.48526055221578457,6.468167017079479,0.10645844722791775,2.513250424533564,0.19008364816449214,1.759268079181577,2.849912858678894,0.996151430060265,1.5567622126903453,1.6954136472706702,0.2836198061979419,4.294196274441901,21.631320793718846,0.4686328809130198,2.3665221067769204,2.405189650529061,1.2262307197979694,1.0688042073846256,1.8278017797657422,4.540391140290447,3.47932004128284,0.6293559743263082,2.276454874840128,0.4976165999398898,2.3376369514409,1.4412362944383905,2.9472034700679335,2.785921808227577,2.442022116871208,1.3159397195797509,0.4192909277565673,1.153583758092316,3.362161928645973,1.20801174883122,0.4401560247921665,0.5068078770100586,3.3053186337299665,2.2161053753433393,10.330816581972293,0.046484652594594,0.1474562862127542,3.0160991209110035,0.8795474578972255,6.208754849942261,0.478377256518172,0.5806833144375894,0.9251680660016848,0.020432789963617193,4.327256802039416,0.28277993511614175,0.9758699370701713,7.461389951692447,0.18951012777291965,3.2994939633255154,0.621556724321537,1.8541204997599792,1.1662986765583394,1.9747198738421323,0.008884814845785183,2.2275917583253912,2.7718769289736036,0.5387704767693824,0.49491660137233273,4.647277544499732,0.6423465584241885,1.5203761473156683,6.531997791152733,0.47931480720446595,0.4454064225938417,6.86133992276076,2.8169292613833212,3.628308599611189,0.6955824481031476,4.955345535777237,0.25036428158308666,2.664605290136058,1.446678594061527,7.038834419526621,0.16780406624413935,0.8685622103368291,3.320474914481971,2.560725905289074,0.03420803408463402,2.088356069823068,2.596190118432081,2.8219642904646167,0.7335982554258742,4.318145764685944,1.9947852906993566,1.8542131319357424,4.7307665587013865,2.671700876587636,2.001130723652108,0.1120984569854313,6.040896879231621,0.991981215479831,1.8302754249460031,0.7218555656219472,0.06122374718641277,1.113778417271165,2.4271284404815017,2.807597412085552,1.7773694427774818,3.072084356951293,5.289822544839163,4.728459431062942,1.378999376157577,4.348440619841957,0.02933180525766388,1.932430597697273,0.986312315049056,3.782435834383277,0.4256456796276975,0.7238188084781133,4.808466538301484,0.8364151156339841,0.9233159527573402,2.555713359786668,3.831765462771046,3.5861693309287466,2.297761543423695,0.7781719754208067,0.3171581022895097,10.396140540080454,3.9154437131396085,1.4365646800272998,4.804600841260035,4.748110017624771,4.519844396990337,1.0071341592048204,1.7680718678545235,0.7269649743056041,10.641712401740861,2.0270283130727513,3.8578879018261514,0.8616859617816717,0.8344360507397419,3.627994215786051,0.6274641390961292,4.209041532930765,9.534672710879772,4.419750146712671,0.5426266676999261,1.0715885643289047,2.712947974379703,1.7289116734523275,1.0014953696065545,0.006300562133212173,0.6865816410833974,3.839551149674223,4.378483787468138,1.0560645998887783,0.435537301935367,0.2724603225536038,1.2393569124425925,1.2988315069208314,1.0021573444144147,1.4207696373843008,5.556362401464147,2.8388276028480126,0.058932004212612965,3.997675904081431,6.660934721180836,5.021882522042114,7.451521430010604,2.3739961722056204,1.0468334071354533,0.3051808679579202,0.8675533065012438,1.0385268444516504,0.6591790649242784,0.4542608347245196,6.011753795610761,1.2145282360073524,0.7416961482804086,0.4712035203075027,1.3674542790375377,0.2288865938002681,0.5142289080794322,1.3342150444122312,1.2429583698079103,4.204016709165523,4.917163908292221,0.388282345447837,0.7089306882320403,1.6732174201915466,8.836427415469815,0.8591997608220521,0.2924973373138453,1.6942146198899515,0.9692433001304686,1.3168559456853164,3.1373548967621803,3.7581776766335744,1.6748270453747804,2.360586976938464,0.26576688808277305,0.9888011116418204,1.2275876835099166,1.1343086730827063,1.925419065549253,0.7555597684313304,0.6681050266173493,1.8886785538421635,0.40362823142970167,3.117351559519314,1.3903391492779855,3.7251437595049106,0.6044393671086035,0.020502135093539486,1.6151212250788904,0.5747158382718522,0.9327902693452066,4.727018801597542,1.011129634581762,1.251465219830354,0.19863441908183233,1.4859459960953618,2.2441902990347855,2.2889877602942565,1.1654286864912438,0.6579622919937049,0.08431035829037009,1.954215161932511,9.694127013421376,0.9216680599629825,3.3158933674313307,6.2431198583145475,2.8376852043524368,3.2407507862108984,0.8692954172572884,0.8464500102312706,0.48021194399298395,1.1231000643104307,2.195256998670157,3.745649196735167,4.617465220438645,0.6228910923129121,0.9831454006542129,2.2417628980690223,0.23143818347394207,7.9402056022384375,1.208932023321319,0.48075634487207175,1.912763839590699,0.2813047497097765,4.166310014536278,1.0018172693729244,0.2225827192444937,0.5732458946169913,0.8672477929790208,2.09413071384044,0.1450641148524271,1.2172311550307657,4.176224234592111,0.4412568537233734,0.13646315453952262,5.580151437922296,2.662714824292326,0.6423573012154895,3.1290749163281166,1.9883475589598194,1.1985467229368094,1.016152359255082,0.4584361920341099,9.223276864825351,2.8530853643233787,1.4959999707321825,1.0143316802807787,1.57643083125599,0.11110848003284968,1.0111919296197005,1.3062611794436783,0.36112501296891497,0.13031880921118466,9.756175165847477,5.284139679961871,0.6945811531429504,1.0118786100334494,0.6286173267379265,1.720328755785327,0.3961364622618102,2.0230153592342166,2.130949414812341,1.472701482098524,3.55025548097647,2.319702113385135,5.484484699439577,2.1485764613392195,4.765343685462146,2.5937264782442857,5.022217263468598,2.0108533054881055,1.4523880737617936,1.245153478168193,2.1260013365716315,0.5232832416413853,0.15705888428389714,6.014584542892472,7.967587718591939,1.985510863038325,0.02443334275505782,1.8701159605617954,3.225269645215182,0.6748449895844463,1.9383512154410234,0.08450816618791979,3.430134929217126,0.6491681326832819,1.556185598873118,3.080863728936605,0.7766844342184397,1.844564153459785,2.436057224317632,3.5291587285903026,2.1790845911160006,2.4357432301167115,0.36603970789457085,0.4277459985287999,5.813344057993408,1.1638933003792094,0.8801073884377321,0.5450313844727148,0.38124323410253425,5.414642931378179,0.16264488315325198,7.338175213630825,5.907940138842483,9.477041196002572,2.450603651763813,1.0338282211461198,2.304462650166781,1.959061395748992,0.5620105559226991,6.456722398915447,1.014393576462405,0.08648626801111958,1.5506441689779078,7.555620913130603,2.2420395366445725,0.25265904651256055,0.5235389201392778,2.7805406344695456,0.8664264189347499,2.2288840438140416,2.5491515026759926,8.058156310665954,1.0431249562360507,2.5458969876682405,0.5460037952533922,0.6047120243596935,1.613544654645994,1.8313287963645455,0.8806812553111045,3.546509866102249,3.7981215336690752,2.239488097710197,2.9323390180872773,0.5729020550025519,3.66910316937102,4.977522497206662,3.347735126223598,7.7702716081032825,2.5301298498765186,2.899142162042132,10.625120987722429,3.299663079860909,1.2992753308022407,0.7805362117737641,0.45780906177158376,2.6751736385701808,2.162053091907348,8.393140524337285,2.7041926507338876,7.798107752856129,3.941955966579969,1.2277666098040616,1.1014938836033172,3.35152534514364,0.9140162618190366,2.733055492254697,0.08778991350508347,1.0568534706868102,0.6010006894841167,2.764568995139672,0.7945661009827574,4.435085053978532,1.2619341534454152,1.7462878276496532,3.920123750803418,3.75869717677974,5.7725337668185235,1.996493814368851,0.5304994714984244,5.723358271591856,0.1865520359416568,1.4634780300566772,4.406232991520282,0.22915081754394118,2.178966097162366,1.4115385675998176,1.5751827502112672,1.708696044496634,1.3922662814432578,0.44956600343895303,0.7756153652383573,0.8977464494952976,3.4989731041134897,5.711235442039662,3.7719897309533414,1.3382162624863376,1.7248361425306635,4.082570038762752,4.894920760270449,2.3178950637179465,0.6275726749937426,2.024804026712531,0.009789668376728455,2.0894622529202067,0.16941814129150656,2.748373337387894,2.0837724945508356,1.1303857582152599,1.9046184032312077,1.5405382489091213,0.15823378881193406,1.2263039537724296,0.011532120624705766,2.2528075061573656,0.7660398511809238,1.7716476242444572,8.293978557179742,3.2609349891741273,2.921918085710653,3.6830769567988884,1.2385451213734084,5.608373553998342,1.3521426159816738,0.4687846316749974,0.04930985910016705,5.467161342393173,1.0468606269969296,0.7240715236351938,0.11183072568299068,5.620297863007815,0.21744348746351605,0.4368781643396511,0.23567604528828073,4.621883976631741,0.1776420503583237,1.9902724524839341,1.9392672648363303,1.2313346486060932,0.897654393502556,14.282432489718163,4.2097723253705785,0.5833500585819857,4.7271338751897485,4.929100321056512,0.03208213485510186,0.32922919107989246,0.056408664343100545,0.9465012755601105,2.172877461617311,1.6020300234148923,2.058982579431883,1.4034142140705366,0.48486588216575677,1.511851019317878,1.788265415777074,1.1547531676949196,0.10956645770545648,2.1480061165399,0.03942918348979996,5.248039797749108,0.13894901995561804,0.6849328149270804,4.132981757881167,3.9807689789138614,1.261791294823794,1.6949007881315812,2.657921186231751,4.107470898340361,1.752122948527557,4.691281701874715,5.234097292878637,0.4902790696185715,5.141938565320646,1.9305886785723532,0.881881936918084,1.929237276630676,0.09442383462316717,3.9014309262905797,1.5393291265393487,0.3452780552173458,0.2925685284716555,6.011894513669907,1.6153555310952608,3.6217660604896333,0.7101509339076519,11.562202470355206,6.421735081971686,2.6902111928081065,0.20794624518575267,0.3524421464421301,1.6592089751294263,5.068846495020293,3.2338280544185842,1.6505403109736707,0.5910764836324646,3.541657708296457,0.7178342987002667,12.833759439645728,1.743588881207462,0.3478807942636959,3.1525595262783717,9.954767776776304,0.6959432164622106,2.266898692934053,1.1634734675146392,1.5969276383604316,1.2233948450719598,1.4878080558873037,0.19852502926427976,1.5044965901875864,0.6010652487266248,2.5904499499106883,1.6077339471108143,0.501182621124846,1.17375912256707,0.44314454558452265,3.9106680186489786,0.18257077177430517,1.9590652869066179,4.363499244073384,1.058208690364916,0.29369555652345825,0.5714228205646177,0.48864558483370546,0.9353566701480927,1.5721958517749857,0.7494283558002539,5.483651629370622,2.4673946436687624,9.57146965840927e-06,0.35030338298651886,5.094448360849272,0.7328864008298366,5.078923731914187,0.8098406523064856,2.4708356671647467,0.6295420579719186,2.1931864414527595,0.2863486301314704,1.9435401657925044,7.7851618496678485,2.324884325285551,7.650006658336706,3.2409880805243265,0.8270414972265203,9.939997746862435,0.7414979561081152,4.64272527963836,0.7247705617255205,0.49999196835987414,2.743204378252478,1.6332244815945938,2.201776414041838,14.928894044499108,0.007770582185938069,1.525283517384238,1.0510151195185782,2.829653370380596,0.9345863097424302,1.4393331196611137,1.450901860603689,2.191589209011124,0.9513770148688756,1.1870418982217128,2.902224326835063,0.8960853502119582,1.6289956817177131,3.9692933366318517,1.4411764983474158,2.6920683072854814,6.769822017116469,2.5071346832853645,7.897530159240839,1.7430452717103864,0.693289910212898,0.19847794184453604,0.875040710344252,0.8667732675182496,4.65120428053663,1.1656316713870236,0.9142938788913625,12.235353235837456,5.013076762926041,0.01289940902372222,1.2461762325586216,6.603917038853215,5.23972265492912,9.372763091302417,3.934142191281762,1.1185515373092123,9.074650392598219,0.10814121486336647,1.6396981622019215,0.4291275638405843,0.03849781928309315,1.1700342974151248,2.2896605468092215,3.7104748407658663,0.42094181709326195,1.197007182108475,3.0953992859665562,3.669988650764318,3.9663837149088432,5.721532041117528,0.21968169713587582,0.35823646620419014,8.103639970369608,2.057122904711381,5.740369997337714,3.7590492093011956,5.2101137900493075,4.735363032776238,2.6482144700602346,0.5294773993094122,0.9472143517333858,4.156225599668485,2.258957921630787,0.9756617534448,2.4046589601240864,1.3094886839462214,0.061127530716930334,0.07609227335886537,8.895258679852988,2.649355396799927,1.6496127568926044,1.0377936040729052,0.5717867987293641,0.2757774745339887,3.739489583023163,0.7350364342441935,0.18478765956682852,0.9851711961527518,0.4883669997281137,0.5341846019026445,3.4139693344964104,0.7984728306563782,1.0257410617469895,0.7847974860077143,0.09284273546062138,11.026364688659207,0.7697152975829926,2.7954051449859745,6.397385148797987,0.016515312071541666,1.3984815491992224,0.32170951081864896,3.319720055188235,1.6298053171973228,4.551382784565108,1.4246724557312658,0.26499381029497415,0.8035355278770924,2.1179306515397727,1.1343828905113758,8.764719081007549,0.5378489215133246,4.999591157643606,2.6365358884175807,2.6738871004502465,0.9991415546223896,0.48884496957810775,1.7018551337964554,5.5801076678702,2.0899178940491927,5.018305287387173,1.1409642560522613,4.299674857640711,1.3760643114391191,2.4162635090953546,3.425169707383551,1.9347183837241186,0.09244495933915475,9.218144548594962,0.9144990901449785,0.4291750638923887,1.6966391090746298,0.9295634695314599,6.419025091616213,0.11210402971395395,1.3408577909130925,0.2720789187070558,0.556435706244014,1.0657444954565793,0.35958740516140697,2.9036933499172095,2.092858558527539,0.4383877404565828,0.05220054118932871,1.2359153243393202,4.804222113214072,1.706918760056148,2.1377489936128224,0.41593898316302447,0.23695804485402183,2.4605101569353627,4.317441331768812,1.8683219524219155,6.309747767243806,0.4785946492554545,1.6220828515985963,0.4586336487801399,0.846509005361441,1.163120277146862,0.683889070392718,3.210821464465751,1.868878352008989,2.9777918483085837,0.8055306423225137,0.18036393412487328,2.238854794009692,1.3721369951083928,2.168849101684812,2.894386215727558,0.998087958117073,2.4707438889217417,3.3436644820651655,0.7346923421286506,1.2398226044163665,0.5836230077691553,0.7027675006175089,1.0481721320543325,4.110875502003094,1.1541610100219983,4.482400645468771,0.8734141005888358,4.986932119489942,5.56253987955545,1.2063435731283274,3.9310088797080516,0.10592484352170894,2.5140653184295503,0.3858070382417367,0.6768556325638528,2.686148201097393,1.0362057710774843,3.456513610705052,1.6754727837635277,1.0662762629303737,1.1496028215048912,0.7589978863096667,2.212430753045818,1.6356858557677874,0.12928245779047254,3.232163702216928,3.0717326444995594,1.667397911294517,1.74722362955103,2.1037131127269464,0.637718708474868,0.16083733619551677,1.8090860453642956,0.705463052063033,1.3878419848921397,0.6332095610553753,1.3105924650489564,3.903051478379596,1.5011084548671894,0.9413719523212914,0.10114614242587683,6.796454874471202,0.5041946166175135,1.1741357034355644,1.6174533024367646,2.9539542035080526,2.877029641628039,2.8254830994608424,0.6006590997322951,0.2053345357555636,1.146915179218556,0.800002901145791,0.4727073901691101,1.2873958452988696,11.62109471787619,0.6805795474634033,2.1505475655332624,1.340436963927584,0.07994022241054699,0.7498618151179817,7.955927210304694,4.979324514387965,0.37660547799305366,1.0603880800405667,2.2814831678787053,1.149804603928142,2.5395866807518575,1.9208826812723387,0.6832814326464185,0.8015212612560694,1.174359068795842,0.0958870055345945,4.527819814495986,2.1256622437465205,2.5644941095633333,5.059078971521654,0.2896801180287596,0.5602115605846247,2.766761349197607,0.30430359428517323,1.0122919944897162,5.764121075531774,2.257138406595468,2.8549948322148646,5.4751221665428496,0.23499289350963715,2.919018181642138,2.991103224397196,3.871385950600654,2.8683683646520963,3.4878018233187267,0.16055987025646823,0.2930079355179458,2.826142721150937,7.3973958240122535,3.35371901959241,0.6025845140919348,1.8459946840486174,3.1617350058446356,4.208890428799358,4.277689447940335,3.6883564625751055,4.5279152632237105,0.08148306385722515,1.5189351833103522,5.505352711049147,5.570029631094265,4.444255851113316,3.655530380962299,4.372326057952737,1.0839597125080775,2.464511566027809,0.7773742811661519,1.622068343485023,0.15854567666371944,6.344086202694309,0.7697076013428836,2.4767077155360324,0.0211681530768546,3.9704269880151446,0.74005449208982,5.158766374292009,1.3430834793219313,1.9799847294654471,1.1249867931273108,1.045221250625032,0.4055610042505746,2.0409709020641955,1.4845136564766659,0.8444988033067764,0.0877993205212253,3.9382313174522756,0.20121104209625917,0.522024996494928,0.7297329155491544,2.0024918663895934,1.9916295174401475,0.17214921588511778,9.381629203945128,2.2200709954822493,0.12848807709429644,1.6738030796756351,1.0426430008353023,4.862949340750732,6.229245867741315,0.34510311854874154,12.70750390952837,0.6024286820418099,2.873607358261727,3.1061156013575877,4.415945665853473,1.7364211650409076,3.044716281811814,1.5740483057696473,2.6250591854651986,1.027365894134256,1.1974783737156378,4.119089294102583,5.5450830598769345,0.5313280109526088,2.2954567348620687,1.5191513853929826,4.701550003725567,3.36940652797894,0.5010545947874605,2.65074407892688,2.293522132929064,1.4290001188425934,1.2392809148338388,2.0384225174095274,2.08207110695494,0.7266040728446974,1.6302154807837002,1.4350593224195394,3.605272135987909,1.1903953734836312,0.2847442169995169,0.5053253223707936,4.904762938046001,1.2602370531727822,0.9801958257011318,1.5667272695033048,3.77756162442435,3.465723775270783,2.582505445561575,0.9443449511614121,14.949658923821588,9.682722902355176,1.5138579327963921,0.045447449927669914,0.054292173131200494,4.332334330236804,0.33754771812711715,0.9519733996862518,0.4728214053292936,0.5078146453956689,1.566319110039916,1.6716047405542511,1.218128840696276,1.2970453353464086,2.33056178411847,1.6639360833631383,2.7028587400964197,2.4699776310015764,7.50177593746554,5.068671894518227,0.20821700411214356,0.7361109164860253,2.8156361803649954,0.7143179949128191,2.9467032812867684,0.7094653417263241,0.0007292196779178362,11.539906993358878,3.127902409069184,0.8557488397037686,1.6512245737511677,1.5292120541301035,2.263140335093215,1.2277646129202946,1.7073130079346923,0.18506561126145282,0.6262381728335815,1.669499977539052,4.516893463906744,3.715100482211243,1.7820762520510467,2.8731610895030335,1.1022785934652983,2.4068572671511155,1.0622969032480483,0.3972575790603968,3.9811268679294303,2.3156356727996057,3.1251685044540682,2.5117567826575367,2.803367890639507,2.6827470469751025,1.3926241290411006,1.5069090121224957,0.801716776830455,1.508778018432889,3.8742247138632075,0.8577954809463042,1.153023979900905,6.02256751194577,2.229400095644506,8.055833056671311,0.30464063083808846,1.5498511351328061,3.0096862183889197,9.785363622378853,1.7907262798799781,5.321184797418844,1.6891223232482513,3.899745223467899,0.3985898519779636,1.7065373601022569,0.5358219956403927,1.9453264195650521,4.2355870826913815,1.5465145613342295,0.029626799033486417,0.496701107656659,6.136327555284826,0.42256865291600665,2.700848507093847,8.388124287464777,0.37848933301659615,3.6584132861104273,1.8781905095624354,0.9476554130641064,1.4102585556355107,1.9099951165413263,4.682141944932034,3.864533698413563,1.273594917899126,5.833328818059732,1.886058251740898,0.8864803587254135,1.156467579790068,4.924819590159283,0.05020301517236514,5.233411718609653,2.3735023400982476,1.6821475404643027,0.016216101564263674,0.3507919154762038,1.5239757931519409,1.1318461498599213,3.748427016434591,4.242301391706001,0.7223300640721888,2.4548535560818876,1.1236505101059944,0.7674042995770897,6.748965722209812,3.6606008361924944,5.512492108843846,2.0078225250501918,1.223901215264957,1.0129868927234364,2.0669594588526863,1.2381244061588386,2.8482693128402623,4.112440469063145,12.026966822065175,0.9354854031780836,0.23626695955607224,0.27444797166842505,0.7510941142739842,0.01132415060690789,0.6760796342267819,0.19418856207376045,1.7790110237983818,3.645074931748867,0.07639025900016772,1.2714623221345995,0.5811091832903812,3.4014707143613148,3.9839256632356004,5.426553416949048,1.4097435264105174,0.674914116794219,0.939223098878182,0.4436338826319468,5.1738973003035875,0.051236264683244714,3.0141715752470106,4.87029497784822,2.285448982448591,0.017296286689792828,0.4997752185562062,3.5036395432484504,1.9288358367037026,0.7561861371742534,0.6413675771484466,2.291768544805176,0.31901300546636524,1.987200838970273,5.293976137357029,1.995581490636909,1.4990177351607736,1.0366429149148733,1.386565872652763,6.017148409789446,1.50005943759158,0.23138888519724388,0.7817013730090419,2.5749637995130605,2.7560542114437547,0.015240600354049283,5.461041360244358,1.8655975755032277,0.9086497933880535,0.3644603323038773,0.8730885123942906,1.1590062916066208,0.537618528382583,0.14484771236244942,4.788776426408202,0.018573961827513585,3.085396088130504,10.336827953468989,7.89553610961012,4.738367867501925,1.6793021512950959,3.3055354191810085,0.9550989571310065,3.764721218949772,1.684031767705509,1.9184281162235526,0.28460625809282947,0.7064921136688247,0.3416222750982755,0.3170791953939087,3.232933714686455,5.402134928236735,5.718363513300142,3.795368831222524,0.7328757332757645,0.31744040085566816,2.2882285548359333,0.5040089229846565
"((3, 1), (1, 0))",0.0,0.0,0.0,0.0,0.0,0.0,0.0,0.0,0.0,0.0,0.0,0.0,0.0,0.0,0.0,0.0,0.0,0.0,0.0,0.0,0.0,0.0,0.0,0.0,0.0,0.0,0.0,0.0,0.0,0.0,0.0,0.0,0.0,0.0,0.0,0.0,0.0,0.0,0.0,0.0,0.0,0.0,0.0,0.0,0.0,0.0,0.0,0.0,0.0,0.0,0.0,0.0,0.0,0.0,0.0,0.0,0.0,0.0,0.0,0.0,0.0,0.0,0.0,0.0,0.0,0.0,0.0,0.0,0.0,0.0,0.0,0.0,0.0,0.0,0.0,0.0,0.0,0.0,0.0,0.0,0.0,0.0,0.0,0.0,0.0,0.0,0.0,0.0,0.0,0.0,0.0,0.0,0.0,0.0,0.0,0.0,0.0,0.0,0.0,0.0,0.0,0.0,0.0,0.0,0.0,0.0,0.0,0.0,0.0,0.0,0.0,0.0,0.0,0.0,0.0,0.0,0.0,0.0,0.0,0.0,0.0,0.0,0.0,0.0,0.0,0.0,0.0,0.0,0.0,0.0,0.0,0.0,0.0,0.0,0.0,0.0,0.0,0.0,0.0,0.0,0.0,0.0,0.0,0.0,0.0,0.0,0.0,0.0,0.0,0.0,0.0,0.0,0.0,0.0,0.0,0.0,0.0,0.0,0.0,0.0,0.0,0.0,0.0,0.0,0.0,0.0,0.0,0.0,0.0,0.0,0.0,0.0,0.0,0.0,0.0,0.0,0.0,0.0,0.0,0.0,0.0,0.0,0.0,0.0,0.0,0.0,0.0,0.0,0.0,0.0,0.0,0.0,0.0,0.0,0.0,0.0,0.0,0.0,0.0,0.0,0.0,0.0,0.0,0.0,0.0,0.0,0.0,0.0,0.0,0.0,0.0,0.0,0.0,0.0,0.0,0.0,0.0,0.0,0.0,0.0,0.0,0.0,0.0,0.0,0.0,0.0,0.0,0.0,0.0,0.0,0.0,0.0,0.0,0.0,0.0,0.0,0.0,0.0,0.0,0.0,0.0,0.0,0.0,0.0,0.0,0.0,0.0,0.0,0.0,0.0,0.0,0.0,0.0,0.0,0.0,0.0,0.0,0.0,0.0,0.0,0.0,0.0,0.0,0.0,0.0,0.0,0.0,0.0,0.0,0.0,0.0,0.0,0.0,0.0,0.0,0.0,0.0,0.0,0.0,0.0,0.0,0.0,0.0,0.0,0.0,0.0,0.0,0.0,0.0,0.0,0.0,0.0,0.0,0.0,0.0,0.0,0.0,0.0,0.0,0.0,0.0,0.0,0.0,0.0,0.0,0.0,0.0,0.0,0.0,0.0,0.0,0.0,0.0,0.0,0.0,0.0,0.0,0.0,0.0,0.0,0.0,0.0,0.0,0.0,0.0,0.0,0.0,0.0,0.0,0.0,0.0,0.0,0.0,0.0,0.0,0.0,0.0,0.0,0.0,0.0,0.0,0.0,0.0,0.0,0.0,0.0,0.0,0.0,0.0,0.0,0.0,0.0,0.0,0.0,0.0,0.0,0.0,0.0,0.0,0.0,0.0,0.0,0.0,0.0,0.0,0.0,0.0,0.0,0.0,0.0,0.0,0.0,0.0,0.0,0.0,0.0,0.0,0.0,0.0,0.0,0.0,0.0,0.0,0.0,0.0,0.0,0.0,0.0,0.0,0.0,0.0,0.0,0.0,0.0,0.0,0.0,0.0,0.0,0.0,0.0,0.0,0.0,0.0,0.0,0.0,0.0,0.0,0.0,0.0,0.0,0.0,0.0,0.0,0.0,0.0,0.0,0.0,0.0,0.0,0.0,0.0,0.0,0.0,0.0,0.0,0.0,0.0,0.0,0.0,0.0,0.0,0.0,0.0,0.0,0.0,0.0,0.0,0.0,0.0,0.0,0.0,0.0,0.0,0.0,0.0,0.0,0.0,0.0,0.0,0.0,0.0,0.0,0.0,0.0,0.0,0.0,0.0,0.0,0.0,0.0,0.0,0.0,0.0,0.0,0.0,0.0,0.0,0.0,0.0,0.0,0.0,0.0,0.0,0.0,0.0,0.0,0.0,0.0,0.0,0.0,0.0,0.0,0.0,0.0,0.0,0.0,0.0,0.0,0.0,0.0,0.0,0.0,0.0,0.0,0.0,0.0,0.0,0.0,0.0,0.0,0.0,0.0,0.0,0.0,0.0,0.0,0.0,0.0,0.0,0.0,0.0,0.0,0.0,0.0,0.0,0.0,0.0,0.0,0.0,0.0,0.0,0.0,0.0,0.0,0.0,0.0,0.0,0.0,0.0,0.0,0.0,0.0,0.0,0.0,0.0,0.0,0.0,0.0,0.0,0.0,0.0,0.0,0.0,0.0,0.0,0.0,0.0,0.0,0.0,0.0,0.0,0.0,0.0,0.0,0.0,0.0,0.0,0.0,0.0,0.0,0.0,0.0,0.0,0.0,0.0,0.0,0.0,0.0,0.0,0.0,0.0,0.0,0.0,0.0,0.0,0.0,0.0,0.0,0.0,0.0,0.0,0.0,0.0,0.0,0.0,0.0,0.0,0.0,0.0,0.0,0.0,0.0,0.0,0.0,0.0,0.0,0.0,0.0,0.0,0.0,0.0,0.0,0.0,0.0,0.0,0.0,0.0,0.0,0.0,0.0,0.0,0.0,0.0,0.0,0.0,0.0,0.0,0.0,0.0,0.0,0.0,0.0,0.0,0.0,0.0,0.0,0.0,0.0,0.0,0.0,0.0,0.0,0.0,0.0,0.0,0.0,0.0,0.0,0.0,0.0,0.0,0.0,0.0,0.0,0.0,0.0,0.0,0.0,0.0,0.0,0.0,0.0,0.0,0.0,0.0,0.0,0.0,0.0,0.0,0.0,0.0,0.0,0.0,0.0,0.0,0.0,0.0,0.0,0.0,0.0,0.0,0.0,0.0,0.0,0.0,0.0,0.0,0.0,0.0,0.0,0.0,0.0,0.0,0.0,0.0,0.0,0.0,0.0,0.0,0.0,0.0,0.0,0.0,0.0,0.0,0.0,0.0,0.0,0.0,0.0,0.0,0.0,0.0,0.0,0.0,0.0,0.0,0.0,0.0,0.0,0.0,0.0,0.0,0.0,0.0,0.0,0.0,0.0,0.0,0.0,0.0,0.0,0.0,0.0,0.0,0.0,0.0,0.0,0.0,0.0,0.0,0.0,0.0,0.0,0.0,0.0,0.0,0.0,0.0,0.0,0.0,0.0,0.0,0.0,0.0,0.0,0.0,0.0,0.0,0.0,0.0,0.0,0.0,0.0,0.0,0.0,0.0,0.0,0.0,0.0,0.0,0.0,0.0,0.0,0.0,0.0,0.0,0.0,0.0,0.0,0.0,0.0,0.0,0.0,0.0,0.0,0.0,0.0,0.0,0.0,0.0,0.0,0.0,0.0,0.0,0.0,0.0,0.0,0.0,0.0,0.0,0.0,0.0,0.0,0.0,0.0,0.0,0.0,0.0,0.0,0.0,0.0,0.0,0.0,0.0,0.0,0.0,0.0,0.0,0.0,0.0,0.0,0.0,0.0,0.0,0.0,0.0,0.0,0.0,0.0,0.0,0.0,0.0,0.0,0.0,0.0,0.0,0.0,0.0,0.0,0.0,0.0,0.0,0.0,0.0,0.0,0.0,0.0,0.0,0.0,0.0,0.0,0.0,0.0,0.0,0.0,0.0,0.0,0.0,0.0,0.0,0.0,0.0,0.0,0.0,0.0,0.0,0.0,0.0,0.0,0.0,0.0,0.0,0.0,0.0,0.0,0.0,0.0,0.0,0.0,0.0,0.0,0.0,0.0,0.0,0.0,0.0,0.0,0.0,0.0,0.0,0.0,0.0,0.0,0.0,0.0,0.0,0.0,0.0,0.0,0.0,0.0,0.0,0.0,0.0,0.0,0.0,0.0,0.0,0.0,0.0,0.0,0.0,0.0,0.0,0.0,0.0,0.0,0.0,0.0,0.0
"((3, 0), (3, 0))",2.045978320553524,5.69807737260289,0.43710190179253217,0.0016315700455887816,0.461686124400861,2.2593760018813853,1.9514004727254337,3.396648120909291,0.38655781289631275,0.057354704413879354,3.3257687410601875,1.3748468876152138,0.34597071970870874,0.13716104761316927,0.26827811010224245,0.04087699510909115,0.5829359842186688,0.18965545283944518,0.6844665982744509,1.6925331345851413,0.08441369893044692,1.9041939042629341,4.146311048067341,0.007116696258958388,0.3102200743669603,0.8321766639304506,1.2311661377063001,1.8462817003565823,0.33475083262645855,0.7517437793197791,4.808688973904349,0.9424716135621498,3.2860566158764395,0.6407673927899675,0.11465179722045638,0.411569019977288,0.37852264924221046,1.0777523422616744,2.938829084669414,0.30842389889374644,6.121410127108924,0.05630739972392518,1.4474067956420436,1.6825583806632176,0.0957186574349349,3.0831167138814477,0.20820309889129351,0.9967137681587772,0.8416166932487237,1.4335483099615907,0.31405488203052245,6.892461337046557,6.404013765512682,0.377973382807689,2.3229688124530066,0.572632206418497,0.0983248670026029,0.8730859078021491,1.4066124125605375,0.4021951370891418,0.5477900771866988,0.9999009162791654,1.6114296730339355,1.3770600880961412,0.651890606127592,1.835137817226594,0.6372396338925995,1.4943694218359473,1.994464557953639,0.7915311755580374,0.9596497565990316,0.1367613736809381,0.32340070318028546,0.09229338774276241,1.8988663181236194,7.7364703098545515,0.20627086281500584,0.9095665086398697,0.18233487092024236,0.4285755308464838,0.37831225296269855,0.8603170194864339,3.255666938482304,0.42688441506835284,0.6684660810299752,0.71240330995583,0.5024085281339392,1.1042729461108305,0.6625908206698168,0.22781483598370955,0.534819446564311,0.10762913791041262,0.7916659020926784,0.023649886934781872,0.24801218902388644,0.357912446931147,0.3690055812772455,0.022240920526118424,0.4833804699890132,2.2370564519808407,4.338244588058448,0.13157662554889127,0.36646719093029234,0.24864958035442575,0.191542934999405,0.7990494464366353,0.08530726306477426,0.07401218291533995,2.9457689474619637,0.7164541228269649,0.04725657705990233,3.746505741592618,2.3352537247372314,0.31417077536247096,0.17289813289120748,0.04042848663514764,7.19224025226872,1.3669682049508838,2.5221481205148266,6.797930340218164,2.0893653565042456,1.0679180731797748,0.23472832256665843,0.07674507215570614,0.058444448148825545,1.1122298732860345,1.295940571456568,0.1031217543066173,1.2154594118140212,2.1115219640592793,0.484132605886868,0.14470963992853858,1.0417054007712945,1.410278900275431,0.44172149484041556,0.9080342368493537,1.4588283001694893,2.6100442996797795,0.28843470306918606,4.46267509618707,4.486362339140114,1.0643752282868202,0.12644655077459843,0.32243695954557694,0.7994233137799427,8.470032216736044,0.11602271137444142,0.27543634785548177,0.14979231906007628,0.05780795429422003,0.05425229537489795,0.1274082692552554,0.45725465695851364,2.067295793654307,0.735652693417788,0.19520566698364794,0.3392985263331898,0.11110749700363087,2.1025400099700406,2.3405293735556296,0.8137160391109983,0.3952467333230203,3.659776082490637,0.7811486156860727,0.5076513962895327,1.3769030365025356,0.7818140926449137,1.4889120468681276,0.5203817684871996,0.033086975860289636,0.06951767318092372,0.8398909729445574,0.23726130475606988,1.2049789599433365,0.05482118681916548,0.5988789682082221,3.7374938244307394,0.916188883259575,0.16524034587704772,0.802343079482096,1.7782386770550622,0.3447810914321807,0.03221815034110831,3.4509407411957103,1.0162563211652058,1.5840467988642013,0.11519736242003109,0.20371823224918018,0.1328275994956405,0.2827310827847729,3.424593143583064,2.643539433718387,0.02697645669290427,0.23205967656311843,0.07247858046551658,3.692170039500035,8.79166037079516,0.261051755092631,0.24214159151039638,1.5359917916828953,1.825881501609166,0.3505831730119682,0.6212751787101056,5.198733623651853,0.7830987418884879,0.15150050345334432,4.673697707678475,0.21454550174321696,0.739920270771077,2.7043290040425587,0.38326770018375633,0.3015831474303634,2.109352875784116,2.5372774026608447,5.034871070941008,0.9932543307416619,0.6232188383093058,1.223821310109106,5.152408088458494,3.036538849765963,0.6038405114840837,3.34450829564581,5.04446896401805,0.43362013642232244,4.373594741225001,0.38430446333432733,0.26684172121660743,0.18520120720958222,0.9024767960231337,1.5340520787643577,1.578547934594708,0.34790653960661044,0.29907970215815316,0.7323393835689034,0.5433482179458142,1.5356025460766383,7.369597704804571,4.229429365962048,0.26588246012739614,1.3390253103803436,1.4777468367110962,0.20838453907193727,0.08205851374822637,0.006721516170829389,0.7048508592358713,3.3527497305749305,0.3660564097103982,6.266257671005876,0.5845540436400314,0.9605994543931227,1.5447752410076407,1.2241218245919174,0.684022153895756,0.9880775865218752,0.29017943097562626,0.47067483351170614,1.014536305490247,1.3432986469369985,0.6251427757964023,9.784374781012774,0.7168633092773984,5.922695303054891,0.706875000486292,3.106478556375057,0.12018755334032916,2.534132629754404,0.21039291318771292,0.678655259600472,5.3958847470569005,2.2827389401449802,1.2512819431451114,0.5706907911574401,1.5308343258902186,0.7255838237710496,0.19515157649243053,0.2171773114376716,0.5698566638936469,1.5941822765629456,0.41539833759868816,0.5952302940187649,1.1400409187492744,0.7925810258327843,0.08767612848886364,0.48573350826268924,0.6960962604977161,1.5639912029325804,1.6764012334635539,0.3499056210331979,0.26001355925338265,1.126339060905667,4.5948973989472535,2.4387096367187873,1.1360454270048725,1.9113023887108715,0.3304516315330477,0.8037360352105063,0.01652141490126846,1.0861408016283889,1.2825558360008276,0.6389758721349457,2.5503785993425754,0.33010796186181923,3.2656452920850816,1.3184703045738884,1.7034157370146201,0.0754474250312136,0.4731181390281829,0.43401382213179385,0.16917856419429644,0.884725491169768,0.03748556892890864,1.896037839672854,0.8083565169726832,0.4406297802377267,1.7751868202205459,0.36988138263679415,0.6159282804227244,7.161928359204167,0.3006865611590559,0.9817499884119534,0.3311568909173941,1.5458635271685601,0.7338445740985613,0.06007548814260544,2.3738973276317075,0.17490506902516811,1.1353757313389,1.581962090153891,0.19165477750593918,0.5790455661221441,3.2693284444208706,2.759311039947325,0.42361936960899715,0.06124203637119163,0.28838324829547446,0.9316774816178857,0.8975315266066239,1.8031470737380442,0.12733318618364375,2.59753859164911,1.3868831410194913,9.216748643969407,0.18882155645902055,0.6723160601625018,0.6323974612383108,0.5156973933560214,1.331530276202073,1.409486835325989,0.5725149988070384,3.832928607223439,2.714938923983341,4.760964796008233,0.8381517957875446,0.044814303721795845,0.08495233188500095,3.5088046722604447,0.5434570859553283,0.1219889147420894,2.398138404022752,4.5744110239712095,0.0986216247742111,0.11558174456480774,7.081414452545019,2.8452172240640494,4.63285471744668,2.1176915793277273,4.417488440345191,1.879369735092772,0.5718849214303794,3.2003703435864197,0.6260389146429803,0.3410755068860578,0.3428070991737542,0.27885601709150665,0.5133816962691831,2.1700750124127857,1.1331199933553417,1.6165682657944185,0.043661994033211804,0.9257402414911589,0.87347777286769,0.5993451210467073,0.32322289019805317,0.29157830163372456,0.08274951469165903,6.534906110289038,0.3725124269261696,1.5606722322567004,0.15108055215632188,1.3963144574923891,0.4683884305799215,2.318740935821001,0.5046032987948631,0.7025811357608658,2.242135805786538,0.6329633943817135,0.07246404337458845,1.4614686322960746,0.26958573165959754,1.7991483044594618,1.226122706272156,0.18223284089021952,1.3020209305881867,6.843856188138224,2.8663017362475793,0.22775151328497034,0.3817064213122987,1.9906599639463047,0.05243586612669948,5.655103313861885,6.336297080284821,1.9967428123862325,2.406960458055861,3.714101390246272,0.23237422644639683,0.5031831267177616,0.6645651544174865,0.08828860155448393,1.5557846144285774,4.288200815560354,0.014899411580576505,0.3441743294526787,0.14524661095869495,0.8775460245385243,0.9376495488737278,0.12522782122674236,0.053810543507905484,0.3292862848068365,0.4343065123577312,1.8374681665647028,1.7904239236155837,0.9288478777993858,1.4514921145221606,0.1452097244049413,0.07000213152602797,0.7173161002997106,2.470419016003055,0.2827386576279858,0.49780530439989923,0.23841546879000003,0.5713375687858165,1.1933726668372637,1.3747217106474992,2.5495190945814468,0.4390341798232418,2.793797407832436,0.36921035215443165,1.1115506199119354,0.5088293005643054,0.18207566370053163,0.04038961114140749,0.09998774106213748,0.05639647151827887,0.31994161234201934,0.056176006770432885,4.377026996649624,0.1659796969358055,7.3700160565622195,0.7600763477833132,0.3151743130529633,1.1933141639862743,0.8693931745433237,1.3657730559028767,1.4564482863219563,1.3922677795050902,0.04867103954446761,3.2269995205060615,0.38939986148424177,1.1238748468930924,0.2586182042892986,9.063345855319449,0.358887615440844,1.8098155851877484,0.5569898864843459,0.8638043920710412,0.5416256189256972,4.187250869392124,5.45246119085042,0.7315010158251165,1.5885212490476222,0.6681079485040682,16.70880225141239,5.0206767029742405,1.8743687482782976,1.2309518004253817,1.0446921534126317,0.5563688957293029,3.645689931231405,0.4785648780435736,0.5850334822219097,3.8567046382093118,0.8201432321784665,10.634185430963903,0.14461800685601411,0.9432434838251624,0.9471786899744781,3.4353200609777197,0.16849279760701785,0.18746565762036926,1.9345180922965302,1.8808856353483696,0.2905812846651106,5.063456337906139,2.739259635515589,0.13030778124356113,0.7191177069025814,0.8610185588988514,1.019929115601911,0.706318067054222,0.32362353221308937,0.7162049722692435,0.07117245971761932,4.006427826153223,0.35111798322997045,0.5370553557927837,0.5353108123058281,0.5318240193615282,2.986532800946975,0.420115400446305,5.052614210001316,0.3333711885280195,0.45382949475649864,0.2590747929959456,0.18018428934724923,0.3433336247395271,0.06435619050540842,1.5948864394579843,0.1414105467767628,2.4607097576549197,0.25944348833602127,0.639366823903333,0.2165284401119304,0.2769681052237156,0.038127907979003006,0.14215432134784256,5.582884650073744,1.863606894429992,0.048885083547480335,5.2248601642190895,4.535125271647475,0.5705995304681013,6.181315137815186,0.4727585232284348,0.335975671294781,1.2723307502244687,0.4743207817707087,4.467752544284508,3.8383014059038665,0.30705710165218036,1.5013064332911956,0.28254684191815027,1.124768345045045,0.3138339218077555,0.490646233977202,0.36355558041618785,4.005306204250998,0.5727404311683415,0.31646465506811194,7.379024662265181,1.3480699672866703,0.44594025939379867,0.25092821936531573,2.9744318453124343,1.5566658553188888,1.8666414388424344,0.7649195058092277,0.8939856481814745,0.24888868176489676,0.3804441576675952,0.47941015486836913,2.713033595260134,5.1496086491398305,0.12870412508976736,2.628945148708355,5.06433255409717,2.15510287297425,1.7569494088743571,0.9247755030972269,4.943192773969587,1.2750484844386119,4.54422882751742,1.4428722705080128,0.36773299415476335,2.88265749194313,10.400615673482092,0.6012206407737182,0.37735749365489646,4.022322965490155,0.6937024335557229,0.2549086844164039,0.41602884838532317,0.17308477070673267,0.19249436966129763,0.014032272928614531,0.25382600894164886,0.5236575647148758,1.5117437350647487,0.754661964562584,3.131097984267913,0.08250371271996126,2.9447660623943617,5.104429656997975,0.85715368786484,0.13622913888928645,0.9958652631530951,0.12088887406044894,0.20467409033797979,0.093474994395369,1.855249135362488,0.6211093180511886,2.2632886822926537,0.8591843972362567,5.631556260076887,0.18308166856874797,3.3137780295043626,0.5992531314409393,1.091325231671572,0.2866759368056595,0.25609652200714983,0.23100121009272323,0.594533949641816,0.05196377144295594,3.4681481957048774,0.45003021946693167,0.28800110837228954,0.10875687656840238,1.5775272614092564,0.2768840386613016,0.39977930936917927,1.050452936066419,0.2062919588940928,0.19595681426324973,0.34496511400892116,0.6592687772504526,5.233252123541767,2.3590719456111815,2.3973241658218987,0.49297874866685987,0.8806754996000337,0.49149885726844356,3.9215971703228023,4.292418639672744,0.4713886149505129,2.874443447494823,1.521551491718388,1.9000574107457475,0.6173675485975254,2.223197235706831,0.011584378699887932,4.917392959959999,1.438592514548851,1.9285644205141486,0.14709859099503741,0.013512573994267196,0.3222104980120435,3.917024211322586,1.7600374313094633,0.009672294999484521,3.218691740679835,0.3490356941465087,0.791178991748061,0.5680331740521964,1.1537213312724257,2.7868992808026616,0.12822723687541093,1.651682175813825,0.2630352946277563,0.21114357068375034,0.8405347337516413,7.810971571694533,0.07160599664833622,0.7984608794191292,0.2728462637715894,1.726728037082336,0.2973525803135111,1.0060365965427729,3.7042012167336713,0.7692704267611566,1.6927764374736964,3.8947208164140203,0.5005986432112928,2.692409929405709,2.4259532682652614,3.3638224143076236,0.16457042027152036,2.3464796795292155,0.4734260810171391,0.28374115776380937,0.7661230775838428,0.1295425077417831,7.487622945451166,1.2933812348695066,2.3062664052596453,0.10350842216152234,0.9455137444635318,0.024829278529977294,0.7433405397527082,0.7841290388696045,5.035723647625195,0.8845274418711352,0.849748483523098,0.6688650009775916,1.7231075969889607,2.0007154257499398,0.5258418353816134,1.1815468324354557,4.140155999127121,0.08326689227560236,0.1303665711729085,0.3447952752384347,2.4635165525067473,5.142131755393537,6.17952289111285,1.1610291223844484,2.3960170670299172,2.478925259758551,0.34321689266337496,0.9348872773826233,2.5942019386611697,1.8527500850633556,0.22081531155218448,14.342289963991906,1.2203242745739236,0.4278601177131778,0.23973943909455359,3.7133972571967195,0.39867791828211185,0.5526559405662423,4.975224197862051,2.1393414486238123,0.6152217861008878,0.05567968512221455,0.9893456069486599,0.39787025179420876,4.628245328012019,5.9288482944312335,0.11881861336081379,0.4632646702922787,2.2351839879654776,0.5769428416707317,0.11689721538536091,0.6778488525083533,1.0087411733622633,0.010462227571092497,0.09379204781374995,0.13079513175684876,1.9339425801207486,1.2971025529157902,5.002960897887776,1.574065417280385,1.7731497107890781,0.37656032439307907,0.2902002763164431,2.6560547169560227,0.3116864226438336,0.7367220168084041,1.5851206546986971,0.3912693023106475,3.2510194010472446,0.3184535781729132,2.3057184553176358,7.9244735077490684,0.6073370296474192,4.760519012722762,0.17960597416822388,0.04592326989886564,0.17605059951269997,0.6453627422370347,0.5070946065169957,0.2562118396609758,1.5213971464691767,0.4752473029387052,6.769232767181178,6.20345836540435,0.9993584577098877,0.46843689153772505,0.44163628115019704,1.9799426453556004,0.5339023436667466,0.347800544085036,10.757131119232525,5.12764692793227,0.6760852950080496,0.40648195316501834,0.10728564178138877,0.5589669533333346,2.5239384454804887,0.20936116427677076,0.5234396566146884,2.1307214213798993,1.3496390467740795,0.06438237727135254,6.207915761422234,1.1584573876418915,1.8697184242375808,0.08539653651095769,0.08193460250202511,1.2693657538941394,3.447541784268587,0.903853896822901,0.6558115347984561,0.48671040994552794,0.7712454616423545,3.150082517810336,3.943451601624046,0.06935032780887607,0.8641896601159722,0.46299456183208587,0.2660204451371533,3.6082839463689647,1.3941856477193726,3.4226238033949414,0.25022720911329044,0.410847378294001,6.50660402014347,0.2960219389321521,5.264040357916156,0.6346042999996457,0.3541828279022403,0.8627830626298003,0.439836814409178,0.082493721692394,0.0895593388563054,0.16173664512551,0.35740442463300104,0.8701299711317961,1.460266190593278,0.22882526149508453,0.01785769807738724,0.416239181991398,0.310299928739594,0.6352700394570174,0.5099382670262056,0.018219766939949866,0.2309745864712922,0.3147673527617052,6.686400130649349,4.700897081713287,3.1961224610524215,0.38841577067847766,2.5642066258339304,0.6952014517083549,0.641965710150807,8.168504426145239,3.4076647356319105,0.22581512849458918,1.1111532157445498,3.9386071216121405,0.9779679647886207,1.3859293897723095,0.13451771841233695,0.2951510106616906,0.821541802344318,0.13356144721662022,5.503860340276425,0.10093951082066266,0.5837637534294426,0.635953135885063,0.3361000512858947,0.14403224943584814,3.0421099621032677,1.785662829790752,0.6234960497333026,0.3640601002121291,0.3222585449991042,3.2124365833993562,0.09582596884093197,8.527112955477673,0.49369173182954884,1.4932036611851092,7.3174720502341355,1.3600743890585016,1.1715480213080958,0.4766241146938228,0.1430817599893719,6.509544672961783,4.753778713113772,1.5414984559280192,0.49019133788140357,5.715107249822306,8.276171618331333,1.0131703856709688,1.2906706420257428,1.148627653777894,3.4048302942167394,11.854422385507956,0.021443551376125636,1.8792051083315966,0.3021982760807196,0.8071211353552643,8.225555730805223,5.465710772216051,0.6510799193293395,0.1181007872654547,2.442046337270905,3.3209427275725725,0.5398436758162788,0.18984331615215777,1.7231466588307471,9.018417285621322,3.881084193390306,6.786416965861114,1.0602217306581858,0.009038852454458013,2.460121708602905,3.3649929838819492,0.16068767398547212,1.5039769294329917,5.057008679091956,0.4378859165708784,0.5637454814238936,3.0085363883360836,0.6864355785563627,0.5312543125278644,3.077388871151415,1.0170164081200994,0.354482823956741,5.533567932845718,1.429553760135926,0.29939103685745705,0.69164179404427,0.36780054813055685,0.44601316009728675,1.0556587708554495,0.44195586811608445,0.1284774179152559,8.057612246737023,4.778129672875795,7.035851314194387,7.434906480220252,0.3488212171115066,0.5876745573706013,2.7404661072801755,0.5406008456119549,2.6963742325430475,0.02440834440803208,1.861451360168024,0.12348124183860293,0.12164255383493927,2.3171496298852468,0.7338101649100621,6.859600792663213,3.32255883659686,3.017858986670104,1.241962610388713,0.3665238978821366,0.35350660479817364,1.4199446889357403,0.28988259897938096,0.13180289617711072,4.580240667814892,0.6330256275006982,2.944059988727704,0.12332578991295451,0.26741573114956185,0.2761897414032699,0.13277973673754107,1.3899832011001911,1.5761115093278377,0.6204917751896759,0.17247320400434285,1.2200796890288024,1.926467967340475,1.2249758601053466,4.717953552986167,3.1758952743474036,0.964814279218261,0.7688080578380866,0.12936700035047655,1.7833636425365762,0.5724987540982229,0.5203038610365842,2.501294889921522,0.08344435660479022,0.5641938797382133,2.2808670709629117,1.6838322826033414,1.6525991786153744,3.837580719794144,0.42428455813424204,0.00817479658248077,0.33823335580815783,0.7585490290387815,2.5318576163254805,1.2860371894959046,2.9769076554607254,0.743863276878967,1.4346725717815636,0.21347580036452474,0.2278518826302509,1.738902139692124,2.038957849585317,0.803542074833909,1.3659012111518045,0.04734372356016481,1.0173036271415776,4.658540045705629,4.574649178213278,0.9827169038725221,2.4039597517786575,0.30529204287839473,2.1722653148437714,0.18966076701927026,3.3804652799937633,0.2588988139091044,4.727964181913579,1.0127220865743927,1.6952082851217414,0.6041272649017897,3.8162426542500714,1.4577612483328908,1.550242012384327,4.868833202783757,0.907321862356538,1.8089907050330702,12.372870311948981,5.4509774923190735,5.238469825153799,0.08653562668508119,0.26968553630677805,1.756169660649005,1.1073200100482623,0.10325789873168578,1.9444380676409132,0.19140412514441119,0.26745976246009984,0.6565257389962533,1.2190943538079406,0.4964193059456721,1.4272525092599753,2.514256413116361,0.29341177604434665,10.654334912568098,1.5973120440267055,1.9820519046477765,0.0386608119117724,7.483520734928629,0.5706091601363066,0.11251636339322779,0.4703001182389044,0.9701085410565431,0.5840607101273265,1.2183867438923728,3.052399823631614,4.402056525375538,3.667421005465968,0.36032361611634944,2.389458847071513,0.605306021563365,5.708066942572862,0.994044652961344,0.0555428481898374,0.786950867237485,2.853698730151919,0.49338953973838295,3.4332213220980368,1.0760946179794066,3.1868323572305908,0.06106077056848447,0.16885248298514366,0.6070702361519995,4.130002130177084,2.634441625312534,1.805413675759434,1.2129636504326278,2.028400233566009,1.189595504703234,4.270240500930217,0.5163569594185003,0.5603289036370818,0.18924220316738927,0.5989096318283558,5.695599003451636,4.010187373099157,1.0863723871936835,0.10322592311654555,0.12336089425730046,1.117812908612759,0.12454558157339579,4.317661268804777,3.1481208986581923,0.2097921106210282,2.4278989162719316,0.18910873208770518,2.227055606202734,0.4701171996288629,0.3831541301390131,4.468913956164965,0.4243766976942014,0.5403479595876195,1.2276886798982627,0.8240692754326404,1.8839264814145387,0.1302551753392549,0.9340109722865524,3.8139573205628725,1.161770264124078,0.919068341999659,0.35292251085223136,0.11062209257618749,5.6751226867998525,0.7370351403143374,0.1863464027588555,0.37087948731583165,11.466410348788857,3.8408366982949538,0.46733547429170774,0.8882834148973151,0.07864668666277597,7.90737863431792,0.6921365237830943,0.24918781641883148,5.550368729418677,2.1442888428758944,0.3044493160625219,1.617833169011901,3.0356255015085756,1.000184688240019,1.7073787039371813,0.4705935166436773,5.846913343779486,0.5137226275262108,0.9976343056847607,4.180208927177224,0.8566308157975024,10.006613350816403,0.6496692928474168,0.614528059657633,4.320926945701214,1.2656368120651018,6.236761495916989,0.9341210215266327,3.909540421549538,1.0177415113101782,1.236879582618913,1.4207804124718062,8.403845378263698,1.0217934896958276,2.828652362731912,0.0713691595339212,0.24138396213018187,0.16164034451219766,0.39486014713146744,2.037694216365644,3.9067992124655495,0.13543040876794588,0.3584901324088694,8.318142377182703,0.19202985503825776,1.643781152381385,0.999490753567974,1.4153324263093048,0.3365935091090475,0.00038888640449585843,1.272360261087889,0.7661779467575178,4.495718323136362,0.09553393766941642,2.9368748866331598,0.006000965357477295,0.4730875633523204,0.1812543234595978,0.5605480602057313,4.878639078748636,0.22897532800820253,0.9029317476652174,0.1018042994079913,0.6438385018461416,0.10102629906110705,2.0529069331391816,0.16384017416165797,0.9304278442534346,0.9672171554333611,3.800416502456098,1.0682991856869697,1.3359755268962905,1.810858101979996,1.4843911579639508,0.08052825687393605,0.16679462779564946,9.301461018705776,0.549169638586922,0.0855355875369962,1.9737862084509312,1.3138696653345903,0.5538972113584427,2.169013722630031,6.305355240085274,11.860835672336792,3.7866591655007644,1.3097117280833652,3.3075479145737487,1.5241930659733405,0.3417878258806297,1.6830706780324176,0.469383334386964,0.7563931490772821,1.1002173315534125,0.5701400732301292,3.405031755269418,0.13922418071056164,5.075468544748557,1.2286296831229304,0.11930881138386562,0.17553586025059587,0.6067987415281904,2.2186603839617405,3.863451517620557,3.9725936838049396,0.16439355645473186,0.4968156901591345,2.5418436950626884,0.3357725209150446,0.39446265264372204,0.4546565689477857,1.423074402872675,0.5229506024300041,5.826879258594236,0.29791218881189674,4.5562666314126545,0.8429035531136395,0.03562617751494934,0.18665598240782683,0.2179859259600465,1.9822430064195644,1.9191776912971081,0.38350957819832754,6.568016306207723,0.5816679053236018,2.9752779722126403,0.6388432808994812,0.6654223742424614,7.851485472802086,4.135438254816466,0.8634818178044767,0.18292872729972953,0.33610311421995,2.4586895847226886,0.7641152501839579,1.7292890699860313,0.2797658330051769,1.0217849523948694,6.836812748319737,3.573494785436406,0.05875190341977099,0.498091838487001,0.4123319762533031,0.717853634124276,0.26781205625626914,0.39230231239763746,0.3483529829613419,0.5663717491314055,2.801591144689113,0.03367878586673756,0.7304033451119183,4.839498557582831,0.3099497366148638,4.201952570855676,0.5728364775863096,1.7894179962210297,0.2150160081083814,0.9468668108461538,0.7634387931734294,3.645424496706083,0.5964119203049847,2.029434170029743,1.3502810915170123,1.5155861642949766,1.0784568771726142,0.3783343601153948,4.038156719879375,1.8310998870341018,11.838985480443224,0.10828687350984645,1.0106192754929244,0.7521408211714742,0.8183262946496493,0.7691626094756087,2.208395702068997,2.420015782785087,2.4853202582818117,0.18309378914545205,0.5665813544836911,3.130229482389188,0.5121017987421498,0.05838982453190944,3.8774853475483457,0.3590670990587803,0.27732330794188037,5.475720567493644,8.791710000677908,5.493399467291503,0.45168795908247805,1.179654901433663,0.18611949617039247,5.2923978183212945,3.1143855833451886,2.268444643370717,0.3519494183446299,2.460938286299215,3.9418404109816594,0.8989254623268339,1.3171287656615536,0.2865122553742032,1.6044887610456426,1.2927547420839787,1.3446904593371716,0.457381824650402,1.4868076662768344,0.05022636893651722,4.419516403617484,2.547356278999577,7.123366387887458,2.969347576520157,1.7342308345140756,0.04771714587446052,1.5611838201589896,0.23275627962843326,0.1773683191268336,0.1073281743373159,2.282122445622492,2.0390138953784516,0.17199785715617688,0.8860566270685721,1.5354160494823406,1.732795895655452,1.7852022723067282,0.4296868571677357,0.10451821110356452,0.7154798405718228,0.19653148856169,1.809672983297874,0.4461980654580523,2.0398335228411666,1.1184189145119268,0.03793008116210528,0.24014337227409355,0.39547977551591473,0.29718133269881775,1.2895221794000247,2.6183131163171236,1.3294098273057875,0.5138338578210275,0.18658094276612847,0.30648646949958547,0.6236920082171054,1.5480873525207532,0.07514929515852842,2.7928135788577055,1.8690760604985246,1.9669263115314304,0.27345024159963405,1.589863928221999,2.1981115835730156,2.55717347025188,1.5951534956342732,0.16438240260452464,0.371521283283071,0.825028814002269,0.4130354334537827,1.6659569745166136,0.33560712968049367,4.496520499865919,1.158287265975165,0.043717537537522944,0.8387282283227486,0.4193275498237665,0.5194847956407773,4.9729894203616976,3.291559958100956,1.532006162859429,0.7212232288139497,2.8226724946646593,1.625079925505545,7.116783845275814,2.220568035779645,0.030227022146150695,1.7867924554018526,0.09883532671102979,0.33507939013233146,0.02755335028888717,0.24806766430962357,2.352919952974454,0.4093722565649973,2.105380482146817,3.421556679161823,2.903178740726731,0.5401483151156423,0.633805206632113,1.4287724932449777,1.4601289413424503,0.8237851809103538,0.8818290801117424,0.8426130459804997,0.8686059066543212,1.7342630823618213,0.6383221576041933,0.24971696847067637,0.3378565314954367,0.8988021948085445,1.1623841184395372,2.797946712531451,0.3586038768160922,0.32760587964814025,1.5560673308585726,0.3008118422639732,0.7350693495483895,0.9548906849066752,0.612379991360595,0.1714893842299401,0.6523572001184452,5.615259966613764,0.1906904536435623,0.12748161188801488,0.1715416429003791,3.7514154716978245,5.232566957860792,10.158760653443402,0.36358165777411733,0.8222052955025088,1.9284082093115864,0.47670043315695754,3.8218380975539183,1.9943767971552002,0.9417844857123296,6.507984720367931,0.17190597001045038,2.1286627579632578,0.14993264587706268,0.5200610485395756,0.22161003040671723,1.8755704897719996,0.4448035926261419,0.15248961751423895,0.09818179305942643,0.009357408027828473,7.8863959065586915,0.15562984675816305,0.4933378617331008,0.45156636783623827,0.2515089066563174,4.306242417524153,1.7861628892707537,0.39109397863786466,0.29323334705046356,0.16294799566322204,0.3314243832988084,0.26666485189033984,5.330549000511215,2.3759881484689718,0.718020137517866,0.1730272212125661,0.6319442211194253,0.02624066935240066,4.094037906254361,1.4102522780994025,1.1230999693762698,0.7418947804017877,0.5949109544842974,0.5778283507692021,0.251054785826585,0.360833257770823,0.013447008230896174,0.1379269805222938,0.20844263418212883,0.38835798355606155,3.149347706939288,0.3608587092283426,0.027585836475213843,3.0342892510749473,1.3727091624654917,3.805695535625631,0.4773345296055913,1.713378926496964,2.2402159438811737,0.021909402666122735,0.4940577150140948,0.17528719888528288,0.9529917990919119,0.14535588177253933,0.21141505859298604,2.2080747307422737,3.889230909299709,0.0946449243146712,0.29498280171687896,0.345828027812494,0.7958597099943364,1.1793115223189496,3.9137562979347136,0.18732357761293628,1.578040523203133,1.4420058358395578,9.585739838768173,1.8602981446103923,0.0034668315114823045,1.2072257475098982,0.16685560737553018,0.7141997858976437,3.7047134453973434,2.3520518318245083,0.0687155634261053,0.5875733521218587,4.911824484600226,0.6367685921760642,0.5115969948916179,1.8147897685613028,0.3148358135584708,0.13807782737240482,3.132189719211162,0.08145254387917733,0.8460288562866447,0.18908677768930549,0.5958289911157224,1.2358326024312172,1.285352971901997,0.6897788150066555,2.5341787486898557,0.49939321878200493,4.707626912790964,0.7848946726453909,1.6362288782261576,0.20832230867332413,1.2326047650857817,1.1734207769802927,2.4364099507184704,0.19630429060988364,0.06913369641175549,2.6231422872975125,0.8031188085517109,4.245789160785864,4.49325488691732,4.409332625578038,0.2903743900187252,6.550206586283444,0.7350811744736787,15.537851040689768,0.46628581253288015,2.593853988944052,0.10760190133228653,6.343108658789454,1.3634412199008028,0.6443656424790853,3.667985330826623,0.22094180810008202,0.6368531847875003,2.7360937416348685,0.43164559960779014,2.595672343704117,0.427734278395588,2.063425653092506,0.5928192516778978,0.47714907486570723,0.20224679205971696,0.01250158991228334,0.18251942207782523,0.11544402846392132,5.18584398298217,1.663796479381774,3.789863123720784,0.9346926884082627,5.234509027023184,0.30881462889858097,1.3418849980833647,0.07857204658896899,0.4017666692658508,4.609986760033823,2.217771403456644,0.2956238972329006,2.441230712672667,0.526178296535705,2.6859385862295317,0.6790623972467276,0.6152149198526667,1.4892417525175676,0.21999751887635943,1.0013141369850564,0.2518541812526207,1.7521840154679573,0.23212574623332172,1.880174860065189,5.0717943571536725,1.3647497706669132,0.11420187594351816,0.05737777099955377,3.988849409675654,1.9214578602064483,0.5615884334938341,0.9385316720942969,4.015087541795725,1.2344681023605288,9.884047062469014,4.079806772070057,0.20088739526402088,2.0584607865148787,1.7438660067631124,6.310319184537114,1.0194544459139552,0.5002876939048502,0.1694474779866848,0.17101768046117272,0.7926711242378717,0.2914433656985169,1.500411765575422,0.8745278377328631,0.5004690063581885,2.0066700168326377,0.9666147905449893,1.2643004857584341,0.15041926836652886,0.06630949791118801,1.4732467442355706,0.05416503208518053,4.645565046957725,0.9343909996088475,0.3290298046428728,0.8704443767180525,0.4827332666792832,0.16028034873878827,3.3922713665632678,1.2239444408094027,10.473505263224613,0.026745060453160274,0.7743388175383956,2.3818269585467533,2.3515196881417886,2.237180720153087,0.7507472707154002,5.87602323043037,0.41890296886292666,0.49030032994167616,3.5190621247438605,0.7945877045127978,2.571626003444692,0.09030972067177623,0.003115290107839841,1.9703006841963357,0.3127658698288318,1.086399056768994,1.4989253290587565,1.6005806897513875,0.28772453649295526,0.08886182843105317,0.17403750346777036,0.5287789747275787,1.0646079344246524,0.038628592269027706,0.23750741808881504,0.37786725865464765,0.8720750924243084,0.0808384512881386,3.981656307484913,3.465285933046535,0.18936820572700674,1.272944308732313,0.9462348351955008,2.4272212009905942,1.7547035263016866,0.6778484734346268,0.10434821314408882,0.35144569874530696,0.6102144984973903,1.1127705407189743,2.816457098254265,0.2774054715356673,0.014246112786878928,0.8628480349873584,1.3561656145199685,1.2853252649205644,0.31439637339902315,0.5841286839896123,1.804738605203307,0.4926681471941118,2.5175004354936883,0.34079644014839705,2.243376589922907,2.2171901959593336,0.7136113021676183,0.09991018064701152,1.9655139587802282,4.873540239929159,2.8263622235366648,6.100173613179532,0.2880110017212285,1.580466232456692,0.5091446545542064,1.316073126367763,0.5404845656415412,0.8672616450105068,14.893518907352911,4.187713312783956,0.1423948117370415,3.564522327371649,1.0966858148885361,1.7241831686523688,0.5175094591081093,0.24259124235971785,0.28823739256682346,3.8546816951089937,2.645663566089453,0.5759272257954255,0.2057164324976788,0.5239458571579654,0.251229177302315,3.8634444384009687,3.312063244337476,0.2752068566123369,2.7165031888425375,1.9923542644768386,3.0582079264714475,1.588892429615381,0.07766601037644527,0.09317469792633681,0.16033662014127348,0.13598480841412153,1.2875152401230023,0.31628088726841214,5.138098550689261,0.5057062532069989,0.06111385505376976,1.2197735035038555,6.624814316660876,3.146319823340645,2.8039877913132214,8.006614990841317,5.635486704269273,0.24565016486466806,6.956240726251023,4.778577196373881,0.24310316059307469,1.147910175919765,0.01832027768629807,0.26010670941652236,0.15534628750895552,4.534562003410102,0.23582501243884302,4.602107581528907,0.05690283587151823,2.947744505548574,1.2266862427963505,0.1976680906354633,3.0342601387837536,0.18231394532929457,0.18656389391545591,2.0840957097778343,5.257100360425022,0.2979376778049909,0.25285049894683875,0.37849959911547737,7.104717961881464,2.4381060658289213,5.1930911166495815,1.4096160921266743,0.39645409863716985,0.38959404285393306,3.0582759633380165,1.0185070933224134,0.10515205767524782,1.5828785871008757,0.7771957343284552,0.790433786704478,0.39047322512789373,1.8612880679448838,6.551276772880367,3.4172098814657357,0.5821942748206446,8.771184563977702,0.673580930872697,0.7897814922899973,0.6991212312549924,0.5777511404121425,0.44683363625949846,1.8806077450798422,0.10684519044391194,3.9530182630263404,0.28509730655332355,8.505601200734404,6.619135997479522,0.3208428674704099,7.238857243365445,1.1433718493234415,0.6311090368881801,0.18579298925903331,0.43017114756089914,3.521296136625255,0.22530248049920232,0.20416173775585256,2.955594147682033,1.4854213462668566,2.32352162928503,2.287239871171893,0.1421018163625991,0.38466777068514657,1.1298321829269105,0.34890427180959294,0.4571199663276342,0.2700745986085187,0.23023734612520652,0.2547688769885259,0.22159461365378785,2.2695930958259027,12.91674626888161,0.3481463929918702,0.917820972206516,0.41846546255540407,10.751853275540167,0.519753974489344,0.26214884193475707,0.18318039036675193,3.820720091121231,0.7910812581061075,1.1767599609193606,1.1403686447225176,3.3189461467812604,5.564927910956614,0.23718570733918942,0.47299401981655276,2.20348640795606,0.7125685959827879,0.12213480158000767,4.535760718782221,0.21895095959931732,0.5604830563049861,1.0079113162905258,1.3159992026594018,0.08769910539324188,1.0818243472079097,3.8993918765542803,0.6111685356684742,0.18179615887481582,0.35654420908737894,3.1085217681466784,3.011464058313677,10.9676190356959,1.2857467066649721,0.14704921642618451,0.04849533578910137,0.9968485851760565,2.9571682035194122,0.3450484492822228,0.16679388931873174,0.7707339292726791,3.226585106134412,0.23408588578508294,1.967534696143984,1.7240280953719336,0.19658164369584963,0.19284779967297738,4.706049935913161,0.789777379985412,1.7700172058573331,0.156073532833384,0.39451625738454665,1.6490625370783367,0.6523273800151217,0.27665804633963464,0.4217006840073809,0.30715721616460856,0.40488656283073987,1.0597185264869307,0.18947969444176493,0.23821858584880684,1.3726175442991868,1.157341477035411,0.2852230686978543,4.431764253435999,0.5368992047904703,0.10132510160195807,1.3775351290050546,0.0896779933231322,2.4180426018733554,0.2775558044117967,1.4191826032479655,0.7026625873011021,3.4626225126140064,0.5848181630505658,0.5231058635503412,6.334535065728692,0.9539013668000853,2.8993258151120394,3.8561735212476815,0.9528184942305022,2.7978480470980966,1.368078890864433,5.8280671706305975,0.6669132227541243,1.1737168964056686,2.4672847427811657,2.0454087864202934,0.684567295674229,2.016506489963122,0.3596458208458535,4.589930164648734,0.5918958054237529,0.6390180200970965,3.316332699340866,4.449544525323546,0.5053044827187163,2.8076542247293923,11.409333635742875,0.3807129787905463,4.498353892881708,1.4380040898396524,0.08696681199450218,0.48161376146940116,0.17052754910791945,5.968321297562544,0.4170878174106589,4.885747358241997,0.8918941979527348,0.06636627327356726,3.03715226999448,0.7087210619299822,0.8513533484358975,2.6631072767490456,0.12910661056771078,0.2764248535899203,6.738674524713416,0.3636652212479383,0.3504384727298977,0.21865503210087422,5.187057784720331,0.9484937312095321,0.4686150485506847,0.12708408172467633,1.798269763294343,4.278911154018555,1.40999462229761,4.224927515260737,0.1721608011113871,0.5943826144521434,9.484327995144184,2.563337464100636,1.2938377406277597,2.67684923693544,1.8284651229030895,0.334639725895693,2.177370351308624,1.5688413545991526,0.15699878125294553,2.475626433721512,1.1550403359221662,2.1418834805736955,0.06267659178071394,0.6059992779811068,0.23185672450356876,5.007280074881699,8.651820796755302,1.151748106106258,0.8416075467687305,2.944048523700125,1.5533765086821623,3.366403143265356,0.3359130856734416,0.6630870766584702,3.661151360975494,0.4431366728930497,0.217303264362526,0.5343669105833291,3.3695361587103965,0.8703833594227914,3.1899189182171868,3.325187610916972,0.16364704745253356,0.393079423252642,0.2989461105957649,0.37261606135334,1.3405747257847547,0.6150862725625331,6.050806275559317e-05,5.185519776970817,0.25162253866878537,0.037151913191310504,5.803082459058091,4.425615116561051,0.29288227735651295,0.07769308934098262,5.309702703224929,0.2761539964795561,2.4250459833574887,2.584179922316273,3.772448066857781,0.42058884842827693,2.1453354876583797,1.9741260181413947,1.4990932892777744,0.8415683432515442,0.8706987075779075,0.5382154184282224,0.5886756601692498,4.76141108707028,0.10664785574633795,2.144081969656565,2.02529978813211,0.09129813280084886,2.8450596882975887,0.7362702252261633,0.008304091908906575,1.627682822820604,0.25584103079174225,0.4822454992559182,1.8223506025051162,4.248482086827394,0.14379667552555064,3.0733642005908735,1.1138507101589354,4.542377230082028,0.24566165662511041,0.2220262999509759,0.5689605931972039,0.47088158294456606,0.445888175386032,3.90724683208182,5.200730926598176,1.1281868860442525,0.484390159901781,0.36787611109748486,0.5469995688372848,1.97688083003161,3.3221559586004528,0.46935307044355223,0.40003420527826083,0.11060662809282829,2.1748496055471227,0.7722238166463569,0.8160527980742489,1.5106508463227777,5.366303831518255,1.9071905882502427,2.945245504086971,2.387757279240796,0.4675314194990414,0.8416660133455771,0.4223609930018548,0.012682780632081503,1.923292568526227,0.3437109642802638,0.9522748594486679,0.3005678013075097,10.459266386876342,2.197308950920133,0.6660011448029788,4.193928087255513,0.21139473912408446,0.39194846240131365,0.05531063596768537,0.21473833971815148,1.3523191237144272,0.3881965028871488,3.2464604476208536,0.951807626002839,0.23136083786467188,1.162629124199825,0.12418703837240497,1.048223086021843,0.5754421898263767,0.42615352896606984,8.253048933202285,0.1953924100004436,4.22820225657665,0.3037119600169622,1.0562048475521792,0.9855640838459965,1.4265837511179358,0.11409001549634601,0.12795281172230943,0.28388418630667,0.21529440782361675,0.039872217923588193,1.026670671403898,4.820671644920014,0.3819470205440023,2.701906830746595,0.01467644602299023,4.429614956862323,2.9507516017034625,0.23492890726406435,0.40726411719102806,0.3253254006541334,2.797424526125821,0.7719783694815596,4.117993655935445,1.162647474716898,0.4729134798015129,2.1605653037053174,0.6973978232331746,0.5449741793545959,4.807879614817153,8.826114565663564,0.21482251231037663,3.3049518675308756,0.7233451653699654,2.416825407466432,0.5132569210467017,0.5072467598641698,0.49443580368056206,0.4477014230076062,4.966883259798973,3.642467543122492,10.60963271611908,0.014891171959933835,0.059696056831230804,4.421581482950426,0.22109327888492425,0.7407447502818894,1.1880414262598453,3.254977815318072,0.17216370577274187,0.5162179663436888,0.4669456134552208,0.6079939797720746,0.3610450582075435,0.10310111045783144,0.2793558065469117,1.244854673907874,0.13788377044415,0.42948386715105524,2.030035732130285,1.8503971227479223,0.3318065726154549,0.1567902959945302,0.7247120794792252,3.687445629324504,3.502261662372077,5.383500235947489,0.5823779361331749,0.46279109270046614,1.9544740020153295,0.1792628572942372,0.4052286584257043,4.48368444544796,0.44819498786152057,0.1313806218531286,10.903724302435574,0.6017007952408204,0.2552512872576853,2.079963095597929,0.104548133677969,0.5493848599713702,4.543254442513876,0.21630584790678453,0.6871119183439416,0.3084889260794049,1.5533191600609828,6.96265386759163,0.4850454689585506,0.6135431866739909,0.19879576601193705,2.4285803637765664,2.513912090347604,4.9534384635655595,2.341015099649538,0.8750685750116465,1.2685548228478618,0.9216312858308517,0.7353393440993363,0.438373415246498,0.35841857570180113,0.9787771884227126,1.6573029067102976,0.2705170782668418,0.5480355402185768,0.20534129713228655,1.3911030874774717,0.28562747498080676,3.1394019297891127,0.1999939085964897,5.690899091564808,1.9420728674610777,0.21904494875176006,0.40763798146215624,0.08706398271769977,2.3971562158153668,6.165443633184861,0.33142598628470443,0.14659653664819006,0.05464953570732067,0.06103429690377937,3.0837521714601954,1.2276668532558894,1.6069627618934734,0.6462039592482101,4.753120131116512,0.16868612768292635,2.293652847300634,0.2634922672020181,0.3917088322356015,2.2397319726893112,0.3530833650545864,1.4898216572365786,4.830873590967356,4.7563894340018,3.882852131535142,0.8095357513906434,0.08917474538784353,0.13452420426954625,0.048171686191619045,1.241112568117599,0.8996708251741181,0.4455504097913139,0.8261712532872669,0.9532405103051838,0.6394375493336066,0.2822171957652029,0.32933255196213906,3.086377727789608,4.553130623294488,0.28884020380288544,2.35373133135917,1.1327992971428498,7.161987436188299,1.2787722993600052,1.9571100408890865,1.4497941067123659,0.00784145653480195,0.0519847322962228,0.7459326630267684,2.339834421022026,0.8384207388797857,2.343694029212463,1.2930386696088565,0.5318513745171854,0.0732453721754196,2.518202930435429,2.7568184152361246,12.296769740367829,0.8874300514624647,1.4842982861179204,0.12607725561275362,2.9743726112044864,3.216872110144634,3.575825030355622,0.28720120176980224,4.037044007092951,0.16107363157650678,1.3668999688194217,0.45611194706196345,7.261818013930632,0.07686412000478382,2.6266542766200494,1.357671573763329,4.537797301416221,0.31892743013175107,1.706536109480749,0.13056881333485348,0.06331511217589814,1.4199191268065228,0.4567560694231132,0.05003924729187603,1.1022454130004518,0.038674064392159035,0.2476699511858511,1.4338411802116595,0.6871291596858183,1.0716981002318569,0.7517408547496782,1.3622847890349112,0.256442092863983,2.5831688227187524,5.067689841580041,0.3331021800698417,0.015861561357075615,2.4597149363322908,0.298198432537085,1.0384955557042703,0.27751532170641935,0.297732209148463,0.043305622557418655,0.18041357568390415,6.073830447073252,0.35964232471047053,0.19135574871786898,1.2569035975885847,1.8432535899527893,5.145942685575603,2.2371253619965286,0.6835905562960728,1.9461100690710462,0.22046186436184678,0.1550035449960374,1.0880610674412399,7.672838241778957,1.0316293848104632,0.23668740536858746,8.120364552121158,1.2321518682119734,1.1810469940529518,0.7164285410449502,5.525908704941592,8.989025342641511,0.045052697793207086,0.2986696420263075,11.64120128222396,1.8055905303877022,0.8668301594696228,2.6622857323457105,1.86562465595564,0.3363604204177322,4.56879784418285,0.6140193760738963,0.5210956718409889,1.1082366528700185,3.42263174650842,0.4305036410606027,0.7831574153798067,5.036439038349396,0.028735639490546916,0.25042540754188813,1.4004268029654412,2.0319018192169613,0.7501363051652157,6.466683141295029,0.046829485828435935,0.6702173245746176,0.8984901378557757,4.033790711992243,0.34806042892727707,1.190966893097018,4.429817654779423,5.061101280365298,3.697716276623491,6.446469696123744,0.04889052516997561,0.30616635997569275,0.436702957121784,0.7540316334680077,9.261177365163897,0.48786808781752367,0.2973555922476434,0.4022745108405936,1.6736856832052718,0.3583950298176073,2.7750006095644357,4.2241036999651405,3.535101780343799,0.3755397794446189,0.8315220108019625,5.3780189380822545,0.344043627815109,0.0553470082514238,0.048176615504082476,0.46361032067929564,0.5395377216218857,0.02777853228597138,1.2442433338094494,1.3930507339372695,0.6473112203294678,0.1144208438447667,0.13391682024347173,0.8722739890799778,0.2797775848349646,0.31556238820276317,2.094805245454052,2.772447793737424,5.119150883721895,1.5457265693252205,1.213356806073108,0.43625737728132363,3.0062671188142827,4.663138761781981,1.50324654349309,3.7381428434176773,2.009792328894105,0.07816965637076656,2.695625311233563,0.043517444958961926,0.034517875902733364,0.022450244469214287,1.160259831359654,2.4768484262259083,0.13958955034905807,1.9691734682854152,2.6429100113358115,0.757621468417573,2.3656082958864912,3.3859006285400617,0.9706782210479199,0.18052070563320488,1.301761931465169,7.745239622667951,0.341618355761955,0.3553413251538009,0.27655149961510084,1.0648521592684213,3.926957211511673,5.127281403592269,0.10469450146775772,0.29047855398910905,0.3496390010436867,9.983304697562215,0.2820983379185966,0.6796693614036748,0.22835742049361718,3.139859316167061,0.34530107704721,0.20761094641453415,1.0285687589323853,0.4131697839470254,0.2406282635012138,1.4076031387439596,0.4729038757085866,3.446148029469515,1.5208700406428592,8.159032414051037,0.6706500292627646,0.8096278104380439,1.861561474256291,6.036364110343889,9.490433476786627,2.0649704889474254,0.48730048337451204,1.0428046378094997,1.786179231742699,0.23144302717673204,8.16921692291187,0.541984585710173,0.597253989617223,1.064996572819051,3.6572665768706254,0.5982069694291379,0.24586795707862397,0.26124122924302773,11.36643434275433,0.3226705992004,2.4793043172871334,2.2460013593993713,4.101304404922228,0.5568742835759362,2.593247389242105,2.293372661088546,0.3353039367730779,3.1815227010668243,0.14378772044488075,1.702310248850612,1.3039467230559953,1.8371689475186006,1.160549783262475,0.8256811066013702,2.006796562233812,1.3558675194448337,3.6771030300190812,2.141000106642811,0.3976159605401235,0.03431115248730077,0.13698357149811535,0.2691215146889352,1.2098991245641662,0.16400310543381136,0.6514206549309209,0.4756351216478131,0.13643850825448545,0.7353516759730194,0.15417086710085526,1.1335402207493068,1.8283595996022481,1.2615233338826055,0.6781309694268223,1.9339816769244549,1.3167180208054639,2.4928841149819574,0.3930451230349692,0.24790339039399445,0.6648710832509548,4.714841043370905,0.07374432096925343,0.8054793866096435,0.23817795418373067,0.0013391078268494283,1.969741587803092,0.2513516466261557,0.5672780505363848,4.9257370379071475,0.01932580657425098,3.7040946941344353,0.2085278793873837,0.7188594193454693,0.7933715220085524,2.3407418484726383,1.6072567749790165,0.10721696614958587,2.634830228268458,3.4052647481441403,0.12143176697223268,0.3639982497391714,0.270263449519363,3.1418666206917796,0.32497702867724687,1.3270199245439545,4.585186322604881,0.08543284766927339,0.1250433402364659,2.3384841520412816,0.916083922882157,2.4856343076488705,5.3907190739636865,1.0436613468101954,0.048963396143387294,0.3731645605007421,0.2642640838147714,0.30996978801383324,4.765497735868239,0.38759164313183136,3.1607082974297067,0.05074802516451277,0.640662177907277,0.38932460509031586,0.04646095873459721,0.11828430385005428,0.08213637248700412,3.223245562159703,0.3984697422076602,7.422270688896129,2.521245477908556,0.7018645827177106,0.9948638122236968,0.3011880479083384,0.8818725623626558,0.7245781323209965,0.7956719517872879,1.7653116891363037,1.4336638082836142,0.007588552122768655,0.46169595268801955,1.06109130829552,1.2158426096000352,0.07261549040436899,4.360487748329348,1.499258121472547,0.14737148524207955,0.21084965187725846,0.6217146696888753,0.30147880193426935,0.46415991058880546,1.055878516283494,2.724115813284599,0.5746789041821787,0.60400475769621,1.1534279396823015,0.7017930076930976,2.0415155852947366,1.4597288587912516,2.8143638896818217,5.790080469783013,1.0852559744225694,0.23318132389843305,0.08107871370529907,1.0264936043342696,0.7066812360196073,2.1770784125839677,0.4003240089895441,3.2694786700205665,0.26075634076593546,0.32150108623601126,8.48773725306624,2.5128379026882826,0.06995528102903537,0.31927528704893104,1.2398104912793766,0.054174312689722726,1.5676536519625899,8.704640708682298,4.302125181637842,3.0765854685691014,0.19726284582140396,0.2821117415102625,0.42309361867532785,1.3046024577496318,0.22324307418385736,0.11394522307466026,0.059684807723979105,1.555588466001207,0.18099659438577476,0.0667611169680824,2.3634146877380418,10.219337379163147,1.238292335909151,2.3504645971817006,0.26138428273731407,0.667743280842815,6.449589635871379,0.5551884484783334,1.1661856041109837,0.35083848279812124,0.1892550512285256,0.49198666047262574,1.905950911403405,0.4993706328385019,2.2473909537113808,6.916645354464123,0.09389749305613349,5.21646980998055,0.26873115867202224,2.7632577186378025,1.649627673008816,0.3760242244338845,0.14381945058179846,0.47996178465672923,9.181775293469272,3.8588197329224805,2.525728737983234,3.7063042302625657,0.24011135861303146,4.428444463096396,4.8807992155136155,1.839970575947604,0.5122045851429674,0.01570290523003448,1.6352943423198179,0.3134649441115288,0.12645447303872737,0.13943291092724142,0.2797720436868052,10.192155695462851,0.12963649857629533,0.8571214648338426,0.5251728284992598,9.465892754626818,1.9278388616566162,13.197078740891246,0.08655630460222774,0.997950803598902,2.168708498360211,2.1776569738595404,2.049410005530358,0.4632297526759128,2.1355478567063666,1.5618600607466537,2.6696576808453587,5.847203159956017,0.051139917569260174,0.09569732075814308,7.189686994267407,1.8248060268557795,2.098576067830804,0.4229520353038918,0.5079878845578375,1.1465141243284993,0.13500911770772975,0.13140422358593362,0.7725852821047873,0.5447317323644167,1.2785816698413504,0.040137535765626176,0.5297525477168037,3.894668031353065,3.271870989584686,2.1933603820297702,1.2166078868350274,7.33885183141102,1.5365667219648924,4.039199195431975,0.7058015406992302,5.057910348085957,5.212185165056495,0.6411227332099976,0.8218073396951888,0.10303337701113424,4.189519954546185,0.4125134623798433,3.6211141971836773,0.5589209331223932,4.395648227951762,0.14389216390781945,4.582039684453241,0.8563606451540283,0.9321567881422518,1.3382608139437213,0.2320302365165159,0.6609514287479246,3.5530885267906207,1.1337313956744106,0.669433210149974,12.427124229081878,0.44823276242213184,0.17630922366463087,0.6064913898800368,0.8178821090505324,0.14485697036150702,0.22898195115025533,2.4085719160400925,3.0353363744721835,0.7136053173919703,4.074606754458635,0.1420709419020273,6.8362020527118705,2.3852268136034454,3.725259686650906,5.313455232344376,5.830025731198497,0.16373222612656813,2.1404835634626833,2.0398224155554825,0.8641481404699385,0.4333013901028715,0.9470097659458281,1.647702852053961,1.0708124371240275,0.4127170982920252,0.05890285508404247,0.30225202301768306,4.944671635252112,0.35697322023885203,0.2157592403715864,0.8108286136858478,1.5608841529582587,0.3728232270434333,0.20316426032527435,1.0811820763884286,0.9061899406770126,0.23170820637005396,0.5467067034838866,1.0481471278846592,2.8095716225676384,0.3172214651564287,5.955496638894215,2.5428698297950225,2.4655227372505797,1.8057591692851633,0.06792301928061528,1.051538731631604,0.28140864160917145,0.04113309179598634,14.78453499121757,0.20428924841149954,5.435101619879023,1.5083567168090382,2.5042942710560587,0.38892639491057324,0.9584149215589783,0.9280118867489469,0.12708594167700138,0.1285132768828421,0.6386273049434488,3.3197393898181766,0.32062137856727135,1.6011714624692985,10.15814142921773,3.5074853418282093,1.9050790331379943,0.6074415765430728,7.523519984667914,1.4061255441291811,1.6794801878731116,0.9411594290276746,0.3609237580310065,8.233187354353735,0.1476166026622141,0.4085950454244649,13.513651655958414,9.919536539864982,1.9794059039236833,6.122641233401863,3.387339225651611,0.34059354753334414,1.570215445137502,0.005532952586306372,0.25610167725357924,2.74184829488988,0.2277084565533558,2.036282260431748,1.1367109304278031,0.3453363285944171,0.5027596003890058,1.3393123481003992,0.1870228370477951,0.2855138352716584,2.689978812456969,2.853203848209668,1.0252687702120995,0.1427220561404544,1.4849952012688574,0.9725028774986169,1.2015658683544468,0.7499566738997263,0.5758741572291144,1.8886643277282107,0.10957556746995567,0.23514183773445563,0.5063090936921971,0.7899171825788388,0.24427953237105382,0.2752178001796901,1.3769647182653801,0.432189940677258,1.3821668496021247,2.6308832613844904,2.6989960735978844,4.079351599805184,7.03461690099223,1.9405103377289525,0.5299280819038941,8.187929473823,2.1815820197859526,6.315798810923111,1.4470982873914242,0.5045400402437448,3.320257115928125,2.5863181514075024,0.1363011611803553,1.9791519076028607,0.5870394098695089,0.057634516402723435,0.3466804269893996,0.1236034811014568,9.869168580313325,0.4717971285996545,0.7457677759690382,1.4778581874395584,0.42087880443377035,1.363550318604493,0.32842801139710076,6.5412620095304845,2.0472911051597014,0.0843522013410416,1.4251704796804106,0.2461444793477836,0.6720816797002165,6.326337120428606,0.11518027011833953,1.1240175261726906,4.265493619922447,0.12032383447438821,0.8808738084695351,0.7980682131477135,0.30228677593087827,1.0473365383796382,0.9818496786489592,2.336817378656926,2.650398138624551,16.36505520992242,2.4773821468108403,0.4806612661903633,3.183110782602461,0.9305493635760553,0.9790028271583799,0.27971504647845824,7.712528267139327,2.268206816750523,0.7098884542616886,2.417621592138847,4.102418970131403,0.13655650913301343,0.8059286876872767,1.5903333811964746,0.23789921198452912,1.2390214938012312,2.7275195527762772,0.044480177088436434,6.3735981341078745,4.977450594226997,0.5116553697583992,0.4017243685524603,0.37457260263603276,0.46035845746486537,0.05826100650350918,0.22188890222437596,0.9576656740445098,0.34880863333812373,0.282143816995472,0.311984750195081,0.1952680386584884,0.6311293678395558,6.683876726807276,3.3302414377284215,2.1141085466134113,1.6646319102813707,0.09192157686755853,0.1849548086883388,2.031614671873572,0.06049984472381453,0.5804186281262611,0.5348985054793396,2.6905517872476254,2.0102168732867645,1.253044221292123,0.8029596904880987,2.862339182624205,0.3661320457844871,3.754834415567319,1.5400418249447054,0.790132055301461,1.669334150133153,8.774404510945347,1.9858662255699933,0.6200703732920432,0.48773013881202143,1.8877229501887554,0.5484688974462146,1.8307430318365148,1.5181432866159281,2.223700045694317,0.0696417483409264,0.9413397164901538,12.160096440656833,1.3482864649130482,2.651563612500577,0.10813003200427662,1.4009062193410782,0.7762440943374882,3.551136608031801,0.1368710555620204,0.9273523983108334,0.12965719370272688,0.4079115542643308,0.4578650513570648,5.210625200223444,1.3169975507478449,0.24864867095026433,1.165329270601377,5.715846993142596,0.5795560284697361,0.6930696923496432,4.352574160665178,1.372229563289915,5.915379017901562,0.3534309699566216,0.10749299030238335,0.044741316184989,0.5716162659105515,0.12789651828412674,0.5482656985744541,0.033466302963772065,0.4035488166470511,2.9322686059613856,2.1345496420808394,0.16493928504056654,0.022285137461714122,4.413304130166118,0.7355430512256166,0.2784950269401032,0.08020941282662775,3.9994404055453474,0.802586342144108,1.6921769991518325,0.07545395687121292,5.21743472532137,0.2160509520760836,2.249736236168099,0.16024913432286914,0.44591662031375456,6.589869799362422,10.99573064285777,1.6462349283030133,1.3166118127292314,0.12078388743388313,0.6350524350371423,2.0821515197256755,0.4326344983211512,1.1861432434891748,5.048658307512258,3.8392610550762454,0.15292361938325616,0.35397141226507944,0.9196683612693382,1.753226047012817,2.575563135098189,0.04175681156963984,0.10374478647695895,1.3408647215582112,0.35370616997575643,1.2610391721038354,0.2312070450927104,3.145929594094062,0.7633370251704494,0.6931214954533358,6.651801393608409,0.3714481820975736,0.4438867073712538,0.16930208852941497,0.25621814687598143,3.207913594703142,0.5846833095534087,4.3109683236095275,0.13518649674127836,0.6405180982198377,0.963018532624405,0.22517916323174436,3.964970006108274,4.809184710860437,1.9660368262088554,2.8413187418891246,0.22779657583245316,0.3516483428021223,0.9496681135976194,0.6546557619162419,3.349789106138767,0.0556607570256864,0.3904235638765716,1.1586453801876142,2.8593513978031457,4.294363389783721,1.2793172138904572,1.098997056740628,2.469898239413821,3.166050715257507,0.09196596290357606,1.2327490567785615,2.8084937643786763,0.8009182718991654,0.5185750647856504,5.750246140244625,2.1551188601413105,0.47885746771461646,0.4504559145159981,2.899494379467992,0.047302451738939766,0.9502356939842387,2.086561490553623,1.5795115155917834,0.029932380871895536,0.25593228038097937,0.30419201929072703,2.660157509260138,0.45918652269769966,1.8377540254451123,1.4226583071483323,0.06178251651904487,3.59227210024069,0.6124083664020876,3.7421317653007415,5.090140114057026,4.673969116124523,3.7654259683390814,0.4664030942045301,2.344972764897832,0.7507623782300676,0.29874760239403364,0.2803473947279218,7.46266702923165,0.14577737608316488,0.05165414193375373,1.9885789113810164,0.6701322999975727,0.10068349516351527,0.9066507125095055,0.44200761791850596,1.1702990039525778,0.1821930001267401,0.19328849633117073,0.30551236616015265,0.4451916789610857,0.3649137220423695,0.24902934445221359,4.619449480243681,0.7987561198401789,4.00094221074475,4.988026511646366,4.860006677875697,5.522962476397077,2.839506990501376,4.366369424917255,3.599611498998099,0.4273227804463611,0.35593054791923695,1.9519646419095114,0.1861772050222279,0.6836884441705322,0.056621838786721224,2.3702103442491254,8.893527658270255,6.2910631323891035,2.1262374119380016,1.7725942578103564,0.3919818121239813,0.14055436706248248,6.406516194560618,0.7666879690288635,1.038657809071583,0.3966681357717792,2.6799558243658512,1.4456893668653106,2.5218628678832644,2.7671830904556067,3.869441789872582,0.3425117766417527,0.0750651811463674,0.04120537293701676,0.8747093216049673,5.252065042545746,0.0956917182659669,3.0339733035645393,6.264571741350803,3.774086449213308,4.290601522963187,0.08297893083254948,0.3275731851096313,0.4520743114774399,0.06791084482772858,0.5483376670728226,1.5501174638240935,3.711347985717378,0.0029433878401587954,0.22464542384989716,0.8830561898982447,2.9280394978362407,3.7840345206619643,1.467878614878081,0.4338444113133715,2.320756501077275,2.2979312156595983,0.9715966997949828,4.849551247215554,1.579676660047256,0.45939716815453147,3.5054983894445386,1.7180104870818906,2.7391635196092947,0.7911706623637691,0.5447862633898106,0.12810961116098485,0.08015291314754736,0.22239642878273447,1.7069797217085227,0.5943442353935731,1.7498106061869052,0.8641686309622276,3.3283859938745124,0.2928881337885578,0.9797212730199778,0.304481658767777,1.7493639447664568,2.7905621415592528,0.22303070296321326,0.20722763372130937,3.5609617258975543,1.1628065207953073,0.03647970000391054,0.1266145362737019,0.9655901569766314,5.170013227179491,1.3281953658643033,1.056726864056413,0.1950516058904781,1.3143762333611486,3.4626320781618647,4.1249910513798405,0.4626514474113642,0.24425481553929362,5.683836875350911,2.0158612218321914,5.742529002218733,0.28991593698766893,1.2949762875946336,0.33758016057672124,1.952855256993045,0.5230263729091367,1.8125880802011263,0.5592236126930312,0.6439048025176453,0.25315845919863866,0.2880779012959307,0.24003584755057794,0.7961474984225214,1.6570269638274215,1.929509961102378,0.018576633705555845,8.049754321869234,0.7178961725845514,0.6661293389093034,3.95137835608843,0.5376913660291778,0.29357010237911574,0.08787950428453178,1.5210690061674894,0.3963504142098213,0.5480580378211732,0.16737799932869946,0.01994135808182751,2.0680161630081697,0.5859905254956197,1.516024926786291,0.5032332143592764,1.0088376737055793,2.3676528180735006,9.249195710857505,0.334880450275725,0.636978949598964,1.5784513354959653,0.935417295905103,5.421501682735577,2.4237480318584916,4.215654979280245,0.6435730108940958,1.6609842467641633,2.210817748809939,1.0018902176288464,0.19581693678926304,2.0830453352808194,0.7780009688028215,3.0135704661223848,0.049738137513627656,3.648279282959473,0.5637710497442603,0.08729590010178723,1.88437383181969,0.5795107560793977,0.44340489927103843,0.4861282138671348,0.22285820783028765,4.578782846895553,3.6426609184268335,0.4018983954882278,0.5377128479000186,0.4545690772418205,1.5043852677364555,1.569308726410874,0.5401979849037861,2.860922291315,3.6921424384211523,1.7660830325502597,0.5629809586305026,0.15971753816562528,0.1740676535905883,7.777110531296874,7.251355804928703,0.2951602900694672,0.39691524436194037,1.5292012286989536,0.7447420939456393,0.9638095140245799,0.6931968658406592,0.37883818767954747,3.3498381404007054,4.626282072298652,1.3829732894769526,2.458850664445249,0.17035862469783147,0.2823355869933668,0.120843307927464,4.318537687344865,1.499228236203527,0.5922886732277641,1.3498021298115925,0.8344689841226893,4.100056817325424,8.019321812851931,0.4128654222745287,0.8216040145055372,1.3672735518187418,0.01938642973324467,0.5714910331333987,0.1637431960402448,0.5288327093659198,0.291055763827168,3.7553648339285095,1.2598368805900542,0.6182247433812491,0.8068043194431798,10.021579332226512,1.0049543381664816,0.05296460673887904,7.1068934502213885,3.747762134082145,0.14672017645264512,1.4776842880412708,0.37288484655592724,3.0126631756757076,0.4446361261166807,2.9323558833283796,0.16929107600254323,4.831398472172133,2.718781695194297,0.9774854432944429,0.9281501210717318,4.91620798810883,0.345863613421193,0.10652047205518489,3.2962469217569743,13.679673769112796,0.028184714005869083,1.8516607065668684,5.244640611935863,6.20026212329954,0.029443236522073146,1.1986012577496896,2.3093885341948166,3.5483352995105473,0.656673403626578,0.2997708842196465,0.3343043161480539,8.055385547416867,0.464331095687158,0.08688214075514678,0.5047967422448614,3.744659221956175,0.5256787208971254,3.255601695501465,0.7796797339842717,0.34931050031190464,0.4666978164368405,0.9621920975633423,0.6100667922378449,0.4585214658424668,2.6001740991881346,0.007292461792562932,0.821603272748312,5.609194732848521,0.5290846749879717,0.07834017872385246,1.8013609422467827,0.558587821450983,0.35200100141209933,1.0256910720693586,2.0285810230544525,3.799147116357555,0.1620083110138929,0.3497631310888757,0.04656183857128049,1.0126396158342938,3.4267294253473723,0.2206543330369004,1.1575170462237678,1.7941020800436593,2.5725237039856794,0.15519867657007946,0.8127001415742954,0.08148605459916869,3.6746622564331997,1.9878816684970637,0.7832939741509823,1.0150357529514449,1.015564568858771,0.2680992420579429,0.4872377320724024,2.2786829980698613,0.40901253179182345,0.07198919920250069,1.5823338148732877,3.532238817702298,0.0878780406871309,1.671713131038401,3.6497784764913765,4.395173546182814,0.42472883874244016,0.751085662955604,0.06733640891725745,0.022533331070577756,0.07378523584999841,0.12967210531901313,0.20782435989055514,6.932513018570388,2.736587257840088,0.27378981397158497,0.03699762828056641,0.08842171831747148,6.480965785166973,2.0588719299750164,0.044989699553724005,3.258020036039966,0.13835908141816788,0.29370804177442666,0.30529960689198365,2.7679511842571842,0.8530640302947132,1.010127303769754,0.10479216245527478,0.32378421863715,7.615049513398405,0.3799550410796124,6.359944941406857,1.057320548945773,0.07043301020538695,0.12807599126311864,1.5249354379495532,0.44887607499881255,3.651159127243596,0.4184096587854269,1.2014020212764558,1.1244173249696243,0.7360666058412626,1.0082320076000055,8.291719434067028,2.72729998335047,0.07804993503805902,0.21126161544982214,4.568508920628943,0.8512168398973627,0.1025198075471907,0.2790199651109697,0.9107003848599878,0.34623228316934573,0.34659280557823013,1.0550031490529754,2.453084050520876,0.18181081198807392,1.323923602121638,0.36207327033700043,1.666884738793215,1.463324503658535,2.123904418164706,0.07983654129951878,0.05870202930070478,0.14998672814310554,0.40010193029178487,1.707094767948642,0.054794142248890676,2.6362003095745505,1.9171672531602861,0.2706080734389579,2.339485076768626,0.4977129438689638,0.1933498073578903,5.795139424798194,0.2283570169018183,5.600948463490055,0.177054885337536,1.3738647924885898,0.4890680478832088,0.131514404135452,1.1612198326185288,0.1297738626779643,0.2235514947016073,1.6008322113947662,2.1847829894192587,1.9538587945136558,0.9585713160835084,1.9491089545071603,1.2432770417191383,2.561172143371139,5.024792169500631,2.4154896894312956,0.7409463776468737,0.48505705998690707,0.36886661313466274,2.611017309300851,2.4837161957410907,0.034695560025758354,4.72385777960891,3.529750601489103,0.21222509220866792,2.5748933769256457,4.525295300920187,1.7777927787832648,0.19982109432594075,1.8697677791051466,0.8069980255778578,7.617153074833249,0.1803189099518343,1.9526825068351663,2.25780263853179,2.385063400189347,0.4548031351129592,0.13070650416674479,0.856259819755572,2.100629296603544,1.1742671833415028,1.2885591004738577,0.10152327269312589,0.0015169546989868277,0.0535222276844296,0.31364420616308497,3.0808638442542025,0.33442680886265497,0.21100603121597516,4.536418235515268,0.4795667565301116,0.8148153854649145,0.04471763978460208,2.8735885871785856,0.1767309067516919,10.790834743968796,0.10808937059623824,3.776142615321051,0.11761210682405876,10.247753442690533,10.417229691543042,2.0436742602400653,0.05600308844645707,0.2650187047061163,0.1410851197505849,1.7401758737306716,0.15201513469526517,6.776266600739004,0.68136964838861,2.8336693468525653,0.709470085063564,0.22390263243519426,1.2732177398038014,0.2466345254334985,0.15827238909223862,0.19858308302627092,0.4983303640684509,0.6171655849307287,6.247763886262169,0.050025802553226084,1.4878406204076189,3.600958419144543,0.3920358070621175,6.011811187541113,3.5777479703034767,4.227974639982413,13.564077104795194,0.8781845761947209,0.14934762242378508,0.06971742233459555,0.05957795757510587,1.050556220115935,1.4714516952593573,4.310698293452244,0.031208369417869974,0.17868990513392802,0.9501444166624626,2.1392392843521666,0.9257322116696878,0.3723145546362929,7.650096813356439,0.2567863823108617,0.4639201859975288,0.33899751165531633,0.09822072784034797,0.05053286722393535,8.764015659884599,0.8152373050511788,5.231807399234192,0.0579894346458838,1.1116440512206367,0.40933777721883,0.2295410151717434,0.3757213239920749,0.4827920735036604,5.722111473063789,0.7420271881752514,0.6760053559711329,0.08011754900289114,0.2845605490676353,12.369051209236183,1.0271384678218336,6.72789807171032,1.737647280218851,0.7970366515187948,2.8551006553841787,0.07541304500894341,0.025491601721211676,1.84656161603143,0.18986626606302082,0.3589945303648143,4.309573208397367,1.8210683047781377,1.1521069042158696,2.6381866233807423,0.12794950985702958,0.21491103742233353,0.1515354501782209,0.24234603657440523,2.9208783881111686,0.17568368411103918,1.9947756524896385,0.5413747813033356,0.8117671431838214,1.72620417806721,0.23019292919933365,0.43548877240832307,0.06293303222189506,4.068090513034214,0.6617664643931476,0.25287153806206675,0.021593303332985148,14.001413180194994,1.2018154250126163,0.21986422312053,2.175223485284836,0.4083893548095403,2.07852754902338,2.464902541591154,0.41292438819864685,1.8556461070018764,1.7135647353476247,1.425755918629546,0.9348683856890392,0.42616834099973744,0.9002762403827429,0.17547076639616654,0.11979553934262954,1.022330222190261,2.962288796290254,0.5467535649285589,0.5917944255866276,0.03667460126810296,4.868547666200376,0.535315993960066,0.4408403835537458,1.1786652174890278,2.35946340306077,0.3694123198258046,0.08371299404370447,0.5635566628258539,2.025049650897791,1.0148871499744618,1.9707404417429144,2.503009760493849,0.23305765655134403,3.468228817450187,1.1408313174367892,0.9571643418606262,1.0164234288440113,0.28740584427833316,1.2424963823334547,0.1737137551459449,0.7007544742029936,1.8540206078825354,0.6914500341474601,0.2418145859559666,3.0054416557251757,0.9019236025669044,1.2647879235568915,1.9087305755924007,0.5032225859905464,0.02826269130326242,0.4551580202037169,0.5924129500195825,0.5584523601541496,0.19631960229894085,0.5661333084648048,2.403850333811204,0.800601619469794,6.7801396401364356,0.5193686831319013,0.3503569399342701,1.6432128168894549,4.8867736201400325,0.045509496031915564,0.39241158913571184,0.5483361127294708,0.007760416236754164,5.704179978742127,0.5912641122790314,0.22555757892428363,0.14271094120538352,1.5818095236767342,0.9501822532996362,0.31429947006607883,0.3861385522160765,1.869658835459264,0.3619433913332126,0.06547488042353711,1.8632505461855702,5.16043554923178,2.821565723830126,1.465643871671385,0.04583047221516445,0.3736761693865951,0.3585997009452315,0.5130503323489566,9.19780518043035,1.530711233709408,0.3666546858013131,0.5401903818709055,1.7193811169613926,0.20181761272007215,0.7704883062127921,0.07118581189152806,0.1494521996256002,0.24697579109535361,5.765666487190451,1.2011361348080172,6.204132144642061,1.4487414558159801,0.04840455284329481,0.11638881492389963,0.07051988967727318,6.717803630034287,4.960058300102602,0.3926301202868103,0.382409867173229,0.3742799350312398,0.6075958700497137,1.1996082917456548,4.872433441303519,0.04368284924352572,0.18064395518686416,0.7076284321264835,0.044414705953975675,0.15395870415914853,0.12671209415268664,0.39613493472063754,3.355349013410088,3.233570351802497,0.4636806851369337,3.2879166826501343,1.6778060081059314,1.09499906173665,0.30486389157437577,3.2699840325706813,1.5412863354064985,0.26376772381534264,0.01597868734928043,0.35534027307298754,3.292628526341594,0.6057535992159349,0.09156638182224008,0.19554406096066224,0.4563971175782302,0.5271409686688209,0.027890446734687657,0.09442957207561253,0.9299869208175456,0.5394611947137689,0.517772003829378,0.16517851148959828,0.3173704458937465,9.113200561941687,0.9998901822497328,0.062136778491492795,0.6264461016808152,0.9688456744045144,0.38478446723812465,0.2526517042089578,1.5875611611926939,1.5012523786610261,0.41994193370644006,0.530800758029732,0.9157538438717412,0.4600466376244614,0.5012004253866715,4.448273590542471,1.4133605524153983,0.35597053757437136,0.22644605847864296,0.0844510362706749,4.019942033910224,1.1638039268496518,1.40589653246437,1.2723538994863997,0.21990754702988013,0.1516049898102294,3.8480861338840784,0.1900566426066166,0.08019037436304366,0.04410012175564271,1.4025962726570145,2.5168803232209123,0.02440402183015744,1.5200023081641656,0.6578833425432167,10.274782565057325,2.6078677944833775,5.475843350731967,0.942745497207504,0.8944096494064506,0.24055348126978848,3.0221972070181726,0.06802854385125423,0.25093685041403013,1.2617695216958065,0.742376674276013,3.3056609165004422,0.2035555487916001,3.3636449744523826,0.4495359564065793,1.0259249203618506,2.5149402143451267,4.604197911760864,0.5509799272150505,0.347914477984105,0.7080301119774601,0.048786322308040475,1.3710051938344034,0.04398241895861421,9.13125578750286,0.6676106576996164,3.3660967354605127,3.14643785582419,9.154407996471065,0.07795518517705513,2.6975286565181413,2.7627824724774595,1.085239103079199,0.3743907312628896,2.3934236514187295,0.6647783831770795,3.2955391976952333,0.1499417363138611,0.48177958982866187,0.5437134029646145,2.9236101192688544,10.857669219451752,0.6169879292850977,1.7168771530693938,0.3191600437597657,0.7298506904252817,1.5956616189872013,0.054908176905987816,0.25978790526060536,3.9702046415157364,0.1238948388042509,0.1143351830800583,0.3357397430008484,0.48725140645746956,0.19069088526459055,3.811280300368214,0.002983906649007828,3.044378751858299,4.347704212191638,0.8704256303030864,1.490642842268831,0.36313477233462965,2.1559129108097457,0.42165016045613024,0.3623001905209082,1.9576391287426613,2.3545462615954067,0.34454406989546715,1.1031225408599656,0.31060331110747263,0.24028779836926795,1.7384059135438363,2.0932229208994015,3.749875233685144,6.8648968095684655,6.604910096270735,1.1312377444278363,0.12323328694161484,3.8029744761466304,0.19481597184994986,0.21994940809750574,2.1243983799016397,2.172111613684379,0.6214714213215422,0.5408840777555284,0.2877112739542902,0.3306317884876575,1.9440863744285166,5.234751336827511,0.1691852852744818,4.6089183786381485,1.5122517898085075,2.4354262250682464,0.29181618807265686,0.20267810761721616,2.490824842769044,1.601614197196886,0.06437025525061352,1.423790027546964,2.014187299480299,0.5384390937772672,0.05441980398926155,2.3574094648987516,5.327967011798291,0.32853140113310353,0.28585611182979687,0.4086627281268571,2.0494040403647733,0.4414007923549945,3.837619670130108,0.8218971128481642,2.108023249861704,0.4568899268639184,0.20423775092444307,0.19113189797586028,0.03786770316238419,0.6388549592522546,1.5643140560779898,0.13299200469275663,2.0014491948516904,1.4569793834842515,5.128156672333748,0.016679098466252817,3.163270876171252,1.0461877098040016,2.2008740605252486,5.375990457428339,0.46057858773325755,4.285718800326473,2.7764985678577125,1.753666250405384,0.8235642634691065,0.07122715744516084,0.25117377791873174,2.0893591126234057,2.2675708494437963,0.42779776211327447,0.6931947621082359,3.656133518996948,3.3717412094832557,0.19821077893164007,1.5634268626241083,0.07147737247278974,2.357526019806584,7.632799378952508,0.3724133126921362,0.055999077474904124,0.9075195156396416,0.7997258204025668,0.01996332947730206,0.9323665070428632,0.07138889390008041,5.648345385666982,2.3012233966099793,3.3647751347075427,0.016360832962399652,2.429235885959828,3.84228864422956,1.0598495623359332,0.27042874493013946,0.16310373177567733,0.5367356778174526,0.8612951995668765,0.5241091516561385,1.6648287169879543,1.8601574789535802,1.9649062221643865,1.3649672334769694,1.5479308470743207,3.9756700674029295,3.1066864505516465,4.041432214896619,0.009350135154452932,0.5889854947958384,2.631297432578556,0.6911682086059353,0.062017719556140216,0.007743574583905177,0.3372779082088715,1.5353083402818917,0.4379858329416768,0.7181056766229141,1.8281417666990771,1.6396717462159445,0.04491895877072438,0.5063263947415017,0.1053584669615224,1.8918140355237552,0.023001138805088583,2.4854098374767686,8.592923060776998,5.326745913452278,2.249055601212683,0.006918535499414791,0.06925294152477446,0.06472090939303943,0.16887865286345827,0.3524537359932358,0.313466545629675,0.2765066720781081,5.809085464593725,0.43880811165656475,0.4065383050883278,4.843185506632101,1.9976368305396068,0.18762994792801724,1.2350390049525433,4.254014715537718,4.565802256358614,0.16584719123453084,0.6472945699871921,0.10014555811238335,0.1704629376003678,0.2993404417546497,0.5133679288656583,2.696853204462464,0.8138913637332652,0.7475968233658032,0.714498682269276,0.5141620235987321,0.2178750947638437,0.48223653236867825,0.0926684763874901,1.1443961144088475,1.1481431158518287,0.972549466655769,0.17116872983845344,0.5216580309381287,0.2243145010704959,0.28890753234137856,2.88479388392101,0.6052426770150152,0.39252181981489853,0.04835209855885636,0.286498755334307,0.2817067982698751,0.3931817662074699,0.1853893988519264,11.817107909545838,0.2246384110912465,0.2822777570564008,0.120621608917725,1.1119848539490702,0.6829901463727865,1.305757225670034,0.3511213676137288,0.39943193894215057,1.7415815013819795,1.51964135161045,1.4941215996895658,0.3163393687819238,0.7165707264447354,17.755992941212178,6.889317089701311,0.30625389522748003,1.509991651938709,0.9230904226538703,1.2608928886350115,0.20273892134812876,1.0745631811536516,0.8940357775556182,1.14203383336814,0.6204382651782709,0.3008243589358861,4.616633039740574,0.8578669104670134,0.31234030035675797,1.3147321608138198,1.0760547325751142,0.3834526352876617,5.756654481121882,1.7498396361693327,2.1289671080947317,0.15845620284572481,0.49972002020548256,0.004648544803159904,2.8914182738515093,0.02820202544526562,0.46989096310628264,1.7674369338933102,0.019385850915927927,0.39669957123137234,1.8560849413739762,0.6437806802232124,0.4275060694154922,0.6916905827939269,0.034604442348937337,2.5564104684812583,0.4946585570587174,3.0795365079557375,0.5838629591528823,0.7645731288796274,0.9064950362754272,0.18772282659256412,0.46155813947555613,2.68241255632323,2.6756544181991666,3.457798474074053,0.4094899486396416,4.906467438801095,0.8162666587420881,0.09759326276666846,0.6015001408163752,1.2352363795092327,3.092865638389143,0.5841271719089902,1.4403312774009176,0.1013901392543497,1.340423586389094,0.21911626449930355,5.323658243848705,0.06889965416413935,2.3680146310788976,0.6075661521453939,0.09754832284418247,0.3790750383071497,5.841389644476203,0.5269407868616228,0.7429338644474068,2.3924374335949494,1.3276324114545623,0.7991099827590968,0.05191143439523427,0.501590434951998,0.5978945338931805,0.24636317758957338,3.7214845602070343,0.20863628434333575,5.416067443294585,1.3839807353538307,4.376572219565393,0.9019249684220301,0.9248203437463349,0.586069280106803,0.38383744192708735,0.332094534693941,0.8052566321109051,0.3246418503859223,1.0086969558813559,0.3252331635013198,2.8781576797135564,1.914477364502662,0.13168224346114465,0.3847607492489846,2.755948222730064,0.005959921985642325,1.3534570447027896,0.20723741105862836,1.059119636352627,1.951460783038859,0.17598896574595613,1.0931834566091683,0.10250875194106901,2.3828175290903655,9.555018634729525,0.18483078732672498,1.3245217628126613,1.1409957125299854,8.065718301848255,0.3933890566117695,0.17813411562711223,1.0656597815170719,0.06435834866613943,4.2567520847789915,0.8838330686329692,1.0629089439796688,0.8113947333148821,3.6219113780301306,0.07187320892755711,4.75888117251708,0.6489460824011077,0.0238034198477326,0.27295796250051796,0.8423101555070014,0.2215758106616319,0.5519969071674975,4.768990381208655,1.4901031808624443,0.039802771708057794,0.38281786743615287,0.8306984093318968,0.3072985877410417,0.14788435697707536,0.31572848201898296,0.6314213313921759,2.59510638360541,0.3714340509402114,1.253500001186651,0.010510223769517435,0.08059383930003072,0.19789239815825965,0.33664981163877616,4.394553008320039,0.06091847341477441,0.26350093443120803,3.216004324593357,0.006010624127758213,1.8519303858540161,0.9115387754436508,0.2688999179097835,0.6932533203921958,0.8121455970373059,2.0972374098481215,2.2136985173928583,0.31550440039836936,1.0805813819471317,0.44829629286943096,5.890156939509549,2.8064496395020355,1.338772179966071,0.9794753526155964,4.003860954151433,0.29859473026676175,3.5063207742306677,3.174816993794301,8.315701855420814,1.577862597105082,3.2893415469926564,0.49029363191323583,0.005586950995867479,1.5137411054630396,3.3246376043230925,1.112389051873655,0.30275764665410554,0.1700108709782321,0.970183597920461,1.8733462834271966,3.9560851435753204,0.1943428436035195,1.6092897031035402,1.5471632996567335,2.0762760341190747,0.4653614022581103,1.9357120174182847,0.2207616044898728,0.7847279140451464,5.9238456785991005,1.7339854257157605,0.24367073377086945,0.5239231266856348,4.086981673732398,1.381997136035066,1.632886804779751,1.6725478592048404,3.4162233540731473,3.2759243453620246,2.4961133354032117,0.41577373262304085,2.6877836567881803,3.0040590204237185,0.3553719675507485,1.8955583369304756,0.9763449753461646,0.20223031460524465,0.5235152023803904,0.7967110660547148,2.5141123881329124,0.6821566132648207,4.115834953174804,0.1933545551416449,2.1498212253851157,2.2998392249114987,1.5286947547103833,0.7002137984773461,0.341369352269423,1.4302388524670548,0.11186733509218749,2.167612842017241,0.5868295418725673,12.7239455838627,0.2078959716619906,2.0096254783549834,0.08877236409799605,1.1650956566886856,7.910432262465046,0.14819805100971095,0.09882224254609806,1.191259006655987,0.10490848644717365,0.3772719065541381,1.2850411618928868,0.13081730358816546,0.9902372248964433,0.10560372774544824,2.2537881802896873,0.1637471182634367,0.5090900879103213,4.5000155099374,0.34049684347237363,1.3412695219398532,0.6796854374038395,1.4495928073500632,0.6706600794554133,0.11038212240944689,0.1801867511175821,4.258243430615733,3.4399144833812016,4.5908179984652575,5.5717364192525825,0.14134347460179802,0.30577154138221274,0.2258508747556942,1.1697098191381332,1.7726979473990543,0.7249792635442209,0.07076260681832602,1.2980954199266503,3.923886678867168,0.18153757764845313,0.002792258900021327,4.39947112971097,1.8021107682514184,0.1835732073131684,2.6080795571393853,0.07158536706702012,3.3290971627941466,0.5293290596871094,1.5416419163877073,0.853473465292977,2.222861642039408,0.27241583195130126,5.250884135350629,3.868632782494827,6.180994342260963,3.4450104446463694,0.29264548973181836,5.6064605662490345,0.36341827588733766,4.2539494316380315,0.4972103513303203,0.0761055132326598,0.3136989369231755,1.5750926289359626,1.2266575750605089,0.809669236858364,0.2900907388295635,2.4588349712472652,1.9784544419631533,0.5749353195815725,0.3506587072750007,0.31441193885855,0.021939374428875613,0.2320311949570395,0.7137247954592654,0.3279610805752493,0.48924698670871236,0.35088600109275725,1.8247189527944832,0.40287330981067715,0.3442360933135682,0.8283552970361269,0.7012084535719064,9.121345073329739,0.6137816569472809,1.4444895261416604,0.10217697094101896,0.3927809768575643,0.34106008721529246,1.6832441847610284,0.011141507966675901,0.5147150924307498,0.5517090477807489,5.097304295870695,1.8487206682901836,8.694384487752862,2.783732557167805,0.3504929863982975,2.3861524748516993,1.2729003037657725,2.009069290172687,1.883815454017813,1.372346990595879,0.9802989986126849,0.2053474495594223,2.8612456173523193,0.5985567746245541,4.862440477568592,2.7857217353462382,4.852038498668364,0.4884893166670663,0.017370453358349414,0.6138893656343845,1.520078893293722,0.48535941752702794,0.6313157873425533,8.368613156040588,0.4713475507759375,0.26808570438860535,0.522323243453152,0.7999358398883052,3.5388009491357417,4.476121426084335,0.7693259589348962,2.045225822797608,0.15473385763659087,1.4920090744003494,2.5555644734081993,1.3346880703937867,2.2220788873590496,0.799028857489777,0.4734576842635505,0.10851279298431704,0.017006167613493717,0.2600865152641656,0.013566463318950284,0.46023905025882417,1.6340847827570972,0.6858168315859263,4.809206256079799,0.6146801819179428,0.3127232563674731,2.531221392792577,0.3221999746505868,1.5292682958686654,2.199011845750666,1.3903968494177303,0.5003022337336593,1.231829205724074,0.6094160053591748,0.8626220147063499,0.8971519367551433,1.979085228675525,0.07887116291691054,4.704025220857666,0.14945184024410407,0.09536435104334684,0.3943211373875535,2.2258470435344124,0.005053944324350912,0.3417695872110569,0.3805565721867432,0.36966602439105234,3.589425083637212,5.469610074590006,0.18630416235451408,1.1413655582767666,0.47182317021644415,4.730023726542052,1.1121103740888882,0.29285291343801845,1.8850981899567953,1.0259068715190507,0.1381540874673517,1.9730002251147527,6.721888276667808,0.3304481928672025,0.1579626663289302,0.3489685219671883,0.6798404220495373,1.6462181199190873,0.5940454861747455,4.117003106240741,0.9551597626939605,0.5722360041630771,0.9781789348549019,1.720567856441675,0.06003714231731827,0.3888113987462798,2.755609529398245,1.6718987115599713,3.970612984751951,0.3489893675608264,0.7316099188407943,0.3297432292989939,0.12508640726614895,7.661944703940373,0.3283563305608326,1.936583422729167,0.07157189626209137,2.4233454940300128,4.943608038977753,1.5851845076197857,0.5987852922336778,4.719353219644924,0.2165340611306208,0.359198686581359,2.683526973121424,4.040165934148322,0.5389090436545203,2.9916750799323357,1.1179014957926396,0.06404038955561275,0.3279598890574622,1.7888009172958972,1.2137597725508613,0.35837315580099816,1.2689781417204178,4.117754661844291,0.13585106848335649,0.2080677571791708,0.694959873827095,2.306117039841181,0.01847873050732396,1.84771648026725,0.8909938385248231,0.15881167974526456,0.3996482114645181,2.9447033094786867,0.044406818386501845,0.13278878956027196,0.12655682106011423,4.146123020013074,2.1873209704348637,5.848175536397026,2.69932724241056,0.716321090162835,1.2908291443087383,0.6765995506471971,0.580885576659774,1.8206103136576464,0.7094658602163049,0.14239288264207106,0.10375605368234186,0.8363811536911996,0.13815499853628177,0.3931675050494552,9.199506586517009,0.759634334875273,0.4365983783170495,0.034011155799187454,5.4336710490919895,0.5107840317033605,8.278758595200662,1.3054377827768602,1.0545500927347309,4.649660490343536,1.8581639992410788,1.998648071221707,3.4024238893452106,0.4325269702390311,4.896910802278406,0.15692787842238465,0.6997373683876214,3.9702998526568836,3.600491141276297,0.41152016246057577,1.2806857082276613,1.8603567041596456,0.7077233833476284,1.4415151326068836,0.9195026754800679,0.41475789511135,1.6323612430236811,0.32471126459718924,1.9373770162074422,4.386320393334428,3.2547755100198748,5.678861158422922,7.931331802020169,4.346481720325894,0.7157781829080632,0.30417688590473047,1.019040843413653,0.9844500004098555,0.6728755186786719,0.24628249278568404,1.5799642428121001,0.9800584287784484,1.4106237512000783,0.17877387544997436,1.5689655413252046,3.7957572438890668,1.4985958417453542,1.534144582856071,0.14979735386682558,0.41748219719418345,0.06728170460781424,0.4524379312854172,2.69972947010993,2.5041353278694416,1.0671749496576841,0.819476638303678,0.7045214263754778,0.30660000688098643,9.151980411475819,4.333885110469725,0.8031874756804742,5.293305378354358,0.5412593408680306,0.20213489127725948,2.9373252501521163,3.588882818137452,0.05468412691830338,2.4751309230665965,0.04427036524416561,5.492554121416351,0.3151175107929256,0.5510441124553553,0.006792879531380858,6.059559452527343,2.6907797079234803,0.10623272675180417,2.642090942498414,1.1593632578760833,3.0293450860072264,0.8000622453772959,1.0942463833671736,1.4768391034298873,4.522320125864095,0.05661071526806505,1.320412065654156,0.060217702753170066,2.5662457323081806,0.20704273813640084,0.16956630892535518,0.7624695833506272,6.252163765080473,0.02067193108353038,5.049289075660697,0.09191864284274764,2.4227675193823064,0.020213683188074594,4.291713783125213,0.2890048550862767,0.6856932252452616,1.4375487689545259,0.09558821174721888,0.11736983384728683,0.029542283668976044,0.4667886823440426,9.534978395051652,6.879699056434426,0.20510776538627518,3.6775405504388425,0.19221940360046735,0.2960664096669815,0.5236369517785806,0.8858521197960614,0.6459313499214732,1.0742728493174485,1.2044100435326646,4.2150315091493695,3.4350897154244713,0.6344707159194097,0.07688200977999138,1.012498876007463,3.767271312388158,5.756400874139041,1.3883152671997232,0.1413384951783816,0.24466370431464557,3.2704416600251047,0.2856734822424827,0.1396456519525735,0.2392945593080409,1.1964777506146802,1.8345396986766977,10.794464326394628,0.08587671431436472,1.6726755652816623,2.064795959265206,0.1747901146399211,0.674169330250197,0.2468434526907295,0.4549768796023601,0.362406524059141,6.445237791713519,4.300821763748745,1.3016021756324785,5.254875028180168,0.4546350146392486,1.6347291397208463,6.910624607748321,5.090194506725607,1.0990525116049419,0.7692637606536987,4.097395820163751,1.4732229223551117,1.0558528459677716,1.64734892119896,2.3190764435644455,0.07348527527437199,3.0386878889259643,12.161268742964875,1.2721816552793435,4.1468443380235485,0.4829110946685429,0.813811542569345,0.49856333656749063,0.18984884244714273,1.0858239768079883,2.3583627527562983,0.35856291186891687,1.6687447785562353,4.048903442328379,1.617493836698202,3.3122992264863416,5.50382275852775,3.9017508279599102,1.2203490813792865,11.969441344907905,4.4021879588015445,8.259712557912305,0.5851056048517882,0.347417325472261,5.610677033756625,0.49227253769517887,2.374692808147504,7.386930013857063,2.817152822701261,0.027754526853174255,0.08151665031458188,0.05737199530236359,0.1034091216382893,0.12298372385186007,0.4951609627732376,1.647194454227738,0.3042404276277626,0.5310706868554211,0.14691034715425255,4.02489759770796,10.187580350042362,0.37894966788358486,0.3992118870983936,0.14181385837547067,3.0040396258890363,0.4384323386695457,0.4950548934986836,4.9705165904266835,0.6675329015833329,0.3287573353276314,3.202129589377094,0.5678678479101331,2.7815847519197665,1.080036166506678,0.5631351819741506,3.861932792660077,7.219991469381242,0.1410683333012126,1.0089629380397982,1.1775555769357884,6.4630053818107625,0.2263116058703748,1.3032148300918434,0.4339400260088715,1.6407558088153449,0.5312186182457732,4.047675342668557,0.7229762120896258,3.8658494716676914,1.099823344442764,0.37167641043111965,0.7021607429806931,0.32013069536211924,1.3026646562332473,1.7813971306303449,0.03596658253411156,0.3548757193977723,0.7754190972811039,3.809279820962956,6.885696263983141,1.0287789622547687,5.3701343875625,5.648159157984377,0.022288822079371773,0.37491760938275454,0.3693895922769035,1.4820413047257308,0.22742910464046595,1.1548276219695308,0.15496420173068648,4.898332886270051,4.2829317481626195,10.56754205210905,0.08302698974034417,2.965803283189734,0.6535652275638215,1.6109789638632723,0.22271321301924418,2.9357045995867654,0.0956477788225234,0.2010242135037832,5.7171158692072925,0.37906334322666035,0.20773107290688597,1.1255069553682182,0.2143031111827931,0.11957954666790815,0.15702141755326338,1.1381628460898825,3.1756563039625254,0.5805141696757716,4.486486829285276,0.3391676491988411,1.234390479897737,7.176862497760874,2.3630803395878157,8.237219176426676,2.5003376922261333,0.2646192229589456,3.0099570391278716,7.5567922246669355,0.5984238077892066,0.0026116209697382153,0.4129295939082738,0.16882698753283343,1.1507944593170807,1.346365304479611,0.7462684119430527,2.1863715318634047,3.302758792510553,4.680703245778287,5.648822162483064,11.341308512291576,0.4943891718734492,1.338074608333769,3.546193978531747,1.8041135968706423,1.0717820597276448,1.2183005816068815,6.493426914239009,1.5215273074244493,2.399292744470012,4.622763588905155,0.5695244054212916,0.1735737640326711,2.8061414590030394,0.4444772388645437,2.3588074873223057,5.197352138132699,1.6340193445811027,0.01989193426498259,1.16209848985319,0.12416168002419914,0.7769481107885996,0.13501551104010545,12.5383908425543,0.11692942821477104,1.1560226624477337,2.3674989063571665,2.1432633077798124,0.4643740036832363,0.19995881984630742,1.6373110217154523,0.4944628174518989,0.470731000545395,1.5339884725643993,0.7682905512833453,3.2552485397906192,1.6246878482355576,4.447455015493809,0.2331331001297251,0.7992006031222352,0.7067915862848384,1.7903462691758065,5.915236498705428,4.1813900688553005,4.377495188984495,0.5714428062615555,1.8124976854312278,3.2712239718305125,0.8833819438400045,0.728069016971534,0.17075087762197994,0.30409183579200016,0.16568539531790716,3.951754761956394,0.243491424929551,3.0776731635891035,1.616730690652615,7.474696895984783,2.0587709938260375,0.5818668705455696,1.730098056135751,1.6088462593097086,0.47574126740064737,0.09961938383603186,2.1224247732192234,1.1112236457157127,2.344812186802872,0.41549695724468017,1.14240079513808,0.9127352001870825,4.401368500186412,0.434727562195806,4.287161639359791,3.90444720731909,4.417160292320111,0.5122240827557654,3.069072330961154,0.4382927210326053,4.9552145727912205,0.042324763849994285,0.004538862543848277,0.14794477752583468,0.390639521359637,0.1628366385817399,2.8638961482967447,0.17030401856431032,1.8673041137793658,0.42628739591842657,6.87308954696942,7.286949660383717,3.086319923284909,4.599285838801654,6.833994905695347,0.15020656944873023,0.9963722751314692,2.6226020258579883,0.682495741696759,0.2830799852363626,0.9711940657737725,4.340304351599584,14.64968992567014,1.6752684520389272,0.5364766892320281,1.0356954325293124,2.33643483814002,0.48754532138991724,0.44913314465645016,0.4660863113018825,1.2053592654728007,0.5212257346648503,4.309704157723363,0.1218316993737451,2.816157785488298,0.9503971393894473,1.09717879228804,1.4108938155381887,0.5834000548145979,0.03796816985623752,0.30772477818634414,0.007631081693053154,9.367581955233668,1.3519803972415576,0.3676716416470507,6.027363732986197,0.09191068124430635,0.8944465239665633,0.9429850406461939,1.8142933460872768,0.6617806568354747,6.310551293687374,0.30834934923288326,0.594891632090937,0.5824540814524755,1.7875971818155745,0.9257566825393901,0.20567902461533283,1.0467944975768746,0.09679081159368197,0.4308214236649359,0.3176131577461747,5.461129243095811,0.28721287034164045,6.9606117375869685,3.0053465447968826,0.30792992747922454,2.67032932175523,1.3674390299200052,2.1319821505308703,0.043521794905917455,3.4805641218664887,0.2956300109438912,0.34145569928377517,2.0205598954110444,0.6850408740809971,0.8303594827279417,0.6472053789745615,1.4344535952109565,1.6750117023082844,4.162458140556451,1.4471441532973914,2.2527897738923537,4.421639744763469,0.358410657810341,5.3178731346080905,0.028091745046880057,1.5606712247817676,0.014384738701516131,0.21080637274983371,1.3368342588054807,0.6273588526614517,2.7172103634380442,1.5366936218706022,5.622517597755095,2.7543436611880554,1.4040735200825916,2.818885005856486,0.8312512854469611,3.4658929165854198,0.1707701236127015,1.710038749964884,0.17693307725011476,0.07356753503119329,3.0010465353860756,0.29675787502455564,0.6657779298836606,0.1841692334264451,7.43436910012878,0.3081737897130501,3.1806992384300736,4.524374919063951,2.5531513483406254,1.2856999123403936,0.1492176009978563,7.409277139193103,0.22019142222939925,1.1703036441615733,3.130838761445272,1.0716714698523637,2.9276555605222514,3.27619742965601,0.8890601771208821,4.615709487480167,0.1912624214566936,0.5473673711022513,1.2498041728902756,0.5482525106358063,1.8620818154361405,2.1675620322387754,0.5526709016889781,0.3796203063315808,0.2057919482788111,0.3012979757854686,0.9200569374215268,0.44636885927268377,0.1837307211614565,0.4691579835496945,0.11271417467516098,0.20018075022732296,4.960878816968995,0.2907795982924246,0.7310708282217249,0.1829067021250259,4.560977591378276,1.5512816856953293,3.8060886768313322,4.607705501930381,0.15558317712028913,0.6792145105273926,0.4408786510526349,0.6263454268570308,0.20601636763228948,0.48532780260345865,0.07558139327538216,1.1991138479189214,6.080566974637735,0.7785475940555417,0.2717814785491648,0.7865743866871174,2.2621636574733053,2.4781961825906222,0.014694078572623726,0.7469580567196723,1.7392558669748255,1.129345788374842,8.938404057625567,0.48622212945392085,3.584024957367486,0.3684698910262605,2.7920264996838564,4.215795700400465,0.36022691069062107,2.118528074543385,0.9173745308716579,0.5530280911601557,0.5060744269480357,0.03640836255938362,0.1114110235916177,2.2625913297650113,0.11293524388293186,0.6887116886327034,0.8864012862654991,1.1747215381031393,0.6183710621699843,1.4620210093517707,1.258991563762564,1.3771299403908253,1.1254318433695554,0.20679305053720487,3.691805096503919,0.006314979286437872,1.8699189319642238,0.2594729100487463,1.5525913735688301,5.711550316408995,1.5423856245537588,0.6648388531189701,0.4104076086246094,0.2396139657684111,1.7585119170318664,0.026792781807604804,4.477432039931452,0.6039340617905815,1.683563171830719,1.3760384520868754,2.0176470741199335,0.0901539257714632,2.1898929156194944,3.2364867506082726,0.04923338656364162,0.26521254473424194,0.5776038692278458,0.21817925197298282,2.5879834418099676,0.7603463135905022,0.21572297182825118,0.259894676067719,0.1951910649994577,0.1669961051004556,0.8599593361415545,1.1079330835226995,0.6954659321060128,0.28207223628608835,7.711364238571793,2.9143397182132116,0.6085548778738206,0.23862001232795227,0.9740064080215043,1.6713757899803543,0.7644107303445526,0.3251632416548311,6.060161486892614,0.5166705287449811,0.27434573454037947,0.3294789823556352,2.720137181991864,0.12178679133384573,1.2516831036590692,0.4064960630322654,2.0989806698798303,4.61229797568144,3.3660793184754794,3.6645722812787254,3.7793277622666754,0.048403512983464125,1.8356274315717713,0.2526973374478336,8.970097610924984,0.2860994749684327,0.4096886040321619,0.8278919126744153,2.893765259957009,2.261659244507646,0.03156319521352369,0.10832402667574237,0.5862126792019884,2.6254337007723345,0.8367782071477327,0.6902399466833089,0.21049487404807543,0.3430439626388053,0.039845720303476995,0.15256338075841036,0.3076121665870639,4.900490608093023,0.882388150621301,0.04520355911498508,0.37767667437891994,0.4774330946284129,0.015089505313534257,0.31831966193967953,0.6479006752660457,0.03617613604022574,0.5260687587808253,5.620310184672042,0.7927163551666081,0.21081054042949798,2.1002700638897602,0.10971895152174804,6.184778729999746,0.9789130635023867,0.4425291318938376,0.32502673112783764,1.4221124664951938,7.476023175448968,0.6886624179163747,2.5737233971500997,0.05624651957397231,8.529886512661534,0.4980302050158253,1.080062624914095,1.6353695547881677,2.0790617218490834,0.04254511846975051,0.23952022477900725,0.06987848463041191,3.217968723870964,0.9346090906870241,1.7083741326548572,0.26341629635824226,3.0137162017928616,0.30297414349619967,4.718584968765694,2.1245100208047516,1.933515398292153,0.6193175369197848,0.036447424345118606,3.3151124465855357,9.2059036947748,0.0359016548791371,1.544558456004865,0.17843404744964086,2.6440582233454295,3.8742482682379955,8.063844686271002,1.04173662961759,2.1406141229724023,0.873553936962935,3.6561475376615684,0.882531830042099,0.959155481452088,0.432889571547169,0.2163289002490978,0.9938321592326876,0.4449635484529446,0.4982715486038316,0.31676140353186577,0.21984867063739588,3.9081329715578885,0.24661875092809138,0.07628899839974013,2.9107828123303197,0.23873492393303675,2.807670522501493,0.12126843207248728,0.9863080192818712,1.3698478980064497,0.7224524371882024,5.9513926126168535,4.116996509070766,1.9820712960795461,0.5502837887119569,0.3060678510861474,0.9563866378976735,0.28083602620956116,2.8549136916018414,0.7571706644439203,0.6916796227170101,1.9620218578496438,2.3257972427987554,0.7477967004911363,2.5931144843109464,0.25390871709459306,0.569037475817082,0.3361124496061987,0.14879511802823253,0.35461077128879837,1.7644871791965233,0.561814084913884,0.15320369509058174,0.6707757799882794,0.2271176499858346,1.8146246416289893,0.12037240049760634,0.3311846683528392,0.8450415867547534,0.6561639318746839,0.46173887418631754,2.4785377030010745,0.7828881411776226,6.430860901201626,2.961258574365776,1.0841128480118782,0.45518579715732566,0.23143910080215901,4.9175611714511405,0.531266109197787,0.14744325259610203,1.3945421195847025,1.2320689682547878,0.19980029389181497,0.2868987630808697,5.405276417154544,1.2761067164687052,0.33002780371091767,2.839065712658539,0.981239026420061,0.531449270454206,0.3486378571965787,0.7783409913368851,11.393531109844021,2.745187832110657,4.720061746693538,0.478568754600864,0.4164405239592104,1.3726737079215168,0.45910013141165074,0.2595860010001849,0.5603460609257584,0.13711432000616874,0.2755483415306099,1.7519403415718524,0.08185722240398263,3.704015370594358,2.1274284786963404,0.30603900317232213,0.0473508143601038,1.4113918915616517,0.0883664377724851,5.246008560983304,1.626493967993416,2.607590935960306,2.5183280130764687,7.0252985119729345,0.6348118227366495,5.392198763293556,2.413910657288756,0.13706447242102948,0.07248092259098149,3.0298165301333784,3.394761602318342,5.851698865904373,0.6206582050774738,0.22201219946056616,2.1308426593504946,1.183396588960281,0.21900602153748472,10.450562924471486,4.6501072416677065,2.348560389121353,3.43529972037874,0.05428793420919775,3.2495494089073014,3.6044897642748213,11.897742595847324,1.960436748266855,0.4492741166529428,0.4866601395751786,9.616560568646195,0.6375726694063264,0.3039063089050906,0.604834358550304,2.038353350152575,1.9272033793001033,0.9527849076532622,0.5972780879997612,0.9806253067644162,0.746328867644542,1.6498092297564182,0.11394046342057873,1.3431617802530038,5.003443197396979,2.387272247137722,0.5512691830305205,0.06831965142119456,4.648028908030436,1.0217222660150482,3.1426996147366055,2.9756611841425276,0.4628411627724228,0.41135126253822785,7.5564001169864685,0.7475951384664477,0.7229071509806484,0.1631240748935855,6.888228827230673,1.0740347350371628,0.6189370288039493,0.3444528451018516,0.4065520356024832,0.29361958035078217,1.360251874847544,2.3784161683004883,0.2465905496681664,0.05048962009967517,0.850962487935885,0.5230645840483605,0.8108703040952645,0.6819634987301437,0.8329143025233963,2.672987781085637,1.058557471955683,1.516035985178827,1.1325359076275188,0.6939999797684226,4.322660344970547,1.0464423554737836,1.909946515410489,0.226987047211471,0.5000548441944648,3.7091893346905627,0.4760841662562678,0.10511325952028461,0.2572050196298368,0.09348325816844638,1.3814036130942071,2.353162481906038,0.05516630518444643,0.08855759503403732,1.1644818230449596,0.04642210313088313,0.01803508451458935,8.750634542041801,4.587650199435245,4.434480680822004,0.2727180340511367,0.14491968807460887,2.384320713039014,3.6301592854084674,8.274426722904217,0.13137293476415113,0.24089549386042552,0.2726548496799186,0.39614821828600677,2.075420458476153,3.598585298701957,4.121229475566835,4.111454047263611,8.036214433557502,3.398494324988187,3.224101262968696,5.99668666975389,2.9178322056632906,0.21409471581996065,0.20340038328441512,0.37341971362628157,1.986045825113337,1.207058788443754,0.2056046190644456,8.749582101534171,5.779805342256578,1.3568816838955577,2.2201656718352587,1.3158804389725833,0.6503888073392554,0.5577933911989623,2.892975349725682,2.1012065555701156,0.038623067044956993,0.12449939180312564,1.5439995473738355,1.0756447930710058,0.22023947229691676,0.3396648960043023,0.15339405705554143,0.4764548842173739,1.312734320121118,0.2196319484898157,0.30707756399287145,3.72305836641314,0.4463353447665337,1.1630845527487645,0.7994615659072344,2.948899336655078,0.47330577832419807,0.9888357697273975,0.027666105632295546,3.8686781721911605,0.46729562547381853,1.7488102393608154,0.2869383197883746,0.29135437011216414,10.950173127430567,0.15782796104068764,0.6342284638526889,0.2706929870603405,6.203234887894917,1.3569036602082027,0.45906172920399646,1.0512573133708356,0.7519088779622534,0.3167858650037174,0.03347514601354051,0.26489226446126657,0.06561474064970785,5.762485971312739,0.3310575070184577,6.809082499974476,2.544037390163157,5.591070246564248,1.0314968465892211,0.017304282210600874,0.6230158118979991,0.07597437246080974,0.6194412662632937,2.3374234838324157,0.8354890856774158,0.21253461536324192,0.3444160984690918,1.3532902559115922,0.6433367002415813,0.7279592317798711,0.5923093879385134,1.2509699391709856,2.6403607193670124,0.5572313495514312,2.392412447517727,0.22101335772987019,0.42838744863767264,1.0880762497720076,0.43987855518752195,0.3638996117826985,1.7660959393510447,0.9492660131069672,0.9346005569645128,2.04496829186488,0.3061638784313212,0.3799516385752766,0.4307456233360454,0.27863030477904527,0.9492372980702632,0.28809186205494663,0.7440077864577805,3.310998305533963,1.0043774348888603,0.053296698836177825,0.7534967928770895,0.4930820436334906,0.3851083007991949,0.44391781848171497,0.03298265966474201,2.1633615972607627,2.901529776375079,0.8439227765848814,0.36963700472172967,0.6260617066699665,0.8037754592074213,2.4898078004863624,1.2494818830387633,0.13199625740942356,1.0502175362935557,0.3372000627348317,0.03636943922470892,4.799917176349903,0.21961288387431654,1.1586140350940228,1.0216509310892552,0.5418368110812162,0.9091687340624572,5.6558728711925825,0.1141237158006998,0.09426792282012908,0.8576672737604785,1.5506317395831424,0.985776440742396,0.19237029574840958,0.018760269403053975,1.593835390001665,0.36668299969330764,3.0383079116936647,0.1618762086645691,0.48863511391231484,4.373491630475117,2.464208995657775,1.0038035952508575,0.8827783175104975,3.0064240791077186,0.5190396382933591,0.7447104352659397,1.0493381395067685,3.1357569999493666,1.1577282570901346,8.175813533789002,0.09235562451580392,0.03304620036379191,4.230875602855313,2.128701410879297,2.837984543091258,0.19876030954271318,1.4236097282779747,2.8042870716603043,0.19967442130276591,4.446801362072121,0.13220452020890772,3.835902101469802,5.074450747909176,5.21996320903213,0.06479795783127162,4.296562444928992,3.397518417836479,3.2493280116647627,0.016433085458813945,0.3930354468751347,1.6442524640404557,0.30685373663296023,3.485688778628569,0.13202954045460413,0.5470469903014198,2.5671850192239316,1.1749437392864859,0.1820137586706836,1.1074534875958877,0.48479111181798684,2.1929583034408235,1.5155851486014453,0.012430543134763328,0.12305496284304329,2.2607894438012037,0.6824426033365726,2.7585560767302573,8.411821644993141,1.2806809916969384,0.839587575170039,0.43112962909648955,0.2623459919479132,3.115595143541932,4.259831333957135,0.1006234862610847,13.654787716817076,2.913247378627223,4.739868398596898,1.7002486650469926,2.38474138432835,5.139583873994923,0.30577058434324345,0.14906774548344992,0.5166223429270964,2.1933538808077255,3.4320213572896177,0.10503525894657695,0.702579145961358,0.9790776792283284,1.0405048687352632,0.35513226538672593,0.0967088907861049,0.3734215476880056,0.35463802309997483,0.26778962493523784,2.043488041918847,0.28041627979546446,0.20772016620918787,0.017618088372044927,0.8914692662076922,0.19656262788706025,0.10829372678368898,0.04501125846284615,0.4489154080298681,4.4911812090083805,0.15950587205952638,1.7850639846864973,0.004677972956872001,3.147610139070416,1.680317399644073,0.4045735051818822,0.875889069780595,12.178151817952994,0.08263706917878721,0.7204446477690905,0.5839015235237923,2.5986130332677497,0.24917925304221233,1.1771401444875669,3.255706031614217,1.1568958623113361,0.2524210556865438,6.188578142092042,4.930082984593042,2.7220256107669853,0.9718058238957166,11.012882875163406,3.396581693252718,0.2992393667113564,1.153617662872718,0.9723932048877649,0.3957466236014868,0.3261202835136172,0.1536418696562314,1.3206456746049255,7.855436854574979,0.3181886538455183,0.8856651213274671,0.16140998357053227,0.0650703828776571,0.21463065789716052,0.8880702592721428,0.9781799267641214,2.2582911343392285,0.07551817024703023,2.506839414060232,0.26583382889900786,0.18100750087548612,3.009771809915004,1.2612267348982127,0.1709109436443801,3.451602655156064,1.28775628146112,1.0686563331404022,7.610696527996508,5.288773662363577,0.04415377282318245,3.802089626713759,1.05774685232898,1.2790105289902913,1.0482637161814932,0.32567385101733315,4.423968613602954,0.5585315525446806,1.7122779979570655,4.890491671587971,2.8312721699567223,7.666256350541132,5.530198398651978,0.908048100490449,0.20684403277472008,3.951161078210784,0.8443753316826601,0.8149312761783247,0.8946924184191936,5.332315932837513,3.3041307301109586,0.9052394905834604,0.5517320199192899,0.9066443125537739,0.10664188569183919,0.9774869430989686,0.9772459359490233,6.859892587123838,0.2638109558373133,0.9484453924256633,0.5573097951844431,0.12299985063360142,1.9677711909166407,4.902712481226255,0.43381038043756526,2.200420549431715,0.47983981025942146,1.2758019591021064,0.2974668430412941,0.7492690295131541,2.532579672268402,11.04623625459601,0.18397613696354786,0.579510296209085,2.9110939208388436,0.24661503536556517,1.2522985021992434,3.9441251418122656,0.3880077023047117,1.1687270932654839,1.64648375587532,1.4232028327611546,0.6318164900364396,0.8835775331476132,0.48599234386449286,3.3522806513738597,1.0082746492238606,0.06748580259151549,3.4602342185640524,0.8076173825292479,0.13739514490435756,0.537734366941043,0.48571910780553695,2.541976042361059,0.08394628591730857,1.9852911505279862,4.071072665952502,2.460933113360464,1.234082680601585,0.8100501097468946,2.8692376236855734,0.405007408686211,0.5807469583015469,0.7906042405883653,0.026270426266316704,4.826022535199769,1.1511115161514862,0.25987022383112013,0.24630889034186043,0.305004187180016,0.012400187712440669,0.6257527400611707,0.048345850532335644,4.829021015752642,0.5617938835656986,9.450464048634839,9.580412014458474,0.03342612128687339,0.7458631740328512,3.231106950702674,0.7175461001339158,1.5649481966960286,2.048419814542531,0.49687327619455823,0.3605845148900344,0.2331086194762757,0.38165554378897104,0.03412158213856742,3.5005579224179204,0.19083100214514115,0.06737755183440086,2.9586349450126774
"((3, 1), (2, 1))",0.0,0.0,0.0,0.0,0.0,0.0,0.0,0.0,0.0,0.0,0.0,0.0,0.0,0.0,0.0,0.0,0.0,0.0,0.0,0.0,0.0,0.0,0.0,0.0,0.0,0.0,0.0,0.0,0.0,0.0,0.0,0.0,0.0,0.0,0.0,0.0,0.0,0.0,0.0,0.0,0.0,0.0,0.0,0.0,0.0,0.0,0.0,0.0,0.0,0.0,0.0,0.0,0.0,0.0,0.0,0.0,0.0,0.0,0.0,0.0,0.0,0.0,0.0,0.0,0.0,0.0,0.0,0.0,0.0,0.0,0.0,0.0,0.0,0.0,0.0,0.0,0.0,0.0,0.0,0.0,0.0,0.0,0.0,0.0,0.0,0.0,0.0,0.0,0.0,0.0,0.0,0.0,0.0,0.0,0.0,0.0,0.0,0.0,0.0,0.0,0.0,0.0,0.0,0.0,0.0,0.0,0.0,0.0,0.0,0.0,0.0,0.0,0.0,0.0,0.0,0.0,0.0,0.0,0.0,0.0,0.0,0.0,0.0,0.0,0.0,0.0,0.0,0.0,0.0,0.0,0.0,0.0,0.0,0.0,0.0,0.0,0.0,0.0,0.0,0.0,0.0,0.0,0.0,0.0,0.0,0.0,0.0,0.0,0.0,0.0,0.0,0.0,0.0,0.0,0.0,0.0,0.0,0.0,0.0,0.0,0.0,0.0,0.0,0.0,0.0,0.0,0.0,0.0,0.0,0.0,0.0,0.0,0.0,0.0,0.0,0.0,0.0,0.0,0.0,0.0,0.0,0.0,0.0,0.0,0.0,0.0,0.0,0.0,0.0,0.0,0.0,0.0,0.0,0.0,0.0,0.0,0.0,0.0,0.0,0.0,0.0,0.0,0.0,0.0,0.0,0.0,0.0,0.0,0.0,0.0,0.0,0.0,0.0,0.0,0.0,0.0,0.0,0.0,0.0,0.0,0.0,0.0,0.0,0.0,0.0,0.0,0.0,0.0,0.0,0.0,0.0,0.0,0.0,0.0,0.0,0.0,0.0,0.0,0.0,0.0,0.0,0.0,0.0,0.0,0.0,0.0,0.0,0.0,0.0,0.0,0.0,0.0,0.0,0.0,0.0,0.0,0.0,0.0,0.0,0.0,0.0,0.0,0.0,0.0,0.0,0.0,0.0,0.0,0.0,0.0,0.0,0.0,0.0,0.0,0.0,0.0,0.0,0.0,0.0,0.0,0.0,0.0,0.0,0.0,0.0,0.0,0.0,0.0,0.0,0.0,0.0,0.0,0.0,0.0,0.0,0.0,0.0,0.0,0.0,0.0,0.0,0.0,0.0,0.0,0.0,0.0,0.0,0.0,0.0,0.0,0.0,0.0,0.0,0.0,0.0,0.0,0.0,0.0,0.0,0.0,0.0,0.0,0.0,0.0,0.0,0.0,0.0,0.0,0.0,0.0,0.0,0.0,0.0,0.0,0.0,0.0,0.0,0.0,0.0,0.0,0.0,0.0,0.0,0.0,0.0,0.0,0.0,0.0,0.0,0.0,0.0,0.0,0.0,0.0,0.0,0.0,0.0,0.0,0.0,0.0,0.0,0.0,0.0,0.0,0.0,0.0,0.0,0.0,0.0,0.0,0.0,0.0,0.0,0.0,0.0,0.0,0.0,0.0,0.0,0.0,0.0,0.0,0.0,0.0,0.0,0.0,0.0,0.0,0.0,0.0,0.0,0.0,0.0,0.0,0.0,0.0,0.0,0.0,0.0,0.0,0.0,0.0,0.0,0.0,0.0,0.0,0.0,0.0,0.0,0.0,0.0,0.0,0.0,0.0,0.0,0.0,0.0,0.0,0.0,0.0,0.0,0.0,0.0,0.0,0.0,0.0,0.0,0.0,0.0,0.0,0.0,0.0,0.0,0.0,0.0,0.0,0.0,0.0,0.0,0.0,0.0,0.0,0.0,0.0,0.0,0.0,0.0,0.0,0.0,0.0,0.0,0.0,0.0,0.0,0.0,0.0,0.0,0.0,0.0,0.0,0.0,0.0,0.0,0.0,0.0,0.0,0.0,0.0,0.0,0.0,0.0,0.0,0.0,0.0,0.0,0.0,0.0,0.0,0.0,0.0,0.0,0.0,0.0,0.0,0.0,0.0,0.0,0.0,0.0,0.0,0.0,0.0,0.0,0.0,0.0,0.0,0.0,0.0,0.0,0.0,0.0,0.0,0.0,0.0,0.0,0.0,0.0,0.0,0.0,0.0,0.0,0.0,0.0,0.0,0.0,0.0,0.0,0.0,0.0,0.0,0.0,0.0,0.0,0.0,0.0,0.0,0.0,0.0,0.0,0.0,0.0,0.0,0.0,0.0,0.0,0.0,0.0,0.0,0.0,0.0,0.0,0.0,0.0,0.0,0.0,0.0,0.0,0.0,0.0,0.0,0.0,0.0,0.0,0.0,0.0,0.0,0.0,0.0,0.0,0.0,0.0,0.0,0.0,0.0,0.0,0.0,0.0,0.0,0.0,0.0,0.0,0.0,0.0,0.0,0.0,0.0,0.0,0.0,0.0,0.0,0.0,0.0,0.0,0.0,0.0,0.0,0.0,0.0,0.0,0.0,0.0,0.0,0.0,0.0,0.0,0.0,0.0,0.0,0.0,0.0,0.0,0.0,0.0,0.0,0.0,0.0,0.0,0.0,0.0,0.0,0.0,0.0,0.0,0.0,0.0,0.0,0.0,0.0,0.0,0.0,0.0,0.0,0.0,0.0,0.0,0.0,0.0,0.0,0.0,0.0,0.0,0.0,0.0,0.0,0.0,0.0,0.0,0.0,0.0,0.0,0.0,0.0,0.0,0.0,0.0,0.0,0.0,0.0,0.0,0.0,0.0,0.0,0.0,0.0,0.0,0.0,0.0,0.0,0.0,0.0,0.0,0.0,0.0,0.0,0.0,0.0,0.0,0.0,0.0,0.0,0.0,0.0,0.0,0.0,0.0,0.0,0.0,0.0,0.0,0.0,0.0,0.0,0.0,0.0,0.0,0.0,0.0,0.0,0.0,0.0,0.0,0.0,0.0,0.0,0.0,0.0,0.0,0.0,0.0,0.0,0.0,0.0,0.0,0.0,0.0,0.0,0.0,0.0,0.0,0.0,0.0,0.0,0.0,0.0,0.0,0.0,0.0,0.0,0.0,0.0,0.0,0.0,0.0,0.0,0.0,0.0,0.0,0.0,0.0,0.0,0.0,0.0,0.0,0.0,0.0,0.0,0.0,0.0,0.0,0.0,0.0,0.0,0.0,0.0,0.0,0.0,0.0,0.0,0.0,0.0,0.0,0.0,0.0,0.0,0.0,0.0,0.0,0.0,0.0,0.0,0.0,0.0,0.0,0.0,0.0,0.0,0.0,0.0,0.0,0.0,0.0,0.0,0.0,0.0,0.0,0.0,0.0,0.0,0.0,0.0,0.0,0.0,0.0,0.0,0.0,0.0,0.0,0.0,0.0,0.0,0.0,0.0,0.0,0.0,0.0,0.0,0.0,0.0,0.0,0.0,0.0,0.0,0.0,0.0,0.0,0.0,0.0,0.0,0.0,0.0,0.0,0.0,0.0,0.0,0.0,0.0,0.0,0.0,0.0,0.0,0.0,0.0,0.0,0.0,0.0,0.0,0.0,0.0,0.0,0.0,0.0,0.0,0.0,0.0,0.0,0.0,0.0,0.0,0.0,0.0,0.0,0.0,0.0,0.0,0.0,0.0,0.0,0.0,0.0,0.0,0.0,0.0,0.0,0.0,0.0,0.0,0.0,0.0,0.0,0.0,0.0,0.0,0.0,0.0,0.0,0.0,0.0,0.0,0.0,0.0,0.0,0.0,0.0,0.0,0.0,0.0,0.0,0.0,0.0,0.0,0.0,0.0,0.0,0.0,0.0,0.0,0.0,0.0,0.0,0.0,0.0,0.0,0.0,0.0,0.0,0.0,0.0,0.0,0.0,0.0,0.0,0.0,0.0,0.0,0.0,0.0,0.0,0.0,0.0,0.0,0.0,0.0,0.0,0.0,0.0,0.0,0.0,0.0,0.0,0.0,0.0,0.0,0.0,0.0,0.0,0.0,0.0,0.0,0.0,0.0,0.0,0.0,0.0,0.0,0.0,0.0,0.0,0.0,0.0,0.0,0.0,0.0,0.0,0.0,0.0,0.0,0.0,0.0,0.0,0.0,0.0,0.0,0.0,0.0,0.0,0.0,0.0,0.0,0.0,0.0,0.0,0.0,0.0,0.0,0.0,0.0,0.0,0.0,0.0,0.0,0.0,0.0,0.0,0.0,0.0,0.0,0.0,0.0,0.0,0.0,0.0,0.0,0.0,0.0,0.0,0.0,0.0,0.0,0.0,0.0,0.0,0.0,0.0,0.0,0.0,0.0,0.0,0.0,0.0,0.0,0.0,0.0,0.0,0.0,0.0,0.0,0.0,0.0,0.0,0.0,0.0,0.0,0.0,0.0,0.0,0.0,0.0,0.0,0.0,0.0,0.0,0.0,0.0,0.0,0.0,0.0,0.0,0.0,0.0,0.0,0.0,0.0,0.0,0.0,0.0,0.0,0.0,0.0,0.0,0.0,0.0,0.0,0.0,0.0,0.0,0.0,0.0,0.0,0.0,0.0,0.0,0.0,0.0,0.0,0.0,0.0,0.0,0.0,0.0,0.0,0.0,0.0,0.0,0.0,0.0,0.0,0.0,0.0,0.0,0.0,0.0,0.0,0.0,0.0,0.0,0.0,0.0,0.0,0.0,0.0,0.0,0.0,0.0,0.0,0.0,0.0,0.0,0.0,0.0,0.0,0.0,0.0,0.0,0.0,0.0,0.0,0.0,0.0,0.0,0.0,0.0,0.0,0.0,0.0,0.0,0.0,0.0,0.0,0.0,0.0,0.0,0.0,0.0,0.0,0.0,0.0,0.0,0.0,0.0,0.0,0.0,0.0,0.0,0.0,0.0,0.0,0.0,0.0,0.0,0.0,0.0,0.0,0.0,0.0,0.0,0.0,0.0,0.0,0.0,0.0,0.0,0.0,0.0,0.0,0.0,0.0,0.0,0.0,0.0,0.0,0.0,0.0,0.0,0.0,0.0,0.0,0.0,0.0,0.0,0.0,0.0,0.0,0.0,0.0,0.0,0.0,0.0,0.0,0.0,0.0,0.0,0.0,0.0,0.0,0.0,0.0,0.0,0.0,0.0,0.0,0.0,0.0,0.0,0.0,0.0,0.0,0.0,0.0,0.0,0.0,0.0,0.0,0.0,0.0,0.0,0.0,0.0,0.0,0.0,0.0,0.0,0.0,0.0,0.0,0.0,0.0,0.0,0.0,0.0,0.0,0.0,0.0,0.0,0.0,0.0,0.0,0.0,0.0,0.0,0.0,0.0,0.0,0.0,0.0,0.0,0.0,0.0,0.0,0.0,0.0,0.0,0.0,0.0,0.0,0.0,0.0,0.0,0.0,0.0,0.0,0.0,0.0,0.0,0.0,0.0,0.0,0.0,0.0,0.0,0.0,0.0,0.0,0.0,0.0,0.0,0.0,0.0,0.0,0.0,0.0,0.0,0.0,0.0,0.0,0.0,0.0,0.0,0.0,0.0,0.0,0.0,0.0,0.0,0.0,0.0,0.0,0.0,0.0,0.0,0.0,0.0,0.0,0.0,0.0,0.0,0.0,0.0,0.0,0.0,0.0,0.0,0.0,0.0,0.0,0.0,0.0,0.0,0.0,0.0,0.0,0.0,0.0,0.0,0.0,0.0,0.0,0.0,0.0,0.0,0.0,0.0,0.0,0.0,0.0,0.0,0.0,0.0,0.0,0.0,0.0,0.0,0.0,0.0,0.0,0.0,0.0,0.0,0.0,0.0,0.0,0.0,0.0,0.0,0.0,0.0,0.0,0.0,0.0,0.0,0.0,0.0,0.0,0.0,0.0,0.0,0.0,0.0,0.0,0.0,0.0,0.0,0.0,0.0,0.0,0.0,0.0,0.0,0.0,0.0,0.0,0.0,0.0,0.0,0.0,0.0,0.0,0.0,0.0,0.0,0.0,0.0,0.0,0.0,0.0,0.0,0.0,0.0,0.0,0.0,0.0,0.0,0.0,0.0,0.0,0.0,0.0,0.0,0.0,0.0,0.0,0.0,0.0,0.0,0.0,0.0,0.0,0.0,0.0,0.0,0.0,0.0,0.0,0.0,0.0,0.0,0.0,0.0,0.0,0.0,0.0,0.0,0.0,0.0,0.0,0.0,0.0,0.0,0.0,0.0,0.0,0.0,0.0,0.0,0.0,0.0,0.0,0.0,0.0,0.0,0.0,0.0,0.0,0.0,0.0,0.0,0.0,0.0,0.0,0.0,0.0,0.0,0.0,0.0,0.0,0.0,0.0,0.0,0.0,0.0,0.0,0.0,0.0,0.0,0.0,0.0,0.0,0.0,0.0,0.0,0.0,0.0,0.0,0.0,0.0,0.0,0.0,0.0,0.0,0.0,0.0,0.0,0.0,0.0,0.0,0.0,0.0,0.0,0.0,0.0,0.0,0.0,0.0,0.0,0.0,0.0,0.0,0.0,0.0,0.0,0.0,0.0,0.0,0.0,0.0,0.0,0.0,0.0,0.0,0.0,0.0,0.0,0.0,0.0,0.0,0.0,0.0,0.0,0.0,0.0,0.0,0.0,0.0,0.0,0.0,0.0,0.0,0.0,0.0,0.0,0.0,0.0,0.0,0.0,0.0,0.0,0.0,0.0,0.0,0.0,0.0,0.0,0.0,0.0,0.0,0.0,0.0,0.0,0.0,0.0,0.0,0.0,0.0,0.0,0.0,0.0,0.0,0.0,0.0,0.0,0.0,0.0,0.0,0.0,0.0,0.0,0.0,0.0,0.0,0.0,0.0,0.0,0.0,0.0,0.0,0.0,0.0,0.0,0.0,0.0,0.0,0.0,0.0,0.0,0.0,0.0,0.0,0.0,0.0,0.0,0.0,0.0,0.0,0.0,0.0,0.0,0.0,0.0,0.0,0.0,0.0,0.0,0.0,0.0,0.0,0.0,0.0,0.0,0.0,0.0,0.0,0.0,0.0,0.0,0.0,0.0,0.0,0.0,0.0,0.0,0.0,0.0,0.0,0.0,0.0,0.0,0.0,0.0,0.0,0.0,0.0,0.0,0.0,0.0,0.0,0.0,0.0,0.0,0.0,0.0,0.0,0.0,0.0,0.0,0.0,0.0,0.0,0.0,0.0,0.0,0.0,0.0,0.0,0.0,0.0,0.0,0.0,0.0,0.0,0.0,0.0,0.0,0.0,0.0,0.0,0.0,0.0,0.0,0.0,0.0,0.0,0.0,0.0,0.0,0.0,0.0,0.0,0.0,0.0,0.0,0.0,0.0,0.0,0.0,0.0,0.0,0.0,0.0,0.0,0.0,0.0,0.0,0.0,0.0,0.0,0.0,0.0,0.0,0.0,0.0,0.0,0.0,0.0,0.0,0.0,0.0,0.0,0.0,0.0,0.0,0.0,0.0,0.0,0.0,0.0,0.0,0.0,0.0,0.0,0.0,0.0,0.0,0.0,0.0,0.0,0.0,0.0,0.0,0.0,0.0,0.0,0.0,0.0,0.0,0.0,0.0,0.0,0.0,0.0,0.0,0.0,0.0,0.0,0.0,0.0,0.0,0.0,0.0,0.0,0.0,0.0,0.0,0.0,0.0,0.0,0.0,0.0,0.0,0.0,0.0,0.0,0.0,0.0,0.0,0.0,0.0,0.0,0.0,0.0,0.0,0.0,0.0,0.0,0.0,0.0,0.0,0.0,0.0,0.0,0.0,0.0,0.0,0.0,0.0,0.0,0.0,0.0,0.0,0.0,0.0,0.0,0.0,0.0,0.0,0.0,0.0,0.0,0.0,0.0,0.0,0.0,0.0,0.0,0.0,0.0,0.0,0.0,0.0,0.0,0.0,0.0,0.0,0.0,0.0,0.0,0.0,0.0,0.0,0.0,0.0,0.0,0.0,0.0,0.0,0.0,0.0,0.0,0.0,0.0,0.0,0.0,0.0,0.0,0.0,0.0,0.0,0.0,0.0,0.0,0.0,0.0,0.0,0.0,0.0,0.0,0.0,0.0,0.0,0.0,0.0,0.0,0.0,0.0,0.0,0.0,0.0,0.0,0.0,0.0,0.0,0.0,0.0,0.0,0.0,0.0,0.0,0.0,0.0,0.0,0.0,0.0,0.0,0.0,0.0,0.0,0.0,0.0,0.0,0.0,0.0,0.0,0.0,0.0,0.0,0.0,0.0,0.0,0.0,0.0,0.0,0.0,0.0,0.0,0.0,0.0,0.0,0.0,0.0,0.0,0.0,0.0,0.0,0.0,0.0,0.0,0.0,0.0,0.0,0.0,0.0,0.0,0.0,0.0,0.0,0.0,0.0,0.0,0.0,0.0,0.0,0.0,0.0,0.0,0.0,0.0,0.0,0.0,0.0,0.0,0.0,0.0,0.0,0.0,0.0,0.0,0.0,0.0,0.0,0.0,0.0,0.0,0.0,0.0,0.0,0.0,0.0,0.0,0.0,0.0,0.0,0.0,0.0,0.0,0.0,0.0,0.0,0.0,0.0,0.0,0.0,0.0,0.0,0.0,0.0,0.0,0.0,0.0,0.0,0.0,0.0,0.0,0.0,0.0,0.0,0.0,0.0,0.0,0.0,0.0,0.0,0.0,0.0,0.0,0.0,0.0,0.0,0.0,0.0,0.0,0.0,0.0,0.0,0.0,0.0,0.0,0.0,0.0,0.0,0.0,0.0,0.0,0.0,0.0,0.0,0.0,0.0,0.0,0.0,0.0,0.0,0.0,0.0,0.0,0.0,0.0,0.0,0.0,0.0,0.0,0.0,0.0,0.0,0.0,0.0,0.0,0.0,0.0,0.0,0.0,0.0,0.0,0.0,0.0,0.0,0.0,0.0,0.0,0.0,0.0,0.0,0.0,0.0,0.0,0.0,0.0,0.0,0.0,0.0,0.0,0.0,0.0,0.0,0.0,0.0,0.0,0.0,0.0,0.0,0.0,0.0,0.0,0.0,0.0,0.0,0.0,0.0,0.0,0.0,0.0,0.0,0.0,0.0,0.0,0.0,0.0,0.0,0.0,0.0,0.0,0.0,0.0,0.0,0.0,0.0,0.0,0.0,0.0,0.0,0.0,0.0,0.0,0.0,0.0,0.0,0.0,0.0,0.0,0.0,0.0,0.0,0.0,0.0,0.0,0.0,0.0,0.0,0.0,0.0,0.0,0.0,0.0,0.0,0.0,0.0,0.0,0.0,0.0,0.0,0.0,0.0,0.0,0.0,0.0,0.0,0.0,0.0,0.0,0.0,0.0,0.0,0.0,0.0,0.0,0.0,0.0,0.0,0.0,0.0,0.0,0.0,0.0,0.0,0.0,0.0,0.0,0.0,0.0,0.0,0.0,0.0,0.0,0.0,0.0,0.0,0.0,0.0,0.0,0.0,0.0,0.0,0.0,0.0,0.0,0.0,0.0,0.0,0.0,0.0,0.0,0.0,0.0,0.0,0.0,0.0,0.0,0.0,0.0,0.0,0.0,0.0,0.0,0.0,0.0,0.0,0.0,0.0,0.0,0.0,0.0,0.0,0.0,0.0,0.0,0.0,0.0,0.0,0.0,0.0,0.0,0.0,0.0,0.0,0.0,0.0,0.0,0.0,0.0,0.0,0.0,0.0,0.0,0.0,0.0,0.0,0.0,0.0,0.0,0.0,0.0,0.0,0.0,0.0,0.0,0.0,0.0,0.0,0.0,0.0,0.0,0.0,0.0,0.0,0.0,0.0,0.0,0.0,0.0,0.0,0.0,0.0,0.0,0.0,0.0,0.0,0.0,0.0,0.0,0.0,0.0,0.0,0.0,0.0,0.0,0.0,0.0,0.0,0.0,0.0,0.0,0.0,0.0,0.0,0.0,0.0,0.0,0.0,0.0,0.0,0.0,0.0,0.0,0.0,0.0,0.0,0.0,0.0,0.0,0.0,0.0,0.0,0.0,0.0,0.0,0.0,0.0,0.0,0.0,0.0,0.0,0.0,0.0,0.0,0.0,0.0,0.0,0.0,0.0,0.0,0.0,0.0,0.0,0.0,0.0,0.0,0.0,0.0,0.0,0.0,0.0,0.0,0.0,0.0,0.0,0.0,0.0,0.0,0.0,0.0,0.0,0.0,0.0,0.0,0.0,0.0,0.0,0.0,0.0,0.0,0.0,0.0,0.0,0.0,0.0,0.0,0.0,0.0,0.0,0.0,0.0,0.0,0.0,0.0,0.0,0.0,0.0,0.0,0.0,0.0,0.0,0.0,0.0,0.0,0.0,0.0,0.0,0.0,0.0,0.0,0.0,0.0,0.0,0.0,0.0,0.0,0.0,0.0,0.0,0.0,0.0,0.0,0.0,0.0,0.0,0.0,0.0,0.0,0.0,0.0,0.0,0.0,0.0,0.0,0.0,0.0,0.0,0.0,0.0,0.0,0.0,0.0,0.0,0.0,0.0,0.0,0.0,0.0,0.0,0.0,0.0,0.0,0.0,0.0,0.0,0.0,0.0,0.0,0.0,0.0,0.0,0.0,0.0,0.0,0.0,0.0,0.0,0.0,0.0,0.0,0.0,0.0,0.0,0.0,0.0,0.0,0.0,0.0,0.0,0.0,0.0,0.0,0.0,0.0,0.0,0.0,0.0,0.0,0.0,0.0,0.0,0.0,0.0,0.0,0.0,0.0,0.0,0.0,0.0,0.0,0.0,0.0,0.0,0.0,0.0,0.0,0.0,0.0,0.0,0.0,0.0,0.0,0.0,0.0,0.0,0.0,0.0,0.0,0.0,0.0,0.0,0.0,0.0,0.0,0.0,0.0,0.0,0.0,0.0,0.0,0.0,0.0,0.0,0.0,0.0,0.0,0.0,0.0,0.0,0.0,0.0,0.0,0.0,0.0,0.0,0.0,0.0,0.0,0.0,0.0,0.0,0.0,0.0,0.0,0.0,0.0,0.0,0.0,0.0,0.0,0.0,0.0,0.0,0.0,0.0,0.0,0.0,0.0,0.0,0.0,0.0,0.0,0.0,0.0,0.0,0.0,0.0,0.0,0.0,0.0,0.0,0.0,0.0,0.0,0.0,0.0,0.0,0.0,0.0,0.0,0.0,0.0,0.0,0.0,0.0,0.0,0.0,0.0,0.0,0.0,0.0,0.0,0.0,0.0,0.0,0.0,0.0,0.0,0.0,0.0,0.0,0.0,0.0,0.0,0.0,0.0,0.0,0.0,0.0,0.0,0.0,0.0,0.0,0.0,0.0,0.0,0.0,0.0,0.0,0.0,0.0,0.0,0.0,0.0,0.0,0.0,0.0,0.0,0.0,0.0,0.0,0.0,0.0,0.0,0.0,0.0,0.0,0.0,0.0,0.0,0.0,0.0,0.0,0.0,0.0,0.0,0.0,0.0,0.0,0.0,0.0,0.0,0.0,0.0,0.0,0.0,0.0,0.0,0.0,0.0,0.0,0.0,0.0,0.0,0.0,0.0,0.0,0.0,0.0,0.0,0.0,0.0,0.0,0.0,0.0,0.0,0.0,0.0,0.0,0.0,0.0,0.0,0.0,0.0,0.0,0.0,0.0,0.0,0.0,0.0,0.0,0.0,0.0,0.0,0.0,0.0,0.0,0.0,0.0,0.0,0.0,0.0,0.0,0.0,0.0,0.0,0.0,0.0,0.0,0.0,0.0,0.0,0.0,0.0,0.0,0.0,0.0,0.0,0.0,0.0,0.0,0.0,0.0,0.0,0.0,0.0,0.0,0.0,0.0,0.0,0.0,0.0,0.0,0.0,0.0,0.0,0.0,0.0,0.0,0.0,0.0,0.0,0.0,0.0,0.0,0.0,0.0,0.0,0.0,0.0,0.0,0.0,0.0,0.0,0.0,0.0,0.0,0.0,0.0,0.0,0.0,0.0,0.0,0.0,0.0,0.0,0.0,0.0,0.0,0.0,0.0,0.0,0.0,0.0,0.0,0.0,0.0,0.0,0.0,0.0,0.0,0.0,0.0,0.0,0.0,0.0,0.0,0.0,0.0,0.0,0.0,0.0,0.0,0.0,0.0,0.0,0.0,0.0,0.0,0.0,0.0,0.0,0.0,0.0,0.0,0.0,0.0,0.0,0.0,0.0,0.0,0.0,0.0,0.0,0.0,0.0,0.0,0.0,0.0,0.0,0.0,0.0,0.0,0.0,0.0,0.0,0.0,0.0,0.0,0.0,0.0
"((0, 0), (2, 0))",0.3516623853889045,0.7375100919720117,0.9182152018594948,1.3477472476582797,0.8822942411083742,7.282069962646396,1.1362236546178455,0.4193043044651754,0.5016416071129357,2.600496088082524,1.4204527771436963,3.6014852363507828,2.0939170386841317,2.318840201444285,2.457223196019751,3.2528644979066748,0.8996283437060136,5.237240531622895,3.2555072122954867,3.532468053548261,3.7764020488943393,9.89770329701507,3.3812312734064864,3.371437725141709,0.525490969579433,2.444844791574523,6.98793778848159,1.1041231675066925,3.115823984974544,0.813587308744284,2.8070327015077194,2.4584493836503505,1.3166931307348924,1.1920751899614672,0.4601223651139297,3.425852978466234,2.2759524553269843,2.8386845775024265,1.592012014727088,2.962319219994788,0.6957775028262937,3.488039940793894,0.22977649493471458,2.725030799176852,0.3865292389493408,1.4389291139289924,5.6900106247672975,1.3920100786148797,3.5173588497643458,0.9399824485727295,2.6499385444262185,5.259393634258096,0.17909056801483,3.054871877717419,1.776362823998359,10.979283239505447,2.237775565991216,0.5869787902689212,0.4094511145133197,8.388559542373834,0.8105566646273064,1.1892061414696544,2.454627950169678,0.774016699684797,0.5851629520237736,2.4093439217855024,2.7341066883101877,1.2793223947066354,0.3505539082160931,1.3336611606754682,3.8088561297910095,7.799078766123887,1.2514968630605612,4.9801859137463795,1.495151735359089,3.356283214736477,4.744295178297201,4.717680182819592,2.0731255939916453,2.133349439047805,1.502130511125448,0.05013089829178263,2.7218586563350127,0.3618901802539973,2.5540263078401013,4.9934813056726535,0.6913509343374666,4.249481095390513,4.679379936509992,0.6870708508544819,0.6511656939530215,2.666964108630101,4.260704270888981,3.1794808329994892,0.32115147910840086,1.607344964152992,1.57933814852837,2.0308872025304003,3.4839879009134007,0.2851178671343845,9.396572447251629,1.917774760986516,0.6379391252785656,1.481320717837462,3.9780864646056866,4.515651805585394,0.9501891332528276,1.987804793481207,1.6477307542416981,4.509604804984041,2.1494831457660193,2.398775265412872,4.53473557432369,1.260867869113573,4.458319847575717,2.132498305383673,1.1950984057427683,1.8915659714058295,3.475990598635562,0.24092368526833396,0.6901626166012993,1.018949896189854,3.699797993169005,2.230388861565729,1.5330888353304286,0.8723646396930185,1.8019576608879324,0.2637359660866162,2.318460885882197,0.3481941957775889,2.361290882159465,0.43363819328924946,2.5819730147789888,1.5045700428749704,1.685732540106856,0.5981865979784806,1.2081423114230314,2.715718924450531,6.789939604811712,0.24283192695146694,1.0325809187691768,0.616437029527135,1.2930531832584635,1.9541725066902478,2.7126645408994365,1.7543524950358687,1.6238753080036274,0.8296294997738781,1.4140031865399705,1.004593685103767,3.680365839349928,0.9161289599049411,1.176054447458947,5.1099729086012635,1.9882767875366065,0.30938435341897064,6.060829326077725,1.1797264685508098,1.939811488577793,5.1002153378260235,1.079075338405967,0.26818561303249144,2.6580271116996634,0.5084704606885819,2.5919403848796283,8.473456605910012,6.751516333882204,4.253546979872761,5.901713223816854,0.20875925608934875,1.6790425609585702,1.46979375684584,4.990572977420651,0.7290371668844375,1.9408309281574492,2.4246067087412855,0.7736979311274329,2.039078471619758,2.6282710732810806,1.5862457327150894,0.512457529069668,5.2131946667264515,1.5631447899854518,1.8474285654031477,1.017206115775728,0.98061950743051,8.058903574591115,0.5472127774873763,0.3618518830893742,0.6238196970857683,3.4691079539936944,0.31320668729277523,0.41388355021961143,1.8449022328599558,4.684543319376582,1.246331476639186,4.755644557859401,4.748532924628416,5.084340886554047,1.3645999049250563,0.4569707847191703,2.798755662626643,1.108427619994408,2.3064967387000794,3.882884802528789,1.057334425656855,9.796892217694932,1.397542779722531,2.8351985357073,1.991383543615386,1.1939781603779793,3.8158081165908855,0.7989088174395054,0.5623286288991496,0.5052169053158955,0.6095004565903579,4.555741665987072,3.1355808503033495,2.7093247588758747,1.0715771066416568,2.1093998494318122,0.45201180051839285,0.4562776499500464,0.7474029420705359,1.4951490774048317,1.3487432312232177,1.1721775321564842,3.8709898244086713,1.9819824577488698,3.784749757408744,0.3518245342849177,1.0442200567810667,0.46997970953247514,0.15072908388889594,0.1388647086324193,0.6718595822318387,5.390833766909828,1.845248282189183,3.409532718585133,1.1713305354212733,3.4074005227735795,4.90148328748647,1.1730922334551275,0.8863829083627464,1.4979862472816257,2.498494992615355,0.5034309983368748,2.6872585968882863,3.4262887052315483,3.5642071029590308,3.4274277969031903,1.3918859343520271,0.3620525941285211,6.171004565458058,2.2599938927734375,6.091349418086013,4.692998078521287,0.5422361358843888,0.5679003678248279,3.416549268531094,2.2972494179050207,2.8457624129749144,3.239756690280907,3.963104603528609,4.059552093950997,5.5066541833949465,0.5011465850323648,3.210918285787372,0.7550584116068577,2.428663277513125,3.5298268338248358,3.071467874816401,2.6598706139978976,1.1309675279977993,2.564945025447802,1.0110307766053528,3.24504283940739,1.1630902018721638,6.001802717965306,7.544243280928722,1.263758763648694,0.6809633827100101,2.1445704675202792,6.035532869784589,3.5539034905681923,1.1812853441217088,3.1275872273722327,0.18399078068776692,4.5746154182599765,1.1176741123282532,2.2115096062164366,0.9203693927581413,4.991704256040652,1.334495792422687,5.033128394388062,1.0485349697987563,3.008628242212398,1.8598542875634445,2.5718791083057315,1.5979365983720966,6.140816404066165,9.390917538218975,0.2799930362925567,1.2498759657021785,1.7694987183186093,0.107625052683064,4.250028184651809,4.818962523853324,4.331959643331754,1.754626288692718,5.169004790273766,1.3828350861157073,7.458134822297894,1.157881995891687,6.349875074722561,1.147136405481083,0.6560432692325813,0.48491746803702784,0.8172029572433336,0.32792327721442155,7.294386128434295,3.6858370734130967,0.06944528845440834,1.7985295106593846,0.8714510369056945,1.0189078729724943,0.7099826116234387,4.4043418004815615,7.118392302875959,2.3906651041922786,7.972821059816361,5.9378401257669955,0.6680072653007969,3.308975284192579,3.3653201464833584,0.9015921653983365,1.3959686679774175,0.45422890916883296,1.3339029172409043,10.465149052399846,2.146690392287468,7.052919880909702,0.5828351164916193,0.3909793172332329,0.8232237737211123,2.8895659698718643,1.4165687756302856,2.858037642711993,2.627307408581408,1.4538710172129585,0.7715029487311809,5.008889824296333,0.31184898357096086,3.5834728754777068,2.417206051349195,1.7577561853828325,1.1296601274934868,0.46819927730681843,1.3662023126900378,9.400545383581107,1.4346115102960626,6.942285826668935,0.6893173086001607,1.510056831913725,3.345127513186961,0.7916563387136425,1.071548738618649,1.4948669197894133,4.238598082940405,0.5312144620170115,1.293324419844891,1.2490165756317153,8.998134134853286,2.6562813217065577,1.6707544560503593,1.625123401270929,0.31022718392339116,1.4699060290058736,1.0822210445253757,0.892957538382789,0.954638772359659,1.504195429670527,2.1981923881169,0.6200372425329232,0.9982286382792687,1.1548332806203592,1.6907546914545515,1.499340678189562,1.1146243806800369,1.2637476608459175,3.1857797209312375,2.3431772370600026,2.43944583863744,0.6584385220553666,2.0513416061535397,0.5353463983007679,1.1287540027076761,2.8714867708418343,0.7202429184583127,1.0333505651292108,6.073107211025282,2.9385166380608676,8.770010360558922,5.903260405713955,3.443035979152673,0.2697067891501752,0.7851894931912604,0.808337605347859,2.235559448911896,0.5078394668908106,0.8707099123436448,0.6169061602097238,1.575894482948149,0.8717122194992877,3.255654683665672,1.0358094964962143,1.976045372930168,2.273950883414784,1.5273771077959766,0.8841102603749323,4.018390030110211,4.10534965541155,3.9767929466959067,1.106680091261012,1.4877873605983667,0.134292693498679,3.009361692241827,2.9868636719309105,2.6657055367634883,0.6156835235609054,0.8565391917435665,2.0348993571300316,1.3079510404349883,3.4891365207966216,1.7655378463000317,1.0680816386757672,0.9318715012996106,1.7570812868964938,0.9605856829660431,3.646578700881528,1.2046923520922215,3.8883170206339774,0.9093229814203516,2.6661014681584936,2.6295748270991917,8.084733065355497,7.556998170283754,2.350049521039551,3.740992249328714,0.7856708515241834,0.5153184102501792,3.161402342039399,1.3052612408656028,4.172552812750667,1.1346683292416113,2.6014426046434265,1.0961422961200038,4.132802404123057,1.9346403636524423,4.116597961885707,0.04701596550145665,1.069620638090106,1.1803285542575532,3.3542586842211364,4.500376916146078,7.952794994387666,0.8968516911646414,2.912058339568039,0.30712366391864787,3.0495076771672465,0.16015060526347913,1.3117544026173038,5.81407673816563,3.347807731818451,5.700722608909119,3.6167185047138517,0.39928479261565164,7.777301203998492,0.011873171522397419,2.0582772418331867,3.187115752797351,1.9133235935856963,2.160450774809855,4.660846428281547,3.072923743046203,0.7645664002838539,0.3049212222807589,1.419184224386627,5.039088528172903,4.10055326495502,5.316649213105238,3.4183058466274336,3.021481227291102,1.0861150084318274,3.5545924472013466,1.2375622631417396,4.503905431656884,8.02385711463946,1.5134250306001753,0.872494909908831,5.050228409660241,6.076579840343261,0.9379198225754125,11.166356613485535,5.483313536985799,0.36564819331313747,1.4466439122716483,4.5367563785298834,3.5767896043899454,7.32830286552602,5.0337744900680965,0.28478172836713,5.896917135397913,0.7962091447447444,1.531142602129457,0.9532041282727628,1.4419022067314904,1.2270505390567377,3.5101932021783795,2.2701875365027497,1.8547165827464687,2.3353824043851845,1.5739679864266634,0.3993083178666193,1.5183102041197738,3.166867827323283,4.825476042656301,13.135346757465848,1.7296410348419637,3.3087631571557488,0.21651584746677344,2.030846144611222,1.69704890945241,1.277860715691621,1.8715219330203419,2.09196380002745,0.35220084745313596,4.998705847507402,6.81913440024057,5.313022819637688,1.012310983731193,0.9918265420163133,2.7329842517161036,0.8959397832705962,1.1933323140104295,4.139794825193885,0.813199693412691,1.202958157407838,2.565328987174663,0.4867290913117204,1.4078264659878952,1.628312515575336,3.332751019682274,3.208797743938923,0.18886052049573696,0.06175500550244739,2.7668799170340863,4.841794041043789,0.8298674365863932,2.109231968479333,2.509236556306899,0.5210061694486852,5.913479645212108,2.9640791681601506,0.44349535734855516,1.4914257330473562,1.3253561672879277,3.289825918386208,7.875151506019339,0.3119377023615341,2.832504164485167,2.1339756132920016,1.0960960266650481,5.969050255170067,0.1542430364786549,2.863472700274422,4.470935258605628,6.593831846689069,0.37870118760668386,4.600742297572026,1.2997685518905104,1.3108230207889229,0.23015937376023254,5.56851912815935,6.941777593372281,6.0324255773374045,2.0714568363950523,3.764809265805364,1.6826092983271086,6.369070117717326,1.3376067129072167,2.191339063541372,2.0216639443626225,1.8119754725895842,3.813858504594122,1.1442241151929395,1.4110884705387987,3.007642698768659,2.0745708376134386,0.6165999086149847,2.3356416641878948,0.20096516318067287,0.8073317773384603,1.0907451141340692,1.4611419850795995,1.4622523384238089,4.723392264080117,3.519536467449062,0.6916043262113463,3.570353514320301,1.5783073847273976,1.4735476822223315,1.141899034900325,3.3159089607392467,2.9859099118259373,3.7438968345240857,0.6816109835218866,2.007657092495123,5.001264518292336,2.5129282202414185,0.07749918092173191,2.4642948167690344,2.0286421229867324,1.5178471926070403,1.1542539572797579,2.9252181392611014,0.6396406059878618,1.461894836753897,5.5169773867892555,1.5184189872185097,3.9164787780708763,5.770341166287379,9.29261034582719,0.4033069726895183,4.507770064491449,1.0993354655889753,0.7193768205750473,0.436374664274906,2.4098041740875877,0.566280154452158,9.133023641624458,2.3386316097766224,3.6827756498371382,6.266582398268617,4.026693606028948,4.017308589977769,1.51486850793011,1.9608817396514027,4.46120470236295,5.480854135114542,12.455751737815563,1.5915080645845388,2.291981241654014,1.7473518755844328,2.4048271879837064,0.27993580776408544,3.0629965556394922,0.6500197363354495,6.040883607789761,7.071268475792399,9.446793470719172,1.3075207352341653,0.5181082448244648,17.24998425471442,6.66118092601968,3.0618160883873493,3.1187780796485964,0.31715504489202306,0.7259425133916648,2.1776351390536175,0.933680302694786,1.3992253489377822,1.827925632365866,6.179956270427719,5.044531103262752,3.277859108596831,11.059863749362776,2.9754385859135746,1.3519769207995398,4.004343791362229,1.8180881609485444,0.4446560994680777,0.04050937038554292,5.240697307030085,0.46518599626538615,3.6458102218012223,3.7387646048771055,6.959763822131051,3.1983260010288066,0.8514302754242347,1.2684867009363037,1.017480400086732,2.974632995767838,0.6675699233674347,2.1663845996202404,1.5070564314247776,0.32684988991512426,2.679453175109983,1.143711594272999,0.4645642608117607,4.7528733129271306,0.479784169044752,0.997718332005451,1.4335027461751277,0.43414114153912753,7.983923269465884,2.425704146682652,5.97155359880403,1.5776219857391791,2.336924870243455,0.5839490444639368,6.279221031433307,0.38653931561373056,3.7090156013468722,2.666090673346418,0.8413936405372391,0.8753454537900759,2.9011401789842117,0.9570541820594659,11.004332032265447,1.3366673270393479,2.899286194279668,0.3660194704277505,1.9734764527709734,2.434603801537358,0.721115545248203,4.559346229342998,6.6987603944028535,2.1474799117815753,2.0029362121802197,1.5517313365774605,0.4383681332946686,2.458625396330577,1.7800033172431158,4.3190068813907585,6.9159434020307895,1.6250710731646258,0.6869281666616358,1.4423431417190233,5.004346416240835,1.3516087241528334,3.3223210974960695,11.047701547498965,3.217107614165829,1.103557410147816,3.3361099662895457,1.694918136025784,1.5030919439111168,1.302038513008136,0.2694981923317731,1.886696895302021,1.851110617739306,4.471183250247245,3.211377012420369,0.6903624066524621,8.779641203910577,0.2884449659967373,1.7462218660983846,1.9524866128134781,2.2888412678186554,3.5863696364347732,1.8292149740091546,2.41793813053048,2.128687491225153,3.433606197029598,1.6299258182900194,1.4324277650751092,0.9950640551782394,1.560050317343853,1.7649200353681826,5.47967366705535,4.641244375793686,1.427784721007212,1.5070928431774058,2.077142431843417,1.2725749179080998,1.5247996214388944,9.729629504825464,4.457185639987935,15.707939861813273,1.75807078935838,1.6631496633804206,1.2595267337036635,2.5039735244089925,0.12195544920244616,7.904626479253233,0.18543241340368616,5.786678485091377,0.2083791499041584,0.9323215800890305,2.0373340702442295,2.4463261998366796,1.205743214195299,3.914128057840095,8.29241839640642,0.7722451446367815,1.4396635170915086,6.678228616479482,2.893155597956004,4.950013729980696,3.1703241667575828,1.5531069955414805,2.6689765326692254,1.0889642072645562,3.4020239873583815,2.5843019806326764,1.1672337354341045,1.301598987888444,0.29339534539479967,1.3198610386448655,0.6556126291450317,4.091631278463944,1.2054292914871154,2.083334427508983,0.3658321371450055,1.5823173433775792,0.3152347895377683,0.5672226293961287,1.6734617678968213,6.693350804025724,3.3954842329850914,1.0380412698400392,6.217882787200226,4.971000721299085,0.6721909695773071,0.7955289807537965,3.4517571248650474,4.830625115453063,3.143920980487537,1.2136744998055093,0.7752350956366698,4.097541384634761,1.92331162050591,0.5672798556759551,3.453267016075145,1.724492807298301,1.3057629775592983,0.6781651804351269,0.10241648933666836,1.3271861625973922,0.7755496124069281,4.064405263752381,3.2828345364996014,0.6395606179526467,6.394123181002982,1.3656049195001712,1.7416265572650447,2.98946486576251,1.920276797947273,1.2648126517105194,1.7182869586467227,1.338963041142429,1.507215988215172,3.018400369952097,0.3860374922492069,3.820001758106646,2.7722397755557666,0.9038009748458,4.60482684829593,1.125029550712921,1.6712508979771363,1.4605424901956858,1.2231031406556037,1.2973133134767512,1.6654633527933913,6.0603501390047745,1.1108976715703536,1.528589811128801,1.4730537988370935,1.2309484404508861,8.528651245411721,1.821372730703359,1.3498794165364814,0.9168173190697624,6.202378991659989,1.9614877161470214,6.679413171789685,0.6089887479258921,5.370391482169888,3.130015806110891,2.558381450864917,5.609397527256027,1.739670402030698,3.037032447392663,0.5162253361905754,3.983482325739534,2.1598296556884726,2.497411677608938,3.2804709295865093,0.23691277746197303,0.1813427702553625,0.9607869116975419,2.489868398025859,0.06984238018381694,1.5920309816082225,1.5428720739717492,5.17881341057179,0.631138047284663,1.6244911818002896,4.73966655871948,0.7290604448922413,1.644660848638817,1.6521034759112596,6.603637549467709,1.2640270070699462,0.5191530700120528,0.962805089647564,0.30433303032835135,6.966296227562682,1.0466267145192183,1.5633181419159086,1.1101941446486592,2.432716385448707,8.802971288009353,2.0144810621857956,2.414991493779907,0.6928604452192184,0.6822440165018886,0.3802610291161347,1.3998757000428093,2.0058742465731427,1.0120221090551147,3.4151731990754515,0.4559117564461862,2.5031611352917267,4.4472054379974075,0.9048038066223779,3.7698109506659216,1.5562462259934497,0.40091490149119835,5.018163298458969,1.690744053766682,3.189332526462664,0.1567446164713091,1.2267569815785881,2.545263950495164,3.145976563824662,7.612931934217411,1.5924774403818147,2.002145163702545,0.5305183958301685,1.8840098117740989,0.22008847418404498,2.20110878398398,0.6365997354627244,4.618279554061405,3.1492626871414324,8.10054860240638,3.9014369726583453,0.29847402057930283,2.903513586075605,4.327518371875675,1.438308938919497,3.2282006613496455,0.4654336063868996,1.3293979254475046,0.3946501819402286,1.9992948805046684,0.6937114261722203,1.1968425438986916,1.303647881898848,0.9284905751012464,6.868903127788899,4.2988137385984215,6.840983733882124,2.258239688077146,2.4213017586879433,1.3194143693328502,2.8982985164208843,1.8703129574034176,1.22997522834273,1.1908964730838438,4.500405488561613,4.275420610661915,1.7163992118781395,3.5973277703572513,7.734424063617367,0.5210259146785718,0.8591801005214128,1.7143507866447127,1.325879918347729,6.723866243758424,0.771092005247328,0.5747111899850428,1.5677507801711084,1.947021878918322,1.7029869518595289,0.7182963549779147,0.3563680513118459,15.401944068808296,2.0670530953222346,4.0837683403954275,0.5683124285568404,5.129065721116889,6.6546517365009175,0.4934371553538597,0.7182990116261074,2.4946345603859075,0.8096972952316539,0.7510894283970913,2.3205775979129193,1.7431589520223643,0.018273907593081062,2.131661793417308,3.3929217948632084,5.290284660456669,7.470062896324597,3.0464603979951717,3.9794511393264442,0.44339668010617983,0.7968734901191246,3.123855009636642,2.6699688134020843,0.7952836493687232,2.1359917497850254,2.7963613155852767,2.300713356829795,0.3291775931276079,3.9857933557428673,2.118460895008162,1.1479780117025673,1.6483137054834536,3.0877907710674735,2.2598038997093237,6.8169699260722325,2.626673387221679,1.2307857280651042,0.7323893527145995,2.371620048310332,1.105553642761286,4.410985299530346,2.2626546537018952,1.8120123062895823,1.087643860574714,3.3320586787217468,3.3517158064825936,0.22081265124646898,4.857665151812731,0.25699828106188405,1.226579055508815,9.6184834921123,0.37106059815959685,0.5944179893530486,1.5673767775137804,4.561263636378605,5.319651063744688,2.461871726304328,4.839230242354301,0.6158695499522812,3.455044010112292,1.7479490421088484,1.5068536333361044,0.5757513887221671,5.949598683890335,1.7406794810847246,2.065400763148035,10.385435347888981,6.749797851575391,5.644789922586133,1.8327035632707502,1.2596514149591558,5.230231718327943,0.8884901684899741,3.0472139317081104,12.028011376068346,2.060764579550439,6.385021329327056,2.4206875982244305,3.384683437293556,0.7280939005401328,4.53948391844684,1.0566789853387064,0.7795695645231959,7.207319033875674,2.5728957329025457,3.3104749150340322,0.6833294802741451,6.004448769684759,4.864178412488672,1.5819404737844995,0.8309852528093666,2.6597673809663522,8.764779168310172,1.7511312587238224,1.039096000508609,2.2258820781095627,4.115870954734854,1.3494386712541093,1.704059764310948,2.935945581442985,1.9350774994679045,1.7950235367088831,1.5090995222244237,1.822714267870382,0.7145817086196459,2.33766320438555,1.481110523668302,1.275329211179399,4.149518949570556,1.9558095515388823,3.3928243280412427,1.1828709303986864,2.3686860051163747,0.7498735772570042,2.417501175382661,5.950524323237695,2.0092605217696455,1.343200979888802,2.7574787488591337,1.3635949542771637,4.70192906275964,0.7149193752253465,1.6675151244531075,2.9399760309854033,4.605877362348383,2.430583066775478,3.750102629087908,8.312741113387867,0.7374384958315976,1.3366063139101714,3.947645815113508,0.8814171969615493,0.5580688312053748,0.7791266106359892,0.9558377405567726,2.353677420764166,1.0685843011156677,1.6761288251113529,1.7920222633227914,0.675375419243414,0.21264251347433305,1.3039580517080371,5.22296419494774,0.8080638565654811,0.7229241571130076,0.7631261483941375,2.5270071597496555,1.3694807394635904,1.2920326724372417,5.616973793114213,0.9405257278244132,4.293173659044684,0.37614912201729395,0.6946538028939238,2.405785011090851,1.6429905709987325,0.4143778631638628,1.1299215802291753,1.957696289617067,1.469259892093497,1.0706455906755026,2.313416773966056,9.044950479127081,1.7687715483100064,6.030731775241883,3.9124493022534574,2.0869158859275103,3.8484370337098874,0.9645594997252797,1.2046522869965586,2.0492675634684083,1.7934374330134988,2.0610062792566204,0.18841203040207066,0.938183082144391,6.904971265309493,1.4910592709572086,3.976530199449877,2.0714798434031017,5.4046160946137425,5.746863974454183,1.7210210156617403,3.3649881503193457,2.063156232338754,0.05981683970712648,5.5775438022717845,1.1816437020141164,1.8269756011192744,0.6971603004128994,0.6257883502749051,1.547935696661055,0.8134193202190421,0.5801242131329072,4.07836265482906,4.632672430862021,2.6143058738019445,2.429262205596688,0.12645960489526087,5.011370537182912,1.1918889652936802,1.6459596885080292,5.123504393567383,4.235371622952889,5.118992070721246,4.509195773102069,1.2540816738241214,0.8041979680093266,1.3337501991890721,7.492266097541344,1.5494613687912535,0.07721948932536293,4.911717062105509,8.593842250837472,2.5884710511910383,1.3490515343682443,1.4607342757629165,2.327973835067846,1.3641024301697302,1.519320931648455,8.444302032027394,5.753973425531767,1.0846461261537819,4.100451975128596,1.135347392486787,0.41880161296928153,7.160190626465641,5.256756938825071,1.5114483744281253,5.337492597491894,1.2643437797191042,4.139446971653375,4.30193313351254,12.072597484299852,0.45508344225848674,3.305576998988265,0.8044534603760823,4.680176358424581,1.223585433847009,8.442035435194827,5.589013691782874,0.31941464842892175,1.0184857999074675,2.211068903441283,3.5960971812181883,6.331015781324436,3.457807816809631,0.6481507216332039,1.0645816783562436,0.9905640970380011,0.6154719474487327,1.8834783169219174,10.9356792482398,7.775349894676584,0.7999601790324572,4.880543078497293,0.6684922171059062,2.6927977164427532,0.8567315641050899,0.22322393601969603,2.2443321282642863,2.1145765071509994,2.1369572476990277,11.226661544056705,0.5409327496201972,1.9300322446780023,2.925780027509687,0.7143241545948724,4.671853466355739,5.4169673725440886,0.6100199580332193,4.170369370432347,1.9877367823727172,3.7550594462214213,1.8116924040408373,3.1663442054574453,1.3241825358141428,2.4975196735601526,1.9213360177680767,1.071787656743417,9.016759498260665,6.004790689685317,2.2184626792003463,1.2139675066331315,2.6861907514623877,6.102568645436702,2.326952947878784,3.6055595436613572,4.1753429416348,3.0067234412464066,2.423732159527909,0.7575912921750421,0.849931446681387,9.107949967748796,0.4524846909733421,0.30212429153389225,9.536424823946083,3.922400778894899,3.5668349256681657,7.65689766587036,9.418449317660913,3.0522984902054424,1.4401943999815363,3.0647841247730856,5.427581259792489,1.5759114963011747,3.551029761460888,3.970001017763435,4.693669269869661,0.5333174800977556,4.713465602087432,0.8369852718596702,2.027573585338477,1.0589118340817838,9.01462587659411,2.9336678397195133,0.31117081655782963,2.320203254290303,3.215557248706503,3.0827550319283454,2.5233028807034827,0.4588642173754946,2.4478993570144727,2.3839241200808226,0.44940023902567205,5.243305139259005,5.86242813098551,2.6526377320592767,1.5561452516911574,1.3748153844582012,1.5345139566291621,3.622242666164565,0.39528697744012853,2.0746594900784587,1.1157535978865674,0.38450643003298557,1.1876879687783453,0.32560874440622145,1.6196723338721013,2.245810007839236,0.2351726418050456,1.7499031024944074,3.2726479534833297,1.200572726777738,1.8494322112198602,2.204288481861544,2.9972942952279644,3.903090146786783,7.442490209123283,5.696027977433911,2.1630203424012846,9.014423286804789,2.0245980270884414,0.6986810238536595,1.5017087823814093,0.9234483733596603,1.6175643004465172,2.048366330263276,1.182566790435747,0.409324409030801,3.2360576189543466,0.46875393029650464,3.0060668099054393,1.7461823824557425,1.9533716692944596,4.3193521780345,5.120063656723259,6.78161743963054,3.686371161444645,3.2098962779766755,4.603718867904883,0.9524867730289392,2.8007064343329358,2.1918432700962374,3.611085622869309,1.0051816646121237,3.2047153458406537,0.6720031926076846,1.811409939562438,1.6336619727795578,1.8243083977995052,3.64491996831607,3.2475652403548225,2.31255093321629,3.127280146116391,0.8640247217874366,2.1655727606233235,2.5369793345145895,4.70103414039545,2.1584688503591614,5.620455783499222,0.7197299907121733,1.7917063549731989,1.5726877798199093,5.813122426458602,2.73233207080244,4.97165592808255,2.174465759270799,2.8998269361968956,2.512319117945875,3.7837880374694963,0.4978151113516165,0.5579618738943725,6.97404581171582,0.919461059215678,2.103653299134251,2.057636454346687,0.23287294030964176,4.901023208550264,2.9165826412806886,2.1763999771845586,3.844530535898161,2.0320450601749562,0.5444192359614602,2.9787168276161413,0.3673123416780445,11.261326108706703,0.252851280170431,2.4445487136091324,0.42661580996083015,0.6123971681874611,1.4848844227501976,1.2239244064577555,3.4770267166860673,0.6933284772887744,1.8842236841531121,2.0661293105236376,0.5730256806282563,2.1676322742361998,2.49675448020437,4.146767662314184,1.0815500670396578,3.037716851162052,1.363628134577589,2.1039934588087297,3.8775441079150736,0.936635706043026,0.1613259756217278,11.143080129661737,3.3824358850339467,6.043135371200074,0.8861390530017921,5.130193617171231,4.259723982521944,1.2011795865060844,4.070493048043437,2.5976585183155634,2.420934760630793,1.1582731100265975,2.0925515957372487,0.5987427636323054,1.4046433371789993,0.8200134923928575,6.83541095280327,5.069077304672199,0.627466402402807,2.3089892182924494,0.7281986435015785,1.4821027453050972,0.1877209867137288,2.130184105374771,1.5962661285277817,0.5791243031512068,3.889591675682937,2.802106296870858,0.9148993824520649,0.4544823410270141,7.958140750320658,0.7249315351005086,0.8694424261202474,3.766591393074749,1.4647311968453987,7.984418205577468,3.100295796800458,1.9956450522798201,3.71082193471225,0.7461545963871562,5.720816075395392,6.437628138040859,9.536178113790157,2.0699792925644385,2.283248935265127,1.4903516517468152,5.216850270164292,0.721140104615247,0.15775160724831777,1.9048655248026047,2.4084215768943973,1.341587101012486,8.44220742407366,4.552750771046901,0.5328997666715594,0.17527820535294214,0.9546166712617997,0.6409128301719522,2.1609549819492813,0.4452638035764094,0.03316395666091099,2.224422246574615,1.0295071235015945,7.721103464135124,0.1640916279454906,5.1195408468337,0.39665652555794284,0.10401949372078823,2.7874814622781243,2.444827022637916,3.908679292746224,0.43369622760942717,1.6225998513188518,0.334084615002757,1.2844050370471813,5.072899489112227,6.64347631090384,1.1288681221127885,7.019056701901171,2.68972244339322,0.2821696283813203,1.1697192226933903,0.6915944683688998,0.34819215909006335,4.074376215803857,0.9527902788564364,0.45804353928592334,0.36810547958844664,3.3886226988400185,3.488373315285664,0.42508276222955943,2.569855709898512,1.3271887108951534,3.705738046893672,5.41733582956603,0.6345643810279595,4.953977103606584,0.9981404768245656,2.985135823571798,0.6342523176265988,0.3697334421817749,0.4495305157769073,3.329257909268867,4.414059725130088,0.6817933276701708,1.4384085376956424,0.577621670083043,3.1501043075838946,0.21339287261433643,17.328471585932416,3.2460140845109677,8.29197376703304,1.5761031602186848,1.9228404456691244,9.416689326653273,1.2366299580716003,0.6246080451265525,7.09968442688395,5.2682659144977295,6.082601201453103,3.4323730864791315,6.513254686924588,1.33539783881311,3.460638160552579,1.4045606735777327,0.6468029476252893,0.30661200774085134,7.529496700890499,1.106999674166911,1.6186158707457827,7.062245437052638,2.1132987939433727,1.3398988650778096,13.233975149323085,2.3067766725116554,0.11876137632357675,4.026134712108668,0.46451656573085565,2.751471634828208,3.401140536338265,1.627378013916978,7.201476276054846,0.8820081824165409,2.3731236984653936,5.709256240750603,0.6400123642074724,1.5193320650249063,1.6173784695712103,0.14798774824235483,2.6819410381349043,0.06360373473945224,2.078878380949721,3.943791652703342,7.824780596082212,2.323639725403903,3.938482136311067,0.6774576887491652,2.7255336100814995,1.0954736295522778,1.856178388610027,2.3566048352826368,4.754954168550044,0.4902872013575893,5.309181070901865,6.329233691555804,1.0921593972426074,0.9414653427626203,3.773861356170725,3.8951815998279216,2.434385461568519,9.299965210653482,2.2127939830101604,1.0274614076393278,2.1657700478935507,0.46890102426965996,0.5605733454635895,0.6769138695143323,0.4435080829883842,2.3009061073362655,0.18238323689144859,0.5467221116211013,2.7891417474121507,1.3020169177912015,0.5336705511091477,5.255092533865164,3.4577382365024203,0.5920251393935416,0.562876848559531,5.246967201746533,5.5127368054036685,0.7795648498195871,3.2104818022854733,3.1722132716885922,1.9731466851684716,2.1336474962428604,6.370393499691969,1.756319168536326,0.9983939528844334,2.593432888549311,0.08681847595297687,4.500704413915743,0.8740603097131907,3.34303376149689,1.9456585282230725,0.5928080472153947,4.0010941586416955,2.782906371166813,4.040504853805195,1.8787457507385197,5.422575745211954,3.891525715583591,2.843703212984508,0.5452361868006993,0.8933506100490378,3.684027179870679,1.8175781752364317,0.540816862963051,1.529306092806683,3.9690773785886,10.2581332377092,6.928739874815326,0.627328641245099,0.09353888037420949,3.2746715174264867,1.2422457076500966,1.207302692711097,2.038261100926813,0.7588088351275645,0.5216791718521434,1.8792323907609183,6.649115372790097,4.879598309559473,1.3787617926421585,0.363422825956266,0.33973183738239676,0.6927511661042351,7.151592813221301,12.173605894170834,0.841117422361715,4.620796805564483,4.006348776307558,4.335081069821,0.2756089247029808,1.0455399618549452,3.942220257965772,0.8558808351568876,0.2768058850412714,2.766912291104491,1.5550527337004616,2.4399665878214667,1.691853171704637,2.7235320280679796,1.6089132068462288,2.2384734744905654,6.357762010383757,1.9668139357259657,2.001065989900994,0.43540675392931805,0.5379691783362737,0.6263128023696933,1.6009532644243218,0.9994928228607974,1.020167377850962,1.3720167088546171,1.5968144248240903,1.3561108400527102,4.330154651420569,0.11881506789223972,1.4572845833214878,0.7455655325078743,4.0858688717593985,2.125701968612995,1.4003830145770526,0.45394245249577825,2.9142288172539237,1.8840377753417066,2.256465041778794,0.2996168058555946,7.475735356701634,1.0484930431421118,8.882104118289437,1.8285691387311853,0.2456050511499286,0.3964107078982162,0.07608939617542332,1.9451738037763766,0.6012108034116774,0.813830659699635,2.749173430413202,5.711800120452719,8.67971089911747,5.599454427501669,0.045704920435191254,0.8568370782967341,2.0677856736011124,1.5679278443486493,3.946424612577675,3.0514481887284273,2.3153027706830205,6.908389741865381,5.171818904246731,4.827261870037277,3.8773899535805874,1.59775807531592,0.4705653446933604,1.1895248508720218,5.245868914845151,6.122753226874291,1.943190745664868,0.8526771439431151,2.933296758056866,0.1728231861996517,0.789379047073689,3.3971330492593927,1.8938372819827014,7.958308965100752,3.7568515742807653,0.430283013258264,2.5681600026466356,1.4335962196390235,3.1182295127783246,6.782295930042373,4.770158079624211,3.5734752672097985,0.7332386691127906,3.674978869468361,1.5943160364335887,4.368458012810343,2.0847602686872126,8.355198092790918,0.17303599378486956,1.7906288574912694,2.7661369344824047,1.2507222514579648,5.634055579943418,3.2712504230894734,2.469311026823472,1.9232403753519556,3.4148166579659893,1.8598716072597266,1.3802402931794147,2.2996651216137423,1.7808565390810789,3.408919995330575,1.0742655433472728,3.5746023784540677,2.8836339922860525,0.42022322318164085,1.854428320452326,12.838475074088947,1.6553839148916394,3.9171508235278893,0.8204174171011149,2.303824566250774,0.2907634922895347,1.4349567741568887,1.7078429229989809,0.14864258823750465,3.02857674589838,3.4298524583180914,0.9115156474986983,0.1899084881512384,8.516245235434967,0.27719381629800943,2.2768288278066,3.0923558451890427,1.1237760466224471,4.580295854593046,6.91628408539289,10.73098969085219,6.359768853167336,2.5663891910277856,3.2048202770098615,8.054475651143152,3.697096648908482,3.5555395418057327,4.073373798289379,4.56157002131102,4.438659683985552,2.5732589776582726,1.609802184252498,1.1197027724481905,0.5711281983454601,0.7367613494585922,2.0441240081262917,2.5673950977882107,0.5150504111343686,1.5929553573607487,8.06165888750831,0.7947225135788832,1.7005965760192976,3.152820333384331,1.083413611969676,3.4717390675766535,0.9514046797841239,2.4578932294530524,3.373953152023357,5.412759916723523,1.1748397383550806,6.170189848669327,1.014979470555865,7.26998743091101,3.2446047797528164,2.0212701493191303,0.7299812282367097,1.1361015453341818,0.5991764297995122,0.3548059622267463,0.9938847253061631,2.650543935303686,1.01547907153046,1.653089610679745,1.7546204069206406,1.609547223041776,5.931973432494262,1.428213856581978,1.233049658368227,3.864563284927991,0.31696346900409,2.0423569935378554,3.6908716549774505,0.7787664234437789,1.3871216146894079,0.18459357486586048,1.5037047727724469,4.360142006499495,0.797607241432378,2.174633637163732,2.130771527548259,3.0502803566394774,2.3490478778024886,0.6567332596949257,2.344661488321144,3.0611477083257226,1.2768505662939607,0.7403886903153827,3.7441306756719284,0.033726121369883524,7.151950425706497,2.8044656206262433,1.1203225632778107,0.9268267839113724,3.339163504560812,1.7047343482224258,1.01350728326056,4.4084631460429975,2.9521641205641123,0.343327474214032,3.50073025081558,0.24365088921510747,2.3399363714522963,0.5772029001327171,4.891340798807495,2.927097843343476,2.6463585146181434,1.6510792946367125,7.420593153387874,3.325437388566591,1.8547523371123904,3.300911046069583,2.279261030263961,1.957612034970924,1.9087459148998969,2.4435998979933773,1.299149002002098,3.9522247191495112,1.6301321890288611,1.7325301203916563,0.5143370289434895,5.567865522864706,7.586347393704313,0.8704924447876178,0.46627201627123893,1.8066410408337281,0.8918298557767498,2.0070209813795983,1.797765383082284,1.4932574869203488,6.590655293609814,4.749563824530768,1.8353640358548706,0.8557107102873605,0.036823591094558905,8.443709561509243,0.766771940376111,0.14546604738086533,3.533634097246288,1.4765684958455325,0.11023921913773072,8.02648354205672,3.2074301932420664,0.7706415666517445,2.316025635048123,0.06591476428456478,0.5579925570690778,1.7608776755792606,2.0587585456496473,0.8546425111515837,2.7661673553697037,0.9980394437141284,4.03247569623804,0.5644111213141685,0.8090113471176492,1.407299780986194,1.5984755645445488,5.608002957949931,0.5188882715070025,8.015430931724188,5.0736233510368995,3.025303264679879,8.796235355909596,1.3817186305971543,1.6643584951378978,0.543382134484901,3.7748455050155982,0.5885034778388537,4.1078003443961215,1.5498469942997883,3.575918946153875,1.4360657625041324,1.913124452226858,0.8923888992648457,5.5872805719645005,1.2503616016765364,1.4856728582280956,2.398735120112195,0.10118894707345305,3.1399633257384987,2.1372513534090882,0.8541496348315765,2.717114371228324,1.5280329492666853,5.076745016258582,8.55232508288537,2.489191200680766,1.0143292493742675,2.9692005325900315,2.47302282836574,2.8092818295261375,0.48604630948424066,1.7226381826876107,1.0132888708149195,2.3403655537948023,0.5291737876405751,0.5457235012788153,4.74407412478299,1.3723364332676582,0.6064346495326434,4.525989071653584,5.066832391625161,5.966691588488624,8.330979977147807,0.6047447082977784,2.0871375865936197,1.6981518056058238,3.3967510851269003,2.0897954988559397,1.7332670167392707,1.3999808562929779,2.2237878085844516,5.8090436339887255,2.356588341154258,2.4920964648454484,7.185801223935578,1.9770982785074063,4.023082201330267,2.553038710500965,0.8261947769395139,1.8797018199926603,1.7683963791964126,2.6047235308873784,3.8094315212796674,0.9586760929851419,2.487617333699612,0.9340999343775649,2.036630466457801,0.28657211161439633,6.044772363459037,0.5995249405891255,0.696635342482768,5.087491272562493,1.4020374855290854,2.180550020869825,0.2403213997163881,6.433070289803269,0.9538589574759744,1.4517444436175864,2.0458528564373957,2.4051393342802827,6.721190065275831,0.2712086356332677,2.9359668916840356,1.8182448908403024,2.5008238815148127,2.415973569224633,1.5524816400240975,0.8526178685830841,0.8361359499666379,3.404847209677351,1.5667042029499971,0.5451976777729506,0.7350747830789464,2.513571009716726,1.9094841738682056,4.822811644194877,4.353962126270199,0.27420159655100873,0.3256732746220237,1.9746857056294802,0.17974570786476596,1.9650290629889773,2.037527069660649,1.2931501506977134,0.8699922351273792,0.7878725172351176,3.563018976104403,0.08274162897278003,1.1490011393474768,5.059067966403349,1.6607163155900864,4.014524298003127,0.6225123454868261,1.4795486435422465,2.1709675177718046,2.1167187486749697,3.246003026894913,2.6652750425496907,2.2410893819445348,2.8931360635590173,3.360522962763198,2.2814176757989744,0.5891132712143617,2.5763858952353855,1.0405128941579913,0.6112510651392346,3.494360286227804,5.71236505965109,5.614303565544254,2.2951743855485276,1.5220456995918754,0.5318104865465292,1.3652766613306184,5.929273735308792,0.9402063575184152,4.391024762698028,0.714584619374834,3.148427965408072,15.203233960382443,5.754188859971149,1.0078158417675809,0.43557332705941887,0.6770589255150177,0.6970270072356441,2.6465350371685328,0.8588084505624373,3.333278509808628,3.00213639169582,7.408829159412655,1.1192746312444162,3.859031683907606,2.605185473916441,0.6879358864596022,0.1843039555946202,2.078956615426216,1.120392885417298,5.1380778436069345,1.7231977680703872,2.209103076073396,1.3055958358987807,5.033417211366181,4.544855464863514,1.7407316270612223,4.278830011077143,2.076961606583176,1.6982411241817967,3.6855342139783,1.7943041594634783,1.9630676855786868,2.2041486352871944,1.4426378292700395,1.199601883386375,1.1054572917192753,1.120608254838342,0.6332218984550138,2.1459200407581545,1.8849638403332079,0.8773185943339415,0.9386319700531336,2.7792335744644006,0.12320161474748659,3.1432583885367222,0.4272756768260776,2.988912123194753,0.6246441640001408,1.9059793392290922,4.847541117427391,0.2847405383236452,1.03670927405796,2.092895924542211,1.0314828148742419,3.238002217659761,1.636800636404778,8.153848342252761,1.9728630487082925,14.706413989568548,1.373099835724331,0.42117377562945096,1.891108727359687,0.16355378132237441,4.418414230913752,0.4230421968292266,2.589751940346411,10.154744922979122,1.184669194726954,2.9748525656252385,1.2930959942518991,3.149783043318924,4.568691975263648,0.9007400369370088,1.6470791494729204,1.344823447493887,3.400919720756921,1.6091587765671473,1.5465461870332566,1.562602083441994,3.5915369522312526,0.3742599010471268,2.777513116312195,3.781548493603411,1.2088978406123712,4.762015909498429,0.42502472966277494,0.39044116627178393,4.247897193444663,1.5066678593777871,1.6957508127546344,0.3423144554089124,5.86475432226547,3.4473040075724484,0.8551962123151495,2.2903596945910216,2.364917880525903,5.99964271547998,0.11000759449613495,5.618673444946701,1.9997510222710868,1.356364375469301,1.5386828517618527,3.8403600150749964,2.3503507558693193,2.305104448293433,0.6881954950042579,1.3074862149551572,5.418048478980097,0.5788864570958245,2.893002639907069,0.5994856314837378,1.320661914997679,1.5600351907616878,1.669773829192669,0.6862201726437551,0.9268337116325189,2.075243462204635,1.3290191298902523,2.2781839339402907,2.042995275364548,1.523090615579813,8.388857811472619,0.4054875535651463,4.389432781860102,0.871189987239323,4.99611647382597,1.7421109769053333,0.9524570045414278,4.565500681758516,3.6443358065783222,3.0686608386311516,3.5166776507931323,2.4970209906911665,1.5975311862886303,1.1865515772874051,0.34891736691897873,2.7992436510451917,7.781337056524955,0.40279407350013385,3.6098871833786936,0.8966917413713061,0.2271815747418443,2.2667857214086444,1.6079591880745001,2.492728927080276,0.9038601670896926,1.9786773210419237,4.378763528022778,1.1707245590088313,0.42276214311082666,3.9216386754574937,3.7741976922448233,0.6938400773156459,2.5735101753894476,0.6775677029658036,2.999872183235903,0.2862418703159805,1.157700846201597,2.1826668930986632,2.2175645804793866,2.048905101544163,0.7438288172355458,0.7580805359111882,3.432141261848454,1.0753279485678904,1.684151204807565,2.6390159060021277,1.1333267956239457,1.67082414172619,8.847534787705325,4.655148193349732,0.5322617877680262,3.111504468412463,3.6728612122993813,3.906594196239441,8.188711025857195,2.029659901325881,2.0912016339377955,1.4437133301426297,1.8027713476681635,1.3727393342127057,3.8345889264458277,2.397699317492804,1.6029622567239312,0.9286126705365698,3.18620070580263,5.2505305354415395,3.1433287516455075,2.079571552859915,0.989059771638577,0.5442881529194606,1.0597000133484518,2.116472094877197,1.4268209389756121,0.7049310109389495,0.4434437470805602,9.26352975344544,2.071901309824507,2.144195323716936,2.931182398859285,6.783606537837338,0.8001711260760894,1.2603491740699226,1.8609263421050433,4.180311266863651,1.6378284295309817,0.8624977438047741,2.652933035808223,0.6596064144697147,2.1340367341193605,2.3770127611802794,10.707124908569208,2.288676793522848,0.7929149723055218,1.3289252080194576,1.9088668329830882,3.7082557641593326,2.9427614938253592,2.0180069902642126,0.6617740382572623,4.138606556150415,7.423252928195172,2.027081205208514,4.353303296589786,2.5411722739004947,1.4799248059912264,0.3994825359494617,3.0602657104575774,0.46118298050969164,2.4803569501719247,1.5469842745196716,3.649986471351582,1.7703810752764872,2.2283438651080774,2.2799428787905645,1.0788655084011982,0.6485081994295703,2.5426437269854025,0.6973656797986674,1.103534084160529,0.12482387146756367,2.772815886011921,3.4959338455265874,3.9021282496470286,1.9650307730164072,1.7281276177037146,7.449788396006024,1.2961221955966455,2.7466901012954237,8.447907461480531,0.9055169497334585,2.372185893048826,4.313588598130069,2.49369555032719,3.814985884771236,3.052763894497115,0.7848156706056758,2.4330794567534597,0.630339020335702,0.31481236563019616,1.4013603942755255,2.2333396258771048,1.0548202400271833,0.6093808194216732,0.0726909466910759,0.7750277272576468,3.323606940025644,2.861762446502016,2.1852789959602807,2.6178550981288935,0.4629232277759937,1.9340963509934745,2.888168111169782,5.715836137952348,5.412677256890887,3.387123777802056,0.9969191120944974,5.295004632862765,1.2277755108946935,0.8049679354579697,3.4798981290933755,1.1700926169635606,1.9344343921983458,0.6943489143960371,2.33988578345985,1.1315769475246624,8.408788836250919,7.6060571115499025,0.836153573895278,4.081965431965441,1.5760657152144544,6.1911212203658605,0.040760499292402996,4.149935688031378,2.277787287945853,0.11807016271149626,0.10271938597731567,0.2673115783627533,1.0287816965359333,2.302815083210484,0.7577353393101383,2.5573355316913093,2.1830690549425213,4.162176383767566,15.224707089371755,5.8782614773790005,6.761746159246836,5.763368306724062,5.840519385866774,1.7730214161275188,2.5545862325543105,2.864309237877955,1.0188443136067837,1.6228480621138133,1.5942757897975803,0.6410521902549131,0.6772399780163898,4.279161758448389,0.3524588605696062,1.9617906999570718,3.924271482145969,3.7953616465333546,1.9656579572650732,2.073912240790189,2.1559920729651476,2.3673746129941797,5.534256633299631,6.6593222362673075,1.6023581535514388,0.18377009479858714,1.3172925196221246,1.003350784212114,3.5083856875218102,1.089046442140932,2.92899467974236,4.583237094174866,4.1933425142355025,0.4563638554858381,4.140179910585317,0.39062542357796015,2.037604556700026,1.7654434734024158,4.869489517549552,2.4388116952356396,2.2856144160820637,1.0858092115620603,4.691642564224988,1.6530030395930204,0.9484013125666961,9.205878105363828,1.3543147673768257,1.537842964567804,2.0906624399805462,0.5622569808417132,9.766445838395954,5.299763634739292,2.9483106973262556,0.047773095158270606,12.633302616201377,6.544412480416444,2.1981345778540105,2.0741559415887574,6.71159731982729,0.41907875125253446,0.5832300789091529,2.4670218464188105,5.1509512896654295,1.2433995234891477,4.882115667558778,2.7141677877810233,4.685532828854525,0.14372715575451028,2.54442209709687,2.93365482529931,0.10742617129012655,3.0964044727566327,4.478420899175761,1.3873529301848655,0.431037113281565,1.20119903440288,4.423168685035863,0.2481471652428826,0.6310793878411438,3.527029500046035,0.8350442878404384,2.3110955678518468,0.13466035264048992,2.9045656259920656,5.922581141207221,4.864262663287978,0.6795101514781741,0.8376749470971718,1.0700465440994362,1.402592131351173,2.7127934309541475,3.1164423548858475,5.823572564701155,2.211970971453455,13.440910185075257,0.4144802035311683,3.301680422635173,1.3443775947039636,1.8929184334524556,2.715518501508193,1.659562203695394,1.6329823394310417,3.673198136850805,6.540949349954136,0.3889960078278435,2.057055289278228,5.273590458178061,4.555503914183685,4.3450356768188065,0.5226568803896952,3.37918980746732,1.3339603377155642,0.9263651534117783,3.397328595057313,2.590002953481227,6.806759153939745,3.8321129221028594,1.4982647487839005,0.9073456500466778,7.878765253742357,2.1298979091090566,3.920591609339679,1.7149211797642594,0.029635472845454203,1.6353522942531433,5.325577920557886,3.3150956207834508,0.7859425367064544,3.430409610502212,0.8789693783174851,4.580007216744888,2.1360935529841383,12.806297573074863,2.0006301903652295,1.3429513375011037,7.4352860378632215,0.6159152144752462,9.825237479123645,1.4583627864326343,1.3068948211058649,0.7923121044199523,1.4409607222005496,1.3032620526314822,1.839456991082705,1.255709442403117,2.868943065307854,3.2409929649782754,2.2478466957475414,0.782255455818214,1.3865466596963751,0.17653703677648758,0.7061676031790552,3.4874857353934976,1.3612475637018875,0.7975923564839125,0.21250286198355528,4.193465498822074,4.394628012854446,0.5689052949851608,0.42235237775673506,4.148684192916536,1.1677920031495395,0.43841195515032716,2.9022000731749755,1.7270626277944077,1.6932625798668441,2.9385634872652258,0.7859453739913865,3.7595975458771362,10.068242891542681,0.9283233011344791,1.7008052696829656,2.521915074999159,11.534818530434766,1.1585899744650716,1.675789737848214,2.4228844326097705,4.857435960959633,1.9709805516215264,1.2558837283947726,3.0094094607681967,5.430511047237271,7.358841118739113,1.7259616927894852,2.19072295796441,0.4382271326295062,3.1676541029751846,1.1507904429109281,0.5790639749401592,2.9114993128553395,2.691682760997045,0.4393724406186983,2.008557563980006,0.9079107750256626,1.8775832742867953,0.9369219267725584,2.7157097841395688,2.651480491475459,2.2486118100343986,1.1421851095748898,3.917026542831952,5.184057725846398,4.295943833032134,1.6989062230238385,4.371965139908758,5.2654895768782035,3.70363753348833,12.896350650929538,1.4619740237491023,2.597469689872956,0.46042316933017746,2.595786796639539,1.5898196340474828,5.145309345050136,1.3288605214358509,1.7545952761530315,2.0366545632481543,0.548326795902641,1.429790727097054,0.688124076445483,0.25860232616058665,0.9617192227479681,5.203772281719803,0.2550855966386063,0.12120300160990871,1.4725677382841704,3.0667191527869733,2.3534602269058897,5.780976627064703,2.32975408971306,8.013987028761376,0.934055033213029,1.4939873108443957,1.5110289485145418,3.041635677816865,5.543096386572627,0.9011264326077355,4.915586808765878,2.0173303170175636,2.0892735251454284,2.379562809522103,5.199299352904045,1.7909752878562846,0.3501936244905985,2.43534021870398,4.307904793181313,7.722681062793422,0.10746335072356517,1.0546247821248846,1.8341194104694236,1.1540457425574515,1.5195348306999805,0.09269975607132908,7.270935670578669,2.9757254698421987,3.489329234967853,2.6932186634679747,2.2452182788822057,5.0610956648661976,1.1571857760702324,2.979961395830104,1.0213180227206444,4.82651222923063,4.1653597624467364,7.027437249210033,0.6889106451276077,0.30108858037066955,0.5865329968629459,1.1388164715250864,0.9961234439220386,0.7347203970385634,4.505727588896048,0.41111954845688603,4.195839397859792,0.025442750664910196,3.003622599874252,1.3693292586657564,6.350361507053017,2.0192831262941637,6.333701790419083,1.65109784374794,2.189336138491882,3.4746403778154455,0.5499762032691056,1.1163847568879604,0.5619132091419451,3.7814430219323807,1.393983784415796,1.056269391753873,0.3978042608314062,1.7636470995733404,5.6087956307621,0.8944384166657146,1.39934066769021,2.977486960498475,4.219030416089806,7.516613650934737,6.696673311827054,5.367211043487131,0.4286956540720206,4.718240950644255,0.6768685603809315,0.15500398959291806,12.119887871736811,4.953307119189395,1.5030070058661469,3.1301979469223196,1.9985451621526216,0.453735470318811,1.58617336382664,4.036176882748194,3.0824248757491532,2.7052791107033554,4.115835056513337,0.8530925966429307,2.650024627497892,0.40313368664487836,3.6733073579936,2.9021352672355576,3.0713684965792925,3.910959452500731,1.4678954520843503,1.4948704338746368,2.3728316382472654,1.4079908944634756,0.18235479014049538,7.082628526487083,6.905728155702212,3.070547625582814,3.8409257821516714,0.6659945245633199,1.661047757135778,5.376368660206865,1.2005172078307917,0.38866523557650084,1.0982736774842754,5.929558116192281,0.4725198097337111,0.7727114854880683,1.766477280181987,2.5721870408821546,6.3140048959201405,1.2703888329671686,1.712522169707426,1.7871935779702461,0.07301391174761768,4.80727016664126,0.3875225588539647,5.091019184465826,0.3321364089783375,1.7559238834613904,10.865964288354359,5.670668589662872,1.63426982761893,2.7076353391364214,0.7718362701505486,2.854659659146374,3.2626387563093853,3.964558955408387,2.8846241864004702,0.1622569555150749,0.5650820516342269,0.9617893609348237,0.9685639330545893,0.5481582243617661,7.8107786246505855,0.5604639353855696,1.0026784926050087,1.6930202916950416,5.868564413787291,4.227582672524784,1.6519233122726267,4.96684196041336,11.414028442020381,3.0037122250555797,0.4506633498430118,3.0808066797095557,0.5933116938422673,3.999382910539634,1.797182223346981,1.8666192654194442,5.327408917205437,9.871125131629695,1.8804866486893201,2.480219522468815,3.967664335581066,0.8281044565385814,2.4306007423410154,4.877210141667749,0.7907012771143639,3.447332239314564,4.483934576236822,1.3459465015586232,1.9900881168522822,0.8561224100843394,1.9628713604536765,6.045843323751171,2.7684982452060947,1.5201381840768822,0.383672675549209,0.46739250111156305,3.212390730209288,5.683219997498855,0.6812236738119575,1.410887165595008,4.014747860766168,0.9440227969225311,2.199935032908193,2.5741483310377653,4.152239184636049,2.328292413265815,2.0717807377277895,3.486698706985346,1.0233553850512702,0.9935215476184911,1.8720558620767889,1.42284852541301,0.2179342102459264,5.998083178974657,0.8917576562218517,1.1973600583939028,0.4875378492771445,6.132244996315989,3.3935961170559015,1.6946091165917123,3.249542119335788,2.4578179211102755,9.86787338003432,1.2350296071724656,4.072522023154623,3.162712194998544,2.175372510878451,3.950351598093905,5.831477241005222,1.3199493168368708,0.98935501806719,0.8927208885512181,1.9660967734287758,0.26978924328716863,0.3208206346375335,3.4470555119080295,2.1920192948187607,0.8876004529201353,0.4395892432517322,4.655789241977865,2.5168865223109065,1.3041558127455506,0.702852896711214,0.781918058963293,0.45630136470383514,1.8560974802778658,1.829195438037062,0.5384096248876951,3.0573859534105923,1.7782732304067808,4.94919823714484,1.1180748989351539,3.04525589765754,4.48930254929353,1.3425974015959938,0.6022402614962769,1.1315036792254254,3.2742489448263594,1.5620270763891717,2.0117725076468966,0.8801928129386751,0.7404712237708712,1.929774680913211,0.25742443023045924,0.6903148920335028,2.7572806093462696,1.730887502643985,7.195264131736603,0.18606118001031935,0.8672853600647927,1.4401580642433836,5.40645061348117,2.798934144045619,3.7109566716187175,3.521926028094696,1.2615547726056127,5.749629702711214,2.9558262890754,0.3770001616192653,1.4375967226500217,1.6064758955181735,3.227108692842962,1.4657520681173555,1.69765125177535,0.13635072611701515,0.5617781622026085,5.116245646969378,6.533046646695641,0.6396171014360195,4.072339360088717,3.154703987378075,3.567916243555678,1.0580291482017175,1.3700975904919175,2.9470018382930934,1.2122290144520624,1.0595331028641,0.07661607689433891,2.756464637713856,4.012545017456264,2.114619990236144,0.7098998061901602,0.9634853984652363,1.612445670768675,3.0024032224092143,1.8020961870248817,5.963359495712348,0.8531167841019178,2.7942234176159655,0.07232641445040056,5.23213201340689,2.645458541078676,3.0060934363545586,2.125910215964565,1.2706234925188573,1.5617207906538515,3.591942032686644,1.9211578998054635,0.8610326718082545,1.5826106513964984,1.2382009506954421,0.6010129400552269,13.368251492520958,3.6244243310679796,2.3621043368398524,3.455088492142919,0.5433040863190208,1.694954940902454,2.0908188930468805,3.342947540967841,4.740588083291509,2.511404594445456,3.77124309616841,0.448797724698421,1.849351226027672,3.9788555323371955,2.751291415060902,0.2254077242055736,1.0264505585473167,1.479904383977168,0.24427063642317687,1.1902826876793864,1.2588102193582913,1.5684878061664655,4.473580910438746,1.3376154137489342,1.635211913576473,1.4704910707575634,4.768528753507424,1.3946872061289435,1.711710603262974,3.8928938338244143,5.09103779250324,3.9165631139248585,2.3737109571356667,8.85913594649091,0.5478211587461268,3.4408423703053326,0.5291852941709383,0.49921321980998845,3.488543256052194,2.4948935091458413,2.4310911187723647,2.221960068863025,7.423820685442982,1.5686720577687756,3.018926957298299,2.026397080411594,6.946384728763412,0.7845532616282196,0.8310750640223228,3.463976195683726,0.330645338345984,4.952713748735039,6.253644741159204,3.044799997861068,1.924755440517814,5.928891747017785,1.8080192380307794,5.766922665570407,3.1773861367329213,1.9898078688018557,2.10835864312153,0.10728960626480577,1.712871036662058,0.7859145610084037,0.8524390759338896,5.2049105655075705,4.536765347404834,1.0533946695585654,1.3988483080575917,4.359858704671817,1.2979286899717508,4.010325379237015,1.7508904709722897,3.8659325418338133,0.8296570188367691,8.518554049316982,6.338510396161512,1.973136030513778,0.7302321082926354,4.280161063998858,1.6049489099028935,3.1102984448661575,1.4539537751556062,0.9814705753760474,3.015431128691591,0.8231294865368923,0.4455432254015297,0.5211007736526297,0.6484773288930126,2.6675703197941285,0.4365620403212309,4.939359281512617,1.8341518022598473,5.243030191888811,1.6583333301269347,1.1424365804984142,0.5226593566527014,0.1471226854845087,4.010834432884726,1.2400164629204733,4.323927752216819,0.8309484474969973,1.992207203392547,0.7010252325320371,12.450844913700703,1.753082350039594,1.4833556700439259,0.8972069631443308,8.043774440009091,3.368843813968848,0.2728757119800683,1.8899850015508999,0.19329698764982095,1.8816277789047162,3.5906321099033756,2.0250736802128393,9.918637337626288,4.310596999121664,3.3812429422678925,2.608408352455538,2.672702119160867,4.346950236328672,1.3947575968776735,1.247923927808897,0.2248234746009123,1.4892893735296677,2.710156161405521,0.9227481140415317,1.4979566222146161,1.508956694321467,2.249559319542181,3.0607838256885196,0.6945871977824991,1.1602259949670302,2.2071438164733443,5.019166245188731,4.285370375951342,0.09527436960467439,0.6702680223870262,2.3324603477295525,0.8289686825182129,1.6169699529369637,2.361936305936716,1.0989756499017922,3.1658525440274152,0.9123381431669888,1.3882735484928515,5.892562233599654,1.9573634425730861,5.914491300667037,1.7388117130391694,1.0995771792631777,12.179561182551485,1.5742970318763816,1.9147061915565566,0.6926091636540133,1.5721377903607408,7.84612796671693,1.260259616603808,2.7713549820746888,0.8609083057276403,6.2054872343954175,1.2844852489208167,0.30197716673933567,1.1806904216150922,3.1598786987017347,2.105393224413993,2.91656694141826,5.61610308951478,0.9628603000834721,2.6411558732953617,2.610505155790542,6.106957886604657,1.6257414231699228,1.313651153754726,6.876627454858116,7.724517348658294,4.5632394758188255,3.712822603140588,1.075163071726849,0.5699033964743228,2.0286185255398874,0.7500248506451674,2.081737062114617,0.6135495401006202,2.552283135671715,2.8447947481130433,1.1395717758008996,0.0808882285653362,0.8881174982507574,0.8476821532794063,0.9346987975656051,3.2748667163250733,0.07106707595183412,0.47676985436434693,0.8356442816218976,2.3728887138434818,4.389838878064301,10.332079077536648,0.6986411650388198,1.9000208796858462,3.3351171411101173,1.0866507807982395,1.5410159224063869,0.7506486694140998,3.96628797191613,3.494223823689641,1.9356280767842875,6.4202805633290065,0.27135520075053776,1.7466335254587155,2.1051573500902094,0.83052102196445,0.353782105695839,1.8542220711877468,0.9027510117542084,1.336752956172214,1.5525469835366472,0.21048187367480412,1.8399953862290737,0.5461215696545461,2.27963798915685,0.24402100806840066,2.408926892756918,3.6444293000412804,1.163221277578413,0.7467940402842652,0.3821810534557054,10.19989992470846,0.16388538699199118,2.814855854671661,3.8570194860197864,1.839943642572059,5.299456137844056,6.931392878788417,0.8506348699789918,2.6858951724135447,1.8709077973208024,1.3747213163751937,1.2056745760307184,3.8661937169030156,0.551108135671237,5.435412619318889,0.6569053348037461,1.5031509451394944,0.6248706533018001,0.7418176107895506,1.0956645748563514,1.7064356487601469,1.1858697417120219,1.3597701757388634,2.642514858149709,1.6627391602049573,0.5373847453103298,1.8287239913053863,2.6604332619577464,6.712824281701867,8.998085207669341,0.9608503587870207,2.2341290467742194,4.50396784378911,3.312588235749456,0.35521600958505495,0.46412968748099365,1.9159755935333982,7.39400172119308,2.3433859944551667,4.880555316601342,0.6246320853394499,1.9064047025344686,0.7662276994763333,0.8188427643027469,1.6433785505464964,2.626652867382826,1.213183297629779,1.7165613390457939,3.7861421611217154,3.7635045324945313,2.5589527048987906,0.9841000541270136,0.745029925865428,2.784669585849472,8.136823238691203,13.941698356268077,1.2831380465477602,3.1669965542266296,3.9152679519571554,0.9958788229074544,3.3640114519128033,4.411597463840567,1.6081401781451046,1.206144272843189,7.204200059250751,2.8407013450299723,4.419162621697028,1.3323929331748274,2.5921523158775974,6.800118557106899,1.8304335920663681,3.0876124528058284,2.1609552774011114,3.427043759533701,7.836305340806271,0.6690056769336811,0.5188689816847449,3.1138985373637236,2.236031079937053,7.149052828182857,1.1948699236274611,0.8623784336731153,2.5941959735038744,1.0650777347432236,1.3469416722410517,2.1504650814835435,9.67761047381451,1.2079645539919195,1.2997373315636016,1.6559986117046832,0.9282923117631724,2.398173697062566,3.8948907751010884,4.910807946039743,0.2511714087288123,2.619143795526582,1.3299381177201397,1.4383721791399267,1.5607495324139937,1.9958895919858433,7.951517862934246,2.902732462864647,0.5425200270852718,3.0385138066664443,0.19532507327130433,1.9356428733020985,2.7456168677148014,0.6557744078370219,0.9756135526072861,0.7158070912249432,1.4494068627280505,1.1351920117562428,0.8638553020973632,0.7518204340089174,1.1503803436634543,7.987869709462012,1.8990848959493207,6.413272498552726,0.5891403871422237,0.2963338269801987,2.335359229650786,4.427447938390777,0.5494550492553818,2.8196927193447228,4.647057571175452,2.180598881955122,0.6457320436655243,4.827100777439226,3.197079181104205,9.888311168627157,2.5598976638711317,7.844079540601042,5.921330380181025,8.762547816137666,0.4335498299690976,2.805630017743226,0.41864489958350565,2.9685889994032344,6.717915302551981,11.909723874162536,2.7780383017661974,1.9326130490475613,1.1297730763244422,11.88783655838535,4.007172147564254,3.1469694029374735,1.3643204639806084,6.463679528583707,1.1232448164114694,3.2650814792392016,1.2941092735509554,0.04485616823666355,2.157446694916157,2.414165522799347,2.007095176836914,1.171823850145343,5.6657697659518185,1.4985795818703787,5.349104199667711,0.8173623825570704,3.1216659763011245,1.6738261490838193,0.6492467236430027,8.384438194027245,0.5123319882296854,0.05629041783286523,0.85983645200608,0.32423395740897665,1.0535842065121124,0.2630829716830243,0.5788998962925214,1.1555314949574487,2.0184439334269433,6.2167648406254505,0.6587386361971874,2.828337303689673,5.505205016987616,5.854494991280093,1.54298436162728,0.35109670267501114,4.877369066897756,4.431817234741729,9.676378570692558,0.7955378987520265,2.0370748061542523,2.0167121128429875,2.2661566929489663,3.3093214620579996,0.6394123493162767,2.5640016378517614,4.9853130736525975,8.00949440699277,1.2683876017083962,2.0880631185554344,1.3269396675831948,4.5236271773882955,3.934303018299636,4.591159616584845,2.768402905533154,1.8639016375137847,6.987060318824737,0.7920480917808856,2.7851134398528288,4.718226048083961,4.5471578629279445,2.404803127359217,0.7085057657146445,0.7012545415652337,3.365586128972603,0.8448179576662618,2.2194603816436524,1.9316948451567773,2.7100527225573234,3.991830233684712,1.1798477516620558,0.7097496908970155,3.4385339723725243,0.25963631241354296,5.583686812937839,0.7811808529575355,0.23036490046466895,0.2950468793561925,0.2523362223894523,3.581638743722454,2.0936695611562977,2.943986765504056,2.407119184711907,1.3180920368271483,1.757285586560722,0.27971641678136727,0.8557971218986038,1.8382296999703378,1.202134682494684,4.164357933744402,4.285430813537834,1.818814898116158,0.7864038294790952,3.2891035917329234,0.6409060506600684,0.5283520923558396,4.489819554691911,10.62008908799565,0.38642391522722297,5.710239193543586,2.3314155065410866,6.501260394649546,0.6611179034679995,7.299180274459818,2.4114871505818845,0.6710016013244002,8.37561751521059,0.39669091374127047,0.10173981998186192,0.912442542583791,1.8626378130611738,6.915922557027783,3.7469531708309396,0.6211354281931323,1.311414281128341,0.9614544023507434,1.6794156410477719,4.856030453452461,2.6171208959164494,3.5040792028240766,3.182206054242461,1.0643626946752138,3.113233432047404,2.0488172879967586,2.2501292865529923,2.162015620501115,0.34827903311006525,5.834506604606387,11.170405628188554,2.3961907816648322,3.730183669760049,0.679420624442446,3.581525683402179,8.580707883698583,3.799405223127463,5.455280724636063,1.1703167098504021,0.5845226908728682,6.250200956319634,1.0539856613898295,1.935928101972614,0.5581405532736058,13.801767168733289,0.9777890386240786,1.2973066902905201,1.2963997029620353,2.5401542239489676,1.9573166988906772,4.673730035138059,1.444419189795718,0.8868863851484092,1.6213907088112194,0.9975209293395609,4.691694714167175,1.7207402784656085,2.4878750487367047,1.9645166592194316,0.7585689643039722,2.848154102844885,0.813720563701053,5.521406148139426,1.7389040731187027,9.664422743635328,0.6363914255339872,1.049371603541929,2.828632474936516,2.5385215860661927,8.42547508553811,4.13927414676936,1.0461011179685569,2.8534386171463053,9.907763549339885,0.5851121362913954,2.632845964152673,2.067382657188106,0.7246036973343637,2.0926796477316634,3.4623018092258047,1.954854739363496,2.7824401475711933,1.896641061908894,2.9953292171802466,13.418854779752824,0.03804359282903097,0.8109457591536876,1.0107285639143722,1.5157314827928656,0.7853251209847658,2.190004593859245,5.048438402948186,1.508263235648079,2.01482949108743,2.304191682296857,12.16007155757695,4.652518416153116,0.575089826239326,0.20066767816367143,3.464133302796651,2.680051836308497,4.278933544729366,1.8783415039619225,2.166870862887328,1.2135294968716308,0.11720464552326948,5.422547594501863,1.8135274774861365,0.4113893813708317,1.284726234521505,0.5587200569003229,4.4028227157393935,1.9767478008304684,1.763786247320889,3.006339490004113,2.072525216867497,5.953936218918243,1.1947764265117489,5.32862327277378,5.477912218905772,1.108123223843459,3.5860706842092207,0.46643883988153323,2.353692095286705,4.109492566059838,6.354275026488017,2.7089661269547722,2.3998138662996054,1.4031966439601686,4.523187537224315,1.6438969804458434,1.0097442156403404,2.0739308771977902,0.7403502784500013,1.0854648225013235,0.1246441420325336,1.5887671176156348,2.4697421534997877,1.275431955196163,5.493970207163332,3.6346632321993066,2.4043889507878253,4.333610065644921,4.199801633402512,2.777708569039162,2.1328926604158953,0.699822122796814,1.848324433425214,0.35468972851123826,2.271374462597819,2.7189958932517975,2.776535191928945,2.8536751870266017,2.2823352453833228,3.6871594100156377,1.7554460827225262,1.6760035612903788,0.7593193223355528,2.5524106195481813,0.6006969630703727,0.4589263242634475,2.3139504200068193,2.6624595844078653,1.0004825882805428,1.2978060482500378,3.057004567561707,2.991290698042841,3.1089780184485005,1.9945370502422162,2.1958315224032687,2.9731494171692128,2.9279990294553437,0.4822967093197944,1.9126417697328377,6.031884664689659,4.040940685443385,2.1858687413977043,1.1533767624425537,1.1689616657887154,4.339164133493545,3.0643551194736456,1.8316795069913079,0.14292421385889753,1.4137342681968814,3.38470663438709,6.7815560569705475,1.2169351258001355,5.16082678925936,1.6495268930093878,1.1030559389666286,4.969552493511107,0.5610024115152097,5.944560152543255,0.9656448845478613,3.6265123971161115,2.170711907977388,1.1499744716193696,6.868105745187554,1.1719581334214864,1.6322851820367135,0.8095116678011769,6.453158340872272,0.7070027265803187,6.33119399001371,2.1923055404394733,6.342029097896271,1.4516164325741971,3.7080976477303955,0.429971089499509,2.059428341567801,3.967938669836925,3.4315153070787727,0.7730999279962761,4.96511976350898,11.340397356947575,1.127053732835498,3.221784401946013,2.28511696983079,2.967928725505255,1.8785169558631498,0.18508244357450798,0.990532632353005,2.385460369083859,3.6398214566065876,2.636724661893813,2.91913131865563,3.658150951860735,6.021853270703988,0.5090808756255443,0.8970888071699296,0.7690342963105431,4.249799786031454,1.8258928412761597,3.496321042711508,3.8547424812043056,4.801026635604601,1.9200913178933292,1.041163593444973,4.237491419165137,1.0491828996029084,1.123017239552562,0.6855055790510857,1.786089025592517,1.1363020899825145,1.0285574217772375,0.7809640053844766,2.206208732666189,0.9463490614011651,5.2711189030095955,1.2618392696614424,0.6642805299349478,3.9394162778398654,6.675091069947678,4.027732831130752,0.9423728250296436,1.6571087893865486,0.5820049760883188,0.9596367620288095,0.8552289779442332,0.23199602583050338,4.3062422220283825,1.271742696752688,4.824448285738971,2.3834650258432695,1.483035457299687,4.505736402069276,1.857499212549216,1.3069166251234021,5.250323556068011,2.9267653163790484,1.1042306847676238,0.9735053747406172,2.4633315392742032,1.0945792733256121,1.2699650106857332,1.831783295673404,1.5916919199236674,0.9204083735709169,0.3928183196937216,8.118398982638366,2.695348939628744,6.673064288204484,3.1696600432750257,5.022546580077368,6.751598319696572,1.7280239681607072,2.0752369921661895,0.5293530323619469,1.0265288977183906,2.376808152009086,2.1064656730180134,0.6568350954148098,2.04522750789879,3.421857771072393,6.180710550336662,0.5302716702115702,1.7905863608439248,0.9298306387300461,7.292673023544174,0.6124347691927692,0.18586609482960925,1.0358064506579774,1.770320365560166,0.25598249850973565,3.026997348990538,1.2156258468972732,1.2934585550280158,2.7554198460119967,10.722732683319142,4.065467880459119,5.93239048826214,4.64092759970413,0.9148148816175738,1.4875905018313862,3.280507365790949,2.8029123703469243,5.205292539702224,2.3312861488631613,1.375633733629723,3.5043362946252143,2.8230841398669675,2.578988506938021,0.803460203654625,4.009800603475265,4.646247196784967,0.4332404047355665,9.959888120106346,1.4726540946084745,1.3139239363848076,5.846812911633738,1.097632912597394,0.5767911918364221,0.6256143103595262,5.781071792525375,5.185019803286875,1.0275046356744233,0.24457240032974628,12.311693192943375,10.187546809360779,1.0483299453273678,2.8026487956600015,0.6748426008922547,1.5599185472639383,6.245318120341783,5.9184355840138965,1.831931732630435,6.62853498415607,4.056938309940395,1.8636673350207016,0.7720244436347325,0.6259353972053381,1.6164633536246371,1.2890670607361925,0.9683903747254403,0.2720905230440815,4.370830631690475,2.3529775021547747,1.178434304931466,2.6347670898677915,0.7213807841492433,9.490327006469053,0.4407696888186302,0.9138953332394756,1.515415861323146,5.0600644813709375,11.125568348006809,1.9134095624891247,2.60942488247478,1.843689476192543,0.6983405523266768,1.123004834870524,17.45268303561387,2.423477034609257,0.6024722233270118,4.480074009983883,4.110662109261193,3.441761620290995,2.64446622622548,2.5177136492375944,1.9732214692394152,3.590499021779566,6.25127413260878,0.9999638837277076,1.6497062600433283,3.1142061059380803,11.889656925177674,0.6483776794587485,2.304415679991223,1.7596723117764634,3.131286324820996,1.7921858133117736,0.4627539660783738,1.3014484620544062,0.43099779966775675,0.7368226100636619,1.8760830299839388,1.1885654648404813,5.292551250236388,0.5834934384077342,2.8103350475356037,0.8907437071935096,6.013212131051697,0.16348989643312134,0.6975173230425475,3.371352265982773,0.20659532817463644,7.3643888887714315,4.547609030017747,5.332000527613152,1.9324996701705108,0.5362799214531241,6.460807750312974,0.7223595654092352,0.3661809020487139,4.365726764305498,3.2495407395416165,8.78031277696101,0.4715100973633426,0.5994758353413893,0.6484192243708202,1.03506963726493,1.4112216832432325,5.833111756530739,0.6419473744906767,1.0089601064734781,9.745473747745324,6.6008369741052375,1.9410993916803003,0.5324619930281516,2.5285075888884245,4.881803207547002,3.127159355193059,1.44957700269504,0.7739044681514045,3.8727487000847916,1.936725456001756,0.22533522025336322,7.400717398459881,0.30082305770126183,4.984936481136337,1.413460565307604,1.4579639641410729,0.8752731010113728,0.43933677558621875,2.332758121469248,1.645422901220254,1.7192506111515717,0.9336306354253814,1.3914284163081785,0.6486821394788712,0.9991339140795561,1.4530655104092989,6.699611866136184,0.7082211851114069,1.6349716119028617,0.43920334645290227,3.2033020264726733,1.5736158773701772,0.17494615322513568,13.394798400880642,1.260354932164184,0.9159218057024116,3.277912691563735,1.3561165548720908,3.1814614779537727,5.271551808918205,3.743665555959434,0.2734664747133224,1.7372710009526122,6.741985663981689,0.08429544901569519,2.78152885287747,4.289140893155379,0.6858874834734223,8.040259811858345,0.6325198582915841,5.825184394445478,4.86114913898204,1.4581761488707916,6.287877980884302,1.1453569930425924,5.347605511092178,4.056928235299719,1.6493562977439593,1.4426230651678666,1.1021963834168764,4.009010071726545,5.585883539578005,0.2763365078580069,4.787280361274423,1.0029030088561774,2.3831408411337636,1.40194187862543,8.120481913693595,4.8556979721175555,3.1582316202909824,0.9886302861825875,7.467634906416056,1.2578500695094061,3.9484222819810206,1.640424848667346,2.744429819482448,0.5785125658971387,0.27015456889672806,4.729933042281423,2.284387979019973,5.134437207446427,2.620951200344815,2.027991926629986,0.5508057310080866,3.8913922043934552,0.5355012247674317,6.6061194546431,4.435862142118088,3.648861794468665,2.3101326227087666,3.705024579386233,1.1405495008628423,1.2294685275874733,0.8829666314741642,0.9199905853738124,2.2209885558338627,12.44563723040623,0.45307724321738624,0.20625222646298222,2.188603498021207,3.257254580423284,6.321824451830708,1.100928066212751,2.935399330165795,0.49412395489789107,0.5705921678668646,1.296947028463424,0.13270894360313412,6.068919834253683,2.5886945474822083,3.0295161758487277,0.30748536902265355,1.4849286791042855,0.07370628571971338,0.7653046503914703,0.3248991013723286,1.280649034447912,1.884056158275504,4.96922505998642,4.0308534675273116,0.17964522242537156,2.9060984454774212,1.967922409495586,0.6906580186783355,1.9482609510177173,2.5231440454648313,1.6359702494005108,3.1038956316922084,14.128988371178126,0.22799016564342145,0.3409070548447678,2.693427987415706,5.279849178227906,1.2173111517503115,0.5354607805907804,1.4703334701170954,4.998459277570885,8.82012130879934,3.7423218294529144,1.0659748548564751,9.243603082347866,6.922972800386179,8.993049434859241,0.5729700857557707,1.009100606601106,14.755034369100837,7.405176466196216,2.752998051091546,2.014264942059586,12.036547676304261,0.09415518420534613,6.905061607186282,1.1437096023543556,0.5555687354859229,0.6540578761489537,0.7198246607553089,3.230549405492873,2.8101952790412774,0.8471320049852149,0.30904308431775795,2.0641019449425215,0.9236105828187783,3.4485778966559337,0.2414265029030247,1.7953823455124651,4.202781211248315,0.5731552384898924,5.390264528148682,1.8641450305586305,1.2420437100011859,1.94626079876411,1.269422889771791,3.458705344607187,2.589714187877289,4.099208783938924,3.881841688462438,4.988336107562376,0.6339980003538637,0.7971292178362992,3.933802398594907,2.2603115351827574,0.15956263593351305,5.5518283179917125,3.7548959569875637,4.1571362057781505,0.5883695939487579,1.8381056052327267,2.405163467197405,0.44623375174508073,1.6733680703531193,0.22776786165784246,2.9434073580254143,0.9101174951532427,1.3149284671054455,2.162702476941342,0.9231405456137933,2.0785494673388873,1.8385152892061218,1.6178241007937508,1.8377954302083723,3.921454401448271,0.35835189794218225,2.2499932414656305,3.1673351121402344,8.855640121789776,2.0281612258357273,1.2737089167764817,1.8942316524084086,5.575102954136945,4.174221427580915,10.981788758088488,5.326427575677926,7.782293533663017,1.708942982290473,0.7235928089519909,0.1686109537144589,2.4892954976366095,3.555598113558246,6.420183835914732,2.029367509705018,3.830207005510022,0.7686206420567613,1.075853446492018,0.941221344870915,0.7306776166745825,1.3557307461392747,10.774553405949762,2.5919911433317786,1.0745635753314104,0.8739013939051303,1.9197941176575357,8.0846832917284,4.563265763402467,2.866636744924074,2.9197641870327455,6.894753328810319,4.817124064970568,2.0304672325326227,1.3754397616550649,0.4815155122038303,1.7289680447865956,1.2039501277068594,1.6525678565189852,7.183718131351743,0.9853487097504725,1.1517976517647974,1.5336408325065953,5.51280695699978,6.064755566323669,4.091583835433494,3.115741180687927,0.875048378236484,3.0567455186440062,0.24501173339127802,1.2673637232217365,0.5525857395896135,2.110244890456366,3.226424904533692,0.7524414885698657,6.9814786529248245,3.3969813391707566,4.20267909709086,2.3004361527644703,16.73091668973722,2.6841614637369653,0.9309603586666724,0.47553103759209836,1.508716654785717,5.741120043481297,1.349921035193999,0.8328631853783701,0.8488249688037028,8.491007702996427,2.7949606806604805,1.040977473289272,2.944580559628995,4.954824901093396,6.580976581793878,1.6157037668403578,2.14675191138297,0.6996713023654992,0.5767148806099716,1.6248745259686141,2.183585002855438,2.7667635882146824,5.262672954362739,3.7182746788507126,8.44930795818216,7.318474344596068,2.66718818418479,0.7808206666789013,4.16769751119164,1.441712752604705,1.1743569372079943,2.0190416476415445,1.5120103794650035,2.564732442281757,1.1944067935411122,4.812639561422607,0.4618360809119544,11.223822523262585,1.1168343808310652,0.38998760815077926,3.5028305692084407,1.3275677770797805,6.433692088762095,4.096901862323248,0.8516330101649613,2.7494488945460636,5.1052614334070885,2.593321374504216,1.8138028280020366,2.8002006023498884,2.8186842697616976,2.3566995921902976,1.3733353485795667,2.1096783638836536,3.2784869405101924,1.6178504189589458,0.9165970193946296,5.652415446721733,3.5517109565446363,0.3230891456950795,2.87196789424088,2.166198412646602,5.673171568455584,4.757604536976095,0.792093133634979,4.079597041079028,2.576834213051712,2.682172123861483,1.170717437412589,3.085335635292845,5.65982215186055,1.4951860102766479,2.0680609139149646,10.282913274154204,1.2332507483865964,1.0030836764288402,2.5453649586952456,0.8736582726472135,2.6017099222628524,0.7328163932887541,1.8114173312889634,3.6836775319059107,2.049192917909531,0.40105970412310193,2.0372571809158373,13.148812819630567,0.05528665444089309,0.5185934919416066,4.512785515573102,0.7668120287326677,0.7340794631355217,1.0271133858796184,4.722925078665626,3.0666831266850307,2.687997307920825,1.7546832448868646,3.897689277122039,1.0520352690884964,1.8852914785963537,0.6084030275361462,2.8739658291777763,1.0745881981184813,3.7999331807635426,0.8820862944416217,6.118505091976674,0.6023744643525787,0.04858946275325171,1.276170645296119,1.643018143079804,1.9680763274583728,2.071185584325576,0.25598688341062537,5.29810687408698,0.5744611293455897,2.931379542076162,6.42671397582266,0.8186316077299236,4.355841236773055,6.558153154996932,3.617936452749061,0.9472046905847054,8.16455880507663,1.7008718373321983,1.210277487892651,3.6476500367625255,1.036522514236129,1.302473709442503,2.373025718623441,1.405837656636155,1.2885183439898729,0.9216995884840066,8.591206876599355,1.5597645291268218,2.3458995879637037,6.319114041321375,5.72664402374965,1.1860779980012737,0.7975632305794321,2.2237617123928084,0.3541979689131354,3.4567514498847283,0.31422053786551235,4.325115614413223,1.1524723490547593,1.8541679028264884,2.5212937268792537,0.43527349501499435,1.537779928258658,3.4733670395069414,1.2232339710873603,2.615890824566299,2.8448683457468413,1.6306401301289344,6.620505805330288,4.084505227171884,7.7263865174175805,2.659536801346188,9.404802980419834,0.47973921261547986,0.3048222697070661,2.823280240682087,2.7570155198872572,4.549358735989035,1.885324795164831,2.237976261517181,3.4262147429935434,2.727876575670206,1.2733351105418673,2.8129663641497262,3.0361606041223963,1.9007149875001006,1.2003280726443606,4.076423904640137,6.6653787783945475,2.818681066333773,3.9579923958334726,3.2824661027750492,4.229931371707231,5.169895565510526,2.2255007473948685,2.105194701100683,1.9215663769110292,5.969213855364292,0.5285789288166232,2.5848902243564886,0.9557249727166582,0.8485298109378965,2.1677223204509106,2.5261101703742472,0.42067523981740557,2.8884602310087053,2.184739971080216,0.5462550857852739,2.9235474995323094,0.6629597192710998,8.578718214581574,1.7934969875426452,3.85260257912088,0.33047147598926957,1.1431372776050686,4.3615926278552095,1.3429619242787814,2.8173644963027686,2.8548817247227443,1.9565605949676854,4.401615937912676,0.9200164773218551,3.8047695224452007,2.6556315474873204,4.034627819327735,0.7145605553337093,1.02835754198686,1.48958626274929,1.8496273344933374,0.42427023976607936,2.2769416054893155,0.7785720854535094,1.7898821469822368,1.2775880491245668,4.51078292882826,1.457122959155721,1.302717043248744,1.185100994243495,3.2944858817246727,4.384626642499183,3.18113341009333,2.0012127324406466,8.685916090732498,3.149168571195029,1.7008781300563678,4.52676948002795,4.634406897401951,0.9169262165886048,0.7116141148245034,1.6237129673221562,1.173948755716647,3.943887053812629,3.902458313107625,2.4288673741272087,3.8917017529392575,4.1302680705174195,1.3601056333157147,12.930878285722263,5.049082884931565,0.47968216608925407,2.1313897658714698,1.6778111552440353,9.292341766439833,5.982738040442165,1.4711738850706557,4.3047022318743275,1.3729861447221274,0.5777618923798962,0.7229359134400117,2.361168384433037,2.460297884530432,0.36903280870743227,5.284157025780442,1.4254837760920405,0.1735162592427994,1.172561028109134,0.45413356552512085,0.6652005475605435,0.8882566560388229,0.746713956151061,0.5479308267951755,2.325308857911852,0.11620807962530644,2.387276958621772,6.354614221292734,1.5113553342250443,8.559808807583245,0.9161764181155816,6.697882762414871,4.222499234928606,6.838379745661145,4.272566002129894,6.9270371669721085,5.235429048117278,2.7996310416056733,11.049270826470888,0.7350181643687157,0.7039041820022947,0.5477014463453365,1.2194331001696062,14.916682556175402,0.9086510459098427,0.8102144756035846,3.828624532334467,1.4915818254672706,3.1962900131520064,1.2406079391258524,1.104540179459096,0.16795839231576126,0.4699873893262889,1.5846597426557665,0.7764544228824926,1.79539514306475,1.914252902088909,0.6528998602332318,1.1816004330624983,3.416081330481331,3.3001571477003213,3.454581768000175,3.604272520664807,1.9431197500331217,4.839107984716649,2.4349164380032455,0.0853458060870862,1.9514342506484512,1.832849398285334,1.6934443662256609,0.05616935532743139,0.5936618715693953,5.499838060210501,2.768618045981227,7.207805743200223,5.923607294754333,4.701103564527241,0.6707110611209015,3.3979814632436205,1.1888494799023988,5.642356341624151,7.862200157968732,9.685074308625799,1.03792703180791,1.2209569017924082,0.9944541273888869,1.4826350849913585,0.3593909596842302,0.626809138167417,1.441109635158222,0.41219546822305264,1.1128724198579052,2.966876011329051,9.851181096706295,4.366125339615841,0.5113768878194757,3.94952103783605,1.5832457787361558,5.590786107551328,7.098999562742979,3.3594538284205733,0.5469988114245966,0.7771950656551313,2.7644917245407266,2.0267610106554987,1.6215324055177445,1.0490725659009725,1.386518583833252,1.9882624066981611,1.2151072343156173,1.208279312156475,2.1630091430020375,2.2009302862261695,4.2106981918203035,0.4398245476426984,3.3081109009099747,0.7526027433526756,0.2335726918230313,2.828495031839994,1.3605142072983187,0.35129196840646926,1.1108186033176526,2.0601736530485524,2.129324636481063,5.618235260639505,0.6861907977436937,3.649510855078525,7.784465948145131,4.144124509996655,1.078369361909774,5.1800357726547865,1.4047782970559977,0.732507790284161,4.081475802786656,3.565559591103382,2.547969078016723,2.106824034508793,4.101256697964503,1.5810800196138388,7.4399008635510615,2.3225935170914105,0.3179943572308615,2.353646282069747,3.337333853258067,4.185852871412789,0.5141490455707809,3.2875932896076687,2.0095959535031795,1.3972901758608183,1.3446215615209276,2.7345872589053553,2.0755700587624877,1.1453490335594676,2.8845419978101687,7.974047616507968,2.790317453834,4.6219317654049235,2.5967793789938938,1.7739901589782887,4.482003522560097,0.8823053745181676,0.5839989799391361,2.925403319293746,0.5040091833617683,0.139613273231535,0.7983575893688715,0.37508920637605914,0.7387447590652384,0.10061417987580376,0.3813323074221898,4.6655479621365785,2.163282696534797,0.42564531121424576,1.6696921548469053,2.0784023479231806,0.4223032983173487,0.7465316248275455,1.5654372301302861,2.5070311111526338,7.689856875060369,0.7637088608444713,4.448894401947484,4.711593218505825,1.6081445157970584,0.6144478713880636,0.405985642135247,2.601047466305073,4.357794332041104,1.0377587588491124,7.271024263230416,6.808745805811439,1.8076392345429189,1.5202640350857486,1.5545853402721614,2.1107779926808132,1.1362721904680506,5.140125964736976,1.134759266842527,5.835156908453069,2.1539238783073418,7.337541734871243,2.600029593859362,4.6435806558040875,2.107511765310775,1.0841840515243597,1.598690535265723,2.2858068436328365,1.9852781794015515,2.617014926401726,1.4469297424434149,1.2206549593929021,0.15004259840191247,2.3298582326715462,1.623512179849119,1.3966107849424834,3.7309608016745646,2.6757340971015946,2.1342761570503312,8.635510107756375,3.803794505519657,1.1714894909089115,9.114342394816731,0.28472125812810456,3.3536799199204976,2.0524319271210523,3.3424630434335443,2.999929992103764,3.857778022749196,4.691519009178736,3.400768709904449,10.325093350974958,2.0890593938356274,0.4156865713204058,1.135043830220759,0.8761271187539341,1.9246151370152496,0.07267606236549251,2.595730566620924,0.2811805118759182,0.5439642997727108,7.041076691599148,0.1326654058429838,1.5796832581465534,2.0911161807968908,2.099250699663346,1.8116987951812318,3.79778472222894,13.772955680448096,1.8864862859084883,1.8913406459583137,3.23539495087448,2.7325039201169057,2.386553177074059,6.130329682568638,2.8575412012925705,0.3741533949022148,4.922874567555167,3.0270709203760804,1.3522902873961895,2.549245359959789,0.09651651907336523,3.107691250079884,0.819579260621838,2.7847995196829727,0.3959939623017448,0.458945289101657,1.1711355619424602,1.05462026006327,4.172066270041824,2.573038430094031,0.8354310724641232,6.22545680027949,0.7779593728786622,3.301923313058434,3.1633413798704737,4.120735991859314,2.319413426240652,2.3257169869521883,1.142530267644001,5.51325107653674,0.6642822637407764,6.369591367121568,7.105959912998671,4.270302273203653,3.8215084255589438,1.605586543823922,2.147165861676457,0.8106059412599494,3.8348707088039657,4.624740577636669,4.59865324290976,5.008407733844283,2.332504021073997,1.2904495921228665,0.7199966266644434,1.6487012726410861,4.64709735182427,10.53604362681896,0.9811589295380865,7.6238293186063295,1.3264808640327146,1.7463575184395952,0.9406427682708753,5.210094710021544,5.566854762702228,1.120816719514611,1.3133380424344174,0.8207629089281835,7.3248078746199825,1.0800038083854508,6.643369988390407,1.7008617369852947,1.4453966577468957,3.854488063006669,0.6454563261980373,0.448651910401359,0.8879283072779982,0.45623411849507917,2.454449820789172,2.528494558602335,4.547738418336553,2.1593243152859314,2.2608004434154028,2.7442870420772696,0.6105872896709931,1.1993623283307597,0.6576582453036939,11.844288135708972,1.282831006002752,1.552499170815898,0.8125699925215651,1.3766317188567583,0.2999479335994084,4.101873302032621,0.37874981858808754,2.8326270784538288,0.9363590953480636,0.2525854703234186,1.9647664047977855,0.976094975710144,4.345950494231378,4.515646496659156,7.710560338213,0.22408516205928874,2.3822952261492203,8.87578154097754,1.8004769229330622,0.7345038675449673,2.006251233848433,2.0304328951142643,0.3344570282402927,7.909364295006888,2.997009455618166,3.23984377594854,7.51597863934096,1.3290356486767958,0.27334477009871677,1.4184698538698355,0.29751232078502815,0.6947944618470497,0.5941338438819646,0.549416862506772,2.6933402801248567,0.7798755337602481,0.15966827322241184,3.210020758719989,0.4217218630444208,0.5950965499468021,1.2765228371175912,6.648492580291327,0.7037248797685665,7.787963652454503,3.109503493738287,3.0028262451411076,1.1650729386193142,10.622453908410098,3.4859097151806404,0.6035427898362786,1.7250317068737488,4.506552210429683,0.6914943032189436,0.704283728208501,6.176601748474555,1.1768794540946597,0.800150641988775,1.8717618803655176,13.118084633876297,2.134071560676567,2.9151106154408213,2.9208919623089784,5.987641425880848,16.759103147984934,6.351218752801778,2.0311797366493556,1.5820699351587706,0.9654917014526997,3.9621039542267367,4.854309470227451,5.251884672857769,1.6802718315188419,3.80321005938484,2.4236083475513825,2.0770861648967824,0.8790188897815046,1.6773684461753664,1.3644056889318297,10.629534580698301,0.7073826785487355,1.5299464545936292,0.7217535831856421,2.8542621509290407,4.6434286524211705,1.5672160262699633,0.759370066922644,1.783337818753958,2.7110504750802673,2.2319282585964766,1.750966937415018,1.0010050907811456,2.282367468411942,0.6176903765379155,3.797456281613225,1.2349381323739008,2.29191177218143,1.703133856791059,4.812179286374333,1.435035857927236,3.0346966863763623,4.524375618827038,6.709894705248631,0.10196004501031197,2.22045905516776,0.9389131464466864,2.146493501670167,1.1475204449575678,0.8477507709459913,2.3516567212011297,3.051736594059155,0.6108151175561494,1.76342505324354,6.289632906067878,0.5773127827457484,1.8498262365006384,4.102437423509157,2.349373939492118,4.76037337401705,2.1537059659818656,3.647547193955697,1.9376093588153838,3.3348685434265914,3.5854416765147783,1.2233446085711543,1.099344095260721,0.267205968305153,1.7139387924558518,1.6149681155566764,0.15303949026865316,4.059500721768009,0.6324675571481363,2.577130539382843,2.0495967220533746,2.3815433822579917,0.48092258717267417,1.9508890201829132,0.7251452448380507,5.753465084402045,0.10383500675317991,0.10204553868726274,0.8233416220220449,1.1769941494516472,2.146767209391482,3.3745309658336384,1.4767460621920505,3.6784824584785536,3.985605766038727,3.1683825743914174,4.907704023904602,1.0965158420654972,3.2716073252586324,0.48210068793110405,1.2834591902370147,0.07517457059661914,1.278690267927981,5.822671184971539,1.810128879545474,0.363406092301927,0.9470347409080178,0.07210627206640474,4.932217314495667,0.5387264737242031,1.5244126196203482,1.764860709928224,1.9530805181341515,8.895727509472778,3.4901581832297026,0.16879347008701262,2.327019104342058,0.5383893448973534,1.7081247830595476,0.7005294374385213,1.4989873683891868,10.286432156988043,4.386769652943228,1.3674100320223561,8.06337855972685,3.899214086346735,0.3248807679664556,1.714885796019951,3.031223946084485,1.8119713151742203,1.9356721515697297,8.039842802665628,1.1238880001921565,7.128357575761699,0.15096610225314838,0.47204301580564545,1.8684087580168036,1.9656455512430246,6.638495964772639,0.7652691412487996,2.7542223324336694,2.517594710876116,0.3956324576746882,1.5975528772173382,2.831664461393981,2.193404629321359,2.215351736258734,7.253255520551821,5.387995563168317,3.182180338226087,0.4206780564347318,2.2485593627681317,0.31208938669882524,5.628947157343314,2.616826941017589,1.868854809012496,0.8512460055537978,0.7279253763633801,1.3227080880049438,0.9922646393970755,1.2619815148296485,2.1473794931455448,5.079578181950403,0.6317707030222134,3.275537813660012,0.5653930699598037,3.806964243550879,3.906471680901869,2.566714947732657,2.2723545809033587,4.115828139862078,1.0542536072764448,0.9997085130049871,0.981550177950576,0.41890004462887787,0.21769719039130475,0.43071448433134885,1.7467881081461396,2.352880632204032,2.248273636046628,1.584127623694524,5.8506769574965745,0.7240719693077506,0.365986406692461,2.5042646539636135,3.6680033131735374,2.5440023257350535,5.095773538918676,4.531530557959972,0.45683367397452207,0.9608147151037492,6.781120082165247,0.5806017588755468,2.318469187973496,1.4555859024599953,0.3803401943928553,0.6393694834185844,1.0029350220829554,1.5674662881548462,0.3567729295253619,1.7126418514472888,1.0746789891587303,1.4118867862902102,1.0639916211129576,1.1444539647745273,0.3232603367122892,3.7545275155034785,2.3427764701005156,2.3260969715190005,0.952084883843419,3.66065240980857,1.6914531355013784,2.100894272089924,0.17328054296034856,0.7033151069156673,0.49609944320332566,3.5017339579478044,0.2616338120919854,6.543381675859988,3.748930061000455,1.3525076458645098,2.0808497514851587,2.053306907357788,4.3330509056811515,1.313439277572585,1.418818613047788,5.53950512833161,4.337151917158274,3.531744094261087,5.719103604051955,2.5061670180337834,3.72670536452224,0.41672991373689583,5.46115126555039,1.2309784347098467,0.8172131490549647,2.6379763292069183,2.6647988822059845,0.20439655448518343,8.751592810398941,0.1270969446065921,0.38307741624909397,4.38593669923443,0.19473446887606838,8.225072725499372,1.2036478355922118,5.255211286131571,0.6664459681498037,3.082431657880303,5.014750057405494,1.4430760756221312,2.928446086328011,1.101029154091838,1.488192730673166,0.6698215511931174,6.239699132154092,0.7073456046822503,4.004061314197783,0.07473237331866545,1.5726888717662266,1.0862845086663726,3.8627600190595084,1.003581694210029,1.4758439681847708,6.0622415251797905,2.893275998830886,3.1906461387100915,0.5209360673357519,11.506861908435283,1.9937481490261821,1.570492367849129,12.668084975528414,0.9224024513727194,3.525031154160479,2.9090352053760435,12.61883259692658,10.18122760559261,0.4787264170563823,0.3168133408942815,1.0085397542128491,2.3502969759902306,0.1527955188816813,2.1513161097729063,4.433329882015779,11.107138449047754,3.450523250714062,0.08365536432332699,3.821296786837401,1.8175405280061743,2.163991373855884,4.183445086752949,1.018308217032497,0.6987271024664596,1.4671295655231897,0.7645817562001633,2.0362047496231725,1.7351554088465253,1.3058929848396352,1.3376737700173473,7.628921009839269,3.9641127284344413,4.097874877108196,7.189487371387263,0.6014218187226674,7.759938044019149,0.766530264606962,4.859112667502028,6.006392893476997,0.5826062146998994,1.4848781955724104,15.291354759170746,2.5887674670819942,1.1635257833298633,4.124770087360324,0.889590841573376,2.9716184526280807,2.7804823064802706,4.519009825351679,0.13965509668998233,0.6281207247876537,1.1116342477249577,0.4194823101374512,1.4113082292780428,1.4341125207317438,1.0482460724355631,3.5271145947519904,0.7641872293010974,1.5591064681372748,0.13829294923978885,3.7466996367076377,0.9475750092497923,2.126146946631064,8.961671095059328,0.4150602098286705,3.5279962287254194,0.8709271702283581,1.308644757410394,0.9519234890698253,0.7577097862791361,1.0823736849194885,2.549372360624815,3.483176257591168,10.643481982914311,0.47387427673551796,9.829687160687337,1.0225373428246698,1.8396131451692936,3.103022078924713,1.1049228034985097,1.8965669935377494,2.6038102958940437,0.4834247350720213,1.672246204171575,8.922524596654554,0.15326746687302173,3.828490952501176,5.073900132362974,0.5825938163694397,1.0095532665922606,2.3249723751563467,1.43859874525553,1.3372895927393307,2.944812827987117,2.7808387154935006,0.8893803902832619,13.734091713642712,0.7244275475744177,3.4613726249636567,6.225703395492314,3.284393242136802,2.5172489928581006,1.4569602986859769,0.05229761166012262,4.078992213601447,3.203164401121584,0.5120757177102797,1.6418260176756234,3.1067331652790497,1.2848564449207722,3.4993618950206473,3.2254336362428155,2.707583993662247,0.7566626239327614,6.3627946213922435,0.2095092588470169,0.426560710617266,4.980955675484729,3.6429178340167327,3.2714823129712323,0.9632551494424424,4.869285927683779,0.6886086029911541,1.2533909865463597,2.145547206188929,0.48037988158632605,3.791811593152566,6.404047385770136,0.21021944356378297,1.9679234345482823,2.5398134124763763,0.5257294800194795,2.610868433608171,2.126397037586138,2.7913886290719825,0.3973257067744019,4.313889458639764,2.567760349581344,6.616378772970412,3.0407952499195368,1.1220494853220544,4.0868009588879435,1.1545638117733454,14.90498372304796,1.642188251317998,3.068248160523784,4.733707442843413,1.4694931444004906,0.24551280492595162,1.046669721584915,3.7380859424616855,5.504455710106131,3.6723158571248256,1.340871889115117,1.1658894525251653,0.8908899290977144,2.5111822631223397,2.1287126635055174,5.444605199336105,2.5231268262590993,1.7993905704613695,1.1262183753645199,1.0742127544130227,3.2610021521531953,0.33885987825019703,2.2156379491628764,1.864424781091922,0.5487681708690475,2.0464408896780335,4.800639073492975,2.2065330025256573,2.946839656244376,6.768325959484088,3.9513423731842017,0.17875298233063996,2.8501106192675034,2.741645367220916,0.8454711270527999,3.527622194257966,5.671857428750999,2.5069173713197754,1.002649192660576,1.355521469919369,2.6471372281518923,1.120414598422014,2.035219054757051,2.541452002871579,2.4659103167115246,0.7335110354144663,5.529194886458694,1.1212883974971601,2.375049487296246,4.704288705225846,2.937316570338124,3.656561220781789,2.4342458473832096,1.2866093876592122,2.306408616619775,4.847839344299853,7.318511002880864,1.1373410536551782,2.711533768381235,2.543684006080219,0.7203709028384659,1.1279881825541949,0.8228922308294873,5.324280163291355,2.9795904984957193,4.278427987792907,3.492825928375137,10.295168999505481,1.0419541616910566,7.897633811477565,3.005437755712551,1.1023205972589163,2.5474674848092635,3.8693271092401234,2.33932938829926,3.3432757357234717,2.0451410582654845,8.413643168566857,2.2161016333249743,0.9875545196219342,2.3305114582059243,0.33466776685795213,6.083236496546114,2.350385928669747,1.8024422131091047,0.08329952229557964,2.025905161655226,4.735919960764133,1.6895172898364688,1.7361168495534736,1.6564304387744837,1.796923148063943,3.509655638023146,1.9974952806924235,3.2748303872458644,2.4931146823087857,0.6788165919540715,7.68534052484428,0.28336934587657436,2.213318394647667,2.2092560714186664,0.6127451951007821,1.0335277343131875,1.590439000974197,1.018485744071025,0.50208886046248,2.5979658017523564,7.948861863196278,4.85547597306447,2.4051146364178635,0.7109313486050572,1.4041884750876517,0.755648025689629,3.432056075951149,0.6733202820989979,9.939158999847198,6.6591856466876465,4.584361487878396,1.3163020582779725,3.7864284565306865,7.10372750896436,2.388728982553941,6.261408283441521,1.9392186582551163,7.199714734912775,0.9087745189399846,0.08939900758691399,0.7876400994981961,2.6940208534141243,7.20780626549816,5.453911733544753,2.114022791788726,5.381487998585183,1.0672156755253575,1.1941769263757522,1.8552782791753926,1.4390417981025785,3.221693415673622,4.694006324201853,5.84974151992914,0.9482400896500839,0.6964467289357485,1.0881407390409992,1.2206033769353195,1.0840766352017426,0.7532662749617097,2.376817003234415,0.7182020125530342,5.159677770009233,0.33484390755033644,0.3420684730910181,6.206178509248751,0.33755519414932234,4.319085996161193,3.4931247285751885,1.8704025450813728,0.5358467122159366,3.5849638502155607,4.2179893857910455,1.2196690667943935,1.331919643790023,0.7731688097337774,0.21856521757379987,3.241578462243907,0.560025710991082,1.03874524409538,0.7191869935237272,7.624948570168054,2.5410979775946134,1.229475121664111,1.069926211721317,1.4193559867993557,1.007043710096787,8.725767219166302,1.9250417481504767,0.48228440540109085,0.6723003872026783,3.1533688910410795,1.692339177626336,0.7010876666277589,1.792280899425966,0.4189957593508404,1.162180071128055,1.2941213642401104,1.8631540154012902,3.3219768440675623,2.697932251574282,1.3490636000532608,2.4766153005087146,3.868694445110314,2.0992740370915883,9.60744237985836,2.449523541416202,0.7797513847630441,2.064363474942778,1.30924075507465,2.7799301225349993,0.6548703163793917,2.010422873011033,2.4712131909431942,1.2369478198527009,0.4191272249727306,3.170605335848204,2.0910539175032445,0.7825002902590501,1.8108802264482031,0.58460327878491,0.6318750905545137,1.01271491334521,1.4774521276497963,5.2945784703249705,2.1220242225897965,6.335561210092509,1.1444438435046618,7.194871119658138,2.8003356835952853,2.486725883913233,0.8832274809010214,0.4669291380503755,1.4435103491154662,5.087305412039859,1.3526013432968294,4.897414373040576,0.3757093221641281,3.711397854159123,0.7716935679831546,2.8286158393457033,0.22303280076837895,8.433578321294782,2.3831641583913523,1.6758157867061696,1.937191096259482,18.15099369479466,6.977300325809112,5.981808828628823,1.7336229493351536,0.48704755911478453,4.666703002741062,1.8182310118654796,0.5788654628025642,8.0085806795325,2.1934588604062983,2.8482224661683144,1.053289979515856,2.57748886284611,1.9645194615721049,9.966848142283421,6.67804248219914,3.2064174856505394,5.973184042857391,2.3275706232908346,6.488738068004628,3.41208171337518,0.17473457948267707,1.4921197808059272,7.9906153847984225,3.8742309906141745,4.512384109514393,7.220343161026552,4.249614437359441,0.8633315813176654,3.0387293564086524,7.74757861236883,0.1343802544316734,0.39450635096565845,4.284743818395769,5.692033833478969,6.4000258561949055,3.801286377488779,0.7755442541587578,1.535297635384123,5.640523079748244,3.449463310154854,3.557438996612664,1.4100661676255961,0.5128344752359991,3.149470530656916,2.974786697108943,2.134986048947283,0.0303990521384932,2.8289293121775714,5.131472567259234,11.054140698527451,2.515527156725148,1.5641834341759937,2.992736755568961,1.4606732356044874,2.0984358547413664,0.68441567919757,1.0852454644540044,4.447444071903016,4.654096831654748,0.6460383064025967,1.3359515387738277,1.656584063745627,0.6588731613750566,0.6278137503021871,2.8489574632535453,1.247071292178422,0.6684123993067512,2.0727188418215827,4.709999380923815,0.0533319763142886,2.0677374015333023,1.4606742583311483,3.169935838581504,3.0186068862247497,0.7744463185151559,1.128144666137787,5.285861207025123,0.6148066515756525,1.7966876259180347,1.6819578587649402,2.674337493702348,5.446617901063828,3.95229169239213,4.328715204202202,5.484728699647642,2.037443907444242,0.8143375655987591,4.689385631760034,1.2063504729840084,0.49965859069014384,2.768023929406924,0.7280821345367512,1.1260775766007203,3.2116613261875644,3.9255220849825667,5.191578395195961,0.5514224335231597,1.4263892021274316,2.3755674086918006,7.550197362980384,4.761594814833149,3.860436795907469,1.9718396066604134,3.955493457776629,1.2914074530230735,2.0489394752805827,6.283944963745671,1.5857070961400648,1.089148414865889,1.690450809615619,3.0780432575687695,2.3130932949270617,1.7610844511744734,2.918514706776904,0.7374461685507192,0.5202139957641724,1.5791929194897025,0.41783405198660434,1.9029113702556633,4.428258289724006,2.7368319182802265,0.7835355360366701,0.9238252234404332,0.8929153681676205,3.9462453957644157,4.690400780592941,1.3110531328190915,2.458893793938433,1.3223253566340984,3.236305023544049,4.006746362468339,0.34935150712042184,2.0460006898151644,3.6343049917861014,2.68445382571096,0.8070420502920687,0.16586866209211232,1.6492468154643551,0.11890345279605607,9.867058767319051,1.2250896974798033,1.909040428591284,1.2904081844325423,2.7786850684926323,2.935294785400993,5.247041587338377,0.8518715251616613,2.7595650655751713,2.318389741975348,2.65802782573162,0.9748919975632889,1.1188611295354831,3.63509378655213,6.297382136333056,1.2796226462480824,2.8428569392525453,0.26044371624358165,2.298007861117552,6.215043108805801,5.724302556998225,0.07164433074493953,3.24447095601398,1.4219518973930367,1.7668695370979481,0.6219815666633017,1.6767102909904226,2.47157992038683,3.0706133538752525,1.6129917981672794,2.2495258463031407,1.0929972502239327,2.9889640522461662,0.2811670442367492,0.1139768140993973,5.851359717608151,2.2548392505174544,0.9199015316655633,4.324351856304694,5.419897422134645,0.798638612651185,3.813650300543676,2.217650974194417,3.1310636642022844,4.496931678382577,10.469872649228574,2.271442760971226,3.324540542932839,0.4703015428725365,1.6799481518483623,1.3098854837112301,1.9418840926663372,3.2737923828977475,0.6621564264230814,2.9391968827254003,1.25845640876959,1.1215189042711533,6.030162411137833,3.839155368826588,6.61824278582801,1.6946205055083932,0.9349333055227096,1.8889635141946897,5.137167752586462,4.2765248805233655,1.3427295485800756,1.1350826129144598,0.21865526572364913,0.35850804726688223,1.1893768189987979,2.783167185499457,3.5416773099660688,6.527523560377877,2.488337034184851,2.854666998144279,1.0117595222513016,8.111929244885498,1.3513407419710872,4.703030358975328,3.5228777159404725,5.386226679825419,4.125822039263758,1.137093818807021,1.2519571033330275,5.31063050449087,1.2827791818922853,1.3585815943382933,0.41002630926386996,2.9111588058432676,2.7025332146683874,2.8286807879583233,3.66976853683817,1.2622941554206968,2.5115565141090763,0.2650837954229549,0.35671448053565036,1.826087416728401,5.185850578588312,0.28749939986526385,0.5149720447211275,0.06096611911086798,3.328014742600038,0.9628346063005049,0.9063418041924005,2.824403307870164,3.283605055161168,1.2125731428026751,2.751563794265797,9.273509298970179,0.9114768781380127,0.24161736023616553,7.842795496499324,6.701361361981137,4.334369790516387,0.26690318006872604,1.8686611828314126,3.210292080623735,1.1566919734821675,3.6609255888300707,1.7462814991216686,2.062277845693081,0.2359566394638116,0.6454963291499508,4.981320597156143,1.546154672745216,0.534335855290184,0.43945034678813766,10.270327793900094,2.9104630819976323,1.4507921524190746,1.9871606264226127,5.675557962521611,1.4714147452195285,0.056911635871281896,0.6772293912051311,3.7833894907694905,1.4711311610721869,1.643691584598399,6.433597210848575,4.76194718310419,2.176282080044484,1.1312628892404757,5.482508098331192,3.651957518819636,0.7764932434997163,2.3952566422826287,2.0981297448918554,2.8129147760603885,1.3799674219419802,3.144835524586318,1.0903683603514798,0.8078359784281155,1.99362783894459,3.00320217738255,2.10387679559307,2.1608342305101713,2.1239843208187987,1.2748837901700434,0.9405498391510576,3.6632633008427744,2.4279475125170173,5.986799174087835,1.3239626706131498,0.5455760357476955,1.3678521983387222,3.0499942432076095,3.4200904677700543,1.2563480097920992,13.403325287425737,1.1377561250569321,2.03155969232125,4.521952798887238,1.7022993756771494,1.456794587900613,2.091265961085443,0.8665765493912542,1.3205216069202292,0.702818016659373,4.088663938998475,3.58047482522015,0.8097010243268139,3.3160272346487756,3.898552005979141,4.279455848965702,0.41299609033840023,17.00775834592121,7.3912489888486865,1.5871321029311247,3.529934461071379,0.0682217787939598,4.947987271936759,0.17606058647637646,3.760206606756102,1.4968493359689683,2.141881342664476,3.197328608990108,2.6552680429711923,1.9680855194788542,4.026444930174484,1.9402004630638388,2.5102229533101887,0.7604788306572916,0.6932448512904462,5.887913997638722,0.025942762670992103,2.335595799415067,0.8550939389681043,1.358980901716624,1.7424028387582022,0.986102704734603,1.2743177049224648,2.0589174305113502,0.9618992621729192,3.0026016390992316,0.5152753588240989,2.6819267750929354,0.4329668303742146,1.2389154538664293,2.6319757808651314,0.9438894291118265,1.6927724826796466,0.5628653347199511,0.8459788998127269,2.205780160406061,1.257792811306632,2.9097403279216616,3.4592368600842924,0.934494896715285,1.2088952651941116,2.2324909494012104,1.2221734242580593,3.094557411040776,3.837108545823557,0.7699677385924328,0.3192534863447076,6.400876748830764,0.9837154152215715,3.5875852368814973,2.301784109586669,4.090785982380883,1.3581660701861313,1.0595959162814261,3.658146689054972,0.1891819681104104,3.6437062067593673,3.855335099491279,0.5534410797199283,3.400563320685543,0.9374538794876744,1.2859176234549075,1.5703758643068464,6.565179319610321,0.07513538881210428,5.318781136078078,1.5761706570853535,8.750084774305034,0.9262985348001984,1.1137912795600797,1.5019427777958334,2.881792491891879,2.4335641778110886,0.6406330486806873,3.0989253562951,8.766569677314115,2.427049585332306,1.683468675395965,3.394079405021596,7.119169213385443,1.12036885377968,0.24162777260771762,0.9278899859316085,2.1991637377748883,0.058439528662528856,3.5679013735107743,12.132944344860602,4.575742918988927,1.6052127520891277,0.451329404882995,10.839796087876168,0.9540224684449157,3.482743322861415,0.2504658805261927,0.7377143432493722,0.4459409051162335,0.5940412237002703,2.978962108339446,0.6774639537851064,3.04140696027373,6.9749379362042045,4.002167857969316,0.9976018958999088,1.9434378777623806,7.876203985427498,1.2026625846650425,6.243624082557631,0.42818149960031615,0.12317549951304041,0.9138331970132647,0.44059221860410225,2.4856109441449825,1.1295568964548806,0.6651133992957954,5.384639643074634,0.7780006157691812,2.205605751414249,1.4035649019520189,3.529793049212487,4.273403266229318,3.741566656337729,1.540016716820858,0.7517782175286254,3.2845178963608745,2.1698253970775756,2.5573275275549423,11.278958434603446,9.167172250624246,0.7699674613412288,3.0721671772193173,2.2337106804393048,2.253103438713204,0.8103888058106141,3.4211765593334085,3.6884065859810966,0.28091105424981166,1.226568953828706,0.7024353784532417,2.1378959406757208,0.48332907147518855,3.795439517869179,10.099175317870985,3.0435096352890905,2.5275358761888573,5.242955656046715,9.712366396190612,1.5620274812695447,0.07144577105776115,1.7819043280390838,0.8061670692479611,2.329228984830353,3.450793160042383,4.647477246617782,1.7797379571558187,2.7959631686345627,4.253818078969528,0.7638417105267846,1.6204956697158428,1.4479585459014683,5.899916259481778,5.428613812721707,1.2195144839383274,5.551466523034503,0.9663642381727029,0.7190627239074588,0.8647575673206209,1.3733817931505308,6.031929778128237,3.9811747759038107,3.360351562716232,2.3595177882953147,1.2304686632094688,2.192346002519136,2.5931606863153474,1.249069000207332,0.5729080693689145,0.8695075582458475,1.3425677143336863,1.1404432949190755,1.3452478666246188,0.28662043226757694,3.3774251486874562,4.092218597091202,0.643462013185872,1.5137579385688313,0.5643249534154362,2.7972632680184053,2.3772641122049945,2.323971983523348,0.24055346811537237,0.5761575829522891,0.8796460488614947,2.244987509479699,2.839329092000541,0.9093460994040339,1.5661086252456364,2.6570265168926324,0.3513740275838013,0.8727448942967772,1.6728355272401532,1.4208996363601587,0.42604317579986395,1.7705729454639152,2.807746119370085,0.33489473107674395,0.6962101821458877,2.7982275027757284,0.0780726578869444,0.5555073878129541,0.8669202301678138,0.6832282332911566,4.9559658147610195,0.6737007761321449,2.0072461386553866,4.416702016170874,4.0797034025527,0.8087127830055382,3.830869402387786,1.6945530114392682,2.9956430233670543,3.907718396129311,1.427599044686438,5.46599135600079,7.1807958627115624,0.9580742289904052,1.9313878561973261,3.135049288325706,0.6098339592917377,3.249939718180922,7.354692677614061,1.3482160566839942,0.16617609312150639,0.27530801150605855,0.45218436800650075,6.457785455202553,1.3728497916307307,0.5604184726620239,9.394144179397246,3.8225242340344363,4.140230641743753,5.12646616979256,0.9546314166012584,2.8603529233330827,4.083315823248046,4.164613372982764,2.8033641406268557,0.6101099671906528,1.6307423655300943,2.545280439026201,1.410965810352019,1.8328327208228206,1.1734722234604391,0.994101496765424,2.274345798701386,0.6464415257755398,4.732843300418084,1.7321682822686588,3.2467022348127252,4.4177924875558565,0.544785283746318,3.621156078743012,1.344333155963111,5.20226163797719,1.0855860099175343,6.324836752998842,1.184594262714176,1.5382406242552389,4.386661669311481,0.5711010533127177,2.8256374363657604,2.9016997824872464,6.5570758831463145,3.3775703339470127,1.9427596766556032,0.2781040333881961,2.185922003820761,2.8706675057939846,0.45054523884211284,1.480494310513274,5.255542654181825,0.1210771688614054,5.733942568044197,0.04648800699434885,0.45872177872346037,4.4598332379258885,5.647559604358834,2.811992357492223,5.230630423492445,4.140524212097427,2.0467330921378535,0.7828474692861329,2.261582042553459,0.4602966115811381,2.600721998399009,1.2620185350544944,2.239011603032696,2.8041606382539164,0.4465160823738775,1.167633550901043,0.15988466905317378,0.778157328436959,4.048445146463915,2.761854241713712,4.952798184557249,0.9329629232515758,4.651456428799701,4.404993132656455,1.8072841746237747,0.29803802192428097,1.6295854231349145,0.6807224412453785,2.852401072101201,0.5201031570586309,0.6968418144285895,0.6588206106952328,1.9870834580161323,14.08362521356165,2.349252824507043,1.5433707650302388,3.6722630738450253,2.7402504499767812,2.320327808040861,0.2161357978133377,4.3206517908600945,2.895387282982513,6.8427597145536865,3.9324793733266605,0.6580275237196623,1.106545810425125,1.7624064103669297,5.951722727663375,1.4981937024580856,0.6232803977123513,3.749266823746429,0.8793722358119056,1.1664911480812616,0.6340459726327533,1.356181978571104,0.5200004948976301,2.474803078875719,1.701574114383006,0.8813500902171686,0.9266417001497286,1.1745391599722614,0.6467362069090734,1.775147262482852,8.294408928230595,3.1758596912376267,1.0424173446232308,1.6911144054774425,7.882379037760284,2.029065429446874,3.537691253969106,5.684441804933002,1.6213533348350087,0.5763278147115466,8.245453113689042,2.2621354084851606,5.840529796217976,6.6281054403691755,0.5943482773894256,0.7092287631761893,0.6786425865281567,5.180340827819377,1.3701276163699254,1.9788618362568435,1.9832595619361497,0.31936239810219036,2.362301006083981,0.6434570871928348,0.8022315440226879,2.6871456080750544,2.1985957758294403,2.9048291237574797,1.461797898211908,4.268931526262586,1.1739860578438837,3.425197268141767,4.588956962608514,0.4610790504103768,1.256824198134169,3.7708406274876998,0.35322127248692925,4.150985481675816,1.4644280606453097,5.182796521242805,0.7180127938983754,2.9213164552563,8.927410262521393,0.584844775975113,7.340426940581004,0.7440099644620743,4.80634447398626,6.5725332904325695,3.7534402557248643,5.0749678221688415,7.549845498189611,2.808971259326998,1.9582386350758214,3.9616737353389935,0.7126811383044456,2.0173860823319463,0.8238443545624856,2.1105600642024793,3.3680588694174824,2.408810824454597,0.5465830015037927,1.755043529457244,1.1671329020646226,1.8244880224057067,1.0485313579115656,2.2633597770564235,1.1183008233050034,0.6501584309818116,1.2581667399107324,0.9540413266714558,0.6930855356531977,0.14391710025793802,0.663389992237854,1.564557560700396,3.017793855514187,0.702330349607805,1.100657285438764,1.1280659768924417,1.4492888801466621,0.46368610397302557,7.862464636550541,0.8359470366173836,2.8713774793350026,1.8628865606722858,0.7300700350279914,2.731662761467339,0.468155199917043,1.3353567930487187,1.0019854088550557,0.23259201001319174,5.695843426395825,2.6676764152309134,1.4043176029215025,15.517654686034884,6.898228119738074,1.559879380095889,3.4922769373035485,3.620972946860809,6.30196283536914,1.647103782170881,4.463770439928987,0.8164529781619697,0.6450692363593693,4.429705604751732,3.469231558491337,1.8042013397326027,4.304896975203826,3.7924043771782014,6.3912648666734695,2.4501204776080834,4.370772953701312,5.304156676582657,0.037044656582371216,0.9472954773306979,1.695285254390086,1.1769412189654949,0.6479315658299011,1.6994897470541528,0.4302993102952485,0.872045644731013,4.739224915609418,6.412510073290263,1.8835903206861737,1.5302697283167495,0.22631065250280247,0.844647100492731,5.851391640569425,1.7468911148462305,1.4896267838520734,1.8380110183739482,1.040059695295135,5.402760087494962,6.389641623532717,2.2202693439389223,2.781934066216939,6.374677930821272,2.730680140654404,1.7301413791942901,1.8947651044493856,3.911004633981208,1.7481992384219165,1.257468721205873,0.5938051201827133,0.6073540210566948,0.5255381653127302,0.9087154838915358,1.564744355424439,1.2464075472578542,0.39541104096081714,2.8388008143431964,1.1843252164589786,0.3013709453938579,1.956996896632832,1.946319415710855,2.8086066734267456,3.5074126126498504,2.77282318884156,1.863898097238844,5.547350571384671,0.5121676545228024,2.637961709300504,1.6690419382204085,5.316867755663507,0.8370020159783713,1.0521760581845845,2.756807082317956,3.4441590255818153,3.3457121232002427,3.1725758775623607,1.0989526361849944,1.8807643954913855,4.60152718512666,3.119085040775459,3.4070871419492343,3.3572505303757514,7.9465684778324395,0.6171303855718516,1.6793823523441096,2.7122556545865586,4.077402308791015,3.4276255645123217,2.102571747903117,2.0466133433676,0.6799754533095239,3.187873131101402,1.0057330940846025,1.6155718451316317,0.8952576931366154,1.0940803187454349,5.68629423047753,0.4606202265169015,2.701943665704194,2.663654746532259,0.5284223758964356,1.0757062512091085,2.6131473929121403,5.322723325829295,8.01661976424903,3.9380194420193746,0.6487395273163734,7.305945518912278,1.32619289626874,5.075898586031734,1.7780340545306659,8.231455178129968,3.2266690729771126,3.282511098387224,2.0862175566249106,3.5158916266450935,7.850855264722699,0.7163182464573035,3.7275165091581743,6.936056031852521,0.993206348973309,1.0961141956361704,2.1756274367609523,1.1980875815377272,1.8336369933838175,7.149464425575786,2.832697831030621,3.1361268608691866,1.1702042325219861,1.0228433097012057,2.3685777741253733,3.9710218825455583,2.2570646397507446,1.7157235217602516,1.1942970098723347,6.055390034800739,1.1455682356206114,0.3293177311550187,0.5539904888411594,1.0735163124518816,1.1228706423298345,2.6789246213773867,8.533064919380754,1.641478858126845,0.5780476899952385,1.1039531043626454,2.7972802436417488,3.5469536196401146,5.816495144465758,3.407367487949579,0.4050586016019049,1.5620382532993293,4.1954496363927,2.9606281979972886,0.9613470709901066,6.828929539638224,5.029500998709527,1.2475329321726054,5.468923433879469,3.240659392118155,6.445698465348165,3.980352069507501,4.421213465526998,5.831971811284643,3.0355660757229455,1.113229730345762,4.158884460820961,1.2160228952657945,2.711377624732287,4.7409667780637275,0.6476867021198874,3.866339882107921,1.4642885202745615,1.1934248531637763,9.476985678808955,4.969366254016725,1.04848791887829,4.970200906581135,1.019598729418418,0.49115313504718194,4.411390040257918,1.5944062548362365,4.662689151742846,1.8456233314232815,2.0133621592918316,1.7179695537850472,2.3656945241013845,0.37866841809565527,2.2738191542620494,0.9954882493792072,2.2612006980388935,2.171510333404566,1.8468285663678312,3.3111502466145146,4.365684689723543,3.739081611783024,1.17536263222535,9.467542568057848,0.9292556459040799,0.29132218829661216,1.5168916706238453,0.8311470481325308,1.7240371223360866,1.1072044863184942,0.6277545435959816,6.791754277221528,1.9775398225984624,1.1228711959272382,7.353161202277751,2.337102845315111,0.2304068035718414,5.768653479050048,2.5426986590101683,3.763173287037748,1.0270842036991443,1.7435315772443634,5.929390232172194,2.1507697636459477,2.4649671034028016,5.498954265705396,4.071019376927353,1.568994594233172,3.269824295441528,5.03461888459537,1.3227119956910476,2.339951451034814,3.791507765003697,1.4382962274297446,2.2618683876269055,2.238913206207087,1.5993302992925185,3.1689370085784034,0.9570699959817371,4.9699289771404525,2.2841081787767186,0.23205686465575331,5.541843296454615,3.03555570989823,5.6262953271623495,15.914098614153803,7.2351764453636855,3.601923155457637,5.4030508770388135,1.1599732583258056,1.105860819389833,3.4354020030980204,3.149207642790442,0.5686897032659387,3.4375207107522177,5.5208290596924074,2.1655456774638795,0.5608644572131897,3.917050951112752,1.2025107023029094,1.4474501606796317,2.5735052052136984,4.456129319038049,1.0385220603564225,0.5995895135220155,5.969222348608362,6.913573315729533,1.7689799031018247,1.6486959509733035,0.28777880547266166,3.8927482886242775,1.1481962503109726,0.625372873888265,2.6962534044331794,3.9857922882856327,2.014332708726763,5.498266079293764,1.4718937690121272,1.4488102192833499,2.065660517834863,0.8161881750304385,2.823551512298184,1.077117111616499,14.699120879821626,3.560049799850215,4.537071133777671,0.5159290861047083,1.7565127539169993,10.464355644206853,1.9436772441116765,0.7826566085567536,3.8262987971958364,2.8135814327337005,5.9071465028504315,1.947325549270115,3.735108978496079,9.184668961477358,3.3539261205862685,1.4985279039276473,2.0365691299183397,5.526011499413448,4.001175422365264,0.3668918922881905,1.3844416019766697,1.5785992881207511,5.854619016132052,0.6098362636237387,1.7446220836616866,1.3958405496313249,2.533977394272368,2.67214190135671,0.9225746054894779,2.1627055582386285,4.941185083722012,4.303521031257873,0.30353986261559407,3.0578128491966847,3.1832959532622174,2.1325776753153765,2.8724821302566013,0.948291645298893,2.05752937675095,2.7272500780476507,1.8241744078333915,2.221557992845131,0.15797518300484956,4.172081906142857,1.9890477035847227,1.1137099054563397,1.6670093417633685,7.334026235047679,1.20889445150406,0.9638188058602308,6.502242175659689,5.775237459361556,0.5034156742026665,2.881557053805034,3.60016643100605,0.19974630360135853,1.380497179475364,7.206434285656602,2.189111412004962,3.2916750690083565,2.8998381817876786,1.7566152587804862,1.305494776004735,1.913275460175106,10.705412374474653,0.24484633455453578,1.7056994485984576,8.404314992485864,1.7648515898536028,2.9018493917841006,0.506886305414709,0.6600588426958611,0.8601537575610088,0.8380502138606581,2.6607992406129686,2.5754516264962426,1.6585879117241773,1.4243026197752537,1.9078045886632506,2.069792829168816,0.8691684405282575,5.734227143496589,7.41334439168076,1.4299744747390555,1.2923538467512452,0.5126526088438046,4.226566956987515,7.495358135819441,2.2273987166504283,7.0169474357105885,1.7963489813467217,1.5733347117218583,1.2856287752975741,2.947747094938088,0.6605761795727323,1.772686512722236,2.373861556663388,2.127784862381348,2.3823810544150974,2.5212738407869155,3.94191169478519,1.193634297547871,15.423501290311627,1.9357889486944688,4.361684675894238,1.214781597867315,3.0443644231563907,8.212946851145905,3.593437559305617,6.951079839260985,0.25517722686748323,8.165263890055718,6.129746306979663,1.2082409907337546,8.91220096198883,2.392273357781024,1.1705781200938945,5.3586049147932115,1.1881336863289083,8.359901282219283,5.589643768080891,2.8899500484348795,1.651872207316351,3.658239581835975,2.0424616401491127,2.1010204958600736,1.2193636013608449,3.297403576528242,3.02123513964097,1.3486898754935108,3.2641038338590875,0.8265952934041184,1.3494247266826263,1.8673285821476988,13.565913249267767,3.427072398077809,0.9095271795279536,1.3571217959875272,3.0701641082704785,1.1316390789279875,2.0644456270187628,0.48932170021592114,1.6614434892273842,1.8655032592172156,0.7225472113233656,3.3839900795229214,0.5392636866925707,5.278455091026191,2.0641793883008703,5.105069502242684,0.5783878256824296,10.48052003270916,9.521363192489178,2.737426842265765,3.382686834311266,7.579582929208047,0.39878332516733095,6.189075979447658,10.134344493565886,1.3714449554531756,1.1380768352259887,1.3439489228705963,0.4737851961006725,6.013510132883205,1.9563932265887856,2.601815369899329,1.3769931602323369,1.5477389076515595,9.066660483865043,3.1443136143452883,2.910684986513917,2.840570434575567,3.3346208404343933,0.18729703775172268,0.6144281369113785,3.711633071878324,0.28745024349010656,1.5266100910927802,3.5211572582700095,2.3084215555107477,0.7575060244296445,0.06123832674622498,2.7911784579852457,4.120227543578006,1.776218626224136,3.10761699320517,4.4759192126992895,11.987382695101417,3.03321919860319,2.6794977216135907,3.7066232938526746,1.2901178875515642,0.44495292096907235,3.4684135247541334,1.1683214681747915,3.8410279465137025,3.4173363589922126,0.6694417808527724,3.5096261099261308,2.3088002545026756,6.100941316460923,2.178780603806702,0.142497949228361,4.876888292040456,2.2026320217407083,1.1195237852179485,0.6611271832104987,4.7104797601618875,1.405932480934886,1.3846393586497228,0.33301244585361217,0.5831007054514128,0.6224192150753466,0.6519018452855458,2.451478531724283,1.0458622715938415,1.238750132448402,10.511703375025323,1.042004193308223,0.5502920319163274,1.22107569488043,2.4021382167149588,4.467767136956733,7.957719527020456,0.43874867391228933,1.9255899218953498,0.9752801228980913,1.6923867411213303,1.3792165319156617,2.734419457691504,1.2643681996622225,2.688022095109281,6.231989236349573,0.4619138369223874,5.050219354703069,1.7249880538316829,0.25290499999870963,1.3959688281403853,1.8318802922897257,0.2761219832880005,1.139158258086249,5.646589216688112,2.0394823566017064,2.101471028943843,3.906400201336429,2.051177051955696,0.49773976045811885,0.5359891355548512,0.840506961338671,0.3613534275144496,4.0597942375299985,0.7177553331325028,4.358297071121009,10.026203764303018,0.016705000588286778,1.9289794741660375,7.940164137874058,0.9373653039922569,1.7575110905479225,6.695700039593135,1.1796373361655244,0.5398157606329159,3.542391575449681,2.9462601197026435,3.15486380791413,0.6447059073508163,5.366047648851489,5.421712959416587,4.878877718667239,16.881644852832785,1.884454383744269,4.419003097697805,0.887896610353597,0.42966214879568754,2.222366492980207,0.6158809756761445,2.3127051749185514,4.106137838688249,3.7855638620386056,0.5063570445267906,7.413759756438042,1.2005226689382649,1.8189433699019866,1.5771050025076299,3.6631372577113934,4.3553290056656335,5.065688410127873,2.6038723766893406,2.3194741762410978,1.704923721679877,0.35519004628469253,5.253450716556117,1.6152261247749349,0.08860810973221722,7.060872137935329,2.191232413298877,2.269757170963743,8.1797265477159,3.4213824496671705,8.736225657430163,3.372378326954029,0.05744732599191177,1.135293783428903,10.539552222345675,2.4138342898608065,2.622931365614014,3.673561708773958,0.7515473068147085,3.7812513152497917,2.9654956758222304,3.077658220980167,0.6775040932463716,2.6480831847715827,2.7784428219656943,2.7594229925488216,1.6281886491471944,0.6730456055992842,3.8542395609811133,4.0704908471665,3.6418388235360064,5.4892538655123655,6.899758456561994,0.9630786793364391,13.612673386547925,1.8946951228526505,6.067625142336354,0.5051403287989477,1.1461514289015808,0.7023784189105443,4.670809011237385,0.4760270250888792,0.32440216702276525,1.600787963145989,0.7809017006955992,1.8405402046186838,2.4255828141847644,7.252142276679723,6.085155653657852,0.7522949533084425,3.464522912603052,0.4696165410419806,1.1138323176084508,4.870282445429035,2.663673752220218,0.922006705341414,1.1489273652583152,1.2132385261447487,4.264146239266038,0.8627286583494268,2.242979786145533,1.213927711704413,0.06455051167755865,1.3955226107270833,1.5531739631307457,4.2693174933753895,2.6989250798238786,2.3216928703190467,6.455097328319893,3.8511853730320986,1.2962996347305524,1.3776507462349659,2.1778273429454846,0.6591140811532049,0.8111111839543566,0.11394152667773352,3.1756902756590195,3.5861071698328093,13.203850014147381,1.9576138061272066,1.1719909260325294,6.412884711318275,3.999657301880959,1.044732999963729,3.424002029117105,0.3866160253713906,1.3871991257450245,2.3133771130312035,1.0175772938424394,0.3256148832378841,2.786060752565983,1.6840844340461478,1.7250322501842137,4.330154028140016,2.515339972006996,1.4440355943368586,4.108640092574919,0.583566422578921,3.8028313490417887,1.352242276010236,11.231167415550507,1.4069366257813092,3.0304865739996303,9.355115079061445,5.607484043795365,3.7112723652299833,4.583714003166181,1.989102290128333,5.062262077358146,4.800260167191619,7.817023758366034,0.49347107104083265,3.6426749917780414,5.39968951417314,2.411840536769395,2.28204895718538,1.5949993758115817,0.7701027681745505,1.5331109120953306,2.6384407469217797,3.9195630044109824,4.867109617492362,1.0484974207858526,5.738452749064073,0.6901113130196252,2.72775299384625,9.642787521668001,9.526473269843404,0.6043143114448445,2.6243551240085687,0.7634307240946295,4.00338569268366,2.2188927653108705,3.0933631477712837,2.6457018005424056,2.347882798379213,2.612134559856023,3.2322662125520023,5.012999023683351,3.5139668930211423,3.222990822956934,0.41274108065325743,2.9941468974151895,4.998417383580432,5.48881391684374,1.185212976509254,5.267073396602897,4.1101413021938455,2.548251766019658,1.3158346576939786,3.7475591330242004,0.6428559100176814,1.0349268263422087,3.351801347107635,4.139905395645908,0.924535488206147,1.555489259792341,4.129028590836896,4.193904903288859,1.3581133042889961,0.6212439383206596,2.1907201220573356,0.37633980694202185,1.145193482100097,2.253398491045365,0.610336996624939,7.373837999859145,8.214113285124345,6.098224095566368,7.6089545288135385,1.3426672598251266,7.0341296172676655,0.6284850534912729,2.771474522720067,0.2714906145977181,0.34053071644601873,2.5815800111271123,4.17831664702679,1.312713154332012,0.6156581278063556,4.034674489932203,23.521160216763956,1.2676719300616872,0.9472577202945811,3.2280290593548826,1.5751493633987392,1.4105168239782888,1.1315628667697575,2.035819329858511,0.5993103550392629,5.5117185707537795,5.801362516405384,2.1441333531046576,2.670043313457578,4.079083830903589,0.25786455887709914,1.8230598057510088,4.720415141773663,3.6053597186633346,1.91844271857459,0.2069904681637325,1.5984922621167228,2.2189564543117166,2.007049846825598,3.892099607471504,0.6536583687814351,1.769649749830065,3.1331159450574564,0.5983358732760404,10.076627026739253,0.7219440195649998,2.1763020229419796,0.4252265735407237,3.9813025812882827,5.432088726799936,3.0783447817930996,0.21566114244271362,1.6990591649812412,2.4319468996505447,0.055145033279753175,4.590242761723401,0.19170966441635073,7.23692455474545,3.920567291791743,1.151923190010891,1.0888910302029067,0.41142889330605137,1.631842575076007,2.802278325695262,0.11828871460678159,3.3993417307446734,1.6781872436277498,3.687757030213792,1.5655736448305264,5.398878713848486,0.8830839472376414,1.676035690543308,6.643659969063432,1.5781572775835095,1.1861939577494744,7.908864756429866,4.054917775260306,0.6269424998562938,0.6826667806069397,6.038096612383968,1.167973172516227,6.242078247315467,1.607207538837343,7.27763473858417,2.625395757369345,0.7143768156206726,4.519486140583375,3.6356075768346545,2.8508887799583573,0.7634816911375639,3.877254370784223,1.2755738036389754,1.74634732324987,3.726796944579507,1.317080632347822,4.602917024386578,2.658278662722154,0.2055325681248057,3.820997852993261,2.734192197040456,2.860201478666412,2.112332337768559,6.289591445670966,3.0007489146247135,1.6952038428218865,0.908513483285151,1.569079108226057,1.3371547855922021,3.4253655806159027,2.4685554509141046,2.898920626370919,1.9373218417888007,2.961901037081275,7.705135205437058,0.695554645738692,4.973619071445819,1.2978245572283293,5.952406958088572,1.3572116406086767,1.044957237610288,3.938245614801513,2.2971800641998,1.2568784245513722,2.9519980018072784,1.558858795161336,4.284649574323138,2.7073135090026943,3.848592038865842,3.9764436044362994,2.5344236822987454,3.563617159582386,0.3307466412905713,10.897606390964457,1.582300250115396,5.232310297083603,1.2831366442180339,4.904974240547292,1.0227325142921277,4.779575008295965,4.702160076206639,2.180360669376042,1.3701107557354724,1.854667689450443,0.2964952275262982,10.842729450564516,1.432966813537847,4.4879461016703885,1.8331347350812552,2.514214112156823,1.7005971130493673,4.880390221968826,9.212274992205005,1.1056386467406847,3.9121781274618166,2.1536558470351634,0.6464210092542516,1.2500629580381357,2.568166577731169,0.8508884503019465,3.0327552574855763,2.907272459679571,0.6115358341587083,3.0552956811446954,0.9848309619585182,2.5151660617041345,4.566975445322778,5.870614817547053,2.557019392236888,1.1718402199653801,1.2846815807730918,5.674696847350162,1.9347589552785844,0.634261312874176,1.4675857822154659,5.988768722030513,3.996159303223699,0.15254050578336636,6.2122594931794275,6.336754888574118,0.29506167632623237,5.253622366096993,6.205527153827464,2.0367862769335248,1.6918231556089618,2.2555826204855793,1.4677682262160112,0.6546525116414104,1.3315526979516252,1.118222063532087,2.5823853614390804,1.8058505253582335,2.019964663215158,5.650986305948461,2.740729756589485,1.8422203530495578,0.5290350794256643,1.4352689016195765,0.48430857980397884,1.0839182993766245,3.217427785893983,3.3048954786076354,3.0631737347952224,5.0153898429889505,1.0748212861404993,2.6773189256503884,1.0689651060497853,10.639429972038688,1.0247051445039053,1.755339903984521,2.850148361779464,3.0077152489218353,1.7721249954027092,3.4878220020413724,5.774226718969632,1.8377176849534704,3.9491183979792996,0.8445449424196231,1.1685732922008096,0.5292915228439566,1.351145593481305,2.487675691673007,2.275963638050551,0.9035324878384685,1.4823689238982007,0.7901152481281044,1.739327822032053,2.3766101532508395,3.972660987781341,0.8160470089589766,1.966420033062203,2.359537978891315,2.926354845188847,0.05400496291118562,1.952895466789676,1.0704394936403694,5.179972611893844,0.9393386613187062,1.344507755193955,1.977364590719188,2.397630938767612,2.539745096573481,2.128421112118998,0.30682170793401975,1.545076283038609,10.217579194063278,2.9686316006381555,3.6335540186295967,8.81554041165726,1.8405002155497765,3.791396592870041,1.1274719715613544,0.7225009097873529,1.3271536822245424,2.328092975845143,4.6321065669999415,0.7904191422057849,4.794394390398027,1.7627515860920404,1.2035056151011272,1.7093402664309305,2.6422550283586705,0.8638639655948759,8.6471195435061,0.5786078596813016,1.4042684088357142,2.5449760126674117,1.7889769058022693,0.42127336690705164,2.5388306879756355,1.65666327692722,1.1249284786469678,0.8811854744579266,1.0747833946860248,3.2718067939605784,0.3294956874183097,1.8723078408019203,4.247112436976366,1.3822570663031422,5.693729955060954,2.485120523167789,2.857807389706377,2.779471168128587,3.254097122814773,2.054524197056881,1.5402600886784006,1.1048479605521027,0.6422967428150942,9.29875130934041,2.063334026500411,2.442146119651548,2.1732859864885916,2.910424834811013,1.6932968219785274,0.6926350990088781,0.8485541844016615,1.1283369574645836,0.6547109196684711,3.0792226136175045,10.05602916995523,2.2641053366570656,6.538694145851366,0.6520934292152725,2.5591220391387566,3.2610618577020642,0.9569745630080477,1.5495941392616803,1.1246214259012572,2.1097124395616893,1.8663516713473123,0.8828231717323676,1.5683637655064686,4.804472164134203,3.708065573120718,5.989426525054348,3.163304890552059,5.1580882012434905,3.7527566550789158,5.217941591277455,5.399663856388882,2.585841401353594,0.8211080270343181,2.5344178367654466,0.7001977662232596,1.6271183559368727,4.618327091282419,12.10494492292568,1.5154996625998547,1.2447264402814882,2.0745268582898397,1.04258222867474,2.081236581285281,2.2394113727280756,1.1861103401211477,0.9471835887255187,1.6395602423011681,2.906160533735398,0.5805299364455355,3.569508052478196,0.6867015488895519,3.1563938336748096,0.4286925554458515,3.446100024174716,3.7752040661791133,0.950325986405216,1.3919879031153775,4.787425673900997,5.317982870102953,1.8812191294265477,4.5726209600392265,5.929124731755205,1.3934000239772268,0.7696497622564983,0.7078984174632736,0.7666641716460803,1.5611815792092578,0.8276581058177256,1.8156214748033135,4.572937247350023,6.275326130186082,0.3311122290815339,0.9320562552111158,10.489807866573553,6.120382100923004,9.456616810104478,2.730265283280172,6.277704600013146,3.7102436251259725,2.467486169195006,2.065108177695815,6.615910180091829,1.623340876443122,2.1219645475866935,1.7370324231472607,2.8925789891086615,7.850702373731864,3.1054843354129895,0.5657743288407964,0.8572522611397728,2.941560253421346,1.2412174498293,2.1493451070767824,4.218729763833772,10.37148852660574,0.911552463319019,0.6204000227428951,2.5370530554531925,3.2552963668726367,2.4414778397934467,3.688477435631853,1.979521626133498,2.5359597554825735,3.4971315699382792,2.176045294569062,4.074402842702989,0.0890433422733895,5.02172358865512,5.226907265960026,9.066776627375457,2.3891086996860076,0.719362686255204,3.778379722515958,2.6789708198363282,10.784241012881266,3.379745024354566,1.0973117649821946,0.9667710034667909,1.174554558907664,0.6332002823083595,1.6053581830466384,0.5605913670664524,2.950730870053709,3.058326244731628,4.415594206536285,8.576094282572482,0.659540200306116,1.5203047355000932,1.7313317256004668,9.204149416456039,4.041118806670807,1.3476032377770262,2.2392845738203113,0.6660908195465434,1.199595306918942,1.4060330164008468,0.5421750107091209,1.1850953453857644,0.799738467234934,3.967717639183909,1.796060738039038,0.7411231843949304,0.693029818063272,3.1960276261322544,1.055002475979686,3.2644726441374377,2.1164832399466893,4.312846833219816,1.6825277788540052,3.869908155302577,1.3695282339581645,6.645796634864833,1.2597914665389798,0.4185023973903633,2.513423846518097,5.60881188703297,0.47490481245751215,0.5752105009584674,4.523389371842615,2.619208494086221,1.8442758473129996,1.2481367006238129,1.7653351485127315,1.6205951357189803,1.1092847088431304,1.8095573934199831,0.9557082050082413,6.6449498707306605,1.6318764576275366,6.755948169406538,4.79826120819051,1.3119426506570617,0.16490334640071858,1.060040190737292,1.495614777655832,4.087966382097723,7.999734724113277,6.059919398933523,0.715698562771696,2.0682060266855253,0.8550543326964306,0.6920219373364715,0.5514737788301255,0.38048720428991717,3.966151657587364,1.2525024072908586,3.9372920837464407,4.14944609211659,1.8278167906141662,2.0519676073543285,2.86052537680487,3.8676290402799776,0.11085142003143378,0.2160173541842938,0.34685565184230627,1.7948438308614805,8.44265300478089,5.096142871167868,3.9530059929789587,3.2859579501167473,1.1162356854720428,6.646844354323353,1.4613625952493037,0.8906707547997886,1.1032042732930645,5.782233949990659,3.5675656667822335,0.7506110991211661,1.079338752156066,6.7559133084598795,2.2446961780668975,0.5329581651055668,0.3912425610876772,6.3913405871242635,2.11160904036267,0.8135173309156015,0.2521060368465764,2.486669116111493,2.1490032947342423,0.627797087804677,13.89977742641611,4.439733372043847,2.8217100346765553,4.812973544299745,5.940594965710307,2.1274644919282153,0.4762430066434438,1.8420873800669284,0.37942000705633405,1.2194092434509038,2.613197147725376,1.76887310832289,3.1315727486286735,2.1484233480220936,0.7847574864119637,1.6597246090598725,0.629157677130046,1.0997984641803038,2.0545181692143273,1.2490476866955018,0.6929497309588273,2.505014468861538,5.418288366885144,0.7136001809857957,4.589023340098338,6.673953768701929,1.3370786364795988,3.0270770682097035,0.3340653801257656,5.9428955281641045,6.2672185974858134,3.0611568845308197,5.121909103966466,1.2697257093748147,7.7694468800290455,1.3902611452177456,6.371432441777202,1.5119525108510707,2.074217098063456,1.7576192796392829,1.6262387330914045,1.2415560508461354,3.5546374238354588,0.5066125852381647,6.1490731706531125,0.2389133869127768,2.4970361359027007,1.1974635937627451,4.170070144114338,1.1435048362063034,11.673544709567166,7.783868482859398,3.5369630118250845,1.5568456547978564,1.9960403728117897,0.7813425718780496,1.2485594859795661,1.809607834539074,4.916223345711109,4.53516613296381,0.2122403447000546,3.753465733110481,0.7992093924546052,3.6879962339640255,4.724321454015102,1.028384893838126,13.736983738448037,2.616522981623099,1.6831049521845451,0.9998172385625617,3.758620224877932,0.11004444456456608,0.8772728434489638,10.028132647245675,1.7149315640580376,1.4405300131107348,0.9719902122997806,0.9409834403466901,0.23595681026003223,1.014157838164551,1.5592054738295849,2.2611899436292746,0.2825522074652873,0.31834918340628926,2.4799083545424403,2.9274087772140156,1.1192407427117521,1.2498593618139888,1.7431001225053624,2.440141005563052,3.369090697817726,4.53238109309563,0.43008908992101624,1.0787560173522395,0.605155140151189,2.823529356916336,1.1201321295193236,1.317199434324671,1.3253039534968285,1.9068158227397798,0.6947995720906512,5.504905920224995,2.8546152907815476,2.188624865232202,3.203440270466066,0.8473032480175664,1.3095439245280827,0.6582305032999334,5.611861765568318,1.274058525207475,1.0884154564093727,0.4699910207429647,1.85283648872624,4.0493130686197905,2.264747914249486,1.6823470696090834,1.0772392939939124,0.9668073026092958,1.0732608229571365,2.3424612448649516,8.105109973218656,4.250870414027952,7.29682070365503,3.420970072665603,1.1193801589101298,0.4399585614406812,10.094888255021733,4.400633443452265,4.750070801358551,0.9674759751631855,2.8460714184809603,2.465572328143434,1.5419861144783253,1.2721162517313607,15.812233823800891,1.055043680621302,1.7096220853481552,1.924691732990836,2.1705699640831035,1.1342331893393278,0.599626676550014,0.9386894485816937,2.8233795078964,4.103330401213714,1.7101412502497109,1.5274407527955345,1.1088254243980926,4.2020413715227285,1.2745148961415018,1.977060776030063,5.145985598894994,6.580811133361312,3.606744378978107,9.517130019863918,1.8850228117171848,1.0936907098238815,1.5562084389395283,4.756893717674566,1.2976620323759922,0.24713580293195392,0.9644127756797337,1.4172339528793547,1.2120448963929673,0.753943715261948,10.590360748901242,5.757316995300529,0.08110684639292254,1.347751212044596,6.7411097818031696,4.218279849447041,1.8922870371097176,9.466588775474413,6.114227708019531,1.2015763613778314,9.349593055449029,0.20264461818700574,3.002404303959218,1.7509607715098752,2.4644042260252834,2.7283511643653684,1.2220344713476616,3.9133699262165536,0.8459734712640665,0.7798451022670374,1.2124415975684155,1.767576506246724,2.3800380788509656,2.159333657513828,0.9869659008226406,5.888828949578315,0.2504572327590782,0.5072120802447392,8.283578464767423,2.957871376094074,8.403115657183399,3.9006091409368087,7.1687088803380465,8.318015283170576,0.7064140752786561,2.072058282772957,1.1331772379337433,2.710079073493183,4.82254884533101,2.5915459513746666,1.4906458421431872,3.1187455829325907,9.7786012199741,1.1872803221936126,2.1074897523454488,0.8104410238895365,0.651238389719276,1.7656981503899811,0.42019682762194754,0.062417517782966114,4.325803005381924,1.368121292849068,1.1571249919712288,1.3272786994901773,1.4555414768224335,0.8848524987307134,3.815574298084173,1.3267516152703411,1.3520858203741954,2.0852211970173355,0.19137091991594635,11.942451649744399,0.1052973033864888,2.9078639256061996,1.3066424937901315,6.581919843468508,1.8254305143566711,0.34797194285719435,2.305309290914105,0.6292710941925925,1.836342535010734,4.86421892152484,1.5006548061081393,3.323339621257703,0.35280630014215525,1.0784461339836124,2.2713305303188385,2.199684089521262,10.269910736510383,1.3969548569869306,0.8404693557938883,5.170901441146355,3.1912887737173,3.67607711349613,0.7691420785400681,3.1617351768681528,7.268846476319364,2.222856899257702,5.367300440833555,0.5703718162530866,0.8105099029116061,4.360756135070142,1.992974951921878,2.5866289305260146,2.03903781541215,0.8763183510334231,11.445936871616054,1.2333114733229644,0.48254256076530844,1.9477631560268587,3.056393438285305,6.945003214160647,2.771429875359321,1.1509341890615281,3.5774801465550645,1.5736965438065953,0.9049035058201087,0.36059606196968186,4.70862538049415,2.8858918262487663,1.5436030164459367,0.8053377375760797,1.172125346566462,1.2058433599337275,2.4536393738093842,0.5920610838828666,0.17900179244682723,8.783515978285493,5.591313258742356,2.145070178377652,6.592962385083641,2.3662282504336845,0.5484479617814685,0.6451760578854825,0.3829142482498138,0.6033283975351931,4.468037149923542,0.9342838918333982,3.13076794693938,1.2991601589538566,1.051939861298682,2.0147859804213066,2.109731166467512,2.349707378835229,2.660427582054843,1.5370811599307779,1.70001940808024,1.593024211843012,3.4176034846960457,1.313485166006262,1.4829496282345158,4.64952820285464,1.0432823007911687,0.7893509563541601,4.062851439788589,1.4166120947801484,1.4310102861371876,1.4801655893670722,6.149461784391982,3.4889686344780992,5.450500028852637,4.86655047002896,1.3782731734510019,4.051966488832684,0.9156552961794991,0.3462587044501588,2.6526123876175736,1.0011621481287456,1.0705105512623758,0.035631742680988954,1.595746944248568,1.5833845027484221,2.9651733673779104,1.4472541269898764,1.3110637152864573,1.053189012439709,1.0715149448706331,2.2425787056383144,1.0672179706083418,3.2846860837265086,4.373401834180941,3.1943023326000057,2.1953595515091475,2.1370769924562416,0.7221682544295761,2.1908802406830477,0.8065918035765072,1.3224974603469415,1.4813459091864374,0.7241467756088564,0.9807269484983776,2.739643618212611,1.379117931460807,4.584224177952826,1.6664254359565995,1.737720075386262,2.1515836005564557,6.572107883495269,3.4086183228803755,1.3318719440415432,1.3972830564271335,1.5337648945467781,3.48271549339737,4.052467183804939,5.759536616654901,0.28085367773752284,3.2596578239326366,0.8268814967978018,1.6422172789657383,0.7250568700786808,1.1892578512412428,0.917502734437897,2.7347088766663625,0.03521315568007159,1.6534850886621872,0.18667539671629818,11.693037162414845,1.3716665552330138,0.5497329138774039,3.6201342427015404,1.4199578794779437,0.5023049996483189,8.067594535099905,5.065660809351011,0.9833987450756512,1.8650244145058512,0.7054909446137156,0.4894653744330433,2.8907447279056426,1.3133664743087452,0.6640137986976808,2.874596790026521,2.238681910898102,1.4141974399006352,1.4953258870887225,1.7453967238050536,5.31792978182944,5.032317163297958,3.062809556117354,3.743276460700806,6.385226206558482,3.1090657492314864,1.5110816082622218,3.18748007981085,3.6076300739954794,0.14879646786538092,1.079371049337877,2.768493922814864,6.3364123712048315,0.34994967609533434,5.64897077714555,4.280153631532607,3.252679818031429,9.145986012942913,1.0144037445203276,2.734950675834532,2.618322003750924,4.696928173782184,3.5334570165986428,0.32348626597081087,0.6053928006852042,0.7678024914882744,3.2094797857582993,9.88609123953329,2.701903759891694,1.0346764711880099,2.733922196880057,4.857843724620131,5.2530601956379845,4.473775254301329,2.8721287815122523,4.582324984058174,0.5230208338476269,1.88347819433779,6.212580226664005,7.029091912414552,5.9239000788042295,1.711036601592522,4.880036560081596,1.1688650191600076,2.522510372215548,1.203094963025202,2.5610523455792698,1.5326046135493518,2.097892602689496,7.337595588780617,2.33878460220029,0.06029010226849085,1.9179502875689933,1.086431599559625,1.1524394762253372,6.127260523633021,1.9105466563468538,6.163849464709655,1.2512733155448699,0.282636741063882,0.2571230817105499,2.5463209224044707,2.9148075017279367,1.392051311180579,0.6004576802586512,4.211497770156555,0.2216438517489071,1.7135665579543347,1.0511308622679578,3.9692133191070953,0.46577066786599564,5.329351277768359,2.4949957530976614,0.743452686968252,1.8183241407881074,0.908093490308845,1.1519367774384652,1.3255250261914502,4.888719490038777,6.97166727376627,0.2238959823575798,0.28298355903011657,14.344803424672468,0.7217588303262769,2.1437973293057886,1.9821162705913529,3.8343438910705245,1.4569843156682678,2.0744083436578,0.6439703740671268,1.2596407926670194,4.2519046249517745,6.592365306927655,1.068230523534298,1.9797503825383131,0.11237480369329877,4.284917330442472,1.6676941918625816,0.9053627287016099,5.685004219538264,4.079248339216613,0.5671384525933172,2.946532978199681,3.112773949735316,1.1371601294971225,2.021265236255805,1.7788295798065237,2.4040783313608376,3.4040321357900414,4.779560476279853,1.8275461527730938,0.4465923379844333,1.9069943139241923,2.0241712345246916,3.9066219292211577,1.4913450034189955,0.8422468189153121,0.861143512320319,3.6193217745722626,0.003579461351570404,1.4305216305225812,0.8195605518146181,1.9230668996010805,1.9485844760474773,3.899331338245698,5.340457531462947,2.7003601084513456,1.584116796073433,14.992762647043154,9.847487288844178,1.2262212490771194,1.3417476509520494,0.37727236064113967,2.5929618411841173,0.7683964448542491,1.0629858928582034,6.405843456218066,3.113175829538914,2.195320772486057,0.7558638960382186,0.44579678662687483,4.107937970073404,0.9489998395205667,1.7068228191299226,1.6282411736623013,2.625357556032957,2.053303194875433,3.889406042923653,1.5950462791104854,7.690352845674254,5.642783707150727,2.8867982743770866,1.9596171063926044,3.9464603291704883,1.5036154124895984,0.620835614538521,0.9241704565168696,0.7998157201592055,12.597406707964362,2.5618226192734554,4.52881228957558,2.297503851586271,1.3812214967400078,5.923234597702137,1.3318867542931931,5.089361553205377,1.4917671247144462,2.0635919338393585,1.3053019545371376,5.992926615541151,9.202798876758697,3.109452295557352,2.473036375454627,2.0688658885999898,2.5703205591299665,0.8744761840218964,0.8836971347520988,0.678445685951129,0.9742054326796067,0.3073408058071241,0.8222943537540238,4.149403253363209,1.9647319814051079,5.022140663470435,2.9235162822838148,3.4183795530942622,2.5712199566509124,2.9694718668706064,1.569844750099108,2.9944656763818402,4.861860676103246,4.2261923758656,0.6569270411728517,1.6631874379267608,4.178112967278443,2.693533111939306,8.231382105723805,1.920000901664602,3.9614599719159784,2.401205518066536,10.4392547915812,2.991685342398882,1.6574565318440877,4.8906058717838,1.7142192791651754,2.203416608275838,1.8438495386064686,2.0439939694731506,4.7551952852196315,4.990962111571491,0.7308690990235256,6.331565582916915,1.4871560593551538,4.833498706984817,7.908420050294197,0.48235008211198704,6.960916178280739,2.0432832765856914,1.0350524646703256,1.4729673483500378,1.6379976093981667,2.628947551810254,4.743665968813601,2.575041123624745,5.813783649033001,3.6166964307251046,1.1065745250326813,2.494267291716151,5.920486704199323,0.9919285849434157,0.2181582593105552,4.813706486952996,1.337509819718225,1.8985356237335937,1.2884860240478224,1.8355212292158307,1.2316529670461462,1.6111722825960877,1.1995484389915798,5.139787729620737,4.523391044058547,2.3652474002854733,1.2066668483017446,1.3152134787115937,1.1042611996256335,2.2238412261679352,5.907556915674756,9.319957217705339,3.2963158234401884,6.404228636083063,3.8689424741760656,3.765069204519293,1.5953081603989914,2.422851625716798,2.337517628352559,2.376442015164514,2.888891125981073,0.07999897716650628,4.186675192082026,12.09890767288657,0.5420860576270861,1.1679634802266154,0.4577181333712774,0.18928436113632285,0.2988643661967759,2.1687168936975523,1.1567370402542845,1.4091659734063433,0.6835779368358748,0.01753834225416362,1.7624053779278164,2.618515045484755,6.344002168351869,2.726616042986633,4.2184128426690055,1.1282914247237354,5.255809081381315,2.7247525773054253,5.599109958750668,1.7659270428233542,1.9243328223022926,1.6787592899618817,0.07951442982688417,0.8222289845486181,3.9774120669495967,3.836413941391063,1.019640892474766,1.4793845462997246,0.48849760322339664,2.7786827381025647,0.7309948041949981,2.7564309187099836,5.705378836930147,2.8456281035271966,0.921607029179309,1.234329061251248,1.7600186460240481,7.696054127129545,1.897120449462585,1.1414108614721004,1.0022345313906404,3.369856130935685,3.728877560884688,0.7271742154272504,5.729620292751652,2.6349348573453524,1.284349961323359,4.121618518471259,0.39913609269780803,1.1138985011579305,3.4453450645642647,4.461562079797133,0.3851891189895713,1.8338199610446368,10.777947302601508,7.564433933650031,6.136007100897325,2.9564522252287277,3.874176013271047,7.855386477943711,1.3803934922555876,2.2379144954868098,1.0978158272946055,1.1655818172061585,4.514097487310887,5.619317551521747,7.226857685094533,0.7590861746325271,5.749452442262317,0.9152342686613193,3.3101266593789207,2.618738135006807,1.4852983745204797
"((2, 1), (3, 0))",2.1192423385285304,5.776314073653365,0.6230055499288021,1.8631554328998607,3.3879799536000714,0.273865938924291,0.2340024507691012,0.27150174922813264,0.22045164927179783,1.3216673498789782,0.2768961618565551,0.9515826253580855,4.875321793331475,0.9059644992800959,0.4855991803792459,1.6639311207224499,0.13599004033868556,0.1693841590986489,0.045721206341856835,6.763915065456943,2.2425146212115377,0.2198286004689668,0.5615670151465648,1.3855759001490733,0.1487290586540515,0.12612368744435098,2.050498220123817,0.7643126805646925,0.7048424684482939,7.967691140380499,0.03966640351366557,0.28300278932875633,0.021550297944072594,0.2312012856067066,0.5461167120511363,0.34050668587412614,0.20664349707381302,0.2354814739321025,0.004358499237552049,2.9103680910117027,0.21529346422862172,2.611025754923035,2.1013879452212048,1.163164797955285,0.05971809188376387,0.33487002035089475,0.12776513459985073,0.3348634473723038,1.4372690837125521,0.19730911292072362,0.5552553660147317,0.20468529424091342,8.091788297896755,0.26718993935496527,0.5959807479680581,0.054881987453979875,0.053533209680079796,0.1460325269105529,0.7424131041073254,0.1062407448489131,0.06805928395977245,0.11299434748903892,0.5162920288371384,1.4527980850713504,0.345924089109116,0.2296336347429342,0.23742187842261497,1.007327467893997,3.669088041118038,0.29771009105704493,0.17614183604307865,0.20295054889362474,2.534242981284323,0.05484540893115031,0.8112849831983793,1.4884677236792445,5.072256139552029,0.033563687912238294,2.0878226649078075,0.3808034633774797,2.4261528595241897,0.9196043709525838,3.3237033597498065,1.1042049527039097,0.30938772109096946,1.769246853251647,4.263556568969486,1.5502217494979444,0.673840552376384,0.687824282081114,0.7817783127409847,7.56525497884717,1.0472167402797465,0.22144855021904997,0.30981838301057185,0.6664502573809049,0.4700824413990641,0.01935177641708874,0.019886037528731526,5.353712115260198,0.6945120065443269,0.14017738275374958,5.173718037786176,0.07078590999332945,0.1737380314949042,1.4639001938490543,0.7251998062410365,0.0664168809532818,0.1619797454779941,0.5348677371473428,0.44349598822933,0.29329035100951306,0.005997397098790325,0.39039695818913644,0.1579959536142126,1.0956908100637586,0.41085013153058303,5.454093996770577,0.2899199607726033,0.49298729738556046,0.4114089252975113,0.4373794790188331,0.8218967602389053,0.9345576968572114,0.09849522771426011,1.8883567230124259,0.05448890198269041,0.06235116637851368,0.6766083417683175,0.39984493243739916,0.2745110392576009,2.5722417772024175,0.5785903425998464,0.29587825090022823,0.3398330903396056,0.12726976439374083,0.46048639885171117,0.009892818627440292,0.28844094026067246,0.04136515739623903,0.9298173711058397,0.2924587433887402,0.561653970226704,0.1061831961975761,0.02427307328307471,0.08507989542731287,0.734325981117264,2.6500784221120863,1.2699859817211792,2.1008868542270536,0.0931861643239964,2.1633377818300854,1.226480509460047,0.06365617072777985,0.016066645972414584,0.6873693957477622,1.3753606099237135,0.22012235868290908,0.2523608362277263,0.01776893943691471,0.3353410704252555,0.2379978370666782,1.2464047238771974,0.20506951720076128,0.11911898259210663,0.16907661992233258,5.333857589355281,1.9752792870480567,0.02068562125235962,4.184357263054973,0.09922706752840416,0.9436371029486099,0.09591687967837714,0.9492852684225097,4.24087557162532,0.4909616891857116,0.27814027951685194,0.04659844305597627,2.7993676649987838,0.07263838034648007,0.17567009733259398,5.564652588092413,0.3167019517304205,0.15732246394593563,0.503477362358276,0.304915218704811,2.4179063540049115,0.0897695666405749,0.11660241875868782,0.17847300653016518,0.11301831376146065,0.6731638142511234,0.5340590496995017,3.4387580045415476,0.4684589998289066,0.966189489191192,10.23643426283478,0.10898847764270969,0.26493914742707103,0.040428532233793835,2.101810022562482,1.9129134068657114,0.2235091992114624,2.8975617123034727,0.08940451452942977,0.36785700075468775,0.15823364496374426,0.09911514776930108,0.3306558570634017,0.1613311100520609,0.3958581716793599,0.22639942419059134,0.17352038697484462,0.32384475826413084,0.8345288488602209,0.026410811414560476,0.27584393501143745,1.1350515865167141,1.8279716077725991,5.3023053657525585,0.087861748231296,0.23257155706939758,0.16102743437915246,2.8337160952379565,0.4762937251309576,0.15568420875724076,4.807731536518972,0.7642965802524646,0.014033148502570647,3.281713660641873,0.10646489345668697,2.7560408219807253,0.5968106400964368,3.996274256143357,0.582666167816098,0.2407017606726366,0.1093830943321068,0.6031970090660026,0.06353793639907579,1.5246010617491415,0.3809514159516237,0.037210489829776705,0.3182931515965066,0.18944464533862604,2.1806529341026994,0.23911632130757488,0.18645528050079307,2.279836172359256,0.432040940453688,0.3602818517635118,0.3964568747748336,0.5010790408296519,0.16291188508317722,0.37362923647394863,0.3649318220993978,1.7772379876494941,0.13378170520928023,1.450291956863106,0.16658555440005363,0.32039110279066096,6.342604761085448,0.058126603446871705,0.2303467853886696,0.41666694542737925,4.622767254959619,0.4238241821184727,3.8726464991110996,0.2993484864898561,0.12591204035576986,0.15068195281335017,2.481010669269065,0.15027461795398045,7.324405551670137,1.132833068685812,0.1253279859922074,0.26640225487187497,0.0984210714290632,3.7096541308284587,0.28118615337565256,0.664526482236699,0.7380424394161285,0.10559337759534948,0.22680467674140736,0.14739151054559052,1.8099920429320475,2.7487582528057626,2.522190427664012,0.2164491506497912,5.487554383846238,0.34043337763026926,0.30162955463164165,2.1368062279859275,0.4450974291725438,0.00913790847268836,0.9618818065598691,0.061884015646381574,3.9025398968617235,1.8149819591505194,0.5281743725782124,0.7993147893858707,1.855481449113992,1.5174028211419337,2.459145325446417,0.19083533821352905,0.05083181453741714,2.310064394001632,0.19030169344901982,4.669098401640639,0.30658677852535243,0.3037045670924623,0.08088429528036656,7.2462756157935475,0.48200309666024954,0.16043190098628002,0.3119278187401673,1.8204398246484779,0.40608661170705895,0.14651107519422712,0.10442531842822866,0.474913174978856,3.0659146110245175,0.33601644025777766,0.32822745242957607,0.7049995938031088,0.31308056667642825,0.43786557867837317,0.04388835191109841,0.548758175528717,0.8549642694982575,5.458730515812187,0.11836023446923827,0.5428388683584111,0.21048596742631154,0.31432924397227335,1.4317270313159414,0.18374768080150838,0.3973292273850123,0.3072972633227167,0.0504139636876193,0.9168410003658334,1.5070430567523427,2.177255772498386,5.807250873749652,8.201141085805506,0.484508310050092,1.1760915325687111,1.1225072989546792,1.10268126514576,0.16403163652078145,0.046053465286634676,1.3149415230899777,0.6485215888906564,0.1934377127708613,0.15682141402272398,0.1587723336495106,0.047710450718341235,0.21957537576266173,0.4548546643821938,1.4082409815446901,0.2107910255418446,0.24256212050707227,0.4704613642568918,0.06883496795003197,2.562612695200537,0.34174589795443566,1.7437239006286434,6.6808204198545535,0.19735041248889473,0.24791743680140144,0.08148822179581083,0.026717499769652875,0.5959273220435287,0.5081122299240304,0.10246394910310597,1.2767510747015767,1.3569991386922549,0.5862562554354467,1.2108073714878769,0.10760193497701365,0.4058718343723171,0.402430648558294,0.4535024893520152,0.3288671136792809,0.054954359772567685,0.27357293828835116,0.6426773525055454,1.0014773020831456,4.671518101598611,0.06488069306024169,0.22870288913874903,3.333678505994217,1.6445363184322124,0.660313518097382,1.7576537561001004,4.553515171432451,0.7870686941967096,1.9473589447376192,4.153070258712052,0.6558643003692222,0.08817062708347789,0.0857140982891651,0.23286609481725318,0.6813113216858575,0.1090378114046403,0.15352615170584932,0.9538660910104002,1.9917505673799605,0.03363602219904793,1.502422397614985,0.05214825682053714,0.08113503826067969,0.6427932056855208,4.378164418745609,2.713936265198898,0.2512085752433051,3.4717409550314855,0.45684172624381736,2.872021704806665,3.3015025403267266,0.10831109162072661,0.5966124043577596,0.09540863092869589,2.6806243789285373,1.779040761022598,0.03241986160065746,1.1293904714614302,0.49540193069027083,5.827012290366159,0.17828957441887017,0.11172061131086108,0.1676323207333592,0.5228620165160329,0.8942405656507448,0.779334798297036,0.5409767722724019,0.3687767071803476,1.8679365172436317,0.35187272641694367,0.364936294986159,7.315813931730287,3.8475457715995693,0.31746472004047543,1.2845119675849883,0.4172836242727269,4.178759925474365,9.931198754458263,5.971277213432339,0.2663597325147733,0.10200474101488854,0.6252617813039976,0.1599772156271655,0.09026482601255337,0.08237514544202362,0.44773001944192414,1.9654650353407774,0.07813784893229636,1.0845744197532188,6.23580036467867,0.20529546697643597,0.10888866768414551,11.739573262350827,1.3772483068305859,0.012540597373169371,1.5797598134353676,0.6912195667425165,0.1922000448211425,0.28647028047527145,3.1201678503990276,0.0961787720902737,0.19888922973696466,0.18101595820692218,3.978654541494752,0.6755506074598068,0.32066805784839403,0.6956868873269392,0.18995824781475612,0.9317361171314396,0.3875971202795321,1.7875251253376994,6.8297351083519615,0.05104752873624263,0.6136675688115374,0.3556695416972335,0.30685810066052444,0.2764207201731623,0.1306778562208808,0.5576950207876221,0.5304501825200918,0.7509952867141689,0.6510313024620247,5.253464358785806,0.6404002160411861,0.1879903954518718,0.8411431696381932,0.33142895443575116,1.8993492755602723,0.5991547885003194,0.7090787853522826,2.28821679211251,0.4657400287197002,0.017978509932381925,1.1772875751258027,0.7258524330583054,1.0842489283716574,0.20693937967561604,1.5131327713687568,0.775381378691629,0.5170172978409364,0.21434056420733327,0.08024317791661328,0.5567154927468232,2.0281478659588723,0.7878011847267108,0.8418929924748304,0.2176275913929937,3.9509006673504556,0.17838195389936207,0.22514185186546154,0.17472519628642136,0.2873896780191445,0.25082141381591105,1.4959266029814764,0.0883426968969605,0.0512879257348009,0.214181114541522,0.35351606736373964,0.33202068038257604,1.0756676725939132,1.3830940519440729,6.982420008813124,1.8936849945768088,0.171823123582024,0.012222251896168768,0.3292201388694951,0.053803957198967245,0.09115059313783402,0.5881831199397709,1.6056816212305116,0.5379571168598214,0.17342290378565295,0.24067699064622827,2.7929861897529364,0.06261168215869972,0.27595288507419413,1.5555798659723306,0.12513464894067194,0.30355571049200414,4.159396526754831,0.08279899528774859,4.700246425902018,0.7018246500905843,1.5690510891375513,5.1833191667727805,0.1649761406644803,2.0575120750968003,0.1754211133521153,0.14451334859316223,0.1524375645174756,4.033225516130404,0.33451896724860486,0.353684113170174,0.2905749369485422,0.5931853647919612,0.6702518311976036,1.075935425408408,0.023099925004828936,0.016660601375003248,0.8038345118044117,0.41506225608250613,1.4358361502156771,0.21665430685523468,0.14626560403338829,0.180209181069936,0.7854909323166248,3.9885168729864886,1.502395215910476,4.906291126853123,1.7909489078017216,0.09554417198118714,3.1026205629104426,0.7797599863064644,1.1884504891978,0.17323200191764387,0.33708392357199135,0.9812388510388184,2.439812845321244,0.3756273252071175,1.142494782666664,0.7216294899630733,0.21834726563469964,0.3178618681697447,15.464407081860456,6.2534829977498525,0.40262489711687355,2.7127818041047798,1.8419471569843906,0.09653638140579535,5.120004733000377,3.751892692942533,0.11598626790884892,0.5570474016647231,0.3702868471366332,0.4760138219969008,0.8909357823477055,0.5571939487801706,0.16244760611087017,0.346630167089784,4.867579916020565,0.3736533988444194,0.13372379303851212,0.22430425030045464,0.3203842112725601,2.0501862353733515,1.594061844529865,3.476971911682842,0.13796388321419473,0.6681940273529192,0.06233933327027508,0.34949967532398274,1.580047743031411,0.03965909797369349,0.35379989803451406,0.44339816070913085,1.307680802089783,2.5796467947849293,0.6903561685810453,3.6559424524911703,0.2596581461722032,2.55833094598738,0.19582018894602937,0.21855888677081547,0.36930495959732346,0.6298510502248906,0.07725172226266164,0.5047666301076421,0.13356145401948805,0.6842468692093094,0.2063350398194821,1.6251496421019223,0.10873201433670499,4.940192679468,0.21970680685083188,1.4677408106055703,0.08188839917737467,1.39167209976975,0.0827259628890562,2.6193280427016656,0.40400962862755363,1.8197696374541463,0.42813388289883836,0.27814253705919323,0.3189904509735735,0.42722051254664795,6.380329484995894,3.0406999173977383,2.6613440583045413,1.4644322426774021,4.727618747327449,0.22000222787650703,2.9176133114781106,1.2066086051631082,0.17551403088425777,1.4980694180077934,1.4637229080812668,0.02667153473707362,5.239460607389557,0.2887920569546871,0.04345654187834691,0.8258643599725835,1.102396405994571,0.18340631796580564,0.28590055748963117,1.1495686145660198,0.6133385085947551,1.9332317775438104,0.10131595190157583,3.5413925001092235,0.6899816417721771,0.5554205585916625,0.16261071818208528,3.5055500676541946,0.2006745196434947,0.28503875798419065,0.18138197787036647,11.967972424952883,0.9774221634213291,0.27722500956732565,0.1736614073446514,0.4852533892348383,3.251787094334932,0.23106314646128312,0.2892700341747916,0.2297757434909249,0.5917125436063193,0.10933382615375797,1.324324032654915,0.32707769979570056,0.15679898499332,11.289673137752255,0.24875353552718193,0.6404914025542683,0.04726500094874475,0.0031654188440972675,0.4759214526922243,0.517491700065188,0.20445567230003459,1.4258920048703363,2.3980982083543405,0.9690932650658439,6.286329727329831,2.6958685289204496,0.9700657879777248,2.4852489929625676,1.705866597529889,2.6845618301946805,0.7728389174511536,0.06372385805874226,0.44917061705375216,0.08504809018136461,0.33787303359421994,0.38097520977693566,0.06174065296034459,0.3675156836404925,0.9515617240818024,0.50049023875453,0.1280559454358432,5.969604908932774,0.16288795541201084,0.8780513836794706,0.5879842521670651,2.995392964989078,1.5465631480899926,0.35176112038308016,0.2727775177382663,2.742589087331881,5.173793918096971,1.19718635690495,0.5497094157098035,4.257887567657664,1.0896862327120618,0.47562920000529174,0.02416163184934117,0.1119070503497332,0.6360653493604049,0.14667806519635995,1.2577022192553997,2.1857568687348747,5.002062212237892,0.30697162740680106,0.6472518954274133,0.3768159947282177,0.17081493105792678,3.1710367117033567,0.3714627660493184,0.17492574988033027,0.834565435735568,0.27983603292013015,4.799011276928702,0.07291190874974518,2.0816395987183935,0.1278565986979866,0.3307968313275067,0.23259903752507327,0.7891874440777196,1.1931051628117832,0.4010846596840003,4.22257235117782,0.2605153851934632,3.038673529252313,0.16292732280894917,0.29548520430051317,0.07561003770330377,0.17358479130467552,0.30654310904388726,0.0378152379268506,0.44828835798309363,1.9736126900910835,0.2720363751850243,0.4388373369100771,0.3196853740485224,0.19017161773523705,0.042394148772618934,1.8484085047369843,1.2205083333464704,10.179038409885676,0.22454756802241782,0.8913481510430941,0.13102046508727216,0.20545485193270174,0.2547198580513965,1.3381338645129803,0.25275841187366144,0.05012314983768995,1.1524818820576326,0.24399527671030885,4.156979211555067,0.4096718892767828,0.12068237408585158,0.2009869988718136,4.5882207025958115,0.10544614937822239,2.600478644123175,0.18349489306665978,0.8391700864341383,0.06213511108904601,0.8272392058095543,3.6567284378754623,0.10344362628598569,3.5972120994385532,6.7089095307044815,4.396112877070014,0.4425094297892498,0.46259311445199547,0.31076098090457727,0.2029235112898804,3.700535963783216,0.4317715364192902,0.15927306718847767,0.10877011846244855,4.85266878102316,0.3292382356341985,0.5718079911312641,0.18437078140020668,0.764396308436162,6.139229893190636,0.23908774831796054,0.5498984510253844,0.7538159951941759,5.181696559436876,0.844449682129272,0.22184384480163066,1.2075763880069155,1.6372925488684675,0.8055650623005111,0.28355738119548146,0.2782704120228736,2.4075262590179025,2.2998712436916717,0.015737523775153583,1.560022996833823,0.5663671286695626,0.7263984635332825,0.370718279936022,0.06534846514235848,0.9755131429254853,0.43687737120898706,0.3990970614663276,1.2164804410027514,4.552081917009255,0.9773287697937145,2.375957569472907,0.9454712612166727,0.2515443626993654,2.506137480932548,0.5690866337530922,12.23991159600983,0.8187884156013725,3.0711131287008584,0.02430440783914234,0.5808766055253969,0.46246647478763236,3.99766107073175,0.04103238329581771,1.668008221895665,0.10827370596449093,0.5596420977526013,0.024872273151145707,0.20320015787060863,0.33789374830763874,1.8242846230980545,4.990562333853551,0.6945838022051066,1.668535094819143,1.0582202961340146,0.14539742012313628,8.503011558914231,0.09720699698510171,3.2411805500184236,0.13439435914983733,0.17092653089963505,0.8253170561950307,1.5052305935796957,0.25376976754111435,0.25797836966327736,0.3388874580913246,1.5690521683689425,5.702164556025659,0.017397562455925386,0.1686066674333896,4.893601793434081,3.533426032370766,1.8369624708236851,0.4071729735442271,9.259006459690786,2.7296887015925364,3.498470918446449,0.17109128230625803,0.24898878102048771,0.4701709326105714,0.0658264779837836,0.08603925933268819,0.6407656131965991,0.12441097293845615,0.2658993606161948,2.253868009781371,0.35774457321511854,0.03882150056201006,0.013204756009419949,0.8848657352582991,0.1230197207364081,0.14000613748832436,1.9958866951173628,0.9735056261200414,2.7949628841836556,7.875044465575808,0.0293509639587457,0.40721338176777877,1.175066705830715,0.15413171864981745,0.12871998148856623,0.1469470878583925,5.037345551309027,0.24972067645145057,0.6684641160299725,0.6422926200281518,0.029779771048157766,1.0058397547612654,1.3841232206364023,0.30689322108043715,3.2423388312296435,7.949984544224479,8.012696982064533,2.1353460780768514,0.07036571215434861,1.7671368846332318,0.010436556256070206,0.1377871950685048,3.1146456804004625,0.0656481498274668,0.3239987838745557,0.23129882074922703,0.09719711504143236,0.18660001102151957,0.8085101711115668,2.0551872650441765,0.14017996298593527,0.2043620118520768,0.6575964550930977,0.9398748601967228,0.08799046255217435,0.01615334264659185,0.15660075653870975,1.3131256375831333,0.0810752383074349,0.41483138767402217,0.2452464946150963,1.971773361525293,0.334826746848095,1.4778674900141215,1.5660433975080053,0.13570419791298494,0.5850697208028262,0.29858992773685733,0.03246406948102809,0.20193798873329927,0.32348448232946403,0.17890672286035025,4.77764091186232,0.2613418275349373,0.47841074149713436,0.059691198218202235,3.125709026720701,0.3870184224514279,0.7978016508608876,0.9202148498191165,0.250612102313168,0.4660863385158165,0.5868033892848663,0.3282360486655006,1.1512927398752604,1.4850216729159378,0.0896902467728955,0.38620198100922287,0.9222359305773594,0.2950482454208193,1.9698971296615415,0.17954659328733324,0.5139149570689263,0.06780021344049736,0.01364655033040485,8.637636821989224,3.803727914569722,1.0289815207018798,10.254880549010117,1.110171195936402,0.0883789419299763,2.443964906221074,0.5045028004526606,0.7053052218937346,0.08685214190632573,0.3743874464479262,1.5452374154034618,0.49756958145060204,0.12071511837758742,1.286372324637414,0.11424338278035706,3.931009795314149,2.6609277877199036,1.0703571051439353,0.17791989649558504,0.23356298386155006,10.178442064265735,0.14633600854625595,0.2777664204661813,1.5136494939007576,4.917507370811567,0.5097535291419599,2.044632164117879,0.15143268854079706,4.987703155112602,1.6731301620606391,0.043233106670655275,0.46075229981051213,0.277711801573171,0.3834993583719033,0.15248864026585673,0.05819211765363019,0.24431647307231685,0.09773892522941852,4.143235882485868,0.5628976261508685,0.23673476107270863,0.4624919178172393,0.3742329294266782,0.6629979046051078,0.2246669770677725,0.5055763788022323,0.6891772971719754,3.938646970711435,6.764178929030136,3.8588002314305445,0.11354675391291469,0.14722502675738003,0.3723293137201624,3.193782766390621,0.34043932190169524,0.14197747962923568,0.5817078987926358,0.6275641364045752,1.7373216362557993,0.39891994886848425,1.4796161144299105,6.597806415060555,5.416197053677562,0.18315136456168535,0.7732579553721173,0.48214859208165883,1.3997242037897921,8.755919937077987,1.0087907253668016,1.7947961282815417,4.961978446202508,0.165080582426133,9.809700473331006,1.9477559168292782,0.0763132496875496,3.416471001700144,0.3237474797810558,1.9211428374098167,1.3124123483630186,0.10881656063460032,0.08574265106974233,0.06156918821998736,0.11832599065922711,0.25539552293966894,0.45611917298389226,0.10586204600229365,0.19895928341478353,1.024940216874384,0.37432907862829357,0.013316755287291926,0.230819472040793,1.6085470083127644,0.9568240699223771,0.02181877343341221,0.4945196515566286,8.225232858418074,5.970614505189408,0.2201921083503544,1.6452454626469393,6.124920947478317,0.3501788393830152,6.51281129718161,1.4357589953846628,0.257257128919808,5.775062835329816,0.8082249294208614,16.33448370994333,0.17645510649510388,3.172999783393565,0.7473651131315846,0.9609664184188813,2.48271524287257,0.585443822533998,0.4842781637180442,1.618180442710183,6.471827037481127,0.1625860284500249,0.18861426515739765,0.17886527246877426,0.29728926173123416,0.2797627111623241,0.5446000149534069,0.05870048423869911,1.0989822280661423,2.701889208028788,0.560168557254757,0.08006023557892439,1.0721038312519537,1.3771390222841022,0.397621487078781,0.27770591247268106,0.09572928671392289,1.2467583242789742,0.2596472896207911,0.1445810986168663,0.4371027552923161,3.4730558085905914,0.0941002185715627,0.3940414421886438,0.4341331352971558,5.198017214429548,0.365916912616177,0.009018799486504747,4.063126979625066,0.051513835828222776,0.3970310529226646,3.9041475473290523,0.9280910169992992,1.6747157485816113,4.618476255409334,6.585347755987984,1.2119888995835169,0.165737393541892,0.2713830618754871,0.47200001851952056,0.9876246576543353,0.13776273709951026,0.19779876406774366,0.12829980541405472,4.0458241636861345,0.3172011430762547,0.17222689174399175,2.6962079190889425,0.18620551217270243,0.4676147758574076,0.4278493398313139,4.172938989790263,1.265875378009913,0.408328887967655,1.1151018781863444,2.6415531623473703,0.04759108756166519,0.7681155233489241,4.2976862855877265,0.4254016999672121,0.29842563665561084,1.583178637508765,2.4624631645328003,0.27841856999544834,1.3649012259539202,0.026153647050817685,3.6441028693754376,5.089921206254376,3.819983503906304,0.13833848609244193,0.5489550854780152,2.1470985858373606,1.9970360376911844,0.2591681153724834,0.17674252127161139,2.4882333210800898,0.5384154966771311,0.6342394277642764,1.2013186181038993,2.785813454950551,4.472863925577089,8.875680780283624,0.1236992742307117,5.792516502252232,0.33307416070567175,2.6258824139979815,2.223809893624248,0.1591182733707468,6.380430587855685,4.2760718098815955,0.4457885995282682,1.780996534335046,3.701543089991116,0.09338973440186793,0.21711480125923277,1.0490614246367134,0.9493636458566175,0.02533012805831092,0.08589974882445373,5.042782440318697,1.5569628998649765,0.03538915117862462,1.7604592702812243,0.7404112449136357,0.3119167982844546,0.43693836204951797,0.26942953848398743,7.4102240707344835,0.20727189041293115,0.1904708900254125,1.7510962159193744,0.10558394446955655,1.322636386688548,0.19006805937237337,0.536899204735745,1.978368360766273,0.2529829419153309,0.16405800936723258,1.9566237695599014,0.1308322579603467,0.7395958765824586,0.39723360183490275,0.11361810014490259,0.5684232747849016,6.03346867188101,0.6660668258598728,0.5991823681356649,0.21610305701461519,0.761622872995487,0.6732454983999421,0.12926094548201994,1.8428133836789051,1.3065862048494663,0.16029608268882267,0.06873875035918653,1.5691382091582078,0.599220359581901,1.7042971586719626,3.1201951611584606,0.9301415952426622,0.06588847415005428,0.5088032478874934,0.05575400817438325,0.17530025364921276,0.24935079750412292,0.12844460665714763,0.7047150658948145,0.07909782647225994,1.0370771457033725,0.49169566732805414,0.1735990388517754,0.36811049244926775,0.23508760012651053,1.8933459803513228,0.2404626958156878,0.2522391847206551,9.928880412197495,0.04788699353577097,0.21217297969465143,0.04517589983221337,2.7735677720574,0.3674259342540227,4.825799588625356,2.359180361461899,0.7733442279144498,0.04565753627466196,4.261605583292852,1.2544906661435986,3.550605759711257,0.31331882107484077,0.7880577057778753,0.15388220548864062,0.18138537363631602,0.3521052964973592,0.6007906067975606,0.8146195285226279,0.4415053896409412,0.48421442477930243,0.2104807653449834,1.733134169445187,3.6720904098904823,0.5121902425722491,0.023919327135644763,3.4467636213069244,0.13837042194439075,0.08011143815559407,4.0354482404006164,0.15052874237667058,0.16240787054158257,0.1674409898861713,2.725984773900343,0.1446761617438309,0.19384035577580838,3.1076236109578437,0.07579451224393474,0.28660425212362706,0.8355103412664044,0.21828514797443965,0.38245730204239203,0.049590382130646926,3.1855329527671596,0.28639215066226686,1.1857147239345898,1.1211968357548856,2.7250329837594798,0.17566316008338445,0.09093774695467438,0.40610989857243185,0.2437230405842965,1.1218073907316897,0.4355904801144268,0.04900567020163682,0.33420364784476986,0.22467544041936027,2.7652179054648616,1.76204155807378,2.013737674336541,0.22572075718559415,0.28287427250642194,0.8286915970741018,1.9322442367512909,1.1269601099036808,1.5986053200114254,0.6221050549641565,0.32449446518444125,0.24683684658600313,0.022144795016986185,1.4106181866926555,0.3081025876356742,4.733102045391507,0.16093160095709447,1.7482976362236204,7.200448544573479,0.04858055114523929,1.475063922015832,2.184118469108808,0.40161483465354886,0.26362914558326445,0.6405608485801406,0.17069174331389814,0.1020514883137249,1.9502163059355362,2.8462140897049117,0.1442462265887502,6.575417295948848,0.03090033535759762,0.19104025089631094,0.5859238218669822,0.41942585464669024,0.22602708270260508,0.21832795448051345,5.802686657470263,3.586766137378907,0.3224074775904979,0.3015669440169111,13.11682182524423,0.4394851420664323,0.6991161827988792,2.0951074822611915,7.614034070026031,0.20696695517105468,0.055148333518374226,0.31051173368819995,0.7628929596291207,5.209704942817843,0.702972692803113,0.656909920885326,0.1204293440600166,7.297764294496556,0.060704196776236063,6.771902010397754,2.7763606847422233,0.3256579226873204,0.19192413221975269,0.8178418179142408,0.6098116890521785,1.0273374837738003,0.21491294543175998,0.11184213317635683,2.8932653902098995,0.04691745237399081,1.6910777906607768,0.19377006655863838,0.05747428253127618,4.073453385468252,0.44698556217668184,1.2510652635334245,0.27883398642718227,0.11262610015161378,0.08555933097549673,1.6685423632181235,1.3620382435884406,0.1803217282983436,0.46480727063211447,0.021458323796201384,0.8480589180463193,0.001921321211701077,0.30744894522352517,1.1301309828816386,0.7570235832810455,0.09637701142564215,0.2702294743894744,0.9691176120412974,0.0076602092522422005,0.6775888760326039,0.054633343333876594,0.04772662804150407,0.011889063968957725,0.1342370209360393,0.3131193235418497,0.4923099110652305,1.6128379711263703,0.8314643557569461,5.2544565438633715,0.20498935093438309,0.9250053531605573,0.43886493018994965,5.209484927141485,3.4679237864043198,0.3734283040038422,8.87245600431061,0.21292267716170898,0.5030633116223371,0.23023264919812014,5.548528294340581,1.3607949447979788,1.2872577371653344,0.03420829654277491,6.01055511933406,0.177368392174182,0.07581066414421089,0.010601105516641063,0.028123173721295025,0.1362528042626195,0.05902479424289542,0.4507086899368624,0.8154949569995704,3.1640930532388305,0.35920117681278185,0.5602185689474848,0.04489348223404832,0.16340115821293466,9.095279788165184,0.13915411828515822,0.0764286189540786,0.31015050889570195,0.32218404642692056,0.48909450695069223,0.453049999029585,0.5050860583485546,1.5896069315284458,0.1117103489483171,0.18465424438817035,0.10070209246462536,0.6744765278156315,0.19354683199023803,0.4815609281310831,0.8930303837565208,0.753881772358735,3.2290876548374596,0.03848652863056046,0.23139619885187335,1.1683003975645807,5.00717123826178,0.6400957910389327,0.040201625953008246,0.1016838104260529,0.11182763513610716,0.041712972568377804,0.7451790150057893,0.14239658956138745,0.18858190313638,1.214243980336382,0.03665301939355525,0.10449759242891687,0.06624730293060543,0.3428502570108698,2.8458562490417028,1.4409010152652466,0.8821444602562645,2.4328556729811304,1.8541900869046857,6.859781742454983,5.258456969414141,0.1187293831011198,0.5719361059462056,0.26755799192143037,0.028775100682932764,0.10687264129050522,0.2991130464465621,0.08487386716271,1.5131137676186794,0.17677137968726164,0.17367952785318064,1.225410842657853,0.7839763485339,4.254550619189229,0.3278095475984415,0.4136669257806196,0.41337984146559426,3.922761856411097,0.09181139377085934,0.1793904382849738,0.20341374794787237,0.19984136946341557,3.1627111322234063,4.646588381034048,0.5681720388467264,3.2861930870766907,0.5789705985782536,0.915586102481303,2.2829260202734565,1.4955433593113192,0.011655938392417298,0.3163367366730907,0.012772763570696455,0.5105232517618148,0.9250697863731228,0.06439632346589108,1.9376977173025987,0.3710956695873917,0.27686528328590976,0.22324967518469396,0.9315883767882154,4.142516637412948,0.5502592206095291,0.7628378764526484,0.015802294732535804,0.1389144322123128,0.11944046874643677,0.26927198642395833,1.9157363031084804,1.9404396143142413,4.6913211282862255,2.6012918358216472,0.10196911299131517,0.034397432016317175,0.3481260691742625,0.13490284337352842,2.8110900687903095,0.36615540764640464,4.580729714036639,0.07559100556303966,0.6124462416256167,0.1971052518500338,0.24895472851045852,0.2792033140525043,0.21907879036896327,0.9141874619899806,0.6037301204405914,1.4903574607215773,0.1771731359786266,0.0562485730621054,11.718236718276879,0.10289929110234608,0.4271186585299338,1.248491312064389,0.7295173529902146,0.47934068594525936,16.798970055594943,0.18475000934455732,0.8156737654351652,0.19727535058264523,0.2001313349290612,0.43324144871342046,0.2783567169994,0.7680299899889675,0.11396634158432661,1.6859327888826385,0.41522429725594256,2.94761030945009,1.7472522431079585,0.22885067849485674,0.12472209011394397,0.49195652901978937,0.4466387408390853,0.04669187107440531,0.23914481205240534,2.1407369884717555,4.54675249580644,0.08286298051929575,1.4023962861895818,2.162613584788194,0.22870944879931354,2.3093826851307537,0.6814755759422129,0.6709240652433992,0.9822203192315904,0.11582826304765881,0.049401015427927186,0.13646010980315637,2.368670592368285,4.000612652584675,0.7755827960464492,0.7864015091632508,0.23893986643184362,2.832208155266958,0.2660013845332987,0.3784583411283644,8.552812748240743,0.15733292578081826,1.3541918265449122,0.8171795866987774,0.28931418358072136,1.2509084691290253,0.1908271729006934,0.8024972544325459,2.150866937226569,3.9954522440134315,0.04836252635252625,0.6672236238470417,0.27200763347574464,0.5539747690061576,1.587262413896144,0.2702925531772231,0.15568816526643348,0.11189538284255818,0.5305795081310878,1.708235036667289,0.0628373969924968,3.855883869529094,3.1810377809837775,0.23509290760113855,2.0461275597925805,2.386999026785846,0.5543846667430286,1.420668623807109,0.04082662293690065,0.2531979243007618,2.9124505855653853,0.009516458179729348,3.0084290128716904,0.12410291982705068,0.13151323636740492,2.4310269933597706,0.16587345015440147,1.507779134900824,0.8523241413663101,0.401572585311434,5.867132794729889,1.3824071772831454,1.5794189284555658,0.49610420289949264,0.35033284738852233,0.07151719040577387,0.6705400963595816,4.107797056364709,1.8855517219921176,2.357231246573623,0.8634830250560572,0.34862012796874,0.4580137879392616,0.22707686895286772,0.22987428299906076,0.0862546633935466,7.843512845370555,0.2280174084520279,0.36037010499586175,0.48107325274594315,3.0029159666864835,0.4669323372719245,0.25495174692648703,2.7850597794034186,4.2178556735762855,5.3527639499689625,0.11435826089476175,1.1891657613497142,0.07136723663795408,1.877382994662792,0.14578843836275412,1.2679535524283274,0.7232576484788389,0.029065967737603282,0.8281294967931814,1.1110908317938164,0.007379459979359071,0.08422418095456852,0.043436145840578755,0.15814624795504795,0.2749237532371085,0.200039162097029,0.17106284493145374,0.010484606272692876,2.0680687247663783,0.2484570821056522,0.6134109324360457,1.2745308425450463,5.071186305650821,8.510706046562863,0.27760376572203604,1.090013898976978,0.7385942074343426,0.5864851997591503,2.719136317861901,4.841760297088037,0.0496226556473478,0.4047675775697155,0.1562156923649991,0.5017020275554291,0.2518578510422329,2.982249358522325,0.12268230198112229,1.4760530028247294,0.10450930085612464,0.45932022579331555,0.6900448518781692,4.962553624977078,0.1640834409569265,0.20007218773520252,2.0249992312093337,0.356814483977252,1.6221570589036838,0.1294806931701742,0.5301570281359234,0.13401745668722675,1.0085704308806918,0.16011487898498977,6.624894979602179,0.3473304110560824,0.45621165534022623,0.0532344096430446,0.4223432863938751,0.16355356852686898,0.3688904682432934,0.9935468330392088,1.1926077466579654,0.1371353025411508,6.271013760119801,1.3731657460337585,4.918184936278207,1.6394100338536846,0.020235836165429788,2.7468426293827832,3.618040236716974,0.6497382694575524,1.980110551094552,0.42211575984163874,0.05405304732792282,0.2073122455006633,0.5605985178658557,0.22196781635251472,0.2974325527614399,0.6691014824595407,2.101159669407336,0.464602135411911,1.8028676942528745,0.3904779359247752,0.12153036020901542,0.7620986405719457,0.3613593215754414,0.02756449656166937,0.09868907043294861,7.676541072489833,0.35333504289968753,0.6809585790555683,0.30039558357513707,0.15634802624076377,0.6328952196463145,3.1285799842339546,2.991331604897473,0.07775577003186318,1.3210645462781543,0.7519594304569268,1.3118146775094939,0.3380154160791964,0.3561795384085693,0.35361488583426226,0.4192168651966002,1.0085907473301905,0.3298341438130121,1.405467530740717,0.8973094583925496,1.553088369099139,0.28686642764919323,2.9111519146587286,0.4350176264294876,8.981411394499794,0.8702177410473508,0.4155735321748615,0.018417097850287778,5.25839082207883,0.1363862151146652,2.8193636986373045,4.2985715841256535,4.996095776048341,3.425359664471115,2.5580497984921555,0.26360623858677235,0.1599636146499659,4.224986413312974,0.6455671958900493,0.08073971247337597,0.4281218062370209,8.35477942517834,0.21480610762592545,0.652639401592638,0.632957494140097,0.4714195179571141,1.0943436217428448,4.392955593102836,0.4494189965263691,5.629724082036709,0.19546252551391397,0.17615913367517977,0.09896895389579541,0.15717432704962375,0.7667560451751081,9.720285743947997,0.01151348256085305,0.0477710861412447,0.43246415320648524,0.30262818208906794,3.6319540904977625,1.446918667936485,5.229593835936312,5.585082999495416,3.2790187627090743,0.17690581192829669,2.468147732484268,0.00958046653796707,1.2392695145823964,1.3036847438118584,4.143767505392212,0.9786204870428766,0.7589822356211331,1.5082024197131658,1.5342206671623988,2.6691348283223757,0.25720689979373956,4.568641388945358,3.231142522458689,0.28328170456595103,2.726838848593991,0.058885273506700475,0.4660999726745185,0.09135053359222112,7.414658097644346,0.43841153365730223,0.0042237482464391185,0.3339405181101762,0.6559528741256919,0.40098775527675623,0.7049604052965837,0.32077027837896877,0.24602143134533172,1.3825518918054698,3.6971471980321944,0.47530209692664993,0.1592100374919676,1.5789835003981483,1.343873606029737,5.338252954262218,0.2696561723125157,0.3311211941699064,0.3203850158597956,0.6381462427406452,0.4572722940700906,9.695867383198895,0.07564351019100668,0.19826744595195223,0.5196499517522453,0.011099379226460204,5.778789942448016,0.08519406216479908,4.471331069592322,0.3278696840490092,1.2325344922189405,0.3199647103132559,2.970722150939925,0.5941520162649546,0.017426552133676942,1.1488839073660202,3.142815025279157,0.34389230629966105,0.2361974588158121,1.0366397236795226,0.595706610310875,5.167927508329908,1.5912135417531061,1.848503044374657,2.749601352330938,0.15321101073835042,0.09971124461877046,0.23295481076977342,0.08525877232546097,0.48792183931392685,1.1040149782563962,2.4437496416424596,0.4316791666359103,0.12379634985676624,1.5239457483306986,4.151297296968511,0.306554794767794,0.5397140602778663,3.264214226633176,0.820955498232897,0.12702324089474626,0.12389770496509933,0.13260970082816215,0.3623443809043858,0.20169952070624753,0.11964099056481103,1.8438163486873098,0.07291352306894128,0.3795625575068513,4.220857899724936,0.4287631357960673,3.0147979754722076,3.0459009690111207,1.7346325909359455,0.08886268553251586,0.23162047478596492,6.722499964311108,0.07063212988479406,4.844092082136514,6.816465561117363,0.04798830410668797,0.11163245436457814,2.773454164732043,12.841325876435576,0.4104483452355179,0.7561273680145857,0.08349765351813021,0.2222816516246917,0.11575424705993062,0.18632737149021317,0.811398953447112,0.29926449703326075,6.086787766825507,0.6580646945949309,1.0194885485949103,0.6333665338219114,0.43854171180279233,1.0423794407580695,0.4456085785909121,0.31371141024305693,5.270258451847382,6.943539194723871,0.40667093493190487,0.19692975397575774,0.6265360875710524,3.669037780905852,0.6040127481807129,4.966205513275389,0.038401825924263555,2.5373029859553284,3.405669493116411,0.117753954949249,0.1667610839093907,0.19045053357967534,1.1693800580965588,0.05542577219088152,0.11700057301064848,0.12414110119981592,1.7216250179449335,0.05126070141268224,0.231976870089162,0.25516904599785484,0.26254233236248314,0.1638737327870048,4.928583088363002,0.07362189934418595,2.6726853737322345,3.7818982852696985,0.6662467540469321,0.3686526178137175,0.33856740108467065,0.29244282452456494,1.0580002313881043,1.0102229447758688,0.4655158589115873,0.589235977628424,0.4058002060113455,0.13743084182270504,0.0020195977829622347,0.4254286822864064,0.3321096270241255,1.0099596455426252,1.105470323280147,1.0986518399339755,0.4186212769303781,0.9165046503425214,3.6789674168957855,0.25150727084243285,0.5539301269455013,0.7564324271475176,1.9689731164731654,0.3891981971516101,2.488087005677719,0.8085417727527,0.6495431451019344,2.6088963306873234,0.170910953544388,0.10184770677658328,0.8395010652923305,4.677044572011383,0.96124541782725,0.16961798206825107,0.3568346864844294,0.729978014753917,2.1159945334185566,0.10206825507468764,0.8167195000462085,0.48448272364495293,5.656806983728686,0.49541382632952446,0.6146697672664541,2.0259829914223735,0.36506435574056795,0.18326708264852787,0.0180865535192547,0.15508525875102275,0.2039188289753887,0.22552555564988097,4.714870145957704,0.5825282762610744,1.6218220794647324,1.049971856081459,0.3156837123736942,0.0991183387285881,3.737414854208606,0.1752990348579876,0.785841104573092,0.1871085832194197,0.17456120694016541,0.2958961446081607,0.834942643805463,1.822355062837477,2.2403634240177484,2.2736294562944916,0.048294639892078495,0.18619988026288026,0.2319149118984285,0.24747433973165478,2.7070275886885007,0.7966929865599472,1.381837147847306,4.7765909912826885,1.1207676311214576,0.3961602517652063,0.7671874669635956,0.43936487233284094,0.24275491386375814,2.127788422113829,0.2501084940860654,5.217597154030238,4.0539685640879055,0.07996750783677031,4.96435164795275,2.40282168282956,2.4455864354103714,3.352066735233133,5.846856029621177,0.5394873879044595,2.105309463951988,2.419077544407582,3.6256642579499,4.308818400632083,1.9485786459449577,0.0005487613132499902,0.3730136407168527,0.11084024523598446,0.11921540806508257,2.156927023964727,0.5399061383618116,0.9641537951852133,0.022045908881817122,0.259149785638928,0.11165453698773375,0.3712393285712675,3.331719112964616,0.2938392157305323,1.1349280702059734,0.15049862898884991,0.16054117055416128,0.5762371496586725,1.417296069986888,1.3919107108847633,1.014286577027181,0.10358831407524871,0.188593958102669,0.33573148395102237,1.2436080277500832,4.385299284544537,0.2637899128154648,0.17158864139954844,0.28071222782955685,0.8441347911889423,3.9366030207220697,1.5722638057668692,3.278939511791781,0.20035522312907572,0.20339576634088496,0.2728096523701291,0.6004193615647238,1.2862644680774613,0.13804796966321975,6.533623551130845,5.708998644376818,0.4605353146946429,1.2928869425703005,0.1320788302893181,0.4682913069517127,1.3393138057245793,3.711297347131745,0.2819394238782107,2.776862738984181,9.51551786565735,0.12120513428387092,0.09355629659488063,1.0742917369037404,0.31606909927122784,5.0791662738266785,6.119610531206754,0.036451225897855544,2.280917276358506,0.4858610600416511,0.21502156558170427,0.1958899242460852,0.28555731752151225,0.08596233145988186,2.599292129351713,0.553225331529156,0.2661805810815925,1.7123443453344358,3.2940107991672214,0.2926475169815481,0.368354950050654,0.42263007852607704,0.18882228869644857,0.7929660918949608,0.017406346199408063,0.9246592047897495,0.9328682397759445,0.12054852905666547,0.3054829913057002,0.4267285822427205,1.0095619594996559,0.04733930753513338,3.0341398082749733,0.03405487891583858,4.431811168821649,0.39539300791606724,0.10691483991646744,2.9969686868874468,0.7336748805910831,4.001020732863182,2.0721438051836247,0.2073258506125274,0.03216860838951696,0.9391684800425684,1.6855908004133928,5.134938851821514,3.159002877331645,0.23003129103858488,0.41404573664191546,1.8061110343413107,1.4011930171671252,2.798454497114391,1.3650659408205141,0.2709688880104158,0.8219072641955694,0.0020850827975942288,2.229880205087655,13.98211208579658,0.10221978230977591,2.7309858472725184,1.6659319927111327,2.7816301664133096,0.08044201622793334,0.6902296119865944,0.08974043636448492,0.09393348671595536,0.15425027575459704,0.1572800892138977,0.3624854761322346,1.8877180668943616,12.166277757630112,0.6809471372659486,0.2093577434646694,0.13105396488268584,5.933348770400579,4.75600887133025,0.01597698139849868,0.34020203716387654,0.21883777795356063,0.09474832715165604,0.19685778737513537,1.0991101822051856,0.20943074210327506,1.4243283921257124,0.15537571524637706,0.05847995249810767,0.3837461922380633,0.5413128609642883,0.10531792705742316,0.1608640883538115,2.9512102294722804,3.343564340235547,1.280422934371071,0.19358772022060333,1.355059101314066,0.10828796878994496,0.1346928326340362,0.16909340524526995,3.3338042409076682,0.8388302155086049,0.07307380226530302,0.15771636185240823,0.5133791338230416,0.4060930847495037,10.979784750667033,1.0979401951502328,3.9135774887019554,0.3944977489853776,2.129202930714906,0.7044190667059635,0.09918962525952812,0.6903549750467524,0.9547982817458225,0.09909520661935645,0.5806554336332204,0.8087479749505806,9.610250067609078,9.56577715585987,3.0368985423396073,0.24239044609390525,0.13041963400556922,3.6011299774558974,0.0600817344397937,2.9954210406015056
